,nav,cash,SH600718_P,SH600098_P,SH603328_P,SH600350_P,SZ000667_P,SH601127_P,SH600325_P,SH603658_P,SH601928_P,SH603883_P,SH600240_P,SH600614_P,SZ002477_P,SH600748_P,SZ002359_P,SZ000997_P,SZ300199_P,SH600478_P,SH600996_P,SZ002273_P,SH600687_P,SH600155_P,SH600166_P,SZ002690_P,SH603806_P,SZ002249_P,SH603000_P,SZ002867_P,SH601098_P,SH603877_P,SZ002280_P,SZ002176_P,SZ000021_P,SZ002681_P,SZ002056_P,SZ000636_P,SH601100_P,SZ002064_P,SZ002049_P,SH600515_P,SZ002465_P,SZ000158_P,SH603888_P,SZ002217_P,SH603517_P,SH603939_P,SH600161_P,SZ300357_P,SZ002901_P,SH600006_P,SZ300072_P,SZ002002_P,SH603707_P,SZ000999_P,SZ002051_P,SZ002048_P,SZ002941_P,SZ002038_P,SZ002821_P,SH603605_P,SZ300595_P,SZ000998_P,SZ002004_P,SZ002019_P,SH600827_P,SZ000785_P,SH601811_P,SH603056_P,SZ002470_P,SZ002203_P,SZ002212_P,SH600879_P,SZ002127_P,SZ000537_P,SZ300316_P,SZ002373_P,SH600335_P,SH600694_P,SZ000685_P,SH600859_P,SZ002439_P,SZ300474_P,SH601678_P,SH600565_P,SZ002081_P,SZ002156_P,SZ002444_P,SH601872_P,SZ300724_P,SH601000_P,SH603786_P,SH600871_P,SH601869_P,SH600259_P,SH600521_P,SH688208_P,SH688065_P,SH600657_P,SH600399_P,SZ000062_P,SZ000932_P,SZ300253_P,SH601699_P,SH688006_P,SH600546_P,SZ002985_P,SZ300115_P,SH600037_P,SZ300630_P,SH600056_P,SZ300088_P,SH600418_P,SZ002191_P,SZ000983_P,SH600373_P,SH600572_P,SH601611_P,SH603225_P,SH601456_P,SH600026_P,SH600236_P,SH600006_A,SH600008_A,SH600017_A,SH600021_A,SH600022_A,SH600026_A,SH600037_A,SH600039_A,SH600053_A,SH600056_A,SH600058_A,SH600060_A,SH600062_A,SH600064_A,SH600073_A,SH600079_A,SH600086_A,SH600094_A,SH600098_A,SH600120_A,SH600122_A,SH600125_A,SH600126_A,SH600138_A,SH600141_A,SH600143_A,SH600151_A,SH600155_A,SH600158_A,SH600160_A,SH600161_A,SH600166_A,SH600167_A,SH600169_A,SH600171_A,SH600179_A,SH600183_A,SH600184_A,SH600195_A,SH600201_A,SH600216_A,SH600240_A,SH600256_A,SH600258_A,SH600259_A,SH600260_A,SH600266_A,SH600267_A,SH600270_A,SH600277_A,SH600280_A,SH600282_A,SH600291_A,SH600298_A,SH600307_A,SH600312_A,SH600315_A,SH600316_A,SH600325_A,SH600329_A,SH600335_A,SH600338_A,SH600348_A,SH600350_A,SH600366_A,SH600373_A,SH600376_A,SH600380_A,SH600388_A,SH600392_A,SH600393_A,SH600409_A,SH600410_A,SH600416_A,SH600418_A,SH600426_A,SH600428_A,SH600435_A,SH600458_A,SH600460_A,SH600466_A,SH600478_A,SH600499_A,SH600500_A,SH600503_A,SH600507_A,SH600511_A,SH600525_A,SH600528_A,SH600536_A,SH600545_A,SH600557_A,SH600563_A,SH600565_A,SH600567_A,SH600572_A,SH600575_A,SH600580_A,SH600582_A,SH600584_A,SH600594_A,SH600597_A,SH600598_A,SH600600_A,SH600611_A,SH600614_A,SH600618_A,SH600623_A,SH600633_A,SH600639_A,SH600640_A,SH600642_A,SH600643_A,SH600645_A,SH600648_A,SH600649_A,SH600655_A,SH600657_A,SH600664_A,SH600673_A,SH600687_A,SH600694_A,SH600699_A,SH600717_A,SH600718_A,SH600729_A,SH600737_A,SH600743_A,SH600748_A,SH600750_A,SH600751_A,SH600754_A,SH600755_A,SH600757_A,SH600759_A,SH600765_A,SH600770_A,SH600773_A,SH600777_A,SH600779_A,SH600782_A,SH600787_A,SH600801_A,SH600804_A,SH600808_A,SH600811_A,SH600820_A,SH600823_A,SH600827_A,SH600835_A,SH600839_A,SH600848_A,SH600859_A,SH600862_A,SH600863_A,SH600869_A,SH600872_A,SH600874_A,SH600875_A,SH600879_A,SH600881_A,SH600884_A,SH600885_A,SH600895_A,SH600901_A,SH600908_A,SH600917_A,SH600939_A,SH600959_A,SH600967_A,SH600970_A,SH600971_A,SH600978_A,SH600993_A,SH600996_A,SH601000_A,SH601001_A,SH601003_A,SH601005_A,SH601016_A,SH601019_A,SH601020_A,SH601098_A,SH601100_A,SH601106_A,SH601127_A,SH601128_A,SH601168_A,SH601179_A,SH601200_A,SH601231_A,SH601311_A,SH601326_A,SH601608_A,SH601678_A,SH601689_A,SH601717_A,SH601718_A,SH601777_A,SH601801_A,SH601811_A,SH601866_A,SH601869_A,SH601872_A,SH601880_A,SH601928_A,SH601958_A,SH601966_A,SH601969_A,SH601990_A,SH603000_A,SH603025_A,SH603056_A,SH603077_A,SH603169_A,SH603198_A,SH603225_A,SH603228_A,SH603233_A,SH603328_A,SH603355_A,SH603369_A,SH603377_A,SH603444_A,SH603486_A,SH603515_A,SH603556_A,SH603568_A,SH603569_A,SH603650_A,SH603658_A,SH603659_A,SH603712_A,SH603766_A,SH603806_A,SH603816_A,SH603866_A,SH603868_A,SH603877_A,SH603883_A,SH603885_A,SH603888_A,SH603899_A,SZ000006_A,SZ000008_A,SZ000009_A,SZ000012_A,SZ000021_A,SZ000025_A,SZ000027_A,SZ000028_A,SZ000031_A,SZ000039_A,SZ000049_A,SZ000060_A,SZ000061_A,SZ000062_A,SZ000066_A,SZ000078_A,SZ000089_A,SZ000090_A,SZ000156_A,SZ000158_A,SZ000400_A,SZ000401_A,SZ000418_A,SZ000426_A,SZ000488_A,SZ000501_A,SZ000513_A,SZ000519_A,SZ000528_A,SZ000536_A,SZ000537_A,SZ000541_A,SZ000543_A,SZ000547_A,SZ000552_A,SZ000559_A,SZ000563_A,SZ000564_A,SZ000581_A,SZ000587_A,SZ000596_A,SZ000598_A,SZ000600_A,SZ000612_A,SZ000623_A,SZ000636_A,SZ000656_A,SZ000667_A,SZ000681_A,SZ000685_A,SZ000686_A,SZ000690_A,SZ000712_A,SZ000717_A,SZ000718_A,SZ000723_A,SZ000727_A,SZ000729_A,SZ000732_A,SZ000738_A,SZ000750_A,SZ000758_A,SZ000761_A,SZ000766_A,SZ000778_A,SZ000807_A,SZ000813_A,SZ000829_A,SZ000830_A,SZ000848_A,SZ000860_A,SZ000877_A,SZ000878_A,SZ000887_A,SZ000926_A,SZ000930_A,SZ000932_A,SZ000937_A,SZ000960_A,SZ000969_A,SZ000970_A,SZ000975_A,SZ000980_A,SZ000987_A,SZ000988_A,SZ000990_A,SZ000997_A,SZ000998_A,SZ000999_A,SZ002002_A,SZ002004_A,SZ002013_A,SZ002019_A,SZ002028_A,SZ002030_A,SZ002038_A,SZ002041_A,SZ002048_A,SZ002049_A,SZ002051_A,SZ002056_A,SZ002064_A,SZ002074_A,SZ002078_A,SZ002092_A,SZ002093_A,SZ002110_A,SZ002118_A,SZ002127_A,SZ002128_A,SZ002129_A,SZ002131_A,SZ002147_A,SZ002152_A,SZ002155_A,SZ002174_A,SZ002176_A,SZ002183_A,SZ002191_A,SZ002195_A,SZ002212_A,SZ002221_A,SZ002223_A,SZ002233_A,SZ002242_A,SZ002244_A,SZ002249_A,SZ002250_A,SZ002251_A,SZ002254_A,SZ002266_A,SZ002268_A,SZ002273_A,SZ002276_A,SZ002277_A,SZ002280_A,SZ002281_A,SZ002285_A,SZ002299_A,SZ002302_A,SZ002308_A,SZ002317_A,SZ002332_A,SZ002340_A,SZ002344_A,SZ002345_A,SZ002353_A,SZ002354_A,SZ002358_A,SZ002359_A,SZ002366_A,SZ002368_A,SZ002371_A,SZ002372_A,SZ002373_A,SZ002375_A,SZ002384_A,SZ002385_A,SZ002390_A,SZ002399_A,SZ002400_A,SZ002407_A,SZ002408_A,SZ002410_A,SZ002414_A,SZ002416_A,SZ002424_A,SZ002426_A,SZ002431_A,SZ002434_A,SZ002437_A,SZ002439_A,SZ002440_A,SZ002444_A,SZ002463_A,SZ002465_A,SZ002470_A,SZ002477_A,SZ002482_A,SZ002489_A,SZ002491_A,SZ002500_A,SZ002503_A,SZ002505_A,SZ002506_A,SZ002507_A,SZ002509_A,SZ002512_A,SZ002517_A,SZ002544_A,SZ002563_A,SZ002573_A,SZ002583_A,SZ002588_A,SZ002589_A,SZ002603_A,SZ002635_A,SZ002640_A,SZ002642_A,SZ002663_A,SZ002665_A,SZ002670_A,SZ002672_A,SZ002681_A,SZ002690_A,SZ002699_A,SZ002701_A,SZ002707_A,SZ002709_A,SZ002745_A,SZ002807_A,SZ002815_A,SZ002818_A,SZ002831_A,SZ002839_A,SZ002916_A,SZ002920_A,SZ300001_A,SZ300002_A,SZ300010_A,SZ300026_A,SZ300027_A,SZ300055_A,SZ300058_A,SZ300088_A,SZ300113_A,SZ300115_A,SZ300133_A,SZ300134_A,SZ300146_A,SZ300156_A,SZ300159_A,SZ300166_A,SZ300168_A,SZ300182_A,SZ300197_A,SZ300199_A,SZ300202_A,SZ300244_A,SZ300253_A,SZ300257_A,SZ300266_A,SZ300274_A,SZ300287_A,SZ300291_A,SZ300297_A,SZ300308_A,SZ300315_A,SZ300316_A,SZ300324_A,SZ300347_A,SZ300376_A,SZ300383_A,SZ300413_A,SZ300418_A,SZ300450_A,SZ300459_A,SZ002948_A,SZ002946_A,SH600273_A,SZ300014_A,SZ300296_A,SZ000983_A,SH600763_A,SH600739_A,SZ002957_A,SH603517_A,SH603858_A,SZ000959_A,SH600150_A,SH600446_A,SZ300285_A,SZ002085_A,SZ002180_A,SH600845_A,SH601615_A,SH601228_A,SZ002572_A,SZ002382_A,SZ002936_A,SZ000301_A,SH600317_A,SZ002203_A,SH601799_A,SH603707_A,SH600728_A,SH600704_A,SZ000967_A,SH601233_A,SZ002812_A,SH600132_A,SZ002925_A,SH603939_A,SH601068_A,SH603317_A,SH601865_A,SH601598_A,SZ002217_A,SH601699_A,SZ002387_A,SZ000553_A,SZ000825_A,SH601611_A,SZ002075_A,SH600745_A,SH600903_A,SH603379_A,SZ002625_A,SH600339_A,SH600415_A,SZ002419_A,SZ300072_A,SZ002941_A,SZ300207_A,SZ002653_A,SZ000050_A,SH600985_A,SH600707_A,SZ300529_A,SH601118_A,SZ002423_A,SZ002065_A,SZ300009_A,SH600486_A,SH600549_A,SZ000883_A,SH600521_A,SZ300012_A,SZ002926_A,SH603338_A,SH603983_A,SH601975_A,SZ000402_A,SZ001872_A,SH600909_A,SH600515_A,SZ002797_A,SH601099_A,SZ300251_A,SZ300180_A,SZ002867_A,SH603882_A,SH600497_A,SH601139_A,SH601333_A,SH603256_A,SH600776_A,SZ002821_A,SZ000869_A,SZ000826_A,SH601860_A,SZ000046_A,SZ300630_A,SZ300070_A,SZ300482_A,SZ300558_A,SH600535_A,SZ002458_A,SZ300474_A,SH601512_A,SZ000629_A,SZ300496_A,SZ000739_A,SZ300212_A,SZ000630_A,SZ002080_A,SZ002396_A,SZ300017_A,SH600153_A,SZ002124_A,SH603786_A,SZ002648_A,SZ300271_A,SZ000898_A,SH600667_A,SZ000785_A,SZ300595_A,SZ002901_A,SZ002081_A,SH600675_A,SZ002429_A,SH603605_A,SZ000415_A,SH600566_A,SZ300357_A,SZ002511_A,SZ300024_A,SZ300618_A,SH600733_A,SZ002557_A,SH600529_A,SZ000800_A,SZ002294_A,SZ002010_A,SZ002156_A,SZ001914_A,SZ002138_A,SZ002595_A,SZ002185_A,SH601636_A,SH601778_A,SH600498_A,SH600095_A,SH688536_A,SH600968_A,SH600372_A,SH601991_A,SH600871_A,SZ300869_A,SH600271_A,SZ300463_A,SZ002146_A,SH603127_A,SH688321_A,SH688289_A,SH600867_A,SH600487_A,SH600157_A,SZ001203_A,SZ300741_A,SZ002430_A,SH600299_A,SZ300037_A,SH603156_A,SH601992_A,SH601187_A,SZ300223_A,SH600236_A,SZ002739_A,SZ000671_A,SZ002683_A,SZ002508_A,SH601577_A,SH600517_A,SZ002966_A,SH600556_A,SH600637_A,SH688029_A,SZ300136_A,SZ002945_A,SH600188_A,SH601828_A,SH601077_A,SZ300763_A,SH601298_A,SH603290_A,SH600399_A,SH600390_A,SH600516_A,SZ000728_A,SZ002468_A,SH600027_A,SZ000961_A,SH603708_A,SH688521_A,SZ002705_A,SH601117_A,SH603267_A,SZ002153_A,SH600546_A,SH600732_A,SH600803_A,SH600131_A,SH600369_A,SH601156_A,SZ002532_A,SH600066_A,SH603893_A,SH603613_A,SH600297_A,SZ002673_A,SZ300363_A,SH600956_A,SH688005_A,SH600170_A,SH688188_A,SH688088_A,SH601555_A,SH688006_A,SH600038_A,SZ000733_A,SH688208_A,SZ002985_A,SH605358_A,SH600208_A,SH600998_A,SH688099_A,SH600398_A,SH600906_A,SZ002422_A,SH603927_A,SZ300751_A,SZ000540_A,SH601997_A,SH603638_A,SH603589_A,SH600928_A,SZ002958_A,SH603456_A,SH600663_A,SZ003022_A,SH600482_A,SH600764_A,SH601665_A,SZ003035_A,SH601456_A,SH688002_A,SZ000709_A,SZ300724_A,SH600988_A,SZ002939_A,SH600705_A,SH688065_A,SH600522_A,SH600377_A,SZ002409_A,SH601568_A,SZ300699_A,SH603218_A,SH600177_A,SH603719_A,SH600233_A,SZ001965_A,SH600118_A,SH601198_A
2019-01-02,1000000.0,1000000.0,,,,,,,,,,,,,,,,,,,,,,,,,,,,,,,,,,,,,,,,,,,,,,,,,,,,,,,,,,,,,,,,,,,,,,,,,,,,,,,,,,,,,,,,,,,,,,,,,,,,,,,,,,,,,,,,,,,,,,,,,,,,,,,,,,,,,,,,,,,,,,,,,,,,,,,,,,,,,,,,,,,,,,,,,,,,,,,,,,,,,,,,,,,,,,,,,,,,,,,,,,,,,,,,,,,,,,,,,,,,,,,,,,,,,,,,,,,,,,,,,,,,,,,,,,,,,,,,,,,,,,,,,,,,,,,,,,,,,,,,,,,,,,,,,,,,,,,,,,,,,,,,,,,,,,,,,,,,,,,,,,,,,,,,,,,,,,,,,,,,,,,,,,,,,,,,,,,,,,,,,,,,,,,,,,,,,,,,,,,,,,,,,,,,,,,,,,,,,,,,,,,,,,,,,,,,,,,,,,,,,,,,,,,,,,,,,,,,,,,,,,,,,,,,,,,,,,,,,,,,,,,,,,,,,,,,,,,,,,,,,,,,,,,,,,,,,,,,,,,,,,,,,,,,,,,,,,,,,,,,,,,,,,,,,,,,,,,,,,,,,,,,,,,,,,,,,,,,,,,,,,,,,,,,,,,,,,,,,,,,,,,,,,,,,,,,,,,,,,,,,,,,,,,,,,,,,,,,,,,,,,,,,,,,,,,,,,,,,,,,,,,,,,,,,,,,,,,,,,,,,,,,,,,,,,,,,,,,,,,,,,,,,,,,,,,,,,,,,,,,,,,,,,,,,,,,,,,,,,,,,,,,,,,,,,,,,,,,,,,,,,,,,,,,,,,,,,,,,,,,,,,,,,,,,,,,,,,,,,,,,,,,,,,,,,,,,,,,,,,,,,,,,,,,,,,,,,,,,,,,,,,,,,,,,,,,,,,,,,,,,,,,,,,,,,,,,,,,,,,,,,,,,,,,,,,,,,,,,,,,,,,,,,,,,
2019-01-03,982192.6328831874,423.6223887761298,27398.4942274464,54737.851294081935,103085.558365074,45065.89927976187,23230.137516078732,48852.85083218745,13215.183963904443,44706.56961537276,134670.30373702385,48399.4802491054,,,,,,,,,,,,,,,,,,,,,,,,,,,,,,,,,,,,,,,,,,,,,,,,,,,,,,,,,,,,,,,,,,,,,,,,,,,,,,,,,,,,,,,,,,,,,,,,,,,,,,,,,,,,,,,,0.0,0.0,0.0,0.0,0.0,0.0,0.0,0.0,0.0,0.0,0.0,0.0,0.0,0.0,0.0,0.0,0.0,0.0,0.16281302273273468,0.0,0.0,0.0,0.0,0.0,0.0,0.0,0.0,0.0,0.0,0.0,0.0,0.0,0.0,0.0,0.0,0.0,0.0,0.0,0.0,0.0,0.0,0.0,0.0,0.0,0.0,0.0,0.0,0.0,0.011218912899494171,0.0,0.0,0.0,0.0,0.0,0.0,0.0,0.0,0.0,0.07207216322422028,0.0,0.0,0.0,0.0,0.10112308710813522,0.0,0.0,0.0,0.0,0.0,0.0,0.0,0.0,0.0,0.0,0.0,0.0,0.0,0.0,0.0,0.0,0.0,0.0,0.0,0.0,0.0,0.0,0.0,0.0,0.0,0.0,0.0,0.0,0.0,0.0,0.0,0.0,0.0,0.0,0.0,0.0,0.0,0.0,0.0,0.0,0.0,0.0,0.0,0.0,0.0,0.0,0.0,0.0,0.0,0.0,0.0,0.0,0.0,0.0,0.0,0.0,0.0,0.0,0.0,0.0,0.26394033432006836,0.0,0.0,0.0,0.0,0.0,0.0,0.0,0.0,0.0,0.0,0.0,0.0,0.0,0.0,0.0,0.0,0.0,0.0,0.0,0.0,0.0,0.0,0.0,0.0,0.0,0.0,0.0,0.0,0.0,0.0,0.0,0.0,0.0,0.0,0.0,0.0,0.0,0.0,0.0,0.0,0.0,0.0,0.0,0.0,0.0,0.0,0.0,0.0,0.0,0.0,0.0,0.0,0.0,0.0,0.0,0.0,0.0,0.0,0.0,0.0,0.0770663246512413,0.0,0.0,0.0,0.0,0.0,0.0,0.0,0.0,0.0,0.0,0.0,0.0,0.0,0.0,0.0,0.0,0.0,0.0,0.0,0.029194079339504242,0.0,0.0,0.0,0.0,0.0,0.0,0.0,0.0,0.0,0.0,0.0,0.0,0.0,0.11741958558559418,0.0,0.0,0.0,0.0,0.0,0.0,0.0,0.0,0.0,0.0,0.051610805094242096,0.0,0.0,0.0,0.0,0.0,0.0,0.0,0.0,0.02343638800084591,0.0,0.0,0.0,0.0,0.0,0.0,0.0,0.0,0.0,0.0,0.0,0.0,0.0,0.0,0.0,0.0,0.0,0.0,0.0,0.0,0.0,0.0,0.0,0.0,0.0,0.0,0.0,0.0,0.0,0.0,0.0,0.0,0.0,0.0,0.0,0.0,0.0,0.0,0.0,0.0,0.0,0.0,0.0,0.0,0.0,0.0,0.0,0.0,0.0,0.0,0.08408462256193161,0.0,0.0,0.0,0.0,0.0,0.0,0.0,0.0,0.0,0.0,0.0,0.0,0.0,0.0,0.0,0.0,0.0,0.0,0.0,0.0,0.0,0.0,0.0,0.0,0.0,0.0,0.0,0.0,0.0,0.0,0.0,0.0,0.0,0.0,0.0,0.0,0.0,0.0,0.0,0.0,0.0,0.0,0.0,0.0,0.0,0.0,0.0,0.0,0.0,0.0,0.0,0.0,0.0,0.0,0.0,0.0,0.0,0.0,0.0,0.0,0.0,0.0,0.0,0.0,0.0,0.0,0.0,0.0,0.0,0.0,0.0,0.0,0.0,0.0,0.0,0.0,0.0,0.0,0.0,0.0,0.0,0.0,0.0,0.0,0.0,0.0,0.0,0.0,0.0030055337119847536,0.0,0.0,0.0,0.0,0.0,0.0,0.0,0.0,0.0,0.0,0.0,0.0,0.0,0.0,0.0,0.0,0.0,0.0,0.0,0.0,0.0,0.0,0.0,0.0,0.0,0.0,0.0,0.0,0.0,0.0,0.0,0.0,0.0,0.0,0.0,0.0,0.0,0.0,0.0,0.0,0.0,0.0,0.0,0.0,0.0,0.0,0.0,0.0,0.0,0.0,0.0,0.0,0.0,0.0,0.0,0.0,0.0,0.0,0.0,0.0,0.0,0.0,0.0,0.0,0.0,0.0,0.0,0.0,0.0,0.0,0.0,0.0,0.0,0.0,0.003015188267454505,0.0,0.0,0.0,0.0,0.0,0.0,0.0,0.0,0.0,0.0,0.0,0.0,0.0,0.0,0.0,0.0,0.0,0.0,0.0,0.0,0.0,0.0,0.0,0.0,0.0,0.0,0.0,0.0,0.0,0.0,0.0,0.0,0.0,0.0,0.0,0.0,0.0,0.0,0.0,0.0,0.0,0.0,0.0,0.0,0.0,,,,,,,,,,,,,,,,,,,,,,,,,,,,,,,,,,,,,,,,,,,,,,,,,,,,,,,,,,,,,,,,,,,,,,,,,,,,,,,,,,,,,,,,,,,,,,,,,,,,,,,,,,,,,,,,,,,,,,,,,,,,,,,,,,,,,,,,,,,,,,,,,,,,,,,,,,,,,,,,,,,,,,,,,,,,,,,,,,,,,,,,,,,,,,,,,,,,,,,,,,,,,,,,,,,,,,,,,,,,,,,,,,,,,,,,,,,,,,,,,,,,,,,,,,,,,,,,,,,,,,,,,,,,
2019-01-04,994564.084488952,1992.095438232369,27398.4942274464,54415.78808247008,102140.35188444902,45096.75709820238,22659.042123317977,49677.08220185385,13135.447292905345,42677.41866760988,136700.74573631442,50713.19128794303,,,,,,,,,,,,,,,,,,,,,,,,,,,,,,,,,,,,,,,,,,,,,,,,,,,,,,,,,,,,,,,,,,,,,,,,,,,,,,,,,,,,,,,,,,,,,,,,,,,,,,,,,,,,,,,,0.0,0.0,0.0,0.0,0.0,0.0,0.0,0.0,0.0,0.0,0.0,0.0,0.0,0.0,0.0,0.0,0.0,0.0,0.16281302273273468,0.0,0.0,0.0,0.0,0.0,0.0,0.0,0.0,0.0,0.0,0.0,0.0,0.0,0.0,0.0,0.0,0.0,0.0,0.0,0.0,0.0,0.0,0.0,0.0,0.0,0.0,0.0,0.0,0.0,0.011218912899494171,0.0,0.0,0.0,0.0,0.0,0.0,0.0,0.0,0.0,0.07207216322422028,0.0,0.0,0.0,0.0,0.10112308710813522,0.0,0.0,0.0,0.0,0.0,0.0,0.0,0.0,0.0,0.0,0.0,0.0,0.0,0.0,0.0,0.0,0.0,0.0,0.0,0.0,0.0,0.0,0.0,0.0,0.0,0.0,0.0,0.0,0.0,0.0,0.0,0.0,0.0,0.0,0.0,0.0,0.0,0.0,0.0,0.0,0.0,0.0,0.0,0.0,0.0,0.0,0.0,0.0,0.0,0.0,0.0,0.0,0.0,0.0,0.0,0.0,0.0,0.0,0.0,0.0,0.26394033432006836,0.0,0.0,0.0,0.0,0.0,0.0,0.0,0.0,0.0,0.0,0.0,0.0,0.0,0.0,0.0,0.0,0.0,0.0,0.0,0.0,0.0,0.0,0.0,0.0,0.0,0.0,0.0,0.0,0.0,0.0,0.0,0.0,0.0,0.0,0.0,0.0,0.0,0.0,0.0,0.0,0.0,0.0,0.0,0.0,0.0,0.0,0.0,0.0,0.0,0.0,0.0,0.0,0.0,0.0,0.0,0.0,0.0,0.0,0.0,0.0,0.0770663246512413,0.0,0.0,0.0,0.0,0.0,0.0,0.0,0.0,0.0,0.0,0.0,0.0,0.0,0.0,0.0,0.0,0.0,0.0,0.0,0.029194079339504242,0.0,0.0,0.0,0.0,0.0,0.0,0.0,0.0,0.0,0.0,0.0,0.0,0.0,0.11741958558559418,0.0,0.0,0.0,0.0,0.0,0.0,0.0,0.0,0.0,0.0,0.051610805094242096,0.0,0.0,0.0,0.0,0.0,0.0,0.0,0.0,0.02343638800084591,0.0,0.0,0.0,0.0,0.0,0.0,0.0,0.0,0.0,0.0,0.0,0.0,0.0,0.0,0.0,0.0,0.0,0.0,0.0,0.0,0.0,0.0,0.0,0.0,0.0,0.0,0.0,0.0,0.0,0.0,0.0,0.0,0.0,0.0,0.0,0.0,0.0,0.0,0.0,0.0,0.0,0.0,0.0,0.0,0.0,0.0,0.0,0.0,0.0,0.0,0.08408462256193161,0.0,0.0,0.0,0.0,0.0,0.0,0.0,0.0,0.0,0.0,0.0,0.0,0.0,0.0,0.0,0.0,0.0,0.0,0.0,0.0,0.0,0.0,0.0,0.0,0.0,0.0,0.0,0.0,0.0,0.0,0.0,0.0,0.0,0.0,0.0,0.0,0.0,0.0,0.0,0.0,0.0,0.0,0.0,0.0,0.0,0.0,0.0,0.0,0.0,0.0,0.0,0.0,0.0,0.0,0.0,0.0,0.0,0.0,0.0,0.0,0.0,0.0,0.0,0.0,0.0,0.0,0.0,0.0,0.0,0.0,0.0,0.0,0.0,0.0,0.0,0.0,0.0,0.0,0.0,0.0,0.0,0.0,0.0,0.0,0.0,0.0,0.0,0.0,0.0030055337119847536,0.0,0.0,0.0,0.0,0.0,0.0,0.0,0.0,0.0,0.0,0.0,0.0,0.0,0.0,0.0,0.0,0.0,0.0,0.0,0.0,0.0,0.0,0.0,0.0,0.0,0.0,0.0,0.0,0.0,0.0,0.0,0.0,0.0,0.0,0.0,0.0,0.0,0.0,0.0,0.0,0.0,0.0,0.0,0.0,0.0,0.0,0.0,0.0,0.0,0.0,0.0,0.0,0.0,0.0,0.0,0.0,0.0,0.0,0.0,0.0,0.0,0.0,0.0,0.0,0.0,0.0,0.0,0.0,0.0,0.0,0.0,0.0,0.0,0.0,0.003015188267454505,0.0,0.0,0.0,0.0,0.0,0.0,0.0,0.0,0.0,0.0,0.0,0.0,0.0,0.0,0.0,0.0,0.0,0.0,0.0,0.0,0.0,0.0,0.0,0.0,0.0,0.0,0.0,0.0,0.0,0.0,0.0,0.0,0.0,0.0,0.0,0.0,0.0,0.0,0.0,0.0,0.0,0.0,0.0,0.0,0.0,,,,,,,,,,,,,,,,,,,,,,,,,,,,,,,,,,,,,,,,,,,,,,,,,,,,,,,,,,,,,,,,,,,,,,,,,,,,,,,,,,,,,,,,,,,,,,,,,,,,,,,,,,,,,,,,,,,,,,,,,,,,,,,,,,,,,,,,,,,,,,,,,,,,,,,,,,,,,,,,,,,,,,,,,,,,,,,,,,,,,,,,,,,,,,,,,,,,,,,,,,,,,,,,,,,,,,,,,,,,,,,,,,,,,,,,,,,,,,,,,,,,,,,,,,,,,,,,,,,,,,,,,,,,
2019-01-07,1006542.9549880031,2605.727620344603,27712.620951011246,54728.74776063644,102140.35188444902,45101.82440944835,22716.406786921314,49677.08220185385,12890.982150796197,42677.41866760988,135762.59141425532,50710.60460252501,,,,,,,,,,,,,,,,,,,,,,,,,,,,,,,,,,,,,,,,,,,,,,,,,,,,,,,,,,,,,,,,,,,,,,,,,,,,,,,,,,,,,,,,,,,,,,,,,,,,,,,,,,,,,,,,0.0,0.0,0.0,0.0,0.0,0.0,0.0,0.0,0.0,0.0,0.0,0.0,0.0,0.0,0.0,0.0,0.0,0.0,0.16281302273273468,0.0,0.0,0.0,0.0,0.0,0.0,0.0,0.0,0.0,0.0,0.0,0.0,0.0,0.0,0.0,0.0,0.0,0.0,0.0,0.0,0.0,0.0,0.0,0.0,0.0,0.0,0.0,0.0,0.0,0.011218912899494171,0.0,0.0,0.0,0.0,0.0,0.0,0.0,0.0,0.0,0.07207216322422028,0.0,0.0,0.0,0.0,0.10112308710813522,0.0,0.0,0.0,0.0,0.0,0.0,0.0,0.0,0.0,0.0,0.0,0.0,0.0,0.0,0.0,0.0,0.0,0.0,0.0,0.0,0.0,0.0,0.0,0.0,0.0,0.0,0.0,0.0,0.0,0.0,0.0,0.0,0.0,0.0,0.0,0.0,0.0,0.0,0.0,0.0,0.0,0.0,0.0,0.0,0.0,0.0,0.0,0.0,0.0,0.0,0.0,0.0,0.0,0.0,0.0,0.0,0.0,0.0,0.0,0.0,0.26394033432006836,0.0,0.0,0.0,0.0,0.0,0.0,0.0,0.0,0.0,0.0,0.0,0.0,0.0,0.0,0.0,0.0,0.0,0.0,0.0,0.0,0.0,0.0,0.0,0.0,0.0,0.0,0.0,0.0,0.0,0.0,0.0,0.0,0.0,0.0,0.0,0.0,0.0,0.0,0.0,0.0,0.0,0.0,0.0,0.0,0.0,0.0,0.0,0.0,0.0,0.0,0.0,0.0,0.0,0.0,0.0,0.0,0.0,0.0,0.0,0.0,0.0770663246512413,0.0,0.0,0.0,0.0,0.0,0.0,0.0,0.0,0.0,0.0,0.0,0.0,0.0,0.0,0.0,0.0,0.0,0.0,0.0,0.029194079339504242,0.0,0.0,0.0,0.0,0.0,0.0,0.0,0.0,0.0,0.0,0.0,0.0,0.0,0.11741958558559418,0.0,0.0,0.0,0.0,0.0,0.0,0.0,0.0,0.0,0.0,0.051610805094242096,0.0,0.0,0.0,0.0,0.0,0.0,0.0,0.0,0.02343638800084591,0.0,0.0,0.0,0.0,0.0,0.0,0.0,0.0,0.0,0.0,0.0,0.0,0.0,0.0,0.0,0.0,0.0,0.0,0.0,0.0,0.0,0.0,0.0,0.0,0.0,0.0,0.0,0.0,0.0,0.0,0.0,0.0,0.0,0.0,0.0,0.0,0.0,0.0,0.0,0.0,0.0,0.0,0.0,0.0,0.0,0.0,0.0,0.0,0.0,0.0,0.08408462256193161,0.0,0.0,0.0,0.0,0.0,0.0,0.0,0.0,0.0,0.0,0.0,0.0,0.0,0.0,0.0,0.0,0.0,0.0,0.0,0.0,0.0,0.0,0.0,0.0,0.0,0.0,0.0,0.0,0.0,0.0,0.0,0.0,0.0,0.0,0.0,0.0,0.0,0.0,0.0,0.0,0.0,0.0,0.0,0.0,0.0,0.0,0.0,0.0,0.0,0.0,0.0,0.0,0.0,0.0,0.0,0.0,0.0,0.0,0.0,0.0,0.0,0.0,0.0,0.0,0.0,0.0,0.0,0.0,0.0,0.0,0.0,0.0,0.0,0.0,0.0,0.0,0.0,0.0,0.0,0.0,0.0,0.0,0.0,0.0,0.0,0.0,0.0,0.0,0.0030055337119847536,0.0,0.0,0.0,0.0,0.0,0.0,0.0,0.0,0.0,0.0,0.0,0.0,0.0,0.0,0.0,0.0,0.0,0.0,0.0,0.0,0.0,0.0,0.0,0.0,0.0,0.0,0.0,0.0,0.0,0.0,0.0,0.0,0.0,0.0,0.0,0.0,0.0,0.0,0.0,0.0,0.0,0.0,0.0,0.0,0.0,0.0,0.0,0.0,0.0,0.0,0.0,0.0,0.0,0.0,0.0,0.0,0.0,0.0,0.0,0.0,0.0,0.0,0.0,0.0,0.0,0.0,0.0,0.0,0.0,0.0,0.0,0.0,0.0,0.0,0.003015188267454505,0.0,0.0,0.0,0.0,0.0,0.0,0.0,0.0,0.0,0.0,0.0,0.0,0.0,0.0,0.0,0.0,0.0,0.0,0.0,0.0,0.0,0.0,0.0,0.0,0.0,0.0,0.0,0.0,0.0,0.0,0.0,0.0,0.0,0.0,0.0,0.0,0.0,0.0,0.0,0.0,0.0,0.0,0.0,0.0,0.0,,,,,,,,,,,,,,,,,,,,,,,,,,,,,,,,,,,,,,,,,,,,,,,,,,,,,,,,,,,,,,,,,,,,,,,,,,,,,,,,,,,,,,,,,,,,,,,,,,,,,,,,,,,,,,,,,,,,,,,,,,,,,,,,,,,,,,,,,,,,,,,,,,,,,,,,,,,,,,,,,,,,,,,,,,,,,,,,,,,,,,,,,,,,,,,,,,,,,,,,,,,,,,,,,,,,,,,,,,,,,,,,,,,,,,,,,,,,,,,,,,,,,,,,,,,,,,,,,,,,,,,,,,,,
2019-01-08,1006047.4413999361,464.9901938487543,28028.734003830465,54729.003521055136,99329.99655129177,45671.43016739236,22944.61177476824,50505.63379888468,12890.982150796197,42674.49158133438,135699.5250599547,50703.63405891793,,,,,,,,,,,,,,,,,,,,,,,,,,,,,,,,,,,,,,,,,,,,,,,,,,,,,,,,,,,,,,,,,,,,,,,,,,,,,,,,,,,,,,,,,,,,,,,,,,,,,,,,,,,,,,,,0.0,0.0,0.0,0.0,0.0,0.0,0.0,0.0,0.0,0.0,0.0,0.0,0.0,0.0,0.0,0.0,0.0,0.0,0.16281302273273468,0.0,0.0,0.0,0.0,0.0,0.0,0.0,0.0,0.0,0.0,0.0,0.0,0.0,0.0,0.0,0.0,0.0,0.0,0.0,0.0,0.0,0.0,0.0,0.0,0.0,0.0,0.0,0.0,0.0,0.011218912899494171,0.0,0.0,0.0,0.0,0.0,0.0,0.0,0.0,0.0,0.07207216322422028,0.0,0.0,0.0,0.0,0.10112308710813522,0.0,0.0,0.0,0.0,0.0,0.0,0.0,0.0,0.0,0.0,0.0,0.0,0.0,0.0,0.0,0.0,0.0,0.0,0.0,0.0,0.0,0.0,0.0,0.0,0.0,0.0,0.0,0.0,0.0,0.0,0.0,0.0,0.0,0.0,0.0,0.0,0.0,0.0,0.0,0.0,0.0,0.0,0.0,0.0,0.0,0.0,0.0,0.0,0.0,0.0,0.0,0.0,0.0,0.0,0.0,0.0,0.0,0.0,0.0,0.0,0.26394033432006836,0.0,0.0,0.0,0.0,0.0,0.0,0.0,0.0,0.0,0.0,0.0,0.0,0.0,0.0,0.0,0.0,0.0,0.0,0.0,0.0,0.0,0.0,0.0,0.0,0.0,0.0,0.0,0.0,0.0,0.0,0.0,0.0,0.0,0.0,0.0,0.0,0.0,0.0,0.0,0.0,0.0,0.0,0.0,0.0,0.0,0.0,0.0,0.0,0.0,0.0,0.0,0.0,0.0,0.0,0.0,0.0,0.0,0.0,0.0,0.0,0.0770663246512413,0.0,0.0,0.0,0.0,0.0,0.0,0.0,0.0,0.0,0.0,0.0,0.0,0.0,0.0,0.0,0.0,0.0,0.0,0.0,0.029194079339504242,0.0,0.0,0.0,0.0,0.0,0.0,0.0,0.0,0.0,0.0,0.0,0.0,0.0,0.11741958558559418,0.0,0.0,0.0,0.0,0.0,0.0,0.0,0.0,0.0,0.0,0.051610805094242096,0.0,0.0,0.0,0.0,0.0,0.0,0.0,0.0,0.02343638800084591,0.0,0.0,0.0,0.0,0.0,0.0,0.0,0.0,0.0,0.0,0.0,0.0,0.0,0.0,0.0,0.0,0.0,0.0,0.0,0.0,0.0,0.0,0.0,0.0,0.0,0.0,0.0,0.0,0.0,0.0,0.0,0.0,0.0,0.0,0.0,0.0,0.0,0.0,0.0,0.0,0.0,0.0,0.0,0.0,0.0,0.0,0.0,0.0,0.0,0.0,0.08408462256193161,0.0,0.0,0.0,0.0,0.0,0.0,0.0,0.0,0.0,0.0,0.0,0.0,0.0,0.0,0.0,0.0,0.0,0.0,0.0,0.0,0.0,0.0,0.0,0.0,0.0,0.0,0.0,0.0,0.0,0.0,0.0,0.0,0.0,0.0,0.0,0.0,0.0,0.0,0.0,0.0,0.0,0.0,0.0,0.0,0.0,0.0,0.0,0.0,0.0,0.0,0.0,0.0,0.0,0.0,0.0,0.0,0.0,0.0,0.0,0.0,0.0,0.0,0.0,0.0,0.0,0.0,0.0,0.0,0.0,0.0,0.0,0.0,0.0,0.0,0.0,0.0,0.0,0.0,0.0,0.0,0.0,0.0,0.0,0.0,0.0,0.0,0.0,0.0,0.0030055337119847536,0.0,0.0,0.0,0.0,0.0,0.0,0.0,0.0,0.0,0.0,0.0,0.0,0.0,0.0,0.0,0.0,0.0,0.0,0.0,0.0,0.0,0.0,0.0,0.0,0.0,0.0,0.0,0.0,0.0,0.0,0.0,0.0,0.0,0.0,0.0,0.0,0.0,0.0,0.0,0.0,0.0,0.0,0.0,0.0,0.0,0.0,0.0,0.0,0.0,0.0,0.0,0.0,0.0,0.0,0.0,0.0,0.0,0.0,0.0,0.0,0.0,0.0,0.0,0.0,0.0,0.0,0.0,0.0,0.0,0.0,0.0,0.0,0.0,0.0,0.003015188267454505,0.0,0.0,0.0,0.0,0.0,0.0,0.0,0.0,0.0,0.0,0.0,0.0,0.0,0.0,0.0,0.0,0.0,0.0,0.0,0.0,0.0,0.0,0.0,0.0,0.0,0.0,0.0,0.0,0.0,0.0,0.0,0.0,0.0,0.0,0.0,0.0,0.0,0.0,0.0,0.0,0.0,0.0,0.0,0.0,0.0,,,,,,,,,,,,,,,,,,,,,,,,,,,,,,,,,,,,,,,,,,,,,,,,,,,,,,,,,,,,,,,,,,,,,,,,,,,,,,,,,,,,,,,,,,,,,,,,,,,,,,,,,,,,,,,,,,,,,,,,,,,,,,,,,,,,,,,,,,,,,,,,,,,,,,,,,,,,,,,,,,,,,,,,,,,,,,,,,,,,,,,,,,,,,,,,,,,,,,,,,,,,,,,,,,,,,,,,,,,,,,,,,,,,,,,,,,,,,,,,,,,,,,,,,,,,,,,,,,,,,,,,,,,,
2019-01-09,1011965.7880989914,710.7070609652092,28028.518290206055,54121.162604510944,100244.90120785027,45483.85422996131,23174.216358437065,50499.65097191281,12810.523379542328,42678.274900094366,135699.5250599547,50710.203994712916,,,,,,,,,,,,,,,,,,,,,,,,,,,,,,,,,,,,,,,,,,,,,,,,,,,,,,,,,,,,,,,,,,,,,,,,,,,,,,,,,,,,,,,,,,,,,,,,,,,,,,,,,,,,,,,,0.0,0.0,0.0,0.0,0.0,0.0,0.0,0.0,0.0,0.0,0.0,0.0,0.0,0.0,0.0,0.0,0.0,0.0,0.16281302273273468,0.0,0.0,0.0,0.0,0.0,0.0,0.0,0.0,0.0,0.0,0.0,0.0,0.0,0.0,0.0,0.0,0.0,0.0,0.0,0.0,0.0,0.0,0.0,0.0,0.0,0.0,0.0,0.0,0.0,0.011218912899494171,0.0,0.0,0.0,0.0,0.0,0.0,0.0,0.0,0.0,0.07207216322422028,0.0,0.0,0.0,0.0,0.10112308710813522,0.0,0.0,0.0,0.0,0.0,0.0,0.0,0.0,0.0,0.0,0.0,0.0,0.0,0.0,0.0,0.0,0.0,0.0,0.0,0.0,0.0,0.0,0.0,0.0,0.0,0.0,0.0,0.0,0.0,0.0,0.0,0.0,0.0,0.0,0.0,0.0,0.0,0.0,0.0,0.0,0.0,0.0,0.0,0.0,0.0,0.0,0.0,0.0,0.0,0.0,0.0,0.0,0.0,0.0,0.0,0.0,0.0,0.0,0.0,0.0,0.26394033432006836,0.0,0.0,0.0,0.0,0.0,0.0,0.0,0.0,0.0,0.0,0.0,0.0,0.0,0.0,0.0,0.0,0.0,0.0,0.0,0.0,0.0,0.0,0.0,0.0,0.0,0.0,0.0,0.0,0.0,0.0,0.0,0.0,0.0,0.0,0.0,0.0,0.0,0.0,0.0,0.0,0.0,0.0,0.0,0.0,0.0,0.0,0.0,0.0,0.0,0.0,0.0,0.0,0.0,0.0,0.0,0.0,0.0,0.0,0.0,0.0,0.0770663246512413,0.0,0.0,0.0,0.0,0.0,0.0,0.0,0.0,0.0,0.0,0.0,0.0,0.0,0.0,0.0,0.0,0.0,0.0,0.0,0.029194079339504242,0.0,0.0,0.0,0.0,0.0,0.0,0.0,0.0,0.0,0.0,0.0,0.0,0.0,0.11741958558559418,0.0,0.0,0.0,0.0,0.0,0.0,0.0,0.0,0.0,0.0,0.051610805094242096,0.0,0.0,0.0,0.0,0.0,0.0,0.0,0.0,0.02343638800084591,0.0,0.0,0.0,0.0,0.0,0.0,0.0,0.0,0.0,0.0,0.0,0.0,0.0,0.0,0.0,0.0,0.0,0.0,0.0,0.0,0.0,0.0,0.0,0.0,0.0,0.0,0.0,0.0,0.0,0.0,0.0,0.0,0.0,0.0,0.0,0.0,0.0,0.0,0.0,0.0,0.0,0.0,0.0,0.0,0.0,0.0,0.0,0.0,0.0,0.0,0.08408462256193161,0.0,0.0,0.0,0.0,0.0,0.0,0.0,0.0,0.0,0.0,0.0,0.0,0.0,0.0,0.0,0.0,0.0,0.0,0.0,0.0,0.0,0.0,0.0,0.0,0.0,0.0,0.0,0.0,0.0,0.0,0.0,0.0,0.0,0.0,0.0,0.0,0.0,0.0,0.0,0.0,0.0,0.0,0.0,0.0,0.0,0.0,0.0,0.0,0.0,0.0,0.0,0.0,0.0,0.0,0.0,0.0,0.0,0.0,0.0,0.0,0.0,0.0,0.0,0.0,0.0,0.0,0.0,0.0,0.0,0.0,0.0,0.0,0.0,0.0,0.0,0.0,0.0,0.0,0.0,0.0,0.0,0.0,0.0,0.0,0.0,0.0,0.0,0.0,0.0030055337119847536,0.0,0.0,0.0,0.0,0.0,0.0,0.0,0.0,0.0,0.0,0.0,0.0,0.0,0.0,0.0,0.0,0.0,0.0,0.0,0.0,0.0,0.0,0.0,0.0,0.0,0.0,0.0,0.0,0.0,0.0,0.0,0.0,0.0,0.0,0.0,0.0,0.0,0.0,0.0,0.0,0.0,0.0,0.0,0.0,0.0,0.0,0.0,0.0,0.0,0.0,0.0,0.0,0.0,0.0,0.0,0.0,0.0,0.0,0.0,0.0,0.0,0.0,0.0,0.0,0.0,0.0,0.0,0.0,0.0,0.0,0.0,0.0,0.0,0.0,0.003015188267454505,0.0,0.0,0.0,0.0,0.0,0.0,0.0,0.0,0.0,0.0,0.0,0.0,0.0,0.0,0.0,0.0,0.0,0.0,0.0,0.0,0.0,0.0,0.0,0.0,0.0,0.0,0.0,0.0,0.0,0.0,0.0,0.0,0.0,0.0,0.0,0.0,0.0,0.0,0.0,0.0,0.0,0.0,0.0,0.0,0.0,,,,,,,,,,,,,,,,,,,,,,,,,,,,,,,,,,,,,,,,,,,,,,,,,,,,,,,,,,,,,,,,,,,,,,,,,,,,,,,,,,,,,,,,,,,,,,,,,,,,,,,,,,,,,,,,,,,,,,,,,,,,,,,,,,,,,,,,,,,,,,,,,,,,,,,,,,,,,,,,,,,,,,,,,,,,,,,,,,,,,,,,,,,,,,,,,,,,,,,,,,,,,,,,,,,,,,,,,,,,,,,,,,,,,,,,,,,,,,,,,,,,,,,,,,,,,,,,,,,,,,,,,,,,
2019-01-10,1007715.5949067221,391.5867833119483,28028.000064946882,54421.282885576686,99324.32604437986,45270.93297078715,23000.87863099912,49675.457599780406,12972.658080004438,42678.28459348898,138920.1327118035,50704.73546018163,,,,,,,,,,,,,,,,,,,,,,,,,,,,,,,,,,,,,,,,,,,,,,,,,,,,,,,,,,,,,,,,,,,,,,,,,,,,,,,,,,,,,,,,,,,,,,,,,,,,,,,,,,,,,,,,0.0,0.0,0.0,0.0,0.0,0.0,0.0,0.0,0.0,0.0,0.0,0.0,0.0,0.0,0.0,0.0,0.0,0.0,0.16281302273273468,0.0,0.0,0.0,0.0,0.0,0.0,0.0,0.0,0.0,0.0,0.0,0.0,0.0,0.0,0.0,0.0,0.0,0.0,0.0,0.0,0.0,0.0,0.0,0.0,0.0,0.0,0.0,0.0,0.0,0.011218912899494171,0.0,0.0,0.0,0.0,0.0,0.0,0.0,0.0,0.0,0.07207216322422028,0.0,0.0,0.0,0.0,0.10112308710813522,0.0,0.0,0.0,0.0,0.0,0.0,0.0,0.0,0.0,0.0,0.0,0.0,0.0,0.0,0.0,0.0,0.0,0.0,0.0,0.0,0.0,0.0,0.0,0.0,0.0,0.0,0.0,0.0,0.0,0.0,0.0,0.0,0.0,0.0,0.0,0.0,0.0,0.0,0.0,0.0,0.0,0.0,0.0,0.0,0.0,0.0,0.0,0.0,0.0,0.0,0.0,0.0,0.0,0.0,0.0,0.0,0.0,0.0,0.0,0.0,0.26394033432006836,0.0,0.0,0.0,0.0,0.0,0.0,0.0,0.0,0.0,0.0,0.0,0.0,0.0,0.0,0.0,0.0,0.0,0.0,0.0,0.0,0.0,0.0,0.0,0.0,0.0,0.0,0.0,0.0,0.0,0.0,0.0,0.0,0.0,0.0,0.0,0.0,0.0,0.0,0.0,0.0,0.0,0.0,0.0,0.0,0.0,0.0,0.0,0.0,0.0,0.0,0.0,0.0,0.0,0.0,0.0,0.0,0.0,0.0,0.0,0.0,0.0770663246512413,0.0,0.0,0.0,0.0,0.0,0.0,0.0,0.0,0.0,0.0,0.0,0.0,0.0,0.0,0.0,0.0,0.0,0.0,0.0,0.029194079339504242,0.0,0.0,0.0,0.0,0.0,0.0,0.0,0.0,0.0,0.0,0.0,0.0,0.0,0.11741958558559418,0.0,0.0,0.0,0.0,0.0,0.0,0.0,0.0,0.0,0.0,0.051610805094242096,0.0,0.0,0.0,0.0,0.0,0.0,0.0,0.0,0.02343638800084591,0.0,0.0,0.0,0.0,0.0,0.0,0.0,0.0,0.0,0.0,0.0,0.0,0.0,0.0,0.0,0.0,0.0,0.0,0.0,0.0,0.0,0.0,0.0,0.0,0.0,0.0,0.0,0.0,0.0,0.0,0.0,0.0,0.0,0.0,0.0,0.0,0.0,0.0,0.0,0.0,0.0,0.0,0.0,0.0,0.0,0.0,0.0,0.0,0.0,0.0,0.08408462256193161,0.0,0.0,0.0,0.0,0.0,0.0,0.0,0.0,0.0,0.0,0.0,0.0,0.0,0.0,0.0,0.0,0.0,0.0,0.0,0.0,0.0,0.0,0.0,0.0,0.0,0.0,0.0,0.0,0.0,0.0,0.0,0.0,0.0,0.0,0.0,0.0,0.0,0.0,0.0,0.0,0.0,0.0,0.0,0.0,0.0,0.0,0.0,0.0,0.0,0.0,0.0,0.0,0.0,0.0,0.0,0.0,0.0,0.0,0.0,0.0,0.0,0.0,0.0,0.0,0.0,0.0,0.0,0.0,0.0,0.0,0.0,0.0,0.0,0.0,0.0,0.0,0.0,0.0,0.0,0.0,0.0,0.0,0.0,0.0,0.0,0.0,0.0,0.0,0.0030055337119847536,0.0,0.0,0.0,0.0,0.0,0.0,0.0,0.0,0.0,0.0,0.0,0.0,0.0,0.0,0.0,0.0,0.0,0.0,0.0,0.0,0.0,0.0,0.0,0.0,0.0,0.0,0.0,0.0,0.0,0.0,0.0,0.0,0.0,0.0,0.0,0.0,0.0,0.0,0.0,0.0,0.0,0.0,0.0,0.0,0.0,0.0,0.0,0.0,0.0,0.0,0.0,0.0,0.0,0.0,0.0,0.0,0.0,0.0,0.0,0.0,0.0,0.0,0.0,0.0,0.0,0.0,0.0,0.0,0.0,0.0,0.0,0.0,0.0,0.0,0.003015188267454505,0.0,0.0,0.0,0.0,0.0,0.0,0.0,0.0,0.0,0.0,0.0,0.0,0.0,0.0,0.0,0.0,0.0,0.0,0.0,0.0,0.0,0.0,0.0,0.0,0.0,0.0,0.0,0.0,0.0,0.0,0.0,0.0,0.0,0.0,0.0,0.0,0.0,0.0,0.0,0.0,0.0,0.0,0.0,0.0,0.0,,,,,,,,,,,,,,,,,,,,,,,,,,,,,,,,,,,,,,,,,,,,,,,,,,,,,,,,,,,,,,,,,,,,,,,,,,,,,,,,,,,,,,,,,,,,,,,,,,,,,,,,,,,,,,,,,,,,,,,,,,,,,,,,,,,,,,,,,,,,,,,,,,,,,,,,,,,,,,,,,,,,,,,,,,,,,,,,,,,,,,,,,,,,,,,,,,,,,,,,,,,,,,,,,,,,,,,,,,,,,,,,,,,,,,,,,,,,,,,,,,,,,,,,,,,,,,,,,,,,,,,,,,,,
2019-01-11,1013003.9678612608,2053.2222211510825,28028.000064946882,54421.282885576686,96498.22676456376,45270.93297078715,23000.87863099912,49677.89002128849,13055.016675870625,42673.02172808815,139815.28510923055,50712.154840216586,,,,,,,,,,,,,,,,,,,,,,,,,,,,,,,,,,,,,,,,,,,,,,,,,,,,,,,,,,,,,,,,,,,,,,,,,,,,,,,,,,,,,,,,,,,,,,,,,,,,,,,,,,,,,,,,0.0,0.0,0.0,0.0,0.0,0.0,0.0,0.0,0.0,0.0,0.0,0.0,0.0,0.0,0.0,0.0,0.0,0.0,0.16281302273273468,0.0,0.0,0.0,0.0,0.0,0.0,0.0,0.0,0.0,0.0,0.0,0.0,0.0,0.0,0.0,0.0,0.0,0.0,0.0,0.0,0.0,0.0,0.0,0.0,0.0,0.0,0.0,0.0,0.0,0.011218912899494171,0.0,0.0,0.0,0.0,0.0,0.0,0.0,0.0,0.0,0.07207216322422028,0.0,0.0,0.0,0.0,0.10112308710813522,0.0,0.0,0.0,0.0,0.0,0.0,0.0,0.0,0.0,0.0,0.0,0.0,0.0,0.0,0.0,0.0,0.0,0.0,0.0,0.0,0.0,0.0,0.0,0.0,0.0,0.0,0.0,0.0,0.0,0.0,0.0,0.0,0.0,0.0,0.0,0.0,0.0,0.0,0.0,0.0,0.0,0.0,0.0,0.0,0.0,0.0,0.0,0.0,0.0,0.0,0.0,0.0,0.0,0.0,0.0,0.0,0.0,0.0,0.0,0.0,0.26394033432006836,0.0,0.0,0.0,0.0,0.0,0.0,0.0,0.0,0.0,0.0,0.0,0.0,0.0,0.0,0.0,0.0,0.0,0.0,0.0,0.0,0.0,0.0,0.0,0.0,0.0,0.0,0.0,0.0,0.0,0.0,0.0,0.0,0.0,0.0,0.0,0.0,0.0,0.0,0.0,0.0,0.0,0.0,0.0,0.0,0.0,0.0,0.0,0.0,0.0,0.0,0.0,0.0,0.0,0.0,0.0,0.0,0.0,0.0,0.0,0.0,0.0770663246512413,0.0,0.0,0.0,0.0,0.0,0.0,0.0,0.0,0.0,0.0,0.0,0.0,0.0,0.0,0.0,0.0,0.0,0.0,0.0,0.029194079339504242,0.0,0.0,0.0,0.0,0.0,0.0,0.0,0.0,0.0,0.0,0.0,0.0,0.0,0.11741958558559418,0.0,0.0,0.0,0.0,0.0,0.0,0.0,0.0,0.0,0.0,0.051610805094242096,0.0,0.0,0.0,0.0,0.0,0.0,0.0,0.0,0.02343638800084591,0.0,0.0,0.0,0.0,0.0,0.0,0.0,0.0,0.0,0.0,0.0,0.0,0.0,0.0,0.0,0.0,0.0,0.0,0.0,0.0,0.0,0.0,0.0,0.0,0.0,0.0,0.0,0.0,0.0,0.0,0.0,0.0,0.0,0.0,0.0,0.0,0.0,0.0,0.0,0.0,0.0,0.0,0.0,0.0,0.0,0.0,0.0,0.0,0.0,0.0,0.08408462256193161,0.0,0.0,0.0,0.0,0.0,0.0,0.0,0.0,0.0,0.0,0.0,0.0,0.0,0.0,0.0,0.0,0.0,0.0,0.0,0.0,0.0,0.0,0.0,0.0,0.0,0.0,0.0,0.0,0.0,0.0,0.0,0.0,0.0,0.0,0.0,0.0,0.0,0.0,0.0,0.0,0.0,0.0,0.0,0.0,0.0,0.0,0.0,0.0,0.0,0.0,0.0,0.0,0.0,0.0,0.0,0.0,0.0,0.0,0.0,0.0,0.0,0.0,0.0,0.0,0.0,0.0,0.0,0.0,0.0,0.0,0.0,0.0,0.0,0.0,0.0,0.0,0.0,0.0,0.0,0.0,0.0,0.0,0.0,0.0,0.0,0.0,0.0,0.0,0.0030055337119847536,0.0,0.0,0.0,0.0,0.0,0.0,0.0,0.0,0.0,0.0,0.0,0.0,0.0,0.0,0.0,0.0,0.0,0.0,0.0,0.0,0.0,0.0,0.0,0.0,0.0,0.0,0.0,0.0,0.0,0.0,0.0,0.0,0.0,0.0,0.0,0.0,0.0,0.0,0.0,0.0,0.0,0.0,0.0,0.0,0.0,0.0,0.0,0.0,0.0,0.0,0.0,0.0,0.0,0.0,0.0,0.0,0.0,0.0,0.0,0.0,0.0,0.0,0.0,0.0,0.0,0.0,0.0,0.0,0.0,0.0,0.0,0.0,0.0,0.0,0.003015188267454505,0.0,0.0,0.0,0.0,0.0,0.0,0.0,0.0,0.0,0.0,0.0,0.0,0.0,0.0,0.0,0.0,0.0,0.0,0.0,0.0,0.0,0.0,0.0,0.0,0.0,0.0,0.0,0.0,0.0,0.0,0.0,0.0,0.0,0.0,0.0,0.0,0.0,0.0,0.0,0.0,0.0,0.0,0.0,0.0,0.0,,,,,,,,,,,,,,,,,,,,,,,,,,,,,,,,,,,,,,,,,,,,,,,,,,,,,,,,,,,,,,,,,,,,,,,,,,,,,,,,,,,,,,,,,,,,,,,,,,,,,,,,,,,,,,,,,,,,,,,,,,,,,,,,,,,,,,,,,,,,,,,,,,,,,,,,,,,,,,,,,,,,,,,,,,,,,,,,,,,,,,,,,,,,,,,,,,,,,,,,,,,,,,,,,,,,,,,,,,,,,,,,,,,,,,,,,,,,,,,,,,,,,,,,,,,,,,,,,,,,,,,,,,,,
2019-01-14,1007888.1021174424,2594.8144676499114,28343.618375501508,54119.42174060108,94596.03630119149,45453.187074659654,23060.594768541334,49689.135907891025,12891.602641438165,42673.02172808815,141963.91600727427,50704.73546018163,,,,,,,,,,,,,,,,,,,,,,,,,,,,,,,,,,,,,,,,,,,,,,,,,,,,,,,,,,,,,,,,,,,,,,,,,,,,,,,,,,,,,,,,,,,,,,,,,,,,,,,,,,,,,,,,0.0,0.0,0.0,0.0,0.0,0.0,0.0,0.0,0.0,0.0,0.0,0.0,0.0,0.0,0.0,0.0,0.0,0.0,0.16281302273273468,0.0,0.0,0.0,0.0,0.0,0.0,0.0,0.0,0.0,0.0,0.0,0.0,0.0,0.0,0.0,0.0,0.0,0.0,0.0,0.0,0.0,0.0,0.0,0.0,0.0,0.0,0.0,0.0,0.0,0.011218912899494171,0.0,0.0,0.0,0.0,0.0,0.0,0.0,0.0,0.0,0.07207216322422028,0.0,0.0,0.0,0.0,0.10112308710813522,0.0,0.0,0.0,0.0,0.0,0.0,0.0,0.0,0.0,0.0,0.0,0.0,0.0,0.0,0.0,0.0,0.0,0.0,0.0,0.0,0.0,0.0,0.0,0.0,0.0,0.0,0.0,0.0,0.0,0.0,0.0,0.0,0.0,0.0,0.0,0.0,0.0,0.0,0.0,0.0,0.0,0.0,0.0,0.0,0.0,0.0,0.0,0.0,0.0,0.0,0.0,0.0,0.0,0.0,0.0,0.0,0.0,0.0,0.0,0.0,0.26394033432006836,0.0,0.0,0.0,0.0,0.0,0.0,0.0,0.0,0.0,0.0,0.0,0.0,0.0,0.0,0.0,0.0,0.0,0.0,0.0,0.0,0.0,0.0,0.0,0.0,0.0,0.0,0.0,0.0,0.0,0.0,0.0,0.0,0.0,0.0,0.0,0.0,0.0,0.0,0.0,0.0,0.0,0.0,0.0,0.0,0.0,0.0,0.0,0.0,0.0,0.0,0.0,0.0,0.0,0.0,0.0,0.0,0.0,0.0,0.0,0.0,0.0770663246512413,0.0,0.0,0.0,0.0,0.0,0.0,0.0,0.0,0.0,0.0,0.0,0.0,0.0,0.0,0.0,0.0,0.0,0.0,0.0,0.029194079339504242,0.0,0.0,0.0,0.0,0.0,0.0,0.0,0.0,0.0,0.0,0.0,0.0,0.0,0.11741958558559418,0.0,0.0,0.0,0.0,0.0,0.0,0.0,0.0,0.0,0.0,0.051610805094242096,0.0,0.0,0.0,0.0,0.0,0.0,0.0,0.0,0.02343638800084591,0.0,0.0,0.0,0.0,0.0,0.0,0.0,0.0,0.0,0.0,0.0,0.0,0.0,0.0,0.0,0.0,0.0,0.0,0.0,0.0,0.0,0.0,0.0,0.0,0.0,0.0,0.0,0.0,0.0,0.0,0.0,0.0,0.0,0.0,0.0,0.0,0.0,0.0,0.0,0.0,0.0,0.0,0.0,0.0,0.0,0.0,0.0,0.0,0.0,0.0,0.08408462256193161,0.0,0.0,0.0,0.0,0.0,0.0,0.0,0.0,0.0,0.0,0.0,0.0,0.0,0.0,0.0,0.0,0.0,0.0,0.0,0.0,0.0,0.0,0.0,0.0,0.0,0.0,0.0,0.0,0.0,0.0,0.0,0.0,0.0,0.0,0.0,0.0,0.0,0.0,0.0,0.0,0.0,0.0,0.0,0.0,0.0,0.0,0.0,0.0,0.0,0.0,0.0,0.0,0.0,0.0,0.0,0.0,0.0,0.0,0.0,0.0,0.0,0.0,0.0,0.0,0.0,0.0,0.0,0.0,0.0,0.0,0.0,0.0,0.0,0.0,0.0,0.0,0.0,0.0,0.0,0.0,0.0,0.0,0.0,0.0,0.0,0.0,0.0,0.0,0.0030055337119847536,0.0,0.0,0.0,0.0,0.0,0.0,0.0,0.0,0.0,0.0,0.0,0.0,0.0,0.0,0.0,0.0,0.0,0.0,0.0,0.0,0.0,0.0,0.0,0.0,0.0,0.0,0.0,0.0,0.0,0.0,0.0,0.0,0.0,0.0,0.0,0.0,0.0,0.0,0.0,0.0,0.0,0.0,0.0,0.0,0.0,0.0,0.0,0.0,0.0,0.0,0.0,0.0,0.0,0.0,0.0,0.0,0.0,0.0,0.0,0.0,0.0,0.0,0.0,0.0,0.0,0.0,0.0,0.0,0.0,0.0,0.0,0.0,0.0,0.0,0.003015188267454505,0.0,0.0,0.0,0.0,0.0,0.0,0.0,0.0,0.0,0.0,0.0,0.0,0.0,0.0,0.0,0.0,0.0,0.0,0.0,0.0,0.0,0.0,0.0,0.0,0.0,0.0,0.0,0.0,0.0,0.0,0.0,0.0,0.0,0.0,0.0,0.0,0.0,0.0,0.0,0.0,0.0,0.0,0.0,0.0,0.0,,,,,,,,,,,,,,,,,,,,,,,,,,,,,,,,,,,,,,,,,,,,,,,,,,,,,,,,,,,,,,,,,,,,,,,,,,,,,,,,,,,,,,,,,,,,,,,,,,,,,,,,,,,,,,,,,,,,,,,,,,,,,,,,,,,,,,,,,,,,,,,,,,,,,,,,,,,,,,,,,,,,,,,,,,,,,,,,,,,,,,,,,,,,,,,,,,,,,,,,,,,,,,,,,,,,,,,,,,,,,,,,,,,,,,,,,,,,,,,,,,,,,,,,,,,,,,,,,,,,,,,,,,,,
2019-01-15,1014769.5596367428,1.4433677795040458,28342.41068533399,54107.035578409705,96473.52867950889,45468.62263441504,23058.06242336704,49689.932056345366,12972.689732889326,42673.72595283285,141963.91600727427,50704.73546018163,,,,,,,,,,,,,,,,,,,,,,,,,,,,,,,,,,,,,,,,,,,,,,,,,,,,,,,,,,,,,,,,,,,,,,,,,,,,,,,,,,,,,,,,,,,,,,,,,,,,,,,,,,,,,,,,0.0,0.0,0.0,0.0,0.0,0.0,0.0,0.0,0.0,0.0,0.0,0.0,0.0,0.0,0.0,0.0,0.0,0.0,0.16281302273273468,0.0,0.0,0.0,0.0,0.0,0.0,0.0,0.0,0.0,0.0,0.0,0.0,0.0,0.0,0.0,0.0,0.0,0.0,0.0,0.0,0.0,0.0,0.0,0.0,0.0,0.0,0.0,0.0,0.0,0.011218912899494171,0.0,0.0,0.0,0.0,0.0,0.0,0.0,0.0,0.0,0.07207216322422028,0.0,0.0,0.0,0.0,0.10112308710813522,0.0,0.0,0.0,0.0,0.0,0.0,0.0,0.0,0.0,0.0,0.0,0.0,0.0,0.0,0.0,0.0,0.0,0.0,0.0,0.0,0.0,0.0,0.0,0.0,0.0,0.0,0.0,0.0,0.0,0.0,0.0,0.0,0.0,0.0,0.0,0.0,0.0,0.0,0.0,0.0,0.0,0.0,0.0,0.0,0.0,0.0,0.0,0.0,0.0,0.0,0.0,0.0,0.0,0.0,0.0,0.0,0.0,0.0,0.0,0.0,0.26394033432006836,0.0,0.0,0.0,0.0,0.0,0.0,0.0,0.0,0.0,0.0,0.0,0.0,0.0,0.0,0.0,0.0,0.0,0.0,0.0,0.0,0.0,0.0,0.0,0.0,0.0,0.0,0.0,0.0,0.0,0.0,0.0,0.0,0.0,0.0,0.0,0.0,0.0,0.0,0.0,0.0,0.0,0.0,0.0,0.0,0.0,0.0,0.0,0.0,0.0,0.0,0.0,0.0,0.0,0.0,0.0,0.0,0.0,0.0,0.0,0.0,0.0770663246512413,0.0,0.0,0.0,0.0,0.0,0.0,0.0,0.0,0.0,0.0,0.0,0.0,0.0,0.0,0.0,0.0,0.0,0.0,0.0,0.029194079339504242,0.0,0.0,0.0,0.0,0.0,0.0,0.0,0.0,0.0,0.0,0.0,0.0,0.0,0.11741958558559418,0.0,0.0,0.0,0.0,0.0,0.0,0.0,0.0,0.0,0.0,0.051610805094242096,0.0,0.0,0.0,0.0,0.0,0.0,0.0,0.0,0.02343638800084591,0.0,0.0,0.0,0.0,0.0,0.0,0.0,0.0,0.0,0.0,0.0,0.0,0.0,0.0,0.0,0.0,0.0,0.0,0.0,0.0,0.0,0.0,0.0,0.0,0.0,0.0,0.0,0.0,0.0,0.0,0.0,0.0,0.0,0.0,0.0,0.0,0.0,0.0,0.0,0.0,0.0,0.0,0.0,0.0,0.0,0.0,0.0,0.0,0.0,0.0,0.08408462256193161,0.0,0.0,0.0,0.0,0.0,0.0,0.0,0.0,0.0,0.0,0.0,0.0,0.0,0.0,0.0,0.0,0.0,0.0,0.0,0.0,0.0,0.0,0.0,0.0,0.0,0.0,0.0,0.0,0.0,0.0,0.0,0.0,0.0,0.0,0.0,0.0,0.0,0.0,0.0,0.0,0.0,0.0,0.0,0.0,0.0,0.0,0.0,0.0,0.0,0.0,0.0,0.0,0.0,0.0,0.0,0.0,0.0,0.0,0.0,0.0,0.0,0.0,0.0,0.0,0.0,0.0,0.0,0.0,0.0,0.0,0.0,0.0,0.0,0.0,0.0,0.0,0.0,0.0,0.0,0.0,0.0,0.0,0.0,0.0,0.0,0.0,0.0,0.0,0.0030055337119847536,0.0,0.0,0.0,0.0,0.0,0.0,0.0,0.0,0.0,0.0,0.0,0.0,0.0,0.0,0.0,0.0,0.0,0.0,0.0,0.0,0.0,0.0,0.0,0.0,0.0,0.0,0.0,0.0,0.0,0.0,0.0,0.0,0.0,0.0,0.0,0.0,0.0,0.0,0.0,0.0,0.0,0.0,0.0,0.0,0.0,0.0,0.0,0.0,0.0,0.0,0.0,0.0,0.0,0.0,0.0,0.0,0.0,0.0,0.0,0.0,0.0,0.0,0.0,0.0,0.0,0.0,0.0,0.0,0.0,0.0,0.0,0.0,0.0,0.0,0.003015188267454505,0.0,0.0,0.0,0.0,0.0,0.0,0.0,0.0,0.0,0.0,0.0,0.0,0.0,0.0,0.0,0.0,0.0,0.0,0.0,0.0,0.0,0.0,0.0,0.0,0.0,0.0,0.0,0.0,0.0,0.0,0.0,0.0,0.0,0.0,0.0,0.0,0.0,0.0,0.0,0.0,0.0,0.0,0.0,0.0,0.0,,,,,,,,,,,,,,,,,,,,,,,,,,,,,,,,,,,,,,,,,,,,,,,,,,,,,,,,,,,,,,,,,,,,,,,,,,,,,,,,,,,,,,,,,,,,,,,,,,,,,,,,,,,,,,,,,,,,,,,,,,,,,,,,,,,,,,,,,,,,,,,,,,,,,,,,,,,,,,,,,,,,,,,,,,,,,,,,,,,,,,,,,,,,,,,,,,,,,,,,,,,,,,,,,,,,,,,,,,,,,,,,,,,,,,,,,,,,,,,,,,,,,,,,,,,,,,,,,,,,,,,,,,,,
2019-01-16,1020577.9154107996,3.5193278740587175,28342.49846551203,54107.035578409705,96473.52867950889,45270.93297078715,23115.423548799918,49685.14047236583,12811.764164567461,42674.37205102443,144052.94055933147,50704.73546018163,,,,,,,,,,,,,,,,,,,,,,,,,,,,,,,,,,,,,,,,,,,,,,,,,,,,,,,,,,,,,,,,,,,,,,,,,,,,,,,,,,,,,,,,,,,,,,,,,,,,,,,,,,,,,,,,0.0,0.0,0.0,0.0,0.0,0.0,0.0,0.0,0.0,0.0,0.0,0.0,0.0,0.0,0.0,0.0,0.0,0.0,0.16281302273273468,0.0,0.0,0.0,0.0,0.0,0.0,0.0,0.0,0.0,0.0,0.0,0.0,0.0,0.0,0.0,0.0,0.0,0.0,0.0,0.0,0.0,0.0,0.0,0.0,0.0,0.0,0.0,0.0,0.0,0.011218912899494171,0.0,0.0,0.0,0.0,0.0,0.0,0.0,0.0,0.0,0.07207216322422028,0.0,0.0,0.0,0.0,0.10112308710813522,0.0,0.0,0.0,0.0,0.0,0.0,0.0,0.0,0.0,0.0,0.0,0.0,0.0,0.0,0.0,0.0,0.0,0.0,0.0,0.0,0.0,0.0,0.0,0.0,0.0,0.0,0.0,0.0,0.0,0.0,0.0,0.0,0.0,0.0,0.0,0.0,0.0,0.0,0.0,0.0,0.0,0.0,0.0,0.0,0.0,0.0,0.0,0.0,0.0,0.0,0.0,0.0,0.0,0.0,0.0,0.0,0.0,0.0,0.0,0.0,0.26394033432006836,0.0,0.0,0.0,0.0,0.0,0.0,0.0,0.0,0.0,0.0,0.0,0.0,0.0,0.0,0.0,0.0,0.0,0.0,0.0,0.0,0.0,0.0,0.0,0.0,0.0,0.0,0.0,0.0,0.0,0.0,0.0,0.0,0.0,0.0,0.0,0.0,0.0,0.0,0.0,0.0,0.0,0.0,0.0,0.0,0.0,0.0,0.0,0.0,0.0,0.0,0.0,0.0,0.0,0.0,0.0,0.0,0.0,0.0,0.0,0.0,0.0770663246512413,0.0,0.0,0.0,0.0,0.0,0.0,0.0,0.0,0.0,0.0,0.0,0.0,0.0,0.0,0.0,0.0,0.0,0.0,0.0,0.029194079339504242,0.0,0.0,0.0,0.0,0.0,0.0,0.0,0.0,0.0,0.0,0.0,0.0,0.0,0.11741958558559418,0.0,0.0,0.0,0.0,0.0,0.0,0.0,0.0,0.0,0.0,0.051610805094242096,0.0,0.0,0.0,0.0,0.0,0.0,0.0,0.0,0.02343638800084591,0.0,0.0,0.0,0.0,0.0,0.0,0.0,0.0,0.0,0.0,0.0,0.0,0.0,0.0,0.0,0.0,0.0,0.0,0.0,0.0,0.0,0.0,0.0,0.0,0.0,0.0,0.0,0.0,0.0,0.0,0.0,0.0,0.0,0.0,0.0,0.0,0.0,0.0,0.0,0.0,0.0,0.0,0.0,0.0,0.0,0.0,0.0,0.0,0.0,0.0,0.08408462256193161,0.0,0.0,0.0,0.0,0.0,0.0,0.0,0.0,0.0,0.0,0.0,0.0,0.0,0.0,0.0,0.0,0.0,0.0,0.0,0.0,0.0,0.0,0.0,0.0,0.0,0.0,0.0,0.0,0.0,0.0,0.0,0.0,0.0,0.0,0.0,0.0,0.0,0.0,0.0,0.0,0.0,0.0,0.0,0.0,0.0,0.0,0.0,0.0,0.0,0.0,0.0,0.0,0.0,0.0,0.0,0.0,0.0,0.0,0.0,0.0,0.0,0.0,0.0,0.0,0.0,0.0,0.0,0.0,0.0,0.0,0.0,0.0,0.0,0.0,0.0,0.0,0.0,0.0,0.0,0.0,0.0,0.0,0.0,0.0,0.0,0.0,0.0,0.0,0.0030055337119847536,0.0,0.0,0.0,0.0,0.0,0.0,0.0,0.0,0.0,0.0,0.0,0.0,0.0,0.0,0.0,0.0,0.0,0.0,0.0,0.0,0.0,0.0,0.0,0.0,0.0,0.0,0.0,0.0,0.0,0.0,0.0,0.0,0.0,0.0,0.0,0.0,0.0,0.0,0.0,0.0,0.0,0.0,0.0,0.0,0.0,0.0,0.0,0.0,0.0,0.0,0.0,0.0,0.0,0.0,0.0,0.0,0.0,0.0,0.0,0.0,0.0,0.0,0.0,0.0,0.0,0.0,0.0,0.0,0.0,0.0,0.0,0.0,0.0,0.0,0.003015188267454505,0.0,0.0,0.0,0.0,0.0,0.0,0.0,0.0,0.0,0.0,0.0,0.0,0.0,0.0,0.0,0.0,0.0,0.0,0.0,0.0,0.0,0.0,0.0,0.0,0.0,0.0,0.0,0.0,0.0,0.0,0.0,0.0,0.0,0.0,0.0,0.0,0.0,0.0,0.0,0.0,0.0,0.0,0.0,0.0,0.0,,,,,,,,,,,,,,,,,,,,,,,,,,,,,,,,,,,,,,,,,,,,,,,,,,,,,,,,,,,,,,,,,,,,,,,,,,,,,,,,,,,,,,,,,,,,,,,,,,,,,,,,,,,,,,,,,,,,,,,,,,,,,,,,,,,,,,,,,,,,,,,,,,,,,,,,,,,,,,,,,,,,,,,,,,,,,,,,,,,,,,,,,,,,,,,,,,,,,,,,,,,,,,,,,,,,,,,,,,,,,,,,,,,,,,,,,,,,,,,,,,,,,,,,,,,,,,,,,,,,,,,,,,,,
2019-01-17,1015651.4269308697,6268.549256273856,28342.562305983032,54107.035578409705,96473.52867950889,45270.93297078715,23115.423548799918,49664.26610542172,12811.162316664775,42675.49307780678,142000.4268349652,48399.39298397658,,,,,,,,,,,,,,,,,,,,,,,,,,,,,,,,,,,,,,,,,,,,,,,,,,,,,,,,,,,,,,,,,,,,,,,,,,,,,,,,,,,,,,,,,,,,,,,,,,,,,,,,,,,,,,,,0.0,0.0,0.0,0.0,0.0,0.0,0.0,0.0,0.0,0.0,0.0,0.0,0.0,0.0,0.0,0.0,0.0,0.0,0.16281302273273468,0.0,0.0,0.0,0.0,0.0,0.0,0.0,0.0,0.0,0.0,0.0,0.0,0.0,0.0,0.0,0.0,0.0,0.0,0.0,0.0,0.0,0.0,0.0,0.0,0.0,0.0,0.0,0.0,0.0,0.011218912899494171,0.0,0.0,0.0,0.0,0.0,0.0,0.0,0.0,0.0,0.07207216322422028,0.0,0.0,0.0,0.0,0.10112308710813522,0.0,0.0,0.0,0.0,0.0,0.0,0.0,0.0,0.0,0.0,0.0,0.0,0.0,0.0,0.0,0.0,0.0,0.0,0.0,0.0,0.0,0.0,0.0,0.0,0.0,0.0,0.0,0.0,0.0,0.0,0.0,0.0,0.0,0.0,0.0,0.0,0.0,0.0,0.0,0.0,0.0,0.0,0.0,0.0,0.0,0.0,0.0,0.0,0.0,0.0,0.0,0.0,0.0,0.0,0.0,0.0,0.0,0.0,0.0,0.0,0.26394033432006836,0.0,0.0,0.0,0.0,0.0,0.0,0.0,0.0,0.0,0.0,0.0,0.0,0.0,0.0,0.0,0.0,0.0,0.0,0.0,0.0,0.0,0.0,0.0,0.0,0.0,0.0,0.0,0.0,0.0,0.0,0.0,0.0,0.0,0.0,0.0,0.0,0.0,0.0,0.0,0.0,0.0,0.0,0.0,0.0,0.0,0.0,0.0,0.0,0.0,0.0,0.0,0.0,0.0,0.0,0.0,0.0,0.0,0.0,0.0,0.0,0.0770663246512413,0.0,0.0,0.0,0.0,0.0,0.0,0.0,0.0,0.0,0.0,0.0,0.0,0.0,0.0,0.0,0.0,0.0,0.0,0.0,0.029194079339504242,0.0,0.0,0.0,0.0,0.0,0.0,0.0,0.0,0.0,0.0,0.0,0.0,0.0,0.11741958558559418,0.0,0.0,0.0,0.0,0.0,0.0,0.0,0.0,0.0,0.0,0.051610805094242096,0.0,0.0,0.0,0.0,0.0,0.0,0.0,0.0,0.02343638800084591,0.0,0.0,0.0,0.0,0.0,0.0,0.0,0.0,0.0,0.0,0.0,0.0,0.0,0.0,0.0,0.0,0.0,0.0,0.0,0.0,0.0,0.0,0.0,0.0,0.0,0.0,0.0,0.0,0.0,0.0,0.0,0.0,0.0,0.0,0.0,0.0,0.0,0.0,0.0,0.0,0.0,0.0,0.0,0.0,0.0,0.0,0.0,0.0,0.0,0.0,0.08408462256193161,0.0,0.0,0.0,0.0,0.0,0.0,0.0,0.0,0.0,0.0,0.0,0.0,0.0,0.0,0.0,0.0,0.0,0.0,0.0,0.0,0.0,0.0,0.0,0.0,0.0,0.0,0.0,0.0,0.0,0.0,0.0,0.0,0.0,0.0,0.0,0.0,0.0,0.0,0.0,0.0,0.0,0.0,0.0,0.0,0.0,0.0,0.0,0.0,0.0,0.0,0.0,0.0,0.0,0.0,0.0,0.0,0.0,0.0,0.0,0.0,0.0,0.0,0.0,0.0,0.0,0.0,0.0,0.0,0.0,0.0,0.0,0.0,0.0,0.0,0.0,0.0,0.0,0.0,0.0,0.0,0.0,0.0,0.0,0.0,0.0,0.0,0.0,0.0,0.0030055337119847536,0.0,0.0,0.0,0.0,0.0,0.0,0.0,0.0,0.0,0.0,0.0,0.0,0.0,0.0,0.0,0.0,0.0,0.0,0.0,0.0,0.0,0.0,0.0,0.0,0.0,0.0,0.0,0.0,0.0,0.0,0.0,0.0,0.0,0.0,0.0,0.0,0.0,0.0,0.0,0.0,0.0,0.0,0.0,0.0,0.0,0.0,0.0,0.0,0.0,0.0,0.0,0.0,0.0,0.0,0.0,0.0,0.0,0.0,0.0,0.0,0.0,0.0,0.0,0.0,0.0,0.0,0.0,0.0,0.0,0.0,0.0,0.0,0.0,0.0,0.003015188267454505,0.0,0.0,0.0,0.0,0.0,0.0,0.0,0.0,0.0,0.0,0.0,0.0,0.0,0.0,0.0,0.0,0.0,0.0,0.0,0.0,0.0,0.0,0.0,0.0,0.0,0.0,0.0,0.0,0.0,0.0,0.0,0.0,0.0,0.0,0.0,0.0,0.0,0.0,0.0,0.0,0.0,0.0,0.0,0.0,0.0,,,,,,,,,,,,,,,,,,,,,,,,,,,,,,,,,,,,,,,,,,,,,,,,,,,,,,,,,,,,,,,,,,,,,,,,,,,,,,,,,,,,,,,,,,,,,,,,,,,,,,,,,,,,,,,,,,,,,,,,,,,,,,,,,,,,,,,,,,,,,,,,,,,,,,,,,,,,,,,,,,,,,,,,,,,,,,,,,,,,,,,,,,,,,,,,,,,,,,,,,,,,,,,,,,,,,,,,,,,,,,,,,,,,,,,,,,,,,,,,,,,,,,,,,,,,,,,,,,,,,,,,,,,,
2019-01-18,1023519.5497595931,2593.265285840369,28972.44324930157,54723.57288688251,98365.43780487585,45666.31229804294,23115.423548799918,49665.07350809112,12728.891713640895,40640.776178688,139904.32731490006,50710.00804754475,,,,,,,,,,,,,,,,,,,,,,,,,,,,,,,,,,,,,,,,,,,,,,,,,,,,,,,,,,,,,,,,,,,,,,,,,,,,,,,,,,,,,,,,,,,,,,,,,,,,,,,,,,,,,,,,0.0,0.0,0.0,0.0,0.0,0.0,0.0,0.0,0.0,0.0,0.0,0.0,0.0,0.0,0.0,0.0,0.0,0.0,0.16281302273273468,0.0,0.0,0.0,0.0,0.0,0.0,0.0,0.0,0.0,0.0,0.0,0.0,0.0,0.0,0.0,0.0,0.0,0.0,0.0,0.0,0.0,0.0,0.0,0.0,0.0,0.0,0.0,0.0,0.0,0.011218912899494171,0.0,0.0,0.0,0.0,0.0,0.0,0.0,0.0,0.0,0.07207216322422028,0.0,0.0,0.0,0.0,0.10112308710813522,0.0,0.0,0.0,0.0,0.0,0.0,0.0,0.0,0.0,0.0,0.0,0.0,0.0,0.0,0.0,0.0,0.0,0.0,0.0,0.0,0.0,0.0,0.0,0.0,0.0,0.0,0.0,0.0,0.0,0.0,0.0,0.0,0.0,0.0,0.0,0.0,0.0,0.0,0.0,0.0,0.0,0.0,0.0,0.0,0.0,0.0,0.0,0.0,0.0,0.0,0.0,0.0,0.0,0.0,0.0,0.0,0.0,0.0,0.0,0.0,0.26394033432006836,0.0,0.0,0.0,0.0,0.0,0.0,0.0,0.0,0.0,0.0,0.0,0.0,0.0,0.0,0.0,0.0,0.0,0.0,0.0,0.0,0.0,0.0,0.0,0.0,0.0,0.0,0.0,0.0,0.0,0.0,0.0,0.0,0.0,0.0,0.0,0.0,0.0,0.0,0.0,0.0,0.0,0.0,0.0,0.0,0.0,0.0,0.0,0.0,0.0,0.0,0.0,0.0,0.0,0.0,0.0,0.0,0.0,0.0,0.0,0.0,0.0770663246512413,0.0,0.0,0.0,0.0,0.0,0.0,0.0,0.0,0.0,0.0,0.0,0.0,0.0,0.0,0.0,0.0,0.0,0.0,0.0,0.029194079339504242,0.0,0.0,0.0,0.0,0.0,0.0,0.0,0.0,0.0,0.0,0.0,0.0,0.0,0.11741958558559418,0.0,0.0,0.0,0.0,0.0,0.0,0.0,0.0,0.0,0.0,0.051610805094242096,0.0,0.0,0.0,0.0,0.0,0.0,0.0,0.0,0.02343638800084591,0.0,0.0,0.0,0.0,0.0,0.0,0.0,0.0,0.0,0.0,0.0,0.0,0.0,0.0,0.0,0.0,0.0,0.0,0.0,0.0,0.0,0.0,0.0,0.0,0.0,0.0,0.0,0.0,0.0,0.0,0.0,0.0,0.0,0.0,0.0,0.0,0.0,0.0,0.0,0.0,0.0,0.0,0.0,0.0,0.0,0.0,0.0,0.0,0.0,0.0,0.08408462256193161,0.0,0.0,0.0,0.0,0.0,0.0,0.0,0.0,0.0,0.0,0.0,0.0,0.0,0.0,0.0,0.0,0.0,0.0,0.0,0.0,0.0,0.0,0.0,0.0,0.0,0.0,0.0,0.0,0.0,0.0,0.0,0.0,0.0,0.0,0.0,0.0,0.0,0.0,0.0,0.0,0.0,0.0,0.0,0.0,0.0,0.0,0.0,0.0,0.0,0.0,0.0,0.0,0.0,0.0,0.0,0.0,0.0,0.0,0.0,0.0,0.0,0.0,0.0,0.0,0.0,0.0,0.0,0.0,0.0,0.0,0.0,0.0,0.0,0.0,0.0,0.0,0.0,0.0,0.0,0.0,0.0,0.0,0.0,0.0,0.0,0.0,0.0,0.0,0.0030055337119847536,0.0,0.0,0.0,0.0,0.0,0.0,0.0,0.0,0.0,0.0,0.0,0.0,0.0,0.0,0.0,0.0,0.0,0.0,0.0,0.0,0.0,0.0,0.0,0.0,0.0,0.0,0.0,0.0,0.0,0.0,0.0,0.0,0.0,0.0,0.0,0.0,0.0,0.0,0.0,0.0,0.0,0.0,0.0,0.0,0.0,0.0,0.0,0.0,0.0,0.0,0.0,0.0,0.0,0.0,0.0,0.0,0.0,0.0,0.0,0.0,0.0,0.0,0.0,0.0,0.0,0.0,0.0,0.0,0.0,0.0,0.0,0.0,0.0,0.0,0.003015188267454505,0.0,0.0,0.0,0.0,0.0,0.0,0.0,0.0,0.0,0.0,0.0,0.0,0.0,0.0,0.0,0.0,0.0,0.0,0.0,0.0,0.0,0.0,0.0,0.0,0.0,0.0,0.0,0.0,0.0,0.0,0.0,0.0,0.0,0.0,0.0,0.0,0.0,0.0,0.0,0.0,0.0,0.0,0.0,0.0,0.0,,,,,,,,,,,,,,,,,,,,,,,,,,,,,,,,,,,,,,,,,,,,,,,,,,,,,,,,,,,,,,,,,,,,,,,,,,,,,,,,,,,,,,,,,,,,,,,,,,,,,,,,,,,,,,,,,,,,,,,,,,,,,,,,,,,,,,,,,,,,,,,,,,,,,,,,,,,,,,,,,,,,,,,,,,,,,,,,,,,,,,,,,,,,,,,,,,,,,,,,,,,,,,,,,,,,,,,,,,,,,,,,,,,,,,,,,,,,,,,,,,,,,,,,,,,,,,,,,,,,,,,,,,,,
2019-01-21,1032642.2929814762,4756.730486679979,28972.943580800944,55036.469832971175,97446.25912772778,45864.00196167083,23689.0348031287,49668.924095364455,12728.891713640895,40648.11798632441,139953.33963071823,48407.825911477004,,,,,,,,,,,,,,,,,,,,,,,,,,,,,,,,,,,,,,,,,,,,,,,,,,,,,,,,,,,,,,,,,,,,,,,,,,,,,,,,,,,,,,,,,,,,,,,,,,,,,,,,,,,,,,,,0.0,0.0,0.0,0.0,0.0,0.0,0.0,0.0,0.0,0.0,0.0,0.0,0.0,0.0,0.0,0.0,0.0,0.0,0.16281302273273468,0.0,0.0,0.0,0.0,0.0,0.0,0.0,0.0,0.0,0.0,0.0,0.0,0.0,0.0,0.0,0.0,0.0,0.0,0.0,0.0,0.0,0.0,0.0,0.0,0.0,0.0,0.0,0.0,0.0,0.011218912899494171,0.0,0.0,0.0,0.0,0.0,0.0,0.0,0.0,0.0,0.07207216322422028,0.0,0.0,0.0,0.0,0.10112308710813522,0.0,0.0,0.0,0.0,0.0,0.0,0.0,0.0,0.0,0.0,0.0,0.0,0.0,0.0,0.0,0.0,0.0,0.0,0.0,0.0,0.0,0.0,0.0,0.0,0.0,0.0,0.0,0.0,0.0,0.0,0.0,0.0,0.0,0.0,0.0,0.0,0.0,0.0,0.0,0.0,0.0,0.0,0.0,0.0,0.0,0.0,0.0,0.0,0.0,0.0,0.0,0.0,0.0,0.0,0.0,0.0,0.0,0.0,0.0,0.0,0.26394033432006836,0.0,0.0,0.0,0.0,0.0,0.0,0.0,0.0,0.0,0.0,0.0,0.0,0.0,0.0,0.0,0.0,0.0,0.0,0.0,0.0,0.0,0.0,0.0,0.0,0.0,0.0,0.0,0.0,0.0,0.0,0.0,0.0,0.0,0.0,0.0,0.0,0.0,0.0,0.0,0.0,0.0,0.0,0.0,0.0,0.0,0.0,0.0,0.0,0.0,0.0,0.0,0.0,0.0,0.0,0.0,0.0,0.0,0.0,0.0,0.0,0.0770663246512413,0.0,0.0,0.0,0.0,0.0,0.0,0.0,0.0,0.0,0.0,0.0,0.0,0.0,0.0,0.0,0.0,0.0,0.0,0.0,0.029194079339504242,0.0,0.0,0.0,0.0,0.0,0.0,0.0,0.0,0.0,0.0,0.0,0.0,0.0,0.11741958558559418,0.0,0.0,0.0,0.0,0.0,0.0,0.0,0.0,0.0,0.0,0.051610805094242096,0.0,0.0,0.0,0.0,0.0,0.0,0.0,0.0,0.02343638800084591,0.0,0.0,0.0,0.0,0.0,0.0,0.0,0.0,0.0,0.0,0.0,0.0,0.0,0.0,0.0,0.0,0.0,0.0,0.0,0.0,0.0,0.0,0.0,0.0,0.0,0.0,0.0,0.0,0.0,0.0,0.0,0.0,0.0,0.0,0.0,0.0,0.0,0.0,0.0,0.0,0.0,0.0,0.0,0.0,0.0,0.0,0.0,0.0,0.0,0.0,0.08408462256193161,0.0,0.0,0.0,0.0,0.0,0.0,0.0,0.0,0.0,0.0,0.0,0.0,0.0,0.0,0.0,0.0,0.0,0.0,0.0,0.0,0.0,0.0,0.0,0.0,0.0,0.0,0.0,0.0,0.0,0.0,0.0,0.0,0.0,0.0,0.0,0.0,0.0,0.0,0.0,0.0,0.0,0.0,0.0,0.0,0.0,0.0,0.0,0.0,0.0,0.0,0.0,0.0,0.0,0.0,0.0,0.0,0.0,0.0,0.0,0.0,0.0,0.0,0.0,0.0,0.0,0.0,0.0,0.0,0.0,0.0,0.0,0.0,0.0,0.0,0.0,0.0,0.0,0.0,0.0,0.0,0.0,0.0,0.0,0.0,0.0,0.0,0.0,0.0,0.0030055337119847536,0.0,0.0,0.0,0.0,0.0,0.0,0.0,0.0,0.0,0.0,0.0,0.0,0.0,0.0,0.0,0.0,0.0,0.0,0.0,0.0,0.0,0.0,0.0,0.0,0.0,0.0,0.0,0.0,0.0,0.0,0.0,0.0,0.0,0.0,0.0,0.0,0.0,0.0,0.0,0.0,0.0,0.0,0.0,0.0,0.0,0.0,0.0,0.0,0.0,0.0,0.0,0.0,0.0,0.0,0.0,0.0,0.0,0.0,0.0,0.0,0.0,0.0,0.0,0.0,0.0,0.0,0.0,0.0,0.0,0.0,0.0,0.0,0.0,0.0,0.003015188267454505,0.0,0.0,0.0,0.0,0.0,0.0,0.0,0.0,0.0,0.0,0.0,0.0,0.0,0.0,0.0,0.0,0.0,0.0,0.0,0.0,0.0,0.0,0.0,0.0,0.0,0.0,0.0,0.0,0.0,0.0,0.0,0.0,0.0,0.0,0.0,0.0,0.0,0.0,0.0,0.0,0.0,0.0,0.0,0.0,0.0,,,,,,,,,,,,,,,,,,,,,,,,,,,,,,,,,,,,,,,,,,,,,,,,,,,,,,,,,,,,,,,,,,,,,,,,,,,,,,,,,,,,,,,,,,,,,,,,,,,,,,,,,,,,,,,,,,,,,,,,,,,,,,,,,,,,,,,,,,,,,,,,,,,,,,,,,,,,,,,,,,,,,,,,,,,,,,,,,,,,,,,,,,,,,,,,,,,,,,,,,,,,,,,,,,,,,,,,,,,,,,,,,,,,,,,,,,,,,,,,,,,,,,,,,,,,,,,,,,,,,,,,,,,,
2019-01-22,1018627.6069413226,7441.1260063646105,29288.2792059238,55031.0086896178,97435.4487770621,46267.782567610855,24206.21947975665,49668.924095364455,12728.891713640895,38609.57326749972,137851.24666678233,48407.044422564366,,,,,,,,,,,,,,,,,,,,,,,,,,,,,,,,,,,,,,,,,,,,,,,,,,,,,,,,,,,,,,,,,,,,,,,,,,,,,,,,,,,,,,,,,,,,,,,,,,,,,,,,,,,,,,,,0.0,0.0,0.0,0.0,0.0,0.0,0.0,0.0,0.0,0.0,0.0,0.0,0.0,0.0,0.0,0.0,0.0,0.0,0.16281302273273468,0.0,0.0,0.0,0.0,0.0,0.0,0.0,0.0,0.0,0.0,0.0,0.0,0.0,0.0,0.0,0.0,0.0,0.0,0.0,0.0,0.0,0.0,0.0,0.0,0.0,0.0,0.0,0.0,0.0,0.011218912899494171,0.0,0.0,0.0,0.0,0.0,0.0,0.0,0.0,0.0,0.07207216322422028,0.0,0.0,0.0,0.0,0.10112308710813522,0.0,0.0,0.0,0.0,0.0,0.0,0.0,0.0,0.0,0.0,0.0,0.0,0.0,0.0,0.0,0.0,0.0,0.0,0.0,0.0,0.0,0.0,0.0,0.0,0.0,0.0,0.0,0.0,0.0,0.0,0.0,0.0,0.0,0.0,0.0,0.0,0.0,0.0,0.0,0.0,0.0,0.0,0.0,0.0,0.0,0.0,0.0,0.0,0.0,0.0,0.0,0.0,0.0,0.0,0.0,0.0,0.0,0.0,0.0,0.0,0.26394033432006836,0.0,0.0,0.0,0.0,0.0,0.0,0.0,0.0,0.0,0.0,0.0,0.0,0.0,0.0,0.0,0.0,0.0,0.0,0.0,0.0,0.0,0.0,0.0,0.0,0.0,0.0,0.0,0.0,0.0,0.0,0.0,0.0,0.0,0.0,0.0,0.0,0.0,0.0,0.0,0.0,0.0,0.0,0.0,0.0,0.0,0.0,0.0,0.0,0.0,0.0,0.0,0.0,0.0,0.0,0.0,0.0,0.0,0.0,0.0,0.0,0.0770663246512413,0.0,0.0,0.0,0.0,0.0,0.0,0.0,0.0,0.0,0.0,0.0,0.0,0.0,0.0,0.0,0.0,0.0,0.0,0.0,0.029194079339504242,0.0,0.0,0.0,0.0,0.0,0.0,0.0,0.0,0.0,0.0,0.0,0.0,0.0,0.11741958558559418,0.0,0.0,0.0,0.0,0.0,0.0,0.0,0.0,0.0,0.0,0.051610805094242096,0.0,0.0,0.0,0.0,0.0,0.0,0.0,0.0,0.02343638800084591,0.0,0.0,0.0,0.0,0.0,0.0,0.0,0.0,0.0,0.0,0.0,0.0,0.0,0.0,0.0,0.0,0.0,0.0,0.0,0.0,0.0,0.0,0.0,0.0,0.0,0.0,0.0,0.0,0.0,0.0,0.0,0.0,0.0,0.0,0.0,0.0,0.0,0.0,0.0,0.0,0.0,0.0,0.0,0.0,0.0,0.0,0.0,0.0,0.0,0.0,0.08408462256193161,0.0,0.0,0.0,0.0,0.0,0.0,0.0,0.0,0.0,0.0,0.0,0.0,0.0,0.0,0.0,0.0,0.0,0.0,0.0,0.0,0.0,0.0,0.0,0.0,0.0,0.0,0.0,0.0,0.0,0.0,0.0,0.0,0.0,0.0,0.0,0.0,0.0,0.0,0.0,0.0,0.0,0.0,0.0,0.0,0.0,0.0,0.0,0.0,0.0,0.0,0.0,0.0,0.0,0.0,0.0,0.0,0.0,0.0,0.0,0.0,0.0,0.0,0.0,0.0,0.0,0.0,0.0,0.0,0.0,0.0,0.0,0.0,0.0,0.0,0.0,0.0,0.0,0.0,0.0,0.0,0.0,0.0,0.0,0.0,0.0,0.0,0.0,0.0,0.0030055337119847536,0.0,0.0,0.0,0.0,0.0,0.0,0.0,0.0,0.0,0.0,0.0,0.0,0.0,0.0,0.0,0.0,0.0,0.0,0.0,0.0,0.0,0.0,0.0,0.0,0.0,0.0,0.0,0.0,0.0,0.0,0.0,0.0,0.0,0.0,0.0,0.0,0.0,0.0,0.0,0.0,0.0,0.0,0.0,0.0,0.0,0.0,0.0,0.0,0.0,0.0,0.0,0.0,0.0,0.0,0.0,0.0,0.0,0.0,0.0,0.0,0.0,0.0,0.0,0.0,0.0,0.0,0.0,0.0,0.0,0.0,0.0,0.0,0.0,0.0,0.003015188267454505,0.0,0.0,0.0,0.0,0.0,0.0,0.0,0.0,0.0,0.0,0.0,0.0,0.0,0.0,0.0,0.0,0.0,0.0,0.0,0.0,0.0,0.0,0.0,0.0,0.0,0.0,0.0,0.0,0.0,0.0,0.0,0.0,0.0,0.0,0.0,0.0,0.0,0.0,0.0,0.0,0.0,0.0,0.0,0.0,0.0,,,,,,,,,,,,,,,,,,,,,,,,,,,,,,,,,,,,,,,,,,,,,,,,,,,,,,,,,,,,,,,,,,,,,,,,,,,,,,,,,,,,,,,,,,,,,,,,,,,,,,,,,,,,,,,,,,,,,,,,,,,,,,,,,,,,,,,,,,,,,,,,,,,,,,,,,,,,,,,,,,,,,,,,,,,,,,,,,,,,,,,,,,,,,,,,,,,,,,,,,,,,,,,,,,,,,,,,,,,,,,,,,,,,,,,,,,,,,,,,,,,,,,,,,,,,,,,,,,,,,,,,,,,,
2019-01-23,1014205.5292570224,3834.5178744468153,29287.624988467727,54723.22191344448,99311.244344848,46476.06303064596,23977.962069087425,50499.83178453613,12973.92961577205,38609.57326749972,136729.0439181762,48408.44945796293,,,,,,,,,,,,,,,,,,,,,,,,,,,,,,,,,,,,,,,,,,,,,,,,,,,,,,,,,,,,,,,,,,,,,,,,,,,,,,,,,,,,,,,,,,,,,,,,,,,,,,,,,,,,,,,,0.0,0.0,0.0,0.0,0.0,0.0,0.0,0.0,0.0,0.0,0.0,0.0,0.0,0.0,0.0,0.0,0.0,0.0,0.16281302273273468,0.0,0.0,0.0,0.0,0.0,0.0,0.0,0.0,0.0,0.0,0.0,0.0,0.0,0.0,0.0,0.0,0.0,0.0,0.0,0.0,0.0,0.0,0.0,0.0,0.0,0.0,0.0,0.0,0.0,0.011218912899494171,0.0,0.0,0.0,0.0,0.0,0.0,0.0,0.0,0.0,0.07207216322422028,0.0,0.0,0.0,0.0,0.10112308710813522,0.0,0.0,0.0,0.0,0.0,0.0,0.0,0.0,0.0,0.0,0.0,0.0,0.0,0.0,0.0,0.0,0.0,0.0,0.0,0.0,0.0,0.0,0.0,0.0,0.0,0.0,0.0,0.0,0.0,0.0,0.0,0.0,0.0,0.0,0.0,0.0,0.0,0.0,0.0,0.0,0.0,0.0,0.0,0.0,0.0,0.0,0.0,0.0,0.0,0.0,0.0,0.0,0.0,0.0,0.0,0.0,0.0,0.0,0.0,0.0,0.26394033432006836,0.0,0.0,0.0,0.0,0.0,0.0,0.0,0.0,0.0,0.0,0.0,0.0,0.0,0.0,0.0,0.0,0.0,0.0,0.0,0.0,0.0,0.0,0.0,0.0,0.0,0.0,0.0,0.0,0.0,0.0,0.0,0.0,0.0,0.0,0.0,0.0,0.0,0.0,0.0,0.0,0.0,0.0,0.0,0.0,0.0,0.0,0.0,0.0,0.0,0.0,0.0,0.0,0.0,0.0,0.0,0.0,0.0,0.0,0.0,0.0,0.0770663246512413,0.0,0.0,0.0,0.0,0.0,0.0,0.0,0.0,0.0,0.0,0.0,0.0,0.0,0.0,0.0,0.0,0.0,0.0,0.0,0.029194079339504242,0.0,0.0,0.0,0.0,0.0,0.0,0.0,0.0,0.0,0.0,0.0,0.0,0.0,0.11741958558559418,0.0,0.0,0.0,0.0,0.0,0.0,0.0,0.0,0.0,0.0,0.051610805094242096,0.0,0.0,0.0,0.0,0.0,0.0,0.0,0.0,0.02343638800084591,0.0,0.0,0.0,0.0,0.0,0.0,0.0,0.0,0.0,0.0,0.0,0.0,0.0,0.0,0.0,0.0,0.0,0.0,0.0,0.0,0.0,0.0,0.0,0.0,0.0,0.0,0.0,0.0,0.0,0.0,0.0,0.0,0.0,0.0,0.0,0.0,0.0,0.0,0.0,0.0,0.0,0.0,0.0,0.0,0.0,0.0,0.0,0.0,0.0,0.0,0.08408462256193161,0.0,0.0,0.0,0.0,0.0,0.0,0.0,0.0,0.0,0.0,0.0,0.0,0.0,0.0,0.0,0.0,0.0,0.0,0.0,0.0,0.0,0.0,0.0,0.0,0.0,0.0,0.0,0.0,0.0,0.0,0.0,0.0,0.0,0.0,0.0,0.0,0.0,0.0,0.0,0.0,0.0,0.0,0.0,0.0,0.0,0.0,0.0,0.0,0.0,0.0,0.0,0.0,0.0,0.0,0.0,0.0,0.0,0.0,0.0,0.0,0.0,0.0,0.0,0.0,0.0,0.0,0.0,0.0,0.0,0.0,0.0,0.0,0.0,0.0,0.0,0.0,0.0,0.0,0.0,0.0,0.0,0.0,0.0,0.0,0.0,0.0,0.0,0.0,0.0030055337119847536,0.0,0.0,0.0,0.0,0.0,0.0,0.0,0.0,0.0,0.0,0.0,0.0,0.0,0.0,0.0,0.0,0.0,0.0,0.0,0.0,0.0,0.0,0.0,0.0,0.0,0.0,0.0,0.0,0.0,0.0,0.0,0.0,0.0,0.0,0.0,0.0,0.0,0.0,0.0,0.0,0.0,0.0,0.0,0.0,0.0,0.0,0.0,0.0,0.0,0.0,0.0,0.0,0.0,0.0,0.0,0.0,0.0,0.0,0.0,0.0,0.0,0.0,0.0,0.0,0.0,0.0,0.0,0.0,0.0,0.0,0.0,0.0,0.0,0.0,0.003015188267454505,0.0,0.0,0.0,0.0,0.0,0.0,0.0,0.0,0.0,0.0,0.0,0.0,0.0,0.0,0.0,0.0,0.0,0.0,0.0,0.0,0.0,0.0,0.0,0.0,0.0,0.0,0.0,0.0,0.0,0.0,0.0,0.0,0.0,0.0,0.0,0.0,0.0,0.0,0.0,0.0,0.0,0.0,0.0,0.0,0.0,,,,,,,,,,,,,,,,,,,,,,,,,,,,,,,,,,,,,,,,,,,,,,,,,,,,,,,,,,,,,,,,,,,,,,,,,,,,,,,,,,,,,,,,,,,,,,,,,,,,,,,,,,,,,,,,,,,,,,,,,,,,,,,,,,,,,,,,,,,,,,,,,,,,,,,,,,,,,,,,,,,,,,,,,,,,,,,,,,,,,,,,,,,,,,,,,,,,,,,,,,,,,,,,,,,,,,,,,,,,,,,,,,,,,,,,,,,,,,,,,,,,,,,,,,,,,,,,,,,,,,,,,,,,
2019-01-24,1024718.5360288217,6180.811490432569,29287.314382849134,55647.6189184702,98378.67129232307,45893.0844868071,24090.135771035853,50478.14963456339,12892.229422544426,38609.57326749972,134641.38913382412,48404.82479912126,,,,,,,,,,,,,,,,,,,,,,,,,,,,,,,,,,,,,,,,,,,,,,,,,,,,,,,,,,,,,,,,,,,,,,,,,,,,,,,,,,,,,,,,,,,,,,,,,,,,,,,,,,,,,,,,0.0,0.0,0.0,0.0,0.0,0.0,0.0,0.0,0.0,0.0,0.0,0.0,0.0,0.0,0.0,0.0,0.0,0.0,0.16281302273273468,0.0,0.0,0.0,0.0,0.0,0.0,0.0,0.0,0.0,0.0,0.0,0.0,0.0,0.0,0.0,0.0,0.0,0.0,0.0,0.0,0.0,0.0,0.0,0.0,0.0,0.0,0.0,0.0,0.0,0.011218912899494171,0.0,0.0,0.0,0.0,0.0,0.0,0.0,0.0,0.0,0.07207216322422028,0.0,0.0,0.0,0.0,0.10112308710813522,0.0,0.0,0.0,0.0,0.0,0.0,0.0,0.0,0.0,0.0,0.0,0.0,0.0,0.0,0.0,0.0,0.0,0.0,0.0,0.0,0.0,0.0,0.0,0.0,0.0,0.0,0.0,0.0,0.0,0.0,0.0,0.0,0.0,0.0,0.0,0.0,0.0,0.0,0.0,0.0,0.0,0.0,0.0,0.0,0.0,0.0,0.0,0.0,0.0,0.0,0.0,0.0,0.0,0.0,0.0,0.0,0.0,0.0,0.0,0.0,0.26394033432006836,0.0,0.0,0.0,0.0,0.0,0.0,0.0,0.0,0.0,0.0,0.0,0.0,0.0,0.0,0.0,0.0,0.0,0.0,0.0,0.0,0.0,0.0,0.0,0.0,0.0,0.0,0.0,0.0,0.0,0.0,0.0,0.0,0.0,0.0,0.0,0.0,0.0,0.0,0.0,0.0,0.0,0.0,0.0,0.0,0.0,0.0,0.0,0.0,0.0,0.0,0.0,0.0,0.0,0.0,0.0,0.0,0.0,0.0,0.0,0.0,0.0770663246512413,0.0,0.0,0.0,0.0,0.0,0.0,0.0,0.0,0.0,0.0,0.0,0.0,0.0,0.0,0.0,0.0,0.0,0.0,0.0,0.029194079339504242,0.0,0.0,0.0,0.0,0.0,0.0,0.0,0.0,0.0,0.0,0.0,0.0,0.0,0.11741958558559418,0.0,0.0,0.0,0.0,0.0,0.0,0.0,0.0,0.0,0.0,0.051610805094242096,0.0,0.0,0.0,0.0,0.0,0.0,0.0,0.0,0.02343638800084591,0.0,0.0,0.0,0.0,0.0,0.0,0.0,0.0,0.0,0.0,0.0,0.0,0.0,0.0,0.0,0.0,0.0,0.0,0.0,0.0,0.0,0.0,0.0,0.0,0.0,0.0,0.0,0.0,0.0,0.0,0.0,0.0,0.0,0.0,0.0,0.0,0.0,0.0,0.0,0.0,0.0,0.0,0.0,0.0,0.0,0.0,0.0,0.0,0.0,0.0,0.08408462256193161,0.0,0.0,0.0,0.0,0.0,0.0,0.0,0.0,0.0,0.0,0.0,0.0,0.0,0.0,0.0,0.0,0.0,0.0,0.0,0.0,0.0,0.0,0.0,0.0,0.0,0.0,0.0,0.0,0.0,0.0,0.0,0.0,0.0,0.0,0.0,0.0,0.0,0.0,0.0,0.0,0.0,0.0,0.0,0.0,0.0,0.0,0.0,0.0,0.0,0.0,0.0,0.0,0.0,0.0,0.0,0.0,0.0,0.0,0.0,0.0,0.0,0.0,0.0,0.0,0.0,0.0,0.0,0.0,0.0,0.0,0.0,0.0,0.0,0.0,0.0,0.0,0.0,0.0,0.0,0.0,0.0,0.0,0.0,0.0,0.0,0.0,0.0,0.0,0.0030055337119847536,0.0,0.0,0.0,0.0,0.0,0.0,0.0,0.0,0.0,0.0,0.0,0.0,0.0,0.0,0.0,0.0,0.0,0.0,0.0,0.0,0.0,0.0,0.0,0.0,0.0,0.0,0.0,0.0,0.0,0.0,0.0,0.0,0.0,0.0,0.0,0.0,0.0,0.0,0.0,0.0,0.0,0.0,0.0,0.0,0.0,0.0,0.0,0.0,0.0,0.0,0.0,0.0,0.0,0.0,0.0,0.0,0.0,0.0,0.0,0.0,0.0,0.0,0.0,0.0,0.0,0.0,0.0,0.0,0.0,0.0,0.0,0.0,0.0,0.0,0.003015188267454505,0.0,0.0,0.0,0.0,0.0,0.0,0.0,0.0,0.0,0.0,0.0,0.0,0.0,0.0,0.0,0.0,0.0,0.0,0.0,0.0,0.0,0.0,0.0,0.0,0.0,0.0,0.0,0.0,0.0,0.0,0.0,0.0,0.0,0.0,0.0,0.0,0.0,0.0,0.0,0.0,0.0,0.0,0.0,0.0,0.0,,,,,,,,,,,,,,,,,,,,,,,,,,,,,,,,,,,,,,,,,,,,,,,,,,,,,,,,,,,,,,,,,,,,,,,,,,,,,,,,,,,,,,,,,,,,,,,,,,,,,,,,,,,,,,,,,,,,,,,,,,,,,,,,,,,,,,,,,,,,,,,,,,,,,,,,,,,,,,,,,,,,,,,,,,,,,,,,,,,,,,,,,,,,,,,,,,,,,,,,,,,,,,,,,,,,,,,,,,,,,,,,,,,,,,,,,,,,,,,,,,,,,,,,,,,,,,,,,,,,,,,,,,,,
2019-01-25,1023506.4148123993,6386.7195296209,29288.185744497794,55032.72810169152,96488.55546848146,46476.06303064596,24320.94089909199,51296.56695815368,12973.328928268127,38609.57326749972,132547.3599083549,48402.76330874418,,,,,,,,,,,,,,,,,,,,,,,,,,,,,,,,,,,,,,,,,,,,,,,,,,,,,,,,,,,,,,,,,,,,,,,,,,,,,,,,,,,,,,,,,,,,,,,,,,,,,,,,,,,,,,,,0.0,0.0,0.0,0.0,0.0,0.0,0.0,0.0,0.0,0.0,0.0,0.0,0.0,0.0,0.0,0.0,0.0,0.0,0.16281302273273468,0.0,0.0,0.0,0.0,0.0,0.0,0.0,0.0,0.0,0.0,0.0,0.0,0.0,0.0,0.0,0.0,0.0,0.0,0.0,0.0,0.0,0.0,0.0,0.0,0.0,0.0,0.0,0.0,0.0,0.011218912899494171,0.0,0.0,0.0,0.0,0.0,0.0,0.0,0.0,0.0,0.07207216322422028,0.0,0.0,0.0,0.0,0.10112308710813522,0.0,0.0,0.0,0.0,0.0,0.0,0.0,0.0,0.0,0.0,0.0,0.0,0.0,0.0,0.0,0.0,0.0,0.0,0.0,0.0,0.0,0.0,0.0,0.0,0.0,0.0,0.0,0.0,0.0,0.0,0.0,0.0,0.0,0.0,0.0,0.0,0.0,0.0,0.0,0.0,0.0,0.0,0.0,0.0,0.0,0.0,0.0,0.0,0.0,0.0,0.0,0.0,0.0,0.0,0.0,0.0,0.0,0.0,0.0,0.0,0.26394033432006836,0.0,0.0,0.0,0.0,0.0,0.0,0.0,0.0,0.0,0.0,0.0,0.0,0.0,0.0,0.0,0.0,0.0,0.0,0.0,0.0,0.0,0.0,0.0,0.0,0.0,0.0,0.0,0.0,0.0,0.0,0.0,0.0,0.0,0.0,0.0,0.0,0.0,0.0,0.0,0.0,0.0,0.0,0.0,0.0,0.0,0.0,0.0,0.0,0.0,0.0,0.0,0.0,0.0,0.0,0.0,0.0,0.0,0.0,0.0,0.0,0.0770663246512413,0.0,0.0,0.0,0.0,0.0,0.0,0.0,0.0,0.0,0.0,0.0,0.0,0.0,0.0,0.0,0.0,0.0,0.0,0.0,0.029194079339504242,0.0,0.0,0.0,0.0,0.0,0.0,0.0,0.0,0.0,0.0,0.0,0.0,0.0,0.11741958558559418,0.0,0.0,0.0,0.0,0.0,0.0,0.0,0.0,0.0,0.0,0.051610805094242096,0.0,0.0,0.0,0.0,0.0,0.0,0.0,0.0,0.02343638800084591,0.0,0.0,0.0,0.0,0.0,0.0,0.0,0.0,0.0,0.0,0.0,0.0,0.0,0.0,0.0,0.0,0.0,0.0,0.0,0.0,0.0,0.0,0.0,0.0,0.0,0.0,0.0,0.0,0.0,0.0,0.0,0.0,0.0,0.0,0.0,0.0,0.0,0.0,0.0,0.0,0.0,0.0,0.0,0.0,0.0,0.0,0.0,0.0,0.0,0.0,0.08408462256193161,0.0,0.0,0.0,0.0,0.0,0.0,0.0,0.0,0.0,0.0,0.0,0.0,0.0,0.0,0.0,0.0,0.0,0.0,0.0,0.0,0.0,0.0,0.0,0.0,0.0,0.0,0.0,0.0,0.0,0.0,0.0,0.0,0.0,0.0,0.0,0.0,0.0,0.0,0.0,0.0,0.0,0.0,0.0,0.0,0.0,0.0,0.0,0.0,0.0,0.0,0.0,0.0,0.0,0.0,0.0,0.0,0.0,0.0,0.0,0.0,0.0,0.0,0.0,0.0,0.0,0.0,0.0,0.0,0.0,0.0,0.0,0.0,0.0,0.0,0.0,0.0,0.0,0.0,0.0,0.0,0.0,0.0,0.0,0.0,0.0,0.0,0.0,0.0,0.0030055337119847536,0.0,0.0,0.0,0.0,0.0,0.0,0.0,0.0,0.0,0.0,0.0,0.0,0.0,0.0,0.0,0.0,0.0,0.0,0.0,0.0,0.0,0.0,0.0,0.0,0.0,0.0,0.0,0.0,0.0,0.0,0.0,0.0,0.0,0.0,0.0,0.0,0.0,0.0,0.0,0.0,0.0,0.0,0.0,0.0,0.0,0.0,0.0,0.0,0.0,0.0,0.0,0.0,0.0,0.0,0.0,0.0,0.0,0.0,0.0,0.0,0.0,0.0,0.0,0.0,0.0,0.0,0.0,0.0,0.0,0.0,0.0,0.0,0.0,0.0,0.003015188267454505,0.0,0.0,0.0,0.0,0.0,0.0,0.0,0.0,0.0,0.0,0.0,0.0,0.0,0.0,0.0,0.0,0.0,0.0,0.0,0.0,0.0,0.0,0.0,0.0,0.0,0.0,0.0,0.0,0.0,0.0,0.0,0.0,0.0,0.0,0.0,0.0,0.0,0.0,0.0,0.0,0.0,0.0,0.0,0.0,0.0,,,,,,,,,,,,,,,,,,,,,,,,,,,,,,,,,,,,,,,,,,,,,,,,,,,,,,,,,,,,,,,,,,,,,,,,,,,,,,,,,,,,,,,,,,,,,,,,,,,,,,,,,,,,,,,,,,,,,,,,,,,,,,,,,,,,,,,,,,,,,,,,,,,,,,,,,,,,,,,,,,,,,,,,,,,,,,,,,,,,,,,,,,,,,,,,,,,,,,,,,,,,,,,,,,,,,,,,,,,,,,,,,,,,,,,,,,,,,,,,,,,,,,,,,,,,,,,,,,,,,,,,,,,,
2019-01-28,1015957.2198626945,921.5973592461266,29602.923541966786,55045.46820753519,97419.60159542233,46679.09945252527,24262.208169400397,51310.95421181405,12811.168508227749,40642.5852295223,131610.29819695948,48402.76330874418,,,,,,,,,,,,,,,,,,,,,,,,,,,,,,,,,,,,,,,,,,,,,,,,,,,,,,,,,,,,,,,,,,,,,,,,,,,,,,,,,,,,,,,,,,,,,,,,,,,,,,,,,,,,,,,,0.0,0.0,0.0,0.0,0.0,0.0,0.0,0.0,0.0,0.0,0.0,0.0,0.0,0.0,0.0,0.0,0.0,0.0,0.16281302273273468,0.0,0.0,0.0,0.0,0.0,0.0,0.0,0.0,0.0,0.0,0.0,0.0,0.0,0.0,0.0,0.0,0.0,0.0,0.0,0.0,0.0,0.0,0.0,0.0,0.0,0.0,0.0,0.0,0.0,0.011218912899494171,0.0,0.0,0.0,0.0,0.0,0.0,0.0,0.0,0.0,0.07207216322422028,0.0,0.0,0.0,0.0,0.10112308710813522,0.0,0.0,0.0,0.0,0.0,0.0,0.0,0.0,0.0,0.0,0.0,0.0,0.0,0.0,0.0,0.0,0.0,0.0,0.0,0.0,0.0,0.0,0.0,0.0,0.0,0.0,0.0,0.0,0.0,0.0,0.0,0.0,0.0,0.0,0.0,0.0,0.0,0.0,0.0,0.0,0.0,0.0,0.0,0.0,0.0,0.0,0.0,0.0,0.0,0.0,0.0,0.0,0.0,0.0,0.0,0.0,0.0,0.0,0.0,0.0,0.26394033432006836,0.0,0.0,0.0,0.0,0.0,0.0,0.0,0.0,0.0,0.0,0.0,0.0,0.0,0.0,0.0,0.0,0.0,0.0,0.0,0.0,0.0,0.0,0.0,0.0,0.0,0.0,0.0,0.0,0.0,0.0,0.0,0.0,0.0,0.0,0.0,0.0,0.0,0.0,0.0,0.0,0.0,0.0,0.0,0.0,0.0,0.0,0.0,0.0,0.0,0.0,0.0,0.0,0.0,0.0,0.0,0.0,0.0,0.0,0.0,0.0,0.0770663246512413,0.0,0.0,0.0,0.0,0.0,0.0,0.0,0.0,0.0,0.0,0.0,0.0,0.0,0.0,0.0,0.0,0.0,0.0,0.0,0.029194079339504242,0.0,0.0,0.0,0.0,0.0,0.0,0.0,0.0,0.0,0.0,0.0,0.0,0.0,0.11741958558559418,0.0,0.0,0.0,0.0,0.0,0.0,0.0,0.0,0.0,0.0,0.051610805094242096,0.0,0.0,0.0,0.0,0.0,0.0,0.0,0.0,0.02343638800084591,0.0,0.0,0.0,0.0,0.0,0.0,0.0,0.0,0.0,0.0,0.0,0.0,0.0,0.0,0.0,0.0,0.0,0.0,0.0,0.0,0.0,0.0,0.0,0.0,0.0,0.0,0.0,0.0,0.0,0.0,0.0,0.0,0.0,0.0,0.0,0.0,0.0,0.0,0.0,0.0,0.0,0.0,0.0,0.0,0.0,0.0,0.0,0.0,0.0,0.0,0.08408462256193161,0.0,0.0,0.0,0.0,0.0,0.0,0.0,0.0,0.0,0.0,0.0,0.0,0.0,0.0,0.0,0.0,0.0,0.0,0.0,0.0,0.0,0.0,0.0,0.0,0.0,0.0,0.0,0.0,0.0,0.0,0.0,0.0,0.0,0.0,0.0,0.0,0.0,0.0,0.0,0.0,0.0,0.0,0.0,0.0,0.0,0.0,0.0,0.0,0.0,0.0,0.0,0.0,0.0,0.0,0.0,0.0,0.0,0.0,0.0,0.0,0.0,0.0,0.0,0.0,0.0,0.0,0.0,0.0,0.0,0.0,0.0,0.0,0.0,0.0,0.0,0.0,0.0,0.0,0.0,0.0,0.0,0.0,0.0,0.0,0.0,0.0,0.0,0.0,0.0030055337119847536,0.0,0.0,0.0,0.0,0.0,0.0,0.0,0.0,0.0,0.0,0.0,0.0,0.0,0.0,0.0,0.0,0.0,0.0,0.0,0.0,0.0,0.0,0.0,0.0,0.0,0.0,0.0,0.0,0.0,0.0,0.0,0.0,0.0,0.0,0.0,0.0,0.0,0.0,0.0,0.0,0.0,0.0,0.0,0.0,0.0,0.0,0.0,0.0,0.0,0.0,0.0,0.0,0.0,0.0,0.0,0.0,0.0,0.0,0.0,0.0,0.0,0.0,0.0,0.0,0.0,0.0,0.0,0.0,0.0,0.0,0.0,0.0,0.0,0.0,0.003015188267454505,0.0,0.0,0.0,0.0,0.0,0.0,0.0,0.0,0.0,0.0,0.0,0.0,0.0,0.0,0.0,0.0,0.0,0.0,0.0,0.0,0.0,0.0,0.0,0.0,0.0,0.0,0.0,0.0,0.0,0.0,0.0,0.0,0.0,0.0,0.0,0.0,0.0,0.0,0.0,0.0,0.0,0.0,0.0,0.0,0.0,,,,,,,,,,,,,,,,,,,,,,,,,,,,,,,,,,,,,,,,,,,,,,,,,,,,,,,,,,,,,,,,,,,,,,,,,,,,,,,,,,,,,,,,,,,,,,,,,,,,,,,,,,,,,,,,,,,,,,,,,,,,,,,,,,,,,,,,,,,,,,,,,,,,,,,,,,,,,,,,,,,,,,,,,,,,,,,,,,,,,,,,,,,,,,,,,,,,,,,,,,,,,,,,,,,,,,,,,,,,,,,,,,,,,,,,,,,,,,,,,,,,,,,,,,,,,,,,,,,,,,,,,,,,
2019-01-29,1010457.9053070545,1818.9044497846598,29287.215430230524,55037.98785016455,97446.58883303833,46064.79096571417,24032.77830491434,50488.081656555296,12649.016489927311,40642.04988137541,132607.40424372596,50712.694832905414,,,,,,,,,,,,,,,,,,,,,,,,,,,,,,,,,,,,,,,,,,,,,,,,,,,,,,,,,,,,,,,,,,,,,,,,,,,,,,,,,,,,,,,,,,,,,,,,,,,,,,,,,,,,,,,,0.0,0.0,0.0,0.0,0.0,0.0,0.0,0.0,0.0,0.0,0.0,0.0,0.0,0.0,0.0,0.0,0.0,0.0,0.16281302273273468,0.0,0.0,0.0,0.0,0.0,0.0,0.0,0.0,0.0,0.0,0.0,0.0,0.0,0.0,0.0,0.0,0.0,0.0,0.0,0.0,0.0,0.0,0.0,0.0,0.0,0.0,0.0,0.0,0.0,0.011218912899494171,0.0,0.0,0.0,0.0,0.0,0.0,0.0,0.0,0.0,0.07207216322422028,0.0,0.0,0.0,0.0,0.10112308710813522,0.0,0.0,0.0,0.0,0.0,0.0,0.0,0.0,0.0,0.0,0.0,0.0,0.0,0.0,0.0,0.0,0.0,0.0,0.0,0.0,0.0,0.0,0.0,0.0,0.0,0.0,0.0,0.0,0.0,0.0,0.0,0.0,0.0,0.0,0.0,0.0,0.0,0.0,0.0,0.0,0.0,0.0,0.0,0.0,0.0,0.0,0.0,0.0,0.0,0.0,0.0,0.0,0.0,0.0,0.0,0.0,0.0,0.0,0.0,0.0,0.26394033432006836,0.0,0.0,0.0,0.0,0.0,0.0,0.0,0.0,0.0,0.0,0.0,0.0,0.0,0.0,0.0,0.0,0.0,0.0,0.0,0.0,0.0,0.0,0.0,0.0,0.0,0.0,0.0,0.0,0.0,0.0,0.0,0.0,0.0,0.0,0.0,0.0,0.0,0.0,0.0,0.0,0.0,0.0,0.0,0.0,0.0,0.0,0.0,0.0,0.0,0.0,0.0,0.0,0.0,0.0,0.0,0.0,0.0,0.0,0.0,0.0,0.0770663246512413,0.0,0.0,0.0,0.0,0.0,0.0,0.0,0.0,0.0,0.0,0.0,0.0,0.0,0.0,0.0,0.0,0.0,0.0,0.0,0.029194079339504242,0.0,0.0,0.0,0.0,0.0,0.0,0.0,0.0,0.0,0.0,0.0,0.0,0.0,0.11741958558559418,0.0,0.0,0.0,0.0,0.0,0.0,0.0,0.0,0.0,0.0,0.051610805094242096,0.0,0.0,0.0,0.0,0.0,0.0,0.0,0.0,0.02343638800084591,0.0,0.0,0.0,0.0,0.0,0.0,0.0,0.0,0.0,0.0,0.0,0.0,0.0,0.0,0.0,0.0,0.0,0.0,0.0,0.0,0.0,0.0,0.0,0.0,0.0,0.0,0.0,0.0,0.0,0.0,0.0,0.0,0.0,0.0,0.0,0.0,0.0,0.0,0.0,0.0,0.0,0.0,0.0,0.0,0.0,0.0,0.0,0.0,0.0,0.0,0.08408462256193161,0.0,0.0,0.0,0.0,0.0,0.0,0.0,0.0,0.0,0.0,0.0,0.0,0.0,0.0,0.0,0.0,0.0,0.0,0.0,0.0,0.0,0.0,0.0,0.0,0.0,0.0,0.0,0.0,0.0,0.0,0.0,0.0,0.0,0.0,0.0,0.0,0.0,0.0,0.0,0.0,0.0,0.0,0.0,0.0,0.0,0.0,0.0,0.0,0.0,0.0,0.0,0.0,0.0,0.0,0.0,0.0,0.0,0.0,0.0,0.0,0.0,0.0,0.0,0.0,0.0,0.0,0.0,0.0,0.0,0.0,0.0,0.0,0.0,0.0,0.0,0.0,0.0,0.0,0.0,0.0,0.0,0.0,0.0,0.0,0.0,0.0,0.0,0.0,0.0030055337119847536,0.0,0.0,0.0,0.0,0.0,0.0,0.0,0.0,0.0,0.0,0.0,0.0,0.0,0.0,0.0,0.0,0.0,0.0,0.0,0.0,0.0,0.0,0.0,0.0,0.0,0.0,0.0,0.0,0.0,0.0,0.0,0.0,0.0,0.0,0.0,0.0,0.0,0.0,0.0,0.0,0.0,0.0,0.0,0.0,0.0,0.0,0.0,0.0,0.0,0.0,0.0,0.0,0.0,0.0,0.0,0.0,0.0,0.0,0.0,0.0,0.0,0.0,0.0,0.0,0.0,0.0,0.0,0.0,0.0,0.0,0.0,0.0,0.0,0.0,0.003015188267454505,0.0,0.0,0.0,0.0,0.0,0.0,0.0,0.0,0.0,0.0,0.0,0.0,0.0,0.0,0.0,0.0,0.0,0.0,0.0,0.0,0.0,0.0,0.0,0.0,0.0,0.0,0.0,0.0,0.0,0.0,0.0,0.0,0.0,0.0,0.0,0.0,0.0,0.0,0.0,0.0,0.0,0.0,0.0,0.0,0.0,,,,,,,,,,,,,,,,,,,,,,,,,,,,,,,,,,,,,,,,,,,,,,,,,,,,,,,,,,,,,,,,,,,,,,,,,,,,,,,,,,,,,,,,,,,,,,,,,,,,,,,,,,,,,,,,,,,,,,,,,,,,,,,,,,,,,,,,,,,,,,,,,,,,,,,,,,,,,,,,,,,,,,,,,,,,,,,,,,,,,,,,,,,,,,,,,,,,,,,,,,,,,,,,,,,,,,,,,,,,,,,,,,,,,,,,,,,,,,,,,,,,,,,,,,,,,,,,,,,,,,,,,,,,
2019-01-30,1003768.8777516364,1743.0886450000855,29602.135774354047,55352.78187285993,96474.55524779066,46246.48273473585,23918.063372671313,50492.300043280855,12405.799748511956,40642.012961333414,134634.7199069117,50711.19681697203,,,,,,,,,,,,,,,,,,,,,,,,,,,,,,,,,,,,,,,,,,,,,,,,,,,,,,,,,,,,,,,,,,,,,,,,,,,,,,,,,,,,,,,,,,,,,,,,,,,,,,,,,,,,,,,,0.0,0.0,0.0,0.0,0.0,0.0,0.0,0.0,0.0,0.0,0.0,0.0,0.0,0.0,0.0,0.0,0.0,0.0,0.16281302273273468,0.0,0.0,0.0,0.0,0.0,0.0,0.0,0.0,0.0,0.0,0.0,0.0,0.0,0.0,0.0,0.0,0.0,0.0,0.0,0.0,0.0,0.0,0.0,0.0,0.0,0.0,0.0,0.0,0.0,0.011218912899494171,0.0,0.0,0.0,0.0,0.0,0.0,0.0,0.0,0.0,0.07207216322422028,0.0,0.0,0.0,0.0,0.10112308710813522,0.0,0.0,0.0,0.0,0.0,0.0,0.0,0.0,0.0,0.0,0.0,0.0,0.0,0.0,0.0,0.0,0.0,0.0,0.0,0.0,0.0,0.0,0.0,0.0,0.0,0.0,0.0,0.0,0.0,0.0,0.0,0.0,0.0,0.0,0.0,0.0,0.0,0.0,0.0,0.0,0.0,0.0,0.0,0.0,0.0,0.0,0.0,0.0,0.0,0.0,0.0,0.0,0.0,0.0,0.0,0.0,0.0,0.0,0.0,0.0,0.26394033432006836,0.0,0.0,0.0,0.0,0.0,0.0,0.0,0.0,0.0,0.0,0.0,0.0,0.0,0.0,0.0,0.0,0.0,0.0,0.0,0.0,0.0,0.0,0.0,0.0,0.0,0.0,0.0,0.0,0.0,0.0,0.0,0.0,0.0,0.0,0.0,0.0,0.0,0.0,0.0,0.0,0.0,0.0,0.0,0.0,0.0,0.0,0.0,0.0,0.0,0.0,0.0,0.0,0.0,0.0,0.0,0.0,0.0,0.0,0.0,0.0,0.0770663246512413,0.0,0.0,0.0,0.0,0.0,0.0,0.0,0.0,0.0,0.0,0.0,0.0,0.0,0.0,0.0,0.0,0.0,0.0,0.0,0.029194079339504242,0.0,0.0,0.0,0.0,0.0,0.0,0.0,0.0,0.0,0.0,0.0,0.0,0.0,0.11741958558559418,0.0,0.0,0.0,0.0,0.0,0.0,0.0,0.0,0.0,0.0,0.051610805094242096,0.0,0.0,0.0,0.0,0.0,0.0,0.0,0.0,0.02343638800084591,0.0,0.0,0.0,0.0,0.0,0.0,0.0,0.0,0.0,0.0,0.0,0.0,0.0,0.0,0.0,0.0,0.0,0.0,0.0,0.0,0.0,0.0,0.0,0.0,0.0,0.0,0.0,0.0,0.0,0.0,0.0,0.0,0.0,0.0,0.0,0.0,0.0,0.0,0.0,0.0,0.0,0.0,0.0,0.0,0.0,0.0,0.0,0.0,0.0,0.0,0.08408462256193161,0.0,0.0,0.0,0.0,0.0,0.0,0.0,0.0,0.0,0.0,0.0,0.0,0.0,0.0,0.0,0.0,0.0,0.0,0.0,0.0,0.0,0.0,0.0,0.0,0.0,0.0,0.0,0.0,0.0,0.0,0.0,0.0,0.0,0.0,0.0,0.0,0.0,0.0,0.0,0.0,0.0,0.0,0.0,0.0,0.0,0.0,0.0,0.0,0.0,0.0,0.0,0.0,0.0,0.0,0.0,0.0,0.0,0.0,0.0,0.0,0.0,0.0,0.0,0.0,0.0,0.0,0.0,0.0,0.0,0.0,0.0,0.0,0.0,0.0,0.0,0.0,0.0,0.0,0.0,0.0,0.0,0.0,0.0,0.0,0.0,0.0,0.0,0.0,0.0030055337119847536,0.0,0.0,0.0,0.0,0.0,0.0,0.0,0.0,0.0,0.0,0.0,0.0,0.0,0.0,0.0,0.0,0.0,0.0,0.0,0.0,0.0,0.0,0.0,0.0,0.0,0.0,0.0,0.0,0.0,0.0,0.0,0.0,0.0,0.0,0.0,0.0,0.0,0.0,0.0,0.0,0.0,0.0,0.0,0.0,0.0,0.0,0.0,0.0,0.0,0.0,0.0,0.0,0.0,0.0,0.0,0.0,0.0,0.0,0.0,0.0,0.0,0.0,0.0,0.0,0.0,0.0,0.0,0.0,0.0,0.0,0.0,0.0,0.0,0.0,0.003015188267454505,0.0,0.0,0.0,0.0,0.0,0.0,0.0,0.0,0.0,0.0,0.0,0.0,0.0,0.0,0.0,0.0,0.0,0.0,0.0,0.0,0.0,0.0,0.0,0.0,0.0,0.0,0.0,0.0,0.0,0.0,0.0,0.0,0.0,0.0,0.0,0.0,0.0,0.0,0.0,0.0,0.0,0.0,0.0,0.0,0.0,,,,,,,,,,,,,,,,,,,,,,,,,,,,,,,,,,,,,,,,,,,,,,,,,,,,,,,,,,,,,,,,,,,,,,,,,,,,,,,,,,,,,,,,,,,,,,,,,,,,,,,,,,,,,,,,,,,,,,,,,,,,,,,,,,,,,,,,,,,,,,,,,,,,,,,,,,,,,,,,,,,,,,,,,,,,,,,,,,,,,,,,,,,,,,,,,,,,,,,,,,,,,,,,,,,,,,,,,,,,,,,,,,,,,,,,,,,,,,,,,,,,,,,,,,,,,,,,,,,,,,,,,,,,
2019-01-31,1009953.6907140907,7204.507664526309,29917.062621019948,55660.21153505173,96495.13201094487,46084.06943123755,23746.17931830662,50493.14257968864,12244.178031079267,40645.42219473854,134689.97821042305,48405.888862860884,,,,,,,,,,,,,,,,,,,,,,,,,,,,,,,,,,,,,,,,,,,,,,,,,,,,,,,,,,,,,,,,,,,,,,,,,,,,,,,,,,,,,,,,,,,,,,,,,,,,,,,,,,,,,,,,0.0,0.0,0.0,0.0,0.0,0.0,0.0,0.0,0.0,0.0,0.0,0.0,0.0,0.0,0.0,0.0,0.0,0.0,0.16281302273273468,0.0,0.0,0.0,0.0,0.0,0.0,0.0,0.0,0.0,0.0,0.0,0.0,0.0,0.0,0.0,0.0,0.0,0.0,0.0,0.0,0.0,0.0,0.0,0.0,0.0,0.0,0.0,0.0,0.0,0.011218912899494171,0.0,0.0,0.0,0.0,0.0,0.0,0.0,0.0,0.0,0.07207216322422028,0.0,0.0,0.0,0.0,0.10112308710813522,0.0,0.0,0.0,0.0,0.0,0.0,0.0,0.0,0.0,0.0,0.0,0.0,0.0,0.0,0.0,0.0,0.0,0.0,0.0,0.0,0.0,0.0,0.0,0.0,0.0,0.0,0.0,0.0,0.0,0.0,0.0,0.0,0.0,0.0,0.0,0.0,0.0,0.0,0.0,0.0,0.0,0.0,0.0,0.0,0.0,0.0,0.0,0.0,0.0,0.0,0.0,0.0,0.0,0.0,0.0,0.0,0.0,0.0,0.0,0.0,0.26394033432006836,0.0,0.0,0.0,0.0,0.0,0.0,0.0,0.0,0.0,0.0,0.0,0.0,0.0,0.0,0.0,0.0,0.0,0.0,0.0,0.0,0.0,0.0,0.0,0.0,0.0,0.0,0.0,0.0,0.0,0.0,0.0,0.0,0.0,0.0,0.0,0.0,0.0,0.0,0.0,0.0,0.0,0.0,0.0,0.0,0.0,0.0,0.0,0.0,0.0,0.0,0.0,0.0,0.0,0.0,0.0,0.0,0.0,0.0,0.0,0.0,0.0770663246512413,0.0,0.0,0.0,0.0,0.0,0.0,0.0,0.0,0.0,0.0,0.0,0.0,0.0,0.0,0.0,0.0,0.0,0.0,0.0,0.029194079339504242,0.0,0.0,0.0,0.0,0.0,0.0,0.0,0.0,0.0,0.0,0.0,0.0,0.0,0.11741958558559418,0.0,0.0,0.0,0.0,0.0,0.0,0.0,0.0,0.0,0.0,0.051610805094242096,0.0,0.0,0.0,0.0,0.0,0.0,0.0,0.0,0.02343638800084591,0.0,0.0,0.0,0.0,0.0,0.0,0.0,0.0,0.0,0.0,0.0,0.0,0.0,0.0,0.0,0.0,0.0,0.0,0.0,0.0,0.0,0.0,0.0,0.0,0.0,0.0,0.0,0.0,0.0,0.0,0.0,0.0,0.0,0.0,0.0,0.0,0.0,0.0,0.0,0.0,0.0,0.0,0.0,0.0,0.0,0.0,0.0,0.0,0.0,0.0,0.08408462256193161,0.0,0.0,0.0,0.0,0.0,0.0,0.0,0.0,0.0,0.0,0.0,0.0,0.0,0.0,0.0,0.0,0.0,0.0,0.0,0.0,0.0,0.0,0.0,0.0,0.0,0.0,0.0,0.0,0.0,0.0,0.0,0.0,0.0,0.0,0.0,0.0,0.0,0.0,0.0,0.0,0.0,0.0,0.0,0.0,0.0,0.0,0.0,0.0,0.0,0.0,0.0,0.0,0.0,0.0,0.0,0.0,0.0,0.0,0.0,0.0,0.0,0.0,0.0,0.0,0.0,0.0,0.0,0.0,0.0,0.0,0.0,0.0,0.0,0.0,0.0,0.0,0.0,0.0,0.0,0.0,0.0,0.0,0.0,0.0,0.0,0.0,0.0,0.0,0.0030055337119847536,0.0,0.0,0.0,0.0,0.0,0.0,0.0,0.0,0.0,0.0,0.0,0.0,0.0,0.0,0.0,0.0,0.0,0.0,0.0,0.0,0.0,0.0,0.0,0.0,0.0,0.0,0.0,0.0,0.0,0.0,0.0,0.0,0.0,0.0,0.0,0.0,0.0,0.0,0.0,0.0,0.0,0.0,0.0,0.0,0.0,0.0,0.0,0.0,0.0,0.0,0.0,0.0,0.0,0.0,0.0,0.0,0.0,0.0,0.0,0.0,0.0,0.0,0.0,0.0,0.0,0.0,0.0,0.0,0.0,0.0,0.0,0.0,0.0,0.0,0.003015188267454505,0.0,0.0,0.0,0.0,0.0,0.0,0.0,0.0,0.0,0.0,0.0,0.0,0.0,0.0,0.0,0.0,0.0,0.0,0.0,0.0,0.0,0.0,0.0,0.0,0.0,0.0,0.0,0.0,0.0,0.0,0.0,0.0,0.0,0.0,0.0,0.0,0.0,0.0,0.0,0.0,0.0,0.0,0.0,0.0,0.0,,,,,,,,,,,,,,,,,,,,,,,,,,,,,,,,,,,,,,,,,,,,,,,,,,,,,,,,,,,,,,,,,,,,,,,,,,,,,,,,,,,,,,,,,,,,,,,,,,,,,,,,,,,,,,,,,,,,,,,,,,,,,,,,,,,,,,,,,,,,,,,,,,,,,,,,,,,,,,,,,,,,,,,,,,,,,,,,,,,,,,,,,,,,,,,,,,,,,,,,,,,,,,,,,,,,,,,,,,,,,,,,,,,,,,,,,,,,,,,,,,,,,,,,,,,,,,,,,,,,,,,,,,,,
2019-02-01,1034507.4621032891,1933.2750257528032,31807.766750639606,56275.11840912325,91752.05070186256,46657.89986226843,23634.2414045747,50505.63379888468,11999.85254314268,40647.54556231798,134662.13391978553,50710.334626999655,,,,,,,,,,,,,,,,,,,,,,,,,,,,,,,,,,,,,,,,,,,,,,,,,,,,,,,,,,,,,,,,,,,,,,,,,,,,,,,,,,,,,,,,,,,,,,,,,,,,,,,,,,,,,,,,0.0,0.0,0.0,0.0,0.0,0.0,0.0,0.0,0.0,0.0,0.0,0.0,0.0,0.0,0.0,0.0,0.0,0.0,0.16281302273273468,0.0,0.0,0.0,0.0,0.0,0.0,0.0,0.0,0.0,0.0,0.0,0.0,0.0,0.0,0.0,0.0,0.0,0.0,0.0,0.0,0.0,0.0,0.0,0.0,0.0,0.0,0.0,0.0,0.0,0.011218912899494171,0.0,0.0,0.0,0.0,0.0,0.0,0.0,0.0,0.0,0.07207216322422028,0.0,0.0,0.0,0.0,0.10112308710813522,0.0,0.0,0.0,0.0,0.0,0.0,0.0,0.0,0.0,0.0,0.0,0.0,0.0,0.0,0.0,0.0,0.0,0.0,0.0,0.0,0.0,0.0,0.0,0.0,0.0,0.0,0.0,0.0,0.0,0.0,0.0,0.0,0.0,0.0,0.0,0.0,0.0,0.0,0.0,0.0,0.0,0.0,0.0,0.0,0.0,0.0,0.0,0.0,0.0,0.0,0.0,0.0,0.0,0.0,0.0,0.0,0.0,0.0,0.0,0.0,0.26394033432006836,0.0,0.0,0.0,0.0,0.0,0.0,0.0,0.0,0.0,0.0,0.0,0.0,0.0,0.0,0.0,0.0,0.0,0.0,0.0,0.0,0.0,0.0,0.0,0.0,0.0,0.0,0.0,0.0,0.0,0.0,0.0,0.0,0.0,0.0,0.0,0.0,0.0,0.0,0.0,0.0,0.0,0.0,0.0,0.0,0.0,0.0,0.0,0.0,0.0,0.0,0.0,0.0,0.0,0.0,0.0,0.0,0.0,0.0,0.0,0.0,0.0770663246512413,0.0,0.0,0.0,0.0,0.0,0.0,0.0,0.0,0.0,0.0,0.0,0.0,0.0,0.0,0.0,0.0,0.0,0.0,0.0,0.029194079339504242,0.0,0.0,0.0,0.0,0.0,0.0,0.0,0.0,0.0,0.0,0.0,0.0,0.0,0.11741958558559418,0.0,0.0,0.0,0.0,0.0,0.0,0.0,0.0,0.0,0.0,0.051610805094242096,0.0,0.0,0.0,0.0,0.0,0.0,0.0,0.0,0.02343638800084591,0.0,0.0,0.0,0.0,0.0,0.0,0.0,0.0,0.0,0.0,0.0,0.0,0.0,0.0,0.0,0.0,0.0,0.0,0.0,0.0,0.0,0.0,0.0,0.0,0.0,0.0,0.0,0.0,0.0,0.0,0.0,0.0,0.0,0.0,0.0,0.0,0.0,0.0,0.0,0.0,0.0,0.0,0.0,0.0,0.0,0.0,0.0,0.0,0.0,0.0,0.08408462256193161,0.0,0.0,0.0,0.0,0.0,0.0,0.0,0.0,0.0,0.0,0.0,0.0,0.0,0.0,0.0,0.0,0.0,0.0,0.0,0.0,0.0,0.0,0.0,0.0,0.0,0.0,0.0,0.0,0.0,0.0,0.0,0.0,0.0,0.0,0.0,0.0,0.0,0.0,0.0,0.0,0.0,0.0,0.0,0.0,0.0,0.0,0.0,0.0,0.0,0.0,0.0,0.0,0.0,0.0,0.0,0.0,0.0,0.0,0.0,0.0,0.0,0.0,0.0,0.0,0.0,0.0,0.0,0.0,0.0,0.0,0.0,0.0,0.0,0.0,0.0,0.0,0.0,0.0,0.0,0.0,0.0,0.0,0.0,0.0,0.0,0.0,0.0,0.0,0.0030055337119847536,0.0,0.0,0.0,0.0,0.0,0.0,0.0,0.0,0.0,0.0,0.0,0.0,0.0,0.0,0.0,0.0,0.0,0.0,0.0,0.0,0.0,0.0,0.0,0.0,0.0,0.0,0.0,0.0,0.0,0.0,0.0,0.0,0.0,0.0,0.0,0.0,0.0,0.0,0.0,0.0,0.0,0.0,0.0,0.0,0.0,0.0,0.0,0.0,0.0,0.0,0.0,0.0,0.0,0.0,0.0,0.0,0.0,0.0,0.0,0.0,0.0,0.0,0.0,0.0,0.0,0.0,0.0,0.0,0.0,0.0,0.0,0.0,0.0,0.0,0.003015188267454505,0.0,0.0,0.0,0.0,0.0,0.0,0.0,0.0,0.0,0.0,0.0,0.0,0.0,0.0,0.0,0.0,0.0,0.0,0.0,0.0,0.0,0.0,0.0,0.0,0.0,0.0,0.0,0.0,0.0,0.0,0.0,0.0,0.0,0.0,0.0,0.0,0.0,0.0,0.0,0.0,0.0,0.0,0.0,0.0,0.0,,,,,,,,,,,,,,,,,,,,,,,,,,,,,,,,,,,,,,,,,,,,,,,,,,,,,,,,,,,,,,,,,,,,,,,,,,,,,,,,,,,,,,,,,,,,,,,,,,,,,,,,,,,,,,,,,,,,,,,,,,,,,,,,,,,,,,,,,,,,,,,,,,,,,,,,,,,,,,,,,,,,,,,,,,,,,,,,,,,,,,,,,,,,,,,,,,,,,,,,,,,,,,,,,,,,,,,,,,,,,,,,,,,,,,,,,,,,,,,,,,,,,,,,,,,,,,,,,,,,,,,,,,,,
2019-02-11,1048055.882296704,5143.43533301922,31807.55180697336,57182.69256123974,91752.05070186256,46657.89986226843,23577.023459485063,50505.63379888468,11999.85254314268,38615.206291427254,135770.45109816286,50712.14177601982,,,,,,,,,,,,,,,,,,,,,,,,,,,,,,,,,,,,,,,,,,,,,,,,,,,,,,,,,,,,,,,,,,,,,,,,,,,,,,,,,,,,,,,,,,,,,,,,,,,,,,,,,,,,,,,,0.0,0.0,0.0,0.0,0.0,0.0,0.0,0.0,0.0,0.0,0.0,0.0,0.0,0.0,0.0,0.0,0.0,0.0,0.16281302273273468,0.0,0.0,0.0,0.0,0.0,0.0,0.0,0.0,0.0,0.0,0.0,0.0,0.0,0.0,0.0,0.0,0.0,0.0,0.0,0.0,0.0,0.0,0.0,0.0,0.0,0.0,0.0,0.0,0.0,0.011218912899494171,0.0,0.0,0.0,0.0,0.0,0.0,0.0,0.0,0.0,0.07207216322422028,0.0,0.0,0.0,0.0,0.10112308710813522,0.0,0.0,0.0,0.0,0.0,0.0,0.0,0.0,0.0,0.0,0.0,0.0,0.0,0.0,0.0,0.0,0.0,0.0,0.0,0.0,0.0,0.0,0.0,0.0,0.0,0.0,0.0,0.0,0.0,0.0,0.0,0.0,0.0,0.0,0.0,0.0,0.0,0.0,0.0,0.0,0.0,0.0,0.0,0.0,0.0,0.0,0.0,0.0,0.0,0.0,0.0,0.0,0.0,0.0,0.0,0.0,0.0,0.0,0.0,0.0,0.26394033432006836,0.0,0.0,0.0,0.0,0.0,0.0,0.0,0.0,0.0,0.0,0.0,0.0,0.0,0.0,0.0,0.0,0.0,0.0,0.0,0.0,0.0,0.0,0.0,0.0,0.0,0.0,0.0,0.0,0.0,0.0,0.0,0.0,0.0,0.0,0.0,0.0,0.0,0.0,0.0,0.0,0.0,0.0,0.0,0.0,0.0,0.0,0.0,0.0,0.0,0.0,0.0,0.0,0.0,0.0,0.0,0.0,0.0,0.0,0.0,0.0,0.0770663246512413,0.0,0.0,0.0,0.0,0.0,0.0,0.0,0.0,0.0,0.0,0.0,0.0,0.0,0.0,0.0,0.0,0.0,0.0,0.0,0.029194079339504242,0.0,0.0,0.0,0.0,0.0,0.0,0.0,0.0,0.0,0.0,0.0,0.0,0.0,0.11741958558559418,0.0,0.0,0.0,0.0,0.0,0.0,0.0,0.0,0.0,0.0,0.051610805094242096,0.0,0.0,0.0,0.0,0.0,0.0,0.0,0.0,0.02343638800084591,0.0,0.0,0.0,0.0,0.0,0.0,0.0,0.0,0.0,0.0,0.0,0.0,0.0,0.0,0.0,0.0,0.0,0.0,0.0,0.0,0.0,0.0,0.0,0.0,0.0,0.0,0.0,0.0,0.0,0.0,0.0,0.0,0.0,0.0,0.0,0.0,0.0,0.0,0.0,0.0,0.0,0.0,0.0,0.0,0.0,0.0,0.0,0.0,0.0,0.0,0.08408462256193161,0.0,0.0,0.0,0.0,0.0,0.0,0.0,0.0,0.0,0.0,0.0,0.0,0.0,0.0,0.0,0.0,0.0,0.0,0.0,0.0,0.0,0.0,0.0,0.0,0.0,0.0,0.0,0.0,0.0,0.0,0.0,0.0,0.0,0.0,0.0,0.0,0.0,0.0,0.0,0.0,0.0,0.0,0.0,0.0,0.0,0.0,0.0,0.0,0.0,0.0,0.0,0.0,0.0,0.0,0.0,0.0,0.0,0.0,0.0,0.0,0.0,0.0,0.0,0.0,0.0,0.0,0.0,0.0,0.0,0.0,0.0,0.0,0.0,0.0,0.0,0.0,0.0,0.0,0.0,0.0,0.0,0.0,0.0,0.0,0.0,0.0,0.0,0.0,0.0030055337119847536,0.0,0.0,0.0,0.0,0.0,0.0,0.0,0.0,0.0,0.0,0.0,0.0,0.0,0.0,0.0,0.0,0.0,0.0,0.0,0.0,0.0,0.0,0.0,0.0,0.0,0.0,0.0,0.0,0.0,0.0,0.0,0.0,0.0,0.0,0.0,0.0,0.0,0.0,0.0,0.0,0.0,0.0,0.0,0.0,0.0,0.0,0.0,0.0,0.0,0.0,0.0,0.0,0.0,0.0,0.0,0.0,0.0,0.0,0.0,0.0,0.0,0.0,0.0,0.0,0.0,0.0,0.0,0.0,0.0,0.0,0.0,0.0,0.0,0.0,0.003015188267454505,0.0,0.0,0.0,0.0,0.0,0.0,0.0,0.0,0.0,0.0,0.0,0.0,0.0,0.0,0.0,0.0,0.0,0.0,0.0,0.0,0.0,0.0,0.0,0.0,0.0,0.0,0.0,0.0,0.0,0.0,0.0,0.0,0.0,0.0,0.0,0.0,0.0,0.0,0.0,0.0,0.0,0.0,0.0,0.0,0.0,,,,,,,,,,,,,,,,,,,,,,,,,,,,,,,,,,,,,,,,,,,,,,,,,,,,,,,,,,,,,,,,,,,,,,,,,,,,,,,,,,,,,,,,,,,,,,,,,,,,,,,,,,,,,,,,,,,,,,,,,,,,,,,,,,,,,,,,,,,,,,,,,,,,,,,,,,,,,,,,,,,,,,,,,,,,,,,,,,,,,,,,,,,,,,,,,,,,,,,,,,,,,,,,,,,,,,,,,,,,,,,,,,,,,,,,,,,,,,,,,,,,,,,,,,,,,,,,,,,,,,,,,,,,
2019-02-12,1052130.2739278006,2765.2639417238147,31177.236964226537,57196.092377775916,92682.5527050238,47258.404307778765,23633.111731871464,51302.480257045194,12324.211000435433,38609.54696247361,132593.2518564874,50704.87912474373,,,,,,,,,,,,,,,,,,,,,,,,,,,,,,,,,,,,,,,,,,,,,,,,,,,,,,,,,,,,,,,,,,,,,,,,,,,,,,,,,,,,,,,,,,,,,,,,,,,,,,,,,,,,,,,,0.0,0.0,0.0,0.0,0.0,0.0,0.0,0.0,0.0,0.0,0.0,0.0,0.0,0.0,0.0,0.0,0.0,0.0,0.16281302273273468,0.0,0.0,0.0,0.0,0.0,0.0,0.0,0.0,0.0,0.0,0.0,0.0,0.0,0.0,0.0,0.0,0.0,0.0,0.0,0.0,0.0,0.0,0.0,0.0,0.0,0.0,0.0,0.0,0.0,0.011218912899494171,0.0,0.0,0.0,0.0,0.0,0.0,0.0,0.0,0.0,0.07207216322422028,0.0,0.0,0.0,0.0,0.10112308710813522,0.0,0.0,0.0,0.0,0.0,0.0,0.0,0.0,0.0,0.0,0.0,0.0,0.0,0.0,0.0,0.0,0.0,0.0,0.0,0.0,0.0,0.0,0.0,0.0,0.0,0.0,0.0,0.0,0.0,0.0,0.0,0.0,0.0,0.0,0.0,0.0,0.0,0.0,0.0,0.0,0.0,0.0,0.0,0.0,0.0,0.0,0.0,0.0,0.0,0.0,0.0,0.0,0.0,0.0,0.0,0.0,0.0,0.0,0.0,0.0,0.26394033432006836,0.0,0.0,0.0,0.0,0.0,0.0,0.0,0.0,0.0,0.0,0.0,0.0,0.0,0.0,0.0,0.0,0.0,0.0,0.0,0.0,0.0,0.0,0.0,0.0,0.0,0.0,0.0,0.0,0.0,0.0,0.0,0.0,0.0,0.0,0.0,0.0,0.0,0.0,0.0,0.0,0.0,0.0,0.0,0.0,0.0,0.0,0.0,0.0,0.0,0.0,0.0,0.0,0.0,0.0,0.0,0.0,0.0,0.0,0.0,0.0,0.0770663246512413,0.0,0.0,0.0,0.0,0.0,0.0,0.0,0.0,0.0,0.0,0.0,0.0,0.0,0.0,0.0,0.0,0.0,0.0,0.0,0.029194079339504242,0.0,0.0,0.0,0.0,0.0,0.0,0.0,0.0,0.0,0.0,0.0,0.0,0.0,0.11741958558559418,0.0,0.0,0.0,0.0,0.0,0.0,0.0,0.0,0.0,0.0,0.051610805094242096,0.0,0.0,0.0,0.0,0.0,0.0,0.0,0.0,0.02343638800084591,0.0,0.0,0.0,0.0,0.0,0.0,0.0,0.0,0.0,0.0,0.0,0.0,0.0,0.0,0.0,0.0,0.0,0.0,0.0,0.0,0.0,0.0,0.0,0.0,0.0,0.0,0.0,0.0,0.0,0.0,0.0,0.0,0.0,0.0,0.0,0.0,0.0,0.0,0.0,0.0,0.0,0.0,0.0,0.0,0.0,0.0,0.0,0.0,0.0,0.0,0.08408462256193161,0.0,0.0,0.0,0.0,0.0,0.0,0.0,0.0,0.0,0.0,0.0,0.0,0.0,0.0,0.0,0.0,0.0,0.0,0.0,0.0,0.0,0.0,0.0,0.0,0.0,0.0,0.0,0.0,0.0,0.0,0.0,0.0,0.0,0.0,0.0,0.0,0.0,0.0,0.0,0.0,0.0,0.0,0.0,0.0,0.0,0.0,0.0,0.0,0.0,0.0,0.0,0.0,0.0,0.0,0.0,0.0,0.0,0.0,0.0,0.0,0.0,0.0,0.0,0.0,0.0,0.0,0.0,0.0,0.0,0.0,0.0,0.0,0.0,0.0,0.0,0.0,0.0,0.0,0.0,0.0,0.0,0.0,0.0,0.0,0.0,0.0,0.0,0.0,0.0030055337119847536,0.0,0.0,0.0,0.0,0.0,0.0,0.0,0.0,0.0,0.0,0.0,0.0,0.0,0.0,0.0,0.0,0.0,0.0,0.0,0.0,0.0,0.0,0.0,0.0,0.0,0.0,0.0,0.0,0.0,0.0,0.0,0.0,0.0,0.0,0.0,0.0,0.0,0.0,0.0,0.0,0.0,0.0,0.0,0.0,0.0,0.0,0.0,0.0,0.0,0.0,0.0,0.0,0.0,0.0,0.0,0.0,0.0,0.0,0.0,0.0,0.0,0.0,0.0,0.0,0.0,0.0,0.0,0.0,0.0,0.0,0.0,0.0,0.0,0.0,0.003015188267454505,0.0,0.0,0.0,0.0,0.0,0.0,0.0,0.0,0.0,0.0,0.0,0.0,0.0,0.0,0.0,0.0,0.0,0.0,0.0,0.0,0.0,0.0,0.0,0.0,0.0,0.0,0.0,0.0,0.0,0.0,0.0,0.0,0.0,0.0,0.0,0.0,0.0,0.0,0.0,0.0,0.0,0.0,0.0,0.0,0.0,,,,,,,,,,,,,,,,,,,,,,,,,,,,,,,,,,,,,,,,,,,,,,,,,,,,,,,,,,,,,,,,,,,,,,,,,,,,,,,,,,,,,,,,,,,,,,,,,,,,,,,,,,,,,,,,,,,,,,,,,,,,,,,,,,,,,,,,,,,,,,,,,,,,,,,,,,,,,,,,,,,,,,,,,,,,,,,,,,,,,,,,,,,,,,,,,,,,,,,,,,,,,,,,,,,,,,,,,,,,,,,,,,,,,,,,,,,,,,,,,,,,,,,,,,,,,,,,,,,,,,,,,,,,
2019-02-13,1063769.9372336066,114.9295967329093,31491.9664327778,57499.86216737834,90790.4898756735,46833.81971229982,23804.07598383282,52126.1476456764,12242.594624770623,38615.355397417756,135725.37591608946,50708.57550203214,,,,,,,,,,,,,,,,,,,,,,,,,,,,,,,,,,,,,,,,,,,,,,,,,,,,,,,,,,,,,,,,,,,,,,,,,,,,,,,,,,,,,,,,,,,,,,,,,,,,,,,,,,,,,,,,0.0,0.0,0.0,0.0,0.0,0.0,0.0,0.0,0.0,0.0,0.0,0.0,0.0,0.0,0.0,0.0,0.0,0.0,0.16281302273273468,0.0,0.0,0.0,0.0,0.0,0.0,0.0,0.0,0.0,0.0,0.0,0.0,0.0,0.0,0.0,0.0,0.0,0.0,0.0,0.0,0.0,0.0,0.0,0.0,0.0,0.0,0.0,0.0,0.0,0.011218912899494171,0.0,0.0,0.0,0.0,0.0,0.0,0.0,0.0,0.0,0.07207216322422028,0.0,0.0,0.0,0.0,0.10112308710813522,0.0,0.0,0.0,0.0,0.0,0.0,0.0,0.0,0.0,0.0,0.0,0.0,0.0,0.0,0.0,0.0,0.0,0.0,0.0,0.0,0.0,0.0,0.0,0.0,0.0,0.0,0.0,0.0,0.0,0.0,0.0,0.0,0.0,0.0,0.0,0.0,0.0,0.0,0.0,0.0,0.0,0.0,0.0,0.0,0.0,0.0,0.0,0.0,0.0,0.0,0.0,0.0,0.0,0.0,0.0,0.0,0.0,0.0,0.0,0.0,0.26394033432006836,0.0,0.0,0.0,0.0,0.0,0.0,0.0,0.0,0.0,0.0,0.0,0.0,0.0,0.0,0.0,0.0,0.0,0.0,0.0,0.0,0.0,0.0,0.0,0.0,0.0,0.0,0.0,0.0,0.0,0.0,0.0,0.0,0.0,0.0,0.0,0.0,0.0,0.0,0.0,0.0,0.0,0.0,0.0,0.0,0.0,0.0,0.0,0.0,0.0,0.0,0.0,0.0,0.0,0.0,0.0,0.0,0.0,0.0,0.0,0.0,0.0770663246512413,0.0,0.0,0.0,0.0,0.0,0.0,0.0,0.0,0.0,0.0,0.0,0.0,0.0,0.0,0.0,0.0,0.0,0.0,0.0,0.029194079339504242,0.0,0.0,0.0,0.0,0.0,0.0,0.0,0.0,0.0,0.0,0.0,0.0,0.0,0.11741958558559418,0.0,0.0,0.0,0.0,0.0,0.0,0.0,0.0,0.0,0.0,0.051610805094242096,0.0,0.0,0.0,0.0,0.0,0.0,0.0,0.0,0.02343638800084591,0.0,0.0,0.0,0.0,0.0,0.0,0.0,0.0,0.0,0.0,0.0,0.0,0.0,0.0,0.0,0.0,0.0,0.0,0.0,0.0,0.0,0.0,0.0,0.0,0.0,0.0,0.0,0.0,0.0,0.0,0.0,0.0,0.0,0.0,0.0,0.0,0.0,0.0,0.0,0.0,0.0,0.0,0.0,0.0,0.0,0.0,0.0,0.0,0.0,0.0,0.08408462256193161,0.0,0.0,0.0,0.0,0.0,0.0,0.0,0.0,0.0,0.0,0.0,0.0,0.0,0.0,0.0,0.0,0.0,0.0,0.0,0.0,0.0,0.0,0.0,0.0,0.0,0.0,0.0,0.0,0.0,0.0,0.0,0.0,0.0,0.0,0.0,0.0,0.0,0.0,0.0,0.0,0.0,0.0,0.0,0.0,0.0,0.0,0.0,0.0,0.0,0.0,0.0,0.0,0.0,0.0,0.0,0.0,0.0,0.0,0.0,0.0,0.0,0.0,0.0,0.0,0.0,0.0,0.0,0.0,0.0,0.0,0.0,0.0,0.0,0.0,0.0,0.0,0.0,0.0,0.0,0.0,0.0,0.0,0.0,0.0,0.0,0.0,0.0,0.0,0.0030055337119847536,0.0,0.0,0.0,0.0,0.0,0.0,0.0,0.0,0.0,0.0,0.0,0.0,0.0,0.0,0.0,0.0,0.0,0.0,0.0,0.0,0.0,0.0,0.0,0.0,0.0,0.0,0.0,0.0,0.0,0.0,0.0,0.0,0.0,0.0,0.0,0.0,0.0,0.0,0.0,0.0,0.0,0.0,0.0,0.0,0.0,0.0,0.0,0.0,0.0,0.0,0.0,0.0,0.0,0.0,0.0,0.0,0.0,0.0,0.0,0.0,0.0,0.0,0.0,0.0,0.0,0.0,0.0,0.0,0.0,0.0,0.0,0.0,0.0,0.0,0.003015188267454505,0.0,0.0,0.0,0.0,0.0,0.0,0.0,0.0,0.0,0.0,0.0,0.0,0.0,0.0,0.0,0.0,0.0,0.0,0.0,0.0,0.0,0.0,0.0,0.0,0.0,0.0,0.0,0.0,0.0,0.0,0.0,0.0,0.0,0.0,0.0,0.0,0.0,0.0,0.0,0.0,0.0,0.0,0.0,0.0,0.0,,,,,,,,,,,,,,,,,,,,,,,,,,,,,,,,,,,,,,,,,,,,,,,,,,,,,,,,,,,,,,,,,,,,,,,,,,,,,,,,,,,,,,,,,,,,,,,,,,,,,,,,,,,,,,,,,,,,,,,,,,,,,,,,,,,,,,,,,,,,,,,,,,,,,,,,,,,,,,,,,,,,,,,,,,,,,,,,,,,,,,,,,,,,,,,,,,,,,,,,,,,,,,,,,,,,,,,,,,,,,,,,,,,,,,,,,,,,,,,,,,,,,,,,,,,,,,,,,,,,,,,,,,,,
2019-02-14,1063900.977196887,5079.194830552115,31176.74246003434,57505.600864855194,91737.00629364056,46833.81971229982,23804.07598383282,52127.830502064615,12242.594624770623,38612.902604027986,135725.37591608946,48404.72920193494,,,,,,,,,,,,,,,,,,,,,,,,,,,,,,,,,,,,,,,,,,,,,,,,,,,,,,,,,,,,,,,,,,,,,,,,,,,,,,,,,,,,,,,,,,,,,,,,,,,,,,,,,,,,,,,,0.0,0.0,0.0,0.0,0.0,0.0,0.0,0.0,0.0,0.0,0.0,0.0,0.0,0.0,0.0,0.0,0.0,0.0,0.16281302273273468,0.0,0.0,0.0,0.0,0.0,0.0,0.0,0.0,0.0,0.0,0.0,0.0,0.0,0.0,0.0,0.0,0.0,0.0,0.0,0.0,0.0,0.0,0.0,0.0,0.0,0.0,0.0,0.0,0.0,0.011218912899494171,0.0,0.0,0.0,0.0,0.0,0.0,0.0,0.0,0.0,0.07207216322422028,0.0,0.0,0.0,0.0,0.10112308710813522,0.0,0.0,0.0,0.0,0.0,0.0,0.0,0.0,0.0,0.0,0.0,0.0,0.0,0.0,0.0,0.0,0.0,0.0,0.0,0.0,0.0,0.0,0.0,0.0,0.0,0.0,0.0,0.0,0.0,0.0,0.0,0.0,0.0,0.0,0.0,0.0,0.0,0.0,0.0,0.0,0.0,0.0,0.0,0.0,0.0,0.0,0.0,0.0,0.0,0.0,0.0,0.0,0.0,0.0,0.0,0.0,0.0,0.0,0.0,0.0,0.26394033432006836,0.0,0.0,0.0,0.0,0.0,0.0,0.0,0.0,0.0,0.0,0.0,0.0,0.0,0.0,0.0,0.0,0.0,0.0,0.0,0.0,0.0,0.0,0.0,0.0,0.0,0.0,0.0,0.0,0.0,0.0,0.0,0.0,0.0,0.0,0.0,0.0,0.0,0.0,0.0,0.0,0.0,0.0,0.0,0.0,0.0,0.0,0.0,0.0,0.0,0.0,0.0,0.0,0.0,0.0,0.0,0.0,0.0,0.0,0.0,0.0,0.0770663246512413,0.0,0.0,0.0,0.0,0.0,0.0,0.0,0.0,0.0,0.0,0.0,0.0,0.0,0.0,0.0,0.0,0.0,0.0,0.0,0.029194079339504242,0.0,0.0,0.0,0.0,0.0,0.0,0.0,0.0,0.0,0.0,0.0,0.0,0.0,0.11741958558559418,0.0,0.0,0.0,0.0,0.0,0.0,0.0,0.0,0.0,0.0,0.051610805094242096,0.0,0.0,0.0,0.0,0.0,0.0,0.0,0.0,0.02343638800084591,0.0,0.0,0.0,0.0,0.0,0.0,0.0,0.0,0.0,0.0,0.0,0.0,0.0,0.0,0.0,0.0,0.0,0.0,0.0,0.0,0.0,0.0,0.0,0.0,0.0,0.0,0.0,0.0,0.0,0.0,0.0,0.0,0.0,0.0,0.0,0.0,0.0,0.0,0.0,0.0,0.0,0.0,0.0,0.0,0.0,0.0,0.0,0.0,0.0,0.0,0.08408462256193161,0.0,0.0,0.0,0.0,0.0,0.0,0.0,0.0,0.0,0.0,0.0,0.0,0.0,0.0,0.0,0.0,0.0,0.0,0.0,0.0,0.0,0.0,0.0,0.0,0.0,0.0,0.0,0.0,0.0,0.0,0.0,0.0,0.0,0.0,0.0,0.0,0.0,0.0,0.0,0.0,0.0,0.0,0.0,0.0,0.0,0.0,0.0,0.0,0.0,0.0,0.0,0.0,0.0,0.0,0.0,0.0,0.0,0.0,0.0,0.0,0.0,0.0,0.0,0.0,0.0,0.0,0.0,0.0,0.0,0.0,0.0,0.0,0.0,0.0,0.0,0.0,0.0,0.0,0.0,0.0,0.0,0.0,0.0,0.0,0.0,0.0,0.0,0.0,0.0030055337119847536,0.0,0.0,0.0,0.0,0.0,0.0,0.0,0.0,0.0,0.0,0.0,0.0,0.0,0.0,0.0,0.0,0.0,0.0,0.0,0.0,0.0,0.0,0.0,0.0,0.0,0.0,0.0,0.0,0.0,0.0,0.0,0.0,0.0,0.0,0.0,0.0,0.0,0.0,0.0,0.0,0.0,0.0,0.0,0.0,0.0,0.0,0.0,0.0,0.0,0.0,0.0,0.0,0.0,0.0,0.0,0.0,0.0,0.0,0.0,0.0,0.0,0.0,0.0,0.0,0.0,0.0,0.0,0.0,0.0,0.0,0.0,0.0,0.0,0.0,0.003015188267454505,0.0,0.0,0.0,0.0,0.0,0.0,0.0,0.0,0.0,0.0,0.0,0.0,0.0,0.0,0.0,0.0,0.0,0.0,0.0,0.0,0.0,0.0,0.0,0.0,0.0,0.0,0.0,0.0,0.0,0.0,0.0,0.0,0.0,0.0,0.0,0.0,0.0,0.0,0.0,0.0,0.0,0.0,0.0,0.0,0.0,,,,,,,,,,,,,,,,,,,,,,,,,,,,,,,,,,,,,,,,,,,,,,,,,,,,,,,,,,,,,,,,,,,,,,,,,,,,,,,,,,,,,,,,,,,,,,,,,,,,,,,,,,,,,,,,,,,,,,,,,,,,,,,,,,,,,,,,,,,,,,,,,,,,,,,,,,,,,,,,,,,,,,,,,,,,,,,,,,,,,,,,,,,,,,,,,,,,,,,,,,,,,,,,,,,,,,,,,,,,,,,,,,,,,,,,,,,,,,,,,,,,,,,,,,,,,,,,,,,,,,,,,,,,
2019-02-15,1053999.332088431,1814.3279747282145,31178.202609351916,57505.600864855194,91750.35011961474,47044.84045488011,23921.213582981192,52116.805340490355,12324.19194126151,38612.68043551252,137752.09186116327,48404.22628382542,,,,,,,,,,,,,,,,,,,,,,,,,,,,,,,,,,,,,,,,,,,,,,,,,,,,,,,,,,,,,,,,,,,,,,,,,,,,,,,,,,,,,,,,,,,,,,,,,,,,,,,,,,,,,,,,0.0,0.0,0.0,0.0,0.0,0.0,0.0,0.0,0.0,0.0,0.0,0.0,0.0,0.0,0.0,0.0,0.0,0.0,0.16281302273273468,0.0,0.0,0.0,0.0,0.0,0.0,0.0,0.0,0.0,0.0,0.0,0.0,0.0,0.0,0.0,0.0,0.0,0.0,0.0,0.0,0.0,0.0,0.0,0.0,0.0,0.0,0.0,0.0,0.0,0.011218912899494171,0.0,0.0,0.0,0.0,0.0,0.0,0.0,0.0,0.0,0.07207216322422028,0.0,0.0,0.0,0.0,0.10112308710813522,0.0,0.0,0.0,0.0,0.0,0.0,0.0,0.0,0.0,0.0,0.0,0.0,0.0,0.0,0.0,0.0,0.0,0.0,0.0,0.0,0.0,0.0,0.0,0.0,0.0,0.0,0.0,0.0,0.0,0.0,0.0,0.0,0.0,0.0,0.0,0.0,0.0,0.0,0.0,0.0,0.0,0.0,0.0,0.0,0.0,0.0,0.0,0.0,0.0,0.0,0.0,0.0,0.0,0.0,0.0,0.0,0.0,0.0,0.0,0.0,0.26394033432006836,0.0,0.0,0.0,0.0,0.0,0.0,0.0,0.0,0.0,0.0,0.0,0.0,0.0,0.0,0.0,0.0,0.0,0.0,0.0,0.0,0.0,0.0,0.0,0.0,0.0,0.0,0.0,0.0,0.0,0.0,0.0,0.0,0.0,0.0,0.0,0.0,0.0,0.0,0.0,0.0,0.0,0.0,0.0,0.0,0.0,0.0,0.0,0.0,0.0,0.0,0.0,0.0,0.0,0.0,0.0,0.0,0.0,0.0,0.0,0.0,0.0770663246512413,0.0,0.0,0.0,0.0,0.0,0.0,0.0,0.0,0.0,0.0,0.0,0.0,0.0,0.0,0.0,0.0,0.0,0.0,0.0,0.029194079339504242,0.0,0.0,0.0,0.0,0.0,0.0,0.0,0.0,0.0,0.0,0.0,0.0,0.0,0.11741958558559418,0.0,0.0,0.0,0.0,0.0,0.0,0.0,0.0,0.0,0.0,0.051610805094242096,0.0,0.0,0.0,0.0,0.0,0.0,0.0,0.0,0.02343638800084591,0.0,0.0,0.0,0.0,0.0,0.0,0.0,0.0,0.0,0.0,0.0,0.0,0.0,0.0,0.0,0.0,0.0,0.0,0.0,0.0,0.0,0.0,0.0,0.0,0.0,0.0,0.0,0.0,0.0,0.0,0.0,0.0,0.0,0.0,0.0,0.0,0.0,0.0,0.0,0.0,0.0,0.0,0.0,0.0,0.0,0.0,0.0,0.0,0.0,0.0,0.08408462256193161,0.0,0.0,0.0,0.0,0.0,0.0,0.0,0.0,0.0,0.0,0.0,0.0,0.0,0.0,0.0,0.0,0.0,0.0,0.0,0.0,0.0,0.0,0.0,0.0,0.0,0.0,0.0,0.0,0.0,0.0,0.0,0.0,0.0,0.0,0.0,0.0,0.0,0.0,0.0,0.0,0.0,0.0,0.0,0.0,0.0,0.0,0.0,0.0,0.0,0.0,0.0,0.0,0.0,0.0,0.0,0.0,0.0,0.0,0.0,0.0,0.0,0.0,0.0,0.0,0.0,0.0,0.0,0.0,0.0,0.0,0.0,0.0,0.0,0.0,0.0,0.0,0.0,0.0,0.0,0.0,0.0,0.0,0.0,0.0,0.0,0.0,0.0,0.0,0.0030055337119847536,0.0,0.0,0.0,0.0,0.0,0.0,0.0,0.0,0.0,0.0,0.0,0.0,0.0,0.0,0.0,0.0,0.0,0.0,0.0,0.0,0.0,0.0,0.0,0.0,0.0,0.0,0.0,0.0,0.0,0.0,0.0,0.0,0.0,0.0,0.0,0.0,0.0,0.0,0.0,0.0,0.0,0.0,0.0,0.0,0.0,0.0,0.0,0.0,0.0,0.0,0.0,0.0,0.0,0.0,0.0,0.0,0.0,0.0,0.0,0.0,0.0,0.0,0.0,0.0,0.0,0.0,0.0,0.0,0.0,0.0,0.0,0.0,0.0,0.0,0.003015188267454505,0.0,0.0,0.0,0.0,0.0,0.0,0.0,0.0,0.0,0.0,0.0,0.0,0.0,0.0,0.0,0.0,0.0,0.0,0.0,0.0,0.0,0.0,0.0,0.0,0.0,0.0,0.0,0.0,0.0,0.0,0.0,0.0,0.0,0.0,0.0,0.0,0.0,0.0,0.0,0.0,0.0,0.0,0.0,0.0,0.0,,,,,,,,,,,,,,,,,,,,,,,,,,,,,,,,,,,,,,,,,,,,,,,,,,,,,,,,,,,,,,,,,,,,,,,,,,,,,,,,,,,,,,,,,,,,,,,,,,,,,,,,,,,,,,,,,,,,,,,,,,,,,,,,,,,,,,,,,,,,,,,,,,,,,,,,,,,,,,,,,,,,,,,,,,,,,,,,,,,,,,,,,,,,,,,,,,,,,,,,,,,,,,,,,,,,,,,,,,,,,,,,,,,,,,,,,,,,,,,,,,,,,,,,,,,,,,,,,,,,,,,,,,,,
2019-02-18,1089561.0327096188,1804.0107931530124,31178.13823114924,57192.764109428535,92693.43413565043,47442.45022381961,23918.967787391422,52131.19021329284,12244.205253154212,38615.03964491818,136807.48321392018,48406.66200101499,,,,,,,,,,,,,,,,,,,,,,,,,,,,,,,,,,,,,,,,,,,,,,,,,,,,,,,,,,,,,,,,,,,,,,,,,,,,,,,,,,,,,,,,,,,,,,,,,,,,,,,,,,,,,,,,0.0,0.0,0.0,0.0,0.0,0.0,0.0,0.0,0.0,0.0,0.0,0.0,0.0,0.0,0.0,0.0,0.0,0.0,0.16281302273273468,0.0,0.0,0.0,0.0,0.0,0.0,0.0,0.0,0.0,0.0,0.0,0.0,0.0,0.0,0.0,0.0,0.0,0.0,0.0,0.0,0.0,0.0,0.0,0.0,0.0,0.0,0.0,0.0,0.0,0.011218912899494171,0.0,0.0,0.0,0.0,0.0,0.0,0.0,0.0,0.0,0.07207216322422028,0.0,0.0,0.0,0.0,0.10112308710813522,0.0,0.0,0.0,0.0,0.0,0.0,0.0,0.0,0.0,0.0,0.0,0.0,0.0,0.0,0.0,0.0,0.0,0.0,0.0,0.0,0.0,0.0,0.0,0.0,0.0,0.0,0.0,0.0,0.0,0.0,0.0,0.0,0.0,0.0,0.0,0.0,0.0,0.0,0.0,0.0,0.0,0.0,0.0,0.0,0.0,0.0,0.0,0.0,0.0,0.0,0.0,0.0,0.0,0.0,0.0,0.0,0.0,0.0,0.0,0.0,0.26394033432006836,0.0,0.0,0.0,0.0,0.0,0.0,0.0,0.0,0.0,0.0,0.0,0.0,0.0,0.0,0.0,0.0,0.0,0.0,0.0,0.0,0.0,0.0,0.0,0.0,0.0,0.0,0.0,0.0,0.0,0.0,0.0,0.0,0.0,0.0,0.0,0.0,0.0,0.0,0.0,0.0,0.0,0.0,0.0,0.0,0.0,0.0,0.0,0.0,0.0,0.0,0.0,0.0,0.0,0.0,0.0,0.0,0.0,0.0,0.0,0.0,0.0770663246512413,0.0,0.0,0.0,0.0,0.0,0.0,0.0,0.0,0.0,0.0,0.0,0.0,0.0,0.0,0.0,0.0,0.0,0.0,0.0,0.029194079339504242,0.0,0.0,0.0,0.0,0.0,0.0,0.0,0.0,0.0,0.0,0.0,0.0,0.0,0.11741958558559418,0.0,0.0,0.0,0.0,0.0,0.0,0.0,0.0,0.0,0.0,0.051610805094242096,0.0,0.0,0.0,0.0,0.0,0.0,0.0,0.0,0.02343638800084591,0.0,0.0,0.0,0.0,0.0,0.0,0.0,0.0,0.0,0.0,0.0,0.0,0.0,0.0,0.0,0.0,0.0,0.0,0.0,0.0,0.0,0.0,0.0,0.0,0.0,0.0,0.0,0.0,0.0,0.0,0.0,0.0,0.0,0.0,0.0,0.0,0.0,0.0,0.0,0.0,0.0,0.0,0.0,0.0,0.0,0.0,0.0,0.0,0.0,0.0,0.08408462256193161,0.0,0.0,0.0,0.0,0.0,0.0,0.0,0.0,0.0,0.0,0.0,0.0,0.0,0.0,0.0,0.0,0.0,0.0,0.0,0.0,0.0,0.0,0.0,0.0,0.0,0.0,0.0,0.0,0.0,0.0,0.0,0.0,0.0,0.0,0.0,0.0,0.0,0.0,0.0,0.0,0.0,0.0,0.0,0.0,0.0,0.0,0.0,0.0,0.0,0.0,0.0,0.0,0.0,0.0,0.0,0.0,0.0,0.0,0.0,0.0,0.0,0.0,0.0,0.0,0.0,0.0,0.0,0.0,0.0,0.0,0.0,0.0,0.0,0.0,0.0,0.0,0.0,0.0,0.0,0.0,0.0,0.0,0.0,0.0,0.0,0.0,0.0,0.0,0.0030055337119847536,0.0,0.0,0.0,0.0,0.0,0.0,0.0,0.0,0.0,0.0,0.0,0.0,0.0,0.0,0.0,0.0,0.0,0.0,0.0,0.0,0.0,0.0,0.0,0.0,0.0,0.0,0.0,0.0,0.0,0.0,0.0,0.0,0.0,0.0,0.0,0.0,0.0,0.0,0.0,0.0,0.0,0.0,0.0,0.0,0.0,0.0,0.0,0.0,0.0,0.0,0.0,0.0,0.0,0.0,0.0,0.0,0.0,0.0,0.0,0.0,0.0,0.0,0.0,0.0,0.0,0.0,0.0,0.0,0.0,0.0,0.0,0.0,0.0,0.0,0.003015188267454505,0.0,0.0,0.0,0.0,0.0,0.0,0.0,0.0,0.0,0.0,0.0,0.0,0.0,0.0,0.0,0.0,0.0,0.0,0.0,0.0,0.0,0.0,0.0,0.0,0.0,0.0,0.0,0.0,0.0,0.0,0.0,0.0,0.0,0.0,0.0,0.0,0.0,0.0,0.0,0.0,0.0,0.0,0.0,0.0,0.0,,,,,,,,,,,,,,,,,,,,,,,,,,,,,,,,,,,,,,,,,,,,,,,,,,,,,,,,,,,,,,,,,,,,,,,,,,,,,,,,,,,,,,,,,,,,,,,,,,,,,,,,,,,,,,,,,,,,,,,,,,,,,,,,,,,,,,,,,,,,,,,,,,,,,,,,,,,,,,,,,,,,,,,,,,,,,,,,,,,,,,,,,,,,,,,,,,,,,,,,,,,,,,,,,,,,,,,,,,,,,,,,,,,,,,,,,,,,,,,,,,,,,,,,,,,,,,,,,,,,,,,,,,,,
2019-02-19,1090526.8908931653,835.0818234328418,31492.182195048357,55350.13394447792,93653.64689842256,48227.82761338481,24205.78120061549,52131.19021329284,12081.536349893095,38612.902604027986,137806.28723865657,48403.99353187421,,,,,,,,,,,,,,,,,,,,,,,,,,,,,,,,,,,,,,,,,,,,,,,,,,,,,,,,,,,,,,,,,,,,,,,,,,,,,,,,,,,,,,,,,,,,,,,,,,,,,,,,,,,,,,,,0.0,0.0,0.0,0.0,0.0,0.0,0.0,0.0,0.0,0.0,0.0,0.0,0.0,0.0,0.0,0.0,0.0,0.0,0.16281302273273468,0.0,0.0,0.0,0.0,0.0,0.0,0.0,0.0,0.0,0.0,0.0,0.0,0.0,0.0,0.0,0.0,0.0,0.0,0.0,0.0,0.0,0.0,0.0,0.0,0.0,0.0,0.0,0.0,0.0,0.011218912899494171,0.0,0.0,0.0,0.0,0.0,0.0,0.0,0.0,0.0,0.07207216322422028,0.0,0.0,0.0,0.0,0.10112308710813522,0.0,0.0,0.0,0.0,0.0,0.0,0.0,0.0,0.0,0.0,0.0,0.0,0.0,0.0,0.0,0.0,0.0,0.0,0.0,0.0,0.0,0.0,0.0,0.0,0.0,0.0,0.0,0.0,0.0,0.0,0.0,0.0,0.0,0.0,0.0,0.0,0.0,0.0,0.0,0.0,0.0,0.0,0.0,0.0,0.0,0.0,0.0,0.0,0.0,0.0,0.0,0.0,0.0,0.0,0.0,0.0,0.0,0.0,0.0,0.0,0.26394033432006836,0.0,0.0,0.0,0.0,0.0,0.0,0.0,0.0,0.0,0.0,0.0,0.0,0.0,0.0,0.0,0.0,0.0,0.0,0.0,0.0,0.0,0.0,0.0,0.0,0.0,0.0,0.0,0.0,0.0,0.0,0.0,0.0,0.0,0.0,0.0,0.0,0.0,0.0,0.0,0.0,0.0,0.0,0.0,0.0,0.0,0.0,0.0,0.0,0.0,0.0,0.0,0.0,0.0,0.0,0.0,0.0,0.0,0.0,0.0,0.0,0.0770663246512413,0.0,0.0,0.0,0.0,0.0,0.0,0.0,0.0,0.0,0.0,0.0,0.0,0.0,0.0,0.0,0.0,0.0,0.0,0.0,0.029194079339504242,0.0,0.0,0.0,0.0,0.0,0.0,0.0,0.0,0.0,0.0,0.0,0.0,0.0,0.11741958558559418,0.0,0.0,0.0,0.0,0.0,0.0,0.0,0.0,0.0,0.0,0.051610805094242096,0.0,0.0,0.0,0.0,0.0,0.0,0.0,0.0,0.02343638800084591,0.0,0.0,0.0,0.0,0.0,0.0,0.0,0.0,0.0,0.0,0.0,0.0,0.0,0.0,0.0,0.0,0.0,0.0,0.0,0.0,0.0,0.0,0.0,0.0,0.0,0.0,0.0,0.0,0.0,0.0,0.0,0.0,0.0,0.0,0.0,0.0,0.0,0.0,0.0,0.0,0.0,0.0,0.0,0.0,0.0,0.0,0.0,0.0,0.0,0.0,0.08408462256193161,0.0,0.0,0.0,0.0,0.0,0.0,0.0,0.0,0.0,0.0,0.0,0.0,0.0,0.0,0.0,0.0,0.0,0.0,0.0,0.0,0.0,0.0,0.0,0.0,0.0,0.0,0.0,0.0,0.0,0.0,0.0,0.0,0.0,0.0,0.0,0.0,0.0,0.0,0.0,0.0,0.0,0.0,0.0,0.0,0.0,0.0,0.0,0.0,0.0,0.0,0.0,0.0,0.0,0.0,0.0,0.0,0.0,0.0,0.0,0.0,0.0,0.0,0.0,0.0,0.0,0.0,0.0,0.0,0.0,0.0,0.0,0.0,0.0,0.0,0.0,0.0,0.0,0.0,0.0,0.0,0.0,0.0,0.0,0.0,0.0,0.0,0.0,0.0,0.0030055337119847536,0.0,0.0,0.0,0.0,0.0,0.0,0.0,0.0,0.0,0.0,0.0,0.0,0.0,0.0,0.0,0.0,0.0,0.0,0.0,0.0,0.0,0.0,0.0,0.0,0.0,0.0,0.0,0.0,0.0,0.0,0.0,0.0,0.0,0.0,0.0,0.0,0.0,0.0,0.0,0.0,0.0,0.0,0.0,0.0,0.0,0.0,0.0,0.0,0.0,0.0,0.0,0.0,0.0,0.0,0.0,0.0,0.0,0.0,0.0,0.0,0.0,0.0,0.0,0.0,0.0,0.0,0.0,0.0,0.0,0.0,0.0,0.0,0.0,0.0,0.003015188267454505,0.0,0.0,0.0,0.0,0.0,0.0,0.0,0.0,0.0,0.0,0.0,0.0,0.0,0.0,0.0,0.0,0.0,0.0,0.0,0.0,0.0,0.0,0.0,0.0,0.0,0.0,0.0,0.0,0.0,0.0,0.0,0.0,0.0,0.0,0.0,0.0,0.0,0.0,0.0,0.0,0.0,0.0,0.0,0.0,0.0,,,,,,,,,,,,,,,,,,,,,,,,,,,,,,,,,,,,,,,,,,,,,,,,,,,,,,,,,,,,,,,,,,,,,,,,,,,,,,,,,,,,,,,,,,,,,,,,,,,,,,,,,,,,,,,,,,,,,,,,,,,,,,,,,,,,,,,,,,,,,,,,,,,,,,,,,,,,,,,,,,,,,,,,,,,,,,,,,,,,,,,,,,,,,,,,,,,,,,,,,,,,,,,,,,,,,,,,,,,,,,,,,,,,,,,,,,,,,,,,,,,,,,,,,,,,,,,,,,,,,,,,,,,,
2019-02-20,1081945.8661517987,1282.8757687280101,30863.013463089974,54415.518855663606,94599.36996119612,47827.204124643526,24092.326710821606,52950.82705696321,12243.192200110709,38614.899312131405,138878.02553273592,48401.599641715424,,,,,,,,,,,,,,,,,,,,,,,,,,,,,,,,,,,,,,,,,,,,,,,,,,,,,,,,,,,,,,,,,,,,,,,,,,,,,,,,,,,,,,,,,,,,,,,,,,,,,,,,,,,,,,,,0.0,0.0,0.0,0.0,0.0,0.0,0.0,0.0,0.0,0.0,0.0,0.0,0.0,0.0,0.0,0.0,0.0,0.0,0.16281302273273468,0.0,0.0,0.0,0.0,0.0,0.0,0.0,0.0,0.0,0.0,0.0,0.0,0.0,0.0,0.0,0.0,0.0,0.0,0.0,0.0,0.0,0.0,0.0,0.0,0.0,0.0,0.0,0.0,0.0,0.011218912899494171,0.0,0.0,0.0,0.0,0.0,0.0,0.0,0.0,0.0,0.07207216322422028,0.0,0.0,0.0,0.0,0.10112308710813522,0.0,0.0,0.0,0.0,0.0,0.0,0.0,0.0,0.0,0.0,0.0,0.0,0.0,0.0,0.0,0.0,0.0,0.0,0.0,0.0,0.0,0.0,0.0,0.0,0.0,0.0,0.0,0.0,0.0,0.0,0.0,0.0,0.0,0.0,0.0,0.0,0.0,0.0,0.0,0.0,0.0,0.0,0.0,0.0,0.0,0.0,0.0,0.0,0.0,0.0,0.0,0.0,0.0,0.0,0.0,0.0,0.0,0.0,0.0,0.0,0.26394033432006836,0.0,0.0,0.0,0.0,0.0,0.0,0.0,0.0,0.0,0.0,0.0,0.0,0.0,0.0,0.0,0.0,0.0,0.0,0.0,0.0,0.0,0.0,0.0,0.0,0.0,0.0,0.0,0.0,0.0,0.0,0.0,0.0,0.0,0.0,0.0,0.0,0.0,0.0,0.0,0.0,0.0,0.0,0.0,0.0,0.0,0.0,0.0,0.0,0.0,0.0,0.0,0.0,0.0,0.0,0.0,0.0,0.0,0.0,0.0,0.0,0.0770663246512413,0.0,0.0,0.0,0.0,0.0,0.0,0.0,0.0,0.0,0.0,0.0,0.0,0.0,0.0,0.0,0.0,0.0,0.0,0.0,0.029194079339504242,0.0,0.0,0.0,0.0,0.0,0.0,0.0,0.0,0.0,0.0,0.0,0.0,0.0,0.11741958558559418,0.0,0.0,0.0,0.0,0.0,0.0,0.0,0.0,0.0,0.0,0.051610805094242096,0.0,0.0,0.0,0.0,0.0,0.0,0.0,0.0,0.02343638800084591,0.0,0.0,0.0,0.0,0.0,0.0,0.0,0.0,0.0,0.0,0.0,0.0,0.0,0.0,0.0,0.0,0.0,0.0,0.0,0.0,0.0,0.0,0.0,0.0,0.0,0.0,0.0,0.0,0.0,0.0,0.0,0.0,0.0,0.0,0.0,0.0,0.0,0.0,0.0,0.0,0.0,0.0,0.0,0.0,0.0,0.0,0.0,0.0,0.0,0.0,0.08408462256193161,0.0,0.0,0.0,0.0,0.0,0.0,0.0,0.0,0.0,0.0,0.0,0.0,0.0,0.0,0.0,0.0,0.0,0.0,0.0,0.0,0.0,0.0,0.0,0.0,0.0,0.0,0.0,0.0,0.0,0.0,0.0,0.0,0.0,0.0,0.0,0.0,0.0,0.0,0.0,0.0,0.0,0.0,0.0,0.0,0.0,0.0,0.0,0.0,0.0,0.0,0.0,0.0,0.0,0.0,0.0,0.0,0.0,0.0,0.0,0.0,0.0,0.0,0.0,0.0,0.0,0.0,0.0,0.0,0.0,0.0,0.0,0.0,0.0,0.0,0.0,0.0,0.0,0.0,0.0,0.0,0.0,0.0,0.0,0.0,0.0,0.0,0.0,0.0,0.0030055337119847536,0.0,0.0,0.0,0.0,0.0,0.0,0.0,0.0,0.0,0.0,0.0,0.0,0.0,0.0,0.0,0.0,0.0,0.0,0.0,0.0,0.0,0.0,0.0,0.0,0.0,0.0,0.0,0.0,0.0,0.0,0.0,0.0,0.0,0.0,0.0,0.0,0.0,0.0,0.0,0.0,0.0,0.0,0.0,0.0,0.0,0.0,0.0,0.0,0.0,0.0,0.0,0.0,0.0,0.0,0.0,0.0,0.0,0.0,0.0,0.0,0.0,0.0,0.0,0.0,0.0,0.0,0.0,0.0,0.0,0.0,0.0,0.0,0.0,0.0,0.003015188267454505,0.0,0.0,0.0,0.0,0.0,0.0,0.0,0.0,0.0,0.0,0.0,0.0,0.0,0.0,0.0,0.0,0.0,0.0,0.0,0.0,0.0,0.0,0.0,0.0,0.0,0.0,0.0,0.0,0.0,0.0,0.0,0.0,0.0,0.0,0.0,0.0,0.0,0.0,0.0,0.0,0.0,0.0,0.0,0.0,0.0,,,,,,,,,,,,,,,,,,,,,,,,,,,,,,,,,,,,,,,,,,,,,,,,,,,,,,,,,,,,,,,,,,,,,,,,,,,,,,,,,,,,,,,,,,,,,,,,,,,,,,,,,,,,,,,,,,,,,,,,,,,,,,,,,,,,,,,,,,,,,,,,,,,,,,,,,,,,,,,,,,,,,,,,,,,,,,,,,,,,,,,,,,,,,,,,,,,,,,,,,,,,,,,,,,,,,,,,,,,,,,,,,,,,,,,,,,,,,,,,,,,,,,,,,,,,,,,,,,,,,,,,,,,,
2019-02-21,1070078.8601696314,3368.22426044336,31177.746115110553,54415.518855663606,94600.75683296227,47867.498411622735,23862.875980242356,52933.72860215349,11999.400220384408,38610.64303559665,138872.32097965005,48403.38672481221,,,,,,,,,,,,,,,,,,,,,,,,,,,,,,,,,,,,,,,,,,,,,,,,,,,,,,,,,,,,,,,,,,,,,,,,,,,,,,,,,,,,,,,,,,,,,,,,,,,,,,,,,,,,,,,,0.0,0.0,0.0,0.0,0.0,0.0,0.0,0.0,0.0,0.0,0.0,0.0,0.0,0.0,0.0,0.0,0.0,0.0,0.16281302273273468,0.0,0.0,0.0,0.0,0.0,0.0,0.0,0.0,0.0,0.0,0.0,0.0,0.0,0.0,0.0,0.0,0.0,0.0,0.0,0.0,0.0,0.0,0.0,0.0,0.0,0.0,0.0,0.0,0.0,0.011218912899494171,0.0,0.0,0.0,0.0,0.0,0.0,0.0,0.0,0.0,0.07207216322422028,0.0,0.0,0.0,0.0,0.10112308710813522,0.0,0.0,0.0,0.0,0.0,0.0,0.0,0.0,0.0,0.0,0.0,0.0,0.0,0.0,0.0,0.0,0.0,0.0,0.0,0.0,0.0,0.0,0.0,0.0,0.0,0.0,0.0,0.0,0.0,0.0,0.0,0.0,0.0,0.0,0.0,0.0,0.0,0.0,0.0,0.0,0.0,0.0,0.0,0.0,0.0,0.0,0.0,0.0,0.0,0.0,0.0,0.0,0.0,0.0,0.0,0.0,0.0,0.0,0.0,0.0,0.26394033432006836,0.0,0.0,0.0,0.0,0.0,0.0,0.0,0.0,0.0,0.0,0.0,0.0,0.0,0.0,0.0,0.0,0.0,0.0,0.0,0.0,0.0,0.0,0.0,0.0,0.0,0.0,0.0,0.0,0.0,0.0,0.0,0.0,0.0,0.0,0.0,0.0,0.0,0.0,0.0,0.0,0.0,0.0,0.0,0.0,0.0,0.0,0.0,0.0,0.0,0.0,0.0,0.0,0.0,0.0,0.0,0.0,0.0,0.0,0.0,0.0,0.0770663246512413,0.0,0.0,0.0,0.0,0.0,0.0,0.0,0.0,0.0,0.0,0.0,0.0,0.0,0.0,0.0,0.0,0.0,0.0,0.0,0.029194079339504242,0.0,0.0,0.0,0.0,0.0,0.0,0.0,0.0,0.0,0.0,0.0,0.0,0.0,0.11741958558559418,0.0,0.0,0.0,0.0,0.0,0.0,0.0,0.0,0.0,0.0,0.051610805094242096,0.0,0.0,0.0,0.0,0.0,0.0,0.0,0.0,0.02343638800084591,0.0,0.0,0.0,0.0,0.0,0.0,0.0,0.0,0.0,0.0,0.0,0.0,0.0,0.0,0.0,0.0,0.0,0.0,0.0,0.0,0.0,0.0,0.0,0.0,0.0,0.0,0.0,0.0,0.0,0.0,0.0,0.0,0.0,0.0,0.0,0.0,0.0,0.0,0.0,0.0,0.0,0.0,0.0,0.0,0.0,0.0,0.0,0.0,0.0,0.0,0.08408462256193161,0.0,0.0,0.0,0.0,0.0,0.0,0.0,0.0,0.0,0.0,0.0,0.0,0.0,0.0,0.0,0.0,0.0,0.0,0.0,0.0,0.0,0.0,0.0,0.0,0.0,0.0,0.0,0.0,0.0,0.0,0.0,0.0,0.0,0.0,0.0,0.0,0.0,0.0,0.0,0.0,0.0,0.0,0.0,0.0,0.0,0.0,0.0,0.0,0.0,0.0,0.0,0.0,0.0,0.0,0.0,0.0,0.0,0.0,0.0,0.0,0.0,0.0,0.0,0.0,0.0,0.0,0.0,0.0,0.0,0.0,0.0,0.0,0.0,0.0,0.0,0.0,0.0,0.0,0.0,0.0,0.0,0.0,0.0,0.0,0.0,0.0,0.0,0.0,0.0030055337119847536,0.0,0.0,0.0,0.0,0.0,0.0,0.0,0.0,0.0,0.0,0.0,0.0,0.0,0.0,0.0,0.0,0.0,0.0,0.0,0.0,0.0,0.0,0.0,0.0,0.0,0.0,0.0,0.0,0.0,0.0,0.0,0.0,0.0,0.0,0.0,0.0,0.0,0.0,0.0,0.0,0.0,0.0,0.0,0.0,0.0,0.0,0.0,0.0,0.0,0.0,0.0,0.0,0.0,0.0,0.0,0.0,0.0,0.0,0.0,0.0,0.0,0.0,0.0,0.0,0.0,0.0,0.0,0.0,0.0,0.0,0.0,0.0,0.0,0.0,0.003015188267454505,0.0,0.0,0.0,0.0,0.0,0.0,0.0,0.0,0.0,0.0,0.0,0.0,0.0,0.0,0.0,0.0,0.0,0.0,0.0,0.0,0.0,0.0,0.0,0.0,0.0,0.0,0.0,0.0,0.0,0.0,0.0,0.0,0.0,0.0,0.0,0.0,0.0,0.0,0.0,0.0,0.0,0.0,0.0,0.0,0.0,,,,,,,,,,,,,,,,,,,,,,,,,,,,,,,,,,,,,,,,,,,,,,,,,,,,,,,,,,,,,,,,,,,,,,,,,,,,,,,,,,,,,,,,,,,,,,,,,,,,,,,,,,,,,,,,,,,,,,,,,,,,,,,,,,,,,,,,,,,,,,,,,,,,,,,,,,,,,,,,,,,,,,,,,,,,,,,,,,,,,,,,,,,,,,,,,,,,,,,,,,,,,,,,,,,,,,,,,,,,,,,,,,,,,,,,,,,,,,,,,,,,,,,,,,,,,,,,,,,,,,,,,,,,
2019-02-22,1094960.6742796497,1901.6692655316224,30863.239405871715,54722.95116558261,94583.11058969643,47447.67175355734,23689.694472597388,52944.88857401404,12243.166165910256,38615.355397417756,140868.56056742388,48404.43825629995,,,,,,,,,,,,,,,,,,,,,,,,,,,,,,,,,,,,,,,,,,,,,,,,,,,,,,,,,,,,,,,,,,,,,,,,,,,,,,,,,,,,,,,,,,,,,,,,,,,,,,,,,,,,,,,,0.0,0.0,0.0,0.0,0.0,0.0,0.0,0.0,0.0,0.0,0.0,0.0,0.0,0.0,0.0,0.0,0.0,0.0,0.16281302273273468,0.0,0.0,0.0,0.0,0.0,0.0,0.0,0.0,0.0,0.0,0.0,0.0,0.0,0.0,0.0,0.0,0.0,0.0,0.0,0.0,0.0,0.0,0.0,0.0,0.0,0.0,0.0,0.0,0.0,0.011218912899494171,0.0,0.0,0.0,0.0,0.0,0.0,0.0,0.0,0.0,0.07207216322422028,0.0,0.0,0.0,0.0,0.10112308710813522,0.0,0.0,0.0,0.0,0.0,0.0,0.0,0.0,0.0,0.0,0.0,0.0,0.0,0.0,0.0,0.0,0.0,0.0,0.0,0.0,0.0,0.0,0.0,0.0,0.0,0.0,0.0,0.0,0.0,0.0,0.0,0.0,0.0,0.0,0.0,0.0,0.0,0.0,0.0,0.0,0.0,0.0,0.0,0.0,0.0,0.0,0.0,0.0,0.0,0.0,0.0,0.0,0.0,0.0,0.0,0.0,0.0,0.0,0.0,0.0,0.26394033432006836,0.0,0.0,0.0,0.0,0.0,0.0,0.0,0.0,0.0,0.0,0.0,0.0,0.0,0.0,0.0,0.0,0.0,0.0,0.0,0.0,0.0,0.0,0.0,0.0,0.0,0.0,0.0,0.0,0.0,0.0,0.0,0.0,0.0,0.0,0.0,0.0,0.0,0.0,0.0,0.0,0.0,0.0,0.0,0.0,0.0,0.0,0.0,0.0,0.0,0.0,0.0,0.0,0.0,0.0,0.0,0.0,0.0,0.0,0.0,0.0,0.0770663246512413,0.0,0.0,0.0,0.0,0.0,0.0,0.0,0.0,0.0,0.0,0.0,0.0,0.0,0.0,0.0,0.0,0.0,0.0,0.0,0.029194079339504242,0.0,0.0,0.0,0.0,0.0,0.0,0.0,0.0,0.0,0.0,0.0,0.0,0.0,0.11741958558559418,0.0,0.0,0.0,0.0,0.0,0.0,0.0,0.0,0.0,0.0,0.051610805094242096,0.0,0.0,0.0,0.0,0.0,0.0,0.0,0.0,0.02343638800084591,0.0,0.0,0.0,0.0,0.0,0.0,0.0,0.0,0.0,0.0,0.0,0.0,0.0,0.0,0.0,0.0,0.0,0.0,0.0,0.0,0.0,0.0,0.0,0.0,0.0,0.0,0.0,0.0,0.0,0.0,0.0,0.0,0.0,0.0,0.0,0.0,0.0,0.0,0.0,0.0,0.0,0.0,0.0,0.0,0.0,0.0,0.0,0.0,0.0,0.0,0.08408462256193161,0.0,0.0,0.0,0.0,0.0,0.0,0.0,0.0,0.0,0.0,0.0,0.0,0.0,0.0,0.0,0.0,0.0,0.0,0.0,0.0,0.0,0.0,0.0,0.0,0.0,0.0,0.0,0.0,0.0,0.0,0.0,0.0,0.0,0.0,0.0,0.0,0.0,0.0,0.0,0.0,0.0,0.0,0.0,0.0,0.0,0.0,0.0,0.0,0.0,0.0,0.0,0.0,0.0,0.0,0.0,0.0,0.0,0.0,0.0,0.0,0.0,0.0,0.0,0.0,0.0,0.0,0.0,0.0,0.0,0.0,0.0,0.0,0.0,0.0,0.0,0.0,0.0,0.0,0.0,0.0,0.0,0.0,0.0,0.0,0.0,0.0,0.0,0.0,0.0030055337119847536,0.0,0.0,0.0,0.0,0.0,0.0,0.0,0.0,0.0,0.0,0.0,0.0,0.0,0.0,0.0,0.0,0.0,0.0,0.0,0.0,0.0,0.0,0.0,0.0,0.0,0.0,0.0,0.0,0.0,0.0,0.0,0.0,0.0,0.0,0.0,0.0,0.0,0.0,0.0,0.0,0.0,0.0,0.0,0.0,0.0,0.0,0.0,0.0,0.0,0.0,0.0,0.0,0.0,0.0,0.0,0.0,0.0,0.0,0.0,0.0,0.0,0.0,0.0,0.0,0.0,0.0,0.0,0.0,0.0,0.0,0.0,0.0,0.0,0.0,0.003015188267454505,0.0,0.0,0.0,0.0,0.0,0.0,0.0,0.0,0.0,0.0,0.0,0.0,0.0,0.0,0.0,0.0,0.0,0.0,0.0,0.0,0.0,0.0,0.0,0.0,0.0,0.0,0.0,0.0,0.0,0.0,0.0,0.0,0.0,0.0,0.0,0.0,0.0,0.0,0.0,0.0,0.0,0.0,0.0,0.0,0.0,,,,,,,,,,,,,,,,,,,,,,,,,,,,,,,,,,,,,,,,,,,,,,,,,,,,,,,,,,,,,,,,,,,,,,,,,,,,,,,,,,,,,,,,,,,,,,,,,,,,,,,,,,,,,,,,,,,,,,,,,,,,,,,,,,,,,,,,,,,,,,,,,,,,,,,,,,,,,,,,,,,,,,,,,,,,,,,,,,,,,,,,,,,,,,,,,,,,,,,,,,,,,,,,,,,,,,,,,,,,,,,,,,,,,,,,,,,,,,,,,,,,,,,,,,,,,,,,,,,,,,,,,,,,
2019-02-25,1140710.347910842,5999.1687692992355,30232.614080241558,55044.36847256691,90819.5495062297,48034.7224555767,24206.578664399905,53761.74182223571,12485.943245959947,38615.03964491818,140868.56056742388,46100.296289236,,,,,,,,,,,,,,,,,,,,,,,,,,,,,,,,,,,,,,,,,,,,,,,,,,,,,,,,,,,,,,,,,,,,,,,,,,,,,,,,,,,,,,,,,,,,,,,,,,,,,,,,,,,,,,,,0.0,0.0,0.0,0.0,0.0,0.0,0.0,0.0,0.0,0.0,0.0,0.0,0.0,0.0,0.0,0.0,0.0,0.0,0.16281302273273468,0.0,0.0,0.0,0.0,0.0,0.0,0.0,0.0,0.0,0.0,0.0,0.0,0.0,0.0,0.0,0.0,0.0,0.0,0.0,0.0,0.0,0.0,0.0,0.0,0.0,0.0,0.0,0.0,0.0,0.011218912899494171,0.0,0.0,0.0,0.0,0.0,0.0,0.0,0.0,0.0,0.07207216322422028,0.0,0.0,0.0,0.0,0.10112308710813522,0.0,0.0,0.0,0.0,0.0,0.0,0.0,0.0,0.0,0.0,0.0,0.0,0.0,0.0,0.0,0.0,0.0,0.0,0.0,0.0,0.0,0.0,0.0,0.0,0.0,0.0,0.0,0.0,0.0,0.0,0.0,0.0,0.0,0.0,0.0,0.0,0.0,0.0,0.0,0.0,0.0,0.0,0.0,0.0,0.0,0.0,0.0,0.0,0.0,0.0,0.0,0.0,0.0,0.0,0.0,0.0,0.0,0.0,0.0,0.0,0.26394033432006836,0.0,0.0,0.0,0.0,0.0,0.0,0.0,0.0,0.0,0.0,0.0,0.0,0.0,0.0,0.0,0.0,0.0,0.0,0.0,0.0,0.0,0.0,0.0,0.0,0.0,0.0,0.0,0.0,0.0,0.0,0.0,0.0,0.0,0.0,0.0,0.0,0.0,0.0,0.0,0.0,0.0,0.0,0.0,0.0,0.0,0.0,0.0,0.0,0.0,0.0,0.0,0.0,0.0,0.0,0.0,0.0,0.0,0.0,0.0,0.0,0.0770663246512413,0.0,0.0,0.0,0.0,0.0,0.0,0.0,0.0,0.0,0.0,0.0,0.0,0.0,0.0,0.0,0.0,0.0,0.0,0.0,0.029194079339504242,0.0,0.0,0.0,0.0,0.0,0.0,0.0,0.0,0.0,0.0,0.0,0.0,0.0,0.11741958558559418,0.0,0.0,0.0,0.0,0.0,0.0,0.0,0.0,0.0,0.0,0.051610805094242096,0.0,0.0,0.0,0.0,0.0,0.0,0.0,0.0,0.02343638800084591,0.0,0.0,0.0,0.0,0.0,0.0,0.0,0.0,0.0,0.0,0.0,0.0,0.0,0.0,0.0,0.0,0.0,0.0,0.0,0.0,0.0,0.0,0.0,0.0,0.0,0.0,0.0,0.0,0.0,0.0,0.0,0.0,0.0,0.0,0.0,0.0,0.0,0.0,0.0,0.0,0.0,0.0,0.0,0.0,0.0,0.0,0.0,0.0,0.0,0.0,0.08408462256193161,0.0,0.0,0.0,0.0,0.0,0.0,0.0,0.0,0.0,0.0,0.0,0.0,0.0,0.0,0.0,0.0,0.0,0.0,0.0,0.0,0.0,0.0,0.0,0.0,0.0,0.0,0.0,0.0,0.0,0.0,0.0,0.0,0.0,0.0,0.0,0.0,0.0,0.0,0.0,0.0,0.0,0.0,0.0,0.0,0.0,0.0,0.0,0.0,0.0,0.0,0.0,0.0,0.0,0.0,0.0,0.0,0.0,0.0,0.0,0.0,0.0,0.0,0.0,0.0,0.0,0.0,0.0,0.0,0.0,0.0,0.0,0.0,0.0,0.0,0.0,0.0,0.0,0.0,0.0,0.0,0.0,0.0,0.0,0.0,0.0,0.0,0.0,0.0,0.0030055337119847536,0.0,0.0,0.0,0.0,0.0,0.0,0.0,0.0,0.0,0.0,0.0,0.0,0.0,0.0,0.0,0.0,0.0,0.0,0.0,0.0,0.0,0.0,0.0,0.0,0.0,0.0,0.0,0.0,0.0,0.0,0.0,0.0,0.0,0.0,0.0,0.0,0.0,0.0,0.0,0.0,0.0,0.0,0.0,0.0,0.0,0.0,0.0,0.0,0.0,0.0,0.0,0.0,0.0,0.0,0.0,0.0,0.0,0.0,0.0,0.0,0.0,0.0,0.0,0.0,0.0,0.0,0.0,0.0,0.0,0.0,0.0,0.0,0.0,0.0,0.003015188267454505,0.0,0.0,0.0,0.0,0.0,0.0,0.0,0.0,0.0,0.0,0.0,0.0,0.0,0.0,0.0,0.0,0.0,0.0,0.0,0.0,0.0,0.0,0.0,0.0,0.0,0.0,0.0,0.0,0.0,0.0,0.0,0.0,0.0,0.0,0.0,0.0,0.0,0.0,0.0,0.0,0.0,0.0,0.0,0.0,0.0,,,,,,,,,,,,,,,,,,,,,,,,,,,,,,,,,,,,,,,,,,,,,,,,,,,,,,,,,,,,,,,,,,,,,,,,,,,,,,,,,,,,,,,,,,,,,,,,,,,,,,,,,,,,,,,,,,,,,,,,,,,,,,,,,,,,,,,,,,,,,,,,,,,,,,,,,,,,,,,,,,,,,,,,,,,,,,,,,,,,,,,,,,,,,,,,,,,,,,,,,,,,,,,,,,,,,,,,,,,,,,,,,,,,,,,,,,,,,,,,,,,,,,,,,,,,,,,,,,,,,,,,,,,,
2019-02-26,1147282.3741713269,2199.758751937271,29603.22638835782,55654.20219841969,90788.98652507845,48046.76906773419,24034.937731398964,54556.34807951092,12568.567210436373,38615.03964491818,145162.1386773657,46097.67982761333,,,,,,,,,,,,,,,,,,,,,,,,,,,,,,,,,,,,,,,,,,,,,,,,,,,,,,,,,,,,,,,,,,,,,,,,,,,,,,,,,,,,,,,,,,,,,,,,,,,,,,,,,,,,,,,,0.0,0.0,0.0,0.0,0.0,0.0,0.0,0.0,0.0,0.0,0.0,0.0,0.0,0.0,0.0,0.0,0.0,0.0,0.16281302273273468,0.0,0.0,0.0,0.0,0.0,0.0,0.0,0.0,0.0,0.0,0.0,0.0,0.0,0.0,0.0,0.0,0.0,0.0,0.0,0.0,0.0,0.0,0.0,0.0,0.0,0.0,0.0,0.0,0.0,0.011218912899494171,0.0,0.0,0.0,0.0,0.0,0.0,0.0,0.0,0.0,0.07207216322422028,0.0,0.0,0.0,0.0,0.10112308710813522,0.0,0.0,0.0,0.0,0.0,0.0,0.0,0.0,0.0,0.0,0.0,0.0,0.0,0.0,0.0,0.0,0.0,0.0,0.0,0.0,0.0,0.0,0.0,0.0,0.0,0.0,0.0,0.0,0.0,0.0,0.0,0.0,0.0,0.0,0.0,0.0,0.0,0.0,0.0,0.0,0.0,0.0,0.0,0.0,0.0,0.0,0.0,0.0,0.0,0.0,0.0,0.0,0.0,0.0,0.0,0.0,0.0,0.0,0.0,0.0,0.26394033432006836,0.0,0.0,0.0,0.0,0.0,0.0,0.0,0.0,0.0,0.0,0.0,0.0,0.0,0.0,0.0,0.0,0.0,0.0,0.0,0.0,0.0,0.0,0.0,0.0,0.0,0.0,0.0,0.0,0.0,0.0,0.0,0.0,0.0,0.0,0.0,0.0,0.0,0.0,0.0,0.0,0.0,0.0,0.0,0.0,0.0,0.0,0.0,0.0,0.0,0.0,0.0,0.0,0.0,0.0,0.0,0.0,0.0,0.0,0.0,0.0,0.0770663246512413,0.0,0.0,0.0,0.0,0.0,0.0,0.0,0.0,0.0,0.0,0.0,0.0,0.0,0.0,0.0,0.0,0.0,0.0,0.0,0.029194079339504242,0.0,0.0,0.0,0.0,0.0,0.0,0.0,0.0,0.0,0.0,0.0,0.0,0.0,0.11741958558559418,0.0,0.0,0.0,0.0,0.0,0.0,0.0,0.0,0.0,0.0,0.051610805094242096,0.0,0.0,0.0,0.0,0.0,0.0,0.0,0.0,0.02343638800084591,0.0,0.0,0.0,0.0,0.0,0.0,0.0,0.0,0.0,0.0,0.0,0.0,0.0,0.0,0.0,0.0,0.0,0.0,0.0,0.0,0.0,0.0,0.0,0.0,0.0,0.0,0.0,0.0,0.0,0.0,0.0,0.0,0.0,0.0,0.0,0.0,0.0,0.0,0.0,0.0,0.0,0.0,0.0,0.0,0.0,0.0,0.0,0.0,0.0,0.0,0.08408462256193161,0.0,0.0,0.0,0.0,0.0,0.0,0.0,0.0,0.0,0.0,0.0,0.0,0.0,0.0,0.0,0.0,0.0,0.0,0.0,0.0,0.0,0.0,0.0,0.0,0.0,0.0,0.0,0.0,0.0,0.0,0.0,0.0,0.0,0.0,0.0,0.0,0.0,0.0,0.0,0.0,0.0,0.0,0.0,0.0,0.0,0.0,0.0,0.0,0.0,0.0,0.0,0.0,0.0,0.0,0.0,0.0,0.0,0.0,0.0,0.0,0.0,0.0,0.0,0.0,0.0,0.0,0.0,0.0,0.0,0.0,0.0,0.0,0.0,0.0,0.0,0.0,0.0,0.0,0.0,0.0,0.0,0.0,0.0,0.0,0.0,0.0,0.0,0.0,0.0030055337119847536,0.0,0.0,0.0,0.0,0.0,0.0,0.0,0.0,0.0,0.0,0.0,0.0,0.0,0.0,0.0,0.0,0.0,0.0,0.0,0.0,0.0,0.0,0.0,0.0,0.0,0.0,0.0,0.0,0.0,0.0,0.0,0.0,0.0,0.0,0.0,0.0,0.0,0.0,0.0,0.0,0.0,0.0,0.0,0.0,0.0,0.0,0.0,0.0,0.0,0.0,0.0,0.0,0.0,0.0,0.0,0.0,0.0,0.0,0.0,0.0,0.0,0.0,0.0,0.0,0.0,0.0,0.0,0.0,0.0,0.0,0.0,0.0,0.0,0.0,0.003015188267454505,0.0,0.0,0.0,0.0,0.0,0.0,0.0,0.0,0.0,0.0,0.0,0.0,0.0,0.0,0.0,0.0,0.0,0.0,0.0,0.0,0.0,0.0,0.0,0.0,0.0,0.0,0.0,0.0,0.0,0.0,0.0,0.0,0.0,0.0,0.0,0.0,0.0,0.0,0.0,0.0,0.0,0.0,0.0,0.0,0.0,,,,,,,,,,,,,,,,,,,,,,,,,,,,,,,,,,,,,,,,,,,,,,,,,,,,,,,,,,,,,,,,,,,,,,,,,,,,,,,,,,,,,,,,,,,,,,,,,,,,,,,,,,,,,,,,,,,,,,,,,,,,,,,,,,,,,,,,,,,,,,,,,,,,,,,,,,,,,,,,,,,,,,,,,,,,,,,,,,,,,,,,,,,,,,,,,,,,,,,,,,,,,,,,,,,,,,,,,,,,,,,,,,,,,,,,,,,,,,,,,,,,,,,,,,,,,,,,,,,,,,,,,,,,
2019-02-27,1147880.0365194262,10178.805695251573,29602.44289023287,56576.478256492046,90788.98652507845,46254.988324524835,23519.68417298682,55393.82714985372,12811.835993814282,38615.00748523112,144054.8921025965,43795.87942387637,,,,,,,,,,,,,,,,,,,,,,,,,,,,,,,,,,,,,,,,,,,,,,,,,,,,,,,,,,,,,,,,,,,,,,,,,,,,,,,,,,,,,,,,,,,,,,,,,,,,,,,,,,,,,,,,0.0,0.0,0.0,0.0,0.0,0.0,0.0,0.0,0.0,0.0,0.0,0.0,0.0,0.0,0.0,0.0,0.0,0.0,0.16281302273273468,0.0,0.0,0.0,0.0,0.0,0.0,0.0,0.0,0.0,0.0,0.0,0.0,0.0,0.0,0.0,0.0,0.0,0.0,0.0,0.0,0.0,0.0,0.0,0.0,0.0,0.0,0.0,0.0,0.0,0.011218912899494171,0.0,0.0,0.0,0.0,0.0,0.0,0.0,0.0,0.0,0.07207216322422028,0.0,0.0,0.0,0.0,0.10112308710813522,0.0,0.0,0.0,0.0,0.0,0.0,0.0,0.0,0.0,0.0,0.0,0.0,0.0,0.0,0.0,0.0,0.0,0.0,0.0,0.0,0.0,0.0,0.0,0.0,0.0,0.0,0.0,0.0,0.0,0.0,0.0,0.0,0.0,0.0,0.0,0.0,0.0,0.0,0.0,0.0,0.0,0.0,0.0,0.0,0.0,0.0,0.0,0.0,0.0,0.0,0.0,0.0,0.0,0.0,0.0,0.0,0.0,0.0,0.0,0.0,0.26394033432006836,0.0,0.0,0.0,0.0,0.0,0.0,0.0,0.0,0.0,0.0,0.0,0.0,0.0,0.0,0.0,0.0,0.0,0.0,0.0,0.0,0.0,0.0,0.0,0.0,0.0,0.0,0.0,0.0,0.0,0.0,0.0,0.0,0.0,0.0,0.0,0.0,0.0,0.0,0.0,0.0,0.0,0.0,0.0,0.0,0.0,0.0,0.0,0.0,0.0,0.0,0.0,0.0,0.0,0.0,0.0,0.0,0.0,0.0,0.0,0.0,0.0770663246512413,0.0,0.0,0.0,0.0,0.0,0.0,0.0,0.0,0.0,0.0,0.0,0.0,0.0,0.0,0.0,0.0,0.0,0.0,0.0,0.029194079339504242,0.0,0.0,0.0,0.0,0.0,0.0,0.0,0.0,0.0,0.0,0.0,0.0,0.0,0.11741958558559418,0.0,0.0,0.0,0.0,0.0,0.0,0.0,0.0,0.0,0.0,0.051610805094242096,0.0,0.0,0.0,0.0,0.0,0.0,0.0,0.0,0.02343638800084591,0.0,0.0,0.0,0.0,0.0,0.0,0.0,0.0,0.0,0.0,0.0,0.0,0.0,0.0,0.0,0.0,0.0,0.0,0.0,0.0,0.0,0.0,0.0,0.0,0.0,0.0,0.0,0.0,0.0,0.0,0.0,0.0,0.0,0.0,0.0,0.0,0.0,0.0,0.0,0.0,0.0,0.0,0.0,0.0,0.0,0.0,0.0,0.0,0.0,0.0,0.08408462256193161,0.0,0.0,0.0,0.0,0.0,0.0,0.0,0.0,0.0,0.0,0.0,0.0,0.0,0.0,0.0,0.0,0.0,0.0,0.0,0.0,0.0,0.0,0.0,0.0,0.0,0.0,0.0,0.0,0.0,0.0,0.0,0.0,0.0,0.0,0.0,0.0,0.0,0.0,0.0,0.0,0.0,0.0,0.0,0.0,0.0,0.0,0.0,0.0,0.0,0.0,0.0,0.0,0.0,0.0,0.0,0.0,0.0,0.0,0.0,0.0,0.0,0.0,0.0,0.0,0.0,0.0,0.0,0.0,0.0,0.0,0.0,0.0,0.0,0.0,0.0,0.0,0.0,0.0,0.0,0.0,0.0,0.0,0.0,0.0,0.0,0.0,0.0,0.0,0.0030055337119847536,0.0,0.0,0.0,0.0,0.0,0.0,0.0,0.0,0.0,0.0,0.0,0.0,0.0,0.0,0.0,0.0,0.0,0.0,0.0,0.0,0.0,0.0,0.0,0.0,0.0,0.0,0.0,0.0,0.0,0.0,0.0,0.0,0.0,0.0,0.0,0.0,0.0,0.0,0.0,0.0,0.0,0.0,0.0,0.0,0.0,0.0,0.0,0.0,0.0,0.0,0.0,0.0,0.0,0.0,0.0,0.0,0.0,0.0,0.0,0.0,0.0,0.0,0.0,0.0,0.0,0.0,0.0,0.0,0.0,0.0,0.0,0.0,0.0,0.0,0.003015188267454505,0.0,0.0,0.0,0.0,0.0,0.0,0.0,0.0,0.0,0.0,0.0,0.0,0.0,0.0,0.0,0.0,0.0,0.0,0.0,0.0,0.0,0.0,0.0,0.0,0.0,0.0,0.0,0.0,0.0,0.0,0.0,0.0,0.0,0.0,0.0,0.0,0.0,0.0,0.0,0.0,0.0,0.0,0.0,0.0,0.0,,,,,,,,,,,,,,,,,,,,,,,,,,,,,,,,,,,,,,,,,,,,,,,,,,,,,,,,,,,,,,,,,,,,,,,,,,,,,,,,,,,,,,,,,,,,,,,,,,,,,,,,,,,,,,,,,,,,,,,,,,,,,,,,,,,,,,,,,,,,,,,,,,,,,,,,,,,,,,,,,,,,,,,,,,,,,,,,,,,,,,,,,,,,,,,,,,,,,,,,,,,,,,,,,,,,,,,,,,,,,,,,,,,,,,,,,,,,,,,,,,,,,,,,,,,,,,,,,,,,,,,,,,,,
2019-02-28,1138324.423265206,1097.4200125288808,28972.63087158878,57196.831463147544,96489.97679624037,46447.91999354406,23634.28180974757,56197.59239947826,12648.11057769908,38610.80379822107,139880.0842492207,46097.933148279044,,,,,,,,,,,,,,,,,,,,,,,,,,,,,,,,,,,,,,,,,,,,,,,,,,,,,,,,,,,,,,,,,,,,,,,,,,,,,,,,,,,,,,,,,,,,,,,,,,,,,,,,,,,,,,,,0.0,0.0,0.0,0.0,0.0,0.0,0.0,0.0,0.0,0.0,0.0,0.0,0.0,0.0,0.0,0.0,0.0,0.0,0.16281302273273468,0.0,0.0,0.0,0.0,0.0,0.0,0.0,0.0,0.0,0.0,0.0,0.0,0.0,0.0,0.0,0.0,0.0,0.0,0.0,0.0,0.0,0.0,0.0,0.0,0.0,0.0,0.0,0.0,0.0,0.011218912899494171,0.0,0.0,0.0,0.0,0.0,0.0,0.0,0.0,0.0,0.07207216322422028,0.0,0.0,0.0,0.0,0.10112308710813522,0.0,0.0,0.0,0.0,0.0,0.0,0.0,0.0,0.0,0.0,0.0,0.0,0.0,0.0,0.0,0.0,0.0,0.0,0.0,0.0,0.0,0.0,0.0,0.0,0.0,0.0,0.0,0.0,0.0,0.0,0.0,0.0,0.0,0.0,0.0,0.0,0.0,0.0,0.0,0.0,0.0,0.0,0.0,0.0,0.0,0.0,0.0,0.0,0.0,0.0,0.0,0.0,0.0,0.0,0.0,0.0,0.0,0.0,0.0,0.0,0.26394033432006836,0.0,0.0,0.0,0.0,0.0,0.0,0.0,0.0,0.0,0.0,0.0,0.0,0.0,0.0,0.0,0.0,0.0,0.0,0.0,0.0,0.0,0.0,0.0,0.0,0.0,0.0,0.0,0.0,0.0,0.0,0.0,0.0,0.0,0.0,0.0,0.0,0.0,0.0,0.0,0.0,0.0,0.0,0.0,0.0,0.0,0.0,0.0,0.0,0.0,0.0,0.0,0.0,0.0,0.0,0.0,0.0,0.0,0.0,0.0,0.0,0.0770663246512413,0.0,0.0,0.0,0.0,0.0,0.0,0.0,0.0,0.0,0.0,0.0,0.0,0.0,0.0,0.0,0.0,0.0,0.0,0.0,0.029194079339504242,0.0,0.0,0.0,0.0,0.0,0.0,0.0,0.0,0.0,0.0,0.0,0.0,0.0,0.11741958558559418,0.0,0.0,0.0,0.0,0.0,0.0,0.0,0.0,0.0,0.0,0.051610805094242096,0.0,0.0,0.0,0.0,0.0,0.0,0.0,0.0,0.02343638800084591,0.0,0.0,0.0,0.0,0.0,0.0,0.0,0.0,0.0,0.0,0.0,0.0,0.0,0.0,0.0,0.0,0.0,0.0,0.0,0.0,0.0,0.0,0.0,0.0,0.0,0.0,0.0,0.0,0.0,0.0,0.0,0.0,0.0,0.0,0.0,0.0,0.0,0.0,0.0,0.0,0.0,0.0,0.0,0.0,0.0,0.0,0.0,0.0,0.0,0.0,0.08408462256193161,0.0,0.0,0.0,0.0,0.0,0.0,0.0,0.0,0.0,0.0,0.0,0.0,0.0,0.0,0.0,0.0,0.0,0.0,0.0,0.0,0.0,0.0,0.0,0.0,0.0,0.0,0.0,0.0,0.0,0.0,0.0,0.0,0.0,0.0,0.0,0.0,0.0,0.0,0.0,0.0,0.0,0.0,0.0,0.0,0.0,0.0,0.0,0.0,0.0,0.0,0.0,0.0,0.0,0.0,0.0,0.0,0.0,0.0,0.0,0.0,0.0,0.0,0.0,0.0,0.0,0.0,0.0,0.0,0.0,0.0,0.0,0.0,0.0,0.0,0.0,0.0,0.0,0.0,0.0,0.0,0.0,0.0,0.0,0.0,0.0,0.0,0.0,0.0,0.0030055337119847536,0.0,0.0,0.0,0.0,0.0,0.0,0.0,0.0,0.0,0.0,0.0,0.0,0.0,0.0,0.0,0.0,0.0,0.0,0.0,0.0,0.0,0.0,0.0,0.0,0.0,0.0,0.0,0.0,0.0,0.0,0.0,0.0,0.0,0.0,0.0,0.0,0.0,0.0,0.0,0.0,0.0,0.0,0.0,0.0,0.0,0.0,0.0,0.0,0.0,0.0,0.0,0.0,0.0,0.0,0.0,0.0,0.0,0.0,0.0,0.0,0.0,0.0,0.0,0.0,0.0,0.0,0.0,0.0,0.0,0.0,0.0,0.0,0.0,0.0,0.003015188267454505,0.0,0.0,0.0,0.0,0.0,0.0,0.0,0.0,0.0,0.0,0.0,0.0,0.0,0.0,0.0,0.0,0.0,0.0,0.0,0.0,0.0,0.0,0.0,0.0,0.0,0.0,0.0,0.0,0.0,0.0,0.0,0.0,0.0,0.0,0.0,0.0,0.0,0.0,0.0,0.0,0.0,0.0,0.0,0.0,0.0,,,,,,,,,,,,,,,,,,,,,,,,,,,,,,,,,,,,,,,,,,,,,,,,,,,,,,,,,,,,,,,,,,,,,,,,,,,,,,,,,,,,,,,,,,,,,,,,,,,,,,,,,,,,,,,,,,,,,,,,,,,,,,,,,,,,,,,,,,,,,,,,,,,,,,,,,,,,,,,,,,,,,,,,,,,,,,,,,,,,,,,,,,,,,,,,,,,,,,,,,,,,,,,,,,,,,,,,,,,,,,,,,,,,,,,,,,,,,,,,,,,,,,,,,,,,,,,,,,,,,,,,,,,,
2019-03-01,1136224.9046250843,3287.5534434060564,28972.63087158878,56574.993732232164,96477.30873417847,46286.116777204115,23633.111731871464,56190.27171122702,12405.890883467231,38610.172447245626,142029.14287857362,46095.88291406331,,,,,,,,,,,,,,,,,,,,,,,,,,,,,,,,,,,,,,,,,,,,,,,,,,,,,,,,,,,,,,,,,,,,,,,,,,,,,,,,,,,,,,,,,,,,,,,,,,,,,,,,,,,,,,,,0.0,0.0,0.0,0.0,0.0,0.0,0.0,0.0,0.0,0.0,0.0,0.0,0.0,0.0,0.0,0.0,0.0,0.0,0.16281302273273468,0.0,0.0,0.0,0.0,0.0,0.0,0.0,0.0,0.0,0.0,0.0,0.0,0.0,0.0,0.0,0.0,0.0,0.0,0.0,0.0,0.0,0.0,0.0,0.0,0.0,0.0,0.0,0.0,0.0,0.011218912899494171,0.0,0.0,0.0,0.0,0.0,0.0,0.0,0.0,0.0,0.07207216322422028,0.0,0.0,0.0,0.0,0.10112308710813522,0.0,0.0,0.0,0.0,0.0,0.0,0.0,0.0,0.0,0.0,0.0,0.0,0.0,0.0,0.0,0.0,0.0,0.0,0.0,0.0,0.0,0.0,0.0,0.0,0.0,0.0,0.0,0.0,0.0,0.0,0.0,0.0,0.0,0.0,0.0,0.0,0.0,0.0,0.0,0.0,0.0,0.0,0.0,0.0,0.0,0.0,0.0,0.0,0.0,0.0,0.0,0.0,0.0,0.0,0.0,0.0,0.0,0.0,0.0,0.0,0.26394033432006836,0.0,0.0,0.0,0.0,0.0,0.0,0.0,0.0,0.0,0.0,0.0,0.0,0.0,0.0,0.0,0.0,0.0,0.0,0.0,0.0,0.0,0.0,0.0,0.0,0.0,0.0,0.0,0.0,0.0,0.0,0.0,0.0,0.0,0.0,0.0,0.0,0.0,0.0,0.0,0.0,0.0,0.0,0.0,0.0,0.0,0.0,0.0,0.0,0.0,0.0,0.0,0.0,0.0,0.0,0.0,0.0,0.0,0.0,0.0,0.0,0.0770663246512413,0.0,0.0,0.0,0.0,0.0,0.0,0.0,0.0,0.0,0.0,0.0,0.0,0.0,0.0,0.0,0.0,0.0,0.0,0.0,0.029194079339504242,0.0,0.0,0.0,0.0,0.0,0.0,0.0,0.0,0.0,0.0,0.0,0.0,0.0,0.11741958558559418,0.0,0.0,0.0,0.0,0.0,0.0,0.0,0.0,0.0,0.0,0.051610805094242096,0.0,0.0,0.0,0.0,0.0,0.0,0.0,0.0,0.02343638800084591,0.0,0.0,0.0,0.0,0.0,0.0,0.0,0.0,0.0,0.0,0.0,0.0,0.0,0.0,0.0,0.0,0.0,0.0,0.0,0.0,0.0,0.0,0.0,0.0,0.0,0.0,0.0,0.0,0.0,0.0,0.0,0.0,0.0,0.0,0.0,0.0,0.0,0.0,0.0,0.0,0.0,0.0,0.0,0.0,0.0,0.0,0.0,0.0,0.0,0.0,0.08408462256193161,0.0,0.0,0.0,0.0,0.0,0.0,0.0,0.0,0.0,0.0,0.0,0.0,0.0,0.0,0.0,0.0,0.0,0.0,0.0,0.0,0.0,0.0,0.0,0.0,0.0,0.0,0.0,0.0,0.0,0.0,0.0,0.0,0.0,0.0,0.0,0.0,0.0,0.0,0.0,0.0,0.0,0.0,0.0,0.0,0.0,0.0,0.0,0.0,0.0,0.0,0.0,0.0,0.0,0.0,0.0,0.0,0.0,0.0,0.0,0.0,0.0,0.0,0.0,0.0,0.0,0.0,0.0,0.0,0.0,0.0,0.0,0.0,0.0,0.0,0.0,0.0,0.0,0.0,0.0,0.0,0.0,0.0,0.0,0.0,0.0,0.0,0.0,0.0,0.0030055337119847536,0.0,0.0,0.0,0.0,0.0,0.0,0.0,0.0,0.0,0.0,0.0,0.0,0.0,0.0,0.0,0.0,0.0,0.0,0.0,0.0,0.0,0.0,0.0,0.0,0.0,0.0,0.0,0.0,0.0,0.0,0.0,0.0,0.0,0.0,0.0,0.0,0.0,0.0,0.0,0.0,0.0,0.0,0.0,0.0,0.0,0.0,0.0,0.0,0.0,0.0,0.0,0.0,0.0,0.0,0.0,0.0,0.0,0.0,0.0,0.0,0.0,0.0,0.0,0.0,0.0,0.0,0.0,0.0,0.0,0.0,0.0,0.0,0.0,0.0,0.003015188267454505,0.0,0.0,0.0,0.0,0.0,0.0,0.0,0.0,0.0,0.0,0.0,0.0,0.0,0.0,0.0,0.0,0.0,0.0,0.0,0.0,0.0,0.0,0.0,0.0,0.0,0.0,0.0,0.0,0.0,0.0,0.0,0.0,0.0,0.0,0.0,0.0,0.0,0.0,0.0,0.0,0.0,0.0,0.0,0.0,0.0,,,,,,,,,,,,,,,,,,,,,,,,,,,,,,,,,,,,,,,,,,,,,,,,,,,,,,,,,,,,,,,,,,,,,,,,,,,,,,,,,,,,,,,,,,,,,,,,,,,,,,,,,,,,,,,,,,,,,,,,,,,,,,,,,,,,,,,,,,,,,,,,,,,,,,,,,,,,,,,,,,,,,,,,,,,,,,,,,,,,,,,,,,,,,,,,,,,,,,,,,,,,,,,,,,,,,,,,,,,,,,,,,,,,,,,,,,,,,,,,,,,,,,,,,,,,,,,,,,,,,,,,,,,,
2019-03-04,1152763.3157835256,541.2659126051375,28973.248138870014,56270.98599892378,98368.5423480372,46676.99733572254,23691.779423033066,55380.43598748025,12486.00841301847,38610.84471983014,143072.77337456075,46095.64544698199,,,,,,,,,,,,,,,,,,,,,,,,,,,,,,,,,,,,,,,,,,,,,,,,,,,,,,,,,,,,,,,,,,,,,,,,,,,,,,,,,,,,,,,,,,,,,,,,,,,,,,,,,,,,,,,,0.0,0.0,0.0,0.0,0.0,0.0,0.0,0.0,0.0,0.0,0.0,0.0,0.0,0.0,0.0,0.0,0.0,0.0,0.16281302273273468,0.0,0.0,0.0,0.0,0.0,0.0,0.0,0.0,0.0,0.0,0.0,0.0,0.0,0.0,0.0,0.0,0.0,0.0,0.0,0.0,0.0,0.0,0.0,0.0,0.0,0.0,0.0,0.0,0.0,0.011218912899494171,0.0,0.0,0.0,0.0,0.0,0.0,0.0,0.0,0.0,0.07207216322422028,0.0,0.0,0.0,0.0,0.10112308710813522,0.0,0.0,0.0,0.0,0.0,0.0,0.0,0.0,0.0,0.0,0.0,0.0,0.0,0.0,0.0,0.0,0.0,0.0,0.0,0.0,0.0,0.0,0.0,0.0,0.0,0.0,0.0,0.0,0.0,0.0,0.0,0.0,0.0,0.0,0.0,0.0,0.0,0.0,0.0,0.0,0.0,0.0,0.0,0.0,0.0,0.0,0.0,0.0,0.0,0.0,0.0,0.0,0.0,0.0,0.0,0.0,0.0,0.0,0.0,0.0,0.26394033432006836,0.0,0.0,0.0,0.0,0.0,0.0,0.0,0.0,0.0,0.0,0.0,0.0,0.0,0.0,0.0,0.0,0.0,0.0,0.0,0.0,0.0,0.0,0.0,0.0,0.0,0.0,0.0,0.0,0.0,0.0,0.0,0.0,0.0,0.0,0.0,0.0,0.0,0.0,0.0,0.0,0.0,0.0,0.0,0.0,0.0,0.0,0.0,0.0,0.0,0.0,0.0,0.0,0.0,0.0,0.0,0.0,0.0,0.0,0.0,0.0,0.0770663246512413,0.0,0.0,0.0,0.0,0.0,0.0,0.0,0.0,0.0,0.0,0.0,0.0,0.0,0.0,0.0,0.0,0.0,0.0,0.0,0.029194079339504242,0.0,0.0,0.0,0.0,0.0,0.0,0.0,0.0,0.0,0.0,0.0,0.0,0.0,0.11741958558559418,0.0,0.0,0.0,0.0,0.0,0.0,0.0,0.0,0.0,0.0,0.051610805094242096,0.0,0.0,0.0,0.0,0.0,0.0,0.0,0.0,0.02343638800084591,0.0,0.0,0.0,0.0,0.0,0.0,0.0,0.0,0.0,0.0,0.0,0.0,0.0,0.0,0.0,0.0,0.0,0.0,0.0,0.0,0.0,0.0,0.0,0.0,0.0,0.0,0.0,0.0,0.0,0.0,0.0,0.0,0.0,0.0,0.0,0.0,0.0,0.0,0.0,0.0,0.0,0.0,0.0,0.0,0.0,0.0,0.0,0.0,0.0,0.0,0.08408462256193161,0.0,0.0,0.0,0.0,0.0,0.0,0.0,0.0,0.0,0.0,0.0,0.0,0.0,0.0,0.0,0.0,0.0,0.0,0.0,0.0,0.0,0.0,0.0,0.0,0.0,0.0,0.0,0.0,0.0,0.0,0.0,0.0,0.0,0.0,0.0,0.0,0.0,0.0,0.0,0.0,0.0,0.0,0.0,0.0,0.0,0.0,0.0,0.0,0.0,0.0,0.0,0.0,0.0,0.0,0.0,0.0,0.0,0.0,0.0,0.0,0.0,0.0,0.0,0.0,0.0,0.0,0.0,0.0,0.0,0.0,0.0,0.0,0.0,0.0,0.0,0.0,0.0,0.0,0.0,0.0,0.0,0.0,0.0,0.0,0.0,0.0,0.0,0.0,0.0030055337119847536,0.0,0.0,0.0,0.0,0.0,0.0,0.0,0.0,0.0,0.0,0.0,0.0,0.0,0.0,0.0,0.0,0.0,0.0,0.0,0.0,0.0,0.0,0.0,0.0,0.0,0.0,0.0,0.0,0.0,0.0,0.0,0.0,0.0,0.0,0.0,0.0,0.0,0.0,0.0,0.0,0.0,0.0,0.0,0.0,0.0,0.0,0.0,0.0,0.0,0.0,0.0,0.0,0.0,0.0,0.0,0.0,0.0,0.0,0.0,0.0,0.0,0.0,0.0,0.0,0.0,0.0,0.0,0.0,0.0,0.0,0.0,0.0,0.0,0.0,0.003015188267454505,0.0,0.0,0.0,0.0,0.0,0.0,0.0,0.0,0.0,0.0,0.0,0.0,0.0,0.0,0.0,0.0,0.0,0.0,0.0,0.0,0.0,0.0,0.0,0.0,0.0,0.0,0.0,0.0,0.0,0.0,0.0,0.0,0.0,0.0,0.0,0.0,0.0,0.0,0.0,0.0,0.0,0.0,0.0,0.0,0.0,,,,,,,,,,,,,,,,,,,,,,,,,,,,,,,,,,,,,,,,,,,,,,,,,,,,,,,,,,,,,,,,,,,,,,,,,,,,,,,,,,,,,,,,,,,,,,,,,,,,,,,,,,,,,,,,,,,,,,,,,,,,,,,,,,,,,,,,,,,,,,,,,,,,,,,,,,,,,,,,,,,,,,,,,,,,,,,,,,,,,,,,,,,,,,,,,,,,,,,,,,,,,,,,,,,,,,,,,,,,,,,,,,,,,,,,,,,,,,,,,,,,,,,,,,,,,,,,,,,,,,,,,,,,
2019-03-05,1173245.4571107621,2501.5088214171847,28972.53298139662,56270.98599892378,98353.37016682028,46843.22144029763,23691.779423033066,55380.43598748025,12242.844297669299,38612.493348219294,142970.70780645375,46101.47201242583,,,,,,,,,,,,,,,,,,,,,,,,,,,,,,,,,,,,,,,,,,,,,,,,,,,,,,,,,,,,,,,,,,,,,,,,,,,,,,,,,,,,,,,,,,,,,,,,,,,,,,,,,,,,,,,,0.0,0.0,0.0,0.0,0.0,0.0,0.0,0.0,0.0,0.0,0.0,0.0,0.0,0.0,0.0,0.0,0.0,0.0,0.16281302273273468,0.0,0.0,0.0,0.0,0.0,0.0,0.0,0.0,0.0,0.0,0.0,0.0,0.0,0.0,0.0,0.0,0.0,0.0,0.0,0.0,0.0,0.0,0.0,0.0,0.0,0.0,0.0,0.0,0.0,0.011218912899494171,0.0,0.0,0.0,0.0,0.0,0.0,0.0,0.0,0.0,0.07207216322422028,0.0,0.0,0.0,0.0,0.10112308710813522,0.0,0.0,0.0,0.0,0.0,0.0,0.0,0.0,0.0,0.0,0.0,0.0,0.0,0.0,0.0,0.0,0.0,0.0,0.0,0.0,0.0,0.0,0.0,0.0,0.0,0.0,0.0,0.0,0.0,0.0,0.0,0.0,0.0,0.0,0.0,0.0,0.0,0.0,0.0,0.0,0.0,0.0,0.0,0.0,0.0,0.0,0.0,0.0,0.0,0.0,0.0,0.0,0.0,0.0,0.0,0.0,0.0,0.0,0.0,0.0,0.26394033432006836,0.0,0.0,0.0,0.0,0.0,0.0,0.0,0.0,0.0,0.0,0.0,0.0,0.0,0.0,0.0,0.0,0.0,0.0,0.0,0.0,0.0,0.0,0.0,0.0,0.0,0.0,0.0,0.0,0.0,0.0,0.0,0.0,0.0,0.0,0.0,0.0,0.0,0.0,0.0,0.0,0.0,0.0,0.0,0.0,0.0,0.0,0.0,0.0,0.0,0.0,0.0,0.0,0.0,0.0,0.0,0.0,0.0,0.0,0.0,0.0,0.0770663246512413,0.0,0.0,0.0,0.0,0.0,0.0,0.0,0.0,0.0,0.0,0.0,0.0,0.0,0.0,0.0,0.0,0.0,0.0,0.0,0.029194079339504242,0.0,0.0,0.0,0.0,0.0,0.0,0.0,0.0,0.0,0.0,0.0,0.0,0.0,0.11741958558559418,0.0,0.0,0.0,0.0,0.0,0.0,0.0,0.0,0.0,0.0,0.051610805094242096,0.0,0.0,0.0,0.0,0.0,0.0,0.0,0.0,0.02343638800084591,0.0,0.0,0.0,0.0,0.0,0.0,0.0,0.0,0.0,0.0,0.0,0.0,0.0,0.0,0.0,0.0,0.0,0.0,0.0,0.0,0.0,0.0,0.0,0.0,0.0,0.0,0.0,0.0,0.0,0.0,0.0,0.0,0.0,0.0,0.0,0.0,0.0,0.0,0.0,0.0,0.0,0.0,0.0,0.0,0.0,0.0,0.0,0.0,0.0,0.0,0.08408462256193161,0.0,0.0,0.0,0.0,0.0,0.0,0.0,0.0,0.0,0.0,0.0,0.0,0.0,0.0,0.0,0.0,0.0,0.0,0.0,0.0,0.0,0.0,0.0,0.0,0.0,0.0,0.0,0.0,0.0,0.0,0.0,0.0,0.0,0.0,0.0,0.0,0.0,0.0,0.0,0.0,0.0,0.0,0.0,0.0,0.0,0.0,0.0,0.0,0.0,0.0,0.0,0.0,0.0,0.0,0.0,0.0,0.0,0.0,0.0,0.0,0.0,0.0,0.0,0.0,0.0,0.0,0.0,0.0,0.0,0.0,0.0,0.0,0.0,0.0,0.0,0.0,0.0,0.0,0.0,0.0,0.0,0.0,0.0,0.0,0.0,0.0,0.0,0.0,0.0030055337119847536,0.0,0.0,0.0,0.0,0.0,0.0,0.0,0.0,0.0,0.0,0.0,0.0,0.0,0.0,0.0,0.0,0.0,0.0,0.0,0.0,0.0,0.0,0.0,0.0,0.0,0.0,0.0,0.0,0.0,0.0,0.0,0.0,0.0,0.0,0.0,0.0,0.0,0.0,0.0,0.0,0.0,0.0,0.0,0.0,0.0,0.0,0.0,0.0,0.0,0.0,0.0,0.0,0.0,0.0,0.0,0.0,0.0,0.0,0.0,0.0,0.0,0.0,0.0,0.0,0.0,0.0,0.0,0.0,0.0,0.0,0.0,0.0,0.0,0.0,0.003015188267454505,0.0,0.0,0.0,0.0,0.0,0.0,0.0,0.0,0.0,0.0,0.0,0.0,0.0,0.0,0.0,0.0,0.0,0.0,0.0,0.0,0.0,0.0,0.0,0.0,0.0,0.0,0.0,0.0,0.0,0.0,0.0,0.0,0.0,0.0,0.0,0.0,0.0,0.0,0.0,0.0,0.0,0.0,0.0,0.0,0.0,,,,,,,,,,,,,,,,,,,,,,,,,,,,,,,,,,,,,,,,,,,,,,,,,,,,,,,,,,,,,,,,,,,,,,,,,,,,,,,,,,,,,,,,,,,,,,,,,,,,,,,,,,,,,,,,,,,,,,,,,,,,,,,,,,,,,,,,,,,,,,,,,,,,,,,,,,,,,,,,,,,,,,,,,,,,,,,,,,,,,,,,,,,,,,,,,,,,,,,,,,,,,,,,,,,,,,,,,,,,,,,,,,,,,,,,,,,,,,,,,,,,,,,,,,,,,,,,,,,,,,,,,,,,
2019-03-06,1198841.005147423,2580.022415979621,27083.579174161776,57191.98844270171,96487.32459167241,48053.423334660925,23920.490564156575,57814.7658199103,12082.085240437735,38613.10431186813,144135.60497698482,46099.14437619215,,,,,,,,,,,,,,,,,,,,,,,,,,,,,,,,,,,,,,,,,,,,,,,,,,,,,,,,,,,,,,,,,,,,,,,,,,,,,,,,,,,,,,,,,,,,,,,,,,,,,,,,,,,,,,,,0.0,0.0,0.0,0.0,0.0,0.0,0.0,0.0,0.0,0.0,0.0,0.0,0.0,0.0,0.0,0.0,0.0,0.0,0.16281302273273468,0.0,0.0,0.0,0.0,0.0,0.0,0.0,0.0,0.0,0.0,0.0,0.0,0.0,0.0,0.0,0.0,0.0,0.0,0.0,0.0,0.0,0.0,0.0,0.0,0.0,0.0,0.0,0.0,0.0,0.011218912899494171,0.0,0.0,0.0,0.0,0.0,0.0,0.0,0.0,0.0,0.07207216322422028,0.0,0.0,0.0,0.0,0.10112308710813522,0.0,0.0,0.0,0.0,0.0,0.0,0.0,0.0,0.0,0.0,0.0,0.0,0.0,0.0,0.0,0.0,0.0,0.0,0.0,0.0,0.0,0.0,0.0,0.0,0.0,0.0,0.0,0.0,0.0,0.0,0.0,0.0,0.0,0.0,0.0,0.0,0.0,0.0,0.0,0.0,0.0,0.0,0.0,0.0,0.0,0.0,0.0,0.0,0.0,0.0,0.0,0.0,0.0,0.0,0.0,0.0,0.0,0.0,0.0,0.0,0.26394033432006836,0.0,0.0,0.0,0.0,0.0,0.0,0.0,0.0,0.0,0.0,0.0,0.0,0.0,0.0,0.0,0.0,0.0,0.0,0.0,0.0,0.0,0.0,0.0,0.0,0.0,0.0,0.0,0.0,0.0,0.0,0.0,0.0,0.0,0.0,0.0,0.0,0.0,0.0,0.0,0.0,0.0,0.0,0.0,0.0,0.0,0.0,0.0,0.0,0.0,0.0,0.0,0.0,0.0,0.0,0.0,0.0,0.0,0.0,0.0,0.0,0.0770663246512413,0.0,0.0,0.0,0.0,0.0,0.0,0.0,0.0,0.0,0.0,0.0,0.0,0.0,0.0,0.0,0.0,0.0,0.0,0.0,0.029194079339504242,0.0,0.0,0.0,0.0,0.0,0.0,0.0,0.0,0.0,0.0,0.0,0.0,0.0,0.11741958558559418,0.0,0.0,0.0,0.0,0.0,0.0,0.0,0.0,0.0,0.0,0.051610805094242096,0.0,0.0,0.0,0.0,0.0,0.0,0.0,0.0,0.02343638800084591,0.0,0.0,0.0,0.0,0.0,0.0,0.0,0.0,0.0,0.0,0.0,0.0,0.0,0.0,0.0,0.0,0.0,0.0,0.0,0.0,0.0,0.0,0.0,0.0,0.0,0.0,0.0,0.0,0.0,0.0,0.0,0.0,0.0,0.0,0.0,0.0,0.0,0.0,0.0,0.0,0.0,0.0,0.0,0.0,0.0,0.0,0.0,0.0,0.0,0.0,0.08408462256193161,0.0,0.0,0.0,0.0,0.0,0.0,0.0,0.0,0.0,0.0,0.0,0.0,0.0,0.0,0.0,0.0,0.0,0.0,0.0,0.0,0.0,0.0,0.0,0.0,0.0,0.0,0.0,0.0,0.0,0.0,0.0,0.0,0.0,0.0,0.0,0.0,0.0,0.0,0.0,0.0,0.0,0.0,0.0,0.0,0.0,0.0,0.0,0.0,0.0,0.0,0.0,0.0,0.0,0.0,0.0,0.0,0.0,0.0,0.0,0.0,0.0,0.0,0.0,0.0,0.0,0.0,0.0,0.0,0.0,0.0,0.0,0.0,0.0,0.0,0.0,0.0,0.0,0.0,0.0,0.0,0.0,0.0,0.0,0.0,0.0,0.0,0.0,0.0,0.0030055337119847536,0.0,0.0,0.0,0.0,0.0,0.0,0.0,0.0,0.0,0.0,0.0,0.0,0.0,0.0,0.0,0.0,0.0,0.0,0.0,0.0,0.0,0.0,0.0,0.0,0.0,0.0,0.0,0.0,0.0,0.0,0.0,0.0,0.0,0.0,0.0,0.0,0.0,0.0,0.0,0.0,0.0,0.0,0.0,0.0,0.0,0.0,0.0,0.0,0.0,0.0,0.0,0.0,0.0,0.0,0.0,0.0,0.0,0.0,0.0,0.0,0.0,0.0,0.0,0.0,0.0,0.0,0.0,0.0,0.0,0.0,0.0,0.0,0.0,0.0,0.003015188267454505,0.0,0.0,0.0,0.0,0.0,0.0,0.0,0.0,0.0,0.0,0.0,0.0,0.0,0.0,0.0,0.0,0.0,0.0,0.0,0.0,0.0,0.0,0.0,0.0,0.0,0.0,0.0,0.0,0.0,0.0,0.0,0.0,0.0,0.0,0.0,0.0,0.0,0.0,0.0,0.0,0.0,0.0,0.0,0.0,0.0,,,,,,,,,,,,,,,,,,,,,,,,,,,,,,,,,,,,,,,,,,,,,,,,,,,,,,,,,,,,,,,,,,,,,,,,,,,,,,,,,,,,,,,,,,,,,,,,,,,,,,,,,,,,,,,,,,,,,,,,,,,,,,,,,,,,,,,,,,,,,,,,,,,,,,,,,,,,,,,,,,,,,,,,,,,,,,,,,,,,,,,,,,,,,,,,,,,,,,,,,,,,,,,,,,,,,,,,,,,,,,,,,,,,,,,,,,,,,,,,,,,,,,,,,,,,,,,,,,,,,,,,,,,,
2019-03-07,1212911.4136908755,149.77751069659644,26453.93705391509,57504.56265014385,100271.40978971102,48053.423334660925,23919.64164535264,53761.774450435056,12244.256146923362,38613.52235076807,146211.7493339716,48404.81232990164,,,,,,,,,,,,,,,,,,,,,,,,,,,,,,,,,,,,,,,,,,,,,,,,,,,,,,,,,,,,,,,,,,,,,,,,,,,,,,,,,,,,,,,,,,,,,,,,,,,,,,,,,,,,,,,,0.0,0.0,0.0,0.0,0.0,0.0,0.0,0.0,0.0,0.0,0.0,0.0,0.0,0.0,0.0,0.0,0.0,0.0,0.16281302273273468,0.0,0.0,0.0,0.0,0.0,0.0,0.0,0.0,0.0,0.0,0.0,0.0,0.0,0.0,0.0,0.0,0.0,0.0,0.0,0.0,0.0,0.0,0.0,0.0,0.0,0.0,0.0,0.0,0.0,0.011218912899494171,0.0,0.0,0.0,0.0,0.0,0.0,0.0,0.0,0.0,0.07207216322422028,0.0,0.0,0.0,0.0,0.10112308710813522,0.0,0.0,0.0,0.0,0.0,0.0,0.0,0.0,0.0,0.0,0.0,0.0,0.0,0.0,0.0,0.0,0.0,0.0,0.0,0.0,0.0,0.0,0.0,0.0,0.0,0.0,0.0,0.0,0.0,0.0,0.0,0.0,0.0,0.0,0.0,0.0,0.0,0.0,0.0,0.0,0.0,0.0,0.0,0.0,0.0,0.0,0.0,0.0,0.0,0.0,0.0,0.0,0.0,0.0,0.0,0.0,0.0,0.0,0.0,0.0,0.26394033432006836,0.0,0.0,0.0,0.0,0.0,0.0,0.0,0.0,0.0,0.0,0.0,0.0,0.0,0.0,0.0,0.0,0.0,0.0,0.0,0.0,0.0,0.0,0.0,0.0,0.0,0.0,0.0,0.0,0.0,0.0,0.0,0.0,0.0,0.0,0.0,0.0,0.0,0.0,0.0,0.0,0.0,0.0,0.0,0.0,0.0,0.0,0.0,0.0,0.0,0.0,0.0,0.0,0.0,0.0,0.0,0.0,0.0,0.0,0.0,0.0,0.0770663246512413,0.0,0.0,0.0,0.0,0.0,0.0,0.0,0.0,0.0,0.0,0.0,0.0,0.0,0.0,0.0,0.0,0.0,0.0,0.0,0.029194079339504242,0.0,0.0,0.0,0.0,0.0,0.0,0.0,0.0,0.0,0.0,0.0,0.0,0.0,0.11741958558559418,0.0,0.0,0.0,0.0,0.0,0.0,0.0,0.0,0.0,0.0,0.051610805094242096,0.0,0.0,0.0,0.0,0.0,0.0,0.0,0.0,0.02343638800084591,0.0,0.0,0.0,0.0,0.0,0.0,0.0,0.0,0.0,0.0,0.0,0.0,0.0,0.0,0.0,0.0,0.0,0.0,0.0,0.0,0.0,0.0,0.0,0.0,0.0,0.0,0.0,0.0,0.0,0.0,0.0,0.0,0.0,0.0,0.0,0.0,0.0,0.0,0.0,0.0,0.0,0.0,0.0,0.0,0.0,0.0,0.0,0.0,0.0,0.0,0.08408462256193161,0.0,0.0,0.0,0.0,0.0,0.0,0.0,0.0,0.0,0.0,0.0,0.0,0.0,0.0,0.0,0.0,0.0,0.0,0.0,0.0,0.0,0.0,0.0,0.0,0.0,0.0,0.0,0.0,0.0,0.0,0.0,0.0,0.0,0.0,0.0,0.0,0.0,0.0,0.0,0.0,0.0,0.0,0.0,0.0,0.0,0.0,0.0,0.0,0.0,0.0,0.0,0.0,0.0,0.0,0.0,0.0,0.0,0.0,0.0,0.0,0.0,0.0,0.0,0.0,0.0,0.0,0.0,0.0,0.0,0.0,0.0,0.0,0.0,0.0,0.0,0.0,0.0,0.0,0.0,0.0,0.0,0.0,0.0,0.0,0.0,0.0,0.0,0.0,0.0030055337119847536,0.0,0.0,0.0,0.0,0.0,0.0,0.0,0.0,0.0,0.0,0.0,0.0,0.0,0.0,0.0,0.0,0.0,0.0,0.0,0.0,0.0,0.0,0.0,0.0,0.0,0.0,0.0,0.0,0.0,0.0,0.0,0.0,0.0,0.0,0.0,0.0,0.0,0.0,0.0,0.0,0.0,0.0,0.0,0.0,0.0,0.0,0.0,0.0,0.0,0.0,0.0,0.0,0.0,0.0,0.0,0.0,0.0,0.0,0.0,0.0,0.0,0.0,0.0,0.0,0.0,0.0,0.0,0.0,0.0,0.0,0.0,0.0,0.0,0.0,0.003015188267454505,0.0,0.0,0.0,0.0,0.0,0.0,0.0,0.0,0.0,0.0,0.0,0.0,0.0,0.0,0.0,0.0,0.0,0.0,0.0,0.0,0.0,0.0,0.0,0.0,0.0,0.0,0.0,0.0,0.0,0.0,0.0,0.0,0.0,0.0,0.0,0.0,0.0,0.0,0.0,0.0,0.0,0.0,0.0,0.0,0.0,,,,,,,,,,,,,,,,,,,,,,,,,,,,,,,,,,,,,,,,,,,,,,,,,,,,,,,,,,,,,,,,,,,,,,,,,,,,,,,,,,,,,,,,,,,,,,,,,,,,,,,,,,,,,,,,,,,,,,,,,,,,,,,,,,,,,,,,,,,,,,,,,,,,,,,,,,,,,,,,,,,,,,,,,,,,,,,,,,,,,,,,,,,,,,,,,,,,,,,,,,,,,,,,,,,,,,,,,,,,,,,,,,,,,,,,,,,,,,,,,,,,,,,,,,,,,,,,,,,,,,,,,,,,
2019-03-08,1178921.6215743972,8942.787220632224,23619.624341541818,57800.991944903064,103112.7173150846,48637.99587462762,23691.779423033066,54554.769335526056,12567.573479271347,38613.52235076807,149216.32711956752,46102.738852004506,,,,,,,,,,,,,,,,,,,,,,,,,,,,,,,,,,,,,,,,,,,,,,,,,,,,,,,,,,,,,,,,,,,,,,,,,,,,,,,,,,,,,,,,,,,,,,,,,,,,,,,,,,,,,,,,0.0,0.0,0.0,0.0,0.0,0.0,0.0,0.0,0.0,0.0,0.0,0.0,0.0,0.0,0.0,0.0,0.0,0.0,0.16281302273273468,0.0,0.0,0.0,0.0,0.0,0.0,0.0,0.0,0.0,0.0,0.0,0.0,0.0,0.0,0.0,0.0,0.0,0.0,0.0,0.0,0.0,0.0,0.0,0.0,0.0,0.0,0.0,0.0,0.0,0.011218912899494171,0.0,0.0,0.0,0.0,0.0,0.0,0.0,0.0,0.0,0.07207216322422028,0.0,0.0,0.0,0.0,0.10112308710813522,0.0,0.0,0.0,0.0,0.0,0.0,0.0,0.0,0.0,0.0,0.0,0.0,0.0,0.0,0.0,0.0,0.0,0.0,0.0,0.0,0.0,0.0,0.0,0.0,0.0,0.0,0.0,0.0,0.0,0.0,0.0,0.0,0.0,0.0,0.0,0.0,0.0,0.0,0.0,0.0,0.0,0.0,0.0,0.0,0.0,0.0,0.0,0.0,0.0,0.0,0.0,0.0,0.0,0.0,0.0,0.0,0.0,0.0,0.0,0.0,0.26394033432006836,0.0,0.0,0.0,0.0,0.0,0.0,0.0,0.0,0.0,0.0,0.0,0.0,0.0,0.0,0.0,0.0,0.0,0.0,0.0,0.0,0.0,0.0,0.0,0.0,0.0,0.0,0.0,0.0,0.0,0.0,0.0,0.0,0.0,0.0,0.0,0.0,0.0,0.0,0.0,0.0,0.0,0.0,0.0,0.0,0.0,0.0,0.0,0.0,0.0,0.0,0.0,0.0,0.0,0.0,0.0,0.0,0.0,0.0,0.0,0.0,0.0770663246512413,0.0,0.0,0.0,0.0,0.0,0.0,0.0,0.0,0.0,0.0,0.0,0.0,0.0,0.0,0.0,0.0,0.0,0.0,0.0,0.029194079339504242,0.0,0.0,0.0,0.0,0.0,0.0,0.0,0.0,0.0,0.0,0.0,0.0,0.0,0.11741958558559418,0.0,0.0,0.0,0.0,0.0,0.0,0.0,0.0,0.0,0.0,0.051610805094242096,0.0,0.0,0.0,0.0,0.0,0.0,0.0,0.0,0.02343638800084591,0.0,0.0,0.0,0.0,0.0,0.0,0.0,0.0,0.0,0.0,0.0,0.0,0.0,0.0,0.0,0.0,0.0,0.0,0.0,0.0,0.0,0.0,0.0,0.0,0.0,0.0,0.0,0.0,0.0,0.0,0.0,0.0,0.0,0.0,0.0,0.0,0.0,0.0,0.0,0.0,0.0,0.0,0.0,0.0,0.0,0.0,0.0,0.0,0.0,0.0,0.08408462256193161,0.0,0.0,0.0,0.0,0.0,0.0,0.0,0.0,0.0,0.0,0.0,0.0,0.0,0.0,0.0,0.0,0.0,0.0,0.0,0.0,0.0,0.0,0.0,0.0,0.0,0.0,0.0,0.0,0.0,0.0,0.0,0.0,0.0,0.0,0.0,0.0,0.0,0.0,0.0,0.0,0.0,0.0,0.0,0.0,0.0,0.0,0.0,0.0,0.0,0.0,0.0,0.0,0.0,0.0,0.0,0.0,0.0,0.0,0.0,0.0,0.0,0.0,0.0,0.0,0.0,0.0,0.0,0.0,0.0,0.0,0.0,0.0,0.0,0.0,0.0,0.0,0.0,0.0,0.0,0.0,0.0,0.0,0.0,0.0,0.0,0.0,0.0,0.0,0.0030055337119847536,0.0,0.0,0.0,0.0,0.0,0.0,0.0,0.0,0.0,0.0,0.0,0.0,0.0,0.0,0.0,0.0,0.0,0.0,0.0,0.0,0.0,0.0,0.0,0.0,0.0,0.0,0.0,0.0,0.0,0.0,0.0,0.0,0.0,0.0,0.0,0.0,0.0,0.0,0.0,0.0,0.0,0.0,0.0,0.0,0.0,0.0,0.0,0.0,0.0,0.0,0.0,0.0,0.0,0.0,0.0,0.0,0.0,0.0,0.0,0.0,0.0,0.0,0.0,0.0,0.0,0.0,0.0,0.0,0.0,0.0,0.0,0.0,0.0,0.0,0.003015188267454505,0.0,0.0,0.0,0.0,0.0,0.0,0.0,0.0,0.0,0.0,0.0,0.0,0.0,0.0,0.0,0.0,0.0,0.0,0.0,0.0,0.0,0.0,0.0,0.0,0.0,0.0,0.0,0.0,0.0,0.0,0.0,0.0,0.0,0.0,0.0,0.0,0.0,0.0,0.0,0.0,0.0,0.0,0.0,0.0,0.0,,,,,,,,,,,,,,,,,,,,,,,,,,,,,,,,,,,,,,,,,,,,,,,,,,,,,,,,,,,,,,,,,,,,,,,,,,,,,,,,,,,,,,,,,,,,,,,,,,,,,,,,,,,,,,,,,,,,,,,,,,,,,,,,,,,,,,,,,,,,,,,,,,,,,,,,,,,,,,,,,,,,,,,,,,,,,,,,,,,,,,,,,,,,,,,,,,,,,,,,,,,,,,,,,,,,,,,,,,,,,,,,,,,,,,,,,,,,,,,,,,,,,,,,,,,,,,,,,,,,,,,,,,,,
2019-03-11,1210268.0979633324,323.6057324108941,21414.927087740612,59335.14254669775,101214.46314276216,49633.63886525381,24263.359527607307,56201.33360860448,13055.112584098904,40645.16063581893,150260.73324651146,46097.1217403452,,,,,,,,,,,,,,,,,,,,,,,,,,,,,,,,,,,,,,,,,,,,,,,,,,,,,,,,,,,,,,,,,,,,,,,,,,,,,,,,,,,,,,,,,,,,,,,,,,,,,,,,,,,,,,,,0.0,0.0,0.0,0.0,0.0,0.0,0.0,0.0,0.0,0.0,0.0,0.0,0.0,0.0,0.0,0.0,0.0,0.0,0.16281302273273468,0.0,0.0,0.0,0.0,0.0,0.0,0.0,0.0,0.0,0.0,0.0,0.0,0.0,0.0,0.0,0.0,0.0,0.0,0.0,0.0,0.0,0.0,0.0,0.0,0.0,0.0,0.0,0.0,0.0,0.011218912899494171,0.0,0.0,0.0,0.0,0.0,0.0,0.0,0.0,0.0,0.07207216322422028,0.0,0.0,0.0,0.0,0.10112308710813522,0.0,0.0,0.0,0.0,0.0,0.0,0.0,0.0,0.0,0.0,0.0,0.0,0.0,0.0,0.0,0.0,0.0,0.0,0.0,0.0,0.0,0.0,0.0,0.0,0.0,0.0,0.0,0.0,0.0,0.0,0.0,0.0,0.0,0.0,0.0,0.0,0.0,0.0,0.0,0.0,0.0,0.0,0.0,0.0,0.0,0.0,0.0,0.0,0.0,0.0,0.0,0.0,0.0,0.0,0.0,0.0,0.0,0.0,0.0,0.0,0.26394033432006836,0.0,0.0,0.0,0.0,0.0,0.0,0.0,0.0,0.0,0.0,0.0,0.0,0.0,0.0,0.0,0.0,0.0,0.0,0.0,0.0,0.0,0.0,0.0,0.0,0.0,0.0,0.0,0.0,0.0,0.0,0.0,0.0,0.0,0.0,0.0,0.0,0.0,0.0,0.0,0.0,0.0,0.0,0.0,0.0,0.0,0.0,0.0,0.0,0.0,0.0,0.0,0.0,0.0,0.0,0.0,0.0,0.0,0.0,0.0,0.0,0.0770663246512413,0.0,0.0,0.0,0.0,0.0,0.0,0.0,0.0,0.0,0.0,0.0,0.0,0.0,0.0,0.0,0.0,0.0,0.0,0.0,0.029194079339504242,0.0,0.0,0.0,0.0,0.0,0.0,0.0,0.0,0.0,0.0,0.0,0.0,0.0,0.11741958558559418,0.0,0.0,0.0,0.0,0.0,0.0,0.0,0.0,0.0,0.0,0.051610805094242096,0.0,0.0,0.0,0.0,0.0,0.0,0.0,0.0,0.02343638800084591,0.0,0.0,0.0,0.0,0.0,0.0,0.0,0.0,0.0,0.0,0.0,0.0,0.0,0.0,0.0,0.0,0.0,0.0,0.0,0.0,0.0,0.0,0.0,0.0,0.0,0.0,0.0,0.0,0.0,0.0,0.0,0.0,0.0,0.0,0.0,0.0,0.0,0.0,0.0,0.0,0.0,0.0,0.0,0.0,0.0,0.0,0.0,0.0,0.0,0.0,0.08408462256193161,0.0,0.0,0.0,0.0,0.0,0.0,0.0,0.0,0.0,0.0,0.0,0.0,0.0,0.0,0.0,0.0,0.0,0.0,0.0,0.0,0.0,0.0,0.0,0.0,0.0,0.0,0.0,0.0,0.0,0.0,0.0,0.0,0.0,0.0,0.0,0.0,0.0,0.0,0.0,0.0,0.0,0.0,0.0,0.0,0.0,0.0,0.0,0.0,0.0,0.0,0.0,0.0,0.0,0.0,0.0,0.0,0.0,0.0,0.0,0.0,0.0,0.0,0.0,0.0,0.0,0.0,0.0,0.0,0.0,0.0,0.0,0.0,0.0,0.0,0.0,0.0,0.0,0.0,0.0,0.0,0.0,0.0,0.0,0.0,0.0,0.0,0.0,0.0,0.0030055337119847536,0.0,0.0,0.0,0.0,0.0,0.0,0.0,0.0,0.0,0.0,0.0,0.0,0.0,0.0,0.0,0.0,0.0,0.0,0.0,0.0,0.0,0.0,0.0,0.0,0.0,0.0,0.0,0.0,0.0,0.0,0.0,0.0,0.0,0.0,0.0,0.0,0.0,0.0,0.0,0.0,0.0,0.0,0.0,0.0,0.0,0.0,0.0,0.0,0.0,0.0,0.0,0.0,0.0,0.0,0.0,0.0,0.0,0.0,0.0,0.0,0.0,0.0,0.0,0.0,0.0,0.0,0.0,0.0,0.0,0.0,0.0,0.0,0.0,0.0,0.003015188267454505,0.0,0.0,0.0,0.0,0.0,0.0,0.0,0.0,0.0,0.0,0.0,0.0,0.0,0.0,0.0,0.0,0.0,0.0,0.0,0.0,0.0,0.0,0.0,0.0,0.0,0.0,0.0,0.0,0.0,0.0,0.0,0.0,0.0,0.0,0.0,0.0,0.0,0.0,0.0,0.0,0.0,0.0,0.0,0.0,0.0,,,,,,,,,,,,,,,,,,,,,,,,,,,,,,,,,,,,,,,,,,,,,,,,,,,,,,,,,,,,,,,,,,,,,,,,,,,,,,,,,,,,,,,,,,,,,,,,,,,,,,,,,,,,,,,,,,,,,,,,,,,,,,,,,,,,,,,,,,,,,,,,,,,,,,,,,,,,,,,,,,,,,,,,,,,,,,,,,,,,,,,,,,,,,,,,,,,,,,,,,,,,,,,,,,,,,,,,,,,,,,,,,,,,,,,,,,,,,,,,,,,,,,,,,,,,,,,,,,,,,,,,,,,,
2019-03-12,1239249.2751026282,12211.666996047139,21414.927087740612,59335.14254669775,98374.00520192522,49602.61212612649,24552.522636202222,54573.12084140038,13053.554249973855,40642.16987197515,143088.00403526248,46095.92644996029,,,,,,,,,,,,,,,,,,,,,,,,,,,,,,,,,,,,,,,,,,,,,,,,,,,,,,,,,,,,,,,,,,,,,,,,,,,,,,,,,,,,,,,,,,,,,,,,,,,,,,,,,,,,,,,,0.0,0.0,0.0,0.0,0.0,0.0,0.0,0.0,0.0,0.0,0.0,0.0,0.0,0.0,0.0,0.0,0.0,0.0,0.16281302273273468,0.0,0.0,0.0,0.0,0.0,0.0,0.0,0.0,0.0,0.0,0.0,0.0,0.0,0.0,0.0,0.0,0.0,0.0,0.0,0.0,0.0,0.0,0.0,0.0,0.0,0.0,0.0,0.0,0.0,0.011218912899494171,0.0,0.0,0.0,0.0,0.0,0.0,0.0,0.0,0.0,0.07207216322422028,0.0,0.0,0.0,0.0,0.10112308710813522,0.0,0.0,0.0,0.0,0.0,0.0,0.0,0.0,0.0,0.0,0.0,0.0,0.0,0.0,0.0,0.0,0.0,0.0,0.0,0.0,0.0,0.0,0.0,0.0,0.0,0.0,0.0,0.0,0.0,0.0,0.0,0.0,0.0,0.0,0.0,0.0,0.0,0.0,0.0,0.0,0.0,0.0,0.0,0.0,0.0,0.0,0.0,0.0,0.0,0.0,0.0,0.0,0.0,0.0,0.0,0.0,0.0,0.0,0.0,0.0,0.26394033432006836,0.0,0.0,0.0,0.0,0.0,0.0,0.0,0.0,0.0,0.0,0.0,0.0,0.0,0.0,0.0,0.0,0.0,0.0,0.0,0.0,0.0,0.0,0.0,0.0,0.0,0.0,0.0,0.0,0.0,0.0,0.0,0.0,0.0,0.0,0.0,0.0,0.0,0.0,0.0,0.0,0.0,0.0,0.0,0.0,0.0,0.0,0.0,0.0,0.0,0.0,0.0,0.0,0.0,0.0,0.0,0.0,0.0,0.0,0.0,0.0,0.0770663246512413,0.0,0.0,0.0,0.0,0.0,0.0,0.0,0.0,0.0,0.0,0.0,0.0,0.0,0.0,0.0,0.0,0.0,0.0,0.0,0.029194079339504242,0.0,0.0,0.0,0.0,0.0,0.0,0.0,0.0,0.0,0.0,0.0,0.0,0.0,0.11741958558559418,0.0,0.0,0.0,0.0,0.0,0.0,0.0,0.0,0.0,0.0,0.051610805094242096,0.0,0.0,0.0,0.0,0.0,0.0,0.0,0.0,0.02343638800084591,0.0,0.0,0.0,0.0,0.0,0.0,0.0,0.0,0.0,0.0,0.0,0.0,0.0,0.0,0.0,0.0,0.0,0.0,0.0,0.0,0.0,0.0,0.0,0.0,0.0,0.0,0.0,0.0,0.0,0.0,0.0,0.0,0.0,0.0,0.0,0.0,0.0,0.0,0.0,0.0,0.0,0.0,0.0,0.0,0.0,0.0,0.0,0.0,0.0,0.0,0.08408462256193161,0.0,0.0,0.0,0.0,0.0,0.0,0.0,0.0,0.0,0.0,0.0,0.0,0.0,0.0,0.0,0.0,0.0,0.0,0.0,0.0,0.0,0.0,0.0,0.0,0.0,0.0,0.0,0.0,0.0,0.0,0.0,0.0,0.0,0.0,0.0,0.0,0.0,0.0,0.0,0.0,0.0,0.0,0.0,0.0,0.0,0.0,0.0,0.0,0.0,0.0,0.0,0.0,0.0,0.0,0.0,0.0,0.0,0.0,0.0,0.0,0.0,0.0,0.0,0.0,0.0,0.0,0.0,0.0,0.0,0.0,0.0,0.0,0.0,0.0,0.0,0.0,0.0,0.0,0.0,0.0,0.0,0.0,0.0,0.0,0.0,0.0,0.0,0.0,0.0030055337119847536,0.0,0.0,0.0,0.0,0.0,0.0,0.0,0.0,0.0,0.0,0.0,0.0,0.0,0.0,0.0,0.0,0.0,0.0,0.0,0.0,0.0,0.0,0.0,0.0,0.0,0.0,0.0,0.0,0.0,0.0,0.0,0.0,0.0,0.0,0.0,0.0,0.0,0.0,0.0,0.0,0.0,0.0,0.0,0.0,0.0,0.0,0.0,0.0,0.0,0.0,0.0,0.0,0.0,0.0,0.0,0.0,0.0,0.0,0.0,0.0,0.0,0.0,0.0,0.0,0.0,0.0,0.0,0.0,0.0,0.0,0.0,0.0,0.0,0.0,0.003015188267454505,0.0,0.0,0.0,0.0,0.0,0.0,0.0,0.0,0.0,0.0,0.0,0.0,0.0,0.0,0.0,0.0,0.0,0.0,0.0,0.0,0.0,0.0,0.0,0.0,0.0,0.0,0.0,0.0,0.0,0.0,0.0,0.0,0.0,0.0,0.0,0.0,0.0,0.0,0.0,0.0,0.0,0.0,0.0,0.0,0.0,,,,,,,,,,,,,,,,,,,,,,,,,,,,,,,,,,,,,,,,,,,,,,,,,,,,,,,,,,,,,,,,,,,,,,,,,,,,,,,,,,,,,,,,,,,,,,,,,,,,,,,,,,,,,,,,,,,,,,,,,,,,,,,,,,,,,,,,,,,,,,,,,,,,,,,,,,,,,,,,,,,,,,,,,,,,,,,,,,,,,,,,,,,,,,,,,,,,,,,,,,,,,,,,,,,,,,,,,,,,,,,,,,,,,,,,,,,,,,,,,,,,,,,,,,,,,,,,,,,,,,,,,,,,
2019-03-13,1210738.0424570716,9513.081634319862,23619.36597939922,59642.58730717952,97432.50278865868,49640.39072634951,24779.60121968406,54573.12084140038,13053.554249973855,40645.37911421433,139913.94852601684,43792.97632695902,,,,,,,,,,,,,,,,,,,,,,,,,,,,,,,,,,,,,,,,,,,,,,,,,,,,,,,,,,,,,,,,,,,,,,,,,,,,,,,,,,,,,,,,,,,,,,,,,,,,,,,,,,,,,,,,0.0,0.0,0.0,0.0,0.0,0.0,0.0,0.0,0.0,0.0,0.0,0.0,0.0,0.0,0.0,0.0,0.0,0.0,0.16281302273273468,0.0,0.0,0.0,0.0,0.0,0.0,0.0,0.0,0.0,0.0,0.0,0.0,0.0,0.0,0.0,0.0,0.0,0.0,0.0,0.0,0.0,0.0,0.0,0.0,0.0,0.0,0.0,0.0,0.0,0.011218912899494171,0.0,0.0,0.0,0.0,0.0,0.0,0.0,0.0,0.0,0.07207216322422028,0.0,0.0,0.0,0.0,0.10112308710813522,0.0,0.0,0.0,0.0,0.0,0.0,0.0,0.0,0.0,0.0,0.0,0.0,0.0,0.0,0.0,0.0,0.0,0.0,0.0,0.0,0.0,0.0,0.0,0.0,0.0,0.0,0.0,0.0,0.0,0.0,0.0,0.0,0.0,0.0,0.0,0.0,0.0,0.0,0.0,0.0,0.0,0.0,0.0,0.0,0.0,0.0,0.0,0.0,0.0,0.0,0.0,0.0,0.0,0.0,0.0,0.0,0.0,0.0,0.0,0.0,0.26394033432006836,0.0,0.0,0.0,0.0,0.0,0.0,0.0,0.0,0.0,0.0,0.0,0.0,0.0,0.0,0.0,0.0,0.0,0.0,0.0,0.0,0.0,0.0,0.0,0.0,0.0,0.0,0.0,0.0,0.0,0.0,0.0,0.0,0.0,0.0,0.0,0.0,0.0,0.0,0.0,0.0,0.0,0.0,0.0,0.0,0.0,0.0,0.0,0.0,0.0,0.0,0.0,0.0,0.0,0.0,0.0,0.0,0.0,0.0,0.0,0.0,0.0770663246512413,0.0,0.0,0.0,0.0,0.0,0.0,0.0,0.0,0.0,0.0,0.0,0.0,0.0,0.0,0.0,0.0,0.0,0.0,0.0,0.029194079339504242,0.0,0.0,0.0,0.0,0.0,0.0,0.0,0.0,0.0,0.0,0.0,0.0,0.0,0.11741958558559418,0.0,0.0,0.0,0.0,0.0,0.0,0.0,0.0,0.0,0.0,0.051610805094242096,0.0,0.0,0.0,0.0,0.0,0.0,0.0,0.0,0.02343638800084591,0.0,0.0,0.0,0.0,0.0,0.0,0.0,0.0,0.0,0.0,0.0,0.0,0.0,0.0,0.0,0.0,0.0,0.0,0.0,0.0,0.0,0.0,0.0,0.0,0.0,0.0,0.0,0.0,0.0,0.0,0.0,0.0,0.0,0.0,0.0,0.0,0.0,0.0,0.0,0.0,0.0,0.0,0.0,0.0,0.0,0.0,0.0,0.0,0.0,0.0,0.08408462256193161,0.0,0.0,0.0,0.0,0.0,0.0,0.0,0.0,0.0,0.0,0.0,0.0,0.0,0.0,0.0,0.0,0.0,0.0,0.0,0.0,0.0,0.0,0.0,0.0,0.0,0.0,0.0,0.0,0.0,0.0,0.0,0.0,0.0,0.0,0.0,0.0,0.0,0.0,0.0,0.0,0.0,0.0,0.0,0.0,0.0,0.0,0.0,0.0,0.0,0.0,0.0,0.0,0.0,0.0,0.0,0.0,0.0,0.0,0.0,0.0,0.0,0.0,0.0,0.0,0.0,0.0,0.0,0.0,0.0,0.0,0.0,0.0,0.0,0.0,0.0,0.0,0.0,0.0,0.0,0.0,0.0,0.0,0.0,0.0,0.0,0.0,0.0,0.0,0.0030055337119847536,0.0,0.0,0.0,0.0,0.0,0.0,0.0,0.0,0.0,0.0,0.0,0.0,0.0,0.0,0.0,0.0,0.0,0.0,0.0,0.0,0.0,0.0,0.0,0.0,0.0,0.0,0.0,0.0,0.0,0.0,0.0,0.0,0.0,0.0,0.0,0.0,0.0,0.0,0.0,0.0,0.0,0.0,0.0,0.0,0.0,0.0,0.0,0.0,0.0,0.0,0.0,0.0,0.0,0.0,0.0,0.0,0.0,0.0,0.0,0.0,0.0,0.0,0.0,0.0,0.0,0.0,0.0,0.0,0.0,0.0,0.0,0.0,0.0,0.0,0.003015188267454505,0.0,0.0,0.0,0.0,0.0,0.0,0.0,0.0,0.0,0.0,0.0,0.0,0.0,0.0,0.0,0.0,0.0,0.0,0.0,0.0,0.0,0.0,0.0,0.0,0.0,0.0,0.0,0.0,0.0,0.0,0.0,0.0,0.0,0.0,0.0,0.0,0.0,0.0,0.0,0.0,0.0,0.0,0.0,0.0,0.0,,,,,,,,,,,,,,,,,,,,,,,,,,,,,,,,,,,,,,,,,,,,,,,,,,,,,,,,,,,,,,,,,,,,,,,,,,,,,,,,,,,,,,,,,,,,,,,,,,,,,,,,,,,,,,,,,,,,,,,,,,,,,,,,,,,,,,,,,,,,,,,,,,,,,,,,,,,,,,,,,,,,,,,,,,,,,,,,,,,,,,,,,,,,,,,,,,,,,,,,,,,,,,,,,,,,,,,,,,,,,,,,,,,,,,,,,,,,,,,,,,,,,,,,,,,,,,,,,,,,,,,,,,,,
2019-03-14,1190749.8202172567,3356.9983095616444,25508.88290134066,59962.502233777275,97432.50278865868,48644.920959571464,24551.97864239135,55366.62137511367,12648.663156496781,40646.665414922805,135672.12271923304,46101.416589783876,,,,,,,,,,,,,,,,,,,,,,,,,,,,,,,,,,,,,,,,,,,,,,,,,,,,,,,,,,,,,,,,,,,,,,,,,,,,,,,,,,,,,,,,,,,,,,,,,,,,,,,,,,,,,,,,0.0,0.0,0.0,0.0,0.0,0.0,0.0,0.0,0.0,0.0,0.0,0.0,0.0,0.0,0.0,0.0,0.0,0.0,0.16281302273273468,0.0,0.0,0.0,0.0,0.0,0.0,0.0,0.0,0.0,0.0,0.0,0.0,0.0,0.0,0.0,0.0,0.0,0.0,0.0,0.0,0.0,0.0,0.0,0.0,0.0,0.0,0.0,0.0,0.0,0.011218912899494171,0.0,0.0,0.0,0.0,0.0,0.0,0.0,0.0,0.0,0.07207216322422028,0.0,0.0,0.0,0.0,0.10112308710813522,0.0,0.0,0.0,0.0,0.0,0.0,0.0,0.0,0.0,0.0,0.0,0.0,0.0,0.0,0.0,0.0,0.0,0.0,0.0,0.0,0.0,0.0,0.0,0.0,0.0,0.0,0.0,0.0,0.0,0.0,0.0,0.0,0.0,0.0,0.0,0.0,0.0,0.0,0.0,0.0,0.0,0.0,0.0,0.0,0.0,0.0,0.0,0.0,0.0,0.0,0.0,0.0,0.0,0.0,0.0,0.0,0.0,0.0,0.0,0.0,0.26394033432006836,0.0,0.0,0.0,0.0,0.0,0.0,0.0,0.0,0.0,0.0,0.0,0.0,0.0,0.0,0.0,0.0,0.0,0.0,0.0,0.0,0.0,0.0,0.0,0.0,0.0,0.0,0.0,0.0,0.0,0.0,0.0,0.0,0.0,0.0,0.0,0.0,0.0,0.0,0.0,0.0,0.0,0.0,0.0,0.0,0.0,0.0,0.0,0.0,0.0,0.0,0.0,0.0,0.0,0.0,0.0,0.0,0.0,0.0,0.0,0.0,0.0770663246512413,0.0,0.0,0.0,0.0,0.0,0.0,0.0,0.0,0.0,0.0,0.0,0.0,0.0,0.0,0.0,0.0,0.0,0.0,0.0,0.029194079339504242,0.0,0.0,0.0,0.0,0.0,0.0,0.0,0.0,0.0,0.0,0.0,0.0,0.0,0.11741958558559418,0.0,0.0,0.0,0.0,0.0,0.0,0.0,0.0,0.0,0.0,0.051610805094242096,0.0,0.0,0.0,0.0,0.0,0.0,0.0,0.0,0.02343638800084591,0.0,0.0,0.0,0.0,0.0,0.0,0.0,0.0,0.0,0.0,0.0,0.0,0.0,0.0,0.0,0.0,0.0,0.0,0.0,0.0,0.0,0.0,0.0,0.0,0.0,0.0,0.0,0.0,0.0,0.0,0.0,0.0,0.0,0.0,0.0,0.0,0.0,0.0,0.0,0.0,0.0,0.0,0.0,0.0,0.0,0.0,0.0,0.0,0.0,0.0,0.08408462256193161,0.0,0.0,0.0,0.0,0.0,0.0,0.0,0.0,0.0,0.0,0.0,0.0,0.0,0.0,0.0,0.0,0.0,0.0,0.0,0.0,0.0,0.0,0.0,0.0,0.0,0.0,0.0,0.0,0.0,0.0,0.0,0.0,0.0,0.0,0.0,0.0,0.0,0.0,0.0,0.0,0.0,0.0,0.0,0.0,0.0,0.0,0.0,0.0,0.0,0.0,0.0,0.0,0.0,0.0,0.0,0.0,0.0,0.0,0.0,0.0,0.0,0.0,0.0,0.0,0.0,0.0,0.0,0.0,0.0,0.0,0.0,0.0,0.0,0.0,0.0,0.0,0.0,0.0,0.0,0.0,0.0,0.0,0.0,0.0,0.0,0.0,0.0,0.0,0.0030055337119847536,0.0,0.0,0.0,0.0,0.0,0.0,0.0,0.0,0.0,0.0,0.0,0.0,0.0,0.0,0.0,0.0,0.0,0.0,0.0,0.0,0.0,0.0,0.0,0.0,0.0,0.0,0.0,0.0,0.0,0.0,0.0,0.0,0.0,0.0,0.0,0.0,0.0,0.0,0.0,0.0,0.0,0.0,0.0,0.0,0.0,0.0,0.0,0.0,0.0,0.0,0.0,0.0,0.0,0.0,0.0,0.0,0.0,0.0,0.0,0.0,0.0,0.0,0.0,0.0,0.0,0.0,0.0,0.0,0.0,0.0,0.0,0.0,0.0,0.0,0.003015188267454505,0.0,0.0,0.0,0.0,0.0,0.0,0.0,0.0,0.0,0.0,0.0,0.0,0.0,0.0,0.0,0.0,0.0,0.0,0.0,0.0,0.0,0.0,0.0,0.0,0.0,0.0,0.0,0.0,0.0,0.0,0.0,0.0,0.0,0.0,0.0,0.0,0.0,0.0,0.0,0.0,0.0,0.0,0.0,0.0,0.0,,,,,,,,,,,,,,,,,,,,,,,,,,,,,,,,,,,,,,,,,,,,,,,,,,,,,,,,,,,,,,,,,,,,,,,,,,,,,,,,,,,,,,,,,,,,,,,,,,,,,,,,,,,,,,,,,,,,,,,,,,,,,,,,,,,,,,,,,,,,,,,,,,,,,,,,,,,,,,,,,,,,,,,,,,,,,,,,,,,,,,,,,,,,,,,,,,,,,,,,,,,,,,,,,,,,,,,,,,,,,,,,,,,,,,,,,,,,,,,,,,,,,,,,,,,,,,,,,,,,,,,,,,,,
2019-03-15,1209373.4353950263,6277.049715770225,25508.58857323378,59338.54597042953,101192.93224152543,48644.920959571464,24551.97864239135,55392.31426944192,12568.150504520336,40643.11443810367,136716.18762473314,43796.951260301284,,,,,,,,,,,,,,,,,,,,,,,,,,,,,,,,,,,,,,,,,,,,,,,,,,,,,,,,,,,,,,,,,,,,,,,,,,,,,,,,,,,,,,,,,,,,,,,,,,,,,,,,,,,,,,,,0.0,0.0,0.0,0.0,0.0,0.0,0.0,0.0,0.0,0.0,0.0,0.0,0.0,0.0,0.0,0.0,0.0,0.0,0.16281302273273468,0.0,0.0,0.0,0.0,0.0,0.0,0.0,0.0,0.0,0.0,0.0,0.0,0.0,0.0,0.0,0.0,0.0,0.0,0.0,0.0,0.0,0.0,0.0,0.0,0.0,0.0,0.0,0.0,0.0,0.011218912899494171,0.0,0.0,0.0,0.0,0.0,0.0,0.0,0.0,0.0,0.07207216322422028,0.0,0.0,0.0,0.0,0.10112308710813522,0.0,0.0,0.0,0.0,0.0,0.0,0.0,0.0,0.0,0.0,0.0,0.0,0.0,0.0,0.0,0.0,0.0,0.0,0.0,0.0,0.0,0.0,0.0,0.0,0.0,0.0,0.0,0.0,0.0,0.0,0.0,0.0,0.0,0.0,0.0,0.0,0.0,0.0,0.0,0.0,0.0,0.0,0.0,0.0,0.0,0.0,0.0,0.0,0.0,0.0,0.0,0.0,0.0,0.0,0.0,0.0,0.0,0.0,0.0,0.0,0.26394033432006836,0.0,0.0,0.0,0.0,0.0,0.0,0.0,0.0,0.0,0.0,0.0,0.0,0.0,0.0,0.0,0.0,0.0,0.0,0.0,0.0,0.0,0.0,0.0,0.0,0.0,0.0,0.0,0.0,0.0,0.0,0.0,0.0,0.0,0.0,0.0,0.0,0.0,0.0,0.0,0.0,0.0,0.0,0.0,0.0,0.0,0.0,0.0,0.0,0.0,0.0,0.0,0.0,0.0,0.0,0.0,0.0,0.0,0.0,0.0,0.0,0.0770663246512413,0.0,0.0,0.0,0.0,0.0,0.0,0.0,0.0,0.0,0.0,0.0,0.0,0.0,0.0,0.0,0.0,0.0,0.0,0.0,0.029194079339504242,0.0,0.0,0.0,0.0,0.0,0.0,0.0,0.0,0.0,0.0,0.0,0.0,0.0,0.11741958558559418,0.0,0.0,0.0,0.0,0.0,0.0,0.0,0.0,0.0,0.0,0.051610805094242096,0.0,0.0,0.0,0.0,0.0,0.0,0.0,0.0,0.02343638800084591,0.0,0.0,0.0,0.0,0.0,0.0,0.0,0.0,0.0,0.0,0.0,0.0,0.0,0.0,0.0,0.0,0.0,0.0,0.0,0.0,0.0,0.0,0.0,0.0,0.0,0.0,0.0,0.0,0.0,0.0,0.0,0.0,0.0,0.0,0.0,0.0,0.0,0.0,0.0,0.0,0.0,0.0,0.0,0.0,0.0,0.0,0.0,0.0,0.0,0.0,0.08408462256193161,0.0,0.0,0.0,0.0,0.0,0.0,0.0,0.0,0.0,0.0,0.0,0.0,0.0,0.0,0.0,0.0,0.0,0.0,0.0,0.0,0.0,0.0,0.0,0.0,0.0,0.0,0.0,0.0,0.0,0.0,0.0,0.0,0.0,0.0,0.0,0.0,0.0,0.0,0.0,0.0,0.0,0.0,0.0,0.0,0.0,0.0,0.0,0.0,0.0,0.0,0.0,0.0,0.0,0.0,0.0,0.0,0.0,0.0,0.0,0.0,0.0,0.0,0.0,0.0,0.0,0.0,0.0,0.0,0.0,0.0,0.0,0.0,0.0,0.0,0.0,0.0,0.0,0.0,0.0,0.0,0.0,0.0,0.0,0.0,0.0,0.0,0.0,0.0,0.0030055337119847536,0.0,0.0,0.0,0.0,0.0,0.0,0.0,0.0,0.0,0.0,0.0,0.0,0.0,0.0,0.0,0.0,0.0,0.0,0.0,0.0,0.0,0.0,0.0,0.0,0.0,0.0,0.0,0.0,0.0,0.0,0.0,0.0,0.0,0.0,0.0,0.0,0.0,0.0,0.0,0.0,0.0,0.0,0.0,0.0,0.0,0.0,0.0,0.0,0.0,0.0,0.0,0.0,0.0,0.0,0.0,0.0,0.0,0.0,0.0,0.0,0.0,0.0,0.0,0.0,0.0,0.0,0.0,0.0,0.0,0.0,0.0,0.0,0.0,0.0,0.003015188267454505,0.0,0.0,0.0,0.0,0.0,0.0,0.0,0.0,0.0,0.0,0.0,0.0,0.0,0.0,0.0,0.0,0.0,0.0,0.0,0.0,0.0,0.0,0.0,0.0,0.0,0.0,0.0,0.0,0.0,0.0,0.0,0.0,0.0,0.0,0.0,0.0,0.0,0.0,0.0,0.0,0.0,0.0,0.0,0.0,0.0,,,,,,,,,,,,,,,,,,,,,,,,,,,,,,,,,,,,,,,,,,,,,,,,,,,,,,,,,,,,,,,,,,,,,,,,,,,,,,,,,,,,,,,,,,,,,,,,,,,,,,,,,,,,,,,,,,,,,,,,,,,,,,,,,,,,,,,,,,,,,,,,,,,,,,,,,,,,,,,,,,,,,,,,,,,,,,,,,,,,,,,,,,,,,,,,,,,,,,,,,,,,,,,,,,,,,,,,,,,,,,,,,,,,,,,,,,,,,,,,,,,,,,,,,,,,,,,,,,,,,,,,,,,,
2019-03-18,1240166.4979096428,6216.5173360788085,26138.22420014262,59959.1504148408,102138.88893765477,48826.80967927264,24609.341262275357,55392.31426944192,11919.122679378332,38610.87102662463,145058.53686869115,43794.02921918233,,,,,,,,,,,,,,,,,,,,,,,,,,,,,,,,,,,,,,,,,,,,,,,,,,,,,,,,,,,,,,,,,,,,,,,,,,,,,,,,,,,,,,,,,,,,,,,,,,,,,,,,,,,,,,,,0.0,0.0,0.0,0.0,0.0,0.0,0.0,0.0,0.0,0.0,0.0,0.0,0.0,0.0,0.0,0.0,0.0,0.0,0.16281302273273468,0.0,0.0,0.0,0.0,0.0,0.0,0.0,0.0,0.0,0.0,0.0,0.0,0.0,0.0,0.0,0.0,0.0,0.0,0.0,0.0,0.0,0.0,0.0,0.0,0.0,0.0,0.0,0.0,0.0,0.011218912899494171,0.0,0.0,0.0,0.0,0.0,0.0,0.0,0.0,0.0,0.07207216322422028,0.0,0.0,0.0,0.0,0.10112308710813522,0.0,0.0,0.0,0.0,0.0,0.0,0.0,0.0,0.0,0.0,0.0,0.0,0.0,0.0,0.0,0.0,0.0,0.0,0.0,0.0,0.0,0.0,0.0,0.0,0.0,0.0,0.0,0.0,0.0,0.0,0.0,0.0,0.0,0.0,0.0,0.0,0.0,0.0,0.0,0.0,0.0,0.0,0.0,0.0,0.0,0.0,0.0,0.0,0.0,0.0,0.0,0.0,0.0,0.0,0.0,0.0,0.0,0.0,0.0,0.0,0.26394033432006836,0.0,0.0,0.0,0.0,0.0,0.0,0.0,0.0,0.0,0.0,0.0,0.0,0.0,0.0,0.0,0.0,0.0,0.0,0.0,0.0,0.0,0.0,0.0,0.0,0.0,0.0,0.0,0.0,0.0,0.0,0.0,0.0,0.0,0.0,0.0,0.0,0.0,0.0,0.0,0.0,0.0,0.0,0.0,0.0,0.0,0.0,0.0,0.0,0.0,0.0,0.0,0.0,0.0,0.0,0.0,0.0,0.0,0.0,0.0,0.0,0.0770663246512413,0.0,0.0,0.0,0.0,0.0,0.0,0.0,0.0,0.0,0.0,0.0,0.0,0.0,0.0,0.0,0.0,0.0,0.0,0.0,0.029194079339504242,0.0,0.0,0.0,0.0,0.0,0.0,0.0,0.0,0.0,0.0,0.0,0.0,0.0,0.11741958558559418,0.0,0.0,0.0,0.0,0.0,0.0,0.0,0.0,0.0,0.0,0.051610805094242096,0.0,0.0,0.0,0.0,0.0,0.0,0.0,0.0,0.02343638800084591,0.0,0.0,0.0,0.0,0.0,0.0,0.0,0.0,0.0,0.0,0.0,0.0,0.0,0.0,0.0,0.0,0.0,0.0,0.0,0.0,0.0,0.0,0.0,0.0,0.0,0.0,0.0,0.0,0.0,0.0,0.0,0.0,0.0,0.0,0.0,0.0,0.0,0.0,0.0,0.0,0.0,0.0,0.0,0.0,0.0,0.0,0.0,0.0,0.0,0.0,0.08408462256193161,0.0,0.0,0.0,0.0,0.0,0.0,0.0,0.0,0.0,0.0,0.0,0.0,0.0,0.0,0.0,0.0,0.0,0.0,0.0,0.0,0.0,0.0,0.0,0.0,0.0,0.0,0.0,0.0,0.0,0.0,0.0,0.0,0.0,0.0,0.0,0.0,0.0,0.0,0.0,0.0,0.0,0.0,0.0,0.0,0.0,0.0,0.0,0.0,0.0,0.0,0.0,0.0,0.0,0.0,0.0,0.0,0.0,0.0,0.0,0.0,0.0,0.0,0.0,0.0,0.0,0.0,0.0,0.0,0.0,0.0,0.0,0.0,0.0,0.0,0.0,0.0,0.0,0.0,0.0,0.0,0.0,0.0,0.0,0.0,0.0,0.0,0.0,0.0,0.0030055337119847536,0.0,0.0,0.0,0.0,0.0,0.0,0.0,0.0,0.0,0.0,0.0,0.0,0.0,0.0,0.0,0.0,0.0,0.0,0.0,0.0,0.0,0.0,0.0,0.0,0.0,0.0,0.0,0.0,0.0,0.0,0.0,0.0,0.0,0.0,0.0,0.0,0.0,0.0,0.0,0.0,0.0,0.0,0.0,0.0,0.0,0.0,0.0,0.0,0.0,0.0,0.0,0.0,0.0,0.0,0.0,0.0,0.0,0.0,0.0,0.0,0.0,0.0,0.0,0.0,0.0,0.0,0.0,0.0,0.0,0.0,0.0,0.0,0.0,0.0,0.003015188267454505,0.0,0.0,0.0,0.0,0.0,0.0,0.0,0.0,0.0,0.0,0.0,0.0,0.0,0.0,0.0,0.0,0.0,0.0,0.0,0.0,0.0,0.0,0.0,0.0,0.0,0.0,0.0,0.0,0.0,0.0,0.0,0.0,0.0,0.0,0.0,0.0,0.0,0.0,0.0,0.0,0.0,0.0,0.0,0.0,0.0,,,,,,,,,,,,,,,,,,,,,,,,,,,,,,,,,,,,,,,,,,,,,,,,,,,,,,,,,,,,,,,,,,,,,,,,,,,,,,,,,,,,,,,,,,,,,,,,,,,,,,,,,,,,,,,,,,,,,,,,,,,,,,,,,,,,,,,,,,,,,,,,,,,,,,,,,,,,,,,,,,,,,,,,,,,,,,,,,,,,,,,,,,,,,,,,,,,,,,,,,,,,,,,,,,,,,,,,,,,,,,,,,,,,,,,,,,,,,,,,,,,,,,,,,,,,,,,,,,,,,,,,,,,,
2019-03-19,1240277.1299798405,6117.031726451464,26453.793049076932,60270.289456759274,104029.25963174053,49222.168462100766,24781.420720243837,55392.31426944192,11351.566256069882,38612.531350179,145162.65824419787,43791.63396279714,,,,,,,,,,,,,,,,,,,,,,,,,,,,,,,,,,,,,,,,,,,,,,,,,,,,,,,,,,,,,,,,,,,,,,,,,,,,,,,,,,,,,,,,,,,,,,,,,,,,,,,,,,,,,,,,0.0,0.0,0.0,0.0,0.0,0.0,0.0,0.0,0.0,0.0,0.0,0.0,0.0,0.0,0.0,0.0,0.0,0.0,0.16281302273273468,0.0,0.0,0.0,0.0,0.0,0.0,0.0,0.0,0.0,0.0,0.0,0.0,0.0,0.0,0.0,0.0,0.0,0.0,0.0,0.0,0.0,0.0,0.0,0.0,0.0,0.0,0.0,0.0,0.0,0.011218912899494171,0.0,0.0,0.0,0.0,0.0,0.0,0.0,0.0,0.0,0.07207216322422028,0.0,0.0,0.0,0.0,0.10112308710813522,0.0,0.0,0.0,0.0,0.0,0.0,0.0,0.0,0.0,0.0,0.0,0.0,0.0,0.0,0.0,0.0,0.0,0.0,0.0,0.0,0.0,0.0,0.0,0.0,0.0,0.0,0.0,0.0,0.0,0.0,0.0,0.0,0.0,0.0,0.0,0.0,0.0,0.0,0.0,0.0,0.0,0.0,0.0,0.0,0.0,0.0,0.0,0.0,0.0,0.0,0.0,0.0,0.0,0.0,0.0,0.0,0.0,0.0,0.0,0.0,0.26394033432006836,0.0,0.0,0.0,0.0,0.0,0.0,0.0,0.0,0.0,0.0,0.0,0.0,0.0,0.0,0.0,0.0,0.0,0.0,0.0,0.0,0.0,0.0,0.0,0.0,0.0,0.0,0.0,0.0,0.0,0.0,0.0,0.0,0.0,0.0,0.0,0.0,0.0,0.0,0.0,0.0,0.0,0.0,0.0,0.0,0.0,0.0,0.0,0.0,0.0,0.0,0.0,0.0,0.0,0.0,0.0,0.0,0.0,0.0,0.0,0.0,0.0770663246512413,0.0,0.0,0.0,0.0,0.0,0.0,0.0,0.0,0.0,0.0,0.0,0.0,0.0,0.0,0.0,0.0,0.0,0.0,0.0,0.029194079339504242,0.0,0.0,0.0,0.0,0.0,0.0,0.0,0.0,0.0,0.0,0.0,0.0,0.0,0.11741958558559418,0.0,0.0,0.0,0.0,0.0,0.0,0.0,0.0,0.0,0.0,0.051610805094242096,0.0,0.0,0.0,0.0,0.0,0.0,0.0,0.0,0.02343638800084591,0.0,0.0,0.0,0.0,0.0,0.0,0.0,0.0,0.0,0.0,0.0,0.0,0.0,0.0,0.0,0.0,0.0,0.0,0.0,0.0,0.0,0.0,0.0,0.0,0.0,0.0,0.0,0.0,0.0,0.0,0.0,0.0,0.0,0.0,0.0,0.0,0.0,0.0,0.0,0.0,0.0,0.0,0.0,0.0,0.0,0.0,0.0,0.0,0.0,0.0,0.08408462256193161,0.0,0.0,0.0,0.0,0.0,0.0,0.0,0.0,0.0,0.0,0.0,0.0,0.0,0.0,0.0,0.0,0.0,0.0,0.0,0.0,0.0,0.0,0.0,0.0,0.0,0.0,0.0,0.0,0.0,0.0,0.0,0.0,0.0,0.0,0.0,0.0,0.0,0.0,0.0,0.0,0.0,0.0,0.0,0.0,0.0,0.0,0.0,0.0,0.0,0.0,0.0,0.0,0.0,0.0,0.0,0.0,0.0,0.0,0.0,0.0,0.0,0.0,0.0,0.0,0.0,0.0,0.0,0.0,0.0,0.0,0.0,0.0,0.0,0.0,0.0,0.0,0.0,0.0,0.0,0.0,0.0,0.0,0.0,0.0,0.0,0.0,0.0,0.0,0.0030055337119847536,0.0,0.0,0.0,0.0,0.0,0.0,0.0,0.0,0.0,0.0,0.0,0.0,0.0,0.0,0.0,0.0,0.0,0.0,0.0,0.0,0.0,0.0,0.0,0.0,0.0,0.0,0.0,0.0,0.0,0.0,0.0,0.0,0.0,0.0,0.0,0.0,0.0,0.0,0.0,0.0,0.0,0.0,0.0,0.0,0.0,0.0,0.0,0.0,0.0,0.0,0.0,0.0,0.0,0.0,0.0,0.0,0.0,0.0,0.0,0.0,0.0,0.0,0.0,0.0,0.0,0.0,0.0,0.0,0.0,0.0,0.0,0.0,0.0,0.0,0.003015188267454505,0.0,0.0,0.0,0.0,0.0,0.0,0.0,0.0,0.0,0.0,0.0,0.0,0.0,0.0,0.0,0.0,0.0,0.0,0.0,0.0,0.0,0.0,0.0,0.0,0.0,0.0,0.0,0.0,0.0,0.0,0.0,0.0,0.0,0.0,0.0,0.0,0.0,0.0,0.0,0.0,0.0,0.0,0.0,0.0,0.0,,,,,,,,,,,,,,,,,,,,,,,,,,,,,,,,,,,,,,,,,,,,,,,,,,,,,,,,,,,,,,,,,,,,,,,,,,,,,,,,,,,,,,,,,,,,,,,,,,,,,,,,,,,,,,,,,,,,,,,,,,,,,,,,,,,,,,,,,,,,,,,,,,,,,,,,,,,,,,,,,,,,,,,,,,,,,,,,,,,,,,,,,,,,,,,,,,,,,,,,,,,,,,,,,,,,,,,,,,,,,,,,,,,,,,,,,,,,,,,,,,,,,,,,,,,,,,,,,,,,,,,,,,,,
2019-03-20,1236207.0373672235,2537.0624376843807,26138.653508512183,60257.792764137725,104989.75348756839,49449.05554315686,25297.209445546883,56206.88611523337,11270.118708625067,38613.282635047064,145169.9438664972,43793.604295870544,,,,,,,,,,,,,,,,,,,,,,,,,,,,,,,,,,,,,,,,,,,,,,,,,,,,,,,,,,,,,,,,,,,,,,,,,,,,,,,,,,,,,,,,,,,,,,,,,,,,,,,,,,,,,,,,0.0,0.0,0.0,0.0,0.0,0.0,0.0,0.0,0.0,0.0,0.0,0.0,0.0,0.0,0.0,0.0,0.0,0.0,0.16281302273273468,0.0,0.0,0.0,0.0,0.0,0.0,0.0,0.0,0.0,0.0,0.0,0.0,0.0,0.0,0.0,0.0,0.0,0.0,0.0,0.0,0.0,0.0,0.0,0.0,0.0,0.0,0.0,0.0,0.0,0.011218912899494171,0.0,0.0,0.0,0.0,0.0,0.0,0.0,0.0,0.0,0.07207216322422028,0.0,0.0,0.0,0.0,0.10112308710813522,0.0,0.0,0.0,0.0,0.0,0.0,0.0,0.0,0.0,0.0,0.0,0.0,0.0,0.0,0.0,0.0,0.0,0.0,0.0,0.0,0.0,0.0,0.0,0.0,0.0,0.0,0.0,0.0,0.0,0.0,0.0,0.0,0.0,0.0,0.0,0.0,0.0,0.0,0.0,0.0,0.0,0.0,0.0,0.0,0.0,0.0,0.0,0.0,0.0,0.0,0.0,0.0,0.0,0.0,0.0,0.0,0.0,0.0,0.0,0.0,0.26394033432006836,0.0,0.0,0.0,0.0,0.0,0.0,0.0,0.0,0.0,0.0,0.0,0.0,0.0,0.0,0.0,0.0,0.0,0.0,0.0,0.0,0.0,0.0,0.0,0.0,0.0,0.0,0.0,0.0,0.0,0.0,0.0,0.0,0.0,0.0,0.0,0.0,0.0,0.0,0.0,0.0,0.0,0.0,0.0,0.0,0.0,0.0,0.0,0.0,0.0,0.0,0.0,0.0,0.0,0.0,0.0,0.0,0.0,0.0,0.0,0.0,0.0770663246512413,0.0,0.0,0.0,0.0,0.0,0.0,0.0,0.0,0.0,0.0,0.0,0.0,0.0,0.0,0.0,0.0,0.0,0.0,0.0,0.029194079339504242,0.0,0.0,0.0,0.0,0.0,0.0,0.0,0.0,0.0,0.0,0.0,0.0,0.0,0.11741958558559418,0.0,0.0,0.0,0.0,0.0,0.0,0.0,0.0,0.0,0.0,0.051610805094242096,0.0,0.0,0.0,0.0,0.0,0.0,0.0,0.0,0.02343638800084591,0.0,0.0,0.0,0.0,0.0,0.0,0.0,0.0,0.0,0.0,0.0,0.0,0.0,0.0,0.0,0.0,0.0,0.0,0.0,0.0,0.0,0.0,0.0,0.0,0.0,0.0,0.0,0.0,0.0,0.0,0.0,0.0,0.0,0.0,0.0,0.0,0.0,0.0,0.0,0.0,0.0,0.0,0.0,0.0,0.0,0.0,0.0,0.0,0.0,0.0,0.08408462256193161,0.0,0.0,0.0,0.0,0.0,0.0,0.0,0.0,0.0,0.0,0.0,0.0,0.0,0.0,0.0,0.0,0.0,0.0,0.0,0.0,0.0,0.0,0.0,0.0,0.0,0.0,0.0,0.0,0.0,0.0,0.0,0.0,0.0,0.0,0.0,0.0,0.0,0.0,0.0,0.0,0.0,0.0,0.0,0.0,0.0,0.0,0.0,0.0,0.0,0.0,0.0,0.0,0.0,0.0,0.0,0.0,0.0,0.0,0.0,0.0,0.0,0.0,0.0,0.0,0.0,0.0,0.0,0.0,0.0,0.0,0.0,0.0,0.0,0.0,0.0,0.0,0.0,0.0,0.0,0.0,0.0,0.0,0.0,0.0,0.0,0.0,0.0,0.0,0.0030055337119847536,0.0,0.0,0.0,0.0,0.0,0.0,0.0,0.0,0.0,0.0,0.0,0.0,0.0,0.0,0.0,0.0,0.0,0.0,0.0,0.0,0.0,0.0,0.0,0.0,0.0,0.0,0.0,0.0,0.0,0.0,0.0,0.0,0.0,0.0,0.0,0.0,0.0,0.0,0.0,0.0,0.0,0.0,0.0,0.0,0.0,0.0,0.0,0.0,0.0,0.0,0.0,0.0,0.0,0.0,0.0,0.0,0.0,0.0,0.0,0.0,0.0,0.0,0.0,0.0,0.0,0.0,0.0,0.0,0.0,0.0,0.0,0.0,0.0,0.0,0.003015188267454505,0.0,0.0,0.0,0.0,0.0,0.0,0.0,0.0,0.0,0.0,0.0,0.0,0.0,0.0,0.0,0.0,0.0,0.0,0.0,0.0,0.0,0.0,0.0,0.0,0.0,0.0,0.0,0.0,0.0,0.0,0.0,0.0,0.0,0.0,0.0,0.0,0.0,0.0,0.0,0.0,0.0,0.0,0.0,0.0,0.0,,,,,,,,,,,,,,,,,,,,,,,,,,,,,,,,,,,,,,,,,,,,,,,,,,,,,,,,,,,,,,,,,,,,,,,,,,,,,,,,,,,,,,,,,,,,,,,,,,,,,,,,,,,,,,,,,,,,,,,,,,,,,,,,,,,,,,,,,,,,,,,,,,,,,,,,,,,,,,,,,,,,,,,,,,,,,,,,,,,,,,,,,,,,,,,,,,,,,,,,,,,,,,,,,,,,,,,,,,,,,,,,,,,,,,,,,,,,,,,,,,,,,,,,,,,,,,,,,,,,,,,,,,,,
2019-03-21,1251800.8044067593,1753.3484231704088,26453.490147465625,59964.65089186124,105919.84990093521,47837.70815588493,24723.43456395585,59434.61014587296,11108.32914481549,38610.815490100525,146204.77558375953,43793.604295870544,,,,,,,,,,,,,,,,,,,,,,,,,,,,,,,,,,,,,,,,,,,,,,,,,,,,,,,,,,,,,,,,,,,,,,,,,,,,,,,,,,,,,,,,,,,,,,,,,,,,,,,,,,,,,,,,0.0,0.0,0.0,0.0,0.0,0.0,0.0,0.0,0.0,0.0,0.0,0.0,0.0,0.0,0.0,0.0,0.0,0.0,0.16281302273273468,0.0,0.0,0.0,0.0,0.0,0.0,0.0,0.0,0.0,0.0,0.0,0.0,0.0,0.0,0.0,0.0,0.0,0.0,0.0,0.0,0.0,0.0,0.0,0.0,0.0,0.0,0.0,0.0,0.0,0.011218912899494171,0.0,0.0,0.0,0.0,0.0,0.0,0.0,0.0,0.0,0.07207216322422028,0.0,0.0,0.0,0.0,0.10112308710813522,0.0,0.0,0.0,0.0,0.0,0.0,0.0,0.0,0.0,0.0,0.0,0.0,0.0,0.0,0.0,0.0,0.0,0.0,0.0,0.0,0.0,0.0,0.0,0.0,0.0,0.0,0.0,0.0,0.0,0.0,0.0,0.0,0.0,0.0,0.0,0.0,0.0,0.0,0.0,0.0,0.0,0.0,0.0,0.0,0.0,0.0,0.0,0.0,0.0,0.0,0.0,0.0,0.0,0.0,0.0,0.0,0.0,0.0,0.0,0.0,0.26394033432006836,0.0,0.0,0.0,0.0,0.0,0.0,0.0,0.0,0.0,0.0,0.0,0.0,0.0,0.0,0.0,0.0,0.0,0.0,0.0,0.0,0.0,0.0,0.0,0.0,0.0,0.0,0.0,0.0,0.0,0.0,0.0,0.0,0.0,0.0,0.0,0.0,0.0,0.0,0.0,0.0,0.0,0.0,0.0,0.0,0.0,0.0,0.0,0.0,0.0,0.0,0.0,0.0,0.0,0.0,0.0,0.0,0.0,0.0,0.0,0.0,0.0770663246512413,0.0,0.0,0.0,0.0,0.0,0.0,0.0,0.0,0.0,0.0,0.0,0.0,0.0,0.0,0.0,0.0,0.0,0.0,0.0,0.029194079339504242,0.0,0.0,0.0,0.0,0.0,0.0,0.0,0.0,0.0,0.0,0.0,0.0,0.0,0.11741958558559418,0.0,0.0,0.0,0.0,0.0,0.0,0.0,0.0,0.0,0.0,0.051610805094242096,0.0,0.0,0.0,0.0,0.0,0.0,0.0,0.0,0.02343638800084591,0.0,0.0,0.0,0.0,0.0,0.0,0.0,0.0,0.0,0.0,0.0,0.0,0.0,0.0,0.0,0.0,0.0,0.0,0.0,0.0,0.0,0.0,0.0,0.0,0.0,0.0,0.0,0.0,0.0,0.0,0.0,0.0,0.0,0.0,0.0,0.0,0.0,0.0,0.0,0.0,0.0,0.0,0.0,0.0,0.0,0.0,0.0,0.0,0.0,0.0,0.08408462256193161,0.0,0.0,0.0,0.0,0.0,0.0,0.0,0.0,0.0,0.0,0.0,0.0,0.0,0.0,0.0,0.0,0.0,0.0,0.0,0.0,0.0,0.0,0.0,0.0,0.0,0.0,0.0,0.0,0.0,0.0,0.0,0.0,0.0,0.0,0.0,0.0,0.0,0.0,0.0,0.0,0.0,0.0,0.0,0.0,0.0,0.0,0.0,0.0,0.0,0.0,0.0,0.0,0.0,0.0,0.0,0.0,0.0,0.0,0.0,0.0,0.0,0.0,0.0,0.0,0.0,0.0,0.0,0.0,0.0,0.0,0.0,0.0,0.0,0.0,0.0,0.0,0.0,0.0,0.0,0.0,0.0,0.0,0.0,0.0,0.0,0.0,0.0,0.0,0.0030055337119847536,0.0,0.0,0.0,0.0,0.0,0.0,0.0,0.0,0.0,0.0,0.0,0.0,0.0,0.0,0.0,0.0,0.0,0.0,0.0,0.0,0.0,0.0,0.0,0.0,0.0,0.0,0.0,0.0,0.0,0.0,0.0,0.0,0.0,0.0,0.0,0.0,0.0,0.0,0.0,0.0,0.0,0.0,0.0,0.0,0.0,0.0,0.0,0.0,0.0,0.0,0.0,0.0,0.0,0.0,0.0,0.0,0.0,0.0,0.0,0.0,0.0,0.0,0.0,0.0,0.0,0.0,0.0,0.0,0.0,0.0,0.0,0.0,0.0,0.0,0.003015188267454505,0.0,0.0,0.0,0.0,0.0,0.0,0.0,0.0,0.0,0.0,0.0,0.0,0.0,0.0,0.0,0.0,0.0,0.0,0.0,0.0,0.0,0.0,0.0,0.0,0.0,0.0,0.0,0.0,0.0,0.0,0.0,0.0,0.0,0.0,0.0,0.0,0.0,0.0,0.0,0.0,0.0,0.0,0.0,0.0,0.0,,,,,,,,,,,,,,,,,,,,,,,,,,,,,,,,,,,,,,,,,,,,,,,,,,,,,,,,,,,,,,,,,,,,,,,,,,,,,,,,,,,,,,,,,,,,,,,,,,,,,,,,,,,,,,,,,,,,,,,,,,,,,,,,,,,,,,,,,,,,,,,,,,,,,,,,,,,,,,,,,,,,,,,,,,,,,,,,,,,,,,,,,,,,,,,,,,,,,,,,,,,,,,,,,,,,,,,,,,,,,,,,,,,,,,,,,,,,,,,,,,,,,,,,,,,,,,,,,,,,,,,,,,,,
2019-03-22,1257976.2631017,3714.1702316099236,26139.104910807095,59958.4691073116,104040.94508453144,48049.141739578605,25182.338221755494,59444.959270237596,11270.484001144485,38609.6872563604,142965.11648212347,43793.604295870544,,,,,,,,,,,,,,,,,,,,,,,,,,,,,,,,,,,,,,,,,,,,,,,,,,,,,,,,,,,,,,,,,,,,,,,,,,,,,,,,,,,,,,,,,,,,,,,,,,,,,,,,,,,,,,,,0.0,0.0,0.0,0.0,0.0,0.0,0.0,0.0,0.0,0.0,0.0,0.0,0.0,0.0,0.0,0.0,0.0,0.0,0.16281302273273468,0.0,0.0,0.0,0.0,0.0,0.0,0.0,0.0,0.0,0.0,0.0,0.0,0.0,0.0,0.0,0.0,0.0,0.0,0.0,0.0,0.0,0.0,0.0,0.0,0.0,0.0,0.0,0.0,0.0,0.011218912899494171,0.0,0.0,0.0,0.0,0.0,0.0,0.0,0.0,0.0,0.07207216322422028,0.0,0.0,0.0,0.0,0.10112308710813522,0.0,0.0,0.0,0.0,0.0,0.0,0.0,0.0,0.0,0.0,0.0,0.0,0.0,0.0,0.0,0.0,0.0,0.0,0.0,0.0,0.0,0.0,0.0,0.0,0.0,0.0,0.0,0.0,0.0,0.0,0.0,0.0,0.0,0.0,0.0,0.0,0.0,0.0,0.0,0.0,0.0,0.0,0.0,0.0,0.0,0.0,0.0,0.0,0.0,0.0,0.0,0.0,0.0,0.0,0.0,0.0,0.0,0.0,0.0,0.0,0.26394033432006836,0.0,0.0,0.0,0.0,0.0,0.0,0.0,0.0,0.0,0.0,0.0,0.0,0.0,0.0,0.0,0.0,0.0,0.0,0.0,0.0,0.0,0.0,0.0,0.0,0.0,0.0,0.0,0.0,0.0,0.0,0.0,0.0,0.0,0.0,0.0,0.0,0.0,0.0,0.0,0.0,0.0,0.0,0.0,0.0,0.0,0.0,0.0,0.0,0.0,0.0,0.0,0.0,0.0,0.0,0.0,0.0,0.0,0.0,0.0,0.0,0.0770663246512413,0.0,0.0,0.0,0.0,0.0,0.0,0.0,0.0,0.0,0.0,0.0,0.0,0.0,0.0,0.0,0.0,0.0,0.0,0.0,0.029194079339504242,0.0,0.0,0.0,0.0,0.0,0.0,0.0,0.0,0.0,0.0,0.0,0.0,0.0,0.11741958558559418,0.0,0.0,0.0,0.0,0.0,0.0,0.0,0.0,0.0,0.0,0.051610805094242096,0.0,0.0,0.0,0.0,0.0,0.0,0.0,0.0,0.02343638800084591,0.0,0.0,0.0,0.0,0.0,0.0,0.0,0.0,0.0,0.0,0.0,0.0,0.0,0.0,0.0,0.0,0.0,0.0,0.0,0.0,0.0,0.0,0.0,0.0,0.0,0.0,0.0,0.0,0.0,0.0,0.0,0.0,0.0,0.0,0.0,0.0,0.0,0.0,0.0,0.0,0.0,0.0,0.0,0.0,0.0,0.0,0.0,0.0,0.0,0.0,0.08408462256193161,0.0,0.0,0.0,0.0,0.0,0.0,0.0,0.0,0.0,0.0,0.0,0.0,0.0,0.0,0.0,0.0,0.0,0.0,0.0,0.0,0.0,0.0,0.0,0.0,0.0,0.0,0.0,0.0,0.0,0.0,0.0,0.0,0.0,0.0,0.0,0.0,0.0,0.0,0.0,0.0,0.0,0.0,0.0,0.0,0.0,0.0,0.0,0.0,0.0,0.0,0.0,0.0,0.0,0.0,0.0,0.0,0.0,0.0,0.0,0.0,0.0,0.0,0.0,0.0,0.0,0.0,0.0,0.0,0.0,0.0,0.0,0.0,0.0,0.0,0.0,0.0,0.0,0.0,0.0,0.0,0.0,0.0,0.0,0.0,0.0,0.0,0.0,0.0,0.0030055337119847536,0.0,0.0,0.0,0.0,0.0,0.0,0.0,0.0,0.0,0.0,0.0,0.0,0.0,0.0,0.0,0.0,0.0,0.0,0.0,0.0,0.0,0.0,0.0,0.0,0.0,0.0,0.0,0.0,0.0,0.0,0.0,0.0,0.0,0.0,0.0,0.0,0.0,0.0,0.0,0.0,0.0,0.0,0.0,0.0,0.0,0.0,0.0,0.0,0.0,0.0,0.0,0.0,0.0,0.0,0.0,0.0,0.0,0.0,0.0,0.0,0.0,0.0,0.0,0.0,0.0,0.0,0.0,0.0,0.0,0.0,0.0,0.0,0.0,0.0,0.003015188267454505,0.0,0.0,0.0,0.0,0.0,0.0,0.0,0.0,0.0,0.0,0.0,0.0,0.0,0.0,0.0,0.0,0.0,0.0,0.0,0.0,0.0,0.0,0.0,0.0,0.0,0.0,0.0,0.0,0.0,0.0,0.0,0.0,0.0,0.0,0.0,0.0,0.0,0.0,0.0,0.0,0.0,0.0,0.0,0.0,0.0,,,,,,,,,,,,,,,,,,,,,,,,,,,,,,,,,,,,,,,,,,,,,,,,,,,,,,,,,,,,,,,,,,,,,,,,,,,,,,,,,,,,,,,,,,,,,,,,,,,,,,,,,,,,,,,,,,,,,,,,,,,,,,,,,,,,,,,,,,,,,,,,,,,,,,,,,,,,,,,,,,,,,,,,,,,,,,,,,,,,,,,,,,,,,,,,,,,,,,,,,,,,,,,,,,,,,,,,,,,,,,,,,,,,,,,,,,,,,,,,,,,,,,,,,,,,,,,,,,,,,,,,,,,,
2019-03-25,1235132.1355518082,794.1040413055316,26453.331251033564,56876.59800137473,104041.18703193111,47858.92751601177,25126.043965324763,59439.32990925607,11351.556381100167,38613.098465234405,145177.34319263615,46099.967730850214,,,,,,,,,,,,,,,,,,,,,,,,,,,,,,,,,,,,,,,,,,,,,,,,,,,,,,,,,,,,,,,,,,,,,,,,,,,,,,,,,,,,,,,,,,,,,,,,,,,,,,,,,,,,,,,,0.0,0.0,0.0,0.0,0.0,0.0,0.0,0.0,0.0,0.0,0.0,0.0,0.0,0.0,0.0,0.0,0.0,0.0,0.16281302273273468,0.0,0.0,0.0,0.0,0.0,0.0,0.0,0.0,0.0,0.0,0.0,0.0,0.0,0.0,0.0,0.0,0.0,0.0,0.0,0.0,0.0,0.0,0.0,0.0,0.0,0.0,0.0,0.0,0.0,0.011218912899494171,0.0,0.0,0.0,0.0,0.0,0.0,0.0,0.0,0.0,0.07207216322422028,0.0,0.0,0.0,0.0,0.10112308710813522,0.0,0.0,0.0,0.0,0.0,0.0,0.0,0.0,0.0,0.0,0.0,0.0,0.0,0.0,0.0,0.0,0.0,0.0,0.0,0.0,0.0,0.0,0.0,0.0,0.0,0.0,0.0,0.0,0.0,0.0,0.0,0.0,0.0,0.0,0.0,0.0,0.0,0.0,0.0,0.0,0.0,0.0,0.0,0.0,0.0,0.0,0.0,0.0,0.0,0.0,0.0,0.0,0.0,0.0,0.0,0.0,0.0,0.0,0.0,0.0,0.26394033432006836,0.0,0.0,0.0,0.0,0.0,0.0,0.0,0.0,0.0,0.0,0.0,0.0,0.0,0.0,0.0,0.0,0.0,0.0,0.0,0.0,0.0,0.0,0.0,0.0,0.0,0.0,0.0,0.0,0.0,0.0,0.0,0.0,0.0,0.0,0.0,0.0,0.0,0.0,0.0,0.0,0.0,0.0,0.0,0.0,0.0,0.0,0.0,0.0,0.0,0.0,0.0,0.0,0.0,0.0,0.0,0.0,0.0,0.0,0.0,0.0,0.0770663246512413,0.0,0.0,0.0,0.0,0.0,0.0,0.0,0.0,0.0,0.0,0.0,0.0,0.0,0.0,0.0,0.0,0.0,0.0,0.0,0.029194079339504242,0.0,0.0,0.0,0.0,0.0,0.0,0.0,0.0,0.0,0.0,0.0,0.0,0.0,0.11741958558559418,0.0,0.0,0.0,0.0,0.0,0.0,0.0,0.0,0.0,0.0,0.051610805094242096,0.0,0.0,0.0,0.0,0.0,0.0,0.0,0.0,0.02343638800084591,0.0,0.0,0.0,0.0,0.0,0.0,0.0,0.0,0.0,0.0,0.0,0.0,0.0,0.0,0.0,0.0,0.0,0.0,0.0,0.0,0.0,0.0,0.0,0.0,0.0,0.0,0.0,0.0,0.0,0.0,0.0,0.0,0.0,0.0,0.0,0.0,0.0,0.0,0.0,0.0,0.0,0.0,0.0,0.0,0.0,0.0,0.0,0.0,0.0,0.0,0.08408462256193161,0.0,0.0,0.0,0.0,0.0,0.0,0.0,0.0,0.0,0.0,0.0,0.0,0.0,0.0,0.0,0.0,0.0,0.0,0.0,0.0,0.0,0.0,0.0,0.0,0.0,0.0,0.0,0.0,0.0,0.0,0.0,0.0,0.0,0.0,0.0,0.0,0.0,0.0,0.0,0.0,0.0,0.0,0.0,0.0,0.0,0.0,0.0,0.0,0.0,0.0,0.0,0.0,0.0,0.0,0.0,0.0,0.0,0.0,0.0,0.0,0.0,0.0,0.0,0.0,0.0,0.0,0.0,0.0,0.0,0.0,0.0,0.0,0.0,0.0,0.0,0.0,0.0,0.0,0.0,0.0,0.0,0.0,0.0,0.0,0.0,0.0,0.0,0.0,0.0030055337119847536,0.0,0.0,0.0,0.0,0.0,0.0,0.0,0.0,0.0,0.0,0.0,0.0,0.0,0.0,0.0,0.0,0.0,0.0,0.0,0.0,0.0,0.0,0.0,0.0,0.0,0.0,0.0,0.0,0.0,0.0,0.0,0.0,0.0,0.0,0.0,0.0,0.0,0.0,0.0,0.0,0.0,0.0,0.0,0.0,0.0,0.0,0.0,0.0,0.0,0.0,0.0,0.0,0.0,0.0,0.0,0.0,0.0,0.0,0.0,0.0,0.0,0.0,0.0,0.0,0.0,0.0,0.0,0.0,0.0,0.0,0.0,0.0,0.0,0.0,0.003015188267454505,0.0,0.0,0.0,0.0,0.0,0.0,0.0,0.0,0.0,0.0,0.0,0.0,0.0,0.0,0.0,0.0,0.0,0.0,0.0,0.0,0.0,0.0,0.0,0.0,0.0,0.0,0.0,0.0,0.0,0.0,0.0,0.0,0.0,0.0,0.0,0.0,0.0,0.0,0.0,0.0,0.0,0.0,0.0,0.0,0.0,,,,,,,,,,,,,,,,,,,,,,,,,,,,,,,,,,,,,,,,,,,,,,,,,,,,,,,,,,,,,,,,,,,,,,,,,,,,,,,,,,,,,,,,,,,,,,,,,,,,,,,,,,,,,,,,,,,,,,,,,,,,,,,,,,,,,,,,,,,,,,,,,,,,,,,,,,,,,,,,,,,,,,,,,,,,,,,,,,,,,,,,,,,,,,,,,,,,,,,,,,,,,,,,,,,,,,,,,,,,,,,,,,,,,,,,,,,,,,,,,,,,,,,,,,,,,,,,,,,,,,,,,,,,
2019-03-26,1209551.2469710838,4280.238660000651,26138.68540055378,57808.60885720143,102152.19258249897,47640.73333078829,25068.40085160118,58633.36613570669,11270.077314921806,38610.52611816519,147235.3710331886,46100.676314414886,,,,,,,,,,,,,,,,,,,,,,,,,,,,,,,,,,,,,,,,,,,,,,,,,,,,,,,,,,,,,,,,,,,,,,,,,,,,,,,,,,,,,,,,,,,,,,,,,,,,,,,,,,,,,,,,0.0,0.0,0.0,0.0,0.0,0.0,0.0,0.0,0.0,0.0,0.0,0.0,0.0,0.0,0.0,0.0,0.0,0.0,0.16281302273273468,0.0,0.0,0.0,0.0,0.0,0.0,0.0,0.0,0.0,0.0,0.0,0.0,0.0,0.0,0.0,0.0,0.0,0.0,0.0,0.0,0.0,0.0,0.0,0.0,0.0,0.0,0.0,0.0,0.0,0.011218912899494171,0.0,0.0,0.0,0.0,0.0,0.0,0.0,0.0,0.0,0.07207216322422028,0.0,0.0,0.0,0.0,0.10112308710813522,0.0,0.0,0.0,0.0,0.0,0.0,0.0,0.0,0.0,0.0,0.0,0.0,0.0,0.0,0.0,0.0,0.0,0.0,0.0,0.0,0.0,0.0,0.0,0.0,0.0,0.0,0.0,0.0,0.0,0.0,0.0,0.0,0.0,0.0,0.0,0.0,0.0,0.0,0.0,0.0,0.0,0.0,0.0,0.0,0.0,0.0,0.0,0.0,0.0,0.0,0.0,0.0,0.0,0.0,0.0,0.0,0.0,0.0,0.0,0.0,0.26394033432006836,0.0,0.0,0.0,0.0,0.0,0.0,0.0,0.0,0.0,0.0,0.0,0.0,0.0,0.0,0.0,0.0,0.0,0.0,0.0,0.0,0.0,0.0,0.0,0.0,0.0,0.0,0.0,0.0,0.0,0.0,0.0,0.0,0.0,0.0,0.0,0.0,0.0,0.0,0.0,0.0,0.0,0.0,0.0,0.0,0.0,0.0,0.0,0.0,0.0,0.0,0.0,0.0,0.0,0.0,0.0,0.0,0.0,0.0,0.0,0.0,0.0770663246512413,0.0,0.0,0.0,0.0,0.0,0.0,0.0,0.0,0.0,0.0,0.0,0.0,0.0,0.0,0.0,0.0,0.0,0.0,0.0,0.029194079339504242,0.0,0.0,0.0,0.0,0.0,0.0,0.0,0.0,0.0,0.0,0.0,0.0,0.0,0.11741958558559418,0.0,0.0,0.0,0.0,0.0,0.0,0.0,0.0,0.0,0.0,0.051610805094242096,0.0,0.0,0.0,0.0,0.0,0.0,0.0,0.0,0.02343638800084591,0.0,0.0,0.0,0.0,0.0,0.0,0.0,0.0,0.0,0.0,0.0,0.0,0.0,0.0,0.0,0.0,0.0,0.0,0.0,0.0,0.0,0.0,0.0,0.0,0.0,0.0,0.0,0.0,0.0,0.0,0.0,0.0,0.0,0.0,0.0,0.0,0.0,0.0,0.0,0.0,0.0,0.0,0.0,0.0,0.0,0.0,0.0,0.0,0.0,0.0,0.08408462256193161,0.0,0.0,0.0,0.0,0.0,0.0,0.0,0.0,0.0,0.0,0.0,0.0,0.0,0.0,0.0,0.0,0.0,0.0,0.0,0.0,0.0,0.0,0.0,0.0,0.0,0.0,0.0,0.0,0.0,0.0,0.0,0.0,0.0,0.0,0.0,0.0,0.0,0.0,0.0,0.0,0.0,0.0,0.0,0.0,0.0,0.0,0.0,0.0,0.0,0.0,0.0,0.0,0.0,0.0,0.0,0.0,0.0,0.0,0.0,0.0,0.0,0.0,0.0,0.0,0.0,0.0,0.0,0.0,0.0,0.0,0.0,0.0,0.0,0.0,0.0,0.0,0.0,0.0,0.0,0.0,0.0,0.0,0.0,0.0,0.0,0.0,0.0,0.0,0.0030055337119847536,0.0,0.0,0.0,0.0,0.0,0.0,0.0,0.0,0.0,0.0,0.0,0.0,0.0,0.0,0.0,0.0,0.0,0.0,0.0,0.0,0.0,0.0,0.0,0.0,0.0,0.0,0.0,0.0,0.0,0.0,0.0,0.0,0.0,0.0,0.0,0.0,0.0,0.0,0.0,0.0,0.0,0.0,0.0,0.0,0.0,0.0,0.0,0.0,0.0,0.0,0.0,0.0,0.0,0.0,0.0,0.0,0.0,0.0,0.0,0.0,0.0,0.0,0.0,0.0,0.0,0.0,0.0,0.0,0.0,0.0,0.0,0.0,0.0,0.0,0.003015188267454505,0.0,0.0,0.0,0.0,0.0,0.0,0.0,0.0,0.0,0.0,0.0,0.0,0.0,0.0,0.0,0.0,0.0,0.0,0.0,0.0,0.0,0.0,0.0,0.0,0.0,0.0,0.0,0.0,0.0,0.0,0.0,0.0,0.0,0.0,0.0,0.0,0.0,0.0,0.0,0.0,0.0,0.0,0.0,0.0,0.0,,,,,,,,,,,,,,,,,,,,,,,,,,,,,,,,,,,,,,,,,,,,,,,,,,,,,,,,,,,,,,,,,,,,,,,,,,,,,,,,,,,,,,,,,,,,,,,,,,,,,,,,,,,,,,,,,,,,,,,,,,,,,,,,,,,,,,,,,,,,,,,,,,,,,,,,,,,,,,,,,,,,,,,,,,,,,,,,,,,,,,,,,,,,,,,,,,,,,,,,,,,,,,,,,,,,,,,,,,,,,,,,,,,,,,,,,,,,,,,,,,,,,,,,,,,,,,,,,,,,,,,,,,,,
2019-03-27,1220699.842496518,2888.815133931328,25508.804041901163,58427.09574078787,103082.91443771328,48026.48351671653,25296.448319906063,58637.155138695714,11108.358135062075,38611.02302213913,149281.57516036788,46096.183709212026,,,,,,,,,,,,,,,,,,,,,,,,,,,,,,,,,,,,,,,,,,,,,,,,,,,,,,,,,,,,,,,,,,,,,,,,,,,,,,,,,,,,,,,,,,,,,,,,,,,,,,,,,,,,,,,,0.0,0.0,0.0,0.0,0.0,0.0,0.0,0.0,0.0,0.0,0.0,0.0,0.0,0.0,0.0,0.0,0.0,0.0,0.16281302273273468,0.0,0.0,0.0,0.0,0.0,0.0,0.0,0.0,0.0,0.0,0.0,0.0,0.0,0.0,0.0,0.0,0.0,0.0,0.0,0.0,0.0,0.0,0.0,0.0,0.0,0.0,0.0,0.0,0.0,0.011218912899494171,0.0,0.0,0.0,0.0,0.0,0.0,0.0,0.0,0.0,0.07207216322422028,0.0,0.0,0.0,0.0,0.10112308710813522,0.0,0.0,0.0,0.0,0.0,0.0,0.0,0.0,0.0,0.0,0.0,0.0,0.0,0.0,0.0,0.0,0.0,0.0,0.0,0.0,0.0,0.0,0.0,0.0,0.0,0.0,0.0,0.0,0.0,0.0,0.0,0.0,0.0,0.0,0.0,0.0,0.0,0.0,0.0,0.0,0.0,0.0,0.0,0.0,0.0,0.0,0.0,0.0,0.0,0.0,0.0,0.0,0.0,0.0,0.0,0.0,0.0,0.0,0.0,0.0,0.26394033432006836,0.0,0.0,0.0,0.0,0.0,0.0,0.0,0.0,0.0,0.0,0.0,0.0,0.0,0.0,0.0,0.0,0.0,0.0,0.0,0.0,0.0,0.0,0.0,0.0,0.0,0.0,0.0,0.0,0.0,0.0,0.0,0.0,0.0,0.0,0.0,0.0,0.0,0.0,0.0,0.0,0.0,0.0,0.0,0.0,0.0,0.0,0.0,0.0,0.0,0.0,0.0,0.0,0.0,0.0,0.0,0.0,0.0,0.0,0.0,0.0,0.0770663246512413,0.0,0.0,0.0,0.0,0.0,0.0,0.0,0.0,0.0,0.0,0.0,0.0,0.0,0.0,0.0,0.0,0.0,0.0,0.0,0.029194079339504242,0.0,0.0,0.0,0.0,0.0,0.0,0.0,0.0,0.0,0.0,0.0,0.0,0.0,0.11741958558559418,0.0,0.0,0.0,0.0,0.0,0.0,0.0,0.0,0.0,0.0,0.051610805094242096,0.0,0.0,0.0,0.0,0.0,0.0,0.0,0.0,0.02343638800084591,0.0,0.0,0.0,0.0,0.0,0.0,0.0,0.0,0.0,0.0,0.0,0.0,0.0,0.0,0.0,0.0,0.0,0.0,0.0,0.0,0.0,0.0,0.0,0.0,0.0,0.0,0.0,0.0,0.0,0.0,0.0,0.0,0.0,0.0,0.0,0.0,0.0,0.0,0.0,0.0,0.0,0.0,0.0,0.0,0.0,0.0,0.0,0.0,0.0,0.0,0.08408462256193161,0.0,0.0,0.0,0.0,0.0,0.0,0.0,0.0,0.0,0.0,0.0,0.0,0.0,0.0,0.0,0.0,0.0,0.0,0.0,0.0,0.0,0.0,0.0,0.0,0.0,0.0,0.0,0.0,0.0,0.0,0.0,0.0,0.0,0.0,0.0,0.0,0.0,0.0,0.0,0.0,0.0,0.0,0.0,0.0,0.0,0.0,0.0,0.0,0.0,0.0,0.0,0.0,0.0,0.0,0.0,0.0,0.0,0.0,0.0,0.0,0.0,0.0,0.0,0.0,0.0,0.0,0.0,0.0,0.0,0.0,0.0,0.0,0.0,0.0,0.0,0.0,0.0,0.0,0.0,0.0,0.0,0.0,0.0,0.0,0.0,0.0,0.0,0.0,0.0030055337119847536,0.0,0.0,0.0,0.0,0.0,0.0,0.0,0.0,0.0,0.0,0.0,0.0,0.0,0.0,0.0,0.0,0.0,0.0,0.0,0.0,0.0,0.0,0.0,0.0,0.0,0.0,0.0,0.0,0.0,0.0,0.0,0.0,0.0,0.0,0.0,0.0,0.0,0.0,0.0,0.0,0.0,0.0,0.0,0.0,0.0,0.0,0.0,0.0,0.0,0.0,0.0,0.0,0.0,0.0,0.0,0.0,0.0,0.0,0.0,0.0,0.0,0.0,0.0,0.0,0.0,0.0,0.0,0.0,0.0,0.0,0.0,0.0,0.0,0.0,0.003015188267454505,0.0,0.0,0.0,0.0,0.0,0.0,0.0,0.0,0.0,0.0,0.0,0.0,0.0,0.0,0.0,0.0,0.0,0.0,0.0,0.0,0.0,0.0,0.0,0.0,0.0,0.0,0.0,0.0,0.0,0.0,0.0,0.0,0.0,0.0,0.0,0.0,0.0,0.0,0.0,0.0,0.0,0.0,0.0,0.0,0.0,,,,,,,,,,,,,,,,,,,,,,,,,,,,,,,,,,,,,,,,,,,,,,,,,,,,,,,,,,,,,,,,,,,,,,,,,,,,,,,,,,,,,,,,,,,,,,,,,,,,,,,,,,,,,,,,,,,,,,,,,,,,,,,,,,,,,,,,,,,,,,,,,,,,,,,,,,,,,,,,,,,,,,,,,,,,,,,,,,,,,,,,,,,,,,,,,,,,,,,,,,,,,,,,,,,,,,,,,,,,,,,,,,,,,,,,,,,,,,,,,,,,,,,,,,,,,,,,,,,,,,,,,,,,
2019-03-28,1201592.2196308041,3958.2983389147935,25823.724001791947,58418.138908039844,102161.70311855235,48636.895380467606,25468.533002354405,58637.155138695714,10703.277767864616,38610.786260415174,150318.89650662526,46102.612164913575,,,,,,,,,,,,,,,,,,,,,,,,,,,,,,,,,,,,,,,,,,,,,,,,,,,,,,,,,,,,,,,,,,,,,,,,,,,,,,,,,,,,,,,,,,,,,,,,,,,,,,,,,,,,,,,,0.0,0.0,0.0,0.0,0.0,0.0,0.0,0.0,0.0,0.0,0.0,0.0,0.0,0.0,0.0,0.0,0.0,0.0,0.16281302273273468,0.0,0.0,0.0,0.0,0.0,0.0,0.0,0.0,0.0,0.0,0.0,0.0,0.0,0.0,0.0,0.0,0.0,0.0,0.0,0.0,0.0,0.0,0.0,0.0,0.0,0.0,0.0,0.0,0.0,0.011218912899494171,0.0,0.0,0.0,0.0,0.0,0.0,0.0,0.0,0.0,0.07207216322422028,0.0,0.0,0.0,0.0,0.10112308710813522,0.0,0.0,0.0,0.0,0.0,0.0,0.0,0.0,0.0,0.0,0.0,0.0,0.0,0.0,0.0,0.0,0.0,0.0,0.0,0.0,0.0,0.0,0.0,0.0,0.0,0.0,0.0,0.0,0.0,0.0,0.0,0.0,0.0,0.0,0.0,0.0,0.0,0.0,0.0,0.0,0.0,0.0,0.0,0.0,0.0,0.0,0.0,0.0,0.0,0.0,0.0,0.0,0.0,0.0,0.0,0.0,0.0,0.0,0.0,0.0,0.26394033432006836,0.0,0.0,0.0,0.0,0.0,0.0,0.0,0.0,0.0,0.0,0.0,0.0,0.0,0.0,0.0,0.0,0.0,0.0,0.0,0.0,0.0,0.0,0.0,0.0,0.0,0.0,0.0,0.0,0.0,0.0,0.0,0.0,0.0,0.0,0.0,0.0,0.0,0.0,0.0,0.0,0.0,0.0,0.0,0.0,0.0,0.0,0.0,0.0,0.0,0.0,0.0,0.0,0.0,0.0,0.0,0.0,0.0,0.0,0.0,0.0,0.0770663246512413,0.0,0.0,0.0,0.0,0.0,0.0,0.0,0.0,0.0,0.0,0.0,0.0,0.0,0.0,0.0,0.0,0.0,0.0,0.0,0.029194079339504242,0.0,0.0,0.0,0.0,0.0,0.0,0.0,0.0,0.0,0.0,0.0,0.0,0.0,0.11741958558559418,0.0,0.0,0.0,0.0,0.0,0.0,0.0,0.0,0.0,0.0,0.051610805094242096,0.0,0.0,0.0,0.0,0.0,0.0,0.0,0.0,0.02343638800084591,0.0,0.0,0.0,0.0,0.0,0.0,0.0,0.0,0.0,0.0,0.0,0.0,0.0,0.0,0.0,0.0,0.0,0.0,0.0,0.0,0.0,0.0,0.0,0.0,0.0,0.0,0.0,0.0,0.0,0.0,0.0,0.0,0.0,0.0,0.0,0.0,0.0,0.0,0.0,0.0,0.0,0.0,0.0,0.0,0.0,0.0,0.0,0.0,0.0,0.0,0.08408462256193161,0.0,0.0,0.0,0.0,0.0,0.0,0.0,0.0,0.0,0.0,0.0,0.0,0.0,0.0,0.0,0.0,0.0,0.0,0.0,0.0,0.0,0.0,0.0,0.0,0.0,0.0,0.0,0.0,0.0,0.0,0.0,0.0,0.0,0.0,0.0,0.0,0.0,0.0,0.0,0.0,0.0,0.0,0.0,0.0,0.0,0.0,0.0,0.0,0.0,0.0,0.0,0.0,0.0,0.0,0.0,0.0,0.0,0.0,0.0,0.0,0.0,0.0,0.0,0.0,0.0,0.0,0.0,0.0,0.0,0.0,0.0,0.0,0.0,0.0,0.0,0.0,0.0,0.0,0.0,0.0,0.0,0.0,0.0,0.0,0.0,0.0,0.0,0.0,0.0030055337119847536,0.0,0.0,0.0,0.0,0.0,0.0,0.0,0.0,0.0,0.0,0.0,0.0,0.0,0.0,0.0,0.0,0.0,0.0,0.0,0.0,0.0,0.0,0.0,0.0,0.0,0.0,0.0,0.0,0.0,0.0,0.0,0.0,0.0,0.0,0.0,0.0,0.0,0.0,0.0,0.0,0.0,0.0,0.0,0.0,0.0,0.0,0.0,0.0,0.0,0.0,0.0,0.0,0.0,0.0,0.0,0.0,0.0,0.0,0.0,0.0,0.0,0.0,0.0,0.0,0.0,0.0,0.0,0.0,0.0,0.0,0.0,0.0,0.0,0.0,0.003015188267454505,0.0,0.0,0.0,0.0,0.0,0.0,0.0,0.0,0.0,0.0,0.0,0.0,0.0,0.0,0.0,0.0,0.0,0.0,0.0,0.0,0.0,0.0,0.0,0.0,0.0,0.0,0.0,0.0,0.0,0.0,0.0,0.0,0.0,0.0,0.0,0.0,0.0,0.0,0.0,0.0,0.0,0.0,0.0,0.0,0.0,,,,,,,,,,,,,,,,,,,,,,,,,,,,,,,,,,,,,,,,,,,,,,,,,,,,,,,,,,,,,,,,,,,,,,,,,,,,,,,,,,,,,,,,,,,,,,,,,,,,,,,,,,,,,,,,,,,,,,,,,,,,,,,,,,,,,,,,,,,,,,,,,,,,,,,,,,,,,,,,,,,,,,,,,,,,,,,,,,,,,,,,,,,,,,,,,,,,,,,,,,,,,,,,,,,,,,,,,,,,,,,,,,,,,,,,,,,,,,,,,,,,,,,,,,,,,,,,,,,,,,,,,,,,
2019-03-29,1237234.7497133054,72.71883259759905,26453.577695123746,58725.649938254515,99322.10002234823,48028.66746556122,25355.366840146766,60248.11407996276,10864.76286063653,38611.967174926824,151446.8313163971,46101.59473446439,,,,,,,,,,,,,,,,,,,,,,,,,,,,,,,,,,,,,,,,,,,,,,,,,,,,,,,,,,,,,,,,,,,,,,,,,,,,,,,,,,,,,,,,,,,,,,,,,,,,,,,,,,,,,,,,0.0,0.0,0.0,0.0,0.0,0.0,0.0,0.0,0.0,0.0,0.0,0.0,0.0,0.0,0.0,0.0,0.0,0.0,0.16281302273273468,0.0,0.0,0.0,0.0,0.0,0.0,0.0,0.0,0.0,0.0,0.0,0.0,0.0,0.0,0.0,0.0,0.0,0.0,0.0,0.0,0.0,0.0,0.0,0.0,0.0,0.0,0.0,0.0,0.0,0.011218912899494171,0.0,0.0,0.0,0.0,0.0,0.0,0.0,0.0,0.0,0.07207216322422028,0.0,0.0,0.0,0.0,0.10112308710813522,0.0,0.0,0.0,0.0,0.0,0.0,0.0,0.0,0.0,0.0,0.0,0.0,0.0,0.0,0.0,0.0,0.0,0.0,0.0,0.0,0.0,0.0,0.0,0.0,0.0,0.0,0.0,0.0,0.0,0.0,0.0,0.0,0.0,0.0,0.0,0.0,0.0,0.0,0.0,0.0,0.0,0.0,0.0,0.0,0.0,0.0,0.0,0.0,0.0,0.0,0.0,0.0,0.0,0.0,0.0,0.0,0.0,0.0,0.0,0.0,0.26394033432006836,0.0,0.0,0.0,0.0,0.0,0.0,0.0,0.0,0.0,0.0,0.0,0.0,0.0,0.0,0.0,0.0,0.0,0.0,0.0,0.0,0.0,0.0,0.0,0.0,0.0,0.0,0.0,0.0,0.0,0.0,0.0,0.0,0.0,0.0,0.0,0.0,0.0,0.0,0.0,0.0,0.0,0.0,0.0,0.0,0.0,0.0,0.0,0.0,0.0,0.0,0.0,0.0,0.0,0.0,0.0,0.0,0.0,0.0,0.0,0.0,0.0770663246512413,0.0,0.0,0.0,0.0,0.0,0.0,0.0,0.0,0.0,0.0,0.0,0.0,0.0,0.0,0.0,0.0,0.0,0.0,0.0,0.029194079339504242,0.0,0.0,0.0,0.0,0.0,0.0,0.0,0.0,0.0,0.0,0.0,0.0,0.0,0.11741958558559418,0.0,0.0,0.0,0.0,0.0,0.0,0.0,0.0,0.0,0.0,0.051610805094242096,0.0,0.0,0.0,0.0,0.0,0.0,0.0,0.0,0.02343638800084591,0.0,0.0,0.0,0.0,0.0,0.0,0.0,0.0,0.0,0.0,0.0,0.0,0.0,0.0,0.0,0.0,0.0,0.0,0.0,0.0,0.0,0.0,0.0,0.0,0.0,0.0,0.0,0.0,0.0,0.0,0.0,0.0,0.0,0.0,0.0,0.0,0.0,0.0,0.0,0.0,0.0,0.0,0.0,0.0,0.0,0.0,0.0,0.0,0.0,0.0,0.08408462256193161,0.0,0.0,0.0,0.0,0.0,0.0,0.0,0.0,0.0,0.0,0.0,0.0,0.0,0.0,0.0,0.0,0.0,0.0,0.0,0.0,0.0,0.0,0.0,0.0,0.0,0.0,0.0,0.0,0.0,0.0,0.0,0.0,0.0,0.0,0.0,0.0,0.0,0.0,0.0,0.0,0.0,0.0,0.0,0.0,0.0,0.0,0.0,0.0,0.0,0.0,0.0,0.0,0.0,0.0,0.0,0.0,0.0,0.0,0.0,0.0,0.0,0.0,0.0,0.0,0.0,0.0,0.0,0.0,0.0,0.0,0.0,0.0,0.0,0.0,0.0,0.0,0.0,0.0,0.0,0.0,0.0,0.0,0.0,0.0,0.0,0.0,0.0,0.0,0.0030055337119847536,0.0,0.0,0.0,0.0,0.0,0.0,0.0,0.0,0.0,0.0,0.0,0.0,0.0,0.0,0.0,0.0,0.0,0.0,0.0,0.0,0.0,0.0,0.0,0.0,0.0,0.0,0.0,0.0,0.0,0.0,0.0,0.0,0.0,0.0,0.0,0.0,0.0,0.0,0.0,0.0,0.0,0.0,0.0,0.0,0.0,0.0,0.0,0.0,0.0,0.0,0.0,0.0,0.0,0.0,0.0,0.0,0.0,0.0,0.0,0.0,0.0,0.0,0.0,0.0,0.0,0.0,0.0,0.0,0.0,0.0,0.0,0.0,0.0,0.0,0.003015188267454505,0.0,0.0,0.0,0.0,0.0,0.0,0.0,0.0,0.0,0.0,0.0,0.0,0.0,0.0,0.0,0.0,0.0,0.0,0.0,0.0,0.0,0.0,0.0,0.0,0.0,0.0,0.0,0.0,0.0,0.0,0.0,0.0,0.0,0.0,0.0,0.0,0.0,0.0,0.0,0.0,0.0,0.0,0.0,0.0,0.0,,,,,,,,,,,,,,,,,,,,,,,,,,,,,,,,,,,,,,,,,,,,,,,,,,,,,,,,,,,,,,,,,,,,,,,,,,,,,,,,,,,,,,,,,,,,,,,,,,,,,,,,,,,,,,,,,,,,,,,,,,,,,,,,,,,,,,,,,,,,,,,,,,,,,,,,,,,,,,,,,,,,,,,,,,,,,,,,,,,,,,,,,,,,,,,,,,,,,,,,,,,,,,,,,,,,,,,,,,,,,,,,,,,,,,,,,,,,,,,,,,,,,,,,,,,,,,,,,,,,,,,,,,,,
2019-04-01,1269616.2530625954,3834.275985414111,26138.660868207182,59340.58532312985,99322.10002234823,48028.66746556122,25412.732547240696,60248.11407996276,10540.186890053514,38614.39646135459,151443.99110023194,46101.919357200175,,,,,,,,,,,,,,,,,,,,,,,,,,,,,,,,,,,,,,,,,,,,,,,,,,,,,,,,,,,,,,,,,,,,,,,,,,,,,,,,,,,,,,,,,,,,,,,,,,,,,,,,,,,,,,,,0.0,0.0,0.0,0.0,0.0,0.0,0.0,0.0,0.0,0.0,0.0,0.0,0.0,0.0,0.0,0.0,0.0,0.0,0.16281302273273468,0.0,0.0,0.0,0.0,0.0,0.0,0.0,0.0,0.0,0.0,0.0,0.0,0.0,0.0,0.0,0.0,0.0,0.0,0.0,0.0,0.0,0.0,0.0,0.0,0.0,0.0,0.0,0.0,0.0,0.011218912899494171,0.0,0.0,0.0,0.0,0.0,0.0,0.0,0.0,0.0,0.07207216322422028,0.0,0.0,0.0,0.0,0.10112308710813522,0.0,0.0,0.0,0.0,0.0,0.0,0.0,0.0,0.0,0.0,0.0,0.0,0.0,0.0,0.0,0.0,0.0,0.0,0.0,0.0,0.0,0.0,0.0,0.0,0.0,0.0,0.0,0.0,0.0,0.0,0.0,0.0,0.0,0.0,0.0,0.0,0.0,0.0,0.0,0.0,0.0,0.0,0.0,0.0,0.0,0.0,0.0,0.0,0.0,0.0,0.0,0.0,0.0,0.0,0.0,0.0,0.0,0.0,0.0,0.0,0.26394033432006836,0.0,0.0,0.0,0.0,0.0,0.0,0.0,0.0,0.0,0.0,0.0,0.0,0.0,0.0,0.0,0.0,0.0,0.0,0.0,0.0,0.0,0.0,0.0,0.0,0.0,0.0,0.0,0.0,0.0,0.0,0.0,0.0,0.0,0.0,0.0,0.0,0.0,0.0,0.0,0.0,0.0,0.0,0.0,0.0,0.0,0.0,0.0,0.0,0.0,0.0,0.0,0.0,0.0,0.0,0.0,0.0,0.0,0.0,0.0,0.0,0.0770663246512413,0.0,0.0,0.0,0.0,0.0,0.0,0.0,0.0,0.0,0.0,0.0,0.0,0.0,0.0,0.0,0.0,0.0,0.0,0.0,0.029194079339504242,0.0,0.0,0.0,0.0,0.0,0.0,0.0,0.0,0.0,0.0,0.0,0.0,0.0,0.11741958558559418,0.0,0.0,0.0,0.0,0.0,0.0,0.0,0.0,0.0,0.0,0.051610805094242096,0.0,0.0,0.0,0.0,0.0,0.0,0.0,0.0,0.02343638800084591,0.0,0.0,0.0,0.0,0.0,0.0,0.0,0.0,0.0,0.0,0.0,0.0,0.0,0.0,0.0,0.0,0.0,0.0,0.0,0.0,0.0,0.0,0.0,0.0,0.0,0.0,0.0,0.0,0.0,0.0,0.0,0.0,0.0,0.0,0.0,0.0,0.0,0.0,0.0,0.0,0.0,0.0,0.0,0.0,0.0,0.0,0.0,0.0,0.0,0.0,0.08408462256193161,0.0,0.0,0.0,0.0,0.0,0.0,0.0,0.0,0.0,0.0,0.0,0.0,0.0,0.0,0.0,0.0,0.0,0.0,0.0,0.0,0.0,0.0,0.0,0.0,0.0,0.0,0.0,0.0,0.0,0.0,0.0,0.0,0.0,0.0,0.0,0.0,0.0,0.0,0.0,0.0,0.0,0.0,0.0,0.0,0.0,0.0,0.0,0.0,0.0,0.0,0.0,0.0,0.0,0.0,0.0,0.0,0.0,0.0,0.0,0.0,0.0,0.0,0.0,0.0,0.0,0.0,0.0,0.0,0.0,0.0,0.0,0.0,0.0,0.0,0.0,0.0,0.0,0.0,0.0,0.0,0.0,0.0,0.0,0.0,0.0,0.0,0.0,0.0,0.0030055337119847536,0.0,0.0,0.0,0.0,0.0,0.0,0.0,0.0,0.0,0.0,0.0,0.0,0.0,0.0,0.0,0.0,0.0,0.0,0.0,0.0,0.0,0.0,0.0,0.0,0.0,0.0,0.0,0.0,0.0,0.0,0.0,0.0,0.0,0.0,0.0,0.0,0.0,0.0,0.0,0.0,0.0,0.0,0.0,0.0,0.0,0.0,0.0,0.0,0.0,0.0,0.0,0.0,0.0,0.0,0.0,0.0,0.0,0.0,0.0,0.0,0.0,0.0,0.0,0.0,0.0,0.0,0.0,0.0,0.0,0.0,0.0,0.0,0.0,0.0,0.003015188267454505,0.0,0.0,0.0,0.0,0.0,0.0,0.0,0.0,0.0,0.0,0.0,0.0,0.0,0.0,0.0,0.0,0.0,0.0,0.0,0.0,0.0,0.0,0.0,0.0,0.0,0.0,0.0,0.0,0.0,0.0,0.0,0.0,0.0,0.0,0.0,0.0,0.0,0.0,0.0,0.0,0.0,0.0,0.0,0.0,0.0,,,,,,,,,,,,,,,,,,,,,,,,,,,,,,,,,,,,,,,,,,,,,,,,,,,,,,,,,,,,,,,,,,,,,,,,,,,,,,,,,,,,,,,,,,,,,,,,,,,,,,,,,,,,,,,,,,,,,,,,,,,,,,,,,,,,,,,,,,,,,,,,,,,,,,,,,,,,,,,,,,,,,,,,,,,,,,,,,,,,,,,,,,,,,,,,,,,,,,,,,,,,,,,,,,,,,,,,,,,,,,,,,,,,,,,,,,,,,,,,,,,,,,,,,,,,,,,,,,,,,,,,,,,,
2019-04-02,1264494.230044779,7599.847768115194,25824.200173577723,59952.64565865394,100265.3324904524,49017.0498654762,25470.09550446565,60248.11407996276,9891.590598153054,38614.62157316461,152384.2592109449,46097.8698178516,,,,,,,,,,,,,,,,,,,,,,,,,,,,,,,,,,,,,,,,,,,,,,,,,,,,,,,,,,,,,,,,,,,,,,,,,,,,,,,,,,,,,,,,,,,,,,,,,,,,,,,,,,,,,,,,0.0,0.0,0.0,0.0,0.0,0.0,0.0,0.0,0.0,0.0,0.0,0.0,0.0,0.0,0.0,0.0,0.0,0.0,0.16281302273273468,0.0,0.0,0.0,0.0,0.0,0.0,0.0,0.0,0.0,0.0,0.0,0.0,0.0,0.0,0.0,0.0,0.0,0.0,0.0,0.0,0.0,0.0,0.0,0.0,0.0,0.0,0.0,0.0,0.0,0.011218912899494171,0.0,0.0,0.0,0.0,0.0,0.0,0.0,0.0,0.0,0.07207216322422028,0.0,0.0,0.0,0.0,0.10112308710813522,0.0,0.0,0.0,0.0,0.0,0.0,0.0,0.0,0.0,0.0,0.0,0.0,0.0,0.0,0.0,0.0,0.0,0.0,0.0,0.0,0.0,0.0,0.0,0.0,0.0,0.0,0.0,0.0,0.0,0.0,0.0,0.0,0.0,0.0,0.0,0.0,0.0,0.0,0.0,0.0,0.0,0.0,0.0,0.0,0.0,0.0,0.0,0.0,0.0,0.0,0.0,0.0,0.0,0.0,0.0,0.0,0.0,0.0,0.0,0.0,0.26394033432006836,0.0,0.0,0.0,0.0,0.0,0.0,0.0,0.0,0.0,0.0,0.0,0.0,0.0,0.0,0.0,0.0,0.0,0.0,0.0,0.0,0.0,0.0,0.0,0.0,0.0,0.0,0.0,0.0,0.0,0.0,0.0,0.0,0.0,0.0,0.0,0.0,0.0,0.0,0.0,0.0,0.0,0.0,0.0,0.0,0.0,0.0,0.0,0.0,0.0,0.0,0.0,0.0,0.0,0.0,0.0,0.0,0.0,0.0,0.0,0.0,0.0770663246512413,0.0,0.0,0.0,0.0,0.0,0.0,0.0,0.0,0.0,0.0,0.0,0.0,0.0,0.0,0.0,0.0,0.0,0.0,0.0,0.029194079339504242,0.0,0.0,0.0,0.0,0.0,0.0,0.0,0.0,0.0,0.0,0.0,0.0,0.0,0.11741958558559418,0.0,0.0,0.0,0.0,0.0,0.0,0.0,0.0,0.0,0.0,0.051610805094242096,0.0,0.0,0.0,0.0,0.0,0.0,0.0,0.0,0.02343638800084591,0.0,0.0,0.0,0.0,0.0,0.0,0.0,0.0,0.0,0.0,0.0,0.0,0.0,0.0,0.0,0.0,0.0,0.0,0.0,0.0,0.0,0.0,0.0,0.0,0.0,0.0,0.0,0.0,0.0,0.0,0.0,0.0,0.0,0.0,0.0,0.0,0.0,0.0,0.0,0.0,0.0,0.0,0.0,0.0,0.0,0.0,0.0,0.0,0.0,0.0,0.08408462256193161,0.0,0.0,0.0,0.0,0.0,0.0,0.0,0.0,0.0,0.0,0.0,0.0,0.0,0.0,0.0,0.0,0.0,0.0,0.0,0.0,0.0,0.0,0.0,0.0,0.0,0.0,0.0,0.0,0.0,0.0,0.0,0.0,0.0,0.0,0.0,0.0,0.0,0.0,0.0,0.0,0.0,0.0,0.0,0.0,0.0,0.0,0.0,0.0,0.0,0.0,0.0,0.0,0.0,0.0,0.0,0.0,0.0,0.0,0.0,0.0,0.0,0.0,0.0,0.0,0.0,0.0,0.0,0.0,0.0,0.0,0.0,0.0,0.0,0.0,0.0,0.0,0.0,0.0,0.0,0.0,0.0,0.0,0.0,0.0,0.0,0.0,0.0,0.0,0.0030055337119847536,0.0,0.0,0.0,0.0,0.0,0.0,0.0,0.0,0.0,0.0,0.0,0.0,0.0,0.0,0.0,0.0,0.0,0.0,0.0,0.0,0.0,0.0,0.0,0.0,0.0,0.0,0.0,0.0,0.0,0.0,0.0,0.0,0.0,0.0,0.0,0.0,0.0,0.0,0.0,0.0,0.0,0.0,0.0,0.0,0.0,0.0,0.0,0.0,0.0,0.0,0.0,0.0,0.0,0.0,0.0,0.0,0.0,0.0,0.0,0.0,0.0,0.0,0.0,0.0,0.0,0.0,0.0,0.0,0.0,0.0,0.0,0.0,0.0,0.0,0.003015188267454505,0.0,0.0,0.0,0.0,0.0,0.0,0.0,0.0,0.0,0.0,0.0,0.0,0.0,0.0,0.0,0.0,0.0,0.0,0.0,0.0,0.0,0.0,0.0,0.0,0.0,0.0,0.0,0.0,0.0,0.0,0.0,0.0,0.0,0.0,0.0,0.0,0.0,0.0,0.0,0.0,0.0,0.0,0.0,0.0,0.0,,,,,,,,,,,,,,,,,,,,,,,,,,,,,,,,,,,,,,,,,,,,,,,,,,,,,,,,,,,,,,,,,,,,,,,,,,,,,,,,,,,,,,,,,,,,,,,,,,,,,,,,,,,,,,,,,,,,,,,,,,,,,,,,,,,,,,,,,,,,,,,,,,,,,,,,,,,,,,,,,,,,,,,,,,,,,,,,,,,,,,,,,,,,,,,,,,,,,,,,,,,,,,,,,,,,,,,,,,,,,,,,,,,,,,,,,,,,,,,,,,,,,,,,,,,,,,,,,,,,,,,,,,,,
2019-04-03,1274112.3655112742,7283.381765090558,25823.361579076143,59349.83551879421,99329.07942542077,48251.447039860446,25410.72314251757,60248.45396395421,10378.378244627125,38614.03979606824,151367.65160996374,46101.84809815924,,,,,,,,,,,,,,,,,,,,,,,,,,,,,,,,,,,,,,,,,,,,,,,,,,,,,,,,,,,,,,,,,,,,,,,,,,,,,,,,,,,,,,,,,,,,,,,,,,,,,,,,,,,,,,,,0.0,0.0,0.0,0.0,0.0,0.0,0.0,0.0,0.0,0.0,0.0,0.0,0.0,0.0,0.0,0.0,0.0,0.0,0.16281302273273468,0.0,0.0,0.0,0.0,0.0,0.0,0.0,0.0,0.0,0.0,0.0,0.0,0.0,0.0,0.0,0.0,0.0,0.0,0.0,0.0,0.0,0.0,0.0,0.0,0.0,0.0,0.0,0.0,0.0,0.011218912899494171,0.0,0.0,0.0,0.0,0.0,0.0,0.0,0.0,0.0,0.07207216322422028,0.0,0.0,0.0,0.0,0.10112308710813522,0.0,0.0,0.0,0.0,0.0,0.0,0.0,0.0,0.0,0.0,0.0,0.0,0.0,0.0,0.0,0.0,0.0,0.0,0.0,0.0,0.0,0.0,0.0,0.0,0.0,0.0,0.0,0.0,0.0,0.0,0.0,0.0,0.0,0.0,0.0,0.0,0.0,0.0,0.0,0.0,0.0,0.0,0.0,0.0,0.0,0.0,0.0,0.0,0.0,0.0,0.0,0.0,0.0,0.0,0.0,0.0,0.0,0.0,0.0,0.0,0.26394033432006836,0.0,0.0,0.0,0.0,0.0,0.0,0.0,0.0,0.0,0.0,0.0,0.0,0.0,0.0,0.0,0.0,0.0,0.0,0.0,0.0,0.0,0.0,0.0,0.0,0.0,0.0,0.0,0.0,0.0,0.0,0.0,0.0,0.0,0.0,0.0,0.0,0.0,0.0,0.0,0.0,0.0,0.0,0.0,0.0,0.0,0.0,0.0,0.0,0.0,0.0,0.0,0.0,0.0,0.0,0.0,0.0,0.0,0.0,0.0,0.0,0.0770663246512413,0.0,0.0,0.0,0.0,0.0,0.0,0.0,0.0,0.0,0.0,0.0,0.0,0.0,0.0,0.0,0.0,0.0,0.0,0.0,0.029194079339504242,0.0,0.0,0.0,0.0,0.0,0.0,0.0,0.0,0.0,0.0,0.0,0.0,0.0,0.11741958558559418,0.0,0.0,0.0,0.0,0.0,0.0,0.0,0.0,0.0,0.0,0.051610805094242096,0.0,0.0,0.0,0.0,0.0,0.0,0.0,0.0,0.02343638800084591,0.0,0.0,0.0,0.0,0.0,0.0,0.0,0.0,0.0,0.0,0.0,0.0,0.0,0.0,0.0,0.0,0.0,0.0,0.0,0.0,0.0,0.0,0.0,0.0,0.0,0.0,0.0,0.0,0.0,0.0,0.0,0.0,0.0,0.0,0.0,0.0,0.0,0.0,0.0,0.0,0.0,0.0,0.0,0.0,0.0,0.0,0.0,0.0,0.0,0.0,0.08408462256193161,0.0,0.0,0.0,0.0,0.0,0.0,0.0,0.0,0.0,0.0,0.0,0.0,0.0,0.0,0.0,0.0,0.0,0.0,0.0,0.0,0.0,0.0,0.0,0.0,0.0,0.0,0.0,0.0,0.0,0.0,0.0,0.0,0.0,0.0,0.0,0.0,0.0,0.0,0.0,0.0,0.0,0.0,0.0,0.0,0.0,0.0,0.0,0.0,0.0,0.0,0.0,0.0,0.0,0.0,0.0,0.0,0.0,0.0,0.0,0.0,0.0,0.0,0.0,0.0,0.0,0.0,0.0,0.0,0.0,0.0,0.0,0.0,0.0,0.0,0.0,0.0,0.0,0.0,0.0,0.0,0.0,0.0,0.0,0.0,0.0,0.0,0.0,0.0,0.0030055337119847536,0.0,0.0,0.0,0.0,0.0,0.0,0.0,0.0,0.0,0.0,0.0,0.0,0.0,0.0,0.0,0.0,0.0,0.0,0.0,0.0,0.0,0.0,0.0,0.0,0.0,0.0,0.0,0.0,0.0,0.0,0.0,0.0,0.0,0.0,0.0,0.0,0.0,0.0,0.0,0.0,0.0,0.0,0.0,0.0,0.0,0.0,0.0,0.0,0.0,0.0,0.0,0.0,0.0,0.0,0.0,0.0,0.0,0.0,0.0,0.0,0.0,0.0,0.0,0.0,0.0,0.0,0.0,0.0,0.0,0.0,0.0,0.0,0.0,0.0,0.003015188267454505,0.0,0.0,0.0,0.0,0.0,0.0,0.0,0.0,0.0,0.0,0.0,0.0,0.0,0.0,0.0,0.0,0.0,0.0,0.0,0.0,0.0,0.0,0.0,0.0,0.0,0.0,0.0,0.0,0.0,0.0,0.0,0.0,0.0,0.0,0.0,0.0,0.0,0.0,0.0,0.0,0.0,0.0,0.0,0.0,0.0,,,,,,,,,,,,,,,,,,,,,,,,,,,,,,,,,,,,,,,,,,,,,,,,,,,,,,,,,,,,,,,,,,,,,,,,,,,,,,,,,,,,,,,,,,,,,,,,,,,,,,,,,,,,,,,,,,,,,,,,,,,,,,,,,,,,,,,,,,,,,,,,,,,,,,,,,,,,,,,,,,,,,,,,,,,,,,,,,,,,,,,,,,,,,,,,,,,,,,,,,,,,,,,,,,,,,,,,,,,,,,,,,,,,,,,,,,,,,,,,,,,,,,,,,,,,,,,,,,,,,,,,,,,,
2019-04-04,1270678.31017393,5980.252437167267,25823.652414930748,58728.15893458124,98361.29183192171,48418.92839191644,25585.10536389297,61907.77588524128,10378.398307353713,38612.902604027986,150379.08291363937,46101.84809815924,,,,,,,,,,,,,,,,,,,,,,,,,,,,,,,,,,,,,,,,,,,,,,,,,,,,,,,,,,,,,,,,,,,,,,,,,,,,,,,,,,,,,,,,,,,,,,,,,,,,,,,,,,,,,,,,0.0,0.0,0.0,0.0,0.0,0.0,0.0,0.0,0.0,0.0,0.0,0.0,0.0,0.0,0.0,0.0,0.0,0.0,0.16281302273273468,0.0,0.0,0.0,0.0,0.0,0.0,0.0,0.0,0.0,0.0,0.0,0.0,0.0,0.0,0.0,0.0,0.0,0.0,0.0,0.0,0.0,0.0,0.0,0.0,0.0,0.0,0.0,0.0,0.0,0.011218912899494171,0.0,0.0,0.0,0.0,0.0,0.0,0.0,0.0,0.0,0.07207216322422028,0.0,0.0,0.0,0.0,0.10112308710813522,0.0,0.0,0.0,0.0,0.0,0.0,0.0,0.0,0.0,0.0,0.0,0.0,0.0,0.0,0.0,0.0,0.0,0.0,0.0,0.0,0.0,0.0,0.0,0.0,0.0,0.0,0.0,0.0,0.0,0.0,0.0,0.0,0.0,0.0,0.0,0.0,0.0,0.0,0.0,0.0,0.0,0.0,0.0,0.0,0.0,0.0,0.0,0.0,0.0,0.0,0.0,0.0,0.0,0.0,0.0,0.0,0.0,0.0,0.0,0.0,0.26394033432006836,0.0,0.0,0.0,0.0,0.0,0.0,0.0,0.0,0.0,0.0,0.0,0.0,0.0,0.0,0.0,0.0,0.0,0.0,0.0,0.0,0.0,0.0,0.0,0.0,0.0,0.0,0.0,0.0,0.0,0.0,0.0,0.0,0.0,0.0,0.0,0.0,0.0,0.0,0.0,0.0,0.0,0.0,0.0,0.0,0.0,0.0,0.0,0.0,0.0,0.0,0.0,0.0,0.0,0.0,0.0,0.0,0.0,0.0,0.0,0.0,0.0770663246512413,0.0,0.0,0.0,0.0,0.0,0.0,0.0,0.0,0.0,0.0,0.0,0.0,0.0,0.0,0.0,0.0,0.0,0.0,0.0,0.029194079339504242,0.0,0.0,0.0,0.0,0.0,0.0,0.0,0.0,0.0,0.0,0.0,0.0,0.0,0.11741958558559418,0.0,0.0,0.0,0.0,0.0,0.0,0.0,0.0,0.0,0.0,0.051610805094242096,0.0,0.0,0.0,0.0,0.0,0.0,0.0,0.0,0.02343638800084591,0.0,0.0,0.0,0.0,0.0,0.0,0.0,0.0,0.0,0.0,0.0,0.0,0.0,0.0,0.0,0.0,0.0,0.0,0.0,0.0,0.0,0.0,0.0,0.0,0.0,0.0,0.0,0.0,0.0,0.0,0.0,0.0,0.0,0.0,0.0,0.0,0.0,0.0,0.0,0.0,0.0,0.0,0.0,0.0,0.0,0.0,0.0,0.0,0.0,0.0,0.08408462256193161,0.0,0.0,0.0,0.0,0.0,0.0,0.0,0.0,0.0,0.0,0.0,0.0,0.0,0.0,0.0,0.0,0.0,0.0,0.0,0.0,0.0,0.0,0.0,0.0,0.0,0.0,0.0,0.0,0.0,0.0,0.0,0.0,0.0,0.0,0.0,0.0,0.0,0.0,0.0,0.0,0.0,0.0,0.0,0.0,0.0,0.0,0.0,0.0,0.0,0.0,0.0,0.0,0.0,0.0,0.0,0.0,0.0,0.0,0.0,0.0,0.0,0.0,0.0,0.0,0.0,0.0,0.0,0.0,0.0,0.0,0.0,0.0,0.0,0.0,0.0,0.0,0.0,0.0,0.0,0.0,0.0,0.0,0.0,0.0,0.0,0.0,0.0,0.0,0.0030055337119847536,0.0,0.0,0.0,0.0,0.0,0.0,0.0,0.0,0.0,0.0,0.0,0.0,0.0,0.0,0.0,0.0,0.0,0.0,0.0,0.0,0.0,0.0,0.0,0.0,0.0,0.0,0.0,0.0,0.0,0.0,0.0,0.0,0.0,0.0,0.0,0.0,0.0,0.0,0.0,0.0,0.0,0.0,0.0,0.0,0.0,0.0,0.0,0.0,0.0,0.0,0.0,0.0,0.0,0.0,0.0,0.0,0.0,0.0,0.0,0.0,0.0,0.0,0.0,0.0,0.0,0.0,0.0,0.0,0.0,0.0,0.0,0.0,0.0,0.0,0.003015188267454505,0.0,0.0,0.0,0.0,0.0,0.0,0.0,0.0,0.0,0.0,0.0,0.0,0.0,0.0,0.0,0.0,0.0,0.0,0.0,0.0,0.0,0.0,0.0,0.0,0.0,0.0,0.0,0.0,0.0,0.0,0.0,0.0,0.0,0.0,0.0,0.0,0.0,0.0,0.0,0.0,0.0,0.0,0.0,0.0,0.0,,,,,,,,,,,,,,,,,,,,,,,,,,,,,,,,,,,,,,,,,,,,,,,,,,,,,,,,,,,,,,,,,,,,,,,,,,,,,,,,,,,,,,,,,,,,,,,,,,,,,,,,,,,,,,,,,,,,,,,,,,,,,,,,,,,,,,,,,,,,,,,,,,,,,,,,,,,,,,,,,,,,,,,,,,,,,,,,,,,,,,,,,,,,,,,,,,,,,,,,,,,,,,,,,,,,,,,,,,,,,,,,,,,,,,,,,,,,,,,,,,,,,,,,,,,,,,,,,,,,,,,,,,,,
2019-04-08,1261976.4975121887,2251.484322689137,25824.088680996138,59040.554080917835,99333.32214973717,48049.141739578605,25411.790050655316,61884.81274690791,10054.058783417078,38612.71551458184,152384.2592109449,48407.25641972214,,,,,,,,,,,,,,,,,,,,,,,,,,,,,,,,,,,,,,,,,,,,,,,,,,,,,,,,,,,,,,,,,,,,,,,,,,,,,,,,,,,,,,,,,,,,,,,,,,,,,,,,,,,,,,,,0.0,0.0,0.0,0.0,0.0,0.0,0.0,0.0,0.0,0.0,0.0,0.0,0.0,0.0,0.0,0.0,0.0,0.0,0.16281302273273468,0.0,0.0,0.0,0.0,0.0,0.0,0.0,0.0,0.0,0.0,0.0,0.0,0.0,0.0,0.0,0.0,0.0,0.0,0.0,0.0,0.0,0.0,0.0,0.0,0.0,0.0,0.0,0.0,0.0,0.011218912899494171,0.0,0.0,0.0,0.0,0.0,0.0,0.0,0.0,0.0,0.07207216322422028,0.0,0.0,0.0,0.0,0.10112308710813522,0.0,0.0,0.0,0.0,0.0,0.0,0.0,0.0,0.0,0.0,0.0,0.0,0.0,0.0,0.0,0.0,0.0,0.0,0.0,0.0,0.0,0.0,0.0,0.0,0.0,0.0,0.0,0.0,0.0,0.0,0.0,0.0,0.0,0.0,0.0,0.0,0.0,0.0,0.0,0.0,0.0,0.0,0.0,0.0,0.0,0.0,0.0,0.0,0.0,0.0,0.0,0.0,0.0,0.0,0.0,0.0,0.0,0.0,0.0,0.0,0.26394033432006836,0.0,0.0,0.0,0.0,0.0,0.0,0.0,0.0,0.0,0.0,0.0,0.0,0.0,0.0,0.0,0.0,0.0,0.0,0.0,0.0,0.0,0.0,0.0,0.0,0.0,0.0,0.0,0.0,0.0,0.0,0.0,0.0,0.0,0.0,0.0,0.0,0.0,0.0,0.0,0.0,0.0,0.0,0.0,0.0,0.0,0.0,0.0,0.0,0.0,0.0,0.0,0.0,0.0,0.0,0.0,0.0,0.0,0.0,0.0,0.0,0.0770663246512413,0.0,0.0,0.0,0.0,0.0,0.0,0.0,0.0,0.0,0.0,0.0,0.0,0.0,0.0,0.0,0.0,0.0,0.0,0.0,0.029194079339504242,0.0,0.0,0.0,0.0,0.0,0.0,0.0,0.0,0.0,0.0,0.0,0.0,0.0,0.11741958558559418,0.0,0.0,0.0,0.0,0.0,0.0,0.0,0.0,0.0,0.0,0.051610805094242096,0.0,0.0,0.0,0.0,0.0,0.0,0.0,0.0,0.02343638800084591,0.0,0.0,0.0,0.0,0.0,0.0,0.0,0.0,0.0,0.0,0.0,0.0,0.0,0.0,0.0,0.0,0.0,0.0,0.0,0.0,0.0,0.0,0.0,0.0,0.0,0.0,0.0,0.0,0.0,0.0,0.0,0.0,0.0,0.0,0.0,0.0,0.0,0.0,0.0,0.0,0.0,0.0,0.0,0.0,0.0,0.0,0.0,0.0,0.0,0.0,0.08408462256193161,0.0,0.0,0.0,0.0,0.0,0.0,0.0,0.0,0.0,0.0,0.0,0.0,0.0,0.0,0.0,0.0,0.0,0.0,0.0,0.0,0.0,0.0,0.0,0.0,0.0,0.0,0.0,0.0,0.0,0.0,0.0,0.0,0.0,0.0,0.0,0.0,0.0,0.0,0.0,0.0,0.0,0.0,0.0,0.0,0.0,0.0,0.0,0.0,0.0,0.0,0.0,0.0,0.0,0.0,0.0,0.0,0.0,0.0,0.0,0.0,0.0,0.0,0.0,0.0,0.0,0.0,0.0,0.0,0.0,0.0,0.0,0.0,0.0,0.0,0.0,0.0,0.0,0.0,0.0,0.0,0.0,0.0,0.0,0.0,0.0,0.0,0.0,0.0,0.0030055337119847536,0.0,0.0,0.0,0.0,0.0,0.0,0.0,0.0,0.0,0.0,0.0,0.0,0.0,0.0,0.0,0.0,0.0,0.0,0.0,0.0,0.0,0.0,0.0,0.0,0.0,0.0,0.0,0.0,0.0,0.0,0.0,0.0,0.0,0.0,0.0,0.0,0.0,0.0,0.0,0.0,0.0,0.0,0.0,0.0,0.0,0.0,0.0,0.0,0.0,0.0,0.0,0.0,0.0,0.0,0.0,0.0,0.0,0.0,0.0,0.0,0.0,0.0,0.0,0.0,0.0,0.0,0.0,0.0,0.0,0.0,0.0,0.0,0.0,0.0,0.003015188267454505,0.0,0.0,0.0,0.0,0.0,0.0,0.0,0.0,0.0,0.0,0.0,0.0,0.0,0.0,0.0,0.0,0.0,0.0,0.0,0.0,0.0,0.0,0.0,0.0,0.0,0.0,0.0,0.0,0.0,0.0,0.0,0.0,0.0,0.0,0.0,0.0,0.0,0.0,0.0,0.0,0.0,0.0,0.0,0.0,0.0,,,,,,,,,,,,,,,,,,,,,,,,,,,,,,,,,,,,,,,,,,,,,,,,,,,,,,,,,,,,,,,,,,,,,,,,,,,,,,,,,,,,,,,,,,,,,,,,,,,,,,,,,,,,,,,,,,,,,,,,,,,,,,,,,,,,,,,,,,,,,,,,,,,,,,,,,,,,,,,,,,,,,,,,,,,,,,,,,,,,,,,,,,,,,,,,,,,,,,,,,,,,,,,,,,,,,,,,,,,,,,,,,,,,,,,,,,,,,,,,,,,,,,,,,,,,,,,,,,,,,,,,,,,,
2019-04-09,1265903.72647504,4278.511774781593,26139.01514341343,59346.39273020122,99333.32214973717,48049.141739578605,25411.790050655316,60276.42164302134,10054.68076581599,38612.902604027986,151368.5228192189,48406.67031446269,,,,,,,,,,,,,,,,,,,,,,,,,,,,,,,,,,,,,,,,,,,,,,,,,,,,,,,,,,,,,,,,,,,,,,,,,,,,,,,,,,,,,,,,,,,,,,,,,,,,,,,,,,,,,,,,0.0,0.0,0.0,0.0,0.0,0.0,0.0,0.0,0.0,0.0,0.0,0.0,0.0,0.0,0.0,0.0,0.0,0.0,0.16281302273273468,0.0,0.0,0.0,0.0,0.0,0.0,0.0,0.0,0.0,0.0,0.0,0.0,0.0,0.0,0.0,0.0,0.0,0.0,0.0,0.0,0.0,0.0,0.0,0.0,0.0,0.0,0.0,0.0,0.0,0.011218912899494171,0.0,0.0,0.0,0.0,0.0,0.0,0.0,0.0,0.0,0.07207216322422028,0.0,0.0,0.0,0.0,0.10112308710813522,0.0,0.0,0.0,0.0,0.0,0.0,0.0,0.0,0.0,0.0,0.0,0.0,0.0,0.0,0.0,0.0,0.0,0.0,0.0,0.0,0.0,0.0,0.0,0.0,0.0,0.0,0.0,0.0,0.0,0.0,0.0,0.0,0.0,0.0,0.0,0.0,0.0,0.0,0.0,0.0,0.0,0.0,0.0,0.0,0.0,0.0,0.0,0.0,0.0,0.0,0.0,0.0,0.0,0.0,0.0,0.0,0.0,0.0,0.0,0.0,0.26394033432006836,0.0,0.0,0.0,0.0,0.0,0.0,0.0,0.0,0.0,0.0,0.0,0.0,0.0,0.0,0.0,0.0,0.0,0.0,0.0,0.0,0.0,0.0,0.0,0.0,0.0,0.0,0.0,0.0,0.0,0.0,0.0,0.0,0.0,0.0,0.0,0.0,0.0,0.0,0.0,0.0,0.0,0.0,0.0,0.0,0.0,0.0,0.0,0.0,0.0,0.0,0.0,0.0,0.0,0.0,0.0,0.0,0.0,0.0,0.0,0.0,0.0770663246512413,0.0,0.0,0.0,0.0,0.0,0.0,0.0,0.0,0.0,0.0,0.0,0.0,0.0,0.0,0.0,0.0,0.0,0.0,0.0,0.029194079339504242,0.0,0.0,0.0,0.0,0.0,0.0,0.0,0.0,0.0,0.0,0.0,0.0,0.0,0.11741958558559418,0.0,0.0,0.0,0.0,0.0,0.0,0.0,0.0,0.0,0.0,0.051610805094242096,0.0,0.0,0.0,0.0,0.0,0.0,0.0,0.0,0.02343638800084591,0.0,0.0,0.0,0.0,0.0,0.0,0.0,0.0,0.0,0.0,0.0,0.0,0.0,0.0,0.0,0.0,0.0,0.0,0.0,0.0,0.0,0.0,0.0,0.0,0.0,0.0,0.0,0.0,0.0,0.0,0.0,0.0,0.0,0.0,0.0,0.0,0.0,0.0,0.0,0.0,0.0,0.0,0.0,0.0,0.0,0.0,0.0,0.0,0.0,0.0,0.08408462256193161,0.0,0.0,0.0,0.0,0.0,0.0,0.0,0.0,0.0,0.0,0.0,0.0,0.0,0.0,0.0,0.0,0.0,0.0,0.0,0.0,0.0,0.0,0.0,0.0,0.0,0.0,0.0,0.0,0.0,0.0,0.0,0.0,0.0,0.0,0.0,0.0,0.0,0.0,0.0,0.0,0.0,0.0,0.0,0.0,0.0,0.0,0.0,0.0,0.0,0.0,0.0,0.0,0.0,0.0,0.0,0.0,0.0,0.0,0.0,0.0,0.0,0.0,0.0,0.0,0.0,0.0,0.0,0.0,0.0,0.0,0.0,0.0,0.0,0.0,0.0,0.0,0.0,0.0,0.0,0.0,0.0,0.0,0.0,0.0,0.0,0.0,0.0,0.0,0.0030055337119847536,0.0,0.0,0.0,0.0,0.0,0.0,0.0,0.0,0.0,0.0,0.0,0.0,0.0,0.0,0.0,0.0,0.0,0.0,0.0,0.0,0.0,0.0,0.0,0.0,0.0,0.0,0.0,0.0,0.0,0.0,0.0,0.0,0.0,0.0,0.0,0.0,0.0,0.0,0.0,0.0,0.0,0.0,0.0,0.0,0.0,0.0,0.0,0.0,0.0,0.0,0.0,0.0,0.0,0.0,0.0,0.0,0.0,0.0,0.0,0.0,0.0,0.0,0.0,0.0,0.0,0.0,0.0,0.0,0.0,0.0,0.0,0.0,0.0,0.0,0.003015188267454505,0.0,0.0,0.0,0.0,0.0,0.0,0.0,0.0,0.0,0.0,0.0,0.0,0.0,0.0,0.0,0.0,0.0,0.0,0.0,0.0,0.0,0.0,0.0,0.0,0.0,0.0,0.0,0.0,0.0,0.0,0.0,0.0,0.0,0.0,0.0,0.0,0.0,0.0,0.0,0.0,0.0,0.0,0.0,0.0,0.0,,,,,,,,,,,,,,,,,,,,,,,,,,,,,,,,,,,,,,,,,,,,,,,,,,,,,,,,,,,,,,,,,,,,,,,,,,,,,,,,,,,,,,,,,,,,,,,,,,,,,,,,,,,,,,,,,,,,,,,,,,,,,,,,,,,,,,,,,,,,,,,,,,,,,,,,,,,,,,,,,,,,,,,,,,,,,,,,,,,,,,,,,,,,,,,,,,,,,,,,,,,,,,,,,,,,,,,,,,,,,,,,,,,,,,,,,,,,,,,,,,,,,,,,,,,,,,,,,,,,,,,,,,,,
2019-04-10,1260909.6871330077,2959.557163038547,26768.186541568808,59042.323417660555,100279.26877875328,48246.8182195616,25411.790050655316,58630.644759686395,10054.672018655016,38613.80884419248,152377.27989464422,48400.87653396449,,,,,,,,,,,,,,,,,,,,,,,,,,,,,,,,,,,,,,,,,,,,,,,,,,,,,,,,,,,,,,,,,,,,,,,,,,,,,,,,,,,,,,,,,,,,,,,,,,,,,,,,,,,,,,,,0.0,0.0,0.0,0.0,0.0,0.0,0.0,0.0,0.0,0.0,0.0,0.0,0.0,0.0,0.0,0.0,0.0,0.0,0.16281302273273468,0.0,0.0,0.0,0.0,0.0,0.0,0.0,0.0,0.0,0.0,0.0,0.0,0.0,0.0,0.0,0.0,0.0,0.0,0.0,0.0,0.0,0.0,0.0,0.0,0.0,0.0,0.0,0.0,0.0,0.011218912899494171,0.0,0.0,0.0,0.0,0.0,0.0,0.0,0.0,0.0,0.07207216322422028,0.0,0.0,0.0,0.0,0.10112308710813522,0.0,0.0,0.0,0.0,0.0,0.0,0.0,0.0,0.0,0.0,0.0,0.0,0.0,0.0,0.0,0.0,0.0,0.0,0.0,0.0,0.0,0.0,0.0,0.0,0.0,0.0,0.0,0.0,0.0,0.0,0.0,0.0,0.0,0.0,0.0,0.0,0.0,0.0,0.0,0.0,0.0,0.0,0.0,0.0,0.0,0.0,0.0,0.0,0.0,0.0,0.0,0.0,0.0,0.0,0.0,0.0,0.0,0.0,0.0,0.0,0.26394033432006836,0.0,0.0,0.0,0.0,0.0,0.0,0.0,0.0,0.0,0.0,0.0,0.0,0.0,0.0,0.0,0.0,0.0,0.0,0.0,0.0,0.0,0.0,0.0,0.0,0.0,0.0,0.0,0.0,0.0,0.0,0.0,0.0,0.0,0.0,0.0,0.0,0.0,0.0,0.0,0.0,0.0,0.0,0.0,0.0,0.0,0.0,0.0,0.0,0.0,0.0,0.0,0.0,0.0,0.0,0.0,0.0,0.0,0.0,0.0,0.0,0.0770663246512413,0.0,0.0,0.0,0.0,0.0,0.0,0.0,0.0,0.0,0.0,0.0,0.0,0.0,0.0,0.0,0.0,0.0,0.0,0.0,0.029194079339504242,0.0,0.0,0.0,0.0,0.0,0.0,0.0,0.0,0.0,0.0,0.0,0.0,0.0,0.11741958558559418,0.0,0.0,0.0,0.0,0.0,0.0,0.0,0.0,0.0,0.0,0.051610805094242096,0.0,0.0,0.0,0.0,0.0,0.0,0.0,0.0,0.02343638800084591,0.0,0.0,0.0,0.0,0.0,0.0,0.0,0.0,0.0,0.0,0.0,0.0,0.0,0.0,0.0,0.0,0.0,0.0,0.0,0.0,0.0,0.0,0.0,0.0,0.0,0.0,0.0,0.0,0.0,0.0,0.0,0.0,0.0,0.0,0.0,0.0,0.0,0.0,0.0,0.0,0.0,0.0,0.0,0.0,0.0,0.0,0.0,0.0,0.0,0.0,0.08408462256193161,0.0,0.0,0.0,0.0,0.0,0.0,0.0,0.0,0.0,0.0,0.0,0.0,0.0,0.0,0.0,0.0,0.0,0.0,0.0,0.0,0.0,0.0,0.0,0.0,0.0,0.0,0.0,0.0,0.0,0.0,0.0,0.0,0.0,0.0,0.0,0.0,0.0,0.0,0.0,0.0,0.0,0.0,0.0,0.0,0.0,0.0,0.0,0.0,0.0,0.0,0.0,0.0,0.0,0.0,0.0,0.0,0.0,0.0,0.0,0.0,0.0,0.0,0.0,0.0,0.0,0.0,0.0,0.0,0.0,0.0,0.0,0.0,0.0,0.0,0.0,0.0,0.0,0.0,0.0,0.0,0.0,0.0,0.0,0.0,0.0,0.0,0.0,0.0,0.0030055337119847536,0.0,0.0,0.0,0.0,0.0,0.0,0.0,0.0,0.0,0.0,0.0,0.0,0.0,0.0,0.0,0.0,0.0,0.0,0.0,0.0,0.0,0.0,0.0,0.0,0.0,0.0,0.0,0.0,0.0,0.0,0.0,0.0,0.0,0.0,0.0,0.0,0.0,0.0,0.0,0.0,0.0,0.0,0.0,0.0,0.0,0.0,0.0,0.0,0.0,0.0,0.0,0.0,0.0,0.0,0.0,0.0,0.0,0.0,0.0,0.0,0.0,0.0,0.0,0.0,0.0,0.0,0.0,0.0,0.0,0.0,0.0,0.0,0.0,0.0,0.003015188267454505,0.0,0.0,0.0,0.0,0.0,0.0,0.0,0.0,0.0,0.0,0.0,0.0,0.0,0.0,0.0,0.0,0.0,0.0,0.0,0.0,0.0,0.0,0.0,0.0,0.0,0.0,0.0,0.0,0.0,0.0,0.0,0.0,0.0,0.0,0.0,0.0,0.0,0.0,0.0,0.0,0.0,0.0,0.0,0.0,0.0,,,,,,,,,,,,,,,,,,,,,,,,,,,,,,,,,,,,,,,,,,,,,,,,,,,,,,,,,,,,,,,,,,,,,,,,,,,,,,,,,,,,,,,,,,,,,,,,,,,,,,,,,,,,,,,,,,,,,,,,,,,,,,,,,,,,,,,,,,,,,,,,,,,,,,,,,,,,,,,,,,,,,,,,,,,,,,,,,,,,,,,,,,,,,,,,,,,,,,,,,,,,,,,,,,,,,,,,,,,,,,,,,,,,,,,,,,,,,,,,,,,,,,,,,,,,,,,,,,,,,,,,,,,,
2019-04-11,1249218.7239242808,6008.691451433012,27083.096215868805,58417.26103994921,102170.93992204205,48223.76547103876,25526.513894013915,58630.644759686395,10054.672018655016,36581.33417319782,153471.3331583154,48401.76172055479,,,,,,,,,,,,,,,,,,,,,,,,,,,,,,,,,,,,,,,,,,,,,,,,,,,,,,,,,,,,,,,,,,,,,,,,,,,,,,,,,,,,,,,,,,,,,,,,,,,,,,,,,,,,,,,,0.0,0.0,0.0,0.0,0.0,0.0,0.0,0.0,0.0,0.0,0.0,0.0,0.0,0.0,0.0,0.0,0.0,0.0,0.16281302273273468,0.0,0.0,0.0,0.0,0.0,0.0,0.0,0.0,0.0,0.0,0.0,0.0,0.0,0.0,0.0,0.0,0.0,0.0,0.0,0.0,0.0,0.0,0.0,0.0,0.0,0.0,0.0,0.0,0.0,0.011218912899494171,0.0,0.0,0.0,0.0,0.0,0.0,0.0,0.0,0.0,0.07207216322422028,0.0,0.0,0.0,0.0,0.10112308710813522,0.0,0.0,0.0,0.0,0.0,0.0,0.0,0.0,0.0,0.0,0.0,0.0,0.0,0.0,0.0,0.0,0.0,0.0,0.0,0.0,0.0,0.0,0.0,0.0,0.0,0.0,0.0,0.0,0.0,0.0,0.0,0.0,0.0,0.0,0.0,0.0,0.0,0.0,0.0,0.0,0.0,0.0,0.0,0.0,0.0,0.0,0.0,0.0,0.0,0.0,0.0,0.0,0.0,0.0,0.0,0.0,0.0,0.0,0.0,0.0,0.26394033432006836,0.0,0.0,0.0,0.0,0.0,0.0,0.0,0.0,0.0,0.0,0.0,0.0,0.0,0.0,0.0,0.0,0.0,0.0,0.0,0.0,0.0,0.0,0.0,0.0,0.0,0.0,0.0,0.0,0.0,0.0,0.0,0.0,0.0,0.0,0.0,0.0,0.0,0.0,0.0,0.0,0.0,0.0,0.0,0.0,0.0,0.0,0.0,0.0,0.0,0.0,0.0,0.0,0.0,0.0,0.0,0.0,0.0,0.0,0.0,0.0,0.0770663246512413,0.0,0.0,0.0,0.0,0.0,0.0,0.0,0.0,0.0,0.0,0.0,0.0,0.0,0.0,0.0,0.0,0.0,0.0,0.0,0.029194079339504242,0.0,0.0,0.0,0.0,0.0,0.0,0.0,0.0,0.0,0.0,0.0,0.0,0.0,0.11741958558559418,0.0,0.0,0.0,0.0,0.0,0.0,0.0,0.0,0.0,0.0,0.051610805094242096,0.0,0.0,0.0,0.0,0.0,0.0,0.0,0.0,0.02343638800084591,0.0,0.0,0.0,0.0,0.0,0.0,0.0,0.0,0.0,0.0,0.0,0.0,0.0,0.0,0.0,0.0,0.0,0.0,0.0,0.0,0.0,0.0,0.0,0.0,0.0,0.0,0.0,0.0,0.0,0.0,0.0,0.0,0.0,0.0,0.0,0.0,0.0,0.0,0.0,0.0,0.0,0.0,0.0,0.0,0.0,0.0,0.0,0.0,0.0,0.0,0.08408462256193161,0.0,0.0,0.0,0.0,0.0,0.0,0.0,0.0,0.0,0.0,0.0,0.0,0.0,0.0,0.0,0.0,0.0,0.0,0.0,0.0,0.0,0.0,0.0,0.0,0.0,0.0,0.0,0.0,0.0,0.0,0.0,0.0,0.0,0.0,0.0,0.0,0.0,0.0,0.0,0.0,0.0,0.0,0.0,0.0,0.0,0.0,0.0,0.0,0.0,0.0,0.0,0.0,0.0,0.0,0.0,0.0,0.0,0.0,0.0,0.0,0.0,0.0,0.0,0.0,0.0,0.0,0.0,0.0,0.0,0.0,0.0,0.0,0.0,0.0,0.0,0.0,0.0,0.0,0.0,0.0,0.0,0.0,0.0,0.0,0.0,0.0,0.0,0.0,0.0030055337119847536,0.0,0.0,0.0,0.0,0.0,0.0,0.0,0.0,0.0,0.0,0.0,0.0,0.0,0.0,0.0,0.0,0.0,0.0,0.0,0.0,0.0,0.0,0.0,0.0,0.0,0.0,0.0,0.0,0.0,0.0,0.0,0.0,0.0,0.0,0.0,0.0,0.0,0.0,0.0,0.0,0.0,0.0,0.0,0.0,0.0,0.0,0.0,0.0,0.0,0.0,0.0,0.0,0.0,0.0,0.0,0.0,0.0,0.0,0.0,0.0,0.0,0.0,0.0,0.0,0.0,0.0,0.0,0.0,0.0,0.0,0.0,0.0,0.0,0.0,0.003015188267454505,0.0,0.0,0.0,0.0,0.0,0.0,0.0,0.0,0.0,0.0,0.0,0.0,0.0,0.0,0.0,0.0,0.0,0.0,0.0,0.0,0.0,0.0,0.0,0.0,0.0,0.0,0.0,0.0,0.0,0.0,0.0,0.0,0.0,0.0,0.0,0.0,0.0,0.0,0.0,0.0,0.0,0.0,0.0,0.0,0.0,,,,,,,,,,,,,,,,,,,,,,,,,,,,,,,,,,,,,,,,,,,,,,,,,,,,,,,,,,,,,,,,,,,,,,,,,,,,,,,,,,,,,,,,,,,,,,,,,,,,,,,,,,,,,,,,,,,,,,,,,,,,,,,,,,,,,,,,,,,,,,,,,,,,,,,,,,,,,,,,,,,,,,,,,,,,,,,,,,,,,,,,,,,,,,,,,,,,,,,,,,,,,,,,,,,,,,,,,,,,,,,,,,,,,,,,,,,,,,,,,,,,,,,,,,,,,,,,,,,,,,,,,,,,
2019-04-12,1240564.7236310525,2557.72525437931,27083.29956462962,58420.68166267243,104042.39678580915,48052.06401546015,25983.475802216108,57829.13298646424,10216.834272179392,36581.181849463246,152448.67920339026,48405.61452945231,,,,,,,,,,,,,,,,,,,,,,,,,,,,,,,,,,,,,,,,,,,,,,,,,,,,,,,,,,,,,,,,,,,,,,,,,,,,,,,,,,,,,,,,,,,,,,,,,,,,,,,,,,,,,,,,0.0,0.0,0.0,0.0,0.0,0.0,0.0,0.0,0.0,0.0,0.0,0.0,0.0,0.0,0.0,0.0,0.0,0.0,0.16281302273273468,0.0,0.0,0.0,0.0,0.0,0.0,0.0,0.0,0.0,0.0,0.0,0.0,0.0,0.0,0.0,0.0,0.0,0.0,0.0,0.0,0.0,0.0,0.0,0.0,0.0,0.0,0.0,0.0,0.0,0.011218912899494171,0.0,0.0,0.0,0.0,0.0,0.0,0.0,0.0,0.0,0.07207216322422028,0.0,0.0,0.0,0.0,0.10112308710813522,0.0,0.0,0.0,0.0,0.0,0.0,0.0,0.0,0.0,0.0,0.0,0.0,0.0,0.0,0.0,0.0,0.0,0.0,0.0,0.0,0.0,0.0,0.0,0.0,0.0,0.0,0.0,0.0,0.0,0.0,0.0,0.0,0.0,0.0,0.0,0.0,0.0,0.0,0.0,0.0,0.0,0.0,0.0,0.0,0.0,0.0,0.0,0.0,0.0,0.0,0.0,0.0,0.0,0.0,0.0,0.0,0.0,0.0,0.0,0.0,0.26394033432006836,0.0,0.0,0.0,0.0,0.0,0.0,0.0,0.0,0.0,0.0,0.0,0.0,0.0,0.0,0.0,0.0,0.0,0.0,0.0,0.0,0.0,0.0,0.0,0.0,0.0,0.0,0.0,0.0,0.0,0.0,0.0,0.0,0.0,0.0,0.0,0.0,0.0,0.0,0.0,0.0,0.0,0.0,0.0,0.0,0.0,0.0,0.0,0.0,0.0,0.0,0.0,0.0,0.0,0.0,0.0,0.0,0.0,0.0,0.0,0.0,0.0770663246512413,0.0,0.0,0.0,0.0,0.0,0.0,0.0,0.0,0.0,0.0,0.0,0.0,0.0,0.0,0.0,0.0,0.0,0.0,0.0,0.029194079339504242,0.0,0.0,0.0,0.0,0.0,0.0,0.0,0.0,0.0,0.0,0.0,0.0,0.0,0.11741958558559418,0.0,0.0,0.0,0.0,0.0,0.0,0.0,0.0,0.0,0.0,0.051610805094242096,0.0,0.0,0.0,0.0,0.0,0.0,0.0,0.0,0.02343638800084591,0.0,0.0,0.0,0.0,0.0,0.0,0.0,0.0,0.0,0.0,0.0,0.0,0.0,0.0,0.0,0.0,0.0,0.0,0.0,0.0,0.0,0.0,0.0,0.0,0.0,0.0,0.0,0.0,0.0,0.0,0.0,0.0,0.0,0.0,0.0,0.0,0.0,0.0,0.0,0.0,0.0,0.0,0.0,0.0,0.0,0.0,0.0,0.0,0.0,0.0,0.08408462256193161,0.0,0.0,0.0,0.0,0.0,0.0,0.0,0.0,0.0,0.0,0.0,0.0,0.0,0.0,0.0,0.0,0.0,0.0,0.0,0.0,0.0,0.0,0.0,0.0,0.0,0.0,0.0,0.0,0.0,0.0,0.0,0.0,0.0,0.0,0.0,0.0,0.0,0.0,0.0,0.0,0.0,0.0,0.0,0.0,0.0,0.0,0.0,0.0,0.0,0.0,0.0,0.0,0.0,0.0,0.0,0.0,0.0,0.0,0.0,0.0,0.0,0.0,0.0,0.0,0.0,0.0,0.0,0.0,0.0,0.0,0.0,0.0,0.0,0.0,0.0,0.0,0.0,0.0,0.0,0.0,0.0,0.0,0.0,0.0,0.0,0.0,0.0,0.0,0.0030055337119847536,0.0,0.0,0.0,0.0,0.0,0.0,0.0,0.0,0.0,0.0,0.0,0.0,0.0,0.0,0.0,0.0,0.0,0.0,0.0,0.0,0.0,0.0,0.0,0.0,0.0,0.0,0.0,0.0,0.0,0.0,0.0,0.0,0.0,0.0,0.0,0.0,0.0,0.0,0.0,0.0,0.0,0.0,0.0,0.0,0.0,0.0,0.0,0.0,0.0,0.0,0.0,0.0,0.0,0.0,0.0,0.0,0.0,0.0,0.0,0.0,0.0,0.0,0.0,0.0,0.0,0.0,0.0,0.0,0.0,0.0,0.0,0.0,0.0,0.0,0.003015188267454505,0.0,0.0,0.0,0.0,0.0,0.0,0.0,0.0,0.0,0.0,0.0,0.0,0.0,0.0,0.0,0.0,0.0,0.0,0.0,0.0,0.0,0.0,0.0,0.0,0.0,0.0,0.0,0.0,0.0,0.0,0.0,0.0,0.0,0.0,0.0,0.0,0.0,0.0,0.0,0.0,0.0,0.0,0.0,0.0,0.0,,,,,,,,,,,,,,,,,,,,,,,,,,,,,,,,,,,,,,,,,,,,,,,,,,,,,,,,,,,,,,,,,,,,,,,,,,,,,,,,,,,,,,,,,,,,,,,,,,,,,,,,,,,,,,,,,,,,,,,,,,,,,,,,,,,,,,,,,,,,,,,,,,,,,,,,,,,,,,,,,,,,,,,,,,,,,,,,,,,,,,,,,,,,,,,,,,,,,,,,,,,,,,,,,,,,,,,,,,,,,,,,,,,,,,,,,,,,,,,,,,,,,,,,,,,,,,,,,,,,,,,,,,,,
2019-04-15,1226951.5408117669,7073.72959871706,26138.744278373495,57495.13084316734,104057.23138885299,48033.38117195713,26502.668507121733,59457.3468968913,9973.27649776935,36581.181849463246,151449.8248545526,48406.1341029342,,,,,,,,,,,,,,,,,,,,,,,,,,,,,,,,,,,,,,,,,,,,,,,,,,,,,,,,,,,,,,,,,,,,,,,,,,,,,,,,,,,,,,,,,,,,,,,,,,,,,,,,,,,,,,,,0.0,0.0,0.0,0.0,0.0,0.0,0.0,0.0,0.0,0.0,0.0,0.0,0.0,0.0,0.0,0.0,0.0,0.0,0.16281302273273468,0.0,0.0,0.0,0.0,0.0,0.0,0.0,0.0,0.0,0.0,0.0,0.0,0.0,0.0,0.0,0.0,0.0,0.0,0.0,0.0,0.0,0.0,0.0,0.0,0.0,0.0,0.0,0.0,0.0,0.011218912899494171,0.0,0.0,0.0,0.0,0.0,0.0,0.0,0.0,0.0,0.07207216322422028,0.0,0.0,0.0,0.0,0.10112308710813522,0.0,0.0,0.0,0.0,0.0,0.0,0.0,0.0,0.0,0.0,0.0,0.0,0.0,0.0,0.0,0.0,0.0,0.0,0.0,0.0,0.0,0.0,0.0,0.0,0.0,0.0,0.0,0.0,0.0,0.0,0.0,0.0,0.0,0.0,0.0,0.0,0.0,0.0,0.0,0.0,0.0,0.0,0.0,0.0,0.0,0.0,0.0,0.0,0.0,0.0,0.0,0.0,0.0,0.0,0.0,0.0,0.0,0.0,0.0,0.0,0.26394033432006836,0.0,0.0,0.0,0.0,0.0,0.0,0.0,0.0,0.0,0.0,0.0,0.0,0.0,0.0,0.0,0.0,0.0,0.0,0.0,0.0,0.0,0.0,0.0,0.0,0.0,0.0,0.0,0.0,0.0,0.0,0.0,0.0,0.0,0.0,0.0,0.0,0.0,0.0,0.0,0.0,0.0,0.0,0.0,0.0,0.0,0.0,0.0,0.0,0.0,0.0,0.0,0.0,0.0,0.0,0.0,0.0,0.0,0.0,0.0,0.0,0.0770663246512413,0.0,0.0,0.0,0.0,0.0,0.0,0.0,0.0,0.0,0.0,0.0,0.0,0.0,0.0,0.0,0.0,0.0,0.0,0.0,0.029194079339504242,0.0,0.0,0.0,0.0,0.0,0.0,0.0,0.0,0.0,0.0,0.0,0.0,0.0,0.11741958558559418,0.0,0.0,0.0,0.0,0.0,0.0,0.0,0.0,0.0,0.0,0.051610805094242096,0.0,0.0,0.0,0.0,0.0,0.0,0.0,0.0,0.02343638800084591,0.0,0.0,0.0,0.0,0.0,0.0,0.0,0.0,0.0,0.0,0.0,0.0,0.0,0.0,0.0,0.0,0.0,0.0,0.0,0.0,0.0,0.0,0.0,0.0,0.0,0.0,0.0,0.0,0.0,0.0,0.0,0.0,0.0,0.0,0.0,0.0,0.0,0.0,0.0,0.0,0.0,0.0,0.0,0.0,0.0,0.0,0.0,0.0,0.0,0.0,0.08408462256193161,0.0,0.0,0.0,0.0,0.0,0.0,0.0,0.0,0.0,0.0,0.0,0.0,0.0,0.0,0.0,0.0,0.0,0.0,0.0,0.0,0.0,0.0,0.0,0.0,0.0,0.0,0.0,0.0,0.0,0.0,0.0,0.0,0.0,0.0,0.0,0.0,0.0,0.0,0.0,0.0,0.0,0.0,0.0,0.0,0.0,0.0,0.0,0.0,0.0,0.0,0.0,0.0,0.0,0.0,0.0,0.0,0.0,0.0,0.0,0.0,0.0,0.0,0.0,0.0,0.0,0.0,0.0,0.0,0.0,0.0,0.0,0.0,0.0,0.0,0.0,0.0,0.0,0.0,0.0,0.0,0.0,0.0,0.0,0.0,0.0,0.0,0.0,0.0,0.0030055337119847536,0.0,0.0,0.0,0.0,0.0,0.0,0.0,0.0,0.0,0.0,0.0,0.0,0.0,0.0,0.0,0.0,0.0,0.0,0.0,0.0,0.0,0.0,0.0,0.0,0.0,0.0,0.0,0.0,0.0,0.0,0.0,0.0,0.0,0.0,0.0,0.0,0.0,0.0,0.0,0.0,0.0,0.0,0.0,0.0,0.0,0.0,0.0,0.0,0.0,0.0,0.0,0.0,0.0,0.0,0.0,0.0,0.0,0.0,0.0,0.0,0.0,0.0,0.0,0.0,0.0,0.0,0.0,0.0,0.0,0.0,0.0,0.0,0.0,0.0,0.003015188267454505,0.0,0.0,0.0,0.0,0.0,0.0,0.0,0.0,0.0,0.0,0.0,0.0,0.0,0.0,0.0,0.0,0.0,0.0,0.0,0.0,0.0,0.0,0.0,0.0,0.0,0.0,0.0,0.0,0.0,0.0,0.0,0.0,0.0,0.0,0.0,0.0,0.0,0.0,0.0,0.0,0.0,0.0,0.0,0.0,0.0,,,,,,,,,,,,,,,,,,,,,,,,,,,,,,,,,,,,,,,,,,,,,,,,,,,,,,,,,,,,,,,,,,,,,,,,,,,,,,,,,,,,,,,,,,,,,,,,,,,,,,,,,,,,,,,,,,,,,,,,,,,,,,,,,,,,,,,,,,,,,,,,,,,,,,,,,,,,,,,,,,,,,,,,,,,,,,,,,,,,,,,,,,,,,,,,,,,,,,,,,,,,,,,,,,,,,,,,,,,,,,,,,,,,,,,,,,,,,,,,,,,,,,,,,,,,,,,,,,,,,,,,,,,,
2019-04-16,1232925.0578932962,3887.061309177776,26453.26669990329,56271.73372382129,104028.21877143555,47665.73695522805,25181.280947099807,59446.704913270456,10296.862237996704,38609.74571244747,153543.9378801729,48402.76330874418,,,,,,,,,,,,,,,,,,,,,,,,,,,,,,,,,,,,,,,,,,,,,,,,,,,,,,,,,,,,,,,,,,,,,,,,,,,,,,,,,,,,,,,,,,,,,,,,,,,,,,,,,,,,,,,,0.0,0.0,0.0,0.0,0.0,0.0,0.0,0.0,0.0,0.0,0.0,0.0,0.0,0.0,0.0,0.0,0.0,0.0,0.16281302273273468,0.0,0.0,0.0,0.0,0.0,0.0,0.0,0.0,0.0,0.0,0.0,0.0,0.0,0.0,0.0,0.0,0.0,0.0,0.0,0.0,0.0,0.0,0.0,0.0,0.0,0.0,0.0,0.0,0.0,0.011218912899494171,0.0,0.0,0.0,0.0,0.0,0.0,0.0,0.0,0.0,0.07207216322422028,0.0,0.0,0.0,0.0,0.10112308710813522,0.0,0.0,0.0,0.0,0.0,0.0,0.0,0.0,0.0,0.0,0.0,0.0,0.0,0.0,0.0,0.0,0.0,0.0,0.0,0.0,0.0,0.0,0.0,0.0,0.0,0.0,0.0,0.0,0.0,0.0,0.0,0.0,0.0,0.0,0.0,0.0,0.0,0.0,0.0,0.0,0.0,0.0,0.0,0.0,0.0,0.0,0.0,0.0,0.0,0.0,0.0,0.0,0.0,0.0,0.0,0.0,0.0,0.0,0.0,0.0,0.26394033432006836,0.0,0.0,0.0,0.0,0.0,0.0,0.0,0.0,0.0,0.0,0.0,0.0,0.0,0.0,0.0,0.0,0.0,0.0,0.0,0.0,0.0,0.0,0.0,0.0,0.0,0.0,0.0,0.0,0.0,0.0,0.0,0.0,0.0,0.0,0.0,0.0,0.0,0.0,0.0,0.0,0.0,0.0,0.0,0.0,0.0,0.0,0.0,0.0,0.0,0.0,0.0,0.0,0.0,0.0,0.0,0.0,0.0,0.0,0.0,0.0,0.0770663246512413,0.0,0.0,0.0,0.0,0.0,0.0,0.0,0.0,0.0,0.0,0.0,0.0,0.0,0.0,0.0,0.0,0.0,0.0,0.0,0.029194079339504242,0.0,0.0,0.0,0.0,0.0,0.0,0.0,0.0,0.0,0.0,0.0,0.0,0.0,0.11741958558559418,0.0,0.0,0.0,0.0,0.0,0.0,0.0,0.0,0.0,0.0,0.051610805094242096,0.0,0.0,0.0,0.0,0.0,0.0,0.0,0.0,0.02343638800084591,0.0,0.0,0.0,0.0,0.0,0.0,0.0,0.0,0.0,0.0,0.0,0.0,0.0,0.0,0.0,0.0,0.0,0.0,0.0,0.0,0.0,0.0,0.0,0.0,0.0,0.0,0.0,0.0,0.0,0.0,0.0,0.0,0.0,0.0,0.0,0.0,0.0,0.0,0.0,0.0,0.0,0.0,0.0,0.0,0.0,0.0,0.0,0.0,0.0,0.0,0.08408462256193161,0.0,0.0,0.0,0.0,0.0,0.0,0.0,0.0,0.0,0.0,0.0,0.0,0.0,0.0,0.0,0.0,0.0,0.0,0.0,0.0,0.0,0.0,0.0,0.0,0.0,0.0,0.0,0.0,0.0,0.0,0.0,0.0,0.0,0.0,0.0,0.0,0.0,0.0,0.0,0.0,0.0,0.0,0.0,0.0,0.0,0.0,0.0,0.0,0.0,0.0,0.0,0.0,0.0,0.0,0.0,0.0,0.0,0.0,0.0,0.0,0.0,0.0,0.0,0.0,0.0,0.0,0.0,0.0,0.0,0.0,0.0,0.0,0.0,0.0,0.0,0.0,0.0,0.0,0.0,0.0,0.0,0.0,0.0,0.0,0.0,0.0,0.0,0.0,0.0030055337119847536,0.0,0.0,0.0,0.0,0.0,0.0,0.0,0.0,0.0,0.0,0.0,0.0,0.0,0.0,0.0,0.0,0.0,0.0,0.0,0.0,0.0,0.0,0.0,0.0,0.0,0.0,0.0,0.0,0.0,0.0,0.0,0.0,0.0,0.0,0.0,0.0,0.0,0.0,0.0,0.0,0.0,0.0,0.0,0.0,0.0,0.0,0.0,0.0,0.0,0.0,0.0,0.0,0.0,0.0,0.0,0.0,0.0,0.0,0.0,0.0,0.0,0.0,0.0,0.0,0.0,0.0,0.0,0.0,0.0,0.0,0.0,0.0,0.0,0.0,0.003015188267454505,0.0,0.0,0.0,0.0,0.0,0.0,0.0,0.0,0.0,0.0,0.0,0.0,0.0,0.0,0.0,0.0,0.0,0.0,0.0,0.0,0.0,0.0,0.0,0.0,0.0,0.0,0.0,0.0,0.0,0.0,0.0,0.0,0.0,0.0,0.0,0.0,0.0,0.0,0.0,0.0,0.0,0.0,0.0,0.0,0.0,,,,,,,,,,,,,,,,,,,,,,,,,,,,,,,,,,,,,,,,,,,,,,,,,,,,,,,,,,,,,,,,,,,,,,,,,,,,,,,,,,,,,,,,,,,,,,,,,,,,,,,,,,,,,,,,,,,,,,,,,,,,,,,,,,,,,,,,,,,,,,,,,,,,,,,,,,,,,,,,,,,,,,,,,,,,,,,,,,,,,,,,,,,,,,,,,,,,,,,,,,,,,,,,,,,,,,,,,,,,,,,,,,,,,,,,,,,,,,,,,,,,,,,,,,,,,,,,,,,,,,,,,,,,
2019-04-17,1236664.2127963745,4896.80236711409,26138.34685823778,55965.761150571736,102161.96952545106,47626.232922182586,24778.894676598615,60280.20433618083,10783.281270296851,38609.74571244747,151333.59989536586,48406.58718011426,,,,,,,,,,,,,,,,,,,,,,,,,,,,,,,,,,,,,,,,,,,,,,,,,,,,,,,,,,,,,,,,,,,,,,,,,,,,,,,,,,,,,,,,,,,,,,,,,,,,,,,,,,,,,,,,0.0,0.0,0.0,0.0,0.0,0.0,0.0,0.0,0.0,0.0,0.0,0.0,0.0,0.0,0.0,0.0,0.0,0.0,0.16281302273273468,0.0,0.0,0.0,0.0,0.0,0.0,0.0,0.0,0.0,0.0,0.0,0.0,0.0,0.0,0.0,0.0,0.0,0.0,0.0,0.0,0.0,0.0,0.0,0.0,0.0,0.0,0.0,0.0,0.0,0.011218912899494171,0.0,0.0,0.0,0.0,0.0,0.0,0.0,0.0,0.0,0.07207216322422028,0.0,0.0,0.0,0.0,0.10112308710813522,0.0,0.0,0.0,0.0,0.0,0.0,0.0,0.0,0.0,0.0,0.0,0.0,0.0,0.0,0.0,0.0,0.0,0.0,0.0,0.0,0.0,0.0,0.0,0.0,0.0,0.0,0.0,0.0,0.0,0.0,0.0,0.0,0.0,0.0,0.0,0.0,0.0,0.0,0.0,0.0,0.0,0.0,0.0,0.0,0.0,0.0,0.0,0.0,0.0,0.0,0.0,0.0,0.0,0.0,0.0,0.0,0.0,0.0,0.0,0.0,0.26394033432006836,0.0,0.0,0.0,0.0,0.0,0.0,0.0,0.0,0.0,0.0,0.0,0.0,0.0,0.0,0.0,0.0,0.0,0.0,0.0,0.0,0.0,0.0,0.0,0.0,0.0,0.0,0.0,0.0,0.0,0.0,0.0,0.0,0.0,0.0,0.0,0.0,0.0,0.0,0.0,0.0,0.0,0.0,0.0,0.0,0.0,0.0,0.0,0.0,0.0,0.0,0.0,0.0,0.0,0.0,0.0,0.0,0.0,0.0,0.0,0.0,0.0770663246512413,0.0,0.0,0.0,0.0,0.0,0.0,0.0,0.0,0.0,0.0,0.0,0.0,0.0,0.0,0.0,0.0,0.0,0.0,0.0,0.029194079339504242,0.0,0.0,0.0,0.0,0.0,0.0,0.0,0.0,0.0,0.0,0.0,0.0,0.0,0.11741958558559418,0.0,0.0,0.0,0.0,0.0,0.0,0.0,0.0,0.0,0.0,0.051610805094242096,0.0,0.0,0.0,0.0,0.0,0.0,0.0,0.0,0.02343638800084591,0.0,0.0,0.0,0.0,0.0,0.0,0.0,0.0,0.0,0.0,0.0,0.0,0.0,0.0,0.0,0.0,0.0,0.0,0.0,0.0,0.0,0.0,0.0,0.0,0.0,0.0,0.0,0.0,0.0,0.0,0.0,0.0,0.0,0.0,0.0,0.0,0.0,0.0,0.0,0.0,0.0,0.0,0.0,0.0,0.0,0.0,0.0,0.0,0.0,0.0,0.08408462256193161,0.0,0.0,0.0,0.0,0.0,0.0,0.0,0.0,0.0,0.0,0.0,0.0,0.0,0.0,0.0,0.0,0.0,0.0,0.0,0.0,0.0,0.0,0.0,0.0,0.0,0.0,0.0,0.0,0.0,0.0,0.0,0.0,0.0,0.0,0.0,0.0,0.0,0.0,0.0,0.0,0.0,0.0,0.0,0.0,0.0,0.0,0.0,0.0,0.0,0.0,0.0,0.0,0.0,0.0,0.0,0.0,0.0,0.0,0.0,0.0,0.0,0.0,0.0,0.0,0.0,0.0,0.0,0.0,0.0,0.0,0.0,0.0,0.0,0.0,0.0,0.0,0.0,0.0,0.0,0.0,0.0,0.0,0.0,0.0,0.0,0.0,0.0,0.0,0.0030055337119847536,0.0,0.0,0.0,0.0,0.0,0.0,0.0,0.0,0.0,0.0,0.0,0.0,0.0,0.0,0.0,0.0,0.0,0.0,0.0,0.0,0.0,0.0,0.0,0.0,0.0,0.0,0.0,0.0,0.0,0.0,0.0,0.0,0.0,0.0,0.0,0.0,0.0,0.0,0.0,0.0,0.0,0.0,0.0,0.0,0.0,0.0,0.0,0.0,0.0,0.0,0.0,0.0,0.0,0.0,0.0,0.0,0.0,0.0,0.0,0.0,0.0,0.0,0.0,0.0,0.0,0.0,0.0,0.0,0.0,0.0,0.0,0.0,0.0,0.0,0.003015188267454505,0.0,0.0,0.0,0.0,0.0,0.0,0.0,0.0,0.0,0.0,0.0,0.0,0.0,0.0,0.0,0.0,0.0,0.0,0.0,0.0,0.0,0.0,0.0,0.0,0.0,0.0,0.0,0.0,0.0,0.0,0.0,0.0,0.0,0.0,0.0,0.0,0.0,0.0,0.0,0.0,0.0,0.0,0.0,0.0,0.0,,,,,,,,,,,,,,,,,,,,,,,,,,,,,,,,,,,,,,,,,,,,,,,,,,,,,,,,,,,,,,,,,,,,,,,,,,,,,,,,,,,,,,,,,,,,,,,,,,,,,,,,,,,,,,,,,,,,,,,,,,,,,,,,,,,,,,,,,,,,,,,,,,,,,,,,,,,,,,,,,,,,,,,,,,,,,,,,,,,,,,,,,,,,,,,,,,,,,,,,,,,,,,,,,,,,,,,,,,,,,,,,,,,,,,,,,,,,,,,,,,,,,,,,,,,,,,,,,,,,,,,,,,,,
2019-04-18,1227004.0871795465,7311.584756276886,26138.52594112403,56574.49086980358,102162.77595480217,47656.573776649784,24494.123431402535,58624.8755665977,11027.625914078815,38609.74571244747,149316.17209647127,48406.33777878227,,,,,,,,,,,,,,,,,,,,,,,,,,,,,,,,,,,,,,,,,,,,,,,,,,,,,,,,,,,,,,,,,,,,,,,,,,,,,,,,,,,,,,,,,,,,,,,,,,,,,,,,,,,,,,,,0.0,0.0,0.0,0.0,0.0,0.0,0.0,0.0,0.0,0.0,0.0,0.0,0.0,0.0,0.0,0.0,0.0,0.0,0.16281302273273468,0.0,0.0,0.0,0.0,0.0,0.0,0.0,0.0,0.0,0.0,0.0,0.0,0.0,0.0,0.0,0.0,0.0,0.0,0.0,0.0,0.0,0.0,0.0,0.0,0.0,0.0,0.0,0.0,0.0,0.011218912899494171,0.0,0.0,0.0,0.0,0.0,0.0,0.0,0.0,0.0,0.07207216322422028,0.0,0.0,0.0,0.0,0.10112308710813522,0.0,0.0,0.0,0.0,0.0,0.0,0.0,0.0,0.0,0.0,0.0,0.0,0.0,0.0,0.0,0.0,0.0,0.0,0.0,0.0,0.0,0.0,0.0,0.0,0.0,0.0,0.0,0.0,0.0,0.0,0.0,0.0,0.0,0.0,0.0,0.0,0.0,0.0,0.0,0.0,0.0,0.0,0.0,0.0,0.0,0.0,0.0,0.0,0.0,0.0,0.0,0.0,0.0,0.0,0.0,0.0,0.0,0.0,0.0,0.0,0.26394033432006836,0.0,0.0,0.0,0.0,0.0,0.0,0.0,0.0,0.0,0.0,0.0,0.0,0.0,0.0,0.0,0.0,0.0,0.0,0.0,0.0,0.0,0.0,0.0,0.0,0.0,0.0,0.0,0.0,0.0,0.0,0.0,0.0,0.0,0.0,0.0,0.0,0.0,0.0,0.0,0.0,0.0,0.0,0.0,0.0,0.0,0.0,0.0,0.0,0.0,0.0,0.0,0.0,0.0,0.0,0.0,0.0,0.0,0.0,0.0,0.0,0.0770663246512413,0.0,0.0,0.0,0.0,0.0,0.0,0.0,0.0,0.0,0.0,0.0,0.0,0.0,0.0,0.0,0.0,0.0,0.0,0.0,0.029194079339504242,0.0,0.0,0.0,0.0,0.0,0.0,0.0,0.0,0.0,0.0,0.0,0.0,0.0,0.11741958558559418,0.0,0.0,0.0,0.0,0.0,0.0,0.0,0.0,0.0,0.0,0.051610805094242096,0.0,0.0,0.0,0.0,0.0,0.0,0.0,0.0,0.02343638800084591,0.0,0.0,0.0,0.0,0.0,0.0,0.0,0.0,0.0,0.0,0.0,0.0,0.0,0.0,0.0,0.0,0.0,0.0,0.0,0.0,0.0,0.0,0.0,0.0,0.0,0.0,0.0,0.0,0.0,0.0,0.0,0.0,0.0,0.0,0.0,0.0,0.0,0.0,0.0,0.0,0.0,0.0,0.0,0.0,0.0,0.0,0.0,0.0,0.0,0.0,0.08408462256193161,0.0,0.0,0.0,0.0,0.0,0.0,0.0,0.0,0.0,0.0,0.0,0.0,0.0,0.0,0.0,0.0,0.0,0.0,0.0,0.0,0.0,0.0,0.0,0.0,0.0,0.0,0.0,0.0,0.0,0.0,0.0,0.0,0.0,0.0,0.0,0.0,0.0,0.0,0.0,0.0,0.0,0.0,0.0,0.0,0.0,0.0,0.0,0.0,0.0,0.0,0.0,0.0,0.0,0.0,0.0,0.0,0.0,0.0,0.0,0.0,0.0,0.0,0.0,0.0,0.0,0.0,0.0,0.0,0.0,0.0,0.0,0.0,0.0,0.0,0.0,0.0,0.0,0.0,0.0,0.0,0.0,0.0,0.0,0.0,0.0,0.0,0.0,0.0,0.0030055337119847536,0.0,0.0,0.0,0.0,0.0,0.0,0.0,0.0,0.0,0.0,0.0,0.0,0.0,0.0,0.0,0.0,0.0,0.0,0.0,0.0,0.0,0.0,0.0,0.0,0.0,0.0,0.0,0.0,0.0,0.0,0.0,0.0,0.0,0.0,0.0,0.0,0.0,0.0,0.0,0.0,0.0,0.0,0.0,0.0,0.0,0.0,0.0,0.0,0.0,0.0,0.0,0.0,0.0,0.0,0.0,0.0,0.0,0.0,0.0,0.0,0.0,0.0,0.0,0.0,0.0,0.0,0.0,0.0,0.0,0.0,0.0,0.0,0.0,0.0,0.003015188267454505,0.0,0.0,0.0,0.0,0.0,0.0,0.0,0.0,0.0,0.0,0.0,0.0,0.0,0.0,0.0,0.0,0.0,0.0,0.0,0.0,0.0,0.0,0.0,0.0,0.0,0.0,0.0,0.0,0.0,0.0,0.0,0.0,0.0,0.0,0.0,0.0,0.0,0.0,0.0,0.0,0.0,0.0,0.0,0.0,0.0,,,,,,,,,,,,,,,,,,,,,,,,,,,,,,,,,,,,,,,,,,,,,,,,,,,,,,,,,,,,,,,,,,,,,,,,,,,,,,,,,,,,,,,,,,,,,,,,,,,,,,,,,,,,,,,,,,,,,,,,,,,,,,,,,,,,,,,,,,,,,,,,,,,,,,,,,,,,,,,,,,,,,,,,,,,,,,,,,,,,,,,,,,,,,,,,,,,,,,,,,,,,,,,,,,,,,,,,,,,,,,,,,,,,,,,,,,,,,,,,,,,,,,,,,,,,,,,,,,,,,,,,,,,,
2019-04-19,1228251.9686088713,770.8529341447271,26453.331251033564,55964.09943892086,102149.06118867407,47428.61369843909,24493.10509433605,59450.57166122395,10946.147885331564,40642.21294569659,149316.17209647127,48402.626159364285,,,,,,,,,,,,,,,,,,,,,,,,,,,,,,,,,,,,,,,,,,,,,,,,,,,,,,,,,,,,,,,,,,,,,,,,,,,,,,,,,,,,,,,,,,,,,,,,,,,,,,,,,,,,,,,,0.0,0.0,0.0,0.0,0.0,0.0,0.0,0.0,0.0,0.0,0.0,0.0,0.0,0.0,0.0,0.0,0.0,0.0,0.16281302273273468,0.0,0.0,0.0,0.0,0.0,0.0,0.0,0.0,0.0,0.0,0.0,0.0,0.0,0.0,0.0,0.0,0.0,0.0,0.0,0.0,0.0,0.0,0.0,0.0,0.0,0.0,0.0,0.0,0.0,0.011218912899494171,0.0,0.0,0.0,0.0,0.0,0.0,0.0,0.0,0.0,0.07207216322422028,0.0,0.0,0.0,0.0,0.10112308710813522,0.0,0.0,0.0,0.0,0.0,0.0,0.0,0.0,0.0,0.0,0.0,0.0,0.0,0.0,0.0,0.0,0.0,0.0,0.0,0.0,0.0,0.0,0.0,0.0,0.0,0.0,0.0,0.0,0.0,0.0,0.0,0.0,0.0,0.0,0.0,0.0,0.0,0.0,0.0,0.0,0.0,0.0,0.0,0.0,0.0,0.0,0.0,0.0,0.0,0.0,0.0,0.0,0.0,0.0,0.0,0.0,0.0,0.0,0.0,0.0,0.26394033432006836,0.0,0.0,0.0,0.0,0.0,0.0,0.0,0.0,0.0,0.0,0.0,0.0,0.0,0.0,0.0,0.0,0.0,0.0,0.0,0.0,0.0,0.0,0.0,0.0,0.0,0.0,0.0,0.0,0.0,0.0,0.0,0.0,0.0,0.0,0.0,0.0,0.0,0.0,0.0,0.0,0.0,0.0,0.0,0.0,0.0,0.0,0.0,0.0,0.0,0.0,0.0,0.0,0.0,0.0,0.0,0.0,0.0,0.0,0.0,0.0,0.0770663246512413,0.0,0.0,0.0,0.0,0.0,0.0,0.0,0.0,0.0,0.0,0.0,0.0,0.0,0.0,0.0,0.0,0.0,0.0,0.0,0.029194079339504242,0.0,0.0,0.0,0.0,0.0,0.0,0.0,0.0,0.0,0.0,0.0,0.0,0.0,0.11741958558559418,0.0,0.0,0.0,0.0,0.0,0.0,0.0,0.0,0.0,0.0,0.051610805094242096,0.0,0.0,0.0,0.0,0.0,0.0,0.0,0.0,0.02343638800084591,0.0,0.0,0.0,0.0,0.0,0.0,0.0,0.0,0.0,0.0,0.0,0.0,0.0,0.0,0.0,0.0,0.0,0.0,0.0,0.0,0.0,0.0,0.0,0.0,0.0,0.0,0.0,0.0,0.0,0.0,0.0,0.0,0.0,0.0,0.0,0.0,0.0,0.0,0.0,0.0,0.0,0.0,0.0,0.0,0.0,0.0,0.0,0.0,0.0,0.0,0.08408462256193161,0.0,0.0,0.0,0.0,0.0,0.0,0.0,0.0,0.0,0.0,0.0,0.0,0.0,0.0,0.0,0.0,0.0,0.0,0.0,0.0,0.0,0.0,0.0,0.0,0.0,0.0,0.0,0.0,0.0,0.0,0.0,0.0,0.0,0.0,0.0,0.0,0.0,0.0,0.0,0.0,0.0,0.0,0.0,0.0,0.0,0.0,0.0,0.0,0.0,0.0,0.0,0.0,0.0,0.0,0.0,0.0,0.0,0.0,0.0,0.0,0.0,0.0,0.0,0.0,0.0,0.0,0.0,0.0,0.0,0.0,0.0,0.0,0.0,0.0,0.0,0.0,0.0,0.0,0.0,0.0,0.0,0.0,0.0,0.0,0.0,0.0,0.0,0.0,0.0030055337119847536,0.0,0.0,0.0,0.0,0.0,0.0,0.0,0.0,0.0,0.0,0.0,0.0,0.0,0.0,0.0,0.0,0.0,0.0,0.0,0.0,0.0,0.0,0.0,0.0,0.0,0.0,0.0,0.0,0.0,0.0,0.0,0.0,0.0,0.0,0.0,0.0,0.0,0.0,0.0,0.0,0.0,0.0,0.0,0.0,0.0,0.0,0.0,0.0,0.0,0.0,0.0,0.0,0.0,0.0,0.0,0.0,0.0,0.0,0.0,0.0,0.0,0.0,0.0,0.0,0.0,0.0,0.0,0.0,0.0,0.0,0.0,0.0,0.0,0.0,0.003015188267454505,0.0,0.0,0.0,0.0,0.0,0.0,0.0,0.0,0.0,0.0,0.0,0.0,0.0,0.0,0.0,0.0,0.0,0.0,0.0,0.0,0.0,0.0,0.0,0.0,0.0,0.0,0.0,0.0,0.0,0.0,0.0,0.0,0.0,0.0,0.0,0.0,0.0,0.0,0.0,0.0,0.0,0.0,0.0,0.0,0.0,,,,,,,,,,,,,,,,,,,,,,,,,,,,,,,,,,,,,,,,,,,,,,,,,,,,,,,,,,,,,,,,,,,,,,,,,,,,,,,,,,,,,,,,,,,,,,,,,,,,,,,,,,,,,,,,,,,,,,,,,,,,,,,,,,,,,,,,,,,,,,,,,,,,,,,,,,,,,,,,,,,,,,,,,,,,,,,,,,,,,,,,,,,,,,,,,,,,,,,,,,,,,,,,,,,,,,,,,,,,,,,,,,,,,,,,,,,,,,,,,,,,,,,,,,,,,,,,,,,,,,,,,,,,
2019-04-22,1209300.8245290222,633.364541163208,26138.177590368297,56582.226608591365,101205.11936086987,47261.08353783941,24323.18622221493,58633.3270030195,11351.51139534443,40647.72713592893,149316.17209647127,48402.48069875007,,,,,,,,,,,,,,,,,,,,,,,,,,,,,,,,,,,,,,,,,,,,,,,,,,,,,,,,,,,,,,,,,,,,,,,,,,,,,,,,,,,,,,,,,,,,,,,,,,,,,,,,,,,,,,,,0.0,0.0,0.0,0.0,0.0,0.0,0.0,0.0,0.0,0.0,0.0,0.0,0.0,0.0,0.0,0.0,0.0,0.0,0.16281302273273468,0.0,0.0,0.0,0.0,0.0,0.0,0.0,0.0,0.0,0.0,0.0,0.0,0.0,0.0,0.0,0.0,0.0,0.0,0.0,0.0,0.0,0.0,0.0,0.0,0.0,0.0,0.0,0.0,0.0,0.011218912899494171,0.0,0.0,0.0,0.0,0.0,0.0,0.0,0.0,0.0,0.07207216322422028,0.0,0.0,0.0,0.0,0.10112308710813522,0.0,0.0,0.0,0.0,0.0,0.0,0.0,0.0,0.0,0.0,0.0,0.0,0.0,0.0,0.0,0.0,0.0,0.0,0.0,0.0,0.0,0.0,0.0,0.0,0.0,0.0,0.0,0.0,0.0,0.0,0.0,0.0,0.0,0.0,0.0,0.0,0.0,0.0,0.0,0.0,0.0,0.0,0.0,0.0,0.0,0.0,0.0,0.0,0.0,0.0,0.0,0.0,0.0,0.0,0.0,0.0,0.0,0.0,0.0,0.0,0.26394033432006836,0.0,0.0,0.0,0.0,0.0,0.0,0.0,0.0,0.0,0.0,0.0,0.0,0.0,0.0,0.0,0.0,0.0,0.0,0.0,0.0,0.0,0.0,0.0,0.0,0.0,0.0,0.0,0.0,0.0,0.0,0.0,0.0,0.0,0.0,0.0,0.0,0.0,0.0,0.0,0.0,0.0,0.0,0.0,0.0,0.0,0.0,0.0,0.0,0.0,0.0,0.0,0.0,0.0,0.0,0.0,0.0,0.0,0.0,0.0,0.0,0.0770663246512413,0.0,0.0,0.0,0.0,0.0,0.0,0.0,0.0,0.0,0.0,0.0,0.0,0.0,0.0,0.0,0.0,0.0,0.0,0.0,0.029194079339504242,0.0,0.0,0.0,0.0,0.0,0.0,0.0,0.0,0.0,0.0,0.0,0.0,0.0,0.11741958558559418,0.0,0.0,0.0,0.0,0.0,0.0,0.0,0.0,0.0,0.0,0.051610805094242096,0.0,0.0,0.0,0.0,0.0,0.0,0.0,0.0,0.02343638800084591,0.0,0.0,0.0,0.0,0.0,0.0,0.0,0.0,0.0,0.0,0.0,0.0,0.0,0.0,0.0,0.0,0.0,0.0,0.0,0.0,0.0,0.0,0.0,0.0,0.0,0.0,0.0,0.0,0.0,0.0,0.0,0.0,0.0,0.0,0.0,0.0,0.0,0.0,0.0,0.0,0.0,0.0,0.0,0.0,0.0,0.0,0.0,0.0,0.0,0.0,0.08408462256193161,0.0,0.0,0.0,0.0,0.0,0.0,0.0,0.0,0.0,0.0,0.0,0.0,0.0,0.0,0.0,0.0,0.0,0.0,0.0,0.0,0.0,0.0,0.0,0.0,0.0,0.0,0.0,0.0,0.0,0.0,0.0,0.0,0.0,0.0,0.0,0.0,0.0,0.0,0.0,0.0,0.0,0.0,0.0,0.0,0.0,0.0,0.0,0.0,0.0,0.0,0.0,0.0,0.0,0.0,0.0,0.0,0.0,0.0,0.0,0.0,0.0,0.0,0.0,0.0,0.0,0.0,0.0,0.0,0.0,0.0,0.0,0.0,0.0,0.0,0.0,0.0,0.0,0.0,0.0,0.0,0.0,0.0,0.0,0.0,0.0,0.0,0.0,0.0,0.0030055337119847536,0.0,0.0,0.0,0.0,0.0,0.0,0.0,0.0,0.0,0.0,0.0,0.0,0.0,0.0,0.0,0.0,0.0,0.0,0.0,0.0,0.0,0.0,0.0,0.0,0.0,0.0,0.0,0.0,0.0,0.0,0.0,0.0,0.0,0.0,0.0,0.0,0.0,0.0,0.0,0.0,0.0,0.0,0.0,0.0,0.0,0.0,0.0,0.0,0.0,0.0,0.0,0.0,0.0,0.0,0.0,0.0,0.0,0.0,0.0,0.0,0.0,0.0,0.0,0.0,0.0,0.0,0.0,0.0,0.0,0.0,0.0,0.0,0.0,0.0,0.003015188267454505,0.0,0.0,0.0,0.0,0.0,0.0,0.0,0.0,0.0,0.0,0.0,0.0,0.0,0.0,0.0,0.0,0.0,0.0,0.0,0.0,0.0,0.0,0.0,0.0,0.0,0.0,0.0,0.0,0.0,0.0,0.0,0.0,0.0,0.0,0.0,0.0,0.0,0.0,0.0,0.0,0.0,0.0,0.0,0.0,0.0,,,,,,,,,,,,,,,,,,,,,,,,,,,,,,,,,,,,,,,,,,,,,,,,,,,,,,,,,,,,,,,,,,,,,,,,,,,,,,,,,,,,,,,,,,,,,,,,,,,,,,,,,,,,,,,,,,,,,,,,,,,,,,,,,,,,,,,,,,,,,,,,,,,,,,,,,,,,,,,,,,,,,,,,,,,,,,,,,,,,,,,,,,,,,,,,,,,,,,,,,,,,,,,,,,,,,,,,,,,,,,,,,,,,,,,,,,,,,,,,,,,,,,,,,,,,,,,,,,,,,,,,,,,,
2019-04-23,1197803.3703638588,2589.7619823018285,26138.177590368297,56268.14482552916,101193.56684059443,47061.679884005796,24033.3879666861,59447.63548388702,11431.78257306937,40643.00367237648,147130.91825921732,48405.15315755022,,,,,,,,,,,,,,,,,,,,,,,,,,,,,,,,,,,,,,,,,,,,,,,,,,,,,,,,,,,,,,,,,,,,,,,,,,,,,,,,,,,,,,,,,,,,,,,,,,,,,,,,,,,,,,,,0.0,0.0,0.0,0.0,0.0,0.0,0.0,0.0,0.0,0.0,0.0,0.0,0.0,0.0,0.0,0.0,0.0,0.0,0.16281302273273468,0.0,0.0,0.0,0.0,0.0,0.0,0.0,0.0,0.0,0.0,0.0,0.0,0.0,0.0,0.0,0.0,0.0,0.0,0.0,0.0,0.0,0.0,0.0,0.0,0.0,0.0,0.0,0.0,0.0,0.011218912899494171,0.0,0.0,0.0,0.0,0.0,0.0,0.0,0.0,0.0,0.07207216322422028,0.0,0.0,0.0,0.0,0.10112308710813522,0.0,0.0,0.0,0.0,0.0,0.0,0.0,0.0,0.0,0.0,0.0,0.0,0.0,0.0,0.0,0.0,0.0,0.0,0.0,0.0,0.0,0.0,0.0,0.0,0.0,0.0,0.0,0.0,0.0,0.0,0.0,0.0,0.0,0.0,0.0,0.0,0.0,0.0,0.0,0.0,0.0,0.0,0.0,0.0,0.0,0.0,0.0,0.0,0.0,0.0,0.0,0.0,0.0,0.0,0.0,0.0,0.0,0.0,0.0,0.0,0.26394033432006836,0.0,0.0,0.0,0.0,0.0,0.0,0.0,0.0,0.0,0.0,0.0,0.0,0.0,0.0,0.0,0.0,0.0,0.0,0.0,0.0,0.0,0.0,0.0,0.0,0.0,0.0,0.0,0.0,0.0,0.0,0.0,0.0,0.0,0.0,0.0,0.0,0.0,0.0,0.0,0.0,0.0,0.0,0.0,0.0,0.0,0.0,0.0,0.0,0.0,0.0,0.0,0.0,0.0,0.0,0.0,0.0,0.0,0.0,0.0,0.0,0.0770663246512413,0.0,0.0,0.0,0.0,0.0,0.0,0.0,0.0,0.0,0.0,0.0,0.0,0.0,0.0,0.0,0.0,0.0,0.0,0.0,0.029194079339504242,0.0,0.0,0.0,0.0,0.0,0.0,0.0,0.0,0.0,0.0,0.0,0.0,0.0,0.11741958558559418,0.0,0.0,0.0,0.0,0.0,0.0,0.0,0.0,0.0,0.0,0.051610805094242096,0.0,0.0,0.0,0.0,0.0,0.0,0.0,0.0,0.02343638800084591,0.0,0.0,0.0,0.0,0.0,0.0,0.0,0.0,0.0,0.0,0.0,0.0,0.0,0.0,0.0,0.0,0.0,0.0,0.0,0.0,0.0,0.0,0.0,0.0,0.0,0.0,0.0,0.0,0.0,0.0,0.0,0.0,0.0,0.0,0.0,0.0,0.0,0.0,0.0,0.0,0.0,0.0,0.0,0.0,0.0,0.0,0.0,0.0,0.0,0.0,0.08408462256193161,0.0,0.0,0.0,0.0,0.0,0.0,0.0,0.0,0.0,0.0,0.0,0.0,0.0,0.0,0.0,0.0,0.0,0.0,0.0,0.0,0.0,0.0,0.0,0.0,0.0,0.0,0.0,0.0,0.0,0.0,0.0,0.0,0.0,0.0,0.0,0.0,0.0,0.0,0.0,0.0,0.0,0.0,0.0,0.0,0.0,0.0,0.0,0.0,0.0,0.0,0.0,0.0,0.0,0.0,0.0,0.0,0.0,0.0,0.0,0.0,0.0,0.0,0.0,0.0,0.0,0.0,0.0,0.0,0.0,0.0,0.0,0.0,0.0,0.0,0.0,0.0,0.0,0.0,0.0,0.0,0.0,0.0,0.0,0.0,0.0,0.0,0.0,0.0,0.0030055337119847536,0.0,0.0,0.0,0.0,0.0,0.0,0.0,0.0,0.0,0.0,0.0,0.0,0.0,0.0,0.0,0.0,0.0,0.0,0.0,0.0,0.0,0.0,0.0,0.0,0.0,0.0,0.0,0.0,0.0,0.0,0.0,0.0,0.0,0.0,0.0,0.0,0.0,0.0,0.0,0.0,0.0,0.0,0.0,0.0,0.0,0.0,0.0,0.0,0.0,0.0,0.0,0.0,0.0,0.0,0.0,0.0,0.0,0.0,0.0,0.0,0.0,0.0,0.0,0.0,0.0,0.0,0.0,0.0,0.0,0.0,0.0,0.0,0.0,0.0,0.003015188267454505,0.0,0.0,0.0,0.0,0.0,0.0,0.0,0.0,0.0,0.0,0.0,0.0,0.0,0.0,0.0,0.0,0.0,0.0,0.0,0.0,0.0,0.0,0.0,0.0,0.0,0.0,0.0,0.0,0.0,0.0,0.0,0.0,0.0,0.0,0.0,0.0,0.0,0.0,0.0,0.0,0.0,0.0,0.0,0.0,0.0,,,,,,,,,,,,,,,,,,,,,,,,,,,,,,,,,,,,,,,,,,,,,,,,,,,,,,,,,,,,,,,,,,,,,,,,,,,,,,,,,,,,,,,,,,,,,,,,,,,,,,,,,,,,,,,,,,,,,,,,,,,,,,,,,,,,,,,,,,,,,,,,,,,,,,,,,,,,,,,,,,,,,,,,,,,,,,,,,,,,,,,,,,,,,,,,,,,,,,,,,,,,,,,,,,,,,,,,,,,,,,,,,,,,,,,,,,,,,,,,,,,,,,,,,,,,,,,,,,,,,,,,,,,,
2019-04-24,1206221.616918002,1057.643419426215,26453.542285773332,56572.50542816135,101191.48481500294,47254.75079548401,23347.96413311669,60270.009709114915,11431.820139440337,40646.022254391864,148174.399948999,48401.85315012252,,,,,,,,,,,,,,,,,,,,,,,,,,,,,,,,,,,,,,,,,,,,,,,,,,,,,,,,,,,,,,,,,,,,,,,,,,,,,,,,,,,,,,,,,,,,,,,,,,,,,,,,,,,,,,,,0.0,0.0,0.0,0.0,0.0,0.0,0.0,0.0,0.0,0.0,0.0,0.0,0.0,0.0,0.0,0.0,0.0,0.0,0.16281302273273468,0.0,0.0,0.0,0.0,0.0,0.0,0.0,0.0,0.0,0.0,0.0,0.0,0.0,0.0,0.0,0.0,0.0,0.0,0.0,0.0,0.0,0.0,0.0,0.0,0.0,0.0,0.0,0.0,0.0,0.011218912899494171,0.0,0.0,0.0,0.0,0.0,0.0,0.0,0.0,0.0,0.07207216322422028,0.0,0.0,0.0,0.0,0.10112308710813522,0.0,0.0,0.0,0.0,0.0,0.0,0.0,0.0,0.0,0.0,0.0,0.0,0.0,0.0,0.0,0.0,0.0,0.0,0.0,0.0,0.0,0.0,0.0,0.0,0.0,0.0,0.0,0.0,0.0,0.0,0.0,0.0,0.0,0.0,0.0,0.0,0.0,0.0,0.0,0.0,0.0,0.0,0.0,0.0,0.0,0.0,0.0,0.0,0.0,0.0,0.0,0.0,0.0,0.0,0.0,0.0,0.0,0.0,0.0,0.0,0.26394033432006836,0.0,0.0,0.0,0.0,0.0,0.0,0.0,0.0,0.0,0.0,0.0,0.0,0.0,0.0,0.0,0.0,0.0,0.0,0.0,0.0,0.0,0.0,0.0,0.0,0.0,0.0,0.0,0.0,0.0,0.0,0.0,0.0,0.0,0.0,0.0,0.0,0.0,0.0,0.0,0.0,0.0,0.0,0.0,0.0,0.0,0.0,0.0,0.0,0.0,0.0,0.0,0.0,0.0,0.0,0.0,0.0,0.0,0.0,0.0,0.0,0.0770663246512413,0.0,0.0,0.0,0.0,0.0,0.0,0.0,0.0,0.0,0.0,0.0,0.0,0.0,0.0,0.0,0.0,0.0,0.0,0.0,0.029194079339504242,0.0,0.0,0.0,0.0,0.0,0.0,0.0,0.0,0.0,0.0,0.0,0.0,0.0,0.11741958558559418,0.0,0.0,0.0,0.0,0.0,0.0,0.0,0.0,0.0,0.0,0.051610805094242096,0.0,0.0,0.0,0.0,0.0,0.0,0.0,0.0,0.02343638800084591,0.0,0.0,0.0,0.0,0.0,0.0,0.0,0.0,0.0,0.0,0.0,0.0,0.0,0.0,0.0,0.0,0.0,0.0,0.0,0.0,0.0,0.0,0.0,0.0,0.0,0.0,0.0,0.0,0.0,0.0,0.0,0.0,0.0,0.0,0.0,0.0,0.0,0.0,0.0,0.0,0.0,0.0,0.0,0.0,0.0,0.0,0.0,0.0,0.0,0.0,0.08408462256193161,0.0,0.0,0.0,0.0,0.0,0.0,0.0,0.0,0.0,0.0,0.0,0.0,0.0,0.0,0.0,0.0,0.0,0.0,0.0,0.0,0.0,0.0,0.0,0.0,0.0,0.0,0.0,0.0,0.0,0.0,0.0,0.0,0.0,0.0,0.0,0.0,0.0,0.0,0.0,0.0,0.0,0.0,0.0,0.0,0.0,0.0,0.0,0.0,0.0,0.0,0.0,0.0,0.0,0.0,0.0,0.0,0.0,0.0,0.0,0.0,0.0,0.0,0.0,0.0,0.0,0.0,0.0,0.0,0.0,0.0,0.0,0.0,0.0,0.0,0.0,0.0,0.0,0.0,0.0,0.0,0.0,0.0,0.0,0.0,0.0,0.0,0.0,0.0,0.0030055337119847536,0.0,0.0,0.0,0.0,0.0,0.0,0.0,0.0,0.0,0.0,0.0,0.0,0.0,0.0,0.0,0.0,0.0,0.0,0.0,0.0,0.0,0.0,0.0,0.0,0.0,0.0,0.0,0.0,0.0,0.0,0.0,0.0,0.0,0.0,0.0,0.0,0.0,0.0,0.0,0.0,0.0,0.0,0.0,0.0,0.0,0.0,0.0,0.0,0.0,0.0,0.0,0.0,0.0,0.0,0.0,0.0,0.0,0.0,0.0,0.0,0.0,0.0,0.0,0.0,0.0,0.0,0.0,0.0,0.0,0.0,0.0,0.0,0.0,0.0,0.003015188267454505,0.0,0.0,0.0,0.0,0.0,0.0,0.0,0.0,0.0,0.0,0.0,0.0,0.0,0.0,0.0,0.0,0.0,0.0,0.0,0.0,0.0,0.0,0.0,0.0,0.0,0.0,0.0,0.0,0.0,0.0,0.0,0.0,0.0,0.0,0.0,0.0,0.0,0.0,0.0,0.0,0.0,0.0,0.0,0.0,0.0,,,,,,,,,,,,,,,,,,,,,,,,,,,,,,,,,,,,,,,,,,,,,,,,,,,,,,,,,,,,,,,,,,,,,,,,,,,,,,,,,,,,,,,,,,,,,,,,,,,,,,,,,,,,,,,,,,,,,,,,,,,,,,,,,,,,,,,,,,,,,,,,,,,,,,,,,,,,,,,,,,,,,,,,,,,,,,,,,,,,,,,,,,,,,,,,,,,,,,,,,,,,,,,,,,,,,,,,,,,,,,,,,,,,,,,,,,,,,,,,,,,,,,,,,,,,,,,,,,,,,,,,,,,,
2019-04-25,1173862.2055309892,840.1881295554597,26138.47687707552,55646.22699137208,101192.51155664207,47643.523315085324,24033.76429626456,60269.24534252079,11269.629628770512,40642.8129105949,149363.9652262156,48401.753408793025,,,,,,,,,,,,,,,,,,,,,,,,,,,,,,,,,,,,,,,,,,,,,,,,,,,,,,,,,,,,,,,,,,,,,,,,,,,,,,,,,,,,,,,,,,,,,,,,,,,,,,,,,,,,,,,,0.0,0.0,0.0,0.0,0.0,0.0,0.0,0.0,0.0,0.0,0.0,0.0,0.0,0.0,0.0,0.0,0.0,0.0,0.16281302273273468,0.0,0.0,0.0,0.0,0.0,0.0,0.0,0.0,0.0,0.0,0.0,0.0,0.0,0.0,0.0,0.0,0.0,0.0,0.0,0.0,0.0,0.0,0.0,0.0,0.0,0.0,0.0,0.0,0.0,0.011218912899494171,0.0,0.0,0.0,0.0,0.0,0.0,0.0,0.0,0.0,0.07207216322422028,0.0,0.0,0.0,0.0,0.10112308710813522,0.0,0.0,0.0,0.0,0.0,0.0,0.0,0.0,0.0,0.0,0.0,0.0,0.0,0.0,0.0,0.0,0.0,0.0,0.0,0.0,0.0,0.0,0.0,0.0,0.0,0.0,0.0,0.0,0.0,0.0,0.0,0.0,0.0,0.0,0.0,0.0,0.0,0.0,0.0,0.0,0.0,0.0,0.0,0.0,0.0,0.0,0.0,0.0,0.0,0.0,0.0,0.0,0.0,0.0,0.0,0.0,0.0,0.0,0.0,0.0,0.26394033432006836,0.0,0.0,0.0,0.0,0.0,0.0,0.0,0.0,0.0,0.0,0.0,0.0,0.0,0.0,0.0,0.0,0.0,0.0,0.0,0.0,0.0,0.0,0.0,0.0,0.0,0.0,0.0,0.0,0.0,0.0,0.0,0.0,0.0,0.0,0.0,0.0,0.0,0.0,0.0,0.0,0.0,0.0,0.0,0.0,0.0,0.0,0.0,0.0,0.0,0.0,0.0,0.0,0.0,0.0,0.0,0.0,0.0,0.0,0.0,0.0,0.0770663246512413,0.0,0.0,0.0,0.0,0.0,0.0,0.0,0.0,0.0,0.0,0.0,0.0,0.0,0.0,0.0,0.0,0.0,0.0,0.0,0.029194079339504242,0.0,0.0,0.0,0.0,0.0,0.0,0.0,0.0,0.0,0.0,0.0,0.0,0.0,0.11741958558559418,0.0,0.0,0.0,0.0,0.0,0.0,0.0,0.0,0.0,0.0,0.051610805094242096,0.0,0.0,0.0,0.0,0.0,0.0,0.0,0.0,0.02343638800084591,0.0,0.0,0.0,0.0,0.0,0.0,0.0,0.0,0.0,0.0,0.0,0.0,0.0,0.0,0.0,0.0,0.0,0.0,0.0,0.0,0.0,0.0,0.0,0.0,0.0,0.0,0.0,0.0,0.0,0.0,0.0,0.0,0.0,0.0,0.0,0.0,0.0,0.0,0.0,0.0,0.0,0.0,0.0,0.0,0.0,0.0,0.0,0.0,0.0,0.0,0.08408462256193161,0.0,0.0,0.0,0.0,0.0,0.0,0.0,0.0,0.0,0.0,0.0,0.0,0.0,0.0,0.0,0.0,0.0,0.0,0.0,0.0,0.0,0.0,0.0,0.0,0.0,0.0,0.0,0.0,0.0,0.0,0.0,0.0,0.0,0.0,0.0,0.0,0.0,0.0,0.0,0.0,0.0,0.0,0.0,0.0,0.0,0.0,0.0,0.0,0.0,0.0,0.0,0.0,0.0,0.0,0.0,0.0,0.0,0.0,0.0,0.0,0.0,0.0,0.0,0.0,0.0,0.0,0.0,0.0,0.0,0.0,0.0,0.0,0.0,0.0,0.0,0.0,0.0,0.0,0.0,0.0,0.0,0.0,0.0,0.0,0.0,0.0,0.0,0.0,0.0030055337119847536,0.0,0.0,0.0,0.0,0.0,0.0,0.0,0.0,0.0,0.0,0.0,0.0,0.0,0.0,0.0,0.0,0.0,0.0,0.0,0.0,0.0,0.0,0.0,0.0,0.0,0.0,0.0,0.0,0.0,0.0,0.0,0.0,0.0,0.0,0.0,0.0,0.0,0.0,0.0,0.0,0.0,0.0,0.0,0.0,0.0,0.0,0.0,0.0,0.0,0.0,0.0,0.0,0.0,0.0,0.0,0.0,0.0,0.0,0.0,0.0,0.0,0.0,0.0,0.0,0.0,0.0,0.0,0.0,0.0,0.0,0.0,0.0,0.0,0.0,0.003015188267454505,0.0,0.0,0.0,0.0,0.0,0.0,0.0,0.0,0.0,0.0,0.0,0.0,0.0,0.0,0.0,0.0,0.0,0.0,0.0,0.0,0.0,0.0,0.0,0.0,0.0,0.0,0.0,0.0,0.0,0.0,0.0,0.0,0.0,0.0,0.0,0.0,0.0,0.0,0.0,0.0,0.0,0.0,0.0,0.0,0.0,,,,,,,,,,,,,,,,,,,,,,,,,,,,,,,,,,,,,,,,,,,,,,,,,,,,,,,,,,,,,,,,,,,,,,,,,,,,,,,,,,,,,,,,,,,,,,,,,,,,,,,,,,,,,,,,,,,,,,,,,,,,,,,,,,,,,,,,,,,,,,,,,,,,,,,,,,,,,,,,,,,,,,,,,,,,,,,,,,,,,,,,,,,,,,,,,,,,,,,,,,,,,,,,,,,,,,,,,,,,,,,,,,,,,,,,,,,,,,,,,,,,,,,,,,,,,,,,,,,,,,,,,,,,
2019-04-26,1165887.0626365584,7136.469392157784,26138.47687707552,55953.69088036176,99325.99212615463,47062.97231047971,23976.40447694173,61075.09642857078,11189.736312912235,38611.29778629839,152438.10081980316,48399.80437948182,,,,,,,,,,,,,,,,,,,,,,,,,,,,,,,,,,,,,,,,,,,,,,,,,,,,,,,,,,,,,,,,,,,,,,,,,,,,,,,,,,,,,,,,,,,,,,,,,,,,,,,,,,,,,,,,0.0,0.0,0.0,0.0,0.0,0.0,0.0,0.0,0.0,0.0,0.0,0.0,0.0,0.0,0.0,0.0,0.0,0.0,0.16281302273273468,0.0,0.0,0.0,0.0,0.0,0.0,0.0,0.0,0.0,0.0,0.0,0.0,0.0,0.0,0.0,0.0,0.0,0.0,0.0,0.0,0.0,0.0,0.0,0.0,0.0,0.0,0.0,0.0,0.0,0.011218912899494171,0.0,0.0,0.0,0.0,0.0,0.0,0.0,0.0,0.0,0.07207216322422028,0.0,0.0,0.0,0.0,0.10112308710813522,0.0,0.0,0.0,0.0,0.0,0.0,0.0,0.0,0.0,0.0,0.0,0.0,0.0,0.0,0.0,0.0,0.0,0.0,0.0,0.0,0.0,0.0,0.0,0.0,0.0,0.0,0.0,0.0,0.0,0.0,0.0,0.0,0.0,0.0,0.0,0.0,0.0,0.0,0.0,0.0,0.0,0.0,0.0,0.0,0.0,0.0,0.0,0.0,0.0,0.0,0.0,0.0,0.0,0.0,0.0,0.0,0.0,0.0,0.0,0.0,0.26394033432006836,0.0,0.0,0.0,0.0,0.0,0.0,0.0,0.0,0.0,0.0,0.0,0.0,0.0,0.0,0.0,0.0,0.0,0.0,0.0,0.0,0.0,0.0,0.0,0.0,0.0,0.0,0.0,0.0,0.0,0.0,0.0,0.0,0.0,0.0,0.0,0.0,0.0,0.0,0.0,0.0,0.0,0.0,0.0,0.0,0.0,0.0,0.0,0.0,0.0,0.0,0.0,0.0,0.0,0.0,0.0,0.0,0.0,0.0,0.0,0.0,0.0770663246512413,0.0,0.0,0.0,0.0,0.0,0.0,0.0,0.0,0.0,0.0,0.0,0.0,0.0,0.0,0.0,0.0,0.0,0.0,0.0,0.029194079339504242,0.0,0.0,0.0,0.0,0.0,0.0,0.0,0.0,0.0,0.0,0.0,0.0,0.0,0.11741958558559418,0.0,0.0,0.0,0.0,0.0,0.0,0.0,0.0,0.0,0.0,0.051610805094242096,0.0,0.0,0.0,0.0,0.0,0.0,0.0,0.0,0.02343638800084591,0.0,0.0,0.0,0.0,0.0,0.0,0.0,0.0,0.0,0.0,0.0,0.0,0.0,0.0,0.0,0.0,0.0,0.0,0.0,0.0,0.0,0.0,0.0,0.0,0.0,0.0,0.0,0.0,0.0,0.0,0.0,0.0,0.0,0.0,0.0,0.0,0.0,0.0,0.0,0.0,0.0,0.0,0.0,0.0,0.0,0.0,0.0,0.0,0.0,0.0,0.08408462256193161,0.0,0.0,0.0,0.0,0.0,0.0,0.0,0.0,0.0,0.0,0.0,0.0,0.0,0.0,0.0,0.0,0.0,0.0,0.0,0.0,0.0,0.0,0.0,0.0,0.0,0.0,0.0,0.0,0.0,0.0,0.0,0.0,0.0,0.0,0.0,0.0,0.0,0.0,0.0,0.0,0.0,0.0,0.0,0.0,0.0,0.0,0.0,0.0,0.0,0.0,0.0,0.0,0.0,0.0,0.0,0.0,0.0,0.0,0.0,0.0,0.0,0.0,0.0,0.0,0.0,0.0,0.0,0.0,0.0,0.0,0.0,0.0,0.0,0.0,0.0,0.0,0.0,0.0,0.0,0.0,0.0,0.0,0.0,0.0,0.0,0.0,0.0,0.0,0.0030055337119847536,0.0,0.0,0.0,0.0,0.0,0.0,0.0,0.0,0.0,0.0,0.0,0.0,0.0,0.0,0.0,0.0,0.0,0.0,0.0,0.0,0.0,0.0,0.0,0.0,0.0,0.0,0.0,0.0,0.0,0.0,0.0,0.0,0.0,0.0,0.0,0.0,0.0,0.0,0.0,0.0,0.0,0.0,0.0,0.0,0.0,0.0,0.0,0.0,0.0,0.0,0.0,0.0,0.0,0.0,0.0,0.0,0.0,0.0,0.0,0.0,0.0,0.0,0.0,0.0,0.0,0.0,0.0,0.0,0.0,0.0,0.0,0.0,0.0,0.0,0.003015188267454505,0.0,0.0,0.0,0.0,0.0,0.0,0.0,0.0,0.0,0.0,0.0,0.0,0.0,0.0,0.0,0.0,0.0,0.0,0.0,0.0,0.0,0.0,0.0,0.0,0.0,0.0,0.0,0.0,0.0,0.0,0.0,0.0,0.0,0.0,0.0,0.0,0.0,0.0,0.0,0.0,0.0,0.0,0.0,0.0,0.0,,,,,,,,,,,,,,,,,,,,,,,,,,,,,,,,,,,,,,,,,,,,,,,,,,,,,,,,,,,,,,,,,,,,,,,,,,,,,,,,,,,,,,,,,,,,,,,,,,,,,,,,,,,,,,,,,,,,,,,,,,,,,,,,,,,,,,,,,,,,,,,,,,,,,,,,,,,,,,,,,,,,,,,,,,,,,,,,,,,,,,,,,,,,,,,,,,,,,,,,,,,,,,,,,,,,,,,,,,,,,,,,,,,,,,,,,,,,,,,,,,,,,,,,,,,,,,,,,,,,,,,,,,,,
2019-04-29,1162751.1818320788,1545.2647199497255,26453.457871473373,57189.71397374091,97424.13275884182,47628.9482711177,24034.793100149473,62725.313604868395,11189.736312912235,38610.94117825185,151408.37370110306,48399.99137975074,,,,,,,,,,,,,,,,,,,,,,,,,,,,,,,,,,,,,,,,,,,,,,,,,,,,,,,,,,,,,,,,,,,,,,,,,,,,,,,,,,,,,,,,,,,,,,,,,,,,,,,,,,,,,,,,0.0,0.0,0.0,0.0,0.0,0.0,0.0,0.0,0.0,0.0,0.0,0.0,0.0,0.0,0.0,0.0,0.0,0.0,0.16281302273273468,0.0,0.0,0.0,0.0,0.0,0.0,0.0,0.0,0.0,0.0,0.0,0.0,0.0,0.0,0.0,0.0,0.0,0.0,0.0,0.0,0.0,0.0,0.0,0.0,0.0,0.0,0.0,0.0,0.0,0.011218912899494171,0.0,0.0,0.0,0.0,0.0,0.0,0.0,0.0,0.0,0.07207216322422028,0.0,0.0,0.0,0.0,0.10112308710813522,0.0,0.0,0.0,0.0,0.0,0.0,0.0,0.0,0.0,0.0,0.0,0.0,0.0,0.0,0.0,0.0,0.0,0.0,0.0,0.0,0.0,0.0,0.0,0.0,0.0,0.0,0.0,0.0,0.0,0.0,0.0,0.0,0.0,0.0,0.0,0.0,0.0,0.0,0.0,0.0,0.0,0.0,0.0,0.0,0.0,0.0,0.0,0.0,0.0,0.0,0.0,0.0,0.0,0.0,0.0,0.0,0.0,0.0,0.0,0.0,0.26394033432006836,0.0,0.0,0.0,0.0,0.0,0.0,0.0,0.0,0.0,0.0,0.0,0.0,0.0,0.0,0.0,0.0,0.0,0.0,0.0,0.0,0.0,0.0,0.0,0.0,0.0,0.0,0.0,0.0,0.0,0.0,0.0,0.0,0.0,0.0,0.0,0.0,0.0,0.0,0.0,0.0,0.0,0.0,0.0,0.0,0.0,0.0,0.0,0.0,0.0,0.0,0.0,0.0,0.0,0.0,0.0,0.0,0.0,0.0,0.0,0.0,0.0770663246512413,0.0,0.0,0.0,0.0,0.0,0.0,0.0,0.0,0.0,0.0,0.0,0.0,0.0,0.0,0.0,0.0,0.0,0.0,0.0,0.029194079339504242,0.0,0.0,0.0,0.0,0.0,0.0,0.0,0.0,0.0,0.0,0.0,0.0,0.0,0.11741958558559418,0.0,0.0,0.0,0.0,0.0,0.0,0.0,0.0,0.0,0.0,0.051610805094242096,0.0,0.0,0.0,0.0,0.0,0.0,0.0,0.0,0.02343638800084591,0.0,0.0,0.0,0.0,0.0,0.0,0.0,0.0,0.0,0.0,0.0,0.0,0.0,0.0,0.0,0.0,0.0,0.0,0.0,0.0,0.0,0.0,0.0,0.0,0.0,0.0,0.0,0.0,0.0,0.0,0.0,0.0,0.0,0.0,0.0,0.0,0.0,0.0,0.0,0.0,0.0,0.0,0.0,0.0,0.0,0.0,0.0,0.0,0.0,0.0,0.08408462256193161,0.0,0.0,0.0,0.0,0.0,0.0,0.0,0.0,0.0,0.0,0.0,0.0,0.0,0.0,0.0,0.0,0.0,0.0,0.0,0.0,0.0,0.0,0.0,0.0,0.0,0.0,0.0,0.0,0.0,0.0,0.0,0.0,0.0,0.0,0.0,0.0,0.0,0.0,0.0,0.0,0.0,0.0,0.0,0.0,0.0,0.0,0.0,0.0,0.0,0.0,0.0,0.0,0.0,0.0,0.0,0.0,0.0,0.0,0.0,0.0,0.0,0.0,0.0,0.0,0.0,0.0,0.0,0.0,0.0,0.0,0.0,0.0,0.0,0.0,0.0,0.0,0.0,0.0,0.0,0.0,0.0,0.0,0.0,0.0,0.0,0.0,0.0,0.0,0.0030055337119847536,0.0,0.0,0.0,0.0,0.0,0.0,0.0,0.0,0.0,0.0,0.0,0.0,0.0,0.0,0.0,0.0,0.0,0.0,0.0,0.0,0.0,0.0,0.0,0.0,0.0,0.0,0.0,0.0,0.0,0.0,0.0,0.0,0.0,0.0,0.0,0.0,0.0,0.0,0.0,0.0,0.0,0.0,0.0,0.0,0.0,0.0,0.0,0.0,0.0,0.0,0.0,0.0,0.0,0.0,0.0,0.0,0.0,0.0,0.0,0.0,0.0,0.0,0.0,0.0,0.0,0.0,0.0,0.0,0.0,0.0,0.0,0.0,0.0,0.0,0.003015188267454505,0.0,0.0,0.0,0.0,0.0,0.0,0.0,0.0,0.0,0.0,0.0,0.0,0.0,0.0,0.0,0.0,0.0,0.0,0.0,0.0,0.0,0.0,0.0,0.0,0.0,0.0,0.0,0.0,0.0,0.0,0.0,0.0,0.0,0.0,0.0,0.0,0.0,0.0,0.0,0.0,0.0,0.0,0.0,0.0,0.0,,,,,,,,,,,,,,,,,,,,,,,,,,,,,,,,,,,,,,,,,,,,,,,,,,,,,,,,,,,,,,,,,,,,,,,,,,,,,,,,,,,,,,,,,,,,,,,,,,,,,,,,,,,,,,,,,,,,,,,,,,,,,,,,,,,,,,,,,,,,,,,,,,,,,,,,,,,,,,,,,,,,,,,,,,,,,,,,,,,,,,,,,,,,,,,,,,,,,,,,,,,,,,,,,,,,,,,,,,,,,,,,,,,,,,,,,,,,,,,,,,,,,,,,,,,,,,,,,,,,,,,,,,,,
2019-04-30,1178805.8619194296,7763.849063603634,26768.384806812162,57189.71397374091,97424.13275884182,47460.17119472684,24036.101418883733,62725.313604868395,11188.945711821036,36577.73690233576,150348.305335521,48405.76832204081,,,,,,,,,,,,,,,,,,,,,,,,,,,,,,,,,,,,,,,,,,,,,,,,,,,,,,,,,,,,,,,,,,,,,,,,,,,,,,,,,,,,,,,,,,,,,,,,,,,,,,,,,,,,,,,,0.0,0.0,0.0,0.0,0.0,0.0,0.0,0.0,0.0,0.0,0.0,0.0,0.0,0.0,0.0,0.0,0.0,0.0,0.16281302273273468,0.0,0.0,0.0,0.0,0.0,0.0,0.0,0.0,0.0,0.0,0.0,0.0,0.0,0.0,0.0,0.0,0.0,0.0,0.0,0.0,0.0,0.0,0.0,0.0,0.0,0.0,0.0,0.0,0.0,0.011218912899494171,0.0,0.0,0.0,0.0,0.0,0.0,0.0,0.0,0.0,0.07207216322422028,0.0,0.0,0.0,0.0,0.10112308710813522,0.0,0.0,0.0,0.0,0.0,0.0,0.0,0.0,0.0,0.0,0.0,0.0,0.0,0.0,0.0,0.0,0.0,0.0,0.0,0.0,0.0,0.0,0.0,0.0,0.0,0.0,0.0,0.0,0.0,0.0,0.0,0.0,0.0,0.0,0.0,0.0,0.0,0.0,0.0,0.0,0.0,0.0,0.0,0.0,0.0,0.0,0.0,0.0,0.0,0.0,0.0,0.0,0.0,0.0,0.0,0.0,0.0,0.0,0.0,0.0,0.26394033432006836,0.0,0.0,0.0,0.0,0.0,0.0,0.0,0.0,0.0,0.0,0.0,0.0,0.0,0.0,0.0,0.0,0.0,0.0,0.0,0.0,0.0,0.0,0.0,0.0,0.0,0.0,0.0,0.0,0.0,0.0,0.0,0.0,0.0,0.0,0.0,0.0,0.0,0.0,0.0,0.0,0.0,0.0,0.0,0.0,0.0,0.0,0.0,0.0,0.0,0.0,0.0,0.0,0.0,0.0,0.0,0.0,0.0,0.0,0.0,0.0,0.0770663246512413,0.0,0.0,0.0,0.0,0.0,0.0,0.0,0.0,0.0,0.0,0.0,0.0,0.0,0.0,0.0,0.0,0.0,0.0,0.0,0.029194079339504242,0.0,0.0,0.0,0.0,0.0,0.0,0.0,0.0,0.0,0.0,0.0,0.0,0.0,0.11741958558559418,0.0,0.0,0.0,0.0,0.0,0.0,0.0,0.0,0.0,0.0,0.051610805094242096,0.0,0.0,0.0,0.0,0.0,0.0,0.0,0.0,0.02343638800084591,0.0,0.0,0.0,0.0,0.0,0.0,0.0,0.0,0.0,0.0,0.0,0.0,0.0,0.0,0.0,0.0,0.0,0.0,0.0,0.0,0.0,0.0,0.0,0.0,0.0,0.0,0.0,0.0,0.0,0.0,0.0,0.0,0.0,0.0,0.0,0.0,0.0,0.0,0.0,0.0,0.0,0.0,0.0,0.0,0.0,0.0,0.0,0.0,0.0,0.0,0.08408462256193161,0.0,0.0,0.0,0.0,0.0,0.0,0.0,0.0,0.0,0.0,0.0,0.0,0.0,0.0,0.0,0.0,0.0,0.0,0.0,0.0,0.0,0.0,0.0,0.0,0.0,0.0,0.0,0.0,0.0,0.0,0.0,0.0,0.0,0.0,0.0,0.0,0.0,0.0,0.0,0.0,0.0,0.0,0.0,0.0,0.0,0.0,0.0,0.0,0.0,0.0,0.0,0.0,0.0,0.0,0.0,0.0,0.0,0.0,0.0,0.0,0.0,0.0,0.0,0.0,0.0,0.0,0.0,0.0,0.0,0.0,0.0,0.0,0.0,0.0,0.0,0.0,0.0,0.0,0.0,0.0,0.0,0.0,0.0,0.0,0.0,0.0,0.0,0.0,0.0030055337119847536,0.0,0.0,0.0,0.0,0.0,0.0,0.0,0.0,0.0,0.0,0.0,0.0,0.0,0.0,0.0,0.0,0.0,0.0,0.0,0.0,0.0,0.0,0.0,0.0,0.0,0.0,0.0,0.0,0.0,0.0,0.0,0.0,0.0,0.0,0.0,0.0,0.0,0.0,0.0,0.0,0.0,0.0,0.0,0.0,0.0,0.0,0.0,0.0,0.0,0.0,0.0,0.0,0.0,0.0,0.0,0.0,0.0,0.0,0.0,0.0,0.0,0.0,0.0,0.0,0.0,0.0,0.0,0.0,0.0,0.0,0.0,0.0,0.0,0.0,0.003015188267454505,0.0,0.0,0.0,0.0,0.0,0.0,0.0,0.0,0.0,0.0,0.0,0.0,0.0,0.0,0.0,0.0,0.0,0.0,0.0,0.0,0.0,0.0,0.0,0.0,0.0,0.0,0.0,0.0,0.0,0.0,0.0,0.0,0.0,0.0,0.0,0.0,0.0,0.0,0.0,0.0,0.0,0.0,0.0,0.0,0.0,,,,,,,,,,,,,,,,,,,,,,,,,,,,,,,,,,,,,,,,,,,,,,,,,,,,,,,,,,,,,,,,,,,,,,,,,,,,,,,,,,,,,,,,,,,,,,,,,,,,,,,,,,,,,,,,,,,,,,,,,,,,,,,,,,,,,,,,,,,,,,,,,,,,,,,,,,,,,,,,,,,,,,,,,,,,,,,,,,,,,,,,,,,,,,,,,,,,,,,,,,,,,,,,,,,,,,,,,,,,,,,,,,,,,,,,,,,,,,,,,,,,,,,,,,,,,,,,,,,,,,,,,,,,
2019-05-06,1118114.742637247,624.744441892326,,,,,,,,,,,23484.36777288843,15990.926169327975,140155.9245740313,19216.27835799905,38790.13178498105,14858.575167889034,39395.447227493336,11762.861956534389,167581.72338113535,41311.54381518901,,,,,,,,,,,,,,,,,,,,,,,,,,,,,,,,,,,,,,,,,,,,,,,,,,,,,,,,,,,,,,,,,,,,,,,,,,,,,,,,,,,,,,,,,,,,,,,,,,,,,,0.0,0.0,0.0,0.0,0.0,0.0,0.0,0.0,0.0,0.0,0.0,0.0,0.0,0.0,0.0,0.0,0.0,0.0,0.0,0.0,0.0,0.0,0.0,0.0,0.0,0.0,0.0,0.0,0.0,0.0,0.0,0.0,0.0,0.0,0.0,0.0014925755094736814,0.0,0.0,0.0,0.0,0.0,0.42577221989631653,0.0,0.0,0.0,0.0,0.0,0.0,0.0007615619688294828,0.0,0.0,0.0,0.0,0.0,0.0,0.0,0.0,0.0,0.0,0.0,0.0,0.0,0.0,0.0,0.0,0.0,0.0,0.0,0.0,0.0,0.0,0.0,0.0,0.0,0.0,0.0,0.0,0.0,0.0,0.0,0.0,0.007702184375375509,0.0,0.0,0.0,0.0,0.0,0.0,0.0,0.0,0.0,0.0,0.0,0.0,0.0,0.0,0.0,0.0,0.0,0.0,0.0,0.0,0.0,0.0,0.0,0.38806387782096863,0.0,0.0,0.0,0.0,0.0,0.0,0.0,0.0,0.0,0.0,0.0,0.0,0.0,0.0,0.0,0.0,0.0,0.0,0.0,0.0,0.0,0.0,0.011100648902356625,0.0,0.0,0.0,0.0,0.0,0.0,0.0,0.0,0.0,0.0,0.0,0.0,0.0,0.0,0.0,0.0,0.0,0.0,0.0,0.0,0.0,0.0,0.0,0.0,0.0,0.0,0.0,0.0,0.0,0.0,0.0,0.0,0.0,0.0,0.0,0.0,0.0,0.0,0.0,0.0,0.0,0.0,0.0,0.0,0.0,0.004008257761597633,0.0,0.0,0.0,0.0,0.0,0.0,0.0,0.0,0.0,0.0,0.0,0.0,0.0,0.0,0.0,0.0,0.0,0.0,0.0,0.0,0.0,0.0,0.0,0.0,0.0,0.0,0.0,0.0,0.0,0.0,0.0,0.0,0.0,0.0,0.0,0.0,0.0,0.0,0.0,0.0,0.0,0.0,0.0,0.0,0.0,0.0,0.0,0.0,0.0,0.0,0.0,0.0,0.0,0.0,0.0,0.0,0.0,0.0,0.0,0.0,0.0,0.0,0.0,0.0,0.0,0.0,0.0,0.0,0.0,0.0,0.0,0.0,0.0,0.0,0.0,0.0,0.0,0.0,0.0,0.0,0.0,0.0,0.0,0.0,0.0,0.0,0.0,0.0,0.0,0.0,0.0,0.0,0.0,0.0,0.0,0.0,0.0,0.0,0.0,0.0,0.0,0.0,0.0,0.0,0.0,0.0,0.0,0.0,0.0,0.0,0.0,0.0,0.0,0.0,0.0,0.0,0.0,0.0,0.0,0.0,0.0,0.0,0.0,0.0004329090006649494,0.0,0.0,0.0,0.0,0.0,0.0,0.0,0.0,0.0,0.0,0.0,0.0,0.0,0.0,0.0,0.0,0.0,0.0,0.0,0.0,0.0,0.0,0.0,0.0,0.0,0.0,0.0,0.0,0.0,0.0,0.010152582079172134,0.0,0.0,0.0,0.0,0.0,0.0,0.0,0.0,0.0,0.0,0.0,0.0,0.0,0.0,0.0,0.0,0.0,0.0,0.0,0.0,0.0,0.0,0.0,0.0,0.0,0.0,0.0,0.0,0.0,0.0,0.0,0.0,0.0,0.0,0.0020564899314194918,0.0,0.0,0.0,0.0,0.0,0.0,0.0,0.0,0.0,0.0,0.003099294612184167,0.0,0.0,0.0,0.0,0.0,0.0,0.0,0.0,0.0,0.0,0.0,0.0,0.0,0.0,0.0,0.0,0.010394110344350338,0.0,0.0,0.0,0.0,0.0,0.0,0.0,0.0,0.0,0.0,0.0,0.0,0.0,0.0,0.0,0.0,0.0,0.0,0.0,0.0,0.0,0.0,0.0,0.0,0.0,0.0,0.0,0.12396978586912155,0.0,0.0,0.0,0.0,0.0,0.0,0.0,0.0,0.0,0.00023576407693326473,0.0,0.0,0.0,0.0,0.0,0.0,0.0,0.0,0.0,0.0,0.0,0.0,0.0,0.0,0.0,0.0,0.0,0.0,0.0,0.0,0.0,0.0,0.0,0.0,0.0,0.0,0.0,0.0,0.0,0.0,0.0,0.0,0.0,0.0,0.0,0.0,0.0,0.0,0.0,0.0,0.0,0.0,0.0,0.0,0.0,0.0,0.0,0.0,0.009165654890239239,0.0,0.0,0.0015920894220471382,0.0,0.0,0.0,0.0,0.0,0.0,0.0,0.0,0.0,0.0,0.0,0.0,0.0,0.0,0.0,0.0,0.0,,,,,,,,,,,,,,,,,,,,,,,,,,,,,,,,,,,,,,,,,,,,,,,,,,,,,,,,,,,,,,,,,,,,,,,,,,,,,,,,,,,,,,,,,,,,,,,,,,,,,,,,,,,,,,,,,,,,,,,,,,,,,,,,,,,,,,,,,,,,,,,,,,,,,,,,,,,,,,,,,,,,,,,,,,,,,,,,,,,,,,,,,,,,,,,,,,,,,,,,,,,,,,,,,,,,,,,,,,,,,,,,,,,,,,,,,,,,,,,,,,,,,,,,,,,,,,,,,,,,,,,,,,,,
2019-05-07,1114728.5309581805,169.53478636211366,,,,,,,,,,,23476.480929509955,15990.971893919754,140148.79078163826,,38791.02058134946,,,,,,56986.54806883751,26385.82447693,26065.827684849774,17333.652674089295,90237.92204539727,55509.64683584763,,,,,,,,,,,,,,,,,,,,,,,,,,,,,,,,,,,,,,,,,,,,,,,,,,,,,,,,,,,,,,,,,,,,,,,,,,,,,,,,,,,,,,,,,,,,,,,,0.0,0.0,0.0,0.0,0.0,0.0017591469222679734,0.0,0.0,0.0,0.0,0.0,0.0,0.0,0.0,0.0,0.0,0.0,0.0,0.0,0.0,0.0,0.0,0.0,0.0,0.0013064012164250016,0.0,0.0,0.0036453166976571083,0.0,0.0,0.0,0.0035564147401601076,0.0,0.0,0.0,0.0,0.0,0.0,0.0,0.0,0.0,0.35433509945869446,0.0,0.0,0.0,0.0,0.0,0.0,0.000280939566437155,0.0,0.0,0.0,0.0,0.0,0.0,0.0,0.0,0.0,0.0,0.0,0.0,0.0,0.0,0.0,0.0,0.0,0.0,0.0,0.0,0.0,0.0,0.0,0.0,0.0,0.0,0.0,0.0,0.0,0.0,0.0,0.0,0.0002895304933190346,0.0,0.0,0.0,0.0,0.0,0.0,0.0,0.0004514709289651364,0.0,0.0,0.0,0.0,0.0,0.0,0.0,0.0,0.0,0.0,0.0,0.0,0.0,0.0,0.0,0.23673413693904877,0.0,0.0,0.0,0.0,0.0,0.0,0.0,0.0,0.0,0.0,0.0,0.0,0.0,0.0,0.006112119648605585,0.0,0.0,0.0,0.0,0.0,0.0,0.0,0.0,0.0,0.0,0.0,0.0,0.0,0.0009501978638581932,0.0,0.0,0.0,0.0,0.0,0.0,0.0,0.0,0.0,0.0,0.0,0.0,0.0,0.0,0.0,0.0,0.0,0.0,0.0,0.0,0.0,0.0,0.0,0.0,0.0,0.0,0.0,0.0,0.0,0.0,0.0,0.0,0.0,0.0,0.0,0.0,0.0004413347051013261,0.0014393494930118322,0.0,0.0,0.0,0.0,0.0,0.0,0.0,0.0,0.0,0.0,0.0,0.0,0.0,0.0,0.0,0.0,0.0,0.0,0.0,0.0,0.0,0.0010530672734603286,0.0,0.0,0.0,0.0,0.0,0.0,0.0,0.0,0.0,0.0,0.0,0.0,0.0,0.0,0.0,0.0004487152036745101,0.0,0.0,0.0,0.0,0.0,0.0,0.0,0.0,0.0,0.0,0.0,0.0,0.0,0.0,0.0,0.0,0.0,0.0,0.0,0.0,0.0,0.0,0.0,0.002649371512234211,0.0,0.0,0.0,0.0,0.0,0.0,0.0,1.6639629393466748e-05,0.0,0.0,0.0,0.0,0.0,0.0,0.0,0.0,0.0,0.0,0.0,0.0,0.0,0.0,0.0,0.0,0.0,0.0,0.0,0.0,0.0,0.0,0.0,0.0,0.0,0.0,0.0,0.0,0.0,0.0,0.0,0.0,0.0,0.0,0.0,0.0,0.0,0.0,0.0,0.0,0.0,0.0,0.0,0.0,0.0,0.0,0.0,0.0,0.0,0.0,0.0,0.0,0.0,0.0,0.0,0.0,0.0,0.0,0.0,0.0,0.0,0.0,0.0,0.00022665342839900404,0.0,0.0,0.0,0.0,0.0,0.0,0.0,0.0,0.0,0.0,0.0,0.0,0.0,0.0,0.0,0.0,0.0,0.0,0.0,0.0,0.0,0.0,0.0005905237630940974,0.0,0.0,0.0019058078760281205,0.0,0.0,0.0,0.0,0.0,0.0,0.0,0.0,0.0,0.0,0.0,0.0,0.0,0.0,0.0,0.0,0.0,0.0,0.0,0.0,0.0,0.0,0.0,0.0,0.0,0.0,0.0,0.0,0.0,0.0,0.0,0.0,0.0,0.0,0.0,0.0,0.0020384937524795532,0.0,0.0,0.0,0.0,0.0,0.0,0.0,0.0,0.0,0.0,0.0,0.0,0.0,0.0,0.0,0.0,0.0,0.0,0.0,0.0,0.0,0.0,0.27549755573272705,0.0,0.0,0.0,0.0,0.0,0.0,0.0,0.0,0.0009239051141776145,0.0,0.0,0.0,0.0,0.0,0.0,0.0,0.0,0.0,0.0,0.0,0.0,0.0,0.0,0.0,0.0,0.0,0.0,0.09578496962785721,0.0,0.0,0.0,0.0,0.0,0.0,0.0,0.0,0.0,0.0,0.0,0.0,0.0,0.0,0.0,0.0,0.0,0.0,0.0,0.0,0.0,0.0,0.0,0.0,0.0,0.0,0.0034059735480695963,0.0,0.0,0.0,0.0,0.0,0.0,0.0,0.0,0.0,0.0,0.0,0.0,0.0,0.0,0.0,0.0,0.0,0.0,0.0,0.0,0.0,0.0003127045347355306,0.0,0.0018471716903150082,0.0,0.0,0.0,0.0,0.0,0.0,0.0,0.0,0.0,0.0,0.0,0.0,0.0,0.0,0.0,0.0,0.0,0.0,0.0,0.0,0.0,0.0,0.0,0.0,0.0,0.0,0.0,0.00199695467017591,,,,,,,,,,,,,,,,,,,,,,,,,,,,,,,,,,,,,,,,,,,,,,,,,,,,,,,,,,,,,,,,,,,,,,,,,,,,,,,,,,,,,,,,,,,,,,,,,,,,,,,,,,,,,,,,,,,,,,,,,,,,,,,,,,,,,,,,,,,,,,,,,,,,,,,,,,,,,,,,,,,,,,,,,,,,,,,,,,,,,,,,,,,,,,,,,,,,,,,,,,,,,,,,,,,,,,,,,,,,,,,,,,,,,,,,,,,,,,,,,,,,,,,,,,,,,,,,,,,,,,,,,,,,
2019-05-08,1086174.4376329363,15318.722166709293,,,,,,,,,,,23476.480929509955,15990.971893919754,140148.79078163826,,38791.02058134946,,,,,,56997.72100627409,25496.876481904626,25542.37609397135,17333.35129163375,81777.76463014726,56439.394349664326,,,,,,,,,,,,,,,,,,,,,,,,,,,,,,,,,,,,,,,,,,,,,,,,,,,,,,,,,,,,,,,,,,,,,,,,,,,,,,,,,,,,,,,,,,,,,,,,0.0,0.0,0.0,0.0,0.0,0.0017591469222679734,0.0,0.0,0.0,0.0,0.0,0.0,0.0,0.0,0.0,0.0,0.0,0.0,0.0,0.0,0.0,0.0,0.0,0.0,0.0013064012164250016,0.0,0.0,0.0036453166976571083,0.0,0.0,0.0,0.0035564147401601076,0.0,0.0,0.0,0.0,0.0,0.0,0.0,0.0,0.0,0.35433509945869446,0.0,0.0,0.0,0.0,0.0,0.0,0.000280939566437155,0.0,0.0,0.0,0.0,0.0,0.0,0.0,0.0,0.0,0.0,0.0,0.0,0.0,0.0,0.0,0.0,0.0,0.0,0.0,0.0,0.0,0.0,0.0,0.0,0.0,0.0,0.0,0.0,0.0,0.0,0.0,0.0,0.0002895304933190346,0.0,0.0,0.0,0.0,0.0,0.0,0.0,0.0004514709289651364,0.0,0.0,0.0,0.0,0.0,0.0,0.0,0.0,0.0,0.0,0.0,0.0,0.0,0.0,0.0,0.23673413693904877,0.0,0.0,0.0,0.0,0.0,0.0,0.0,0.0,0.0,0.0,0.0,0.0,0.0,0.0,0.006112119648605585,0.0,0.0,0.0,0.0,0.0,0.0,0.0,0.0,0.0,0.0,0.0,0.0,0.0,0.0009501978638581932,0.0,0.0,0.0,0.0,0.0,0.0,0.0,0.0,0.0,0.0,0.0,0.0,0.0,0.0,0.0,0.0,0.0,0.0,0.0,0.0,0.0,0.0,0.0,0.0,0.0,0.0,0.0,0.0,0.0,0.0,0.0,0.0,0.0,0.0,0.0,0.0,0.0004413347051013261,0.0014393494930118322,0.0,0.0,0.0,0.0,0.0,0.0,0.0,0.0,0.0,0.0,0.0,0.0,0.0,0.0,0.0,0.0,0.0,0.0,0.0,0.0,0.0,0.0010530672734603286,0.0,0.0,0.0,0.0,0.0,0.0,0.0,0.0,0.0,0.0,0.0,0.0,0.0,0.0,0.0,0.0004487152036745101,0.0,0.0,0.0,0.0,0.0,0.0,0.0,0.0,0.0,0.0,0.0,0.0,0.0,0.0,0.0,0.0,0.0,0.0,0.0,0.0,0.0,0.0,0.0,0.002649371512234211,0.0,0.0,0.0,0.0,0.0,0.0,0.0,1.6639629393466748e-05,0.0,0.0,0.0,0.0,0.0,0.0,0.0,0.0,0.0,0.0,0.0,0.0,0.0,0.0,0.0,0.0,0.0,0.0,0.0,0.0,0.0,0.0,0.0,0.0,0.0,0.0,0.0,0.0,0.0,0.0,0.0,0.0,0.0,0.0,0.0,0.0,0.0,0.0,0.0,0.0,0.0,0.0,0.0,0.0,0.0,0.0,0.0,0.0,0.0,0.0,0.0,0.0,0.0,0.0,0.0,0.0,0.0,0.0,0.0,0.0,0.0,0.0,0.0,0.00022665342839900404,0.0,0.0,0.0,0.0,0.0,0.0,0.0,0.0,0.0,0.0,0.0,0.0,0.0,0.0,0.0,0.0,0.0,0.0,0.0,0.0,0.0,0.0,0.0005905237630940974,0.0,0.0,0.0019058078760281205,0.0,0.0,0.0,0.0,0.0,0.0,0.0,0.0,0.0,0.0,0.0,0.0,0.0,0.0,0.0,0.0,0.0,0.0,0.0,0.0,0.0,0.0,0.0,0.0,0.0,0.0,0.0,0.0,0.0,0.0,0.0,0.0,0.0,0.0,0.0,0.0,0.0020384937524795532,0.0,0.0,0.0,0.0,0.0,0.0,0.0,0.0,0.0,0.0,0.0,0.0,0.0,0.0,0.0,0.0,0.0,0.0,0.0,0.0,0.0,0.0,0.27549755573272705,0.0,0.0,0.0,0.0,0.0,0.0,0.0,0.0,0.0009239051141776145,0.0,0.0,0.0,0.0,0.0,0.0,0.0,0.0,0.0,0.0,0.0,0.0,0.0,0.0,0.0,0.0,0.0,0.0,0.09578496962785721,0.0,0.0,0.0,0.0,0.0,0.0,0.0,0.0,0.0,0.0,0.0,0.0,0.0,0.0,0.0,0.0,0.0,0.0,0.0,0.0,0.0,0.0,0.0,0.0,0.0,0.0,0.0034059735480695963,0.0,0.0,0.0,0.0,0.0,0.0,0.0,0.0,0.0,0.0,0.0,0.0,0.0,0.0,0.0,0.0,0.0,0.0,0.0,0.0,0.0,0.0003127045347355306,0.0,0.0018471716903150082,0.0,0.0,0.0,0.0,0.0,0.0,0.0,0.0,0.0,0.0,0.0,0.0,0.0,0.0,0.0,0.0,0.0,0.0,0.0,0.0,0.0,0.0,0.0,0.0,0.0,0.0,0.0,0.00199695467017591,,,,,,,,,,,,,,,,,,,,,,,,,,,,,,,,,,,,,,,,,,,,,,,,,,,,,,,,,,,,,,,,,,,,,,,,,,,,,,,,,,,,,,,,,,,,,,,,,,,,,,,,,,,,,,,,,,,,,,,,,,,,,,,,,,,,,,,,,,,,,,,,,,,,,,,,,,,,,,,,,,,,,,,,,,,,,,,,,,,,,,,,,,,,,,,,,,,,,,,,,,,,,,,,,,,,,,,,,,,,,,,,,,,,,,,,,,,,,,,,,,,,,,,,,,,,,,,,,,,,,,,,,,,,
2019-05-09,1072275.7856545232,13482.724125613568,,,,,,,,,,,25169.17410386348,16136.34374846451,140148.79078163826,,41583.27911577598,,,,,,52725.70821170386,25195.48130462625,23919.694977918567,18179.164639974024,81778.91581086224,55740.176282927256,,,,,,,,,,,,,,,,,,,,,,,,,,,,,,,,,,,,,,,,,,,,,,,,,,,,,,,,,,,,,,,,,,,,,,,,,,,,,,,,,,,,,,,,,,,,,,,,0.0,0.0,0.0,0.0,0.0,0.0017591469222679734,0.0,0.0,0.0,0.0,0.0,0.0,0.0,0.0,0.0,0.0,0.0,0.0,0.0,0.0,0.0,0.0,0.0,0.0,0.0013064012164250016,0.0,0.0,0.0036453166976571083,0.0,0.0,0.0,0.0035564147401601076,0.0,0.0,0.0,0.0,0.0,0.0,0.0,0.0,0.0,0.35433509945869446,0.0,0.0,0.0,0.0,0.0,0.0,0.000280939566437155,0.0,0.0,0.0,0.0,0.0,0.0,0.0,0.0,0.0,0.0,0.0,0.0,0.0,0.0,0.0,0.0,0.0,0.0,0.0,0.0,0.0,0.0,0.0,0.0,0.0,0.0,0.0,0.0,0.0,0.0,0.0,0.0,0.0002895304933190346,0.0,0.0,0.0,0.0,0.0,0.0,0.0,0.0004514709289651364,0.0,0.0,0.0,0.0,0.0,0.0,0.0,0.0,0.0,0.0,0.0,0.0,0.0,0.0,0.0,0.23673413693904877,0.0,0.0,0.0,0.0,0.0,0.0,0.0,0.0,0.0,0.0,0.0,0.0,0.0,0.0,0.006112119648605585,0.0,0.0,0.0,0.0,0.0,0.0,0.0,0.0,0.0,0.0,0.0,0.0,0.0,0.0009501978638581932,0.0,0.0,0.0,0.0,0.0,0.0,0.0,0.0,0.0,0.0,0.0,0.0,0.0,0.0,0.0,0.0,0.0,0.0,0.0,0.0,0.0,0.0,0.0,0.0,0.0,0.0,0.0,0.0,0.0,0.0,0.0,0.0,0.0,0.0,0.0,0.0,0.0004413347051013261,0.0014393494930118322,0.0,0.0,0.0,0.0,0.0,0.0,0.0,0.0,0.0,0.0,0.0,0.0,0.0,0.0,0.0,0.0,0.0,0.0,0.0,0.0,0.0,0.0010530672734603286,0.0,0.0,0.0,0.0,0.0,0.0,0.0,0.0,0.0,0.0,0.0,0.0,0.0,0.0,0.0,0.0004487152036745101,0.0,0.0,0.0,0.0,0.0,0.0,0.0,0.0,0.0,0.0,0.0,0.0,0.0,0.0,0.0,0.0,0.0,0.0,0.0,0.0,0.0,0.0,0.0,0.002649371512234211,0.0,0.0,0.0,0.0,0.0,0.0,0.0,1.6639629393466748e-05,0.0,0.0,0.0,0.0,0.0,0.0,0.0,0.0,0.0,0.0,0.0,0.0,0.0,0.0,0.0,0.0,0.0,0.0,0.0,0.0,0.0,0.0,0.0,0.0,0.0,0.0,0.0,0.0,0.0,0.0,0.0,0.0,0.0,0.0,0.0,0.0,0.0,0.0,0.0,0.0,0.0,0.0,0.0,0.0,0.0,0.0,0.0,0.0,0.0,0.0,0.0,0.0,0.0,0.0,0.0,0.0,0.0,0.0,0.0,0.0,0.0,0.0,0.0,0.00022665342839900404,0.0,0.0,0.0,0.0,0.0,0.0,0.0,0.0,0.0,0.0,0.0,0.0,0.0,0.0,0.0,0.0,0.0,0.0,0.0,0.0,0.0,0.0,0.0005905237630940974,0.0,0.0,0.0019058078760281205,0.0,0.0,0.0,0.0,0.0,0.0,0.0,0.0,0.0,0.0,0.0,0.0,0.0,0.0,0.0,0.0,0.0,0.0,0.0,0.0,0.0,0.0,0.0,0.0,0.0,0.0,0.0,0.0,0.0,0.0,0.0,0.0,0.0,0.0,0.0,0.0,0.0020384937524795532,0.0,0.0,0.0,0.0,0.0,0.0,0.0,0.0,0.0,0.0,0.0,0.0,0.0,0.0,0.0,0.0,0.0,0.0,0.0,0.0,0.0,0.0,0.27549755573272705,0.0,0.0,0.0,0.0,0.0,0.0,0.0,0.0,0.0009239051141776145,0.0,0.0,0.0,0.0,0.0,0.0,0.0,0.0,0.0,0.0,0.0,0.0,0.0,0.0,0.0,0.0,0.0,0.0,0.09578496962785721,0.0,0.0,0.0,0.0,0.0,0.0,0.0,0.0,0.0,0.0,0.0,0.0,0.0,0.0,0.0,0.0,0.0,0.0,0.0,0.0,0.0,0.0,0.0,0.0,0.0,0.0,0.0034059735480695963,0.0,0.0,0.0,0.0,0.0,0.0,0.0,0.0,0.0,0.0,0.0,0.0,0.0,0.0,0.0,0.0,0.0,0.0,0.0,0.0,0.0,0.0003127045347355306,0.0,0.0018471716903150082,0.0,0.0,0.0,0.0,0.0,0.0,0.0,0.0,0.0,0.0,0.0,0.0,0.0,0.0,0.0,0.0,0.0,0.0,0.0,0.0,0.0,0.0,0.0,0.0,0.0,0.0,0.0,0.00199695467017591,,,,,,,,,,,,,,,,,,,,,,,,,,,,,,,,,,,,,,,,,,,,,,,,,,,,,,,,,,,,,,,,,,,,,,,,,,,,,,,,,,,,,,,,,,,,,,,,,,,,,,,,,,,,,,,,,,,,,,,,,,,,,,,,,,,,,,,,,,,,,,,,,,,,,,,,,,,,,,,,,,,,,,,,,,,,,,,,,,,,,,,,,,,,,,,,,,,,,,,,,,,,,,,,,,,,,,,,,,,,,,,,,,,,,,,,,,,,,,,,,,,,,,,,,,,,,,,,,,,,,,,,,,,,
2019-05-10,1067705.262081873,21713.46371097015,,,,,,,,,,,26638.362034457896,16499.774014639253,140432.49410655716,,43682.88565265979,,,,,,51765.85888052689,23716.595492409968,23221.37196859252,17333.432096046443,81779.34536420807,53434.403376200404,,,,,,,,,,,,,,,,,,,,,,,,,,,,,,,,,,,,,,,,,,,,,,,,,,,,,,,,,,,,,,,,,,,,,,,,,,,,,,,,,,,,,,,,,,,,,,,,0.0,0.0,0.0,0.0,0.0,0.0017591469222679734,0.0,0.0,0.0,0.0,0.0,0.0,0.0,0.0,0.0,0.0,0.0,0.0,0.0,0.0,0.0,0.0,0.0,0.0,0.0013064012164250016,0.0,0.0,0.0036453166976571083,0.0,0.0,0.0,0.0035564147401601076,0.0,0.0,0.0,0.0,0.0,0.0,0.0,0.0,0.0,0.35433509945869446,0.0,0.0,0.0,0.0,0.0,0.0,0.000280939566437155,0.0,0.0,0.0,0.0,0.0,0.0,0.0,0.0,0.0,0.0,0.0,0.0,0.0,0.0,0.0,0.0,0.0,0.0,0.0,0.0,0.0,0.0,0.0,0.0,0.0,0.0,0.0,0.0,0.0,0.0,0.0,0.0,0.0002895304933190346,0.0,0.0,0.0,0.0,0.0,0.0,0.0,0.0004514709289651364,0.0,0.0,0.0,0.0,0.0,0.0,0.0,0.0,0.0,0.0,0.0,0.0,0.0,0.0,0.0,0.23673413693904877,0.0,0.0,0.0,0.0,0.0,0.0,0.0,0.0,0.0,0.0,0.0,0.0,0.0,0.0,0.006112119648605585,0.0,0.0,0.0,0.0,0.0,0.0,0.0,0.0,0.0,0.0,0.0,0.0,0.0,0.0009501978638581932,0.0,0.0,0.0,0.0,0.0,0.0,0.0,0.0,0.0,0.0,0.0,0.0,0.0,0.0,0.0,0.0,0.0,0.0,0.0,0.0,0.0,0.0,0.0,0.0,0.0,0.0,0.0,0.0,0.0,0.0,0.0,0.0,0.0,0.0,0.0,0.0,0.0004413347051013261,0.0014393494930118322,0.0,0.0,0.0,0.0,0.0,0.0,0.0,0.0,0.0,0.0,0.0,0.0,0.0,0.0,0.0,0.0,0.0,0.0,0.0,0.0,0.0,0.0010530672734603286,0.0,0.0,0.0,0.0,0.0,0.0,0.0,0.0,0.0,0.0,0.0,0.0,0.0,0.0,0.0,0.0004487152036745101,0.0,0.0,0.0,0.0,0.0,0.0,0.0,0.0,0.0,0.0,0.0,0.0,0.0,0.0,0.0,0.0,0.0,0.0,0.0,0.0,0.0,0.0,0.0,0.002649371512234211,0.0,0.0,0.0,0.0,0.0,0.0,0.0,1.6639629393466748e-05,0.0,0.0,0.0,0.0,0.0,0.0,0.0,0.0,0.0,0.0,0.0,0.0,0.0,0.0,0.0,0.0,0.0,0.0,0.0,0.0,0.0,0.0,0.0,0.0,0.0,0.0,0.0,0.0,0.0,0.0,0.0,0.0,0.0,0.0,0.0,0.0,0.0,0.0,0.0,0.0,0.0,0.0,0.0,0.0,0.0,0.0,0.0,0.0,0.0,0.0,0.0,0.0,0.0,0.0,0.0,0.0,0.0,0.0,0.0,0.0,0.0,0.0,0.0,0.00022665342839900404,0.0,0.0,0.0,0.0,0.0,0.0,0.0,0.0,0.0,0.0,0.0,0.0,0.0,0.0,0.0,0.0,0.0,0.0,0.0,0.0,0.0,0.0,0.0005905237630940974,0.0,0.0,0.0019058078760281205,0.0,0.0,0.0,0.0,0.0,0.0,0.0,0.0,0.0,0.0,0.0,0.0,0.0,0.0,0.0,0.0,0.0,0.0,0.0,0.0,0.0,0.0,0.0,0.0,0.0,0.0,0.0,0.0,0.0,0.0,0.0,0.0,0.0,0.0,0.0,0.0,0.0020384937524795532,0.0,0.0,0.0,0.0,0.0,0.0,0.0,0.0,0.0,0.0,0.0,0.0,0.0,0.0,0.0,0.0,0.0,0.0,0.0,0.0,0.0,0.0,0.27549755573272705,0.0,0.0,0.0,0.0,0.0,0.0,0.0,0.0,0.0009239051141776145,0.0,0.0,0.0,0.0,0.0,0.0,0.0,0.0,0.0,0.0,0.0,0.0,0.0,0.0,0.0,0.0,0.0,0.0,0.09578496962785721,0.0,0.0,0.0,0.0,0.0,0.0,0.0,0.0,0.0,0.0,0.0,0.0,0.0,0.0,0.0,0.0,0.0,0.0,0.0,0.0,0.0,0.0,0.0,0.0,0.0,0.0,0.0034059735480695963,0.0,0.0,0.0,0.0,0.0,0.0,0.0,0.0,0.0,0.0,0.0,0.0,0.0,0.0,0.0,0.0,0.0,0.0,0.0,0.0,0.0,0.0003127045347355306,0.0,0.0018471716903150082,0.0,0.0,0.0,0.0,0.0,0.0,0.0,0.0,0.0,0.0,0.0,0.0,0.0,0.0,0.0,0.0,0.0,0.0,0.0,0.0,0.0,0.0,0.0,0.0,0.0,0.0,0.0,0.00199695467017591,,,,,,,,,,,,,,,,,,,,,,,,,,,,,,,,,,,,,,,,,,,,,,,,,,,,,,,,,,,,,,,,,,,,,,,,,,,,,,,,,,,,,,,,,,,,,,,,,,,,,,,,,,,,,,,,,,,,,,,,,,,,,,,,,,,,,,,,,,,,,,,,,,,,,,,,,,,,,,,,,,,,,,,,,,,,,,,,,,,,,,,,,,,,,,,,,,,,,,,,,,,,,,,,,,,,,,,,,,,,,,,,,,,,,,,,,,,,,,,,,,,,,,,,,,,,,,,,,,,,,,,,,,,,
2019-05-13,1026910.9798419629,12125.332724041746,,,,,,,,,,,27152.976840924766,18462.217528577923,150362.29434375864,,44729.42083134245,,,,,,51765.85888052689,23714.001683613078,23221.37196859252,16486.952630382733,78947.27587415901,51815.44336364326,,,,,,,,,,,,,,,,,,,,,,,,,,,,,,,,,,,,,,,,,,,,,,,,,,,,,,,,,,,,,,,,,,,,,,,,,,,,,,,,,,,,,,,,,,,,,,,,0.0,0.0,0.0,0.0,0.0,0.0017591469222679734,0.0,0.0,0.0,0.0,0.0,0.0,0.0,0.0,0.0,0.0,0.0,0.0,0.0,0.0,0.0,0.0,0.0,0.0,0.0013064012164250016,0.0,0.0,0.0036453166976571083,0.0,0.0,0.0,0.0035564147401601076,0.0,0.0,0.0,0.0,0.0,0.0,0.0,0.0,0.0,0.35433509945869446,0.0,0.0,0.0,0.0,0.0,0.0,0.000280939566437155,0.0,0.0,0.0,0.0,0.0,0.0,0.0,0.0,0.0,0.0,0.0,0.0,0.0,0.0,0.0,0.0,0.0,0.0,0.0,0.0,0.0,0.0,0.0,0.0,0.0,0.0,0.0,0.0,0.0,0.0,0.0,0.0,0.0002895304933190346,0.0,0.0,0.0,0.0,0.0,0.0,0.0,0.0004514709289651364,0.0,0.0,0.0,0.0,0.0,0.0,0.0,0.0,0.0,0.0,0.0,0.0,0.0,0.0,0.0,0.23673413693904877,0.0,0.0,0.0,0.0,0.0,0.0,0.0,0.0,0.0,0.0,0.0,0.0,0.0,0.0,0.006112119648605585,0.0,0.0,0.0,0.0,0.0,0.0,0.0,0.0,0.0,0.0,0.0,0.0,0.0,0.0009501978638581932,0.0,0.0,0.0,0.0,0.0,0.0,0.0,0.0,0.0,0.0,0.0,0.0,0.0,0.0,0.0,0.0,0.0,0.0,0.0,0.0,0.0,0.0,0.0,0.0,0.0,0.0,0.0,0.0,0.0,0.0,0.0,0.0,0.0,0.0,0.0,0.0,0.0004413347051013261,0.0014393494930118322,0.0,0.0,0.0,0.0,0.0,0.0,0.0,0.0,0.0,0.0,0.0,0.0,0.0,0.0,0.0,0.0,0.0,0.0,0.0,0.0,0.0,0.0010530672734603286,0.0,0.0,0.0,0.0,0.0,0.0,0.0,0.0,0.0,0.0,0.0,0.0,0.0,0.0,0.0,0.0004487152036745101,0.0,0.0,0.0,0.0,0.0,0.0,0.0,0.0,0.0,0.0,0.0,0.0,0.0,0.0,0.0,0.0,0.0,0.0,0.0,0.0,0.0,0.0,0.0,0.002649371512234211,0.0,0.0,0.0,0.0,0.0,0.0,0.0,1.6639629393466748e-05,0.0,0.0,0.0,0.0,0.0,0.0,0.0,0.0,0.0,0.0,0.0,0.0,0.0,0.0,0.0,0.0,0.0,0.0,0.0,0.0,0.0,0.0,0.0,0.0,0.0,0.0,0.0,0.0,0.0,0.0,0.0,0.0,0.0,0.0,0.0,0.0,0.0,0.0,0.0,0.0,0.0,0.0,0.0,0.0,0.0,0.0,0.0,0.0,0.0,0.0,0.0,0.0,0.0,0.0,0.0,0.0,0.0,0.0,0.0,0.0,0.0,0.0,0.0,0.00022665342839900404,0.0,0.0,0.0,0.0,0.0,0.0,0.0,0.0,0.0,0.0,0.0,0.0,0.0,0.0,0.0,0.0,0.0,0.0,0.0,0.0,0.0,0.0,0.0005905237630940974,0.0,0.0,0.0019058078760281205,0.0,0.0,0.0,0.0,0.0,0.0,0.0,0.0,0.0,0.0,0.0,0.0,0.0,0.0,0.0,0.0,0.0,0.0,0.0,0.0,0.0,0.0,0.0,0.0,0.0,0.0,0.0,0.0,0.0,0.0,0.0,0.0,0.0,0.0,0.0,0.0,0.0020384937524795532,0.0,0.0,0.0,0.0,0.0,0.0,0.0,0.0,0.0,0.0,0.0,0.0,0.0,0.0,0.0,0.0,0.0,0.0,0.0,0.0,0.0,0.0,0.27549755573272705,0.0,0.0,0.0,0.0,0.0,0.0,0.0,0.0,0.0009239051141776145,0.0,0.0,0.0,0.0,0.0,0.0,0.0,0.0,0.0,0.0,0.0,0.0,0.0,0.0,0.0,0.0,0.0,0.0,0.09578496962785721,0.0,0.0,0.0,0.0,0.0,0.0,0.0,0.0,0.0,0.0,0.0,0.0,0.0,0.0,0.0,0.0,0.0,0.0,0.0,0.0,0.0,0.0,0.0,0.0,0.0,0.0,0.0034059735480695963,0.0,0.0,0.0,0.0,0.0,0.0,0.0,0.0,0.0,0.0,0.0,0.0,0.0,0.0,0.0,0.0,0.0,0.0,0.0,0.0,0.0,0.0003127045347355306,0.0,0.0018471716903150082,0.0,0.0,0.0,0.0,0.0,0.0,0.0,0.0,0.0,0.0,0.0,0.0,0.0,0.0,0.0,0.0,0.0,0.0,0.0,0.0,0.0,0.0,0.0,0.0,0.0,0.0,0.0,0.00199695467017591,,,,,,,,,,,,,,,,,,,,,,,,,,,,,,,,,,,,,,,,,,,,,,,,,,,,,,,,,,,,,,,,,,,,,,,,,,,,,,,,,,,,,,,,,,,,,,,,,,,,,,,,,,,,,,,,,,,,,,,,,,,,,,,,,,,,,,,,,,,,,,,,,,,,,,,,,,,,,,,,,,,,,,,,,,,,,,,,,,,,,,,,,,,,,,,,,,,,,,,,,,,,,,,,,,,,,,,,,,,,,,,,,,,,,,,,,,,,,,,,,,,,,,,,,,,,,,,,,,,,,,,,,,,,
2019-05-14,1002581.9446206283,2296.7814932428355,,,,,,,,,,,27770.328024250735,18825.521405073174,160859.7256432203,,45430.14903265779,,,,,,51629.85883013095,23123.99931827272,23453.908691080665,16487.30679077833,78949.85487191408,51583.566114018635,,,,,,,,,,,,,,,,,,,,,,,,,,,,,,,,,,,,,,,,,,,,,,,,,,,,,,,,,,,,,,,,,,,,,,,,,,,,,,,,,,,,,,,,,,,,,,,,0.0,0.0,0.0,0.0,0.0,0.0017591469222679734,0.0,0.0,0.0,0.0,0.0,0.0,0.0,0.0,0.0,0.0,0.0,0.0,0.0,0.0,0.0,0.0,0.0,0.0,0.0013064012164250016,0.0,0.0,0.0036453166976571083,0.0,0.0,0.0,0.0035564147401601076,0.0,0.0,0.0,0.0,0.0,0.0,0.0,0.0,0.0,0.35433509945869446,0.0,0.0,0.0,0.0,0.0,0.0,0.000280939566437155,0.0,0.0,0.0,0.0,0.0,0.0,0.0,0.0,0.0,0.0,0.0,0.0,0.0,0.0,0.0,0.0,0.0,0.0,0.0,0.0,0.0,0.0,0.0,0.0,0.0,0.0,0.0,0.0,0.0,0.0,0.0,0.0,0.0002895304933190346,0.0,0.0,0.0,0.0,0.0,0.0,0.0,0.0004514709289651364,0.0,0.0,0.0,0.0,0.0,0.0,0.0,0.0,0.0,0.0,0.0,0.0,0.0,0.0,0.0,0.23673413693904877,0.0,0.0,0.0,0.0,0.0,0.0,0.0,0.0,0.0,0.0,0.0,0.0,0.0,0.0,0.006112119648605585,0.0,0.0,0.0,0.0,0.0,0.0,0.0,0.0,0.0,0.0,0.0,0.0,0.0,0.0009501978638581932,0.0,0.0,0.0,0.0,0.0,0.0,0.0,0.0,0.0,0.0,0.0,0.0,0.0,0.0,0.0,0.0,0.0,0.0,0.0,0.0,0.0,0.0,0.0,0.0,0.0,0.0,0.0,0.0,0.0,0.0,0.0,0.0,0.0,0.0,0.0,0.0,0.0004413347051013261,0.0014393494930118322,0.0,0.0,0.0,0.0,0.0,0.0,0.0,0.0,0.0,0.0,0.0,0.0,0.0,0.0,0.0,0.0,0.0,0.0,0.0,0.0,0.0,0.0010530672734603286,0.0,0.0,0.0,0.0,0.0,0.0,0.0,0.0,0.0,0.0,0.0,0.0,0.0,0.0,0.0,0.0004487152036745101,0.0,0.0,0.0,0.0,0.0,0.0,0.0,0.0,0.0,0.0,0.0,0.0,0.0,0.0,0.0,0.0,0.0,0.0,0.0,0.0,0.0,0.0,0.0,0.002649371512234211,0.0,0.0,0.0,0.0,0.0,0.0,0.0,1.6639629393466748e-05,0.0,0.0,0.0,0.0,0.0,0.0,0.0,0.0,0.0,0.0,0.0,0.0,0.0,0.0,0.0,0.0,0.0,0.0,0.0,0.0,0.0,0.0,0.0,0.0,0.0,0.0,0.0,0.0,0.0,0.0,0.0,0.0,0.0,0.0,0.0,0.0,0.0,0.0,0.0,0.0,0.0,0.0,0.0,0.0,0.0,0.0,0.0,0.0,0.0,0.0,0.0,0.0,0.0,0.0,0.0,0.0,0.0,0.0,0.0,0.0,0.0,0.0,0.0,0.00022665342839900404,0.0,0.0,0.0,0.0,0.0,0.0,0.0,0.0,0.0,0.0,0.0,0.0,0.0,0.0,0.0,0.0,0.0,0.0,0.0,0.0,0.0,0.0,0.0005905237630940974,0.0,0.0,0.0019058078760281205,0.0,0.0,0.0,0.0,0.0,0.0,0.0,0.0,0.0,0.0,0.0,0.0,0.0,0.0,0.0,0.0,0.0,0.0,0.0,0.0,0.0,0.0,0.0,0.0,0.0,0.0,0.0,0.0,0.0,0.0,0.0,0.0,0.0,0.0,0.0,0.0,0.0020384937524795532,0.0,0.0,0.0,0.0,0.0,0.0,0.0,0.0,0.0,0.0,0.0,0.0,0.0,0.0,0.0,0.0,0.0,0.0,0.0,0.0,0.0,0.0,0.27549755573272705,0.0,0.0,0.0,0.0,0.0,0.0,0.0,0.0,0.0009239051141776145,0.0,0.0,0.0,0.0,0.0,0.0,0.0,0.0,0.0,0.0,0.0,0.0,0.0,0.0,0.0,0.0,0.0,0.0,0.09578496962785721,0.0,0.0,0.0,0.0,0.0,0.0,0.0,0.0,0.0,0.0,0.0,0.0,0.0,0.0,0.0,0.0,0.0,0.0,0.0,0.0,0.0,0.0,0.0,0.0,0.0,0.0,0.0034059735480695963,0.0,0.0,0.0,0.0,0.0,0.0,0.0,0.0,0.0,0.0,0.0,0.0,0.0,0.0,0.0,0.0,0.0,0.0,0.0,0.0,0.0,0.0003127045347355306,0.0,0.0018471716903150082,0.0,0.0,0.0,0.0,0.0,0.0,0.0,0.0,0.0,0.0,0.0,0.0,0.0,0.0,0.0,0.0,0.0,0.0,0.0,0.0,0.0,0.0,0.0,0.0,0.0,0.0,0.0,0.00199695467017591,,,,,,,,,,,,,,,,,,,,,,,,,,,,,,,,,,,,,,,,,,,,,,,,,,,,,,,,,,,,,,,,,,,,,,,,,,,,,,,,,,,,,,,,,,,,,,,,,,,,,,,,,,,,,,,,,,,,,,,,,,,,,,,,,,,,,,,,,,,,,,,,,,,,,,,,,,,,,,,,,,,,,,,,,,,,,,,,,,,,,,,,,,,,,,,,,,,,,,,,,,,,,,,,,,,,,,,,,,,,,,,,,,,,,,,,,,,,,,,,,,,,,,,,,,,,,,,,,,,,,,,,,,,,
2019-05-15,999040.9792473096,18915.91357293312,,,,,,,,,,,28434.07355553491,18825.521405073174,160859.7256432203,,45430.14903265779,,,,,,51629.85883013095,21939.94820180602,22817.072840542805,15641.901429035073,76131.66462710727,50651.01304499107,,,,,,,,,,,,,,,,,,,,,,,,,,,,,,,,,,,,,,,,,,,,,,,,,,,,,,,,,,,,,,,,,,,,,,,,,,,,,,,,,,,,,,,,,,,,,,,,0.0,0.0,0.0,0.0,0.0,0.0017591469222679734,0.0,0.0,0.0,0.0,0.0,0.0,0.0,0.0,0.0,0.0,0.0,0.0,0.0,0.0,0.0,0.0,0.0,0.0,0.0013064012164250016,0.0,0.0,0.0036453166976571083,0.0,0.0,0.0,0.0035564147401601076,0.0,0.0,0.0,0.0,0.0,0.0,0.0,0.0,0.0,0.35433509945869446,0.0,0.0,0.0,0.0,0.0,0.0,0.000280939566437155,0.0,0.0,0.0,0.0,0.0,0.0,0.0,0.0,0.0,0.0,0.0,0.0,0.0,0.0,0.0,0.0,0.0,0.0,0.0,0.0,0.0,0.0,0.0,0.0,0.0,0.0,0.0,0.0,0.0,0.0,0.0,0.0,0.0002895304933190346,0.0,0.0,0.0,0.0,0.0,0.0,0.0,0.0004514709289651364,0.0,0.0,0.0,0.0,0.0,0.0,0.0,0.0,0.0,0.0,0.0,0.0,0.0,0.0,0.0,0.23673413693904877,0.0,0.0,0.0,0.0,0.0,0.0,0.0,0.0,0.0,0.0,0.0,0.0,0.0,0.0,0.006112119648605585,0.0,0.0,0.0,0.0,0.0,0.0,0.0,0.0,0.0,0.0,0.0,0.0,0.0,0.0009501978638581932,0.0,0.0,0.0,0.0,0.0,0.0,0.0,0.0,0.0,0.0,0.0,0.0,0.0,0.0,0.0,0.0,0.0,0.0,0.0,0.0,0.0,0.0,0.0,0.0,0.0,0.0,0.0,0.0,0.0,0.0,0.0,0.0,0.0,0.0,0.0,0.0,0.0004413347051013261,0.0014393494930118322,0.0,0.0,0.0,0.0,0.0,0.0,0.0,0.0,0.0,0.0,0.0,0.0,0.0,0.0,0.0,0.0,0.0,0.0,0.0,0.0,0.0,0.0010530672734603286,0.0,0.0,0.0,0.0,0.0,0.0,0.0,0.0,0.0,0.0,0.0,0.0,0.0,0.0,0.0,0.0004487152036745101,0.0,0.0,0.0,0.0,0.0,0.0,0.0,0.0,0.0,0.0,0.0,0.0,0.0,0.0,0.0,0.0,0.0,0.0,0.0,0.0,0.0,0.0,0.0,0.002649371512234211,0.0,0.0,0.0,0.0,0.0,0.0,0.0,1.6639629393466748e-05,0.0,0.0,0.0,0.0,0.0,0.0,0.0,0.0,0.0,0.0,0.0,0.0,0.0,0.0,0.0,0.0,0.0,0.0,0.0,0.0,0.0,0.0,0.0,0.0,0.0,0.0,0.0,0.0,0.0,0.0,0.0,0.0,0.0,0.0,0.0,0.0,0.0,0.0,0.0,0.0,0.0,0.0,0.0,0.0,0.0,0.0,0.0,0.0,0.0,0.0,0.0,0.0,0.0,0.0,0.0,0.0,0.0,0.0,0.0,0.0,0.0,0.0,0.0,0.00022665342839900404,0.0,0.0,0.0,0.0,0.0,0.0,0.0,0.0,0.0,0.0,0.0,0.0,0.0,0.0,0.0,0.0,0.0,0.0,0.0,0.0,0.0,0.0,0.0005905237630940974,0.0,0.0,0.0019058078760281205,0.0,0.0,0.0,0.0,0.0,0.0,0.0,0.0,0.0,0.0,0.0,0.0,0.0,0.0,0.0,0.0,0.0,0.0,0.0,0.0,0.0,0.0,0.0,0.0,0.0,0.0,0.0,0.0,0.0,0.0,0.0,0.0,0.0,0.0,0.0,0.0,0.0020384937524795532,0.0,0.0,0.0,0.0,0.0,0.0,0.0,0.0,0.0,0.0,0.0,0.0,0.0,0.0,0.0,0.0,0.0,0.0,0.0,0.0,0.0,0.0,0.27549755573272705,0.0,0.0,0.0,0.0,0.0,0.0,0.0,0.0,0.0009239051141776145,0.0,0.0,0.0,0.0,0.0,0.0,0.0,0.0,0.0,0.0,0.0,0.0,0.0,0.0,0.0,0.0,0.0,0.0,0.09578496962785721,0.0,0.0,0.0,0.0,0.0,0.0,0.0,0.0,0.0,0.0,0.0,0.0,0.0,0.0,0.0,0.0,0.0,0.0,0.0,0.0,0.0,0.0,0.0,0.0,0.0,0.0,0.0034059735480695963,0.0,0.0,0.0,0.0,0.0,0.0,0.0,0.0,0.0,0.0,0.0,0.0,0.0,0.0,0.0,0.0,0.0,0.0,0.0,0.0,0.0,0.0003127045347355306,0.0,0.0018471716903150082,0.0,0.0,0.0,0.0,0.0,0.0,0.0,0.0,0.0,0.0,0.0,0.0,0.0,0.0,0.0,0.0,0.0,0.0,0.0,0.0,0.0,0.0,0.0,0.0,0.0,0.0,0.0,0.00199695467017591,,,,,,,,,,,,,,,,,,,,,,,,,,,,,,,,,,,,,,,,,,,,,,,,,,,,,,,,,,,,,,,,,,,,,,,,,,,,,,,,,,,,,,,,,,,,,,,,,,,,,,,,,,,,,,,,,,,,,,,,,,,,,,,,,,,,,,,,,,,,,,,,,,,,,,,,,,,,,,,,,,,,,,,,,,,,,,,,,,,,,,,,,,,,,,,,,,,,,,,,,,,,,,,,,,,,,,,,,,,,,,,,,,,,,,,,,,,,,,,,,,,,,,,,,,,,,,,,,,,,,,,,,,,,
2019-05-16,998267.6295473998,11169.419004418232,,,,,,,,,,,30157.961725165766,19843.12156533757,160859.7256432203,,49614.8548545088,,,,,,51629.85883013095,21939.17666369406,22235.322308814964,15641.176233440572,73310.44861530628,48338.77114238187,,,,,,,,,,,,,,,,,,,,,,,,,,,,,,,,,,,,,,,,,,,,,,,,,,,,,,,,,,,,,,,,,,,,,,,,,,,,,,,,,,,,,,,,,,,,,,,,0.0,0.0,0.0,0.0,0.0,0.0017591469222679734,0.0,0.0,0.0,0.0,0.0,0.0,0.0,0.0,0.0,0.0,0.0,0.0,0.0,0.0,0.0,0.0,0.0,0.0,0.0013064012164250016,0.0,0.0,0.0036453166976571083,0.0,0.0,0.0,0.0035564147401601076,0.0,0.0,0.0,0.0,0.0,0.0,0.0,0.0,0.0,0.35433509945869446,0.0,0.0,0.0,0.0,0.0,0.0,0.000280939566437155,0.0,0.0,0.0,0.0,0.0,0.0,0.0,0.0,0.0,0.0,0.0,0.0,0.0,0.0,0.0,0.0,0.0,0.0,0.0,0.0,0.0,0.0,0.0,0.0,0.0,0.0,0.0,0.0,0.0,0.0,0.0,0.0,0.0002895304933190346,0.0,0.0,0.0,0.0,0.0,0.0,0.0,0.0004514709289651364,0.0,0.0,0.0,0.0,0.0,0.0,0.0,0.0,0.0,0.0,0.0,0.0,0.0,0.0,0.0,0.23673413693904877,0.0,0.0,0.0,0.0,0.0,0.0,0.0,0.0,0.0,0.0,0.0,0.0,0.0,0.0,0.006112119648605585,0.0,0.0,0.0,0.0,0.0,0.0,0.0,0.0,0.0,0.0,0.0,0.0,0.0,0.0009501978638581932,0.0,0.0,0.0,0.0,0.0,0.0,0.0,0.0,0.0,0.0,0.0,0.0,0.0,0.0,0.0,0.0,0.0,0.0,0.0,0.0,0.0,0.0,0.0,0.0,0.0,0.0,0.0,0.0,0.0,0.0,0.0,0.0,0.0,0.0,0.0,0.0,0.0004413347051013261,0.0014393494930118322,0.0,0.0,0.0,0.0,0.0,0.0,0.0,0.0,0.0,0.0,0.0,0.0,0.0,0.0,0.0,0.0,0.0,0.0,0.0,0.0,0.0,0.0010530672734603286,0.0,0.0,0.0,0.0,0.0,0.0,0.0,0.0,0.0,0.0,0.0,0.0,0.0,0.0,0.0,0.0004487152036745101,0.0,0.0,0.0,0.0,0.0,0.0,0.0,0.0,0.0,0.0,0.0,0.0,0.0,0.0,0.0,0.0,0.0,0.0,0.0,0.0,0.0,0.0,0.0,0.002649371512234211,0.0,0.0,0.0,0.0,0.0,0.0,0.0,1.6639629393466748e-05,0.0,0.0,0.0,0.0,0.0,0.0,0.0,0.0,0.0,0.0,0.0,0.0,0.0,0.0,0.0,0.0,0.0,0.0,0.0,0.0,0.0,0.0,0.0,0.0,0.0,0.0,0.0,0.0,0.0,0.0,0.0,0.0,0.0,0.0,0.0,0.0,0.0,0.0,0.0,0.0,0.0,0.0,0.0,0.0,0.0,0.0,0.0,0.0,0.0,0.0,0.0,0.0,0.0,0.0,0.0,0.0,0.0,0.0,0.0,0.0,0.0,0.0,0.0,0.00022665342839900404,0.0,0.0,0.0,0.0,0.0,0.0,0.0,0.0,0.0,0.0,0.0,0.0,0.0,0.0,0.0,0.0,0.0,0.0,0.0,0.0,0.0,0.0,0.0005905237630940974,0.0,0.0,0.0019058078760281205,0.0,0.0,0.0,0.0,0.0,0.0,0.0,0.0,0.0,0.0,0.0,0.0,0.0,0.0,0.0,0.0,0.0,0.0,0.0,0.0,0.0,0.0,0.0,0.0,0.0,0.0,0.0,0.0,0.0,0.0,0.0,0.0,0.0,0.0,0.0,0.0,0.0020384937524795532,0.0,0.0,0.0,0.0,0.0,0.0,0.0,0.0,0.0,0.0,0.0,0.0,0.0,0.0,0.0,0.0,0.0,0.0,0.0,0.0,0.0,0.0,0.27549755573272705,0.0,0.0,0.0,0.0,0.0,0.0,0.0,0.0,0.0009239051141776145,0.0,0.0,0.0,0.0,0.0,0.0,0.0,0.0,0.0,0.0,0.0,0.0,0.0,0.0,0.0,0.0,0.0,0.0,0.09578496962785721,0.0,0.0,0.0,0.0,0.0,0.0,0.0,0.0,0.0,0.0,0.0,0.0,0.0,0.0,0.0,0.0,0.0,0.0,0.0,0.0,0.0,0.0,0.0,0.0,0.0,0.0,0.0034059735480695963,0.0,0.0,0.0,0.0,0.0,0.0,0.0,0.0,0.0,0.0,0.0,0.0,0.0,0.0,0.0,0.0,0.0,0.0,0.0,0.0,0.0,0.0003127045347355306,0.0,0.0018471716903150082,0.0,0.0,0.0,0.0,0.0,0.0,0.0,0.0,0.0,0.0,0.0,0.0,0.0,0.0,0.0,0.0,0.0,0.0,0.0,0.0,0.0,0.0,0.0,0.0,0.0,0.0,0.0,0.00199695467017591,,,,,,,,,,,,,,,,,,,,,,,,,,,,,,,,,,,,,,,,,,,,,,,,,,,,,,,,,,,,,,,,,,,,,,,,,,,,,,,,,,,,,,,,,,,,,,,,,,,,,,,,,,,,,,,,,,,,,,,,,,,,,,,,,,,,,,,,,,,,,,,,,,,,,,,,,,,,,,,,,,,,,,,,,,,,,,,,,,,,,,,,,,,,,,,,,,,,,,,,,,,,,,,,,,,,,,,,,,,,,,,,,,,,,,,,,,,,,,,,,,,,,,,,,,,,,,,,,,,,,,,,,,,,
2019-05-17,952292.3370764041,9978.879629138686,,,,,,,,,,,31693.671536219576,20206.54839905871,160859.7256432203,,52060.505769742806,,,,,,50808.057301839755,21640.439319358204,22001.81903377896,14796.76982278476,75214.96927633366,46957.745548301704,,,,,,,,,,,,,,,,,,,,,,,,,,,,,,,,,,,,,,,,,,,,,,,,,,,,,,,,,,,,,,,,,,,,,,,,,,,,,,,,,,,,,,,,,,,,,,,,0.0,0.0,0.0,0.0,0.0,0.0017591469222679734,0.0,0.0,0.0,0.0,0.0,0.0,0.0,0.0,0.0,0.0,0.0,0.0,0.0,0.0,0.0,0.0,0.0,0.0,0.0013064012164250016,0.0,0.0,0.0036453166976571083,0.0,0.0,0.0,0.0035564147401601076,0.0,0.0,0.0,0.0,0.0,0.0,0.0,0.0,0.0,0.35433509945869446,0.0,0.0,0.0,0.0,0.0,0.0,0.000280939566437155,0.0,0.0,0.0,0.0,0.0,0.0,0.0,0.0,0.0,0.0,0.0,0.0,0.0,0.0,0.0,0.0,0.0,0.0,0.0,0.0,0.0,0.0,0.0,0.0,0.0,0.0,0.0,0.0,0.0,0.0,0.0,0.0,0.0002895304933190346,0.0,0.0,0.0,0.0,0.0,0.0,0.0,0.0004514709289651364,0.0,0.0,0.0,0.0,0.0,0.0,0.0,0.0,0.0,0.0,0.0,0.0,0.0,0.0,0.0,0.23673413693904877,0.0,0.0,0.0,0.0,0.0,0.0,0.0,0.0,0.0,0.0,0.0,0.0,0.0,0.0,0.006112119648605585,0.0,0.0,0.0,0.0,0.0,0.0,0.0,0.0,0.0,0.0,0.0,0.0,0.0,0.0009501978638581932,0.0,0.0,0.0,0.0,0.0,0.0,0.0,0.0,0.0,0.0,0.0,0.0,0.0,0.0,0.0,0.0,0.0,0.0,0.0,0.0,0.0,0.0,0.0,0.0,0.0,0.0,0.0,0.0,0.0,0.0,0.0,0.0,0.0,0.0,0.0,0.0,0.0004413347051013261,0.0014393494930118322,0.0,0.0,0.0,0.0,0.0,0.0,0.0,0.0,0.0,0.0,0.0,0.0,0.0,0.0,0.0,0.0,0.0,0.0,0.0,0.0,0.0,0.0010530672734603286,0.0,0.0,0.0,0.0,0.0,0.0,0.0,0.0,0.0,0.0,0.0,0.0,0.0,0.0,0.0,0.0004487152036745101,0.0,0.0,0.0,0.0,0.0,0.0,0.0,0.0,0.0,0.0,0.0,0.0,0.0,0.0,0.0,0.0,0.0,0.0,0.0,0.0,0.0,0.0,0.0,0.002649371512234211,0.0,0.0,0.0,0.0,0.0,0.0,0.0,1.6639629393466748e-05,0.0,0.0,0.0,0.0,0.0,0.0,0.0,0.0,0.0,0.0,0.0,0.0,0.0,0.0,0.0,0.0,0.0,0.0,0.0,0.0,0.0,0.0,0.0,0.0,0.0,0.0,0.0,0.0,0.0,0.0,0.0,0.0,0.0,0.0,0.0,0.0,0.0,0.0,0.0,0.0,0.0,0.0,0.0,0.0,0.0,0.0,0.0,0.0,0.0,0.0,0.0,0.0,0.0,0.0,0.0,0.0,0.0,0.0,0.0,0.0,0.0,0.0,0.0,0.00022665342839900404,0.0,0.0,0.0,0.0,0.0,0.0,0.0,0.0,0.0,0.0,0.0,0.0,0.0,0.0,0.0,0.0,0.0,0.0,0.0,0.0,0.0,0.0,0.0005905237630940974,0.0,0.0,0.0019058078760281205,0.0,0.0,0.0,0.0,0.0,0.0,0.0,0.0,0.0,0.0,0.0,0.0,0.0,0.0,0.0,0.0,0.0,0.0,0.0,0.0,0.0,0.0,0.0,0.0,0.0,0.0,0.0,0.0,0.0,0.0,0.0,0.0,0.0,0.0,0.0,0.0,0.0020384937524795532,0.0,0.0,0.0,0.0,0.0,0.0,0.0,0.0,0.0,0.0,0.0,0.0,0.0,0.0,0.0,0.0,0.0,0.0,0.0,0.0,0.0,0.0,0.27549755573272705,0.0,0.0,0.0,0.0,0.0,0.0,0.0,0.0,0.0009239051141776145,0.0,0.0,0.0,0.0,0.0,0.0,0.0,0.0,0.0,0.0,0.0,0.0,0.0,0.0,0.0,0.0,0.0,0.0,0.09578496962785721,0.0,0.0,0.0,0.0,0.0,0.0,0.0,0.0,0.0,0.0,0.0,0.0,0.0,0.0,0.0,0.0,0.0,0.0,0.0,0.0,0.0,0.0,0.0,0.0,0.0,0.0,0.0034059735480695963,0.0,0.0,0.0,0.0,0.0,0.0,0.0,0.0,0.0,0.0,0.0,0.0,0.0,0.0,0.0,0.0,0.0,0.0,0.0,0.0,0.0,0.0003127045347355306,0.0,0.0018471716903150082,0.0,0.0,0.0,0.0,0.0,0.0,0.0,0.0,0.0,0.0,0.0,0.0,0.0,0.0,0.0,0.0,0.0,0.0,0.0,0.0,0.0,0.0,0.0,0.0,0.0,0.0,0.0,0.00199695467017591,,,,,,,,,,,,,,,,,,,,,,,,,,,,,,,,,,,,,,,,,,,,,,,,,,,,,,,,,,,,,,,,,,,,,,,,,,,,,,,,,,,,,,,,,,,,,,,,,,,,,,,,,,,,,,,,,,,,,,,,,,,,,,,,,,,,,,,,,,,,,,,,,,,,,,,,,,,,,,,,,,,,,,,,,,,,,,,,,,,,,,,,,,,,,,,,,,,,,,,,,,,,,,,,,,,,,,,,,,,,,,,,,,,,,,,,,,,,,,,,,,,,,,,,,,,,,,,,,,,,,,,,,,,,
2019-05-20,934133.4108387341,1976.5051137233183,,,,,,,,,,,31545.903315029078,21369.784827453066,170804.2474937994,,51716.426966261715,,,,,,51082.73937988762,21640.439319358204,21769.305545473097,14374.277536596679,75216.25721832499,47878.67432705152,,,,,,,,,,,,,,,,,,,,,,,,,,,,,,,,,,,,,,,,,,,,,,,,,,,,,,,,,,,,,,,,,,,,,,,,,,,,,,,,,,,,,,,,,,,,,,,,0.0,0.0,0.0,0.0,0.0,0.0017591469222679734,0.0,0.0,0.0,0.0,0.0,0.0,0.0,0.0,0.0,0.0,0.0,0.0,0.0,0.0,0.0,0.0,0.0,0.0,0.0013064012164250016,0.0,0.0,0.0036453166976571083,0.0,0.0,0.0,0.0035564147401601076,0.0,0.0,0.0,0.0,0.0,0.0,0.0,0.0,0.0,0.35433509945869446,0.0,0.0,0.0,0.0,0.0,0.0,0.000280939566437155,0.0,0.0,0.0,0.0,0.0,0.0,0.0,0.0,0.0,0.0,0.0,0.0,0.0,0.0,0.0,0.0,0.0,0.0,0.0,0.0,0.0,0.0,0.0,0.0,0.0,0.0,0.0,0.0,0.0,0.0,0.0,0.0,0.0002895304933190346,0.0,0.0,0.0,0.0,0.0,0.0,0.0,0.0004514709289651364,0.0,0.0,0.0,0.0,0.0,0.0,0.0,0.0,0.0,0.0,0.0,0.0,0.0,0.0,0.0,0.23673413693904877,0.0,0.0,0.0,0.0,0.0,0.0,0.0,0.0,0.0,0.0,0.0,0.0,0.0,0.0,0.006112119648605585,0.0,0.0,0.0,0.0,0.0,0.0,0.0,0.0,0.0,0.0,0.0,0.0,0.0,0.0009501978638581932,0.0,0.0,0.0,0.0,0.0,0.0,0.0,0.0,0.0,0.0,0.0,0.0,0.0,0.0,0.0,0.0,0.0,0.0,0.0,0.0,0.0,0.0,0.0,0.0,0.0,0.0,0.0,0.0,0.0,0.0,0.0,0.0,0.0,0.0,0.0,0.0,0.0004413347051013261,0.0014393494930118322,0.0,0.0,0.0,0.0,0.0,0.0,0.0,0.0,0.0,0.0,0.0,0.0,0.0,0.0,0.0,0.0,0.0,0.0,0.0,0.0,0.0,0.0010530672734603286,0.0,0.0,0.0,0.0,0.0,0.0,0.0,0.0,0.0,0.0,0.0,0.0,0.0,0.0,0.0,0.0004487152036745101,0.0,0.0,0.0,0.0,0.0,0.0,0.0,0.0,0.0,0.0,0.0,0.0,0.0,0.0,0.0,0.0,0.0,0.0,0.0,0.0,0.0,0.0,0.0,0.002649371512234211,0.0,0.0,0.0,0.0,0.0,0.0,0.0,1.6639629393466748e-05,0.0,0.0,0.0,0.0,0.0,0.0,0.0,0.0,0.0,0.0,0.0,0.0,0.0,0.0,0.0,0.0,0.0,0.0,0.0,0.0,0.0,0.0,0.0,0.0,0.0,0.0,0.0,0.0,0.0,0.0,0.0,0.0,0.0,0.0,0.0,0.0,0.0,0.0,0.0,0.0,0.0,0.0,0.0,0.0,0.0,0.0,0.0,0.0,0.0,0.0,0.0,0.0,0.0,0.0,0.0,0.0,0.0,0.0,0.0,0.0,0.0,0.0,0.0,0.00022665342839900404,0.0,0.0,0.0,0.0,0.0,0.0,0.0,0.0,0.0,0.0,0.0,0.0,0.0,0.0,0.0,0.0,0.0,0.0,0.0,0.0,0.0,0.0,0.0005905237630940974,0.0,0.0,0.0019058078760281205,0.0,0.0,0.0,0.0,0.0,0.0,0.0,0.0,0.0,0.0,0.0,0.0,0.0,0.0,0.0,0.0,0.0,0.0,0.0,0.0,0.0,0.0,0.0,0.0,0.0,0.0,0.0,0.0,0.0,0.0,0.0,0.0,0.0,0.0,0.0,0.0,0.0020384937524795532,0.0,0.0,0.0,0.0,0.0,0.0,0.0,0.0,0.0,0.0,0.0,0.0,0.0,0.0,0.0,0.0,0.0,0.0,0.0,0.0,0.0,0.0,0.27549755573272705,0.0,0.0,0.0,0.0,0.0,0.0,0.0,0.0,0.0009239051141776145,0.0,0.0,0.0,0.0,0.0,0.0,0.0,0.0,0.0,0.0,0.0,0.0,0.0,0.0,0.0,0.0,0.0,0.0,0.09578496962785721,0.0,0.0,0.0,0.0,0.0,0.0,0.0,0.0,0.0,0.0,0.0,0.0,0.0,0.0,0.0,0.0,0.0,0.0,0.0,0.0,0.0,0.0,0.0,0.0,0.0,0.0,0.0034059735480695963,0.0,0.0,0.0,0.0,0.0,0.0,0.0,0.0,0.0,0.0,0.0,0.0,0.0,0.0,0.0,0.0,0.0,0.0,0.0,0.0,0.0,0.0003127045347355306,0.0,0.0018471716903150082,0.0,0.0,0.0,0.0,0.0,0.0,0.0,0.0,0.0,0.0,0.0,0.0,0.0,0.0,0.0,0.0,0.0,0.0,0.0,0.0,0.0,0.0,0.0,0.0,0.0,0.0,0.0,0.00199695467017591,,,,,,,,,,,,,,,,,,,,,,,,,,,,,,,,,,,,,,,,,,,,,,,,,,,,,,,,,,,,,,,,,,,,,,,,,,,,,,,,,,,,,,,,,,,,,,,,,,,,,,,,,,,,,,,,,,,,,,,,,,,,,,,,,,,,,,,,,,,,,,,,,,,,,,,,,,,,,,,,,,,,,,,,,,,,,,,,,,,,,,,,,,,,,,,,,,,,,,,,,,,,,,,,,,,,,,,,,,,,,,,,,,,,,,,,,,,,,,,,,,,,,,,,,,,,,,,,,,,,,,,,,,,,
2019-05-21,919090.3179922196,20169.61330203667,,,,,,,,,,,32209.598916979827,21369.784827453066,170804.2474937994,,51716.426966261715,,,,,,51082.73937988762,20454.04380798611,21826.928049575883,13603.515770696506,69631.80535054412,46490.63028943696,,,,,,,,,,,,,,,,,,,,,,,,,,,,,,,,,,,,,,,,,,,,,,,,,,,,,,,,,,,,,,,,,,,,,,,,,,,,,,,,,,,,,,,,,,,,,,,,0.0,0.0,0.0,0.0,0.0,0.0017591469222679734,0.0,0.0,0.0,0.0,0.0,0.0,0.0,0.0,0.0,0.0,0.0,0.0,0.0,0.0,0.0,0.0,0.0,0.0,0.0013064012164250016,0.0,0.0,0.0036453166976571083,0.0,0.0,0.0,0.0035564147401601076,0.0,0.0,0.0,0.0,0.0,0.0,0.0,0.0,0.0,0.35433509945869446,0.0,0.0,0.0,0.0,0.0,0.0,0.000280939566437155,0.0,0.0,0.0,0.0,0.0,0.0,0.0,0.0,0.0,0.0,0.0,0.0,0.0,0.0,0.0,0.0,0.0,0.0,0.0,0.0,0.0,0.0,0.0,0.0,0.0,0.0,0.0,0.0,0.0,0.0,0.0,0.0,0.0002895304933190346,0.0,0.0,0.0,0.0,0.0,0.0,0.0,0.0004514709289651364,0.0,0.0,0.0,0.0,0.0,0.0,0.0,0.0,0.0,0.0,0.0,0.0,0.0,0.0,0.0,0.23673413693904877,0.0,0.0,0.0,0.0,0.0,0.0,0.0,0.0,0.0,0.0,0.0,0.0,0.0,0.0,0.006112119648605585,0.0,0.0,0.0,0.0,0.0,0.0,0.0,0.0,0.0,0.0,0.0,0.0,0.0,0.0009501978638581932,0.0,0.0,0.0,0.0,0.0,0.0,0.0,0.0,0.0,0.0,0.0,0.0,0.0,0.0,0.0,0.0,0.0,0.0,0.0,0.0,0.0,0.0,0.0,0.0,0.0,0.0,0.0,0.0,0.0,0.0,0.0,0.0,0.0,0.0,0.0,0.0,0.0004413347051013261,0.0014393494930118322,0.0,0.0,0.0,0.0,0.0,0.0,0.0,0.0,0.0,0.0,0.0,0.0,0.0,0.0,0.0,0.0,0.0,0.0,0.0,0.0,0.0,0.0010530672734603286,0.0,0.0,0.0,0.0,0.0,0.0,0.0,0.0,0.0,0.0,0.0,0.0,0.0,0.0,0.0,0.0004487152036745101,0.0,0.0,0.0,0.0,0.0,0.0,0.0,0.0,0.0,0.0,0.0,0.0,0.0,0.0,0.0,0.0,0.0,0.0,0.0,0.0,0.0,0.0,0.0,0.002649371512234211,0.0,0.0,0.0,0.0,0.0,0.0,0.0,1.6639629393466748e-05,0.0,0.0,0.0,0.0,0.0,0.0,0.0,0.0,0.0,0.0,0.0,0.0,0.0,0.0,0.0,0.0,0.0,0.0,0.0,0.0,0.0,0.0,0.0,0.0,0.0,0.0,0.0,0.0,0.0,0.0,0.0,0.0,0.0,0.0,0.0,0.0,0.0,0.0,0.0,0.0,0.0,0.0,0.0,0.0,0.0,0.0,0.0,0.0,0.0,0.0,0.0,0.0,0.0,0.0,0.0,0.0,0.0,0.0,0.0,0.0,0.0,0.0,0.0,0.00022665342839900404,0.0,0.0,0.0,0.0,0.0,0.0,0.0,0.0,0.0,0.0,0.0,0.0,0.0,0.0,0.0,0.0,0.0,0.0,0.0,0.0,0.0,0.0,0.0005905237630940974,0.0,0.0,0.0019058078760281205,0.0,0.0,0.0,0.0,0.0,0.0,0.0,0.0,0.0,0.0,0.0,0.0,0.0,0.0,0.0,0.0,0.0,0.0,0.0,0.0,0.0,0.0,0.0,0.0,0.0,0.0,0.0,0.0,0.0,0.0,0.0,0.0,0.0,0.0,0.0,0.0,0.0020384937524795532,0.0,0.0,0.0,0.0,0.0,0.0,0.0,0.0,0.0,0.0,0.0,0.0,0.0,0.0,0.0,0.0,0.0,0.0,0.0,0.0,0.0,0.0,0.27549755573272705,0.0,0.0,0.0,0.0,0.0,0.0,0.0,0.0,0.0009239051141776145,0.0,0.0,0.0,0.0,0.0,0.0,0.0,0.0,0.0,0.0,0.0,0.0,0.0,0.0,0.0,0.0,0.0,0.0,0.09578496962785721,0.0,0.0,0.0,0.0,0.0,0.0,0.0,0.0,0.0,0.0,0.0,0.0,0.0,0.0,0.0,0.0,0.0,0.0,0.0,0.0,0.0,0.0,0.0,0.0,0.0,0.0,0.0034059735480695963,0.0,0.0,0.0,0.0,0.0,0.0,0.0,0.0,0.0,0.0,0.0,0.0,0.0,0.0,0.0,0.0,0.0,0.0,0.0,0.0,0.0,0.0003127045347355306,0.0,0.0018471716903150082,0.0,0.0,0.0,0.0,0.0,0.0,0.0,0.0,0.0,0.0,0.0,0.0,0.0,0.0,0.0,0.0,0.0,0.0,0.0,0.0,0.0,0.0,0.0,0.0,0.0,0.0,0.0,0.00199695467017591,,,,,,,,,,,,,,,,,,,,,,,,,,,,,,,,,,,,,,,,,,,,,,,,,,,,,,,,,,,,,,,,,,,,,,,,,,,,,,,,,,,,,,,,,,,,,,,,,,,,,,,,,,,,,,,,,,,,,,,,,,,,,,,,,,,,,,,,,,,,,,,,,,,,,,,,,,,,,,,,,,,,,,,,,,,,,,,,,,,,,,,,,,,,,,,,,,,,,,,,,,,,,,,,,,,,,,,,,,,,,,,,,,,,,,,,,,,,,,,,,,,,,,,,,,,,,,,,,,,,,,,,,,,,
2019-05-22,891552.8944183077,10059.593973929834,,,,,,,,,,,33701.40279634021,22968.721174832528,178179.8093125927,,55570.82906669025,,,,,,51082.73937988762,19861.19929242918,21189.95505518289,13603.255062447666,69643.4394790238,44179.83802027011,,,,,,,,,,,,,,,,,,,,,,,,,,,,,,,,,,,,,,,,,,,,,,,,,,,,,,,,,,,,,,,,,,,,,,,,,,,,,,,,,,,,,,,,,,,,,,,,0.0,0.0,0.0,0.0,0.0,0.0017591469222679734,0.0,0.0,0.0,0.0,0.0,0.0,0.0,0.0,0.0,0.0,0.0,0.0,0.0,0.0,0.0,0.0,0.0,0.0,0.0013064012164250016,0.0,0.0,0.0036453166976571083,0.0,0.0,0.0,0.0035564147401601076,0.0,0.0,0.0,0.0,0.0,0.0,0.0,0.0,0.0,0.35433509945869446,0.0,0.0,0.0,0.0,0.0,0.0,0.000280939566437155,0.0,0.0,0.0,0.0,0.0,0.0,0.0,0.0,0.0,0.0,0.0,0.0,0.0,0.0,0.0,0.0,0.0,0.0,0.0,0.0,0.0,0.0,0.0,0.0,0.0,0.0,0.0,0.0,0.0,0.0,0.0,0.0,0.0002895304933190346,0.0,0.0,0.0,0.0,0.0,0.0,0.0,0.0004514709289651364,0.0,0.0,0.0,0.0,0.0,0.0,0.0,0.0,0.0,0.0,0.0,0.0,0.0,0.0,0.0,0.23673413693904877,0.0,0.0,0.0,0.0,0.0,0.0,0.0,0.0,0.0,0.0,0.0,0.0,0.0,0.0,0.006112119648605585,0.0,0.0,0.0,0.0,0.0,0.0,0.0,0.0,0.0,0.0,0.0,0.0,0.0,0.0009501978638581932,0.0,0.0,0.0,0.0,0.0,0.0,0.0,0.0,0.0,0.0,0.0,0.0,0.0,0.0,0.0,0.0,0.0,0.0,0.0,0.0,0.0,0.0,0.0,0.0,0.0,0.0,0.0,0.0,0.0,0.0,0.0,0.0,0.0,0.0,0.0,0.0,0.0004413347051013261,0.0014393494930118322,0.0,0.0,0.0,0.0,0.0,0.0,0.0,0.0,0.0,0.0,0.0,0.0,0.0,0.0,0.0,0.0,0.0,0.0,0.0,0.0,0.0,0.0010530672734603286,0.0,0.0,0.0,0.0,0.0,0.0,0.0,0.0,0.0,0.0,0.0,0.0,0.0,0.0,0.0,0.0004487152036745101,0.0,0.0,0.0,0.0,0.0,0.0,0.0,0.0,0.0,0.0,0.0,0.0,0.0,0.0,0.0,0.0,0.0,0.0,0.0,0.0,0.0,0.0,0.0,0.002649371512234211,0.0,0.0,0.0,0.0,0.0,0.0,0.0,1.6639629393466748e-05,0.0,0.0,0.0,0.0,0.0,0.0,0.0,0.0,0.0,0.0,0.0,0.0,0.0,0.0,0.0,0.0,0.0,0.0,0.0,0.0,0.0,0.0,0.0,0.0,0.0,0.0,0.0,0.0,0.0,0.0,0.0,0.0,0.0,0.0,0.0,0.0,0.0,0.0,0.0,0.0,0.0,0.0,0.0,0.0,0.0,0.0,0.0,0.0,0.0,0.0,0.0,0.0,0.0,0.0,0.0,0.0,0.0,0.0,0.0,0.0,0.0,0.0,0.0,0.00022665342839900404,0.0,0.0,0.0,0.0,0.0,0.0,0.0,0.0,0.0,0.0,0.0,0.0,0.0,0.0,0.0,0.0,0.0,0.0,0.0,0.0,0.0,0.0,0.0005905237630940974,0.0,0.0,0.0019058078760281205,0.0,0.0,0.0,0.0,0.0,0.0,0.0,0.0,0.0,0.0,0.0,0.0,0.0,0.0,0.0,0.0,0.0,0.0,0.0,0.0,0.0,0.0,0.0,0.0,0.0,0.0,0.0,0.0,0.0,0.0,0.0,0.0,0.0,0.0,0.0,0.0,0.0020384937524795532,0.0,0.0,0.0,0.0,0.0,0.0,0.0,0.0,0.0,0.0,0.0,0.0,0.0,0.0,0.0,0.0,0.0,0.0,0.0,0.0,0.0,0.0,0.27549755573272705,0.0,0.0,0.0,0.0,0.0,0.0,0.0,0.0,0.0009239051141776145,0.0,0.0,0.0,0.0,0.0,0.0,0.0,0.0,0.0,0.0,0.0,0.0,0.0,0.0,0.0,0.0,0.0,0.0,0.09578496962785721,0.0,0.0,0.0,0.0,0.0,0.0,0.0,0.0,0.0,0.0,0.0,0.0,0.0,0.0,0.0,0.0,0.0,0.0,0.0,0.0,0.0,0.0,0.0,0.0,0.0,0.0,0.0034059735480695963,0.0,0.0,0.0,0.0,0.0,0.0,0.0,0.0,0.0,0.0,0.0,0.0,0.0,0.0,0.0,0.0,0.0,0.0,0.0,0.0,0.0,0.0003127045347355306,0.0,0.0018471716903150082,0.0,0.0,0.0,0.0,0.0,0.0,0.0,0.0,0.0,0.0,0.0,0.0,0.0,0.0,0.0,0.0,0.0,0.0,0.0,0.0,0.0,0.0,0.0,0.0,0.0,0.0,0.0,0.00199695467017591,,,,,,,,,,,,,,,,,,,,,,,,,,,,,,,,,,,,,,,,,,,,,,,,,,,,,,,,,,,,,,,,,,,,,,,,,,,,,,,,,,,,,,,,,,,,,,,,,,,,,,,,,,,,,,,,,,,,,,,,,,,,,,,,,,,,,,,,,,,,,,,,,,,,,,,,,,,,,,,,,,,,,,,,,,,,,,,,,,,,,,,,,,,,,,,,,,,,,,,,,,,,,,,,,,,,,,,,,,,,,,,,,,,,,,,,,,,,,,,,,,,,,,,,,,,,,,,,,,,,,,,,,,,,
2019-05-23,858907.6008982309,8408.994781281877,,,,,,,,,,,34287.673906490294,23332.09572183895,184951.4709936525,,56603.68775585625,,,,,,52593.066978457806,19863.420906032632,21189.95505518289,12777.988867340155,66845.70083153884,44639.79845657818,,,,,,,,,,,,,,,,,,,,,,,,,,,,,,,,,,,,,,,,,,,,,,,,,,,,,,,,,,,,,,,,,,,,,,,,,,,,,,,,,,,,,,,,,,,,,,,,0.0,0.0,0.0,0.0,0.0,0.0017591469222679734,0.0,0.0,0.0,0.0,0.0,0.0,0.0,0.0,0.0,0.0,0.0,0.0,0.0,0.0,0.0,0.0,0.0,0.0,0.0013064012164250016,0.0,0.0,0.0036453166976571083,0.0,0.0,0.0,0.0035564147401601076,0.0,0.0,0.0,0.0,0.0,0.0,0.0,0.0,0.0,0.35433509945869446,0.0,0.0,0.0,0.0,0.0,0.0,0.000280939566437155,0.0,0.0,0.0,0.0,0.0,0.0,0.0,0.0,0.0,0.0,0.0,0.0,0.0,0.0,0.0,0.0,0.0,0.0,0.0,0.0,0.0,0.0,0.0,0.0,0.0,0.0,0.0,0.0,0.0,0.0,0.0,0.0,0.0002895304933190346,0.0,0.0,0.0,0.0,0.0,0.0,0.0,0.0004514709289651364,0.0,0.0,0.0,0.0,0.0,0.0,0.0,0.0,0.0,0.0,0.0,0.0,0.0,0.0,0.0,0.23673413693904877,0.0,0.0,0.0,0.0,0.0,0.0,0.0,0.0,0.0,0.0,0.0,0.0,0.0,0.0,0.006112119648605585,0.0,0.0,0.0,0.0,0.0,0.0,0.0,0.0,0.0,0.0,0.0,0.0,0.0,0.0009501978638581932,0.0,0.0,0.0,0.0,0.0,0.0,0.0,0.0,0.0,0.0,0.0,0.0,0.0,0.0,0.0,0.0,0.0,0.0,0.0,0.0,0.0,0.0,0.0,0.0,0.0,0.0,0.0,0.0,0.0,0.0,0.0,0.0,0.0,0.0,0.0,0.0,0.0004413347051013261,0.0014393494930118322,0.0,0.0,0.0,0.0,0.0,0.0,0.0,0.0,0.0,0.0,0.0,0.0,0.0,0.0,0.0,0.0,0.0,0.0,0.0,0.0,0.0,0.0010530672734603286,0.0,0.0,0.0,0.0,0.0,0.0,0.0,0.0,0.0,0.0,0.0,0.0,0.0,0.0,0.0,0.0004487152036745101,0.0,0.0,0.0,0.0,0.0,0.0,0.0,0.0,0.0,0.0,0.0,0.0,0.0,0.0,0.0,0.0,0.0,0.0,0.0,0.0,0.0,0.0,0.0,0.002649371512234211,0.0,0.0,0.0,0.0,0.0,0.0,0.0,1.6639629393466748e-05,0.0,0.0,0.0,0.0,0.0,0.0,0.0,0.0,0.0,0.0,0.0,0.0,0.0,0.0,0.0,0.0,0.0,0.0,0.0,0.0,0.0,0.0,0.0,0.0,0.0,0.0,0.0,0.0,0.0,0.0,0.0,0.0,0.0,0.0,0.0,0.0,0.0,0.0,0.0,0.0,0.0,0.0,0.0,0.0,0.0,0.0,0.0,0.0,0.0,0.0,0.0,0.0,0.0,0.0,0.0,0.0,0.0,0.0,0.0,0.0,0.0,0.0,0.0,0.00022665342839900404,0.0,0.0,0.0,0.0,0.0,0.0,0.0,0.0,0.0,0.0,0.0,0.0,0.0,0.0,0.0,0.0,0.0,0.0,0.0,0.0,0.0,0.0,0.0005905237630940974,0.0,0.0,0.0019058078760281205,0.0,0.0,0.0,0.0,0.0,0.0,0.0,0.0,0.0,0.0,0.0,0.0,0.0,0.0,0.0,0.0,0.0,0.0,0.0,0.0,0.0,0.0,0.0,0.0,0.0,0.0,0.0,0.0,0.0,0.0,0.0,0.0,0.0,0.0,0.0,0.0,0.0020384937524795532,0.0,0.0,0.0,0.0,0.0,0.0,0.0,0.0,0.0,0.0,0.0,0.0,0.0,0.0,0.0,0.0,0.0,0.0,0.0,0.0,0.0,0.0,0.27549755573272705,0.0,0.0,0.0,0.0,0.0,0.0,0.0,0.0,0.0009239051141776145,0.0,0.0,0.0,0.0,0.0,0.0,0.0,0.0,0.0,0.0,0.0,0.0,0.0,0.0,0.0,0.0,0.0,0.0,0.09578496962785721,0.0,0.0,0.0,0.0,0.0,0.0,0.0,0.0,0.0,0.0,0.0,0.0,0.0,0.0,0.0,0.0,0.0,0.0,0.0,0.0,0.0,0.0,0.0,0.0,0.0,0.0,0.0034059735480695963,0.0,0.0,0.0,0.0,0.0,0.0,0.0,0.0,0.0,0.0,0.0,0.0,0.0,0.0,0.0,0.0,0.0,0.0,0.0,0.0,0.0,0.0003127045347355306,0.0,0.0018471716903150082,0.0,0.0,0.0,0.0,0.0,0.0,0.0,0.0,0.0,0.0,0.0,0.0,0.0,0.0,0.0,0.0,0.0,0.0,0.0,0.0,0.0,0.0,0.0,0.0,0.0,0.0,0.0,0.00199695467017591,,,,,,,,,,,,,,,,,,,,,,,,,,,,,,,,,,,,,,,,,,,,,,,,,,,,,,,,,,,,,,,,,,,,,,,,,,,,,,,,,,,,,,,,,,,,,,,,,,,,,,,,,,,,,,,,,,,,,,,,,,,,,,,,,,,,,,,,,,,,,,,,,,,,,,,,,,,,,,,,,,,,,,,,,,,,,,,,,,,,,,,,,,,,,,,,,,,,,,,,,,,,,,,,,,,,,,,,,,,,,,,,,,,,,,,,,,,,,,,,,,,,,,,,,,,,,,,,,,,,,,,,,,,,
2019-05-24,840826.273231383,4015.9217009030945,,,,,,,,,,,34751.82580488094,23695.31047624461,187288.5649060332,,57659.913773845525,,,,,,54927.038677607816,18975.363631704608,21306.524457953856,13190.403234465057,66861.02550078693,43023.968043362554,,,,,,,,,,,,,,,,,,,,,,,,,,,,,,,,,,,,,,,,,,,,,,,,,,,,,,,,,,,,,,,,,,,,,,,,,,,,,,,,,,,,,,,,,,,,,,,,0.0,0.0,0.0,0.0,0.0,0.0017591469222679734,0.0,0.0,0.0,0.0,0.0,0.0,0.0,0.0,0.0,0.0,0.0,0.0,0.0,0.0,0.0,0.0,0.0,0.0,0.0013064012164250016,0.0,0.0,0.0036453166976571083,0.0,0.0,0.0,0.0035564147401601076,0.0,0.0,0.0,0.0,0.0,0.0,0.0,0.0,0.0,0.35433509945869446,0.0,0.0,0.0,0.0,0.0,0.0,0.000280939566437155,0.0,0.0,0.0,0.0,0.0,0.0,0.0,0.0,0.0,0.0,0.0,0.0,0.0,0.0,0.0,0.0,0.0,0.0,0.0,0.0,0.0,0.0,0.0,0.0,0.0,0.0,0.0,0.0,0.0,0.0,0.0,0.0,0.0002895304933190346,0.0,0.0,0.0,0.0,0.0,0.0,0.0,0.0004514709289651364,0.0,0.0,0.0,0.0,0.0,0.0,0.0,0.0,0.0,0.0,0.0,0.0,0.0,0.0,0.0,0.23673413693904877,0.0,0.0,0.0,0.0,0.0,0.0,0.0,0.0,0.0,0.0,0.0,0.0,0.0,0.0,0.006112119648605585,0.0,0.0,0.0,0.0,0.0,0.0,0.0,0.0,0.0,0.0,0.0,0.0,0.0,0.0009501978638581932,0.0,0.0,0.0,0.0,0.0,0.0,0.0,0.0,0.0,0.0,0.0,0.0,0.0,0.0,0.0,0.0,0.0,0.0,0.0,0.0,0.0,0.0,0.0,0.0,0.0,0.0,0.0,0.0,0.0,0.0,0.0,0.0,0.0,0.0,0.0,0.0,0.0004413347051013261,0.0014393494930118322,0.0,0.0,0.0,0.0,0.0,0.0,0.0,0.0,0.0,0.0,0.0,0.0,0.0,0.0,0.0,0.0,0.0,0.0,0.0,0.0,0.0,0.0010530672734603286,0.0,0.0,0.0,0.0,0.0,0.0,0.0,0.0,0.0,0.0,0.0,0.0,0.0,0.0,0.0,0.0004487152036745101,0.0,0.0,0.0,0.0,0.0,0.0,0.0,0.0,0.0,0.0,0.0,0.0,0.0,0.0,0.0,0.0,0.0,0.0,0.0,0.0,0.0,0.0,0.0,0.002649371512234211,0.0,0.0,0.0,0.0,0.0,0.0,0.0,1.6639629393466748e-05,0.0,0.0,0.0,0.0,0.0,0.0,0.0,0.0,0.0,0.0,0.0,0.0,0.0,0.0,0.0,0.0,0.0,0.0,0.0,0.0,0.0,0.0,0.0,0.0,0.0,0.0,0.0,0.0,0.0,0.0,0.0,0.0,0.0,0.0,0.0,0.0,0.0,0.0,0.0,0.0,0.0,0.0,0.0,0.0,0.0,0.0,0.0,0.0,0.0,0.0,0.0,0.0,0.0,0.0,0.0,0.0,0.0,0.0,0.0,0.0,0.0,0.0,0.0,0.00022665342839900404,0.0,0.0,0.0,0.0,0.0,0.0,0.0,0.0,0.0,0.0,0.0,0.0,0.0,0.0,0.0,0.0,0.0,0.0,0.0,0.0,0.0,0.0,0.0005905237630940974,0.0,0.0,0.0019058078760281205,0.0,0.0,0.0,0.0,0.0,0.0,0.0,0.0,0.0,0.0,0.0,0.0,0.0,0.0,0.0,0.0,0.0,0.0,0.0,0.0,0.0,0.0,0.0,0.0,0.0,0.0,0.0,0.0,0.0,0.0,0.0,0.0,0.0,0.0,0.0,0.0,0.0020384937524795532,0.0,0.0,0.0,0.0,0.0,0.0,0.0,0.0,0.0,0.0,0.0,0.0,0.0,0.0,0.0,0.0,0.0,0.0,0.0,0.0,0.0,0.0,0.27549755573272705,0.0,0.0,0.0,0.0,0.0,0.0,0.0,0.0,0.0009239051141776145,0.0,0.0,0.0,0.0,0.0,0.0,0.0,0.0,0.0,0.0,0.0,0.0,0.0,0.0,0.0,0.0,0.0,0.0,0.09578496962785721,0.0,0.0,0.0,0.0,0.0,0.0,0.0,0.0,0.0,0.0,0.0,0.0,0.0,0.0,0.0,0.0,0.0,0.0,0.0,0.0,0.0,0.0,0.0,0.0,0.0,0.0,0.0034059735480695963,0.0,0.0,0.0,0.0,0.0,0.0,0.0,0.0,0.0,0.0,0.0,0.0,0.0,0.0,0.0,0.0,0.0,0.0,0.0,0.0,0.0,0.0003127045347355306,0.0,0.0018471716903150082,0.0,0.0,0.0,0.0,0.0,0.0,0.0,0.0,0.0,0.0,0.0,0.0,0.0,0.0,0.0,0.0,0.0,0.0,0.0,0.0,0.0,0.0,0.0,0.0,0.0,0.0,0.0,0.00199695467017591,,,,,,,,,,,,,,,,,,,,,,,,,,,,,,,,,,,,,,,,,,,,,,,,,,,,,,,,,,,,,,,,,,,,,,,,,,,,,,,,,,,,,,,,,,,,,,,,,,,,,,,,,,,,,,,,,,,,,,,,,,,,,,,,,,,,,,,,,,,,,,,,,,,,,,,,,,,,,,,,,,,,,,,,,,,,,,,,,,,,,,,,,,,,,,,,,,,,,,,,,,,,,,,,,,,,,,,,,,,,,,,,,,,,,,,,,,,,,,,,,,,,,,,,,,,,,,,,,,,,,,,,,,,,
2019-05-27,840934.4487162262,11923.958938726839,,,,,,,,,,,35982.20276985335,23695.31047624461,187572.31693326033,,58358.74554601855,,,,,,54927.038677607816,18380.567747667545,20376.485972729683,12778.444093168788,66862.57292668402,41637.197436000315,,,,,,,,,,,,,,,,,,,,,,,,,,,,,,,,,,,,,,,,,,,,,,,,,,,,,,,,,,,,,,,,,,,,,,,,,,,,,,,,,,,,,,,,,,,,,,,,0.0,0.0,0.0,0.0,0.0,0.0017591469222679734,0.0,0.0,0.0,0.0,0.0,0.0,0.0,0.0,0.0,0.0,0.0,0.0,0.0,0.0,0.0,0.0,0.0,0.0,0.0013064012164250016,0.0,0.0,0.0036453166976571083,0.0,0.0,0.0,0.0035564147401601076,0.0,0.0,0.0,0.0,0.0,0.0,0.0,0.0,0.0,0.35433509945869446,0.0,0.0,0.0,0.0,0.0,0.0,0.000280939566437155,0.0,0.0,0.0,0.0,0.0,0.0,0.0,0.0,0.0,0.0,0.0,0.0,0.0,0.0,0.0,0.0,0.0,0.0,0.0,0.0,0.0,0.0,0.0,0.0,0.0,0.0,0.0,0.0,0.0,0.0,0.0,0.0,0.0002895304933190346,0.0,0.0,0.0,0.0,0.0,0.0,0.0,0.0004514709289651364,0.0,0.0,0.0,0.0,0.0,0.0,0.0,0.0,0.0,0.0,0.0,0.0,0.0,0.0,0.0,0.23673413693904877,0.0,0.0,0.0,0.0,0.0,0.0,0.0,0.0,0.0,0.0,0.0,0.0,0.0,0.0,0.006112119648605585,0.0,0.0,0.0,0.0,0.0,0.0,0.0,0.0,0.0,0.0,0.0,0.0,0.0,0.0009501978638581932,0.0,0.0,0.0,0.0,0.0,0.0,0.0,0.0,0.0,0.0,0.0,0.0,0.0,0.0,0.0,0.0,0.0,0.0,0.0,0.0,0.0,0.0,0.0,0.0,0.0,0.0,0.0,0.0,0.0,0.0,0.0,0.0,0.0,0.0,0.0,0.0,0.0004413347051013261,0.0014393494930118322,0.0,0.0,0.0,0.0,0.0,0.0,0.0,0.0,0.0,0.0,0.0,0.0,0.0,0.0,0.0,0.0,0.0,0.0,0.0,0.0,0.0,0.0010530672734603286,0.0,0.0,0.0,0.0,0.0,0.0,0.0,0.0,0.0,0.0,0.0,0.0,0.0,0.0,0.0,0.0004487152036745101,0.0,0.0,0.0,0.0,0.0,0.0,0.0,0.0,0.0,0.0,0.0,0.0,0.0,0.0,0.0,0.0,0.0,0.0,0.0,0.0,0.0,0.0,0.0,0.002649371512234211,0.0,0.0,0.0,0.0,0.0,0.0,0.0,1.6639629393466748e-05,0.0,0.0,0.0,0.0,0.0,0.0,0.0,0.0,0.0,0.0,0.0,0.0,0.0,0.0,0.0,0.0,0.0,0.0,0.0,0.0,0.0,0.0,0.0,0.0,0.0,0.0,0.0,0.0,0.0,0.0,0.0,0.0,0.0,0.0,0.0,0.0,0.0,0.0,0.0,0.0,0.0,0.0,0.0,0.0,0.0,0.0,0.0,0.0,0.0,0.0,0.0,0.0,0.0,0.0,0.0,0.0,0.0,0.0,0.0,0.0,0.0,0.0,0.0,0.00022665342839900404,0.0,0.0,0.0,0.0,0.0,0.0,0.0,0.0,0.0,0.0,0.0,0.0,0.0,0.0,0.0,0.0,0.0,0.0,0.0,0.0,0.0,0.0,0.0005905237630940974,0.0,0.0,0.0019058078760281205,0.0,0.0,0.0,0.0,0.0,0.0,0.0,0.0,0.0,0.0,0.0,0.0,0.0,0.0,0.0,0.0,0.0,0.0,0.0,0.0,0.0,0.0,0.0,0.0,0.0,0.0,0.0,0.0,0.0,0.0,0.0,0.0,0.0,0.0,0.0,0.0,0.0020384937524795532,0.0,0.0,0.0,0.0,0.0,0.0,0.0,0.0,0.0,0.0,0.0,0.0,0.0,0.0,0.0,0.0,0.0,0.0,0.0,0.0,0.0,0.0,0.27549755573272705,0.0,0.0,0.0,0.0,0.0,0.0,0.0,0.0,0.0009239051141776145,0.0,0.0,0.0,0.0,0.0,0.0,0.0,0.0,0.0,0.0,0.0,0.0,0.0,0.0,0.0,0.0,0.0,0.0,0.09578496962785721,0.0,0.0,0.0,0.0,0.0,0.0,0.0,0.0,0.0,0.0,0.0,0.0,0.0,0.0,0.0,0.0,0.0,0.0,0.0,0.0,0.0,0.0,0.0,0.0,0.0,0.0,0.0034059735480695963,0.0,0.0,0.0,0.0,0.0,0.0,0.0,0.0,0.0,0.0,0.0,0.0,0.0,0.0,0.0,0.0,0.0,0.0,0.0,0.0,0.0,0.0003127045347355306,0.0,0.0018471716903150082,0.0,0.0,0.0,0.0,0.0,0.0,0.0,0.0,0.0,0.0,0.0,0.0,0.0,0.0,0.0,0.0,0.0,0.0,0.0,0.0,0.0,0.0,0.0,0.0,0.0,0.0,0.0,0.00199695467017591,,,,,,,,,,,,,,,,,,,,,,,,,,,,,,,,,,,,,,,,,,,,,,,,,,,,,,,,,,,,,,,,,,,,,,,,,,,,,,,,,,,,,,,,,,,,,,,,,,,,,,,,,,,,,,,,,,,,,,,,,,,,,,,,,,,,,,,,,,,,,,,,,,,,,,,,,,,,,,,,,,,,,,,,,,,,,,,,,,,,,,,,,,,,,,,,,,,,,,,,,,,,,,,,,,,,,,,,,,,,,,,,,,,,,,,,,,,,,,,,,,,,,,,,,,,,,,,,,,,,,,,,,,,,
2019-05-28,841204.0939509153,13093.403882914457,,,,,,,,,,,36845.942284753524,24930.952503259083,187572.31693326033,,62891.80102950245,,,,,,54927.038677607816,17493.936654590558,19739.26584959057,11953.862404457435,66864.43270818115,41401.57847635267,,,,,,,,,,,,,,,,,,,,,,,,,,,,,,,,,,,,,,,,,,,,,,,,,,,,,,,,,,,,,,,,,,,,,,,,,,,,,,,,,,,,,,,,,,,,,,,,0.0,0.0,0.0,0.0,0.0,0.0017591469222679734,0.0,0.0,0.0,0.0,0.0,0.0,0.0,0.0,0.0,0.0,0.0,0.0,0.0,0.0,0.0,0.0,0.0,0.0,0.0013064012164250016,0.0,0.0,0.0036453166976571083,0.0,0.0,0.0,0.0035564147401601076,0.0,0.0,0.0,0.0,0.0,0.0,0.0,0.0,0.0,0.35433509945869446,0.0,0.0,0.0,0.0,0.0,0.0,0.000280939566437155,0.0,0.0,0.0,0.0,0.0,0.0,0.0,0.0,0.0,0.0,0.0,0.0,0.0,0.0,0.0,0.0,0.0,0.0,0.0,0.0,0.0,0.0,0.0,0.0,0.0,0.0,0.0,0.0,0.0,0.0,0.0,0.0,0.0002895304933190346,0.0,0.0,0.0,0.0,0.0,0.0,0.0,0.0004514709289651364,0.0,0.0,0.0,0.0,0.0,0.0,0.0,0.0,0.0,0.0,0.0,0.0,0.0,0.0,0.0,0.23673413693904877,0.0,0.0,0.0,0.0,0.0,0.0,0.0,0.0,0.0,0.0,0.0,0.0,0.0,0.0,0.006112119648605585,0.0,0.0,0.0,0.0,0.0,0.0,0.0,0.0,0.0,0.0,0.0,0.0,0.0,0.0009501978638581932,0.0,0.0,0.0,0.0,0.0,0.0,0.0,0.0,0.0,0.0,0.0,0.0,0.0,0.0,0.0,0.0,0.0,0.0,0.0,0.0,0.0,0.0,0.0,0.0,0.0,0.0,0.0,0.0,0.0,0.0,0.0,0.0,0.0,0.0,0.0,0.0,0.0004413347051013261,0.0014393494930118322,0.0,0.0,0.0,0.0,0.0,0.0,0.0,0.0,0.0,0.0,0.0,0.0,0.0,0.0,0.0,0.0,0.0,0.0,0.0,0.0,0.0,0.0010530672734603286,0.0,0.0,0.0,0.0,0.0,0.0,0.0,0.0,0.0,0.0,0.0,0.0,0.0,0.0,0.0,0.0004487152036745101,0.0,0.0,0.0,0.0,0.0,0.0,0.0,0.0,0.0,0.0,0.0,0.0,0.0,0.0,0.0,0.0,0.0,0.0,0.0,0.0,0.0,0.0,0.0,0.002649371512234211,0.0,0.0,0.0,0.0,0.0,0.0,0.0,1.6639629393466748e-05,0.0,0.0,0.0,0.0,0.0,0.0,0.0,0.0,0.0,0.0,0.0,0.0,0.0,0.0,0.0,0.0,0.0,0.0,0.0,0.0,0.0,0.0,0.0,0.0,0.0,0.0,0.0,0.0,0.0,0.0,0.0,0.0,0.0,0.0,0.0,0.0,0.0,0.0,0.0,0.0,0.0,0.0,0.0,0.0,0.0,0.0,0.0,0.0,0.0,0.0,0.0,0.0,0.0,0.0,0.0,0.0,0.0,0.0,0.0,0.0,0.0,0.0,0.0,0.00022665342839900404,0.0,0.0,0.0,0.0,0.0,0.0,0.0,0.0,0.0,0.0,0.0,0.0,0.0,0.0,0.0,0.0,0.0,0.0,0.0,0.0,0.0,0.0,0.0005905237630940974,0.0,0.0,0.0019058078760281205,0.0,0.0,0.0,0.0,0.0,0.0,0.0,0.0,0.0,0.0,0.0,0.0,0.0,0.0,0.0,0.0,0.0,0.0,0.0,0.0,0.0,0.0,0.0,0.0,0.0,0.0,0.0,0.0,0.0,0.0,0.0,0.0,0.0,0.0,0.0,0.0,0.0020384937524795532,0.0,0.0,0.0,0.0,0.0,0.0,0.0,0.0,0.0,0.0,0.0,0.0,0.0,0.0,0.0,0.0,0.0,0.0,0.0,0.0,0.0,0.0,0.27549755573272705,0.0,0.0,0.0,0.0,0.0,0.0,0.0,0.0,0.0009239051141776145,0.0,0.0,0.0,0.0,0.0,0.0,0.0,0.0,0.0,0.0,0.0,0.0,0.0,0.0,0.0,0.0,0.0,0.0,0.09578496962785721,0.0,0.0,0.0,0.0,0.0,0.0,0.0,0.0,0.0,0.0,0.0,0.0,0.0,0.0,0.0,0.0,0.0,0.0,0.0,0.0,0.0,0.0,0.0,0.0,0.0,0.0,0.0034059735480695963,0.0,0.0,0.0,0.0,0.0,0.0,0.0,0.0,0.0,0.0,0.0,0.0,0.0,0.0,0.0,0.0,0.0,0.0,0.0,0.0,0.0,0.0003127045347355306,0.0,0.0018471716903150082,0.0,0.0,0.0,0.0,0.0,0.0,0.0,0.0,0.0,0.0,0.0,0.0,0.0,0.0,0.0,0.0,0.0,0.0,0.0,0.0,0.0,0.0,0.0,0.0,0.0,0.0,0.0,0.00199695467017591,,,,,,,,,,,,,,,,,,,,,,,,,,,,,,,,,,,,,,,,,,,,,,,,,,,,,,,,,,,,,,,,,,,,,,,,,,,,,,,,,,,,,,,,,,,,,,,,,,,,,,,,,,,,,,,,,,,,,,,,,,,,,,,,,,,,,,,,,,,,,,,,,,,,,,,,,,,,,,,,,,,,,,,,,,,,,,,,,,,,,,,,,,,,,,,,,,,,,,,,,,,,,,,,,,,,,,,,,,,,,,,,,,,,,,,,,,,,,,,,,,,,,,,,,,,,,,,,,,,,,,,,,,,,
2019-05-29,837051.640340055,267.14768687925033,,,,,,,,,,,35933.173368838274,27475.32812281077,184177.05739600642,,66387.2624101334,,,,,,58222.63440840254,17197.582741665523,20027.471436974498,11953.895445392858,66854.30925352665,41401.57847635267,,,,,,,,,,,,,,,,,,,,,,,,,,,,,,,,,,,,,,,,,,,,,,,,,,,,,,,,,,,,,,,,,,,,,,,,,,,,,,,,,,,,,,,,,,,,,,,,0.0,0.0,0.0,0.0,0.0,0.0017591469222679734,0.0,0.0,0.0,0.0,0.0,0.0,0.0,0.0,0.0,0.0,0.0,0.0,0.0,0.0,0.0,0.0,0.0,0.0,0.0013064012164250016,0.0,0.0,0.0036453166976571083,0.0,0.0,0.0,0.0035564147401601076,0.0,0.0,0.0,0.0,0.0,0.0,0.0,0.0,0.0,0.35433509945869446,0.0,0.0,0.0,0.0,0.0,0.0,0.000280939566437155,0.0,0.0,0.0,0.0,0.0,0.0,0.0,0.0,0.0,0.0,0.0,0.0,0.0,0.0,0.0,0.0,0.0,0.0,0.0,0.0,0.0,0.0,0.0,0.0,0.0,0.0,0.0,0.0,0.0,0.0,0.0,0.0,0.0002895304933190346,0.0,0.0,0.0,0.0,0.0,0.0,0.0,0.0004514709289651364,0.0,0.0,0.0,0.0,0.0,0.0,0.0,0.0,0.0,0.0,0.0,0.0,0.0,0.0,0.0,0.23673413693904877,0.0,0.0,0.0,0.0,0.0,0.0,0.0,0.0,0.0,0.0,0.0,0.0,0.0,0.0,0.006112119648605585,0.0,0.0,0.0,0.0,0.0,0.0,0.0,0.0,0.0,0.0,0.0,0.0,0.0,0.0009501978638581932,0.0,0.0,0.0,0.0,0.0,0.0,0.0,0.0,0.0,0.0,0.0,0.0,0.0,0.0,0.0,0.0,0.0,0.0,0.0,0.0,0.0,0.0,0.0,0.0,0.0,0.0,0.0,0.0,0.0,0.0,0.0,0.0,0.0,0.0,0.0,0.0,0.0004413347051013261,0.0014393494930118322,0.0,0.0,0.0,0.0,0.0,0.0,0.0,0.0,0.0,0.0,0.0,0.0,0.0,0.0,0.0,0.0,0.0,0.0,0.0,0.0,0.0,0.0010530672734603286,0.0,0.0,0.0,0.0,0.0,0.0,0.0,0.0,0.0,0.0,0.0,0.0,0.0,0.0,0.0,0.0004487152036745101,0.0,0.0,0.0,0.0,0.0,0.0,0.0,0.0,0.0,0.0,0.0,0.0,0.0,0.0,0.0,0.0,0.0,0.0,0.0,0.0,0.0,0.0,0.0,0.002649371512234211,0.0,0.0,0.0,0.0,0.0,0.0,0.0,1.6639629393466748e-05,0.0,0.0,0.0,0.0,0.0,0.0,0.0,0.0,0.0,0.0,0.0,0.0,0.0,0.0,0.0,0.0,0.0,0.0,0.0,0.0,0.0,0.0,0.0,0.0,0.0,0.0,0.0,0.0,0.0,0.0,0.0,0.0,0.0,0.0,0.0,0.0,0.0,0.0,0.0,0.0,0.0,0.0,0.0,0.0,0.0,0.0,0.0,0.0,0.0,0.0,0.0,0.0,0.0,0.0,0.0,0.0,0.0,0.0,0.0,0.0,0.0,0.0,0.0,0.00022665342839900404,0.0,0.0,0.0,0.0,0.0,0.0,0.0,0.0,0.0,0.0,0.0,0.0,0.0,0.0,0.0,0.0,0.0,0.0,0.0,0.0,0.0,0.0,0.0005905237630940974,0.0,0.0,0.0019058078760281205,0.0,0.0,0.0,0.0,0.0,0.0,0.0,0.0,0.0,0.0,0.0,0.0,0.0,0.0,0.0,0.0,0.0,0.0,0.0,0.0,0.0,0.0,0.0,0.0,0.0,0.0,0.0,0.0,0.0,0.0,0.0,0.0,0.0,0.0,0.0,0.0,0.0020384937524795532,0.0,0.0,0.0,0.0,0.0,0.0,0.0,0.0,0.0,0.0,0.0,0.0,0.0,0.0,0.0,0.0,0.0,0.0,0.0,0.0,0.0,0.0,0.27549755573272705,0.0,0.0,0.0,0.0,0.0,0.0,0.0,0.0,0.0009239051141776145,0.0,0.0,0.0,0.0,0.0,0.0,0.0,0.0,0.0,0.0,0.0,0.0,0.0,0.0,0.0,0.0,0.0,0.0,0.09578496962785721,0.0,0.0,0.0,0.0,0.0,0.0,0.0,0.0,0.0,0.0,0.0,0.0,0.0,0.0,0.0,0.0,0.0,0.0,0.0,0.0,0.0,0.0,0.0,0.0,0.0,0.0,0.0034059735480695963,0.0,0.0,0.0,0.0,0.0,0.0,0.0,0.0,0.0,0.0,0.0,0.0,0.0,0.0,0.0,0.0,0.0,0.0,0.0,0.0,0.0,0.0003127045347355306,0.0,0.0018471716903150082,0.0,0.0,0.0,0.0,0.0,0.0,0.0,0.0,0.0,0.0,0.0,0.0,0.0,0.0,0.0,0.0,0.0,0.0,0.0,0.0,0.0,0.0,0.0,0.0,0.0,0.0,0.0,0.00199695467017591,,,,,,,,,,,,,,,,,,,,,,,,,,,,,,,,,,,,,,,,,,,,,,,,,,,,,,,,,,,,,,,,,,,,,,,,,,,,,,,,,,,,,,,,,,,,,,,,,,,,,,,,,,,,,,,,,,,,,,,,,,,,,,,,,,,,,,,,,,,,,,,,,,,,,,,,,,,,,,,,,,,,,,,,,,,,,,,,,,,,,,,,,,,,,,,,,,,,,,,,,,,,,,,,,,,,,,,,,,,,,,,,,,,,,,,,,,,,,,,,,,,,,,,,,,,,,,,,,,,,,,,,,,,,
2019-05-30,829673.5370670838,5706.2843674092655,,,,,,,,,,,36035.271430521454,25221.857226905537,192680.20541090384,,66387.2624101334,,,,,,59036.35863112823,17197.114687810517,20204.163825865653,11541.794240454554,66863.08643810128,40941.52528580005,,,,,,,,,,,,,,,,,,,,,,,,,,,,,,,,,,,,,,,,,,,,,,,,,,,,,,,,,,,,,,,,,,,,,,,,,,,,,,,,,,,,,,,,,,,,,,,,0.0,0.0,0.0,0.0,0.0,0.0017591469222679734,0.0,0.0,0.0,0.0,0.0,0.0,0.0,0.0,0.0,0.0,0.0,0.0,0.0,0.0,0.0,0.0,0.0,0.0,0.0013064012164250016,0.0,0.0,0.0036453166976571083,0.0,0.0,0.0,0.0035564147401601076,0.0,0.0,0.0,0.0,0.0,0.0,0.0,0.0,0.0,0.35433509945869446,0.0,0.0,0.0,0.0,0.0,0.0,0.000280939566437155,0.0,0.0,0.0,0.0,0.0,0.0,0.0,0.0,0.0,0.0,0.0,0.0,0.0,0.0,0.0,0.0,0.0,0.0,0.0,0.0,0.0,0.0,0.0,0.0,0.0,0.0,0.0,0.0,0.0,0.0,0.0,0.0,0.0002895304933190346,0.0,0.0,0.0,0.0,0.0,0.0,0.0,0.0004514709289651364,0.0,0.0,0.0,0.0,0.0,0.0,0.0,0.0,0.0,0.0,0.0,0.0,0.0,0.0,0.0,0.23673413693904877,0.0,0.0,0.0,0.0,0.0,0.0,0.0,0.0,0.0,0.0,0.0,0.0,0.0,0.0,0.006112119648605585,0.0,0.0,0.0,0.0,0.0,0.0,0.0,0.0,0.0,0.0,0.0,0.0,0.0,0.0009501978638581932,0.0,0.0,0.0,0.0,0.0,0.0,0.0,0.0,0.0,0.0,0.0,0.0,0.0,0.0,0.0,0.0,0.0,0.0,0.0,0.0,0.0,0.0,0.0,0.0,0.0,0.0,0.0,0.0,0.0,0.0,0.0,0.0,0.0,0.0,0.0,0.0,0.0004413347051013261,0.0014393494930118322,0.0,0.0,0.0,0.0,0.0,0.0,0.0,0.0,0.0,0.0,0.0,0.0,0.0,0.0,0.0,0.0,0.0,0.0,0.0,0.0,0.0,0.0010530672734603286,0.0,0.0,0.0,0.0,0.0,0.0,0.0,0.0,0.0,0.0,0.0,0.0,0.0,0.0,0.0,0.0004487152036745101,0.0,0.0,0.0,0.0,0.0,0.0,0.0,0.0,0.0,0.0,0.0,0.0,0.0,0.0,0.0,0.0,0.0,0.0,0.0,0.0,0.0,0.0,0.0,0.002649371512234211,0.0,0.0,0.0,0.0,0.0,0.0,0.0,1.6639629393466748e-05,0.0,0.0,0.0,0.0,0.0,0.0,0.0,0.0,0.0,0.0,0.0,0.0,0.0,0.0,0.0,0.0,0.0,0.0,0.0,0.0,0.0,0.0,0.0,0.0,0.0,0.0,0.0,0.0,0.0,0.0,0.0,0.0,0.0,0.0,0.0,0.0,0.0,0.0,0.0,0.0,0.0,0.0,0.0,0.0,0.0,0.0,0.0,0.0,0.0,0.0,0.0,0.0,0.0,0.0,0.0,0.0,0.0,0.0,0.0,0.0,0.0,0.0,0.0,0.00022665342839900404,0.0,0.0,0.0,0.0,0.0,0.0,0.0,0.0,0.0,0.0,0.0,0.0,0.0,0.0,0.0,0.0,0.0,0.0,0.0,0.0,0.0,0.0,0.0005905237630940974,0.0,0.0,0.0019058078760281205,0.0,0.0,0.0,0.0,0.0,0.0,0.0,0.0,0.0,0.0,0.0,0.0,0.0,0.0,0.0,0.0,0.0,0.0,0.0,0.0,0.0,0.0,0.0,0.0,0.0,0.0,0.0,0.0,0.0,0.0,0.0,0.0,0.0,0.0,0.0,0.0,0.0020384937524795532,0.0,0.0,0.0,0.0,0.0,0.0,0.0,0.0,0.0,0.0,0.0,0.0,0.0,0.0,0.0,0.0,0.0,0.0,0.0,0.0,0.0,0.0,0.27549755573272705,0.0,0.0,0.0,0.0,0.0,0.0,0.0,0.0,0.0009239051141776145,0.0,0.0,0.0,0.0,0.0,0.0,0.0,0.0,0.0,0.0,0.0,0.0,0.0,0.0,0.0,0.0,0.0,0.0,0.09578496962785721,0.0,0.0,0.0,0.0,0.0,0.0,0.0,0.0,0.0,0.0,0.0,0.0,0.0,0.0,0.0,0.0,0.0,0.0,0.0,0.0,0.0,0.0,0.0,0.0,0.0,0.0,0.0034059735480695963,0.0,0.0,0.0,0.0,0.0,0.0,0.0,0.0,0.0,0.0,0.0,0.0,0.0,0.0,0.0,0.0,0.0,0.0,0.0,0.0,0.0,0.0003127045347355306,0.0,0.0018471716903150082,0.0,0.0,0.0,0.0,0.0,0.0,0.0,0.0,0.0,0.0,0.0,0.0,0.0,0.0,0.0,0.0,0.0,0.0,0.0,0.0,0.0,0.0,0.0,0.0,0.0,0.0,0.0,0.00199695467017591,,,,,,,,,,,,,,,,,,,,,,,,,,,,,,,,,,,,,,,,,,,,,,,,,,,,,,,,,,,,,,,,,,,,,,,,,,,,,,,,,,,,,,,,,,,,,,,,,,,,,,,,,,,,,,,,,,,,,,,,,,,,,,,,,,,,,,,,,,,,,,,,,,,,,,,,,,,,,,,,,,,,,,,,,,,,,,,,,,,,,,,,,,,,,,,,,,,,,,,,,,,,,,,,,,,,,,,,,,,,,,,,,,,,,,,,,,,,,,,,,,,,,,,,,,,,,,,,,,,,,,,,,,,,
2019-05-31,820791.0606205439,7942.848844574387,,,,,,,,,,,38642.92642609283,22314.633811370702,190430.9933196557,,66387.2624101334,,,,,,61669.95826025023,16899.268744922207,20201.317207815056,11541.882858483132,66852.75527284693,41869.63801374455,,,,,,,,,,,,,,,,,,,,,,,,,,,,,,,,,,,,,,,,,,,,,,,,,,,,,,,,,,,,,,,,,,,,,,,,,,,,,,,,,,,,,,,,,,,,,,,,0.0,0.0,0.0,0.0,0.0,0.0017591469222679734,0.0,0.0,0.0,0.0,0.0,0.0,0.0,0.0,0.0,0.0,0.0,0.0,0.0,0.0,0.0,0.0,0.0,0.0,0.0013064012164250016,0.0,0.0,0.0036453166976571083,0.0,0.0,0.0,0.0035564147401601076,0.0,0.0,0.0,0.0,0.0,0.0,0.0,0.0,0.0,0.35433509945869446,0.0,0.0,0.0,0.0,0.0,0.0,0.000280939566437155,0.0,0.0,0.0,0.0,0.0,0.0,0.0,0.0,0.0,0.0,0.0,0.0,0.0,0.0,0.0,0.0,0.0,0.0,0.0,0.0,0.0,0.0,0.0,0.0,0.0,0.0,0.0,0.0,0.0,0.0,0.0,0.0,0.0002895304933190346,0.0,0.0,0.0,0.0,0.0,0.0,0.0,0.0004514709289651364,0.0,0.0,0.0,0.0,0.0,0.0,0.0,0.0,0.0,0.0,0.0,0.0,0.0,0.0,0.0,0.23673413693904877,0.0,0.0,0.0,0.0,0.0,0.0,0.0,0.0,0.0,0.0,0.0,0.0,0.0,0.0,0.006112119648605585,0.0,0.0,0.0,0.0,0.0,0.0,0.0,0.0,0.0,0.0,0.0,0.0,0.0,0.0009501978638581932,0.0,0.0,0.0,0.0,0.0,0.0,0.0,0.0,0.0,0.0,0.0,0.0,0.0,0.0,0.0,0.0,0.0,0.0,0.0,0.0,0.0,0.0,0.0,0.0,0.0,0.0,0.0,0.0,0.0,0.0,0.0,0.0,0.0,0.0,0.0,0.0,0.0004413347051013261,0.0014393494930118322,0.0,0.0,0.0,0.0,0.0,0.0,0.0,0.0,0.0,0.0,0.0,0.0,0.0,0.0,0.0,0.0,0.0,0.0,0.0,0.0,0.0,0.0010530672734603286,0.0,0.0,0.0,0.0,0.0,0.0,0.0,0.0,0.0,0.0,0.0,0.0,0.0,0.0,0.0,0.0004487152036745101,0.0,0.0,0.0,0.0,0.0,0.0,0.0,0.0,0.0,0.0,0.0,0.0,0.0,0.0,0.0,0.0,0.0,0.0,0.0,0.0,0.0,0.0,0.0,0.002649371512234211,0.0,0.0,0.0,0.0,0.0,0.0,0.0,1.6639629393466748e-05,0.0,0.0,0.0,0.0,0.0,0.0,0.0,0.0,0.0,0.0,0.0,0.0,0.0,0.0,0.0,0.0,0.0,0.0,0.0,0.0,0.0,0.0,0.0,0.0,0.0,0.0,0.0,0.0,0.0,0.0,0.0,0.0,0.0,0.0,0.0,0.0,0.0,0.0,0.0,0.0,0.0,0.0,0.0,0.0,0.0,0.0,0.0,0.0,0.0,0.0,0.0,0.0,0.0,0.0,0.0,0.0,0.0,0.0,0.0,0.0,0.0,0.0,0.0,0.00022665342839900404,0.0,0.0,0.0,0.0,0.0,0.0,0.0,0.0,0.0,0.0,0.0,0.0,0.0,0.0,0.0,0.0,0.0,0.0,0.0,0.0,0.0,0.0,0.0005905237630940974,0.0,0.0,0.0019058078760281205,0.0,0.0,0.0,0.0,0.0,0.0,0.0,0.0,0.0,0.0,0.0,0.0,0.0,0.0,0.0,0.0,0.0,0.0,0.0,0.0,0.0,0.0,0.0,0.0,0.0,0.0,0.0,0.0,0.0,0.0,0.0,0.0,0.0,0.0,0.0,0.0,0.0020384937524795532,0.0,0.0,0.0,0.0,0.0,0.0,0.0,0.0,0.0,0.0,0.0,0.0,0.0,0.0,0.0,0.0,0.0,0.0,0.0,0.0,0.0,0.0,0.27549755573272705,0.0,0.0,0.0,0.0,0.0,0.0,0.0,0.0,0.0009239051141776145,0.0,0.0,0.0,0.0,0.0,0.0,0.0,0.0,0.0,0.0,0.0,0.0,0.0,0.0,0.0,0.0,0.0,0.0,0.09578496962785721,0.0,0.0,0.0,0.0,0.0,0.0,0.0,0.0,0.0,0.0,0.0,0.0,0.0,0.0,0.0,0.0,0.0,0.0,0.0,0.0,0.0,0.0,0.0,0.0,0.0,0.0,0.0034059735480695963,0.0,0.0,0.0,0.0,0.0,0.0,0.0,0.0,0.0,0.0,0.0,0.0,0.0,0.0,0.0,0.0,0.0,0.0,0.0,0.0,0.0,0.0003127045347355306,0.0,0.0018471716903150082,0.0,0.0,0.0,0.0,0.0,0.0,0.0,0.0,0.0,0.0,0.0,0.0,0.0,0.0,0.0,0.0,0.0,0.0,0.0,0.0,0.0,0.0,0.0,0.0,0.0,0.0,0.0,0.00199695467017591,,,,,,,,,,,,,,,,,,,,,,,,,,,,,,,,,,,,,,,,,,,,,,,,,,,,,,,,,,,,,,,,,,,,,,,,,,,,,,,,,,,,,,,,,,,,,,,,,,,,,,,,,,,,,,,,,,,,,,,,,,,,,,,,,,,,,,,,,,,,,,,,,,,,,,,,,,,,,,,,,,,,,,,,,,,,,,,,,,,,,,,,,,,,,,,,,,,,,,,,,,,,,,,,,,,,,,,,,,,,,,,,,,,,,,,,,,,,,,,,,,,,,,,,,,,,,,,,,,,,,,,,,,,,
2019-06-03,813212.1809898884,423.78317338179295,,,,,,,,,,,37109.276050272776,21151.377577425774,192724.06525468238,,76876.91466550306,,,,,,61252.213048817255,16899.044771451026,20375.889501889185,11541.842448493315,66855.52335120105,43488.76692370702,,,,,,,,,,,,,,,,,,,,,,,,,,,,,,,,,,,,,,,,,,,,,,,,,,,,,,,,,,,,,,,,,,,,,,,,,,,,,,,,,,,,,,,,,,,,,,,,0.0,0.0,0.0,0.0,0.0,0.0017591469222679734,0.0,0.0,0.0,0.0,0.0,0.0,0.0,0.0,0.0,0.0,0.0,0.0,0.0,0.0,0.0,0.0,0.0,0.0,0.0013064012164250016,0.0,0.0,0.0036453166976571083,0.0,0.0,0.0,0.0035564147401601076,0.0,0.0,0.0,0.0,0.0,0.0,0.0,0.0,0.0,0.35433509945869446,0.0,0.0,0.0,0.0,0.0,0.0,0.000280939566437155,0.0,0.0,0.0,0.0,0.0,0.0,0.0,0.0,0.0,0.0,0.0,0.0,0.0,0.0,0.0,0.0,0.0,0.0,0.0,0.0,0.0,0.0,0.0,0.0,0.0,0.0,0.0,0.0,0.0,0.0,0.0,0.0,0.0002895304933190346,0.0,0.0,0.0,0.0,0.0,0.0,0.0,0.0004514709289651364,0.0,0.0,0.0,0.0,0.0,0.0,0.0,0.0,0.0,0.0,0.0,0.0,0.0,0.0,0.0,0.23673413693904877,0.0,0.0,0.0,0.0,0.0,0.0,0.0,0.0,0.0,0.0,0.0,0.0,0.0,0.0,0.006112119648605585,0.0,0.0,0.0,0.0,0.0,0.0,0.0,0.0,0.0,0.0,0.0,0.0,0.0,0.0009501978638581932,0.0,0.0,0.0,0.0,0.0,0.0,0.0,0.0,0.0,0.0,0.0,0.0,0.0,0.0,0.0,0.0,0.0,0.0,0.0,0.0,0.0,0.0,0.0,0.0,0.0,0.0,0.0,0.0,0.0,0.0,0.0,0.0,0.0,0.0,0.0,0.0,0.0004413347051013261,0.0014393494930118322,0.0,0.0,0.0,0.0,0.0,0.0,0.0,0.0,0.0,0.0,0.0,0.0,0.0,0.0,0.0,0.0,0.0,0.0,0.0,0.0,0.0,0.0010530672734603286,0.0,0.0,0.0,0.0,0.0,0.0,0.0,0.0,0.0,0.0,0.0,0.0,0.0,0.0,0.0,0.0004487152036745101,0.0,0.0,0.0,0.0,0.0,0.0,0.0,0.0,0.0,0.0,0.0,0.0,0.0,0.0,0.0,0.0,0.0,0.0,0.0,0.0,0.0,0.0,0.0,0.002649371512234211,0.0,0.0,0.0,0.0,0.0,0.0,0.0,1.6639629393466748e-05,0.0,0.0,0.0,0.0,0.0,0.0,0.0,0.0,0.0,0.0,0.0,0.0,0.0,0.0,0.0,0.0,0.0,0.0,0.0,0.0,0.0,0.0,0.0,0.0,0.0,0.0,0.0,0.0,0.0,0.0,0.0,0.0,0.0,0.0,0.0,0.0,0.0,0.0,0.0,0.0,0.0,0.0,0.0,0.0,0.0,0.0,0.0,0.0,0.0,0.0,0.0,0.0,0.0,0.0,0.0,0.0,0.0,0.0,0.0,0.0,0.0,0.0,0.0,0.00022665342839900404,0.0,0.0,0.0,0.0,0.0,0.0,0.0,0.0,0.0,0.0,0.0,0.0,0.0,0.0,0.0,0.0,0.0,0.0,0.0,0.0,0.0,0.0,0.0005905237630940974,0.0,0.0,0.0019058078760281205,0.0,0.0,0.0,0.0,0.0,0.0,0.0,0.0,0.0,0.0,0.0,0.0,0.0,0.0,0.0,0.0,0.0,0.0,0.0,0.0,0.0,0.0,0.0,0.0,0.0,0.0,0.0,0.0,0.0,0.0,0.0,0.0,0.0,0.0,0.0,0.0,0.0020384937524795532,0.0,0.0,0.0,0.0,0.0,0.0,0.0,0.0,0.0,0.0,0.0,0.0,0.0,0.0,0.0,0.0,0.0,0.0,0.0,0.0,0.0,0.0,0.27549755573272705,0.0,0.0,0.0,0.0,0.0,0.0,0.0,0.0,0.0009239051141776145,0.0,0.0,0.0,0.0,0.0,0.0,0.0,0.0,0.0,0.0,0.0,0.0,0.0,0.0,0.0,0.0,0.0,0.0,0.09578496962785721,0.0,0.0,0.0,0.0,0.0,0.0,0.0,0.0,0.0,0.0,0.0,0.0,0.0,0.0,0.0,0.0,0.0,0.0,0.0,0.0,0.0,0.0,0.0,0.0,0.0,0.0,0.0034059735480695963,0.0,0.0,0.0,0.0,0.0,0.0,0.0,0.0,0.0,0.0,0.0,0.0,0.0,0.0,0.0,0.0,0.0,0.0,0.0,0.0,0.0,0.0003127045347355306,0.0,0.0018471716903150082,0.0,0.0,0.0,0.0,0.0,0.0,0.0,0.0,0.0,0.0,0.0,0.0,0.0,0.0,0.0,0.0,0.0,0.0,0.0,0.0,0.0,0.0,0.0,0.0,0.0,0.0,0.0,0.00199695467017591,,,,,,,,,,,,,,,,,,,,,,,,,,,,,,,,,,,,,,,,,,,,,,,,,,,,,,,,,,,,,,,,,,,,,,,,,,,,,,,,,,,,,,,,,,,,,,,,,,,,,,,,,,,,,,,,,,,,,,,,,,,,,,,,,,,,,,,,,,,,,,,,,,,,,,,,,,,,,,,,,,,,,,,,,,,,,,,,,,,,,,,,,,,,,,,,,,,,,,,,,,,,,,,,,,,,,,,,,,,,,,,,,,,,,,,,,,,,,,,,,,,,,,,,,,,,,,,,,,,,,,,,,,,,
2019-06-04,798198.1429017837,2428.4510385589897,,,,,,,,,,,36807.507039492666,19988.80319964037,194378.7190657151,,77925.0927945549,,,,,,59464.892411990004,16901.517767645364,20666.587691483848,11541.332030877154,66852.19336011799,45100.4502453117,,,,,,,,,,,,,,,,,,,,,,,,,,,,,,,,,,,,,,,,,,,,,,,,,,,,,,,,,,,,,,,,,,,,,,,,,,,,,,,,,,,,,,,,,,,,,,,,0.0,0.0,0.0,0.0,0.0,0.0017591469222679734,0.0,0.0,0.0,0.0,0.0,0.0,0.0,0.0,0.0,0.0,0.0,0.0,0.0,0.0,0.0,0.0,0.0,0.0,0.0013064012164250016,0.0,0.0,0.0036453166976571083,0.0,0.0,0.0,0.0035564147401601076,0.0,0.0,0.0,0.0,0.0,0.0,0.0,0.0,0.0,0.35433509945869446,0.0,0.0,0.0,0.0,0.0,0.0,0.000280939566437155,0.0,0.0,0.0,0.0,0.0,0.0,0.0,0.0,0.0,0.0,0.0,0.0,0.0,0.0,0.0,0.0,0.0,0.0,0.0,0.0,0.0,0.0,0.0,0.0,0.0,0.0,0.0,0.0,0.0,0.0,0.0,0.0,0.0002895304933190346,0.0,0.0,0.0,0.0,0.0,0.0,0.0,0.0004514709289651364,0.0,0.0,0.0,0.0,0.0,0.0,0.0,0.0,0.0,0.0,0.0,0.0,0.0,0.0,0.0,0.23673413693904877,0.0,0.0,0.0,0.0,0.0,0.0,0.0,0.0,0.0,0.0,0.0,0.0,0.0,0.0,0.006112119648605585,0.0,0.0,0.0,0.0,0.0,0.0,0.0,0.0,0.0,0.0,0.0,0.0,0.0,0.0009501978638581932,0.0,0.0,0.0,0.0,0.0,0.0,0.0,0.0,0.0,0.0,0.0,0.0,0.0,0.0,0.0,0.0,0.0,0.0,0.0,0.0,0.0,0.0,0.0,0.0,0.0,0.0,0.0,0.0,0.0,0.0,0.0,0.0,0.0,0.0,0.0,0.0,0.0004413347051013261,0.0014393494930118322,0.0,0.0,0.0,0.0,0.0,0.0,0.0,0.0,0.0,0.0,0.0,0.0,0.0,0.0,0.0,0.0,0.0,0.0,0.0,0.0,0.0,0.0010530672734603286,0.0,0.0,0.0,0.0,0.0,0.0,0.0,0.0,0.0,0.0,0.0,0.0,0.0,0.0,0.0,0.0004487152036745101,0.0,0.0,0.0,0.0,0.0,0.0,0.0,0.0,0.0,0.0,0.0,0.0,0.0,0.0,0.0,0.0,0.0,0.0,0.0,0.0,0.0,0.0,0.0,0.002649371512234211,0.0,0.0,0.0,0.0,0.0,0.0,0.0,1.6639629393466748e-05,0.0,0.0,0.0,0.0,0.0,0.0,0.0,0.0,0.0,0.0,0.0,0.0,0.0,0.0,0.0,0.0,0.0,0.0,0.0,0.0,0.0,0.0,0.0,0.0,0.0,0.0,0.0,0.0,0.0,0.0,0.0,0.0,0.0,0.0,0.0,0.0,0.0,0.0,0.0,0.0,0.0,0.0,0.0,0.0,0.0,0.0,0.0,0.0,0.0,0.0,0.0,0.0,0.0,0.0,0.0,0.0,0.0,0.0,0.0,0.0,0.0,0.0,0.0,0.00022665342839900404,0.0,0.0,0.0,0.0,0.0,0.0,0.0,0.0,0.0,0.0,0.0,0.0,0.0,0.0,0.0,0.0,0.0,0.0,0.0,0.0,0.0,0.0,0.0005905237630940974,0.0,0.0,0.0019058078760281205,0.0,0.0,0.0,0.0,0.0,0.0,0.0,0.0,0.0,0.0,0.0,0.0,0.0,0.0,0.0,0.0,0.0,0.0,0.0,0.0,0.0,0.0,0.0,0.0,0.0,0.0,0.0,0.0,0.0,0.0,0.0,0.0,0.0,0.0,0.0,0.0,0.0020384937524795532,0.0,0.0,0.0,0.0,0.0,0.0,0.0,0.0,0.0,0.0,0.0,0.0,0.0,0.0,0.0,0.0,0.0,0.0,0.0,0.0,0.0,0.0,0.27549755573272705,0.0,0.0,0.0,0.0,0.0,0.0,0.0,0.0,0.0009239051141776145,0.0,0.0,0.0,0.0,0.0,0.0,0.0,0.0,0.0,0.0,0.0,0.0,0.0,0.0,0.0,0.0,0.0,0.0,0.09578496962785721,0.0,0.0,0.0,0.0,0.0,0.0,0.0,0.0,0.0,0.0,0.0,0.0,0.0,0.0,0.0,0.0,0.0,0.0,0.0,0.0,0.0,0.0,0.0,0.0,0.0,0.0,0.0034059735480695963,0.0,0.0,0.0,0.0,0.0,0.0,0.0,0.0,0.0,0.0,0.0,0.0,0.0,0.0,0.0,0.0,0.0,0.0,0.0,0.0,0.0,0.0003127045347355306,0.0,0.0018471716903150082,0.0,0.0,0.0,0.0,0.0,0.0,0.0,0.0,0.0,0.0,0.0,0.0,0.0,0.0,0.0,0.0,0.0,0.0,0.0,0.0,0.0,0.0,0.0,0.0,0.0,0.0,0.0,0.00199695467017591,,,,,,,,,,,,,,,,,,,,,,,,,,,,,,,,,,,,,,,,,,,,,,,,,,,,,,,,,,,,,,,,,,,,,,,,,,,,,,,,,,,,,,,,,,,,,,,,,,,,,,,,,,,,,,,,,,,,,,,,,,,,,,,,,,,,,,,,,,,,,,,,,,,,,,,,,,,,,,,,,,,,,,,,,,,,,,,,,,,,,,,,,,,,,,,,,,,,,,,,,,,,,,,,,,,,,,,,,,,,,,,,,,,,,,,,,,,,,,,,,,,,,,,,,,,,,,,,,,,,,,,,,,,,
2019-06-05,781367.0895091607,15499.773560546175,,,,,,,,,,,37222.089388351604,19988.80319964037,194662.53723969,,79322.5891284337,,,,,,59464.892411990004,15714.813095612071,20317.838534647333,11129.002839280578,64073.1412479204,44181.162871947425,,,,,,,,,,,,,,,,,,,,,,,,,,,,,,,,,,,,,,,,,,,,,,,,,,,,,,,,,,,,,,,,,,,,,,,,,,,,,,,,,,,,,,,,,,,,,,,,0.0,0.0,0.0,0.0,0.0,0.0017591469222679734,0.0,0.0,0.0,0.0,0.0,0.0,0.0,0.0,0.0,0.0,0.0,0.0,0.0,0.0,0.0,0.0,0.0,0.0,0.0013064012164250016,0.0,0.0,0.0036453166976571083,0.0,0.0,0.0,0.0035564147401601076,0.0,0.0,0.0,0.0,0.0,0.0,0.0,0.0,0.0,0.35433509945869446,0.0,0.0,0.0,0.0,0.0,0.0,0.000280939566437155,0.0,0.0,0.0,0.0,0.0,0.0,0.0,0.0,0.0,0.0,0.0,0.0,0.0,0.0,0.0,0.0,0.0,0.0,0.0,0.0,0.0,0.0,0.0,0.0,0.0,0.0,0.0,0.0,0.0,0.0,0.0,0.0,0.0002895304933190346,0.0,0.0,0.0,0.0,0.0,0.0,0.0,0.0004514709289651364,0.0,0.0,0.0,0.0,0.0,0.0,0.0,0.0,0.0,0.0,0.0,0.0,0.0,0.0,0.0,0.23673413693904877,0.0,0.0,0.0,0.0,0.0,0.0,0.0,0.0,0.0,0.0,0.0,0.0,0.0,0.0,0.006112119648605585,0.0,0.0,0.0,0.0,0.0,0.0,0.0,0.0,0.0,0.0,0.0,0.0,0.0,0.0009501978638581932,0.0,0.0,0.0,0.0,0.0,0.0,0.0,0.0,0.0,0.0,0.0,0.0,0.0,0.0,0.0,0.0,0.0,0.0,0.0,0.0,0.0,0.0,0.0,0.0,0.0,0.0,0.0,0.0,0.0,0.0,0.0,0.0,0.0,0.0,0.0,0.0,0.0004413347051013261,0.0014393494930118322,0.0,0.0,0.0,0.0,0.0,0.0,0.0,0.0,0.0,0.0,0.0,0.0,0.0,0.0,0.0,0.0,0.0,0.0,0.0,0.0,0.0,0.0010530672734603286,0.0,0.0,0.0,0.0,0.0,0.0,0.0,0.0,0.0,0.0,0.0,0.0,0.0,0.0,0.0,0.0004487152036745101,0.0,0.0,0.0,0.0,0.0,0.0,0.0,0.0,0.0,0.0,0.0,0.0,0.0,0.0,0.0,0.0,0.0,0.0,0.0,0.0,0.0,0.0,0.0,0.002649371512234211,0.0,0.0,0.0,0.0,0.0,0.0,0.0,1.6639629393466748e-05,0.0,0.0,0.0,0.0,0.0,0.0,0.0,0.0,0.0,0.0,0.0,0.0,0.0,0.0,0.0,0.0,0.0,0.0,0.0,0.0,0.0,0.0,0.0,0.0,0.0,0.0,0.0,0.0,0.0,0.0,0.0,0.0,0.0,0.0,0.0,0.0,0.0,0.0,0.0,0.0,0.0,0.0,0.0,0.0,0.0,0.0,0.0,0.0,0.0,0.0,0.0,0.0,0.0,0.0,0.0,0.0,0.0,0.0,0.0,0.0,0.0,0.0,0.0,0.00022665342839900404,0.0,0.0,0.0,0.0,0.0,0.0,0.0,0.0,0.0,0.0,0.0,0.0,0.0,0.0,0.0,0.0,0.0,0.0,0.0,0.0,0.0,0.0,0.0005905237630940974,0.0,0.0,0.0019058078760281205,0.0,0.0,0.0,0.0,0.0,0.0,0.0,0.0,0.0,0.0,0.0,0.0,0.0,0.0,0.0,0.0,0.0,0.0,0.0,0.0,0.0,0.0,0.0,0.0,0.0,0.0,0.0,0.0,0.0,0.0,0.0,0.0,0.0,0.0,0.0,0.0,0.0020384937524795532,0.0,0.0,0.0,0.0,0.0,0.0,0.0,0.0,0.0,0.0,0.0,0.0,0.0,0.0,0.0,0.0,0.0,0.0,0.0,0.0,0.0,0.0,0.27549755573272705,0.0,0.0,0.0,0.0,0.0,0.0,0.0,0.0,0.0009239051141776145,0.0,0.0,0.0,0.0,0.0,0.0,0.0,0.0,0.0,0.0,0.0,0.0,0.0,0.0,0.0,0.0,0.0,0.0,0.09578496962785721,0.0,0.0,0.0,0.0,0.0,0.0,0.0,0.0,0.0,0.0,0.0,0.0,0.0,0.0,0.0,0.0,0.0,0.0,0.0,0.0,0.0,0.0,0.0,0.0,0.0,0.0,0.0034059735480695963,0.0,0.0,0.0,0.0,0.0,0.0,0.0,0.0,0.0,0.0,0.0,0.0,0.0,0.0,0.0,0.0,0.0,0.0,0.0,0.0,0.0,0.0003127045347355306,0.0,0.0018471716903150082,0.0,0.0,0.0,0.0,0.0,0.0,0.0,0.0,0.0,0.0,0.0,0.0,0.0,0.0,0.0,0.0,0.0,0.0,0.0,0.0,0.0,0.0,0.0,0.0,0.0,0.0,0.0,0.00199695467017591,,,,,,,,,,,,,,,,,,,,,,,,,,,,,,,,,,,,,,,,,,,,,,,,,,,,,,,,,,,,,,,,,,,,,,,,,,,,,,,,,,,,,,,,,,,,,,,,,,,,,,,,,,,,,,,,,,,,,,,,,,,,,,,,,,,,,,,,,,,,,,,,,,,,,,,,,,,,,,,,,,,,,,,,,,,,,,,,,,,,,,,,,,,,,,,,,,,,,,,,,,,,,,,,,,,,,,,,,,,,,,,,,,,,,,,,,,,,,,,,,,,,,,,,,,,,,,,,,,,,,,,,,,,,
2019-06-06,757126.3572494644,9952.546413807706,,,,,,,,,,,37943.85243044849,21951.188076954637,202041.294233486,,84202.92407342733,,,,,,59327.546560809526,15120.057678442681,19565.026798989995,11129.44032703469,64066.04709330355,42096.62618679042,,,,,,,,,,,,,,,,,,,,,,,,,,,,,,,,,,,,,,,,,,,,,,,,,,,,,,,,,,,,,,,,,,,,,,,,,,,,,,,,,,,,,,,,,,,,,,,,0.0,0.0,0.0,0.0,0.0,0.0017591469222679734,0.0,0.0,0.0,0.0,0.0,0.0,0.0,0.0,0.0,0.0,0.0,0.0,0.0,0.0,0.0,0.0,0.0,0.0,0.0013064012164250016,0.0,0.0,0.0036453166976571083,0.0,0.0,0.0,0.0035564147401601076,0.0,0.0,0.0,0.0,0.0,0.0,0.0,0.0,0.0,0.35433509945869446,0.0,0.0,0.0,0.0,0.0,0.0,0.000280939566437155,0.0,0.0,0.0,0.0,0.0,0.0,0.0,0.0,0.0,0.0,0.0,0.0,0.0,0.0,0.0,0.0,0.0,0.0,0.0,0.0,0.0,0.0,0.0,0.0,0.0,0.0,0.0,0.0,0.0,0.0,0.0,0.0,0.0002895304933190346,0.0,0.0,0.0,0.0,0.0,0.0,0.0,0.0004514709289651364,0.0,0.0,0.0,0.0,0.0,0.0,0.0,0.0,0.0,0.0,0.0,0.0,0.0,0.0,0.0,0.23673413693904877,0.0,0.0,0.0,0.0,0.0,0.0,0.0,0.0,0.0,0.0,0.0,0.0,0.0,0.0,0.006112119648605585,0.0,0.0,0.0,0.0,0.0,0.0,0.0,0.0,0.0,0.0,0.0,0.0,0.0,0.0009501978638581932,0.0,0.0,0.0,0.0,0.0,0.0,0.0,0.0,0.0,0.0,0.0,0.0,0.0,0.0,0.0,0.0,0.0,0.0,0.0,0.0,0.0,0.0,0.0,0.0,0.0,0.0,0.0,0.0,0.0,0.0,0.0,0.0,0.0,0.0,0.0,0.0,0.0004413347051013261,0.0014393494930118322,0.0,0.0,0.0,0.0,0.0,0.0,0.0,0.0,0.0,0.0,0.0,0.0,0.0,0.0,0.0,0.0,0.0,0.0,0.0,0.0,0.0,0.0010530672734603286,0.0,0.0,0.0,0.0,0.0,0.0,0.0,0.0,0.0,0.0,0.0,0.0,0.0,0.0,0.0,0.0004487152036745101,0.0,0.0,0.0,0.0,0.0,0.0,0.0,0.0,0.0,0.0,0.0,0.0,0.0,0.0,0.0,0.0,0.0,0.0,0.0,0.0,0.0,0.0,0.0,0.002649371512234211,0.0,0.0,0.0,0.0,0.0,0.0,0.0,1.6639629393466748e-05,0.0,0.0,0.0,0.0,0.0,0.0,0.0,0.0,0.0,0.0,0.0,0.0,0.0,0.0,0.0,0.0,0.0,0.0,0.0,0.0,0.0,0.0,0.0,0.0,0.0,0.0,0.0,0.0,0.0,0.0,0.0,0.0,0.0,0.0,0.0,0.0,0.0,0.0,0.0,0.0,0.0,0.0,0.0,0.0,0.0,0.0,0.0,0.0,0.0,0.0,0.0,0.0,0.0,0.0,0.0,0.0,0.0,0.0,0.0,0.0,0.0,0.0,0.0,0.00022665342839900404,0.0,0.0,0.0,0.0,0.0,0.0,0.0,0.0,0.0,0.0,0.0,0.0,0.0,0.0,0.0,0.0,0.0,0.0,0.0,0.0,0.0,0.0,0.0005905237630940974,0.0,0.0,0.0019058078760281205,0.0,0.0,0.0,0.0,0.0,0.0,0.0,0.0,0.0,0.0,0.0,0.0,0.0,0.0,0.0,0.0,0.0,0.0,0.0,0.0,0.0,0.0,0.0,0.0,0.0,0.0,0.0,0.0,0.0,0.0,0.0,0.0,0.0,0.0,0.0,0.0,0.0020384937524795532,0.0,0.0,0.0,0.0,0.0,0.0,0.0,0.0,0.0,0.0,0.0,0.0,0.0,0.0,0.0,0.0,0.0,0.0,0.0,0.0,0.0,0.0,0.27549755573272705,0.0,0.0,0.0,0.0,0.0,0.0,0.0,0.0,0.0009239051141776145,0.0,0.0,0.0,0.0,0.0,0.0,0.0,0.0,0.0,0.0,0.0,0.0,0.0,0.0,0.0,0.0,0.0,0.0,0.09578496962785721,0.0,0.0,0.0,0.0,0.0,0.0,0.0,0.0,0.0,0.0,0.0,0.0,0.0,0.0,0.0,0.0,0.0,0.0,0.0,0.0,0.0,0.0,0.0,0.0,0.0,0.0,0.0034059735480695963,0.0,0.0,0.0,0.0,0.0,0.0,0.0,0.0,0.0,0.0,0.0,0.0,0.0,0.0,0.0,0.0,0.0,0.0,0.0,0.0,0.0,0.0003127045347355306,0.0,0.0018471716903150082,0.0,0.0,0.0,0.0,0.0,0.0,0.0,0.0,0.0,0.0,0.0,0.0,0.0,0.0,0.0,0.0,0.0,0.0,0.0,0.0,0.0,0.0,0.0,0.0,0.0,0.0,0.0,0.00199695467017591,,,,,,,,,,,,,,,,,,,,,,,,,,,,,,,,,,,,,,,,,,,,,,,,,,,,,,,,,,,,,,,,,,,,,,,,,,,,,,,,,,,,,,,,,,,,,,,,,,,,,,,,,,,,,,,,,,,,,,,,,,,,,,,,,,,,,,,,,,,,,,,,,,,,,,,,,,,,,,,,,,,,,,,,,,,,,,,,,,,,,,,,,,,,,,,,,,,,,,,,,,,,,,,,,,,,,,,,,,,,,,,,,,,,,,,,,,,,,,,,,,,,,,,,,,,,,,,,,,,,,,,,,,,,
2019-06-10,741171.0372602087,7920.4262311821085,,,,,,,,,,,40145.39355025767,22096.186836023553,213392.35057955445,,85963.54097639509,,,,,,59327.546560809526,14824.891889783115,18867.924893924494,10716.71289120417,64069.3712438206,41632.599582446885,,,,,,,,,,,,,,,,,,,,,,,,,,,,,,,,,,,,,,,,,,,,,,,,,,,,,,,,,,,,,,,,,,,,,,,,,,,,,,,,,,,,,,,,,,,,,,,,0.0,0.0,0.0,0.0,0.0,0.0017591469222679734,0.0,0.0,0.0,0.0,0.0,0.0,0.0,0.0,0.0,0.0,0.0,0.0,0.0,0.0,0.0,0.0,0.0,0.0,0.0013064012164250016,0.0,0.0,0.0036453166976571083,0.0,0.0,0.0,0.0035564147401601076,0.0,0.0,0.0,0.0,0.0,0.0,0.0,0.0,0.0,0.35433509945869446,0.0,0.0,0.0,0.0,0.0,0.0,0.000280939566437155,0.0,0.0,0.0,0.0,0.0,0.0,0.0,0.0,0.0,0.0,0.0,0.0,0.0,0.0,0.0,0.0,0.0,0.0,0.0,0.0,0.0,0.0,0.0,0.0,0.0,0.0,0.0,0.0,0.0,0.0,0.0,0.0,0.0002895304933190346,0.0,0.0,0.0,0.0,0.0,0.0,0.0,0.0004514709289651364,0.0,0.0,0.0,0.0,0.0,0.0,0.0,0.0,0.0,0.0,0.0,0.0,0.0,0.0,0.0,0.23673413693904877,0.0,0.0,0.0,0.0,0.0,0.0,0.0,0.0,0.0,0.0,0.0,0.0,0.0,0.0,0.006112119648605585,0.0,0.0,0.0,0.0,0.0,0.0,0.0,0.0,0.0,0.0,0.0,0.0,0.0,0.0009501978638581932,0.0,0.0,0.0,0.0,0.0,0.0,0.0,0.0,0.0,0.0,0.0,0.0,0.0,0.0,0.0,0.0,0.0,0.0,0.0,0.0,0.0,0.0,0.0,0.0,0.0,0.0,0.0,0.0,0.0,0.0,0.0,0.0,0.0,0.0,0.0,0.0,0.0004413347051013261,0.0014393494930118322,0.0,0.0,0.0,0.0,0.0,0.0,0.0,0.0,0.0,0.0,0.0,0.0,0.0,0.0,0.0,0.0,0.0,0.0,0.0,0.0,0.0,0.0010530672734603286,0.0,0.0,0.0,0.0,0.0,0.0,0.0,0.0,0.0,0.0,0.0,0.0,0.0,0.0,0.0,0.0004487152036745101,0.0,0.0,0.0,0.0,0.0,0.0,0.0,0.0,0.0,0.0,0.0,0.0,0.0,0.0,0.0,0.0,0.0,0.0,0.0,0.0,0.0,0.0,0.0,0.002649371512234211,0.0,0.0,0.0,0.0,0.0,0.0,0.0,1.6639629393466748e-05,0.0,0.0,0.0,0.0,0.0,0.0,0.0,0.0,0.0,0.0,0.0,0.0,0.0,0.0,0.0,0.0,0.0,0.0,0.0,0.0,0.0,0.0,0.0,0.0,0.0,0.0,0.0,0.0,0.0,0.0,0.0,0.0,0.0,0.0,0.0,0.0,0.0,0.0,0.0,0.0,0.0,0.0,0.0,0.0,0.0,0.0,0.0,0.0,0.0,0.0,0.0,0.0,0.0,0.0,0.0,0.0,0.0,0.0,0.0,0.0,0.0,0.0,0.0,0.00022665342839900404,0.0,0.0,0.0,0.0,0.0,0.0,0.0,0.0,0.0,0.0,0.0,0.0,0.0,0.0,0.0,0.0,0.0,0.0,0.0,0.0,0.0,0.0,0.0005905237630940974,0.0,0.0,0.0019058078760281205,0.0,0.0,0.0,0.0,0.0,0.0,0.0,0.0,0.0,0.0,0.0,0.0,0.0,0.0,0.0,0.0,0.0,0.0,0.0,0.0,0.0,0.0,0.0,0.0,0.0,0.0,0.0,0.0,0.0,0.0,0.0,0.0,0.0,0.0,0.0,0.0,0.0020384937524795532,0.0,0.0,0.0,0.0,0.0,0.0,0.0,0.0,0.0,0.0,0.0,0.0,0.0,0.0,0.0,0.0,0.0,0.0,0.0,0.0,0.0,0.0,0.27549755573272705,0.0,0.0,0.0,0.0,0.0,0.0,0.0,0.0,0.0009239051141776145,0.0,0.0,0.0,0.0,0.0,0.0,0.0,0.0,0.0,0.0,0.0,0.0,0.0,0.0,0.0,0.0,0.0,0.0,0.09578496962785721,0.0,0.0,0.0,0.0,0.0,0.0,0.0,0.0,0.0,0.0,0.0,0.0,0.0,0.0,0.0,0.0,0.0,0.0,0.0,0.0,0.0,0.0,0.0,0.0,0.0,0.0,0.0034059735480695963,0.0,0.0,0.0,0.0,0.0,0.0,0.0,0.0,0.0,0.0,0.0,0.0,0.0,0.0,0.0,0.0,0.0,0.0,0.0,0.0,0.0,0.0003127045347355306,0.0,0.0018471716903150082,0.0,0.0,0.0,0.0,0.0,0.0,0.0,0.0,0.0,0.0,0.0,0.0,0.0,0.0,0.0,0.0,0.0,0.0,0.0,0.0,0.0,0.0,0.0,0.0,0.0,0.0,0.0,0.00199695467017591,,,,,,,,,,,,,,,,,,,,,,,,,,,,,,,,,,,,,,,,,,,,,,,,,,,,,,,,,,,,,,,,,,,,,,,,,,,,,,,,,,,,,,,,,,,,,,,,,,,,,,,,,,,,,,,,,,,,,,,,,,,,,,,,,,,,,,,,,,,,,,,,,,,,,,,,,,,,,,,,,,,,,,,,,,,,,,,,,,,,,,,,,,,,,,,,,,,,,,,,,,,,,,,,,,,,,,,,,,,,,,,,,,,,,,,,,,,,,,,,,,,,,,,,,,,,,,,,,,,,,,,,,,,,
2019-06-11,760336.3036079217,8912.912542879123,,,,,,,,,,,41623.53600332448,22968.407155856083,213959.9472713849,,88784.9004871029,,,,,,59327.546560809526,14824.891889783115,18460.747975293558,10717.105861942033,58497.350626741994,41404.48960624657,,,,,,,,,,,,,,,,,,,,,,,,,,,,,,,,,,,,,,,,,,,,,,,,,,,,,,,,,,,,,,,,,,,,,,,,,,,,,,,,,,,,,,,,,,,,,,,,0.0,0.0,0.0,0.0,0.0,0.0017591469222679734,0.0,0.0,0.0,0.0,0.0,0.0,0.0,0.0,0.0,0.0,0.0,0.0,0.0,0.0,0.0,0.0,0.0,0.0,0.0013064012164250016,0.0,0.0,0.0036453166976571083,0.0,0.0,0.0,0.0035564147401601076,0.0,0.0,0.0,0.0,0.0,0.0,0.0,0.0,0.0,0.35433509945869446,0.0,0.0,0.0,0.0,0.0,0.0,0.000280939566437155,0.0,0.0,0.0,0.0,0.0,0.0,0.0,0.0,0.0,0.0,0.0,0.0,0.0,0.0,0.0,0.0,0.0,0.0,0.0,0.0,0.0,0.0,0.0,0.0,0.0,0.0,0.0,0.0,0.0,0.0,0.0,0.0,0.0002895304933190346,0.0,0.0,0.0,0.0,0.0,0.0,0.0,0.0004514709289651364,0.0,0.0,0.0,0.0,0.0,0.0,0.0,0.0,0.0,0.0,0.0,0.0,0.0,0.0,0.0,0.23673413693904877,0.0,0.0,0.0,0.0,0.0,0.0,0.0,0.0,0.0,0.0,0.0,0.0,0.0,0.0,0.006112119648605585,0.0,0.0,0.0,0.0,0.0,0.0,0.0,0.0,0.0,0.0,0.0,0.0,0.0,0.0009501978638581932,0.0,0.0,0.0,0.0,0.0,0.0,0.0,0.0,0.0,0.0,0.0,0.0,0.0,0.0,0.0,0.0,0.0,0.0,0.0,0.0,0.0,0.0,0.0,0.0,0.0,0.0,0.0,0.0,0.0,0.0,0.0,0.0,0.0,0.0,0.0,0.0,0.0004413347051013261,0.0014393494930118322,0.0,0.0,0.0,0.0,0.0,0.0,0.0,0.0,0.0,0.0,0.0,0.0,0.0,0.0,0.0,0.0,0.0,0.0,0.0,0.0,0.0,0.0010530672734603286,0.0,0.0,0.0,0.0,0.0,0.0,0.0,0.0,0.0,0.0,0.0,0.0,0.0,0.0,0.0,0.0004487152036745101,0.0,0.0,0.0,0.0,0.0,0.0,0.0,0.0,0.0,0.0,0.0,0.0,0.0,0.0,0.0,0.0,0.0,0.0,0.0,0.0,0.0,0.0,0.0,0.002649371512234211,0.0,0.0,0.0,0.0,0.0,0.0,0.0,1.6639629393466748e-05,0.0,0.0,0.0,0.0,0.0,0.0,0.0,0.0,0.0,0.0,0.0,0.0,0.0,0.0,0.0,0.0,0.0,0.0,0.0,0.0,0.0,0.0,0.0,0.0,0.0,0.0,0.0,0.0,0.0,0.0,0.0,0.0,0.0,0.0,0.0,0.0,0.0,0.0,0.0,0.0,0.0,0.0,0.0,0.0,0.0,0.0,0.0,0.0,0.0,0.0,0.0,0.0,0.0,0.0,0.0,0.0,0.0,0.0,0.0,0.0,0.0,0.0,0.0,0.00022665342839900404,0.0,0.0,0.0,0.0,0.0,0.0,0.0,0.0,0.0,0.0,0.0,0.0,0.0,0.0,0.0,0.0,0.0,0.0,0.0,0.0,0.0,0.0,0.0005905237630940974,0.0,0.0,0.0019058078760281205,0.0,0.0,0.0,0.0,0.0,0.0,0.0,0.0,0.0,0.0,0.0,0.0,0.0,0.0,0.0,0.0,0.0,0.0,0.0,0.0,0.0,0.0,0.0,0.0,0.0,0.0,0.0,0.0,0.0,0.0,0.0,0.0,0.0,0.0,0.0,0.0,0.0020384937524795532,0.0,0.0,0.0,0.0,0.0,0.0,0.0,0.0,0.0,0.0,0.0,0.0,0.0,0.0,0.0,0.0,0.0,0.0,0.0,0.0,0.0,0.0,0.27549755573272705,0.0,0.0,0.0,0.0,0.0,0.0,0.0,0.0,0.0009239051141776145,0.0,0.0,0.0,0.0,0.0,0.0,0.0,0.0,0.0,0.0,0.0,0.0,0.0,0.0,0.0,0.0,0.0,0.0,0.09578496962785721,0.0,0.0,0.0,0.0,0.0,0.0,0.0,0.0,0.0,0.0,0.0,0.0,0.0,0.0,0.0,0.0,0.0,0.0,0.0,0.0,0.0,0.0,0.0,0.0,0.0,0.0,0.0034059735480695963,0.0,0.0,0.0,0.0,0.0,0.0,0.0,0.0,0.0,0.0,0.0,0.0,0.0,0.0,0.0,0.0,0.0,0.0,0.0,0.0,0.0,0.0003127045347355306,0.0,0.0018471716903150082,0.0,0.0,0.0,0.0,0.0,0.0,0.0,0.0,0.0,0.0,0.0,0.0,0.0,0.0,0.0,0.0,0.0,0.0,0.0,0.0,0.0,0.0,0.0,0.0,0.0,0.0,0.0,0.00199695467017591,,,,,,,,,,,,,,,,,,,,,,,,,,,,,,,,,,,,,,,,,,,,,,,,,,,,,,,,,,,,,,,,,,,,,,,,,,,,,,,,,,,,,,,,,,,,,,,,,,,,,,,,,,,,,,,,,,,,,,,,,,,,,,,,,,,,,,,,,,,,,,,,,,,,,,,,,,,,,,,,,,,,,,,,,,,,,,,,,,,,,,,,,,,,,,,,,,,,,,,,,,,,,,,,,,,,,,,,,,,,,,,,,,,,,,,,,,,,,,,,,,,,,,,,,,,,,,,,,,,,,,,,,,,,
2019-06-12,768100.0876243012,4212.929460096473,,,,,,,,,,,41522.68151195648,23985.996470937585,214243.80474959317,,96086.96725180556,,,,,,59327.546560809526,14528.789465754557,18459.82434507238,10305.193051427454,61283.402992038194,39783.87705010075,,,,,,,,,,,,,,,,,,,,,,,,,,,,,,,,,,,,,,,,,,,,,,,,,,,,,,,,,,,,,,,,,,,,,,,,,,,,,,,,,,,,,,,,,,,,,,,,0.0,0.0,0.0,0.0,0.0,0.0017591469222679734,0.0,0.0,0.0,0.0,0.0,0.0,0.0,0.0,0.0,0.0,0.0,0.0,0.0,0.0,0.0,0.0,0.0,0.0,0.0013064012164250016,0.0,0.0,0.0036453166976571083,0.0,0.0,0.0,0.0035564147401601076,0.0,0.0,0.0,0.0,0.0,0.0,0.0,0.0,0.0,0.35433509945869446,0.0,0.0,0.0,0.0,0.0,0.0,0.000280939566437155,0.0,0.0,0.0,0.0,0.0,0.0,0.0,0.0,0.0,0.0,0.0,0.0,0.0,0.0,0.0,0.0,0.0,0.0,0.0,0.0,0.0,0.0,0.0,0.0,0.0,0.0,0.0,0.0,0.0,0.0,0.0,0.0,0.0002895304933190346,0.0,0.0,0.0,0.0,0.0,0.0,0.0,0.0004514709289651364,0.0,0.0,0.0,0.0,0.0,0.0,0.0,0.0,0.0,0.0,0.0,0.0,0.0,0.0,0.0,0.23673413693904877,0.0,0.0,0.0,0.0,0.0,0.0,0.0,0.0,0.0,0.0,0.0,0.0,0.0,0.0,0.006112119648605585,0.0,0.0,0.0,0.0,0.0,0.0,0.0,0.0,0.0,0.0,0.0,0.0,0.0,0.0009501978638581932,0.0,0.0,0.0,0.0,0.0,0.0,0.0,0.0,0.0,0.0,0.0,0.0,0.0,0.0,0.0,0.0,0.0,0.0,0.0,0.0,0.0,0.0,0.0,0.0,0.0,0.0,0.0,0.0,0.0,0.0,0.0,0.0,0.0,0.0,0.0,0.0,0.0004413347051013261,0.0014393494930118322,0.0,0.0,0.0,0.0,0.0,0.0,0.0,0.0,0.0,0.0,0.0,0.0,0.0,0.0,0.0,0.0,0.0,0.0,0.0,0.0,0.0,0.0010530672734603286,0.0,0.0,0.0,0.0,0.0,0.0,0.0,0.0,0.0,0.0,0.0,0.0,0.0,0.0,0.0,0.0004487152036745101,0.0,0.0,0.0,0.0,0.0,0.0,0.0,0.0,0.0,0.0,0.0,0.0,0.0,0.0,0.0,0.0,0.0,0.0,0.0,0.0,0.0,0.0,0.0,0.002649371512234211,0.0,0.0,0.0,0.0,0.0,0.0,0.0,1.6639629393466748e-05,0.0,0.0,0.0,0.0,0.0,0.0,0.0,0.0,0.0,0.0,0.0,0.0,0.0,0.0,0.0,0.0,0.0,0.0,0.0,0.0,0.0,0.0,0.0,0.0,0.0,0.0,0.0,0.0,0.0,0.0,0.0,0.0,0.0,0.0,0.0,0.0,0.0,0.0,0.0,0.0,0.0,0.0,0.0,0.0,0.0,0.0,0.0,0.0,0.0,0.0,0.0,0.0,0.0,0.0,0.0,0.0,0.0,0.0,0.0,0.0,0.0,0.0,0.0,0.00022665342839900404,0.0,0.0,0.0,0.0,0.0,0.0,0.0,0.0,0.0,0.0,0.0,0.0,0.0,0.0,0.0,0.0,0.0,0.0,0.0,0.0,0.0,0.0,0.0005905237630940974,0.0,0.0,0.0019058078760281205,0.0,0.0,0.0,0.0,0.0,0.0,0.0,0.0,0.0,0.0,0.0,0.0,0.0,0.0,0.0,0.0,0.0,0.0,0.0,0.0,0.0,0.0,0.0,0.0,0.0,0.0,0.0,0.0,0.0,0.0,0.0,0.0,0.0,0.0,0.0,0.0,0.0020384937524795532,0.0,0.0,0.0,0.0,0.0,0.0,0.0,0.0,0.0,0.0,0.0,0.0,0.0,0.0,0.0,0.0,0.0,0.0,0.0,0.0,0.0,0.0,0.27549755573272705,0.0,0.0,0.0,0.0,0.0,0.0,0.0,0.0,0.0009239051141776145,0.0,0.0,0.0,0.0,0.0,0.0,0.0,0.0,0.0,0.0,0.0,0.0,0.0,0.0,0.0,0.0,0.0,0.0,0.09578496962785721,0.0,0.0,0.0,0.0,0.0,0.0,0.0,0.0,0.0,0.0,0.0,0.0,0.0,0.0,0.0,0.0,0.0,0.0,0.0,0.0,0.0,0.0,0.0,0.0,0.0,0.0,0.0034059735480695963,0.0,0.0,0.0,0.0,0.0,0.0,0.0,0.0,0.0,0.0,0.0,0.0,0.0,0.0,0.0,0.0,0.0,0.0,0.0,0.0,0.0,0.0003127045347355306,0.0,0.0018471716903150082,0.0,0.0,0.0,0.0,0.0,0.0,0.0,0.0,0.0,0.0,0.0,0.0,0.0,0.0,0.0,0.0,0.0,0.0,0.0,0.0,0.0,0.0,0.0,0.0,0.0,0.0,0.0,0.00199695467017591,,,,,,,,,,,,,,,,,,,,,,,,,,,,,,,,,,,,,,,,,,,,,,,,,,,,,,,,,,,,,,,,,,,,,,,,,,,,,,,,,,,,,,,,,,,,,,,,,,,,,,,,,,,,,,,,,,,,,,,,,,,,,,,,,,,,,,,,,,,,,,,,,,,,,,,,,,,,,,,,,,,,,,,,,,,,,,,,,,,,,,,,,,,,,,,,,,,,,,,,,,,,,,,,,,,,,,,,,,,,,,,,,,,,,,,,,,,,,,,,,,,,,,,,,,,,,,,,,,,,,,,,,,,,
2019-06-13,793504.7727524774,1378.7695984142124,,,,,,,,,,,42182.533119179614,22895.759589333797,217914.86758125084,,89129.94414313325,,,,,,58217.96948375635,15120.485191206617,19330.863734818864,10716.63982947033,64073.56681416834,39091.19021448216,,,,,,,,,,,,,,,,,,,,,,,,,,,,,,,,,,,,,,,,,,,,,,,,,,,,,,,,,,,,,,,,,,,,,,,,,,,,,,,,,,,,,,,,,,,,,,,,0.0,0.0,0.0,0.0,0.0,0.0017591469222679734,0.0,0.0,0.0,0.0,0.0,0.0,0.0,0.0,0.0,0.0,0.0,0.0,0.0,0.0,0.0,0.0,0.0,0.0,0.0013064012164250016,0.0,0.0,0.0036453166976571083,0.0,0.0,0.0,0.0035564147401601076,0.0,0.0,0.0,0.0,0.0,0.0,0.0,0.0,0.0,0.35433509945869446,0.0,0.0,0.0,0.0,0.0,0.0,0.000280939566437155,0.0,0.0,0.0,0.0,0.0,0.0,0.0,0.0,0.0,0.0,0.0,0.0,0.0,0.0,0.0,0.0,0.0,0.0,0.0,0.0,0.0,0.0,0.0,0.0,0.0,0.0,0.0,0.0,0.0,0.0,0.0,0.0,0.0002895304933190346,0.0,0.0,0.0,0.0,0.0,0.0,0.0,0.0004514709289651364,0.0,0.0,0.0,0.0,0.0,0.0,0.0,0.0,0.0,0.0,0.0,0.0,0.0,0.0,0.0,0.23673413693904877,0.0,0.0,0.0,0.0,0.0,0.0,0.0,0.0,0.0,0.0,0.0,0.0,0.0,0.0,0.006112119648605585,0.0,0.0,0.0,0.0,0.0,0.0,0.0,0.0,0.0,0.0,0.0,0.0,0.0,0.0009501978638581932,0.0,0.0,0.0,0.0,0.0,0.0,0.0,0.0,0.0,0.0,0.0,0.0,0.0,0.0,0.0,0.0,0.0,0.0,0.0,0.0,0.0,0.0,0.0,0.0,0.0,0.0,0.0,0.0,0.0,0.0,0.0,0.0,0.0,0.0,0.0,0.0,0.0004413347051013261,0.0014393494930118322,0.0,0.0,0.0,0.0,0.0,0.0,0.0,0.0,0.0,0.0,0.0,0.0,0.0,0.0,0.0,0.0,0.0,0.0,0.0,0.0,0.0,0.0010530672734603286,0.0,0.0,0.0,0.0,0.0,0.0,0.0,0.0,0.0,0.0,0.0,0.0,0.0,0.0,0.0,0.0004487152036745101,0.0,0.0,0.0,0.0,0.0,0.0,0.0,0.0,0.0,0.0,0.0,0.0,0.0,0.0,0.0,0.0,0.0,0.0,0.0,0.0,0.0,0.0,0.0,0.002649371512234211,0.0,0.0,0.0,0.0,0.0,0.0,0.0,1.6639629393466748e-05,0.0,0.0,0.0,0.0,0.0,0.0,0.0,0.0,0.0,0.0,0.0,0.0,0.0,0.0,0.0,0.0,0.0,0.0,0.0,0.0,0.0,0.0,0.0,0.0,0.0,0.0,0.0,0.0,0.0,0.0,0.0,0.0,0.0,0.0,0.0,0.0,0.0,0.0,0.0,0.0,0.0,0.0,0.0,0.0,0.0,0.0,0.0,0.0,0.0,0.0,0.0,0.0,0.0,0.0,0.0,0.0,0.0,0.0,0.0,0.0,0.0,0.0,0.0,0.00022665342839900404,0.0,0.0,0.0,0.0,0.0,0.0,0.0,0.0,0.0,0.0,0.0,0.0,0.0,0.0,0.0,0.0,0.0,0.0,0.0,0.0,0.0,0.0,0.0005905237630940974,0.0,0.0,0.0019058078760281205,0.0,0.0,0.0,0.0,0.0,0.0,0.0,0.0,0.0,0.0,0.0,0.0,0.0,0.0,0.0,0.0,0.0,0.0,0.0,0.0,0.0,0.0,0.0,0.0,0.0,0.0,0.0,0.0,0.0,0.0,0.0,0.0,0.0,0.0,0.0,0.0,0.0020384937524795532,0.0,0.0,0.0,0.0,0.0,0.0,0.0,0.0,0.0,0.0,0.0,0.0,0.0,0.0,0.0,0.0,0.0,0.0,0.0,0.0,0.0,0.0,0.27549755573272705,0.0,0.0,0.0,0.0,0.0,0.0,0.0,0.0,0.0009239051141776145,0.0,0.0,0.0,0.0,0.0,0.0,0.0,0.0,0.0,0.0,0.0,0.0,0.0,0.0,0.0,0.0,0.0,0.0,0.09578496962785721,0.0,0.0,0.0,0.0,0.0,0.0,0.0,0.0,0.0,0.0,0.0,0.0,0.0,0.0,0.0,0.0,0.0,0.0,0.0,0.0,0.0,0.0,0.0,0.0,0.0,0.0,0.0034059735480695963,0.0,0.0,0.0,0.0,0.0,0.0,0.0,0.0,0.0,0.0,0.0,0.0,0.0,0.0,0.0,0.0,0.0,0.0,0.0,0.0,0.0,0.0003127045347355306,0.0,0.0018471716903150082,0.0,0.0,0.0,0.0,0.0,0.0,0.0,0.0,0.0,0.0,0.0,0.0,0.0,0.0,0.0,0.0,0.0,0.0,0.0,0.0,0.0,0.0,0.0,0.0,0.0,0.0,0.0,0.00199695467017591,,,,,,,,,,,,,,,,,,,,,,,,,,,,,,,,,,,,,,,,,,,,,,,,,,,,,,,,,,,,,,,,,,,,,,,,,,,,,,,,,,,,,,,,,,,,,,,,,,,,,,,,,,,,,,,,,,,,,,,,,,,,,,,,,,,,,,,,,,,,,,,,,,,,,,,,,,,,,,,,,,,,,,,,,,,,,,,,,,,,,,,,,,,,,,,,,,,,,,,,,,,,,,,,,,,,,,,,,,,,,,,,,,,,,,,,,,,,,,,,,,,,,,,,,,,,,,,,,,,,,,,,,,,,
2019-06-14,781408.4459090536,4430.861242163603,,,,,,,,,,,40398.30287149039,23986.53682020586,220198.48152562877,,83512.78831899089,,,,,,56864.35256096687,15712.738726937512,19739.4543778289,10716.60691910485,64073.56681416834,38395.35012543549,,,,,,,,,,,,,,,,,,,,,,,,,,,,,,,,,,,,,,,,,,,,,,,,,,,,,,,,,,,,,,,,,,,,,,,,,,,,,,,,,,,,,,,,,,,,,,,,0.0,0.0,0.0,0.0,0.0,0.0017591469222679734,0.0,0.0,0.0,0.0,0.0,0.0,0.0,0.0,0.0,0.0,0.0,0.0,0.0,0.0,0.0,0.0,0.0,0.0,0.0013064012164250016,0.0,0.0,0.0036453166976571083,0.0,0.0,0.0,0.0035564147401601076,0.0,0.0,0.0,0.0,0.0,0.0,0.0,0.0,0.0,0.35433509945869446,0.0,0.0,0.0,0.0,0.0,0.0,0.000280939566437155,0.0,0.0,0.0,0.0,0.0,0.0,0.0,0.0,0.0,0.0,0.0,0.0,0.0,0.0,0.0,0.0,0.0,0.0,0.0,0.0,0.0,0.0,0.0,0.0,0.0,0.0,0.0,0.0,0.0,0.0,0.0,0.0,0.0002895304933190346,0.0,0.0,0.0,0.0,0.0,0.0,0.0,0.0004514709289651364,0.0,0.0,0.0,0.0,0.0,0.0,0.0,0.0,0.0,0.0,0.0,0.0,0.0,0.0,0.0,0.23673413693904877,0.0,0.0,0.0,0.0,0.0,0.0,0.0,0.0,0.0,0.0,0.0,0.0,0.0,0.0,0.006112119648605585,0.0,0.0,0.0,0.0,0.0,0.0,0.0,0.0,0.0,0.0,0.0,0.0,0.0,0.0009501978638581932,0.0,0.0,0.0,0.0,0.0,0.0,0.0,0.0,0.0,0.0,0.0,0.0,0.0,0.0,0.0,0.0,0.0,0.0,0.0,0.0,0.0,0.0,0.0,0.0,0.0,0.0,0.0,0.0,0.0,0.0,0.0,0.0,0.0,0.0,0.0,0.0,0.0004413347051013261,0.0014393494930118322,0.0,0.0,0.0,0.0,0.0,0.0,0.0,0.0,0.0,0.0,0.0,0.0,0.0,0.0,0.0,0.0,0.0,0.0,0.0,0.0,0.0,0.0010530672734603286,0.0,0.0,0.0,0.0,0.0,0.0,0.0,0.0,0.0,0.0,0.0,0.0,0.0,0.0,0.0,0.0004487152036745101,0.0,0.0,0.0,0.0,0.0,0.0,0.0,0.0,0.0,0.0,0.0,0.0,0.0,0.0,0.0,0.0,0.0,0.0,0.0,0.0,0.0,0.0,0.0,0.002649371512234211,0.0,0.0,0.0,0.0,0.0,0.0,0.0,1.6639629393466748e-05,0.0,0.0,0.0,0.0,0.0,0.0,0.0,0.0,0.0,0.0,0.0,0.0,0.0,0.0,0.0,0.0,0.0,0.0,0.0,0.0,0.0,0.0,0.0,0.0,0.0,0.0,0.0,0.0,0.0,0.0,0.0,0.0,0.0,0.0,0.0,0.0,0.0,0.0,0.0,0.0,0.0,0.0,0.0,0.0,0.0,0.0,0.0,0.0,0.0,0.0,0.0,0.0,0.0,0.0,0.0,0.0,0.0,0.0,0.0,0.0,0.0,0.0,0.0,0.00022665342839900404,0.0,0.0,0.0,0.0,0.0,0.0,0.0,0.0,0.0,0.0,0.0,0.0,0.0,0.0,0.0,0.0,0.0,0.0,0.0,0.0,0.0,0.0,0.0005905237630940974,0.0,0.0,0.0019058078760281205,0.0,0.0,0.0,0.0,0.0,0.0,0.0,0.0,0.0,0.0,0.0,0.0,0.0,0.0,0.0,0.0,0.0,0.0,0.0,0.0,0.0,0.0,0.0,0.0,0.0,0.0,0.0,0.0,0.0,0.0,0.0,0.0,0.0,0.0,0.0,0.0,0.0020384937524795532,0.0,0.0,0.0,0.0,0.0,0.0,0.0,0.0,0.0,0.0,0.0,0.0,0.0,0.0,0.0,0.0,0.0,0.0,0.0,0.0,0.0,0.0,0.27549755573272705,0.0,0.0,0.0,0.0,0.0,0.0,0.0,0.0,0.0009239051141776145,0.0,0.0,0.0,0.0,0.0,0.0,0.0,0.0,0.0,0.0,0.0,0.0,0.0,0.0,0.0,0.0,0.0,0.0,0.09578496962785721,0.0,0.0,0.0,0.0,0.0,0.0,0.0,0.0,0.0,0.0,0.0,0.0,0.0,0.0,0.0,0.0,0.0,0.0,0.0,0.0,0.0,0.0,0.0,0.0,0.0,0.0,0.0034059735480695963,0.0,0.0,0.0,0.0,0.0,0.0,0.0,0.0,0.0,0.0,0.0,0.0,0.0,0.0,0.0,0.0,0.0,0.0,0.0,0.0,0.0,0.0003127045347355306,0.0,0.0018471716903150082,0.0,0.0,0.0,0.0,0.0,0.0,0.0,0.0,0.0,0.0,0.0,0.0,0.0,0.0,0.0,0.0,0.0,0.0,0.0,0.0,0.0,0.0,0.0,0.0,0.0,0.0,0.0,0.00199695467017591,,,,,,,,,,,,,,,,,,,,,,,,,,,,,,,,,,,,,,,,,,,,,,,,,,,,,,,,,,,,,,,,,,,,,,,,,,,,,,,,,,,,,,,,,,,,,,,,,,,,,,,,,,,,,,,,,,,,,,,,,,,,,,,,,,,,,,,,,,,,,,,,,,,,,,,,,,,,,,,,,,,,,,,,,,,,,,,,,,,,,,,,,,,,,,,,,,,,,,,,,,,,,,,,,,,,,,,,,,,,,,,,,,,,,,,,,,,,,,,,,,,,,,,,,,,,,,,,,,,,,,,,,,,,
2019-06-17,769621.8039337342,1390.7508818900494,,,,,,,,,,,41984.213096464344,23840.76517439602,209202.96143948083,,84910.7211722918,,,,,,57135.69635042615,15714.463163700695,19333.053846520655,10716.60691910485,66851.89506460635,39093.52132678224,,,,,,,,,,,,,,,,,,,,,,,,,,,,,,,,,,,,,,,,,,,,,,,,,,,,,,,,,,,,,,,,,,,,,,,,,,,,,,,,,,,,,,,,,,,,,,,,0.0,0.0,0.0,0.0,0.0,0.0017591469222679734,0.0,0.0,0.0,0.0,0.0,0.0,0.0,0.0,0.0,0.0,0.0,0.0,0.0,0.0,0.0,0.0,0.0,0.0,0.0013064012164250016,0.0,0.0,0.0036453166976571083,0.0,0.0,0.0,0.0035564147401601076,0.0,0.0,0.0,0.0,0.0,0.0,0.0,0.0,0.0,0.35433509945869446,0.0,0.0,0.0,0.0,0.0,0.0,0.000280939566437155,0.0,0.0,0.0,0.0,0.0,0.0,0.0,0.0,0.0,0.0,0.0,0.0,0.0,0.0,0.0,0.0,0.0,0.0,0.0,0.0,0.0,0.0,0.0,0.0,0.0,0.0,0.0,0.0,0.0,0.0,0.0,0.0,0.0002895304933190346,0.0,0.0,0.0,0.0,0.0,0.0,0.0,0.0004514709289651364,0.0,0.0,0.0,0.0,0.0,0.0,0.0,0.0,0.0,0.0,0.0,0.0,0.0,0.0,0.0,0.23673413693904877,0.0,0.0,0.0,0.0,0.0,0.0,0.0,0.0,0.0,0.0,0.0,0.0,0.0,0.0,0.006112119648605585,0.0,0.0,0.0,0.0,0.0,0.0,0.0,0.0,0.0,0.0,0.0,0.0,0.0,0.0009501978638581932,0.0,0.0,0.0,0.0,0.0,0.0,0.0,0.0,0.0,0.0,0.0,0.0,0.0,0.0,0.0,0.0,0.0,0.0,0.0,0.0,0.0,0.0,0.0,0.0,0.0,0.0,0.0,0.0,0.0,0.0,0.0,0.0,0.0,0.0,0.0,0.0,0.0004413347051013261,0.0014393494930118322,0.0,0.0,0.0,0.0,0.0,0.0,0.0,0.0,0.0,0.0,0.0,0.0,0.0,0.0,0.0,0.0,0.0,0.0,0.0,0.0,0.0,0.0010530672734603286,0.0,0.0,0.0,0.0,0.0,0.0,0.0,0.0,0.0,0.0,0.0,0.0,0.0,0.0,0.0,0.0004487152036745101,0.0,0.0,0.0,0.0,0.0,0.0,0.0,0.0,0.0,0.0,0.0,0.0,0.0,0.0,0.0,0.0,0.0,0.0,0.0,0.0,0.0,0.0,0.0,0.002649371512234211,0.0,0.0,0.0,0.0,0.0,0.0,0.0,1.6639629393466748e-05,0.0,0.0,0.0,0.0,0.0,0.0,0.0,0.0,0.0,0.0,0.0,0.0,0.0,0.0,0.0,0.0,0.0,0.0,0.0,0.0,0.0,0.0,0.0,0.0,0.0,0.0,0.0,0.0,0.0,0.0,0.0,0.0,0.0,0.0,0.0,0.0,0.0,0.0,0.0,0.0,0.0,0.0,0.0,0.0,0.0,0.0,0.0,0.0,0.0,0.0,0.0,0.0,0.0,0.0,0.0,0.0,0.0,0.0,0.0,0.0,0.0,0.0,0.0,0.00022665342839900404,0.0,0.0,0.0,0.0,0.0,0.0,0.0,0.0,0.0,0.0,0.0,0.0,0.0,0.0,0.0,0.0,0.0,0.0,0.0,0.0,0.0,0.0,0.0005905237630940974,0.0,0.0,0.0019058078760281205,0.0,0.0,0.0,0.0,0.0,0.0,0.0,0.0,0.0,0.0,0.0,0.0,0.0,0.0,0.0,0.0,0.0,0.0,0.0,0.0,0.0,0.0,0.0,0.0,0.0,0.0,0.0,0.0,0.0,0.0,0.0,0.0,0.0,0.0,0.0,0.0,0.0020384937524795532,0.0,0.0,0.0,0.0,0.0,0.0,0.0,0.0,0.0,0.0,0.0,0.0,0.0,0.0,0.0,0.0,0.0,0.0,0.0,0.0,0.0,0.0,0.27549755573272705,0.0,0.0,0.0,0.0,0.0,0.0,0.0,0.0,0.0009239051141776145,0.0,0.0,0.0,0.0,0.0,0.0,0.0,0.0,0.0,0.0,0.0,0.0,0.0,0.0,0.0,0.0,0.0,0.0,0.09578496962785721,0.0,0.0,0.0,0.0,0.0,0.0,0.0,0.0,0.0,0.0,0.0,0.0,0.0,0.0,0.0,0.0,0.0,0.0,0.0,0.0,0.0,0.0,0.0,0.0,0.0,0.0,0.0034059735480695963,0.0,0.0,0.0,0.0,0.0,0.0,0.0,0.0,0.0,0.0,0.0,0.0,0.0,0.0,0.0,0.0,0.0,0.0,0.0,0.0,0.0,0.0003127045347355306,0.0,0.0018471716903150082,0.0,0.0,0.0,0.0,0.0,0.0,0.0,0.0,0.0,0.0,0.0,0.0,0.0,0.0,0.0,0.0,0.0,0.0,0.0,0.0,0.0,0.0,0.0,0.0,0.0,0.0,0.0,0.00199695467017591,,,,,,,,,,,,,,,,,,,,,,,,,,,,,,,,,,,,,,,,,,,,,,,,,,,,,,,,,,,,,,,,,,,,,,,,,,,,,,,,,,,,,,,,,,,,,,,,,,,,,,,,,,,,,,,,,,,,,,,,,,,,,,,,,,,,,,,,,,,,,,,,,,,,,,,,,,,,,,,,,,,,,,,,,,,,,,,,,,,,,,,,,,,,,,,,,,,,,,,,,,,,,,,,,,,,,,,,,,,,,,,,,,,,,,,,,,,,,,,,,,,,,,,,,,,,,,,,,,,,,,,,,,,,
2019-06-18,766810.9014120627,5665.620611576447,,,,,,,,,,,41525.0904745103,23186.660118402506,215730.77944090354,,87356.19461942605,,,,,,57135.69635042615,15418.522458044952,19042.767752729054,10304.675929884146,66858.36104288006,39094.14390207566,,,,,,,,,,,,,,,,,,,,,,,,,,,,,,,,,,,,,,,,,,,,,,,,,,,,,,,,,,,,,,,,,,,,,,,,,,,,,,,,,,,,,,,,,,,,,,,,0.0,0.0,0.0,0.0,0.0,0.0017591469222679734,0.0,0.0,0.0,0.0,0.0,0.0,0.0,0.0,0.0,0.0,0.0,0.0,0.0,0.0,0.0,0.0,0.0,0.0,0.0013064012164250016,0.0,0.0,0.0036453166976571083,0.0,0.0,0.0,0.0035564147401601076,0.0,0.0,0.0,0.0,0.0,0.0,0.0,0.0,0.0,0.35433509945869446,0.0,0.0,0.0,0.0,0.0,0.0,0.000280939566437155,0.0,0.0,0.0,0.0,0.0,0.0,0.0,0.0,0.0,0.0,0.0,0.0,0.0,0.0,0.0,0.0,0.0,0.0,0.0,0.0,0.0,0.0,0.0,0.0,0.0,0.0,0.0,0.0,0.0,0.0,0.0,0.0,0.0002895304933190346,0.0,0.0,0.0,0.0,0.0,0.0,0.0,0.0004514709289651364,0.0,0.0,0.0,0.0,0.0,0.0,0.0,0.0,0.0,0.0,0.0,0.0,0.0,0.0,0.0,0.23673413693904877,0.0,0.0,0.0,0.0,0.0,0.0,0.0,0.0,0.0,0.0,0.0,0.0,0.0,0.0,0.006112119648605585,0.0,0.0,0.0,0.0,0.0,0.0,0.0,0.0,0.0,0.0,0.0,0.0,0.0,0.0009501978638581932,0.0,0.0,0.0,0.0,0.0,0.0,0.0,0.0,0.0,0.0,0.0,0.0,0.0,0.0,0.0,0.0,0.0,0.0,0.0,0.0,0.0,0.0,0.0,0.0,0.0,0.0,0.0,0.0,0.0,0.0,0.0,0.0,0.0,0.0,0.0,0.0,0.0004413347051013261,0.0014393494930118322,0.0,0.0,0.0,0.0,0.0,0.0,0.0,0.0,0.0,0.0,0.0,0.0,0.0,0.0,0.0,0.0,0.0,0.0,0.0,0.0,0.0,0.0010530672734603286,0.0,0.0,0.0,0.0,0.0,0.0,0.0,0.0,0.0,0.0,0.0,0.0,0.0,0.0,0.0,0.0004487152036745101,0.0,0.0,0.0,0.0,0.0,0.0,0.0,0.0,0.0,0.0,0.0,0.0,0.0,0.0,0.0,0.0,0.0,0.0,0.0,0.0,0.0,0.0,0.0,0.002649371512234211,0.0,0.0,0.0,0.0,0.0,0.0,0.0,1.6639629393466748e-05,0.0,0.0,0.0,0.0,0.0,0.0,0.0,0.0,0.0,0.0,0.0,0.0,0.0,0.0,0.0,0.0,0.0,0.0,0.0,0.0,0.0,0.0,0.0,0.0,0.0,0.0,0.0,0.0,0.0,0.0,0.0,0.0,0.0,0.0,0.0,0.0,0.0,0.0,0.0,0.0,0.0,0.0,0.0,0.0,0.0,0.0,0.0,0.0,0.0,0.0,0.0,0.0,0.0,0.0,0.0,0.0,0.0,0.0,0.0,0.0,0.0,0.0,0.0,0.00022665342839900404,0.0,0.0,0.0,0.0,0.0,0.0,0.0,0.0,0.0,0.0,0.0,0.0,0.0,0.0,0.0,0.0,0.0,0.0,0.0,0.0,0.0,0.0,0.0005905237630940974,0.0,0.0,0.0019058078760281205,0.0,0.0,0.0,0.0,0.0,0.0,0.0,0.0,0.0,0.0,0.0,0.0,0.0,0.0,0.0,0.0,0.0,0.0,0.0,0.0,0.0,0.0,0.0,0.0,0.0,0.0,0.0,0.0,0.0,0.0,0.0,0.0,0.0,0.0,0.0,0.0,0.0020384937524795532,0.0,0.0,0.0,0.0,0.0,0.0,0.0,0.0,0.0,0.0,0.0,0.0,0.0,0.0,0.0,0.0,0.0,0.0,0.0,0.0,0.0,0.0,0.27549755573272705,0.0,0.0,0.0,0.0,0.0,0.0,0.0,0.0,0.0009239051141776145,0.0,0.0,0.0,0.0,0.0,0.0,0.0,0.0,0.0,0.0,0.0,0.0,0.0,0.0,0.0,0.0,0.0,0.0,0.09578496962785721,0.0,0.0,0.0,0.0,0.0,0.0,0.0,0.0,0.0,0.0,0.0,0.0,0.0,0.0,0.0,0.0,0.0,0.0,0.0,0.0,0.0,0.0,0.0,0.0,0.0,0.0,0.0034059735480695963,0.0,0.0,0.0,0.0,0.0,0.0,0.0,0.0,0.0,0.0,0.0,0.0,0.0,0.0,0.0,0.0,0.0,0.0,0.0,0.0,0.0,0.0003127045347355306,0.0,0.0018471716903150082,0.0,0.0,0.0,0.0,0.0,0.0,0.0,0.0,0.0,0.0,0.0,0.0,0.0,0.0,0.0,0.0,0.0,0.0,0.0,0.0,0.0,0.0,0.0,0.0,0.0,0.0,0.0,0.00199695467017591,,,,,,,,,,,,,,,,,,,,,,,,,,,,,,,,,,,,,,,,,,,,,,,,,,,,,,,,,,,,,,,,,,,,,,,,,,,,,,,,,,,,,,,,,,,,,,,,,,,,,,,,,,,,,,,,,,,,,,,,,,,,,,,,,,,,,,,,,,,,,,,,,,,,,,,,,,,,,,,,,,,,,,,,,,,,,,,,,,,,,,,,,,,,,,,,,,,,,,,,,,,,,,,,,,,,,,,,,,,,,,,,,,,,,,,,,,,,,,,,,,,,,,,,,,,,,,,,,,,,,,,,,,,,
2019-06-19,759449.4878708001,9396.871472175088,,,,,,,,,,,42244.51173355362,23186.660118402506,216014.57627462284,,92596.87026023463,,,,,,57135.69635042615,14824.297184762865,19215.83690503576,10304.989234781633,61289.46419796265,39091.669888861674,,,,,,,,,,,,,,,,,,,,,,,,,,,,,,,,,,,,,,,,,,,,,,,,,,,,,,,,,,,,,,,,,,,,,,,,,,,,,,,,,,,,,,,,,,,,,,,,0.0,0.0,0.0,0.0,0.0,0.0017591469222679734,0.0,0.0,0.0,0.0,0.0,0.0,0.0,0.0,0.0,0.0,0.0,0.0,0.0,0.0,0.0,0.0,0.0,0.0,0.0013064012164250016,0.0,0.0,0.0036453166976571083,0.0,0.0,0.0,0.0035564147401601076,0.0,0.0,0.0,0.0,0.0,0.0,0.0,0.0,0.0,0.35433509945869446,0.0,0.0,0.0,0.0,0.0,0.0,0.000280939566437155,0.0,0.0,0.0,0.0,0.0,0.0,0.0,0.0,0.0,0.0,0.0,0.0,0.0,0.0,0.0,0.0,0.0,0.0,0.0,0.0,0.0,0.0,0.0,0.0,0.0,0.0,0.0,0.0,0.0,0.0,0.0,0.0,0.0002895304933190346,0.0,0.0,0.0,0.0,0.0,0.0,0.0,0.0004514709289651364,0.0,0.0,0.0,0.0,0.0,0.0,0.0,0.0,0.0,0.0,0.0,0.0,0.0,0.0,0.0,0.23673413693904877,0.0,0.0,0.0,0.0,0.0,0.0,0.0,0.0,0.0,0.0,0.0,0.0,0.0,0.0,0.006112119648605585,0.0,0.0,0.0,0.0,0.0,0.0,0.0,0.0,0.0,0.0,0.0,0.0,0.0,0.0009501978638581932,0.0,0.0,0.0,0.0,0.0,0.0,0.0,0.0,0.0,0.0,0.0,0.0,0.0,0.0,0.0,0.0,0.0,0.0,0.0,0.0,0.0,0.0,0.0,0.0,0.0,0.0,0.0,0.0,0.0,0.0,0.0,0.0,0.0,0.0,0.0,0.0,0.0004413347051013261,0.0014393494930118322,0.0,0.0,0.0,0.0,0.0,0.0,0.0,0.0,0.0,0.0,0.0,0.0,0.0,0.0,0.0,0.0,0.0,0.0,0.0,0.0,0.0,0.0010530672734603286,0.0,0.0,0.0,0.0,0.0,0.0,0.0,0.0,0.0,0.0,0.0,0.0,0.0,0.0,0.0,0.0004487152036745101,0.0,0.0,0.0,0.0,0.0,0.0,0.0,0.0,0.0,0.0,0.0,0.0,0.0,0.0,0.0,0.0,0.0,0.0,0.0,0.0,0.0,0.0,0.0,0.002649371512234211,0.0,0.0,0.0,0.0,0.0,0.0,0.0,1.6639629393466748e-05,0.0,0.0,0.0,0.0,0.0,0.0,0.0,0.0,0.0,0.0,0.0,0.0,0.0,0.0,0.0,0.0,0.0,0.0,0.0,0.0,0.0,0.0,0.0,0.0,0.0,0.0,0.0,0.0,0.0,0.0,0.0,0.0,0.0,0.0,0.0,0.0,0.0,0.0,0.0,0.0,0.0,0.0,0.0,0.0,0.0,0.0,0.0,0.0,0.0,0.0,0.0,0.0,0.0,0.0,0.0,0.0,0.0,0.0,0.0,0.0,0.0,0.0,0.0,0.00022665342839900404,0.0,0.0,0.0,0.0,0.0,0.0,0.0,0.0,0.0,0.0,0.0,0.0,0.0,0.0,0.0,0.0,0.0,0.0,0.0,0.0,0.0,0.0,0.0005905237630940974,0.0,0.0,0.0019058078760281205,0.0,0.0,0.0,0.0,0.0,0.0,0.0,0.0,0.0,0.0,0.0,0.0,0.0,0.0,0.0,0.0,0.0,0.0,0.0,0.0,0.0,0.0,0.0,0.0,0.0,0.0,0.0,0.0,0.0,0.0,0.0,0.0,0.0,0.0,0.0,0.0,0.0020384937524795532,0.0,0.0,0.0,0.0,0.0,0.0,0.0,0.0,0.0,0.0,0.0,0.0,0.0,0.0,0.0,0.0,0.0,0.0,0.0,0.0,0.0,0.0,0.27549755573272705,0.0,0.0,0.0,0.0,0.0,0.0,0.0,0.0,0.0009239051141776145,0.0,0.0,0.0,0.0,0.0,0.0,0.0,0.0,0.0,0.0,0.0,0.0,0.0,0.0,0.0,0.0,0.0,0.0,0.09578496962785721,0.0,0.0,0.0,0.0,0.0,0.0,0.0,0.0,0.0,0.0,0.0,0.0,0.0,0.0,0.0,0.0,0.0,0.0,0.0,0.0,0.0,0.0,0.0,0.0,0.0,0.0,0.0034059735480695963,0.0,0.0,0.0,0.0,0.0,0.0,0.0,0.0,0.0,0.0,0.0,0.0,0.0,0.0,0.0,0.0,0.0,0.0,0.0,0.0,0.0,0.0003127045347355306,0.0,0.0018471716903150082,0.0,0.0,0.0,0.0,0.0,0.0,0.0,0.0,0.0,0.0,0.0,0.0,0.0,0.0,0.0,0.0,0.0,0.0,0.0,0.0,0.0,0.0,0.0,0.0,0.0,0.0,0.0,0.00199695467017591,,,,,,,,,,,,,,,,,,,,,,,,,,,,,,,,,,,,,,,,,,,,,,,,,,,,,,,,,,,,,,,,,,,,,,,,,,,,,,,,,,,,,,,,,,,,,,,,,,,,,,,,,,,,,,,,,,,,,,,,,,,,,,,,,,,,,,,,,,,,,,,,,,,,,,,,,,,,,,,,,,,,,,,,,,,,,,,,,,,,,,,,,,,,,,,,,,,,,,,,,,,,,,,,,,,,,,,,,,,,,,,,,,,,,,,,,,,,,,,,,,,,,,,,,,,,,,,,,,,,,,,,,,,,
2019-06-20,757581.7329431993,4784.688627347864,,,,,,,,,,,44694.93413622282,23259.208528867417,221406.2646569993,,96819.58638293298,,,,,,56156.165484000536,14824.297184762865,18692.30667450953,10304.610739542386,61288.53554090149,38393.587526203286,,,,,,,,,,,,,,,,,,,,,,,,,,,,,,,,,,,,,,,,,,,,,,,,,,,,,,,,,,,,,,,,,,,,,,,,,,,,,,,,,,,,,,,,,,,,,,,,0.0,0.0,0.0,0.0,0.0,0.0017591469222679734,0.0,0.0,0.0,0.0,0.0,0.0,0.0,0.0,0.0,0.0,0.0,0.0,0.0,0.0,0.0,0.0,0.0,0.0,0.0013064012164250016,0.0,0.0,0.0036453166976571083,0.0,0.0,0.0,0.0035564147401601076,0.0,0.0,0.0,0.0,0.0,0.0,0.0,0.0,0.0,0.35433509945869446,0.0,0.0,0.0,0.0,0.0,0.0,0.000280939566437155,0.0,0.0,0.0,0.0,0.0,0.0,0.0,0.0,0.0,0.0,0.0,0.0,0.0,0.0,0.0,0.0,0.0,0.0,0.0,0.0,0.0,0.0,0.0,0.0,0.0,0.0,0.0,0.0,0.0,0.0,0.0,0.0,0.0002895304933190346,0.0,0.0,0.0,0.0,0.0,0.0,0.0,0.0004514709289651364,0.0,0.0,0.0,0.0,0.0,0.0,0.0,0.0,0.0,0.0,0.0,0.0,0.0,0.0,0.0,0.23673413693904877,0.0,0.0,0.0,0.0,0.0,0.0,0.0,0.0,0.0,0.0,0.0,0.0,0.0,0.0,0.006112119648605585,0.0,0.0,0.0,0.0,0.0,0.0,0.0,0.0,0.0,0.0,0.0,0.0,0.0,0.0009501978638581932,0.0,0.0,0.0,0.0,0.0,0.0,0.0,0.0,0.0,0.0,0.0,0.0,0.0,0.0,0.0,0.0,0.0,0.0,0.0,0.0,0.0,0.0,0.0,0.0,0.0,0.0,0.0,0.0,0.0,0.0,0.0,0.0,0.0,0.0,0.0,0.0,0.0004413347051013261,0.0014393494930118322,0.0,0.0,0.0,0.0,0.0,0.0,0.0,0.0,0.0,0.0,0.0,0.0,0.0,0.0,0.0,0.0,0.0,0.0,0.0,0.0,0.0,0.0010530672734603286,0.0,0.0,0.0,0.0,0.0,0.0,0.0,0.0,0.0,0.0,0.0,0.0,0.0,0.0,0.0,0.0004487152036745101,0.0,0.0,0.0,0.0,0.0,0.0,0.0,0.0,0.0,0.0,0.0,0.0,0.0,0.0,0.0,0.0,0.0,0.0,0.0,0.0,0.0,0.0,0.0,0.002649371512234211,0.0,0.0,0.0,0.0,0.0,0.0,0.0,1.6639629393466748e-05,0.0,0.0,0.0,0.0,0.0,0.0,0.0,0.0,0.0,0.0,0.0,0.0,0.0,0.0,0.0,0.0,0.0,0.0,0.0,0.0,0.0,0.0,0.0,0.0,0.0,0.0,0.0,0.0,0.0,0.0,0.0,0.0,0.0,0.0,0.0,0.0,0.0,0.0,0.0,0.0,0.0,0.0,0.0,0.0,0.0,0.0,0.0,0.0,0.0,0.0,0.0,0.0,0.0,0.0,0.0,0.0,0.0,0.0,0.0,0.0,0.0,0.0,0.0,0.00022665342839900404,0.0,0.0,0.0,0.0,0.0,0.0,0.0,0.0,0.0,0.0,0.0,0.0,0.0,0.0,0.0,0.0,0.0,0.0,0.0,0.0,0.0,0.0,0.0005905237630940974,0.0,0.0,0.0019058078760281205,0.0,0.0,0.0,0.0,0.0,0.0,0.0,0.0,0.0,0.0,0.0,0.0,0.0,0.0,0.0,0.0,0.0,0.0,0.0,0.0,0.0,0.0,0.0,0.0,0.0,0.0,0.0,0.0,0.0,0.0,0.0,0.0,0.0,0.0,0.0,0.0,0.0020384937524795532,0.0,0.0,0.0,0.0,0.0,0.0,0.0,0.0,0.0,0.0,0.0,0.0,0.0,0.0,0.0,0.0,0.0,0.0,0.0,0.0,0.0,0.0,0.27549755573272705,0.0,0.0,0.0,0.0,0.0,0.0,0.0,0.0,0.0009239051141776145,0.0,0.0,0.0,0.0,0.0,0.0,0.0,0.0,0.0,0.0,0.0,0.0,0.0,0.0,0.0,0.0,0.0,0.0,0.09578496962785721,0.0,0.0,0.0,0.0,0.0,0.0,0.0,0.0,0.0,0.0,0.0,0.0,0.0,0.0,0.0,0.0,0.0,0.0,0.0,0.0,0.0,0.0,0.0,0.0,0.0,0.0,0.0034059735480695963,0.0,0.0,0.0,0.0,0.0,0.0,0.0,0.0,0.0,0.0,0.0,0.0,0.0,0.0,0.0,0.0,0.0,0.0,0.0,0.0,0.0,0.0003127045347355306,0.0,0.0018471716903150082,0.0,0.0,0.0,0.0,0.0,0.0,0.0,0.0,0.0,0.0,0.0,0.0,0.0,0.0,0.0,0.0,0.0,0.0,0.0,0.0,0.0,0.0,0.0,0.0,0.0,0.0,0.0,0.00199695467017591,,,,,,,,,,,,,,,,,,,,,,,,,,,,,,,,,,,,,,,,,,,,,,,,,,,,,,,,,,,,,,,,,,,,,,,,,,,,,,,,,,,,,,,,,,,,,,,,,,,,,,,,,,,,,,,,,,,,,,,,,,,,,,,,,,,,,,,,,,,,,,,,,,,,,,,,,,,,,,,,,,,,,,,,,,,,,,,,,,,,,,,,,,,,,,,,,,,,,,,,,,,,,,,,,,,,,,,,,,,,,,,,,,,,,,,,,,,,,,,,,,,,,,,,,,,,,,,,,,,,,,,,,,,,
2019-06-21,778927.0067304068,3633.5539598444093,,,,,,,,,,,43719.98443627661,23622.77284790224,234741.66492068715,,98163.57965753296,,,,,,56156.165484000536,14823.502136069463,18692.30667450953,10304.635423166994,58499.317483956685,38399.934699847494,,,,,,,,,,,,,,,,,,,,,,,,,,,,,,,,,,,,,,,,,,,,,,,,,,,,,,,,,,,,,,,,,,,,,,,,,,,,,,,,,,,,,,,,,,,,,,,,0.0,0.0,0.0,0.0,0.0,0.0017591469222679734,0.0,0.0,0.0,0.0,0.0,0.0,0.0,0.0,0.0,0.0,0.0,0.0,0.0,0.0,0.0,0.0,0.0,0.0,0.0013064012164250016,0.0,0.0,0.0036453166976571083,0.0,0.0,0.0,0.0035564147401601076,0.0,0.0,0.0,0.0,0.0,0.0,0.0,0.0,0.0,0.35433509945869446,0.0,0.0,0.0,0.0,0.0,0.0,0.000280939566437155,0.0,0.0,0.0,0.0,0.0,0.0,0.0,0.0,0.0,0.0,0.0,0.0,0.0,0.0,0.0,0.0,0.0,0.0,0.0,0.0,0.0,0.0,0.0,0.0,0.0,0.0,0.0,0.0,0.0,0.0,0.0,0.0,0.0002895304933190346,0.0,0.0,0.0,0.0,0.0,0.0,0.0,0.0004514709289651364,0.0,0.0,0.0,0.0,0.0,0.0,0.0,0.0,0.0,0.0,0.0,0.0,0.0,0.0,0.0,0.23673413693904877,0.0,0.0,0.0,0.0,0.0,0.0,0.0,0.0,0.0,0.0,0.0,0.0,0.0,0.0,0.006112119648605585,0.0,0.0,0.0,0.0,0.0,0.0,0.0,0.0,0.0,0.0,0.0,0.0,0.0,0.0009501978638581932,0.0,0.0,0.0,0.0,0.0,0.0,0.0,0.0,0.0,0.0,0.0,0.0,0.0,0.0,0.0,0.0,0.0,0.0,0.0,0.0,0.0,0.0,0.0,0.0,0.0,0.0,0.0,0.0,0.0,0.0,0.0,0.0,0.0,0.0,0.0,0.0,0.0004413347051013261,0.0014393494930118322,0.0,0.0,0.0,0.0,0.0,0.0,0.0,0.0,0.0,0.0,0.0,0.0,0.0,0.0,0.0,0.0,0.0,0.0,0.0,0.0,0.0,0.0010530672734603286,0.0,0.0,0.0,0.0,0.0,0.0,0.0,0.0,0.0,0.0,0.0,0.0,0.0,0.0,0.0,0.0004487152036745101,0.0,0.0,0.0,0.0,0.0,0.0,0.0,0.0,0.0,0.0,0.0,0.0,0.0,0.0,0.0,0.0,0.0,0.0,0.0,0.0,0.0,0.0,0.0,0.002649371512234211,0.0,0.0,0.0,0.0,0.0,0.0,0.0,1.6639629393466748e-05,0.0,0.0,0.0,0.0,0.0,0.0,0.0,0.0,0.0,0.0,0.0,0.0,0.0,0.0,0.0,0.0,0.0,0.0,0.0,0.0,0.0,0.0,0.0,0.0,0.0,0.0,0.0,0.0,0.0,0.0,0.0,0.0,0.0,0.0,0.0,0.0,0.0,0.0,0.0,0.0,0.0,0.0,0.0,0.0,0.0,0.0,0.0,0.0,0.0,0.0,0.0,0.0,0.0,0.0,0.0,0.0,0.0,0.0,0.0,0.0,0.0,0.0,0.0,0.00022665342839900404,0.0,0.0,0.0,0.0,0.0,0.0,0.0,0.0,0.0,0.0,0.0,0.0,0.0,0.0,0.0,0.0,0.0,0.0,0.0,0.0,0.0,0.0,0.0005905237630940974,0.0,0.0,0.0019058078760281205,0.0,0.0,0.0,0.0,0.0,0.0,0.0,0.0,0.0,0.0,0.0,0.0,0.0,0.0,0.0,0.0,0.0,0.0,0.0,0.0,0.0,0.0,0.0,0.0,0.0,0.0,0.0,0.0,0.0,0.0,0.0,0.0,0.0,0.0,0.0,0.0,0.0020384937524795532,0.0,0.0,0.0,0.0,0.0,0.0,0.0,0.0,0.0,0.0,0.0,0.0,0.0,0.0,0.0,0.0,0.0,0.0,0.0,0.0,0.0,0.0,0.27549755573272705,0.0,0.0,0.0,0.0,0.0,0.0,0.0,0.0,0.0009239051141776145,0.0,0.0,0.0,0.0,0.0,0.0,0.0,0.0,0.0,0.0,0.0,0.0,0.0,0.0,0.0,0.0,0.0,0.0,0.09578496962785721,0.0,0.0,0.0,0.0,0.0,0.0,0.0,0.0,0.0,0.0,0.0,0.0,0.0,0.0,0.0,0.0,0.0,0.0,0.0,0.0,0.0,0.0,0.0,0.0,0.0,0.0,0.0034059735480695963,0.0,0.0,0.0,0.0,0.0,0.0,0.0,0.0,0.0,0.0,0.0,0.0,0.0,0.0,0.0,0.0,0.0,0.0,0.0,0.0,0.0,0.0003127045347355306,0.0,0.0018471716903150082,0.0,0.0,0.0,0.0,0.0,0.0,0.0,0.0,0.0,0.0,0.0,0.0,0.0,0.0,0.0,0.0,0.0,0.0,0.0,0.0,0.0,0.0,0.0,0.0,0.0,0.0,0.0,0.00199695467017591,,,,,,,,,,,,,,,,,,,,,,,,,,,,,,,,,,,,,,,,,,,,,,,,,,,,,,,,,,,,,,,,,,,,,,,,,,,,,,,,,,,,,,,,,,,,,,,,,,,,,,,,,,,,,,,,,,,,,,,,,,,,,,,,,,,,,,,,,,,,,,,,,,,,,,,,,,,,,,,,,,,,,,,,,,,,,,,,,,,,,,,,,,,,,,,,,,,,,,,,,,,,,,,,,,,,,,,,,,,,,,,,,,,,,,,,,,,,,,,,,,,,,,,,,,,,,,,,,,,,,,,,,,,,
2019-06-24,764370.9906019926,3824.985270811305,,,,,,,,,,,44084.152165487525,23840.83136660163,235025.50539853863,,101003.01562389985,,,,,,55896.07782705969,14824.3797070577,18518.681455872003,9892.506513211392,58501.241975354766,38631.49131151855,,,,,,,,,,,,,,,,,,,,,,,,,,,,,,,,,,,,,,,,,,,,,,,,,,,,,,,,,,,,,,,,,,,,,,,,,,,,,,,,,,,,,,,,,,,,,,,,0.0,0.0,0.0,0.0,0.0,0.0017591469222679734,0.0,0.0,0.0,0.0,0.0,0.0,0.0,0.0,0.0,0.0,0.0,0.0,0.0,0.0,0.0,0.0,0.0,0.0,0.0013064012164250016,0.0,0.0,0.0036453166976571083,0.0,0.0,0.0,0.0035564147401601076,0.0,0.0,0.0,0.0,0.0,0.0,0.0,0.0,0.0,0.35433509945869446,0.0,0.0,0.0,0.0,0.0,0.0,0.000280939566437155,0.0,0.0,0.0,0.0,0.0,0.0,0.0,0.0,0.0,0.0,0.0,0.0,0.0,0.0,0.0,0.0,0.0,0.0,0.0,0.0,0.0,0.0,0.0,0.0,0.0,0.0,0.0,0.0,0.0,0.0,0.0,0.0,0.0002895304933190346,0.0,0.0,0.0,0.0,0.0,0.0,0.0,0.0004514709289651364,0.0,0.0,0.0,0.0,0.0,0.0,0.0,0.0,0.0,0.0,0.0,0.0,0.0,0.0,0.0,0.23673413693904877,0.0,0.0,0.0,0.0,0.0,0.0,0.0,0.0,0.0,0.0,0.0,0.0,0.0,0.0,0.006112119648605585,0.0,0.0,0.0,0.0,0.0,0.0,0.0,0.0,0.0,0.0,0.0,0.0,0.0,0.0009501978638581932,0.0,0.0,0.0,0.0,0.0,0.0,0.0,0.0,0.0,0.0,0.0,0.0,0.0,0.0,0.0,0.0,0.0,0.0,0.0,0.0,0.0,0.0,0.0,0.0,0.0,0.0,0.0,0.0,0.0,0.0,0.0,0.0,0.0,0.0,0.0,0.0,0.0004413347051013261,0.0014393494930118322,0.0,0.0,0.0,0.0,0.0,0.0,0.0,0.0,0.0,0.0,0.0,0.0,0.0,0.0,0.0,0.0,0.0,0.0,0.0,0.0,0.0,0.0010530672734603286,0.0,0.0,0.0,0.0,0.0,0.0,0.0,0.0,0.0,0.0,0.0,0.0,0.0,0.0,0.0,0.0004487152036745101,0.0,0.0,0.0,0.0,0.0,0.0,0.0,0.0,0.0,0.0,0.0,0.0,0.0,0.0,0.0,0.0,0.0,0.0,0.0,0.0,0.0,0.0,0.0,0.002649371512234211,0.0,0.0,0.0,0.0,0.0,0.0,0.0,1.6639629393466748e-05,0.0,0.0,0.0,0.0,0.0,0.0,0.0,0.0,0.0,0.0,0.0,0.0,0.0,0.0,0.0,0.0,0.0,0.0,0.0,0.0,0.0,0.0,0.0,0.0,0.0,0.0,0.0,0.0,0.0,0.0,0.0,0.0,0.0,0.0,0.0,0.0,0.0,0.0,0.0,0.0,0.0,0.0,0.0,0.0,0.0,0.0,0.0,0.0,0.0,0.0,0.0,0.0,0.0,0.0,0.0,0.0,0.0,0.0,0.0,0.0,0.0,0.0,0.0,0.00022665342839900404,0.0,0.0,0.0,0.0,0.0,0.0,0.0,0.0,0.0,0.0,0.0,0.0,0.0,0.0,0.0,0.0,0.0,0.0,0.0,0.0,0.0,0.0,0.0005905237630940974,0.0,0.0,0.0019058078760281205,0.0,0.0,0.0,0.0,0.0,0.0,0.0,0.0,0.0,0.0,0.0,0.0,0.0,0.0,0.0,0.0,0.0,0.0,0.0,0.0,0.0,0.0,0.0,0.0,0.0,0.0,0.0,0.0,0.0,0.0,0.0,0.0,0.0,0.0,0.0,0.0,0.0020384937524795532,0.0,0.0,0.0,0.0,0.0,0.0,0.0,0.0,0.0,0.0,0.0,0.0,0.0,0.0,0.0,0.0,0.0,0.0,0.0,0.0,0.0,0.0,0.27549755573272705,0.0,0.0,0.0,0.0,0.0,0.0,0.0,0.0,0.0009239051141776145,0.0,0.0,0.0,0.0,0.0,0.0,0.0,0.0,0.0,0.0,0.0,0.0,0.0,0.0,0.0,0.0,0.0,0.0,0.09578496962785721,0.0,0.0,0.0,0.0,0.0,0.0,0.0,0.0,0.0,0.0,0.0,0.0,0.0,0.0,0.0,0.0,0.0,0.0,0.0,0.0,0.0,0.0,0.0,0.0,0.0,0.0,0.0034059735480695963,0.0,0.0,0.0,0.0,0.0,0.0,0.0,0.0,0.0,0.0,0.0,0.0,0.0,0.0,0.0,0.0,0.0,0.0,0.0,0.0,0.0,0.0003127045347355306,0.0,0.0018471716903150082,0.0,0.0,0.0,0.0,0.0,0.0,0.0,0.0,0.0,0.0,0.0,0.0,0.0,0.0,0.0,0.0,0.0,0.0,0.0,0.0,0.0,0.0,0.0,0.0,0.0,0.0,0.0,0.00199695467017591,,,,,,,,,,,,,,,,,,,,,,,,,,,,,,,,,,,,,,,,,,,,,,,,,,,,,,,,,,,,,,,,,,,,,,,,,,,,,,,,,,,,,,,,,,,,,,,,,,,,,,,,,,,,,,,,,,,,,,,,,,,,,,,,,,,,,,,,,,,,,,,,,,,,,,,,,,,,,,,,,,,,,,,,,,,,,,,,,,,,,,,,,,,,,,,,,,,,,,,,,,,,,,,,,,,,,,,,,,,,,,,,,,,,,,,,,,,,,,,,,,,,,,,,,,,,,,,,,,,,,,,,,,,,
2019-06-25,780110.4387550383,2853.0206016881384,,,,,,,,,,,45200.80650188474,23841.064711133262,245786.53866226377,,98864.67164021225,,,,,,55603.44342092676,14824.3797070577,17997.182287402116,9892.643833917668,58501.241975354766,38626.14685102879,,,,,,,,,,,,,,,,,,,,,,,,,,,,,,,,,,,,,,,,,,,,,,,,,,,,,,,,,,,,,,,,,,,,,,,,,,,,,,,,,,,,,,,,,,,,,,,,0.0,0.0,0.0,0.0,0.0,0.0017591469222679734,0.0,0.0,0.0,0.0,0.0,0.0,0.0,0.0,0.0,0.0,0.0,0.0,0.0,0.0,0.0,0.0,0.0,0.0,0.0013064012164250016,0.0,0.0,0.0036453166976571083,0.0,0.0,0.0,0.0035564147401601076,0.0,0.0,0.0,0.0,0.0,0.0,0.0,0.0,0.0,0.35433509945869446,0.0,0.0,0.0,0.0,0.0,0.0,0.000280939566437155,0.0,0.0,0.0,0.0,0.0,0.0,0.0,0.0,0.0,0.0,0.0,0.0,0.0,0.0,0.0,0.0,0.0,0.0,0.0,0.0,0.0,0.0,0.0,0.0,0.0,0.0,0.0,0.0,0.0,0.0,0.0,0.0,0.0002895304933190346,0.0,0.0,0.0,0.0,0.0,0.0,0.0,0.0004514709289651364,0.0,0.0,0.0,0.0,0.0,0.0,0.0,0.0,0.0,0.0,0.0,0.0,0.0,0.0,0.0,0.23673413693904877,0.0,0.0,0.0,0.0,0.0,0.0,0.0,0.0,0.0,0.0,0.0,0.0,0.0,0.0,0.006112119648605585,0.0,0.0,0.0,0.0,0.0,0.0,0.0,0.0,0.0,0.0,0.0,0.0,0.0,0.0009501978638581932,0.0,0.0,0.0,0.0,0.0,0.0,0.0,0.0,0.0,0.0,0.0,0.0,0.0,0.0,0.0,0.0,0.0,0.0,0.0,0.0,0.0,0.0,0.0,0.0,0.0,0.0,0.0,0.0,0.0,0.0,0.0,0.0,0.0,0.0,0.0,0.0,0.0004413347051013261,0.0014393494930118322,0.0,0.0,0.0,0.0,0.0,0.0,0.0,0.0,0.0,0.0,0.0,0.0,0.0,0.0,0.0,0.0,0.0,0.0,0.0,0.0,0.0,0.0010530672734603286,0.0,0.0,0.0,0.0,0.0,0.0,0.0,0.0,0.0,0.0,0.0,0.0,0.0,0.0,0.0,0.0004487152036745101,0.0,0.0,0.0,0.0,0.0,0.0,0.0,0.0,0.0,0.0,0.0,0.0,0.0,0.0,0.0,0.0,0.0,0.0,0.0,0.0,0.0,0.0,0.0,0.002649371512234211,0.0,0.0,0.0,0.0,0.0,0.0,0.0,1.6639629393466748e-05,0.0,0.0,0.0,0.0,0.0,0.0,0.0,0.0,0.0,0.0,0.0,0.0,0.0,0.0,0.0,0.0,0.0,0.0,0.0,0.0,0.0,0.0,0.0,0.0,0.0,0.0,0.0,0.0,0.0,0.0,0.0,0.0,0.0,0.0,0.0,0.0,0.0,0.0,0.0,0.0,0.0,0.0,0.0,0.0,0.0,0.0,0.0,0.0,0.0,0.0,0.0,0.0,0.0,0.0,0.0,0.0,0.0,0.0,0.0,0.0,0.0,0.0,0.0,0.00022665342839900404,0.0,0.0,0.0,0.0,0.0,0.0,0.0,0.0,0.0,0.0,0.0,0.0,0.0,0.0,0.0,0.0,0.0,0.0,0.0,0.0,0.0,0.0,0.0005905237630940974,0.0,0.0,0.0019058078760281205,0.0,0.0,0.0,0.0,0.0,0.0,0.0,0.0,0.0,0.0,0.0,0.0,0.0,0.0,0.0,0.0,0.0,0.0,0.0,0.0,0.0,0.0,0.0,0.0,0.0,0.0,0.0,0.0,0.0,0.0,0.0,0.0,0.0,0.0,0.0,0.0,0.0020384937524795532,0.0,0.0,0.0,0.0,0.0,0.0,0.0,0.0,0.0,0.0,0.0,0.0,0.0,0.0,0.0,0.0,0.0,0.0,0.0,0.0,0.0,0.0,0.27549755573272705,0.0,0.0,0.0,0.0,0.0,0.0,0.0,0.0,0.0009239051141776145,0.0,0.0,0.0,0.0,0.0,0.0,0.0,0.0,0.0,0.0,0.0,0.0,0.0,0.0,0.0,0.0,0.0,0.0,0.09578496962785721,0.0,0.0,0.0,0.0,0.0,0.0,0.0,0.0,0.0,0.0,0.0,0.0,0.0,0.0,0.0,0.0,0.0,0.0,0.0,0.0,0.0,0.0,0.0,0.0,0.0,0.0,0.0034059735480695963,0.0,0.0,0.0,0.0,0.0,0.0,0.0,0.0,0.0,0.0,0.0,0.0,0.0,0.0,0.0,0.0,0.0,0.0,0.0,0.0,0.0,0.0003127045347355306,0.0,0.0018471716903150082,0.0,0.0,0.0,0.0,0.0,0.0,0.0,0.0,0.0,0.0,0.0,0.0,0.0,0.0,0.0,0.0,0.0,0.0,0.0,0.0,0.0,0.0,0.0,0.0,0.0,0.0,0.0,0.00199695467017591,,,,,,,,,,,,,,,,,,,,,,,,,,,,,,,,,,,,,,,,,,,,,,,,,,,,,,,,,,,,,,,,,,,,,,,,,,,,,,,,,,,,,,,,,,,,,,,,,,,,,,,,,,,,,,,,,,,,,,,,,,,,,,,,,,,,,,,,,,,,,,,,,,,,,,,,,,,,,,,,,,,,,,,,,,,,,,,,,,,,,,,,,,,,,,,,,,,,,,,,,,,,,,,,,,,,,,,,,,,,,,,,,,,,,,,,,,,,,,,,,,,,,,,,,,,,,,,,,,,,,,,,,,,,
2019-06-26,793729.4877895237,1657.4842206527196,,,,,,,,,,,43102.80382697204,24277.04291268186,245236.78295953322,,94348.6164811724,,,,,,53959.88602164371,15712.695690281265,18634.52554692497,9892.844353301107,58505.53459371455,40017.74411535975,,,,,,,,,,,,,,,,,,,,,,,,,,,,,,,,,,,,,,,,,,,,,,,,,,,,,,,,,,,,,,,,,,,,,,,,,,,,,,,,,,,,,,,,,,,,,,,,0.0,0.0,0.0,0.0,0.0,0.0017591469222679734,0.0,0.0,0.0,0.0,0.0,0.0,0.0,0.0,0.0,0.0,0.0,0.0,0.0,0.0,0.0,0.0,0.0,0.0,0.0013064012164250016,0.0,0.0,0.0036453166976571083,0.0,0.0,0.0,0.0035564147401601076,0.0,0.0,0.0,0.0,0.0,0.0,0.0,0.0,0.0,0.35433509945869446,0.0,0.0,0.0,0.0,0.0,0.0,0.000280939566437155,0.0,0.0,0.0,0.0,0.0,0.0,0.0,0.0,0.0,0.0,0.0,0.0,0.0,0.0,0.0,0.0,0.0,0.0,0.0,0.0,0.0,0.0,0.0,0.0,0.0,0.0,0.0,0.0,0.0,0.0,0.0,0.0,0.0002895304933190346,0.0,0.0,0.0,0.0,0.0,0.0,0.0,0.0004514709289651364,0.0,0.0,0.0,0.0,0.0,0.0,0.0,0.0,0.0,0.0,0.0,0.0,0.0,0.0,0.0,0.23673413693904877,0.0,0.0,0.0,0.0,0.0,0.0,0.0,0.0,0.0,0.0,0.0,0.0,0.0,0.0,0.006112119648605585,0.0,0.0,0.0,0.0,0.0,0.0,0.0,0.0,0.0,0.0,0.0,0.0,0.0,0.0009501978638581932,0.0,0.0,0.0,0.0,0.0,0.0,0.0,0.0,0.0,0.0,0.0,0.0,0.0,0.0,0.0,0.0,0.0,0.0,0.0,0.0,0.0,0.0,0.0,0.0,0.0,0.0,0.0,0.0,0.0,0.0,0.0,0.0,0.0,0.0,0.0,0.0,0.0004413347051013261,0.0014393494930118322,0.0,0.0,0.0,0.0,0.0,0.0,0.0,0.0,0.0,0.0,0.0,0.0,0.0,0.0,0.0,0.0,0.0,0.0,0.0,0.0,0.0,0.0010530672734603286,0.0,0.0,0.0,0.0,0.0,0.0,0.0,0.0,0.0,0.0,0.0,0.0,0.0,0.0,0.0,0.0004487152036745101,0.0,0.0,0.0,0.0,0.0,0.0,0.0,0.0,0.0,0.0,0.0,0.0,0.0,0.0,0.0,0.0,0.0,0.0,0.0,0.0,0.0,0.0,0.0,0.002649371512234211,0.0,0.0,0.0,0.0,0.0,0.0,0.0,1.6639629393466748e-05,0.0,0.0,0.0,0.0,0.0,0.0,0.0,0.0,0.0,0.0,0.0,0.0,0.0,0.0,0.0,0.0,0.0,0.0,0.0,0.0,0.0,0.0,0.0,0.0,0.0,0.0,0.0,0.0,0.0,0.0,0.0,0.0,0.0,0.0,0.0,0.0,0.0,0.0,0.0,0.0,0.0,0.0,0.0,0.0,0.0,0.0,0.0,0.0,0.0,0.0,0.0,0.0,0.0,0.0,0.0,0.0,0.0,0.0,0.0,0.0,0.0,0.0,0.0,0.00022665342839900404,0.0,0.0,0.0,0.0,0.0,0.0,0.0,0.0,0.0,0.0,0.0,0.0,0.0,0.0,0.0,0.0,0.0,0.0,0.0,0.0,0.0,0.0,0.0005905237630940974,0.0,0.0,0.0019058078760281205,0.0,0.0,0.0,0.0,0.0,0.0,0.0,0.0,0.0,0.0,0.0,0.0,0.0,0.0,0.0,0.0,0.0,0.0,0.0,0.0,0.0,0.0,0.0,0.0,0.0,0.0,0.0,0.0,0.0,0.0,0.0,0.0,0.0,0.0,0.0,0.0,0.0020384937524795532,0.0,0.0,0.0,0.0,0.0,0.0,0.0,0.0,0.0,0.0,0.0,0.0,0.0,0.0,0.0,0.0,0.0,0.0,0.0,0.0,0.0,0.0,0.27549755573272705,0.0,0.0,0.0,0.0,0.0,0.0,0.0,0.0,0.0009239051141776145,0.0,0.0,0.0,0.0,0.0,0.0,0.0,0.0,0.0,0.0,0.0,0.0,0.0,0.0,0.0,0.0,0.0,0.0,0.09578496962785721,0.0,0.0,0.0,0.0,0.0,0.0,0.0,0.0,0.0,0.0,0.0,0.0,0.0,0.0,0.0,0.0,0.0,0.0,0.0,0.0,0.0,0.0,0.0,0.0,0.0,0.0,0.0034059735480695963,0.0,0.0,0.0,0.0,0.0,0.0,0.0,0.0,0.0,0.0,0.0,0.0,0.0,0.0,0.0,0.0,0.0,0.0,0.0,0.0,0.0,0.0003127045347355306,0.0,0.0018471716903150082,0.0,0.0,0.0,0.0,0.0,0.0,0.0,0.0,0.0,0.0,0.0,0.0,0.0,0.0,0.0,0.0,0.0,0.0,0.0,0.0,0.0,0.0,0.0,0.0,0.0,0.0,0.0,0.00199695467017591,,,,,,,,,,,,,,,,,,,,,,,,,,,,,,,,,,,,,,,,,,,,,,,,,,,,,,,,,,,,,,,,,,,,,,,,,,,,,,,,,,,,,,,,,,,,,,,,,,,,,,,,,,,,,,,,,,,,,,,,,,,,,,,,,,,,,,,,,,,,,,,,,,,,,,,,,,,,,,,,,,,,,,,,,,,,,,,,,,,,,,,,,,,,,,,,,,,,,,,,,,,,,,,,,,,,,,,,,,,,,,,,,,,,,,,,,,,,,,,,,,,,,,,,,,,,,,,,,,,,,,,,,,,,
2019-06-27,805374.7057771748,268.0492285291698,,,,,,,,,,,41006.39870183125,24277.112330408458,232430.84530457394,,91223.79339525121,,,,,,53834.77867527848,16010.390914912261,19158.699206955553,10304.368339973322,61288.73271915705,41174.37559175252,,,,,,,,,,,,,,,,,,,,,,,,,,,,,,,,,,,,,,,,,,,,,,,,,,,,,,,,,,,,,,,,,,,,,,,,,,,,,,,,,,,,,,,,,,,,,,,,0.0,0.0,0.0,0.0,0.0,0.0017591469222679734,0.0,0.0,0.0,0.0,0.0,0.0,0.0,0.0,0.0,0.0,0.0,0.0,0.0,0.0,0.0,0.0,0.0,0.0,0.0013064012164250016,0.0,0.0,0.0036453166976571083,0.0,0.0,0.0,0.0035564147401601076,0.0,0.0,0.0,0.0,0.0,0.0,0.0,0.0,0.0,0.35433509945869446,0.0,0.0,0.0,0.0,0.0,0.0,0.000280939566437155,0.0,0.0,0.0,0.0,0.0,0.0,0.0,0.0,0.0,0.0,0.0,0.0,0.0,0.0,0.0,0.0,0.0,0.0,0.0,0.0,0.0,0.0,0.0,0.0,0.0,0.0,0.0,0.0,0.0,0.0,0.0,0.0,0.0002895304933190346,0.0,0.0,0.0,0.0,0.0,0.0,0.0,0.0004514709289651364,0.0,0.0,0.0,0.0,0.0,0.0,0.0,0.0,0.0,0.0,0.0,0.0,0.0,0.0,0.0,0.23673413693904877,0.0,0.0,0.0,0.0,0.0,0.0,0.0,0.0,0.0,0.0,0.0,0.0,0.0,0.0,0.006112119648605585,0.0,0.0,0.0,0.0,0.0,0.0,0.0,0.0,0.0,0.0,0.0,0.0,0.0,0.0009501978638581932,0.0,0.0,0.0,0.0,0.0,0.0,0.0,0.0,0.0,0.0,0.0,0.0,0.0,0.0,0.0,0.0,0.0,0.0,0.0,0.0,0.0,0.0,0.0,0.0,0.0,0.0,0.0,0.0,0.0,0.0,0.0,0.0,0.0,0.0,0.0,0.0,0.0004413347051013261,0.0014393494930118322,0.0,0.0,0.0,0.0,0.0,0.0,0.0,0.0,0.0,0.0,0.0,0.0,0.0,0.0,0.0,0.0,0.0,0.0,0.0,0.0,0.0,0.0010530672734603286,0.0,0.0,0.0,0.0,0.0,0.0,0.0,0.0,0.0,0.0,0.0,0.0,0.0,0.0,0.0,0.0004487152036745101,0.0,0.0,0.0,0.0,0.0,0.0,0.0,0.0,0.0,0.0,0.0,0.0,0.0,0.0,0.0,0.0,0.0,0.0,0.0,0.0,0.0,0.0,0.0,0.002649371512234211,0.0,0.0,0.0,0.0,0.0,0.0,0.0,1.6639629393466748e-05,0.0,0.0,0.0,0.0,0.0,0.0,0.0,0.0,0.0,0.0,0.0,0.0,0.0,0.0,0.0,0.0,0.0,0.0,0.0,0.0,0.0,0.0,0.0,0.0,0.0,0.0,0.0,0.0,0.0,0.0,0.0,0.0,0.0,0.0,0.0,0.0,0.0,0.0,0.0,0.0,0.0,0.0,0.0,0.0,0.0,0.0,0.0,0.0,0.0,0.0,0.0,0.0,0.0,0.0,0.0,0.0,0.0,0.0,0.0,0.0,0.0,0.0,0.0,0.00022665342839900404,0.0,0.0,0.0,0.0,0.0,0.0,0.0,0.0,0.0,0.0,0.0,0.0,0.0,0.0,0.0,0.0,0.0,0.0,0.0,0.0,0.0,0.0,0.0005905237630940974,0.0,0.0,0.0019058078760281205,0.0,0.0,0.0,0.0,0.0,0.0,0.0,0.0,0.0,0.0,0.0,0.0,0.0,0.0,0.0,0.0,0.0,0.0,0.0,0.0,0.0,0.0,0.0,0.0,0.0,0.0,0.0,0.0,0.0,0.0,0.0,0.0,0.0,0.0,0.0,0.0,0.0020384937524795532,0.0,0.0,0.0,0.0,0.0,0.0,0.0,0.0,0.0,0.0,0.0,0.0,0.0,0.0,0.0,0.0,0.0,0.0,0.0,0.0,0.0,0.0,0.27549755573272705,0.0,0.0,0.0,0.0,0.0,0.0,0.0,0.0,0.0009239051141776145,0.0,0.0,0.0,0.0,0.0,0.0,0.0,0.0,0.0,0.0,0.0,0.0,0.0,0.0,0.0,0.0,0.0,0.0,0.09578496962785721,0.0,0.0,0.0,0.0,0.0,0.0,0.0,0.0,0.0,0.0,0.0,0.0,0.0,0.0,0.0,0.0,0.0,0.0,0.0,0.0,0.0,0.0,0.0,0.0,0.0,0.0,0.0034059735480695963,0.0,0.0,0.0,0.0,0.0,0.0,0.0,0.0,0.0,0.0,0.0,0.0,0.0,0.0,0.0,0.0,0.0,0.0,0.0,0.0,0.0,0.0003127045347355306,0.0,0.0018471716903150082,0.0,0.0,0.0,0.0,0.0,0.0,0.0,0.0,0.0,0.0,0.0,0.0,0.0,0.0,0.0,0.0,0.0,0.0,0.0,0.0,0.0,0.0,0.0,0.0,0.0,0.0,0.0,0.00199695467017591,,,,,,,,,,,,,,,,,,,,,,,,,,,,,,,,,,,,,,,,,,,,,,,,,,,,,,,,,,,,,,,,,,,,,,,,,,,,,,,,,,,,,,,,,,,,,,,,,,,,,,,,,,,,,,,,,,,,,,,,,,,,,,,,,,,,,,,,,,,,,,,,,,,,,,,,,,,,,,,,,,,,,,,,,,,,,,,,,,,,,,,,,,,,,,,,,,,,,,,,,,,,,,,,,,,,,,,,,,,,,,,,,,,,,,,,,,,,,,,,,,,,,,,,,,,,,,,,,,,,,,,,,,,,
2019-06-28,795930.8419325186,2844.111203128105,,,,,,,,,,,40905.82206835699,24277.181748532043,231845.32586844833,,91573.21328385358,,,,,,51636.25303939083,16010.625756321957,19275.236753412057,10304.983538158906,61281.6668968611,41404.48960624657,,,,,,,,,,,,,,,,,,,,,,,,,,,,,,,,,,,,,,,,,,,,,,,,,,,,,,,,,,,,,,,,,,,,,,,,,,,,,,,,,,,,,,,,,,,,,,,,0.0,0.0,0.0,0.0,0.0,0.0017591469222679734,0.0,0.0,0.0,0.0,0.0,0.0,0.0,0.0,0.0,0.0,0.0,0.0,0.0,0.0,0.0,0.0,0.0,0.0,0.0013064012164250016,0.0,0.0,0.0036453166976571083,0.0,0.0,0.0,0.0035564147401601076,0.0,0.0,0.0,0.0,0.0,0.0,0.0,0.0,0.0,0.35433509945869446,0.0,0.0,0.0,0.0,0.0,0.0,0.000280939566437155,0.0,0.0,0.0,0.0,0.0,0.0,0.0,0.0,0.0,0.0,0.0,0.0,0.0,0.0,0.0,0.0,0.0,0.0,0.0,0.0,0.0,0.0,0.0,0.0,0.0,0.0,0.0,0.0,0.0,0.0,0.0,0.0,0.0002895304933190346,0.0,0.0,0.0,0.0,0.0,0.0,0.0,0.0004514709289651364,0.0,0.0,0.0,0.0,0.0,0.0,0.0,0.0,0.0,0.0,0.0,0.0,0.0,0.0,0.0,0.23673413693904877,0.0,0.0,0.0,0.0,0.0,0.0,0.0,0.0,0.0,0.0,0.0,0.0,0.0,0.0,0.006112119648605585,0.0,0.0,0.0,0.0,0.0,0.0,0.0,0.0,0.0,0.0,0.0,0.0,0.0,0.0009501978638581932,0.0,0.0,0.0,0.0,0.0,0.0,0.0,0.0,0.0,0.0,0.0,0.0,0.0,0.0,0.0,0.0,0.0,0.0,0.0,0.0,0.0,0.0,0.0,0.0,0.0,0.0,0.0,0.0,0.0,0.0,0.0,0.0,0.0,0.0,0.0,0.0,0.0004413347051013261,0.0014393494930118322,0.0,0.0,0.0,0.0,0.0,0.0,0.0,0.0,0.0,0.0,0.0,0.0,0.0,0.0,0.0,0.0,0.0,0.0,0.0,0.0,0.0,0.0010530672734603286,0.0,0.0,0.0,0.0,0.0,0.0,0.0,0.0,0.0,0.0,0.0,0.0,0.0,0.0,0.0,0.0004487152036745101,0.0,0.0,0.0,0.0,0.0,0.0,0.0,0.0,0.0,0.0,0.0,0.0,0.0,0.0,0.0,0.0,0.0,0.0,0.0,0.0,0.0,0.0,0.0,0.002649371512234211,0.0,0.0,0.0,0.0,0.0,0.0,0.0,1.6639629393466748e-05,0.0,0.0,0.0,0.0,0.0,0.0,0.0,0.0,0.0,0.0,0.0,0.0,0.0,0.0,0.0,0.0,0.0,0.0,0.0,0.0,0.0,0.0,0.0,0.0,0.0,0.0,0.0,0.0,0.0,0.0,0.0,0.0,0.0,0.0,0.0,0.0,0.0,0.0,0.0,0.0,0.0,0.0,0.0,0.0,0.0,0.0,0.0,0.0,0.0,0.0,0.0,0.0,0.0,0.0,0.0,0.0,0.0,0.0,0.0,0.0,0.0,0.0,0.0,0.00022665342839900404,0.0,0.0,0.0,0.0,0.0,0.0,0.0,0.0,0.0,0.0,0.0,0.0,0.0,0.0,0.0,0.0,0.0,0.0,0.0,0.0,0.0,0.0,0.0005905237630940974,0.0,0.0,0.0019058078760281205,0.0,0.0,0.0,0.0,0.0,0.0,0.0,0.0,0.0,0.0,0.0,0.0,0.0,0.0,0.0,0.0,0.0,0.0,0.0,0.0,0.0,0.0,0.0,0.0,0.0,0.0,0.0,0.0,0.0,0.0,0.0,0.0,0.0,0.0,0.0,0.0,0.0020384937524795532,0.0,0.0,0.0,0.0,0.0,0.0,0.0,0.0,0.0,0.0,0.0,0.0,0.0,0.0,0.0,0.0,0.0,0.0,0.0,0.0,0.0,0.0,0.27549755573272705,0.0,0.0,0.0,0.0,0.0,0.0,0.0,0.0,0.0009239051141776145,0.0,0.0,0.0,0.0,0.0,0.0,0.0,0.0,0.0,0.0,0.0,0.0,0.0,0.0,0.0,0.0,0.0,0.0,0.09578496962785721,0.0,0.0,0.0,0.0,0.0,0.0,0.0,0.0,0.0,0.0,0.0,0.0,0.0,0.0,0.0,0.0,0.0,0.0,0.0,0.0,0.0,0.0,0.0,0.0,0.0,0.0,0.0034059735480695963,0.0,0.0,0.0,0.0,0.0,0.0,0.0,0.0,0.0,0.0,0.0,0.0,0.0,0.0,0.0,0.0,0.0,0.0,0.0,0.0,0.0,0.0003127045347355306,0.0,0.0018471716903150082,0.0,0.0,0.0,0.0,0.0,0.0,0.0,0.0,0.0,0.0,0.0,0.0,0.0,0.0,0.0,0.0,0.0,0.0,0.0,0.0,0.0,0.0,0.0,0.0,0.0,0.0,0.0,0.00199695467017591,,,,,,,,,,,,,,,,,,,,,,,,,,,,,,,,,,,,,,,,,,,,,,,,,,,,,,,,,,,,,,,,,,,,,,,,,,,,,,,,,,,,,,,,,,,,,,,,,,,,,,,,,,,,,,,,,,,,,,,,,,,,,,,,,,,,,,,,,,,,,,,,,,,,,,,,,,,,,,,,,,,,,,,,,,,,,,,,,,,,,,,,,,,,,,,,,,,,,,,,,,,,,,,,,,,,,,,,,,,,,,,,,,,,,,,,,,,,,,,,,,,,,,,,,,,,,,,,,,,,,,,,,,,,
2019-07-01,809739.9266654495,3453.1326683913067,,,,,,,,,,,41613.17263581146,25367.186399709764,236386.74777510634,,87691.2149299171,,,,,,49302.76924598208,16603.60335480244,19274.40167554033,9892.305399942388,61287.581470489735,41863.609005951,,,,,,,,,,,,,,,,,,,,,,,,,,,,,,,,,,,,,,,,,,,,,,,,,,,,,,,,,,,,,,,,,,,,,,,,,,,,,,,,,,,,,,,,,,,,,,,,0.0,0.0,0.0,0.0,0.0,0.0017591469222679734,0.0,0.0,0.0,0.0,0.0,0.0,0.0,0.0,0.0,0.0,0.0,0.0,0.0,0.0,0.0,0.0,0.0,0.0,0.0013064012164250016,0.0,0.0,0.0036453166976571083,0.0,0.0,0.0,0.0035564147401601076,0.0,0.0,0.0,0.0,0.0,0.0,0.0,0.0,0.0,0.35433509945869446,0.0,0.0,0.0,0.0,0.0,0.0,0.000280939566437155,0.0,0.0,0.0,0.0,0.0,0.0,0.0,0.0,0.0,0.0,0.0,0.0,0.0,0.0,0.0,0.0,0.0,0.0,0.0,0.0,0.0,0.0,0.0,0.0,0.0,0.0,0.0,0.0,0.0,0.0,0.0,0.0,0.0002895304933190346,0.0,0.0,0.0,0.0,0.0,0.0,0.0,0.0004514709289651364,0.0,0.0,0.0,0.0,0.0,0.0,0.0,0.0,0.0,0.0,0.0,0.0,0.0,0.0,0.0,0.23673413693904877,0.0,0.0,0.0,0.0,0.0,0.0,0.0,0.0,0.0,0.0,0.0,0.0,0.0,0.0,0.006112119648605585,0.0,0.0,0.0,0.0,0.0,0.0,0.0,0.0,0.0,0.0,0.0,0.0,0.0,0.0009501978638581932,0.0,0.0,0.0,0.0,0.0,0.0,0.0,0.0,0.0,0.0,0.0,0.0,0.0,0.0,0.0,0.0,0.0,0.0,0.0,0.0,0.0,0.0,0.0,0.0,0.0,0.0,0.0,0.0,0.0,0.0,0.0,0.0,0.0,0.0,0.0,0.0,0.0004413347051013261,0.0014393494930118322,0.0,0.0,0.0,0.0,0.0,0.0,0.0,0.0,0.0,0.0,0.0,0.0,0.0,0.0,0.0,0.0,0.0,0.0,0.0,0.0,0.0,0.0010530672734603286,0.0,0.0,0.0,0.0,0.0,0.0,0.0,0.0,0.0,0.0,0.0,0.0,0.0,0.0,0.0,0.0004487152036745101,0.0,0.0,0.0,0.0,0.0,0.0,0.0,0.0,0.0,0.0,0.0,0.0,0.0,0.0,0.0,0.0,0.0,0.0,0.0,0.0,0.0,0.0,0.0,0.002649371512234211,0.0,0.0,0.0,0.0,0.0,0.0,0.0,1.6639629393466748e-05,0.0,0.0,0.0,0.0,0.0,0.0,0.0,0.0,0.0,0.0,0.0,0.0,0.0,0.0,0.0,0.0,0.0,0.0,0.0,0.0,0.0,0.0,0.0,0.0,0.0,0.0,0.0,0.0,0.0,0.0,0.0,0.0,0.0,0.0,0.0,0.0,0.0,0.0,0.0,0.0,0.0,0.0,0.0,0.0,0.0,0.0,0.0,0.0,0.0,0.0,0.0,0.0,0.0,0.0,0.0,0.0,0.0,0.0,0.0,0.0,0.0,0.0,0.0,0.00022665342839900404,0.0,0.0,0.0,0.0,0.0,0.0,0.0,0.0,0.0,0.0,0.0,0.0,0.0,0.0,0.0,0.0,0.0,0.0,0.0,0.0,0.0,0.0,0.0005905237630940974,0.0,0.0,0.0019058078760281205,0.0,0.0,0.0,0.0,0.0,0.0,0.0,0.0,0.0,0.0,0.0,0.0,0.0,0.0,0.0,0.0,0.0,0.0,0.0,0.0,0.0,0.0,0.0,0.0,0.0,0.0,0.0,0.0,0.0,0.0,0.0,0.0,0.0,0.0,0.0,0.0,0.0020384937524795532,0.0,0.0,0.0,0.0,0.0,0.0,0.0,0.0,0.0,0.0,0.0,0.0,0.0,0.0,0.0,0.0,0.0,0.0,0.0,0.0,0.0,0.0,0.27549755573272705,0.0,0.0,0.0,0.0,0.0,0.0,0.0,0.0,0.0009239051141776145,0.0,0.0,0.0,0.0,0.0,0.0,0.0,0.0,0.0,0.0,0.0,0.0,0.0,0.0,0.0,0.0,0.0,0.0,0.09578496962785721,0.0,0.0,0.0,0.0,0.0,0.0,0.0,0.0,0.0,0.0,0.0,0.0,0.0,0.0,0.0,0.0,0.0,0.0,0.0,0.0,0.0,0.0,0.0,0.0,0.0,0.0,0.0034059735480695963,0.0,0.0,0.0,0.0,0.0,0.0,0.0,0.0,0.0,0.0,0.0,0.0,0.0,0.0,0.0,0.0,0.0,0.0,0.0,0.0,0.0,0.0003127045347355306,0.0,0.0018471716903150082,0.0,0.0,0.0,0.0,0.0,0.0,0.0,0.0,0.0,0.0,0.0,0.0,0.0,0.0,0.0,0.0,0.0,0.0,0.0,0.0,0.0,0.0,0.0,0.0,0.0,0.0,0.0,0.00199695467017591,,,,,,,,,,,,,,,,,,,,,,,,,,,,,,,,,,,,,,,,,,,,,,,,,,,,,,,,,,,,,,,,,,,,,,,,,,,,,,,,,,,,,,,,,,,,,,,,,,,,,,,,,,,,,,,,,,,,,,,,,,,,,,,,,,,,,,,,,,,,,,,,,,,,,,,,,,,,,,,,,,,,,,,,,,,,,,,,,,,,,,,,,,,,,,,,,,,,,,,,,,,,,,,,,,,,,,,,,,,,,,,,,,,,,,,,,,,,,,,,,,,,,,,,,,,,,,,,,,,,,,,,,,,,
2019-07-02,823447.799645699,6059.537040229467,,,,,,,,,,,41252.94159606757,25658.352429355404,241562.7139552214,,82447.39050338345,,,,,,51214.871107622894,17196.539458693034,19158.29082207322,9892.305399942388,58499.99741597911,41406.090902197066,,,,,,,,,,,,,,,,,,,,,,,,,,,,,,,,,,,,,,,,,,,,,,,,,,,,,,,,,,,,,,,,,,,,,,,,,,,,,,,,,,,,,,,,,,,,,,,,0.0,0.0,0.0,0.0,0.0,0.0017591469222679734,0.0,0.0,0.0,0.0,0.0,0.0,0.0,0.0,0.0,0.0,0.0,0.0,0.0,0.0,0.0,0.0,0.0,0.0,0.0013064012164250016,0.0,0.0,0.0036453166976571083,0.0,0.0,0.0,0.0035564147401601076,0.0,0.0,0.0,0.0,0.0,0.0,0.0,0.0,0.0,0.35433509945869446,0.0,0.0,0.0,0.0,0.0,0.0,0.000280939566437155,0.0,0.0,0.0,0.0,0.0,0.0,0.0,0.0,0.0,0.0,0.0,0.0,0.0,0.0,0.0,0.0,0.0,0.0,0.0,0.0,0.0,0.0,0.0,0.0,0.0,0.0,0.0,0.0,0.0,0.0,0.0,0.0,0.0002895304933190346,0.0,0.0,0.0,0.0,0.0,0.0,0.0,0.0004514709289651364,0.0,0.0,0.0,0.0,0.0,0.0,0.0,0.0,0.0,0.0,0.0,0.0,0.0,0.0,0.0,0.23673413693904877,0.0,0.0,0.0,0.0,0.0,0.0,0.0,0.0,0.0,0.0,0.0,0.0,0.0,0.0,0.006112119648605585,0.0,0.0,0.0,0.0,0.0,0.0,0.0,0.0,0.0,0.0,0.0,0.0,0.0,0.0009501978638581932,0.0,0.0,0.0,0.0,0.0,0.0,0.0,0.0,0.0,0.0,0.0,0.0,0.0,0.0,0.0,0.0,0.0,0.0,0.0,0.0,0.0,0.0,0.0,0.0,0.0,0.0,0.0,0.0,0.0,0.0,0.0,0.0,0.0,0.0,0.0,0.0,0.0004413347051013261,0.0014393494930118322,0.0,0.0,0.0,0.0,0.0,0.0,0.0,0.0,0.0,0.0,0.0,0.0,0.0,0.0,0.0,0.0,0.0,0.0,0.0,0.0,0.0,0.0010530672734603286,0.0,0.0,0.0,0.0,0.0,0.0,0.0,0.0,0.0,0.0,0.0,0.0,0.0,0.0,0.0,0.0004487152036745101,0.0,0.0,0.0,0.0,0.0,0.0,0.0,0.0,0.0,0.0,0.0,0.0,0.0,0.0,0.0,0.0,0.0,0.0,0.0,0.0,0.0,0.0,0.0,0.002649371512234211,0.0,0.0,0.0,0.0,0.0,0.0,0.0,1.6639629393466748e-05,0.0,0.0,0.0,0.0,0.0,0.0,0.0,0.0,0.0,0.0,0.0,0.0,0.0,0.0,0.0,0.0,0.0,0.0,0.0,0.0,0.0,0.0,0.0,0.0,0.0,0.0,0.0,0.0,0.0,0.0,0.0,0.0,0.0,0.0,0.0,0.0,0.0,0.0,0.0,0.0,0.0,0.0,0.0,0.0,0.0,0.0,0.0,0.0,0.0,0.0,0.0,0.0,0.0,0.0,0.0,0.0,0.0,0.0,0.0,0.0,0.0,0.0,0.0,0.00022665342839900404,0.0,0.0,0.0,0.0,0.0,0.0,0.0,0.0,0.0,0.0,0.0,0.0,0.0,0.0,0.0,0.0,0.0,0.0,0.0,0.0,0.0,0.0,0.0005905237630940974,0.0,0.0,0.0019058078760281205,0.0,0.0,0.0,0.0,0.0,0.0,0.0,0.0,0.0,0.0,0.0,0.0,0.0,0.0,0.0,0.0,0.0,0.0,0.0,0.0,0.0,0.0,0.0,0.0,0.0,0.0,0.0,0.0,0.0,0.0,0.0,0.0,0.0,0.0,0.0,0.0,0.0020384937524795532,0.0,0.0,0.0,0.0,0.0,0.0,0.0,0.0,0.0,0.0,0.0,0.0,0.0,0.0,0.0,0.0,0.0,0.0,0.0,0.0,0.0,0.0,0.27549755573272705,0.0,0.0,0.0,0.0,0.0,0.0,0.0,0.0,0.0009239051141776145,0.0,0.0,0.0,0.0,0.0,0.0,0.0,0.0,0.0,0.0,0.0,0.0,0.0,0.0,0.0,0.0,0.0,0.0,0.09578496962785721,0.0,0.0,0.0,0.0,0.0,0.0,0.0,0.0,0.0,0.0,0.0,0.0,0.0,0.0,0.0,0.0,0.0,0.0,0.0,0.0,0.0,0.0,0.0,0.0,0.0,0.0,0.0034059735480695963,0.0,0.0,0.0,0.0,0.0,0.0,0.0,0.0,0.0,0.0,0.0,0.0,0.0,0.0,0.0,0.0,0.0,0.0,0.0,0.0,0.0,0.0003127045347355306,0.0,0.0018471716903150082,0.0,0.0,0.0,0.0,0.0,0.0,0.0,0.0,0.0,0.0,0.0,0.0,0.0,0.0,0.0,0.0,0.0,0.0,0.0,0.0,0.0,0.0,0.0,0.0,0.0,0.0,0.0,0.00199695467017591,,,,,,,,,,,,,,,,,,,,,,,,,,,,,,,,,,,,,,,,,,,,,,,,,,,,,,,,,,,,,,,,,,,,,,,,,,,,,,,,,,,,,,,,,,,,,,,,,,,,,,,,,,,,,,,,,,,,,,,,,,,,,,,,,,,,,,,,,,,,,,,,,,,,,,,,,,,,,,,,,,,,,,,,,,,,,,,,,,,,,,,,,,,,,,,,,,,,,,,,,,,,,,,,,,,,,,,,,,,,,,,,,,,,,,,,,,,,,,,,,,,,,,,,,,,,,,,,,,,,,,,,,,,,
2019-07-03,817583.5300815348,4097.957567709475,,,,,,,,,,,40183.51762501057,24567.847675591885,232097.69594574597,,80005.1323464184,,,,,,50260.06448520534,18680.62490108172,19912.064640017892,10717.40801482033,58499.99741597911,40939.620314470376,,,,,,,,,,,,,,,,,,,,,,,,,,,,,,,,,,,,,,,,,,,,,,,,,,,,,,,,,,,,,,,,,,,,,,,,,,,,,,,,,,,,,,,,,,,,,,,,0.0,0.0,0.0,0.0,0.0,0.0017591469222679734,0.0,0.0,0.0,0.0,0.0,0.0,0.0,0.0,0.0,0.0,0.0,0.0,0.0,0.0,0.0,0.0,0.0,0.0,0.0013064012164250016,0.0,0.0,0.0036453166976571083,0.0,0.0,0.0,0.0035564147401601076,0.0,0.0,0.0,0.0,0.0,0.0,0.0,0.0,0.0,0.35433509945869446,0.0,0.0,0.0,0.0,0.0,0.0,0.000280939566437155,0.0,0.0,0.0,0.0,0.0,0.0,0.0,0.0,0.0,0.0,0.0,0.0,0.0,0.0,0.0,0.0,0.0,0.0,0.0,0.0,0.0,0.0,0.0,0.0,0.0,0.0,0.0,0.0,0.0,0.0,0.0,0.0,0.0002895304933190346,0.0,0.0,0.0,0.0,0.0,0.0,0.0,0.0004514709289651364,0.0,0.0,0.0,0.0,0.0,0.0,0.0,0.0,0.0,0.0,0.0,0.0,0.0,0.0,0.0,0.23673413693904877,0.0,0.0,0.0,0.0,0.0,0.0,0.0,0.0,0.0,0.0,0.0,0.0,0.0,0.0,0.006112119648605585,0.0,0.0,0.0,0.0,0.0,0.0,0.0,0.0,0.0,0.0,0.0,0.0,0.0,0.0009501978638581932,0.0,0.0,0.0,0.0,0.0,0.0,0.0,0.0,0.0,0.0,0.0,0.0,0.0,0.0,0.0,0.0,0.0,0.0,0.0,0.0,0.0,0.0,0.0,0.0,0.0,0.0,0.0,0.0,0.0,0.0,0.0,0.0,0.0,0.0,0.0,0.0,0.0004413347051013261,0.0014393494930118322,0.0,0.0,0.0,0.0,0.0,0.0,0.0,0.0,0.0,0.0,0.0,0.0,0.0,0.0,0.0,0.0,0.0,0.0,0.0,0.0,0.0,0.0010530672734603286,0.0,0.0,0.0,0.0,0.0,0.0,0.0,0.0,0.0,0.0,0.0,0.0,0.0,0.0,0.0,0.0004487152036745101,0.0,0.0,0.0,0.0,0.0,0.0,0.0,0.0,0.0,0.0,0.0,0.0,0.0,0.0,0.0,0.0,0.0,0.0,0.0,0.0,0.0,0.0,0.0,0.002649371512234211,0.0,0.0,0.0,0.0,0.0,0.0,0.0,1.6639629393466748e-05,0.0,0.0,0.0,0.0,0.0,0.0,0.0,0.0,0.0,0.0,0.0,0.0,0.0,0.0,0.0,0.0,0.0,0.0,0.0,0.0,0.0,0.0,0.0,0.0,0.0,0.0,0.0,0.0,0.0,0.0,0.0,0.0,0.0,0.0,0.0,0.0,0.0,0.0,0.0,0.0,0.0,0.0,0.0,0.0,0.0,0.0,0.0,0.0,0.0,0.0,0.0,0.0,0.0,0.0,0.0,0.0,0.0,0.0,0.0,0.0,0.0,0.0,0.0,0.00022665342839900404,0.0,0.0,0.0,0.0,0.0,0.0,0.0,0.0,0.0,0.0,0.0,0.0,0.0,0.0,0.0,0.0,0.0,0.0,0.0,0.0,0.0,0.0,0.0005905237630940974,0.0,0.0,0.0019058078760281205,0.0,0.0,0.0,0.0,0.0,0.0,0.0,0.0,0.0,0.0,0.0,0.0,0.0,0.0,0.0,0.0,0.0,0.0,0.0,0.0,0.0,0.0,0.0,0.0,0.0,0.0,0.0,0.0,0.0,0.0,0.0,0.0,0.0,0.0,0.0,0.0,0.0020384937524795532,0.0,0.0,0.0,0.0,0.0,0.0,0.0,0.0,0.0,0.0,0.0,0.0,0.0,0.0,0.0,0.0,0.0,0.0,0.0,0.0,0.0,0.0,0.27549755573272705,0.0,0.0,0.0,0.0,0.0,0.0,0.0,0.0,0.0009239051141776145,0.0,0.0,0.0,0.0,0.0,0.0,0.0,0.0,0.0,0.0,0.0,0.0,0.0,0.0,0.0,0.0,0.0,0.0,0.09578496962785721,0.0,0.0,0.0,0.0,0.0,0.0,0.0,0.0,0.0,0.0,0.0,0.0,0.0,0.0,0.0,0.0,0.0,0.0,0.0,0.0,0.0,0.0,0.0,0.0,0.0,0.0,0.0034059735480695963,0.0,0.0,0.0,0.0,0.0,0.0,0.0,0.0,0.0,0.0,0.0,0.0,0.0,0.0,0.0,0.0,0.0,0.0,0.0,0.0,0.0,0.0003127045347355306,0.0,0.0018471716903150082,0.0,0.0,0.0,0.0,0.0,0.0,0.0,0.0,0.0,0.0,0.0,0.0,0.0,0.0,0.0,0.0,0.0,0.0,0.0,0.0,0.0,0.0,0.0,0.0,0.0,0.0,0.0,0.00199695467017591,,,,,,,,,,,,,,,,,,,,,,,,,,,,,,,,,,,,,,,,,,,,,,,,,,,,,,,,,,,,,,,,,,,,,,,,,,,,,,,,,,,,,,,,,,,,,,,,,,,,,,,,,,,,,,,,,,,,,,,,,,,,,,,,,,,,,,,,,,,,,,,,,,,,,,,,,,,,,,,,,,,,,,,,,,,,,,,,,,,,,,,,,,,,,,,,,,,,,,,,,,,,,,,,,,,,,,,,,,,,,,,,,,,,,,,,,,,,,,,,,,,,,,,,,,,,,,,,,,,,,,,,,,,,
2019-07-04,809543.4639873407,5935.1885385107735,,,,,,,,,,,40336.694947596385,22895.890524431794,233282.24034231962,,83849.00169774164,,,,,,51902.1153889278,17787.64306426561,19679.853973662,10304.779729800448,61282.14383628597,41863.609005951,,,,,,,,,,,,,,,,,,,,,,,,,,,,,,,,,,,,,,,,,,,,,,,,,,,,,,,,,,,,,,,,,,,,,,,,,,,,,,,,,,,,,,,,,,,,,,,,0.0,0.0,0.0,0.0,0.0,0.0017591469222679734,0.0,0.0,0.0,0.0,0.0,0.0,0.0,0.0,0.0,0.0,0.0,0.0,0.0,0.0,0.0,0.0,0.0,0.0,0.0013064012164250016,0.0,0.0,0.0036453166976571083,0.0,0.0,0.0,0.0035564147401601076,0.0,0.0,0.0,0.0,0.0,0.0,0.0,0.0,0.0,0.35433509945869446,0.0,0.0,0.0,0.0,0.0,0.0,0.000280939566437155,0.0,0.0,0.0,0.0,0.0,0.0,0.0,0.0,0.0,0.0,0.0,0.0,0.0,0.0,0.0,0.0,0.0,0.0,0.0,0.0,0.0,0.0,0.0,0.0,0.0,0.0,0.0,0.0,0.0,0.0,0.0,0.0,0.0002895304933190346,0.0,0.0,0.0,0.0,0.0,0.0,0.0,0.0004514709289651364,0.0,0.0,0.0,0.0,0.0,0.0,0.0,0.0,0.0,0.0,0.0,0.0,0.0,0.0,0.0,0.23673413693904877,0.0,0.0,0.0,0.0,0.0,0.0,0.0,0.0,0.0,0.0,0.0,0.0,0.0,0.0,0.006112119648605585,0.0,0.0,0.0,0.0,0.0,0.0,0.0,0.0,0.0,0.0,0.0,0.0,0.0,0.0009501978638581932,0.0,0.0,0.0,0.0,0.0,0.0,0.0,0.0,0.0,0.0,0.0,0.0,0.0,0.0,0.0,0.0,0.0,0.0,0.0,0.0,0.0,0.0,0.0,0.0,0.0,0.0,0.0,0.0,0.0,0.0,0.0,0.0,0.0,0.0,0.0,0.0,0.0004413347051013261,0.0014393494930118322,0.0,0.0,0.0,0.0,0.0,0.0,0.0,0.0,0.0,0.0,0.0,0.0,0.0,0.0,0.0,0.0,0.0,0.0,0.0,0.0,0.0,0.0010530672734603286,0.0,0.0,0.0,0.0,0.0,0.0,0.0,0.0,0.0,0.0,0.0,0.0,0.0,0.0,0.0,0.0004487152036745101,0.0,0.0,0.0,0.0,0.0,0.0,0.0,0.0,0.0,0.0,0.0,0.0,0.0,0.0,0.0,0.0,0.0,0.0,0.0,0.0,0.0,0.0,0.0,0.002649371512234211,0.0,0.0,0.0,0.0,0.0,0.0,0.0,1.6639629393466748e-05,0.0,0.0,0.0,0.0,0.0,0.0,0.0,0.0,0.0,0.0,0.0,0.0,0.0,0.0,0.0,0.0,0.0,0.0,0.0,0.0,0.0,0.0,0.0,0.0,0.0,0.0,0.0,0.0,0.0,0.0,0.0,0.0,0.0,0.0,0.0,0.0,0.0,0.0,0.0,0.0,0.0,0.0,0.0,0.0,0.0,0.0,0.0,0.0,0.0,0.0,0.0,0.0,0.0,0.0,0.0,0.0,0.0,0.0,0.0,0.0,0.0,0.0,0.0,0.00022665342839900404,0.0,0.0,0.0,0.0,0.0,0.0,0.0,0.0,0.0,0.0,0.0,0.0,0.0,0.0,0.0,0.0,0.0,0.0,0.0,0.0,0.0,0.0,0.0005905237630940974,0.0,0.0,0.0019058078760281205,0.0,0.0,0.0,0.0,0.0,0.0,0.0,0.0,0.0,0.0,0.0,0.0,0.0,0.0,0.0,0.0,0.0,0.0,0.0,0.0,0.0,0.0,0.0,0.0,0.0,0.0,0.0,0.0,0.0,0.0,0.0,0.0,0.0,0.0,0.0,0.0,0.0020384937524795532,0.0,0.0,0.0,0.0,0.0,0.0,0.0,0.0,0.0,0.0,0.0,0.0,0.0,0.0,0.0,0.0,0.0,0.0,0.0,0.0,0.0,0.0,0.27549755573272705,0.0,0.0,0.0,0.0,0.0,0.0,0.0,0.0,0.0009239051141776145,0.0,0.0,0.0,0.0,0.0,0.0,0.0,0.0,0.0,0.0,0.0,0.0,0.0,0.0,0.0,0.0,0.0,0.0,0.09578496962785721,0.0,0.0,0.0,0.0,0.0,0.0,0.0,0.0,0.0,0.0,0.0,0.0,0.0,0.0,0.0,0.0,0.0,0.0,0.0,0.0,0.0,0.0,0.0,0.0,0.0,0.0,0.0034059735480695963,0.0,0.0,0.0,0.0,0.0,0.0,0.0,0.0,0.0,0.0,0.0,0.0,0.0,0.0,0.0,0.0,0.0,0.0,0.0,0.0,0.0,0.0003127045347355306,0.0,0.0018471716903150082,0.0,0.0,0.0,0.0,0.0,0.0,0.0,0.0,0.0,0.0,0.0,0.0,0.0,0.0,0.0,0.0,0.0,0.0,0.0,0.0,0.0,0.0,0.0,0.0,0.0,0.0,0.0,0.00199695467017591,,,,,,,,,,,,,,,,,,,,,,,,,,,,,,,,,,,,,,,,,,,,,,,,,,,,,,,,,,,,,,,,,,,,,,,,,,,,,,,,,,,,,,,,,,,,,,,,,,,,,,,,,,,,,,,,,,,,,,,,,,,,,,,,,,,,,,,,,,,,,,,,,,,,,,,,,,,,,,,,,,,,,,,,,,,,,,,,,,,,,,,,,,,,,,,,,,,,,,,,,,,,,,,,,,,,,,,,,,,,,,,,,,,,,,,,,,,,,,,,,,,,,,,,,,,,,,,,,,,,,,,,,,,,
2019-07-05,812729.4737467382,1556.8885315095429,,,,,,,,,,,39314.15839144733,23622.838347656256,231879.44813749366,,85245.64319880387,,,,,,52867.5707992412,17791.07133436354,19564.678809208108,10716.967830304062,61283.771845441006,41403.64761973827,,,,,,,,,,,,,,,,,,,,,,,,,,,,,,,,,,,,,,,,,,,,,,,,,,,,,,,,,,,,,,,,,,,,,,,,,,,,,,,,,,,,,,,,,,,,,,,,0.0,0.0,0.0,0.0,0.0,0.0017591469222679734,0.0,0.0,0.0,0.0,0.0,0.0,0.0,0.0,0.0,0.0,0.0,0.0,0.0,0.0,0.0,0.0,0.0,0.0,0.0013064012164250016,0.0,0.0,0.0036453166976571083,0.0,0.0,0.0,0.0035564147401601076,0.0,0.0,0.0,0.0,0.0,0.0,0.0,0.0,0.0,0.35433509945869446,0.0,0.0,0.0,0.0,0.0,0.0,0.000280939566437155,0.0,0.0,0.0,0.0,0.0,0.0,0.0,0.0,0.0,0.0,0.0,0.0,0.0,0.0,0.0,0.0,0.0,0.0,0.0,0.0,0.0,0.0,0.0,0.0,0.0,0.0,0.0,0.0,0.0,0.0,0.0,0.0,0.0002895304933190346,0.0,0.0,0.0,0.0,0.0,0.0,0.0,0.0004514709289651364,0.0,0.0,0.0,0.0,0.0,0.0,0.0,0.0,0.0,0.0,0.0,0.0,0.0,0.0,0.0,0.23673413693904877,0.0,0.0,0.0,0.0,0.0,0.0,0.0,0.0,0.0,0.0,0.0,0.0,0.0,0.0,0.006112119648605585,0.0,0.0,0.0,0.0,0.0,0.0,0.0,0.0,0.0,0.0,0.0,0.0,0.0,0.0009501978638581932,0.0,0.0,0.0,0.0,0.0,0.0,0.0,0.0,0.0,0.0,0.0,0.0,0.0,0.0,0.0,0.0,0.0,0.0,0.0,0.0,0.0,0.0,0.0,0.0,0.0,0.0,0.0,0.0,0.0,0.0,0.0,0.0,0.0,0.0,0.0,0.0,0.0004413347051013261,0.0014393494930118322,0.0,0.0,0.0,0.0,0.0,0.0,0.0,0.0,0.0,0.0,0.0,0.0,0.0,0.0,0.0,0.0,0.0,0.0,0.0,0.0,0.0,0.0010530672734603286,0.0,0.0,0.0,0.0,0.0,0.0,0.0,0.0,0.0,0.0,0.0,0.0,0.0,0.0,0.0,0.0004487152036745101,0.0,0.0,0.0,0.0,0.0,0.0,0.0,0.0,0.0,0.0,0.0,0.0,0.0,0.0,0.0,0.0,0.0,0.0,0.0,0.0,0.0,0.0,0.0,0.002649371512234211,0.0,0.0,0.0,0.0,0.0,0.0,0.0,1.6639629393466748e-05,0.0,0.0,0.0,0.0,0.0,0.0,0.0,0.0,0.0,0.0,0.0,0.0,0.0,0.0,0.0,0.0,0.0,0.0,0.0,0.0,0.0,0.0,0.0,0.0,0.0,0.0,0.0,0.0,0.0,0.0,0.0,0.0,0.0,0.0,0.0,0.0,0.0,0.0,0.0,0.0,0.0,0.0,0.0,0.0,0.0,0.0,0.0,0.0,0.0,0.0,0.0,0.0,0.0,0.0,0.0,0.0,0.0,0.0,0.0,0.0,0.0,0.0,0.0,0.00022665342839900404,0.0,0.0,0.0,0.0,0.0,0.0,0.0,0.0,0.0,0.0,0.0,0.0,0.0,0.0,0.0,0.0,0.0,0.0,0.0,0.0,0.0,0.0,0.0005905237630940974,0.0,0.0,0.0019058078760281205,0.0,0.0,0.0,0.0,0.0,0.0,0.0,0.0,0.0,0.0,0.0,0.0,0.0,0.0,0.0,0.0,0.0,0.0,0.0,0.0,0.0,0.0,0.0,0.0,0.0,0.0,0.0,0.0,0.0,0.0,0.0,0.0,0.0,0.0,0.0,0.0,0.0020384937524795532,0.0,0.0,0.0,0.0,0.0,0.0,0.0,0.0,0.0,0.0,0.0,0.0,0.0,0.0,0.0,0.0,0.0,0.0,0.0,0.0,0.0,0.0,0.27549755573272705,0.0,0.0,0.0,0.0,0.0,0.0,0.0,0.0,0.0009239051141776145,0.0,0.0,0.0,0.0,0.0,0.0,0.0,0.0,0.0,0.0,0.0,0.0,0.0,0.0,0.0,0.0,0.0,0.0,0.09578496962785721,0.0,0.0,0.0,0.0,0.0,0.0,0.0,0.0,0.0,0.0,0.0,0.0,0.0,0.0,0.0,0.0,0.0,0.0,0.0,0.0,0.0,0.0,0.0,0.0,0.0,0.0,0.0034059735480695963,0.0,0.0,0.0,0.0,0.0,0.0,0.0,0.0,0.0,0.0,0.0,0.0,0.0,0.0,0.0,0.0,0.0,0.0,0.0,0.0,0.0,0.0003127045347355306,0.0,0.0018471716903150082,0.0,0.0,0.0,0.0,0.0,0.0,0.0,0.0,0.0,0.0,0.0,0.0,0.0,0.0,0.0,0.0,0.0,0.0,0.0,0.0,0.0,0.0,0.0,0.0,0.0,0.0,0.0,0.00199695467017591,,,,,,,,,,,,,,,,,,,,,,,,,,,,,,,,,,,,,,,,,,,,,,,,,,,,,,,,,,,,,,,,,,,,,,,,,,,,,,,,,,,,,,,,,,,,,,,,,,,,,,,,,,,,,,,,,,,,,,,,,,,,,,,,,,,,,,,,,,,,,,,,,,,,,,,,,,,,,,,,,,,,,,,,,,,,,,,,,,,,,,,,,,,,,,,,,,,,,,,,,,,,,,,,,,,,,,,,,,,,,,,,,,,,,,,,,,,,,,,,,,,,,,,,,,,,,,,,,,,,,,,,,,,,
2019-07-08,777554.3942066613,9186.403885105046,,,,,,,,,,,39831.86922469287,23622.838347656256,232447.16895320156,,85595.02619496033,,,,,,52867.5707992412,17492.989087113732,18924.509241894742,10304.333531572147,58505.0366905493,42326.476242154335,,,,,,,,,,,,,,,,,,,,,,,,,,,,,,,,,,,,,,,,,,,,,,,,,,,,,,,,,,,,,,,,,,,,,,,,,,,,,,,,,,,,,,,,,,,,,,,,0.0,0.0,0.0,0.0,0.0,0.0017591469222679734,0.0,0.0,0.0,0.0,0.0,0.0,0.0,0.0,0.0,0.0,0.0,0.0,0.0,0.0,0.0,0.0,0.0,0.0,0.0013064012164250016,0.0,0.0,0.0036453166976571083,0.0,0.0,0.0,0.0035564147401601076,0.0,0.0,0.0,0.0,0.0,0.0,0.0,0.0,0.0,0.35433509945869446,0.0,0.0,0.0,0.0,0.0,0.0,0.000280939566437155,0.0,0.0,0.0,0.0,0.0,0.0,0.0,0.0,0.0,0.0,0.0,0.0,0.0,0.0,0.0,0.0,0.0,0.0,0.0,0.0,0.0,0.0,0.0,0.0,0.0,0.0,0.0,0.0,0.0,0.0,0.0,0.0,0.0002895304933190346,0.0,0.0,0.0,0.0,0.0,0.0,0.0,0.0004514709289651364,0.0,0.0,0.0,0.0,0.0,0.0,0.0,0.0,0.0,0.0,0.0,0.0,0.0,0.0,0.0,0.23673413693904877,0.0,0.0,0.0,0.0,0.0,0.0,0.0,0.0,0.0,0.0,0.0,0.0,0.0,0.0,0.006112119648605585,0.0,0.0,0.0,0.0,0.0,0.0,0.0,0.0,0.0,0.0,0.0,0.0,0.0,0.0009501978638581932,0.0,0.0,0.0,0.0,0.0,0.0,0.0,0.0,0.0,0.0,0.0,0.0,0.0,0.0,0.0,0.0,0.0,0.0,0.0,0.0,0.0,0.0,0.0,0.0,0.0,0.0,0.0,0.0,0.0,0.0,0.0,0.0,0.0,0.0,0.0,0.0,0.0004413347051013261,0.0014393494930118322,0.0,0.0,0.0,0.0,0.0,0.0,0.0,0.0,0.0,0.0,0.0,0.0,0.0,0.0,0.0,0.0,0.0,0.0,0.0,0.0,0.0,0.0010530672734603286,0.0,0.0,0.0,0.0,0.0,0.0,0.0,0.0,0.0,0.0,0.0,0.0,0.0,0.0,0.0,0.0004487152036745101,0.0,0.0,0.0,0.0,0.0,0.0,0.0,0.0,0.0,0.0,0.0,0.0,0.0,0.0,0.0,0.0,0.0,0.0,0.0,0.0,0.0,0.0,0.0,0.002649371512234211,0.0,0.0,0.0,0.0,0.0,0.0,0.0,1.6639629393466748e-05,0.0,0.0,0.0,0.0,0.0,0.0,0.0,0.0,0.0,0.0,0.0,0.0,0.0,0.0,0.0,0.0,0.0,0.0,0.0,0.0,0.0,0.0,0.0,0.0,0.0,0.0,0.0,0.0,0.0,0.0,0.0,0.0,0.0,0.0,0.0,0.0,0.0,0.0,0.0,0.0,0.0,0.0,0.0,0.0,0.0,0.0,0.0,0.0,0.0,0.0,0.0,0.0,0.0,0.0,0.0,0.0,0.0,0.0,0.0,0.0,0.0,0.0,0.0,0.00022665342839900404,0.0,0.0,0.0,0.0,0.0,0.0,0.0,0.0,0.0,0.0,0.0,0.0,0.0,0.0,0.0,0.0,0.0,0.0,0.0,0.0,0.0,0.0,0.0005905237630940974,0.0,0.0,0.0019058078760281205,0.0,0.0,0.0,0.0,0.0,0.0,0.0,0.0,0.0,0.0,0.0,0.0,0.0,0.0,0.0,0.0,0.0,0.0,0.0,0.0,0.0,0.0,0.0,0.0,0.0,0.0,0.0,0.0,0.0,0.0,0.0,0.0,0.0,0.0,0.0,0.0,0.0020384937524795532,0.0,0.0,0.0,0.0,0.0,0.0,0.0,0.0,0.0,0.0,0.0,0.0,0.0,0.0,0.0,0.0,0.0,0.0,0.0,0.0,0.0,0.0,0.27549755573272705,0.0,0.0,0.0,0.0,0.0,0.0,0.0,0.0,0.0009239051141776145,0.0,0.0,0.0,0.0,0.0,0.0,0.0,0.0,0.0,0.0,0.0,0.0,0.0,0.0,0.0,0.0,0.0,0.0,0.09578496962785721,0.0,0.0,0.0,0.0,0.0,0.0,0.0,0.0,0.0,0.0,0.0,0.0,0.0,0.0,0.0,0.0,0.0,0.0,0.0,0.0,0.0,0.0,0.0,0.0,0.0,0.0,0.0034059735480695963,0.0,0.0,0.0,0.0,0.0,0.0,0.0,0.0,0.0,0.0,0.0,0.0,0.0,0.0,0.0,0.0,0.0,0.0,0.0,0.0,0.0,0.0003127045347355306,0.0,0.0018471716903150082,0.0,0.0,0.0,0.0,0.0,0.0,0.0,0.0,0.0,0.0,0.0,0.0,0.0,0.0,0.0,0.0,0.0,0.0,0.0,0.0,0.0,0.0,0.0,0.0,0.0,0.0,0.0,0.00199695467017591,,,,,,,,,,,,,,,,,,,,,,,,,,,,,,,,,,,,,,,,,,,,,,,,,,,,,,,,,,,,,,,,,,,,,,,,,,,,,,,,,,,,,,,,,,,,,,,,,,,,,,,,,,,,,,,,,,,,,,,,,,,,,,,,,,,,,,,,,,,,,,,,,,,,,,,,,,,,,,,,,,,,,,,,,,,,,,,,,,,,,,,,,,,,,,,,,,,,,,,,,,,,,,,,,,,,,,,,,,,,,,,,,,,,,,,,,,,,,,,,,,,,,,,,,,,,,,,,,,,,,,,,,,,,
2019-07-09,764625.7705262081,21.648029764727994,,,,,,,,,,,38705.55048428164,24495.030143514094,230957.7832902535,,89826.859760026,,,,,,53979.92888033812,17790.106066455515,18751.011308238423,10717.453437967955,58502.0373068831,42557.780372148976,,,,,,,,,,,,,,,,,,,,,,,,,,,,,,,,,,,,,,,,,,,,,,,,,,,,,,,,,,,,,,,,,,,,,,,,,,,,,,,,,,,,,,,,,,,,,,,,0.0,0.0,0.0,0.0,0.0,0.0017591469222679734,0.0,0.0,0.0,0.0,0.0,0.0,0.0,0.0,0.0,0.0,0.0,0.0,0.0,0.0,0.0,0.0,0.0,0.0,0.0013064012164250016,0.0,0.0,0.0036453166976571083,0.0,0.0,0.0,0.0035564147401601076,0.0,0.0,0.0,0.0,0.0,0.0,0.0,0.0,0.0,0.35433509945869446,0.0,0.0,0.0,0.0,0.0,0.0,0.000280939566437155,0.0,0.0,0.0,0.0,0.0,0.0,0.0,0.0,0.0,0.0,0.0,0.0,0.0,0.0,0.0,0.0,0.0,0.0,0.0,0.0,0.0,0.0,0.0,0.0,0.0,0.0,0.0,0.0,0.0,0.0,0.0,0.0,0.0002895304933190346,0.0,0.0,0.0,0.0,0.0,0.0,0.0,0.0004514709289651364,0.0,0.0,0.0,0.0,0.0,0.0,0.0,0.0,0.0,0.0,0.0,0.0,0.0,0.0,0.0,0.23673413693904877,0.0,0.0,0.0,0.0,0.0,0.0,0.0,0.0,0.0,0.0,0.0,0.0,0.0,0.0,0.006112119648605585,0.0,0.0,0.0,0.0,0.0,0.0,0.0,0.0,0.0,0.0,0.0,0.0,0.0,0.0009501978638581932,0.0,0.0,0.0,0.0,0.0,0.0,0.0,0.0,0.0,0.0,0.0,0.0,0.0,0.0,0.0,0.0,0.0,0.0,0.0,0.0,0.0,0.0,0.0,0.0,0.0,0.0,0.0,0.0,0.0,0.0,0.0,0.0,0.0,0.0,0.0,0.0,0.0004413347051013261,0.0014393494930118322,0.0,0.0,0.0,0.0,0.0,0.0,0.0,0.0,0.0,0.0,0.0,0.0,0.0,0.0,0.0,0.0,0.0,0.0,0.0,0.0,0.0,0.0010530672734603286,0.0,0.0,0.0,0.0,0.0,0.0,0.0,0.0,0.0,0.0,0.0,0.0,0.0,0.0,0.0,0.0004487152036745101,0.0,0.0,0.0,0.0,0.0,0.0,0.0,0.0,0.0,0.0,0.0,0.0,0.0,0.0,0.0,0.0,0.0,0.0,0.0,0.0,0.0,0.0,0.0,0.002649371512234211,0.0,0.0,0.0,0.0,0.0,0.0,0.0,1.6639629393466748e-05,0.0,0.0,0.0,0.0,0.0,0.0,0.0,0.0,0.0,0.0,0.0,0.0,0.0,0.0,0.0,0.0,0.0,0.0,0.0,0.0,0.0,0.0,0.0,0.0,0.0,0.0,0.0,0.0,0.0,0.0,0.0,0.0,0.0,0.0,0.0,0.0,0.0,0.0,0.0,0.0,0.0,0.0,0.0,0.0,0.0,0.0,0.0,0.0,0.0,0.0,0.0,0.0,0.0,0.0,0.0,0.0,0.0,0.0,0.0,0.0,0.0,0.0,0.0,0.00022665342839900404,0.0,0.0,0.0,0.0,0.0,0.0,0.0,0.0,0.0,0.0,0.0,0.0,0.0,0.0,0.0,0.0,0.0,0.0,0.0,0.0,0.0,0.0,0.0005905237630940974,0.0,0.0,0.0019058078760281205,0.0,0.0,0.0,0.0,0.0,0.0,0.0,0.0,0.0,0.0,0.0,0.0,0.0,0.0,0.0,0.0,0.0,0.0,0.0,0.0,0.0,0.0,0.0,0.0,0.0,0.0,0.0,0.0,0.0,0.0,0.0,0.0,0.0,0.0,0.0,0.0,0.0020384937524795532,0.0,0.0,0.0,0.0,0.0,0.0,0.0,0.0,0.0,0.0,0.0,0.0,0.0,0.0,0.0,0.0,0.0,0.0,0.0,0.0,0.0,0.0,0.27549755573272705,0.0,0.0,0.0,0.0,0.0,0.0,0.0,0.0,0.0009239051141776145,0.0,0.0,0.0,0.0,0.0,0.0,0.0,0.0,0.0,0.0,0.0,0.0,0.0,0.0,0.0,0.0,0.0,0.0,0.09578496962785721,0.0,0.0,0.0,0.0,0.0,0.0,0.0,0.0,0.0,0.0,0.0,0.0,0.0,0.0,0.0,0.0,0.0,0.0,0.0,0.0,0.0,0.0,0.0,0.0,0.0,0.0,0.0034059735480695963,0.0,0.0,0.0,0.0,0.0,0.0,0.0,0.0,0.0,0.0,0.0,0.0,0.0,0.0,0.0,0.0,0.0,0.0,0.0,0.0,0.0,0.0003127045347355306,0.0,0.0018471716903150082,0.0,0.0,0.0,0.0,0.0,0.0,0.0,0.0,0.0,0.0,0.0,0.0,0.0,0.0,0.0,0.0,0.0,0.0,0.0,0.0,0.0,0.0,0.0,0.0,0.0,0.0,0.0,0.00199695467017591,,,,,,,,,,,,,,,,,,,,,,,,,,,,,,,,,,,,,,,,,,,,,,,,,,,,,,,,,,,,,,,,,,,,,,,,,,,,,,,,,,,,,,,,,,,,,,,,,,,,,,,,,,,,,,,,,,,,,,,,,,,,,,,,,,,,,,,,,,,,,,,,,,,,,,,,,,,,,,,,,,,,,,,,,,,,,,,,,,,,,,,,,,,,,,,,,,,,,,,,,,,,,,,,,,,,,,,,,,,,,,,,,,,,,,,,,,,,,,,,,,,,,,,,,,,,,,,,,,,,,,,,,,,,
2019-07-10,760258.1070161547,624.2274388094587,,,,,,,,,,,37840.27576345822,25658.03672837741,232092.97062513072,,87350.09657483944,,,,,,53979.92888033812,17790.106066455515,18519.593972805887,10717.24870769362,58505.0366905493,42789.0606819593,,,,,,,,,,,,,,,,,,,,,,,,,,,,,,,,,,,,,,,,,,,,,,,,,,,,,,,,,,,,,,,,,,,,,,,,,,,,,,,,,,,,,,,,,,,,,,,,0.0,0.0,0.0,0.0,0.0,0.0017591469222679734,0.0,0.0,0.0,0.0,0.0,0.0,0.0,0.0,0.0,0.0,0.0,0.0,0.0,0.0,0.0,0.0,0.0,0.0,0.0013064012164250016,0.0,0.0,0.0036453166976571083,0.0,0.0,0.0,0.0035564147401601076,0.0,0.0,0.0,0.0,0.0,0.0,0.0,0.0,0.0,0.35433509945869446,0.0,0.0,0.0,0.0,0.0,0.0,0.000280939566437155,0.0,0.0,0.0,0.0,0.0,0.0,0.0,0.0,0.0,0.0,0.0,0.0,0.0,0.0,0.0,0.0,0.0,0.0,0.0,0.0,0.0,0.0,0.0,0.0,0.0,0.0,0.0,0.0,0.0,0.0,0.0,0.0,0.0002895304933190346,0.0,0.0,0.0,0.0,0.0,0.0,0.0,0.0004514709289651364,0.0,0.0,0.0,0.0,0.0,0.0,0.0,0.0,0.0,0.0,0.0,0.0,0.0,0.0,0.0,0.23673413693904877,0.0,0.0,0.0,0.0,0.0,0.0,0.0,0.0,0.0,0.0,0.0,0.0,0.0,0.0,0.006112119648605585,0.0,0.0,0.0,0.0,0.0,0.0,0.0,0.0,0.0,0.0,0.0,0.0,0.0,0.0009501978638581932,0.0,0.0,0.0,0.0,0.0,0.0,0.0,0.0,0.0,0.0,0.0,0.0,0.0,0.0,0.0,0.0,0.0,0.0,0.0,0.0,0.0,0.0,0.0,0.0,0.0,0.0,0.0,0.0,0.0,0.0,0.0,0.0,0.0,0.0,0.0,0.0,0.0004413347051013261,0.0014393494930118322,0.0,0.0,0.0,0.0,0.0,0.0,0.0,0.0,0.0,0.0,0.0,0.0,0.0,0.0,0.0,0.0,0.0,0.0,0.0,0.0,0.0,0.0010530672734603286,0.0,0.0,0.0,0.0,0.0,0.0,0.0,0.0,0.0,0.0,0.0,0.0,0.0,0.0,0.0,0.0004487152036745101,0.0,0.0,0.0,0.0,0.0,0.0,0.0,0.0,0.0,0.0,0.0,0.0,0.0,0.0,0.0,0.0,0.0,0.0,0.0,0.0,0.0,0.0,0.0,0.002649371512234211,0.0,0.0,0.0,0.0,0.0,0.0,0.0,1.6639629393466748e-05,0.0,0.0,0.0,0.0,0.0,0.0,0.0,0.0,0.0,0.0,0.0,0.0,0.0,0.0,0.0,0.0,0.0,0.0,0.0,0.0,0.0,0.0,0.0,0.0,0.0,0.0,0.0,0.0,0.0,0.0,0.0,0.0,0.0,0.0,0.0,0.0,0.0,0.0,0.0,0.0,0.0,0.0,0.0,0.0,0.0,0.0,0.0,0.0,0.0,0.0,0.0,0.0,0.0,0.0,0.0,0.0,0.0,0.0,0.0,0.0,0.0,0.0,0.0,0.00022665342839900404,0.0,0.0,0.0,0.0,0.0,0.0,0.0,0.0,0.0,0.0,0.0,0.0,0.0,0.0,0.0,0.0,0.0,0.0,0.0,0.0,0.0,0.0,0.0005905237630940974,0.0,0.0,0.0019058078760281205,0.0,0.0,0.0,0.0,0.0,0.0,0.0,0.0,0.0,0.0,0.0,0.0,0.0,0.0,0.0,0.0,0.0,0.0,0.0,0.0,0.0,0.0,0.0,0.0,0.0,0.0,0.0,0.0,0.0,0.0,0.0,0.0,0.0,0.0,0.0,0.0,0.0020384937524795532,0.0,0.0,0.0,0.0,0.0,0.0,0.0,0.0,0.0,0.0,0.0,0.0,0.0,0.0,0.0,0.0,0.0,0.0,0.0,0.0,0.0,0.0,0.27549755573272705,0.0,0.0,0.0,0.0,0.0,0.0,0.0,0.0,0.0009239051141776145,0.0,0.0,0.0,0.0,0.0,0.0,0.0,0.0,0.0,0.0,0.0,0.0,0.0,0.0,0.0,0.0,0.0,0.0,0.09578496962785721,0.0,0.0,0.0,0.0,0.0,0.0,0.0,0.0,0.0,0.0,0.0,0.0,0.0,0.0,0.0,0.0,0.0,0.0,0.0,0.0,0.0,0.0,0.0,0.0,0.0,0.0,0.0034059735480695963,0.0,0.0,0.0,0.0,0.0,0.0,0.0,0.0,0.0,0.0,0.0,0.0,0.0,0.0,0.0,0.0,0.0,0.0,0.0,0.0,0.0,0.0003127045347355306,0.0,0.0018471716903150082,0.0,0.0,0.0,0.0,0.0,0.0,0.0,0.0,0.0,0.0,0.0,0.0,0.0,0.0,0.0,0.0,0.0,0.0,0.0,0.0,0.0,0.0,0.0,0.0,0.0,0.0,0.0,0.00199695467017591,,,,,,,,,,,,,,,,,,,,,,,,,,,,,,,,,,,,,,,,,,,,,,,,,,,,,,,,,,,,,,,,,,,,,,,,,,,,,,,,,,,,,,,,,,,,,,,,,,,,,,,,,,,,,,,,,,,,,,,,,,,,,,,,,,,,,,,,,,,,,,,,,,,,,,,,,,,,,,,,,,,,,,,,,,,,,,,,,,,,,,,,,,,,,,,,,,,,,,,,,,,,,,,,,,,,,,,,,,,,,,,,,,,,,,,,,,,,,,,,,,,,,,,,,,,,,,,,,,,,,,,,,,,,
2019-07-11,762098.1389957947,4125.695216158703,,,,,,,,,,,38146.67475749432,25658.03672837741,232145.8099823917,,87350.09657483944,,,,,,50666.35073681047,17789.72721956516,19040.717255326646,10717.416572775228,58501.06591252006,42098.81718920919,,,,,,,,,,,,,,,,,,,,,,,,,,,,,,,,,,,,,,,,,,,,,,,,,,,,,,,,,,,,,,,,,,,,,,,,,,,,,,,,,,,,,,,,,,,,,,,,0.0,0.0,0.0,0.0,0.0,0.0017591469222679734,0.0,0.0,0.0,0.0,0.0,0.0,0.0,0.0,0.0,0.0,0.0,0.0,0.0,0.0,0.0,0.0,0.0,0.0,0.0013064012164250016,0.0,0.0,0.0036453166976571083,0.0,0.0,0.0,0.0035564147401601076,0.0,0.0,0.0,0.0,0.0,0.0,0.0,0.0,0.0,0.35433509945869446,0.0,0.0,0.0,0.0,0.0,0.0,0.000280939566437155,0.0,0.0,0.0,0.0,0.0,0.0,0.0,0.0,0.0,0.0,0.0,0.0,0.0,0.0,0.0,0.0,0.0,0.0,0.0,0.0,0.0,0.0,0.0,0.0,0.0,0.0,0.0,0.0,0.0,0.0,0.0,0.0,0.0002895304933190346,0.0,0.0,0.0,0.0,0.0,0.0,0.0,0.0004514709289651364,0.0,0.0,0.0,0.0,0.0,0.0,0.0,0.0,0.0,0.0,0.0,0.0,0.0,0.0,0.0,0.23673413693904877,0.0,0.0,0.0,0.0,0.0,0.0,0.0,0.0,0.0,0.0,0.0,0.0,0.0,0.0,0.006112119648605585,0.0,0.0,0.0,0.0,0.0,0.0,0.0,0.0,0.0,0.0,0.0,0.0,0.0,0.0009501978638581932,0.0,0.0,0.0,0.0,0.0,0.0,0.0,0.0,0.0,0.0,0.0,0.0,0.0,0.0,0.0,0.0,0.0,0.0,0.0,0.0,0.0,0.0,0.0,0.0,0.0,0.0,0.0,0.0,0.0,0.0,0.0,0.0,0.0,0.0,0.0,0.0,0.0004413347051013261,0.0014393494930118322,0.0,0.0,0.0,0.0,0.0,0.0,0.0,0.0,0.0,0.0,0.0,0.0,0.0,0.0,0.0,0.0,0.0,0.0,0.0,0.0,0.0,0.0010530672734603286,0.0,0.0,0.0,0.0,0.0,0.0,0.0,0.0,0.0,0.0,0.0,0.0,0.0,0.0,0.0,0.0004487152036745101,0.0,0.0,0.0,0.0,0.0,0.0,0.0,0.0,0.0,0.0,0.0,0.0,0.0,0.0,0.0,0.0,0.0,0.0,0.0,0.0,0.0,0.0,0.0,0.002649371512234211,0.0,0.0,0.0,0.0,0.0,0.0,0.0,1.6639629393466748e-05,0.0,0.0,0.0,0.0,0.0,0.0,0.0,0.0,0.0,0.0,0.0,0.0,0.0,0.0,0.0,0.0,0.0,0.0,0.0,0.0,0.0,0.0,0.0,0.0,0.0,0.0,0.0,0.0,0.0,0.0,0.0,0.0,0.0,0.0,0.0,0.0,0.0,0.0,0.0,0.0,0.0,0.0,0.0,0.0,0.0,0.0,0.0,0.0,0.0,0.0,0.0,0.0,0.0,0.0,0.0,0.0,0.0,0.0,0.0,0.0,0.0,0.0,0.0,0.00022665342839900404,0.0,0.0,0.0,0.0,0.0,0.0,0.0,0.0,0.0,0.0,0.0,0.0,0.0,0.0,0.0,0.0,0.0,0.0,0.0,0.0,0.0,0.0,0.0005905237630940974,0.0,0.0,0.0019058078760281205,0.0,0.0,0.0,0.0,0.0,0.0,0.0,0.0,0.0,0.0,0.0,0.0,0.0,0.0,0.0,0.0,0.0,0.0,0.0,0.0,0.0,0.0,0.0,0.0,0.0,0.0,0.0,0.0,0.0,0.0,0.0,0.0,0.0,0.0,0.0,0.0,0.0020384937524795532,0.0,0.0,0.0,0.0,0.0,0.0,0.0,0.0,0.0,0.0,0.0,0.0,0.0,0.0,0.0,0.0,0.0,0.0,0.0,0.0,0.0,0.0,0.27549755573272705,0.0,0.0,0.0,0.0,0.0,0.0,0.0,0.0,0.0009239051141776145,0.0,0.0,0.0,0.0,0.0,0.0,0.0,0.0,0.0,0.0,0.0,0.0,0.0,0.0,0.0,0.0,0.0,0.0,0.09578496962785721,0.0,0.0,0.0,0.0,0.0,0.0,0.0,0.0,0.0,0.0,0.0,0.0,0.0,0.0,0.0,0.0,0.0,0.0,0.0,0.0,0.0,0.0,0.0,0.0,0.0,0.0,0.0034059735480695963,0.0,0.0,0.0,0.0,0.0,0.0,0.0,0.0,0.0,0.0,0.0,0.0,0.0,0.0,0.0,0.0,0.0,0.0,0.0,0.0,0.0,0.0003127045347355306,0.0,0.0018471716903150082,0.0,0.0,0.0,0.0,0.0,0.0,0.0,0.0,0.0,0.0,0.0,0.0,0.0,0.0,0.0,0.0,0.0,0.0,0.0,0.0,0.0,0.0,0.0,0.0,0.0,0.0,0.0,0.00199695467017591,,,,,,,,,,,,,,,,,,,,,,,,,,,,,,,,,,,,,,,,,,,,,,,,,,,,,,,,,,,,,,,,,,,,,,,,,,,,,,,,,,,,,,,,,,,,,,,,,,,,,,,,,,,,,,,,,,,,,,,,,,,,,,,,,,,,,,,,,,,,,,,,,,,,,,,,,,,,,,,,,,,,,,,,,,,,,,,,,,,,,,,,,,,,,,,,,,,,,,,,,,,,,,,,,,,,,,,,,,,,,,,,,,,,,,,,,,,,,,,,,,,,,,,,,,,,,,,,,,,,,,,,,,,,
2019-07-12,758208.5837494752,394.5810241481872,,,,,,,,,,,38966.73238128114,25658.20124763601,232660.17481327747,,88745.91459517478,,,,,,48210.74207977577,18087.66271598737,19274.996627762335,10717.105861942033,58503.96197723998,43487.45174194998,,,,,,,,,,,,,,,,,,,,,,,,,,,,,,,,,,,,,,,,,,,,,,,,,,,,,,,,,,,,,,,,,,,,,,,,,,,,,,,,,,,,,,,,,,,,,,,,0.0,0.0,0.0,0.0,0.0,0.0017591469222679734,0.0,0.0,0.0,0.0,0.0,0.0,0.0,0.0,0.0,0.0,0.0,0.0,0.0,0.0,0.0,0.0,0.0,0.0,0.0013064012164250016,0.0,0.0,0.0036453166976571083,0.0,0.0,0.0,0.0035564147401601076,0.0,0.0,0.0,0.0,0.0,0.0,0.0,0.0,0.0,0.35433509945869446,0.0,0.0,0.0,0.0,0.0,0.0,0.000280939566437155,0.0,0.0,0.0,0.0,0.0,0.0,0.0,0.0,0.0,0.0,0.0,0.0,0.0,0.0,0.0,0.0,0.0,0.0,0.0,0.0,0.0,0.0,0.0,0.0,0.0,0.0,0.0,0.0,0.0,0.0,0.0,0.0,0.0002895304933190346,0.0,0.0,0.0,0.0,0.0,0.0,0.0,0.0004514709289651364,0.0,0.0,0.0,0.0,0.0,0.0,0.0,0.0,0.0,0.0,0.0,0.0,0.0,0.0,0.0,0.23673413693904877,0.0,0.0,0.0,0.0,0.0,0.0,0.0,0.0,0.0,0.0,0.0,0.0,0.0,0.0,0.006112119648605585,0.0,0.0,0.0,0.0,0.0,0.0,0.0,0.0,0.0,0.0,0.0,0.0,0.0,0.0009501978638581932,0.0,0.0,0.0,0.0,0.0,0.0,0.0,0.0,0.0,0.0,0.0,0.0,0.0,0.0,0.0,0.0,0.0,0.0,0.0,0.0,0.0,0.0,0.0,0.0,0.0,0.0,0.0,0.0,0.0,0.0,0.0,0.0,0.0,0.0,0.0,0.0,0.0004413347051013261,0.0014393494930118322,0.0,0.0,0.0,0.0,0.0,0.0,0.0,0.0,0.0,0.0,0.0,0.0,0.0,0.0,0.0,0.0,0.0,0.0,0.0,0.0,0.0,0.0010530672734603286,0.0,0.0,0.0,0.0,0.0,0.0,0.0,0.0,0.0,0.0,0.0,0.0,0.0,0.0,0.0,0.0004487152036745101,0.0,0.0,0.0,0.0,0.0,0.0,0.0,0.0,0.0,0.0,0.0,0.0,0.0,0.0,0.0,0.0,0.0,0.0,0.0,0.0,0.0,0.0,0.0,0.002649371512234211,0.0,0.0,0.0,0.0,0.0,0.0,0.0,1.6639629393466748e-05,0.0,0.0,0.0,0.0,0.0,0.0,0.0,0.0,0.0,0.0,0.0,0.0,0.0,0.0,0.0,0.0,0.0,0.0,0.0,0.0,0.0,0.0,0.0,0.0,0.0,0.0,0.0,0.0,0.0,0.0,0.0,0.0,0.0,0.0,0.0,0.0,0.0,0.0,0.0,0.0,0.0,0.0,0.0,0.0,0.0,0.0,0.0,0.0,0.0,0.0,0.0,0.0,0.0,0.0,0.0,0.0,0.0,0.0,0.0,0.0,0.0,0.0,0.0,0.00022665342839900404,0.0,0.0,0.0,0.0,0.0,0.0,0.0,0.0,0.0,0.0,0.0,0.0,0.0,0.0,0.0,0.0,0.0,0.0,0.0,0.0,0.0,0.0,0.0005905237630940974,0.0,0.0,0.0019058078760281205,0.0,0.0,0.0,0.0,0.0,0.0,0.0,0.0,0.0,0.0,0.0,0.0,0.0,0.0,0.0,0.0,0.0,0.0,0.0,0.0,0.0,0.0,0.0,0.0,0.0,0.0,0.0,0.0,0.0,0.0,0.0,0.0,0.0,0.0,0.0,0.0,0.0020384937524795532,0.0,0.0,0.0,0.0,0.0,0.0,0.0,0.0,0.0,0.0,0.0,0.0,0.0,0.0,0.0,0.0,0.0,0.0,0.0,0.0,0.0,0.0,0.27549755573272705,0.0,0.0,0.0,0.0,0.0,0.0,0.0,0.0,0.0009239051141776145,0.0,0.0,0.0,0.0,0.0,0.0,0.0,0.0,0.0,0.0,0.0,0.0,0.0,0.0,0.0,0.0,0.0,0.0,0.09578496962785721,0.0,0.0,0.0,0.0,0.0,0.0,0.0,0.0,0.0,0.0,0.0,0.0,0.0,0.0,0.0,0.0,0.0,0.0,0.0,0.0,0.0,0.0,0.0,0.0,0.0,0.0,0.0034059735480695963,0.0,0.0,0.0,0.0,0.0,0.0,0.0,0.0,0.0,0.0,0.0,0.0,0.0,0.0,0.0,0.0,0.0,0.0,0.0,0.0,0.0,0.0003127045347355306,0.0,0.0018471716903150082,0.0,0.0,0.0,0.0,0.0,0.0,0.0,0.0,0.0,0.0,0.0,0.0,0.0,0.0,0.0,0.0,0.0,0.0,0.0,0.0,0.0,0.0,0.0,0.0,0.0,0.0,0.0,0.00199695467017591,,,,,,,,,,,,,,,,,,,,,,,,,,,,,,,,,,,,,,,,,,,,,,,,,,,,,,,,,,,,,,,,,,,,,,,,,,,,,,,,,,,,,,,,,,,,,,,,,,,,,,,,,,,,,,,,,,,,,,,,,,,,,,,,,,,,,,,,,,,,,,,,,,,,,,,,,,,,,,,,,,,,,,,,,,,,,,,,,,,,,,,,,,,,,,,,,,,,,,,,,,,,,,,,,,,,,,,,,,,,,,,,,,,,,,,,,,,,,,,,,,,,,,,,,,,,,,,,,,,,,,,,,,,,
2019-07-15,758757.6688719742,11639.224817729002,,,,,,,,,,,39171.022155599676,25658.20124763601,232660.17481327747,,88745.91459517478,,,,,,48210.74207977577,17788.716516148175,18868.596096454094,10305.227865635858,55715.46276590942,42326.476242154335,,,,,,,,,,,,,,,,,,,,,,,,,,,,,,,,,,,,,,,,,,,,,,,,,,,,,,,,,,,,,,,,,,,,,,,,,,,,,,,,,,,,,,,,,,,,,,,,0.0,0.0,0.0,0.0,0.0,0.0017591469222679734,0.0,0.0,0.0,0.0,0.0,0.0,0.0,0.0,0.0,0.0,0.0,0.0,0.0,0.0,0.0,0.0,0.0,0.0,0.0013064012164250016,0.0,0.0,0.0036453166976571083,0.0,0.0,0.0,0.0035564147401601076,0.0,0.0,0.0,0.0,0.0,0.0,0.0,0.0,0.0,0.35433509945869446,0.0,0.0,0.0,0.0,0.0,0.0,0.000280939566437155,0.0,0.0,0.0,0.0,0.0,0.0,0.0,0.0,0.0,0.0,0.0,0.0,0.0,0.0,0.0,0.0,0.0,0.0,0.0,0.0,0.0,0.0,0.0,0.0,0.0,0.0,0.0,0.0,0.0,0.0,0.0,0.0,0.0002895304933190346,0.0,0.0,0.0,0.0,0.0,0.0,0.0,0.0004514709289651364,0.0,0.0,0.0,0.0,0.0,0.0,0.0,0.0,0.0,0.0,0.0,0.0,0.0,0.0,0.0,0.23673413693904877,0.0,0.0,0.0,0.0,0.0,0.0,0.0,0.0,0.0,0.0,0.0,0.0,0.0,0.0,0.006112119648605585,0.0,0.0,0.0,0.0,0.0,0.0,0.0,0.0,0.0,0.0,0.0,0.0,0.0,0.0009501978638581932,0.0,0.0,0.0,0.0,0.0,0.0,0.0,0.0,0.0,0.0,0.0,0.0,0.0,0.0,0.0,0.0,0.0,0.0,0.0,0.0,0.0,0.0,0.0,0.0,0.0,0.0,0.0,0.0,0.0,0.0,0.0,0.0,0.0,0.0,0.0,0.0,0.0004413347051013261,0.0014393494930118322,0.0,0.0,0.0,0.0,0.0,0.0,0.0,0.0,0.0,0.0,0.0,0.0,0.0,0.0,0.0,0.0,0.0,0.0,0.0,0.0,0.0,0.0010530672734603286,0.0,0.0,0.0,0.0,0.0,0.0,0.0,0.0,0.0,0.0,0.0,0.0,0.0,0.0,0.0,0.0004487152036745101,0.0,0.0,0.0,0.0,0.0,0.0,0.0,0.0,0.0,0.0,0.0,0.0,0.0,0.0,0.0,0.0,0.0,0.0,0.0,0.0,0.0,0.0,0.0,0.002649371512234211,0.0,0.0,0.0,0.0,0.0,0.0,0.0,1.6639629393466748e-05,0.0,0.0,0.0,0.0,0.0,0.0,0.0,0.0,0.0,0.0,0.0,0.0,0.0,0.0,0.0,0.0,0.0,0.0,0.0,0.0,0.0,0.0,0.0,0.0,0.0,0.0,0.0,0.0,0.0,0.0,0.0,0.0,0.0,0.0,0.0,0.0,0.0,0.0,0.0,0.0,0.0,0.0,0.0,0.0,0.0,0.0,0.0,0.0,0.0,0.0,0.0,0.0,0.0,0.0,0.0,0.0,0.0,0.0,0.0,0.0,0.0,0.0,0.0,0.00022665342839900404,0.0,0.0,0.0,0.0,0.0,0.0,0.0,0.0,0.0,0.0,0.0,0.0,0.0,0.0,0.0,0.0,0.0,0.0,0.0,0.0,0.0,0.0,0.0005905237630940974,0.0,0.0,0.0019058078760281205,0.0,0.0,0.0,0.0,0.0,0.0,0.0,0.0,0.0,0.0,0.0,0.0,0.0,0.0,0.0,0.0,0.0,0.0,0.0,0.0,0.0,0.0,0.0,0.0,0.0,0.0,0.0,0.0,0.0,0.0,0.0,0.0,0.0,0.0,0.0,0.0,0.0020384937524795532,0.0,0.0,0.0,0.0,0.0,0.0,0.0,0.0,0.0,0.0,0.0,0.0,0.0,0.0,0.0,0.0,0.0,0.0,0.0,0.0,0.0,0.0,0.27549755573272705,0.0,0.0,0.0,0.0,0.0,0.0,0.0,0.0,0.0009239051141776145,0.0,0.0,0.0,0.0,0.0,0.0,0.0,0.0,0.0,0.0,0.0,0.0,0.0,0.0,0.0,0.0,0.0,0.0,0.09578496962785721,0.0,0.0,0.0,0.0,0.0,0.0,0.0,0.0,0.0,0.0,0.0,0.0,0.0,0.0,0.0,0.0,0.0,0.0,0.0,0.0,0.0,0.0,0.0,0.0,0.0,0.0,0.0034059735480695963,0.0,0.0,0.0,0.0,0.0,0.0,0.0,0.0,0.0,0.0,0.0,0.0,0.0,0.0,0.0,0.0,0.0,0.0,0.0,0.0,0.0,0.0003127045347355306,0.0,0.0018471716903150082,0.0,0.0,0.0,0.0,0.0,0.0,0.0,0.0,0.0,0.0,0.0,0.0,0.0,0.0,0.0,0.0,0.0,0.0,0.0,0.0,0.0,0.0,0.0,0.0,0.0,0.0,0.0,0.00199695467017591,,,,,,,,,,,,,,,,,,,,,,,,,,,,,,,,,,,,,,,,,,,,,,,,,,,,,,,,,,,,,,,,,,,,,,,,,,,,,,,,,,,,,,,,,,,,,,,,,,,,,,,,,,,,,,,,,,,,,,,,,,,,,,,,,,,,,,,,,,,,,,,,,,,,,,,,,,,,,,,,,,,,,,,,,,,,,,,,,,,,,,,,,,,,,,,,,,,,,,,,,,,,,,,,,,,,,,,,,,,,,,,,,,,,,,,,,,,,,,,,,,,,,,,,,,,,,,,,,,,,,,,,,,,,
2019-07-16,765687.4551576136,331.45625972560657,,,,,,,,,,,39934.002222704905,26530.469200234886,236348.68977982944,,93988.70391452723,,,,,,49155.971717555956,17788.518475747416,18984.035200964026,10304.817072964745,55718.16889528931,42332.09333511933,,,,,,,,,,,,,,,,,,,,,,,,,,,,,,,,,,,,,,,,,,,,,,,,,,,,,,,,,,,,,,,,,,,,,,,,,,,,,,,,,,,,,,,,,,,,,,,,0.0,0.0,0.0,0.0,0.0,0.0017591469222679734,0.0,0.0,0.0,0.0,0.0,0.0,0.0,0.0,0.0,0.0,0.0,0.0,0.0,0.0,0.0,0.0,0.0,0.0,0.0013064012164250016,0.0,0.0,0.0036453166976571083,0.0,0.0,0.0,0.0035564147401601076,0.0,0.0,0.0,0.0,0.0,0.0,0.0,0.0,0.0,0.35433509945869446,0.0,0.0,0.0,0.0,0.0,0.0,0.000280939566437155,0.0,0.0,0.0,0.0,0.0,0.0,0.0,0.0,0.0,0.0,0.0,0.0,0.0,0.0,0.0,0.0,0.0,0.0,0.0,0.0,0.0,0.0,0.0,0.0,0.0,0.0,0.0,0.0,0.0,0.0,0.0,0.0,0.0002895304933190346,0.0,0.0,0.0,0.0,0.0,0.0,0.0,0.0004514709289651364,0.0,0.0,0.0,0.0,0.0,0.0,0.0,0.0,0.0,0.0,0.0,0.0,0.0,0.0,0.0,0.23673413693904877,0.0,0.0,0.0,0.0,0.0,0.0,0.0,0.0,0.0,0.0,0.0,0.0,0.0,0.0,0.006112119648605585,0.0,0.0,0.0,0.0,0.0,0.0,0.0,0.0,0.0,0.0,0.0,0.0,0.0,0.0009501978638581932,0.0,0.0,0.0,0.0,0.0,0.0,0.0,0.0,0.0,0.0,0.0,0.0,0.0,0.0,0.0,0.0,0.0,0.0,0.0,0.0,0.0,0.0,0.0,0.0,0.0,0.0,0.0,0.0,0.0,0.0,0.0,0.0,0.0,0.0,0.0,0.0,0.0004413347051013261,0.0014393494930118322,0.0,0.0,0.0,0.0,0.0,0.0,0.0,0.0,0.0,0.0,0.0,0.0,0.0,0.0,0.0,0.0,0.0,0.0,0.0,0.0,0.0,0.0010530672734603286,0.0,0.0,0.0,0.0,0.0,0.0,0.0,0.0,0.0,0.0,0.0,0.0,0.0,0.0,0.0,0.0004487152036745101,0.0,0.0,0.0,0.0,0.0,0.0,0.0,0.0,0.0,0.0,0.0,0.0,0.0,0.0,0.0,0.0,0.0,0.0,0.0,0.0,0.0,0.0,0.0,0.002649371512234211,0.0,0.0,0.0,0.0,0.0,0.0,0.0,1.6639629393466748e-05,0.0,0.0,0.0,0.0,0.0,0.0,0.0,0.0,0.0,0.0,0.0,0.0,0.0,0.0,0.0,0.0,0.0,0.0,0.0,0.0,0.0,0.0,0.0,0.0,0.0,0.0,0.0,0.0,0.0,0.0,0.0,0.0,0.0,0.0,0.0,0.0,0.0,0.0,0.0,0.0,0.0,0.0,0.0,0.0,0.0,0.0,0.0,0.0,0.0,0.0,0.0,0.0,0.0,0.0,0.0,0.0,0.0,0.0,0.0,0.0,0.0,0.0,0.0,0.00022665342839900404,0.0,0.0,0.0,0.0,0.0,0.0,0.0,0.0,0.0,0.0,0.0,0.0,0.0,0.0,0.0,0.0,0.0,0.0,0.0,0.0,0.0,0.0,0.0005905237630940974,0.0,0.0,0.0019058078760281205,0.0,0.0,0.0,0.0,0.0,0.0,0.0,0.0,0.0,0.0,0.0,0.0,0.0,0.0,0.0,0.0,0.0,0.0,0.0,0.0,0.0,0.0,0.0,0.0,0.0,0.0,0.0,0.0,0.0,0.0,0.0,0.0,0.0,0.0,0.0,0.0,0.0020384937524795532,0.0,0.0,0.0,0.0,0.0,0.0,0.0,0.0,0.0,0.0,0.0,0.0,0.0,0.0,0.0,0.0,0.0,0.0,0.0,0.0,0.0,0.0,0.27549755573272705,0.0,0.0,0.0,0.0,0.0,0.0,0.0,0.0,0.0009239051141776145,0.0,0.0,0.0,0.0,0.0,0.0,0.0,0.0,0.0,0.0,0.0,0.0,0.0,0.0,0.0,0.0,0.0,0.0,0.09578496962785721,0.0,0.0,0.0,0.0,0.0,0.0,0.0,0.0,0.0,0.0,0.0,0.0,0.0,0.0,0.0,0.0,0.0,0.0,0.0,0.0,0.0,0.0,0.0,0.0,0.0,0.0,0.0034059735480695963,0.0,0.0,0.0,0.0,0.0,0.0,0.0,0.0,0.0,0.0,0.0,0.0,0.0,0.0,0.0,0.0,0.0,0.0,0.0,0.0,0.0,0.0003127045347355306,0.0,0.0018471716903150082,0.0,0.0,0.0,0.0,0.0,0.0,0.0,0.0,0.0,0.0,0.0,0.0,0.0,0.0,0.0,0.0,0.0,0.0,0.0,0.0,0.0,0.0,0.0,0.0,0.0,0.0,0.0,0.00199695467017591,,,,,,,,,,,,,,,,,,,,,,,,,,,,,,,,,,,,,,,,,,,,,,,,,,,,,,,,,,,,,,,,,,,,,,,,,,,,,,,,,,,,,,,,,,,,,,,,,,,,,,,,,,,,,,,,,,,,,,,,,,,,,,,,,,,,,,,,,,,,,,,,,,,,,,,,,,,,,,,,,,,,,,,,,,,,,,,,,,,,,,,,,,,,,,,,,,,,,,,,,,,,,,,,,,,,,,,,,,,,,,,,,,,,,,,,,,,,,,,,,,,,,,,,,,,,,,,,,,,,,,,,,,,,
2019-07-17,761220.0312309923,2105.6079209422805,,,,,,,,,,,39578.04257550145,25367.25453814146,239294.32382088076,,88037.04409683317,,,,,,49986.47491167721,18085.941404182486,19274.310968562866,10716.970918992465,55718.16889528931,42325.03792252329,,,,,,,,,,,,,,,,,,,,,,,,,,,,,,,,,,,,,,,,,,,,,,,,,,,,,,,,,,,,,,,,,,,,,,,,,,,,,,,,,,,,,,,,,,,,,,,,0.0,0.0,0.0,0.0,0.0,0.0017591469222679734,0.0,0.0,0.0,0.0,0.0,0.0,0.0,0.0,0.0,0.0,0.0,0.0,0.0,0.0,0.0,0.0,0.0,0.0,0.0013064012164250016,0.0,0.0,0.0036453166976571083,0.0,0.0,0.0,0.0035564147401601076,0.0,0.0,0.0,0.0,0.0,0.0,0.0,0.0,0.0,0.35433509945869446,0.0,0.0,0.0,0.0,0.0,0.0,0.000280939566437155,0.0,0.0,0.0,0.0,0.0,0.0,0.0,0.0,0.0,0.0,0.0,0.0,0.0,0.0,0.0,0.0,0.0,0.0,0.0,0.0,0.0,0.0,0.0,0.0,0.0,0.0,0.0,0.0,0.0,0.0,0.0,0.0,0.0002895304933190346,0.0,0.0,0.0,0.0,0.0,0.0,0.0,0.0004514709289651364,0.0,0.0,0.0,0.0,0.0,0.0,0.0,0.0,0.0,0.0,0.0,0.0,0.0,0.0,0.0,0.23673413693904877,0.0,0.0,0.0,0.0,0.0,0.0,0.0,0.0,0.0,0.0,0.0,0.0,0.0,0.0,0.006112119648605585,0.0,0.0,0.0,0.0,0.0,0.0,0.0,0.0,0.0,0.0,0.0,0.0,0.0,0.0009501978638581932,0.0,0.0,0.0,0.0,0.0,0.0,0.0,0.0,0.0,0.0,0.0,0.0,0.0,0.0,0.0,0.0,0.0,0.0,0.0,0.0,0.0,0.0,0.0,0.0,0.0,0.0,0.0,0.0,0.0,0.0,0.0,0.0,0.0,0.0,0.0,0.0,0.0004413347051013261,0.0014393494930118322,0.0,0.0,0.0,0.0,0.0,0.0,0.0,0.0,0.0,0.0,0.0,0.0,0.0,0.0,0.0,0.0,0.0,0.0,0.0,0.0,0.0,0.0010530672734603286,0.0,0.0,0.0,0.0,0.0,0.0,0.0,0.0,0.0,0.0,0.0,0.0,0.0,0.0,0.0,0.0004487152036745101,0.0,0.0,0.0,0.0,0.0,0.0,0.0,0.0,0.0,0.0,0.0,0.0,0.0,0.0,0.0,0.0,0.0,0.0,0.0,0.0,0.0,0.0,0.0,0.002649371512234211,0.0,0.0,0.0,0.0,0.0,0.0,0.0,1.6639629393466748e-05,0.0,0.0,0.0,0.0,0.0,0.0,0.0,0.0,0.0,0.0,0.0,0.0,0.0,0.0,0.0,0.0,0.0,0.0,0.0,0.0,0.0,0.0,0.0,0.0,0.0,0.0,0.0,0.0,0.0,0.0,0.0,0.0,0.0,0.0,0.0,0.0,0.0,0.0,0.0,0.0,0.0,0.0,0.0,0.0,0.0,0.0,0.0,0.0,0.0,0.0,0.0,0.0,0.0,0.0,0.0,0.0,0.0,0.0,0.0,0.0,0.0,0.0,0.0,0.00022665342839900404,0.0,0.0,0.0,0.0,0.0,0.0,0.0,0.0,0.0,0.0,0.0,0.0,0.0,0.0,0.0,0.0,0.0,0.0,0.0,0.0,0.0,0.0,0.0005905237630940974,0.0,0.0,0.0019058078760281205,0.0,0.0,0.0,0.0,0.0,0.0,0.0,0.0,0.0,0.0,0.0,0.0,0.0,0.0,0.0,0.0,0.0,0.0,0.0,0.0,0.0,0.0,0.0,0.0,0.0,0.0,0.0,0.0,0.0,0.0,0.0,0.0,0.0,0.0,0.0,0.0,0.0020384937524795532,0.0,0.0,0.0,0.0,0.0,0.0,0.0,0.0,0.0,0.0,0.0,0.0,0.0,0.0,0.0,0.0,0.0,0.0,0.0,0.0,0.0,0.0,0.27549755573272705,0.0,0.0,0.0,0.0,0.0,0.0,0.0,0.0,0.0009239051141776145,0.0,0.0,0.0,0.0,0.0,0.0,0.0,0.0,0.0,0.0,0.0,0.0,0.0,0.0,0.0,0.0,0.0,0.0,0.09578496962785721,0.0,0.0,0.0,0.0,0.0,0.0,0.0,0.0,0.0,0.0,0.0,0.0,0.0,0.0,0.0,0.0,0.0,0.0,0.0,0.0,0.0,0.0,0.0,0.0,0.0,0.0,0.0034059735480695963,0.0,0.0,0.0,0.0,0.0,0.0,0.0,0.0,0.0,0.0,0.0,0.0,0.0,0.0,0.0,0.0,0.0,0.0,0.0,0.0,0.0,0.0003127045347355306,0.0,0.0018471716903150082,0.0,0.0,0.0,0.0,0.0,0.0,0.0,0.0,0.0,0.0,0.0,0.0,0.0,0.0,0.0,0.0,0.0,0.0,0.0,0.0,0.0,0.0,0.0,0.0,0.0,0.0,0.0,0.00199695467017591,,,,,,,,,,,,,,,,,,,,,,,,,,,,,,,,,,,,,,,,,,,,,,,,,,,,,,,,,,,,,,,,,,,,,,,,,,,,,,,,,,,,,,,,,,,,,,,,,,,,,,,,,,,,,,,,,,,,,,,,,,,,,,,,,,,,,,,,,,,,,,,,,,,,,,,,,,,,,,,,,,,,,,,,,,,,,,,,,,,,,,,,,,,,,,,,,,,,,,,,,,,,,,,,,,,,,,,,,,,,,,,,,,,,,,,,,,,,,,,,,,,,,,,,,,,,,,,,,,,,,,,,,,,,
2019-07-18,752770.7714972954,7976.706638778219,,,,,,,,,,,39114.05233635849,25367.25453814146,231578.21631495308,,91531.31066384743,,,,,,49857.65008450651,17791.256853876723,19157.93416250634,10304.779729800448,55709.94145832849,42100.294430811795,,,,,,,,,,,,,,,,,,,,,,,,,,,,,,,,,,,,,,,,,,,,,,,,,,,,,,,,,,,,,,,,,,,,,,,,,,,,,,,,,,,,,,,,,,,,,,,,0.0,0.0,0.0,0.0,0.0,0.0017591469222679734,0.0,0.0,0.0,0.0,0.0,0.0,0.0,0.0,0.0,0.0,0.0,0.0,0.0,0.0,0.0,0.0,0.0,0.0,0.0013064012164250016,0.0,0.0,0.0036453166976571083,0.0,0.0,0.0,0.0035564147401601076,0.0,0.0,0.0,0.0,0.0,0.0,0.0,0.0,0.0,0.35433509945869446,0.0,0.0,0.0,0.0,0.0,0.0,0.000280939566437155,0.0,0.0,0.0,0.0,0.0,0.0,0.0,0.0,0.0,0.0,0.0,0.0,0.0,0.0,0.0,0.0,0.0,0.0,0.0,0.0,0.0,0.0,0.0,0.0,0.0,0.0,0.0,0.0,0.0,0.0,0.0,0.0,0.0002895304933190346,0.0,0.0,0.0,0.0,0.0,0.0,0.0,0.0004514709289651364,0.0,0.0,0.0,0.0,0.0,0.0,0.0,0.0,0.0,0.0,0.0,0.0,0.0,0.0,0.0,0.23673413693904877,0.0,0.0,0.0,0.0,0.0,0.0,0.0,0.0,0.0,0.0,0.0,0.0,0.0,0.0,0.006112119648605585,0.0,0.0,0.0,0.0,0.0,0.0,0.0,0.0,0.0,0.0,0.0,0.0,0.0,0.0009501978638581932,0.0,0.0,0.0,0.0,0.0,0.0,0.0,0.0,0.0,0.0,0.0,0.0,0.0,0.0,0.0,0.0,0.0,0.0,0.0,0.0,0.0,0.0,0.0,0.0,0.0,0.0,0.0,0.0,0.0,0.0,0.0,0.0,0.0,0.0,0.0,0.0,0.0004413347051013261,0.0014393494930118322,0.0,0.0,0.0,0.0,0.0,0.0,0.0,0.0,0.0,0.0,0.0,0.0,0.0,0.0,0.0,0.0,0.0,0.0,0.0,0.0,0.0,0.0010530672734603286,0.0,0.0,0.0,0.0,0.0,0.0,0.0,0.0,0.0,0.0,0.0,0.0,0.0,0.0,0.0,0.0004487152036745101,0.0,0.0,0.0,0.0,0.0,0.0,0.0,0.0,0.0,0.0,0.0,0.0,0.0,0.0,0.0,0.0,0.0,0.0,0.0,0.0,0.0,0.0,0.0,0.002649371512234211,0.0,0.0,0.0,0.0,0.0,0.0,0.0,1.6639629393466748e-05,0.0,0.0,0.0,0.0,0.0,0.0,0.0,0.0,0.0,0.0,0.0,0.0,0.0,0.0,0.0,0.0,0.0,0.0,0.0,0.0,0.0,0.0,0.0,0.0,0.0,0.0,0.0,0.0,0.0,0.0,0.0,0.0,0.0,0.0,0.0,0.0,0.0,0.0,0.0,0.0,0.0,0.0,0.0,0.0,0.0,0.0,0.0,0.0,0.0,0.0,0.0,0.0,0.0,0.0,0.0,0.0,0.0,0.0,0.0,0.0,0.0,0.0,0.0,0.00022665342839900404,0.0,0.0,0.0,0.0,0.0,0.0,0.0,0.0,0.0,0.0,0.0,0.0,0.0,0.0,0.0,0.0,0.0,0.0,0.0,0.0,0.0,0.0,0.0005905237630940974,0.0,0.0,0.0019058078760281205,0.0,0.0,0.0,0.0,0.0,0.0,0.0,0.0,0.0,0.0,0.0,0.0,0.0,0.0,0.0,0.0,0.0,0.0,0.0,0.0,0.0,0.0,0.0,0.0,0.0,0.0,0.0,0.0,0.0,0.0,0.0,0.0,0.0,0.0,0.0,0.0,0.0020384937524795532,0.0,0.0,0.0,0.0,0.0,0.0,0.0,0.0,0.0,0.0,0.0,0.0,0.0,0.0,0.0,0.0,0.0,0.0,0.0,0.0,0.0,0.0,0.27549755573272705,0.0,0.0,0.0,0.0,0.0,0.0,0.0,0.0,0.0009239051141776145,0.0,0.0,0.0,0.0,0.0,0.0,0.0,0.0,0.0,0.0,0.0,0.0,0.0,0.0,0.0,0.0,0.0,0.0,0.09578496962785721,0.0,0.0,0.0,0.0,0.0,0.0,0.0,0.0,0.0,0.0,0.0,0.0,0.0,0.0,0.0,0.0,0.0,0.0,0.0,0.0,0.0,0.0,0.0,0.0,0.0,0.0,0.0034059735480695963,0.0,0.0,0.0,0.0,0.0,0.0,0.0,0.0,0.0,0.0,0.0,0.0,0.0,0.0,0.0,0.0,0.0,0.0,0.0,0.0,0.0,0.0003127045347355306,0.0,0.0018471716903150082,0.0,0.0,0.0,0.0,0.0,0.0,0.0,0.0,0.0,0.0,0.0,0.0,0.0,0.0,0.0,0.0,0.0,0.0,0.0,0.0,0.0,0.0,0.0,0.0,0.0,0.0,0.0,0.00199695467017591,,,,,,,,,,,,,,,,,,,,,,,,,,,,,,,,,,,,,,,,,,,,,,,,,,,,,,,,,,,,,,,,,,,,,,,,,,,,,,,,,,,,,,,,,,,,,,,,,,,,,,,,,,,,,,,,,,,,,,,,,,,,,,,,,,,,,,,,,,,,,,,,,,,,,,,,,,,,,,,,,,,,,,,,,,,,,,,,,,,,,,,,,,,,,,,,,,,,,,,,,,,,,,,,,,,,,,,,,,,,,,,,,,,,,,,,,,,,,,,,,,,,,,,,,,,,,,,,,,,,,,,,,,,,
2019-07-19,752648.2387482992,2054.7073076837846,,,,,,,,,,,38043.12442032978,26820.700468725954,234736.0751831756,,92587.29414979111,,,,,,50407.045677724214,18085.195124750644,19272.61970659441,10304.966448328509,55709.94145832849,41863.17904731878,,,,,,,,,,,,,,,,,,,,,,,,,,,,,,,,,,,,,,,,,,,,,,,,,,,,,,,,,,,,,,,,,,,,,,,,,,,,,,,,,,,,,,,,,,,,,,,,0.0,0.0,0.0,0.0,0.0,0.0017591469222679734,0.0,0.0,0.0,0.0,0.0,0.0,0.0,0.0,0.0,0.0,0.0,0.0,0.0,0.0,0.0,0.0,0.0,0.0,0.0013064012164250016,0.0,0.0,0.0036453166976571083,0.0,0.0,0.0,0.0035564147401601076,0.0,0.0,0.0,0.0,0.0,0.0,0.0,0.0,0.0,0.35433509945869446,0.0,0.0,0.0,0.0,0.0,0.0,0.000280939566437155,0.0,0.0,0.0,0.0,0.0,0.0,0.0,0.0,0.0,0.0,0.0,0.0,0.0,0.0,0.0,0.0,0.0,0.0,0.0,0.0,0.0,0.0,0.0,0.0,0.0,0.0,0.0,0.0,0.0,0.0,0.0,0.0,0.0002895304933190346,0.0,0.0,0.0,0.0,0.0,0.0,0.0,0.0004514709289651364,0.0,0.0,0.0,0.0,0.0,0.0,0.0,0.0,0.0,0.0,0.0,0.0,0.0,0.0,0.0,0.23673413693904877,0.0,0.0,0.0,0.0,0.0,0.0,0.0,0.0,0.0,0.0,0.0,0.0,0.0,0.0,0.006112119648605585,0.0,0.0,0.0,0.0,0.0,0.0,0.0,0.0,0.0,0.0,0.0,0.0,0.0,0.0009501978638581932,0.0,0.0,0.0,0.0,0.0,0.0,0.0,0.0,0.0,0.0,0.0,0.0,0.0,0.0,0.0,0.0,0.0,0.0,0.0,0.0,0.0,0.0,0.0,0.0,0.0,0.0,0.0,0.0,0.0,0.0,0.0,0.0,0.0,0.0,0.0,0.0,0.0004413347051013261,0.0014393494930118322,0.0,0.0,0.0,0.0,0.0,0.0,0.0,0.0,0.0,0.0,0.0,0.0,0.0,0.0,0.0,0.0,0.0,0.0,0.0,0.0,0.0,0.0010530672734603286,0.0,0.0,0.0,0.0,0.0,0.0,0.0,0.0,0.0,0.0,0.0,0.0,0.0,0.0,0.0,0.0004487152036745101,0.0,0.0,0.0,0.0,0.0,0.0,0.0,0.0,0.0,0.0,0.0,0.0,0.0,0.0,0.0,0.0,0.0,0.0,0.0,0.0,0.0,0.0,0.0,0.002649371512234211,0.0,0.0,0.0,0.0,0.0,0.0,0.0,1.6639629393466748e-05,0.0,0.0,0.0,0.0,0.0,0.0,0.0,0.0,0.0,0.0,0.0,0.0,0.0,0.0,0.0,0.0,0.0,0.0,0.0,0.0,0.0,0.0,0.0,0.0,0.0,0.0,0.0,0.0,0.0,0.0,0.0,0.0,0.0,0.0,0.0,0.0,0.0,0.0,0.0,0.0,0.0,0.0,0.0,0.0,0.0,0.0,0.0,0.0,0.0,0.0,0.0,0.0,0.0,0.0,0.0,0.0,0.0,0.0,0.0,0.0,0.0,0.0,0.0,0.00022665342839900404,0.0,0.0,0.0,0.0,0.0,0.0,0.0,0.0,0.0,0.0,0.0,0.0,0.0,0.0,0.0,0.0,0.0,0.0,0.0,0.0,0.0,0.0,0.0005905237630940974,0.0,0.0,0.0019058078760281205,0.0,0.0,0.0,0.0,0.0,0.0,0.0,0.0,0.0,0.0,0.0,0.0,0.0,0.0,0.0,0.0,0.0,0.0,0.0,0.0,0.0,0.0,0.0,0.0,0.0,0.0,0.0,0.0,0.0,0.0,0.0,0.0,0.0,0.0,0.0,0.0,0.0020384937524795532,0.0,0.0,0.0,0.0,0.0,0.0,0.0,0.0,0.0,0.0,0.0,0.0,0.0,0.0,0.0,0.0,0.0,0.0,0.0,0.0,0.0,0.0,0.27549755573272705,0.0,0.0,0.0,0.0,0.0,0.0,0.0,0.0,0.0009239051141776145,0.0,0.0,0.0,0.0,0.0,0.0,0.0,0.0,0.0,0.0,0.0,0.0,0.0,0.0,0.0,0.0,0.0,0.0,0.09578496962785721,0.0,0.0,0.0,0.0,0.0,0.0,0.0,0.0,0.0,0.0,0.0,0.0,0.0,0.0,0.0,0.0,0.0,0.0,0.0,0.0,0.0,0.0,0.0,0.0,0.0,0.0,0.0034059735480695963,0.0,0.0,0.0,0.0,0.0,0.0,0.0,0.0,0.0,0.0,0.0,0.0,0.0,0.0,0.0,0.0,0.0,0.0,0.0,0.0,0.0,0.0003127045347355306,0.0,0.0018471716903150082,0.0,0.0,0.0,0.0,0.0,0.0,0.0,0.0,0.0,0.0,0.0,0.0,0.0,0.0,0.0,0.0,0.0,0.0,0.0,0.0,0.0,0.0,0.0,0.0,0.0,0.0,0.0,0.00199695467017591,,,,,,,,,,,,,,,,,,,,,,,,,,,,,,,,,,,,,,,,,,,,,,,,,,,,,,,,,,,,,,,,,,,,,,,,,,,,,,,,,,,,,,,,,,,,,,,,,,,,,,,,,,,,,,,,,,,,,,,,,,,,,,,,,,,,,,,,,,,,,,,,,,,,,,,,,,,,,,,,,,,,,,,,,,,,,,,,,,,,,,,,,,,,,,,,,,,,,,,,,,,,,,,,,,,,,,,,,,,,,,,,,,,,,,,,,,,,,,,,,,,,,,,,,,,,,,,,,,,,,,,,,,,,
2019-07-22,731054.5606581838,1938.880779227232,,,,,,,,,,,38253.26024114577,26312.5564660365,244950.16866893627,,92571.82346698998,,,,,,50407.045677724214,17491.230253565263,19330.776782776313,10305.204445142492,55711.97640980003,42094.551474214124,,,,,,,,,,,,,,,,,,,,,,,,,,,,,,,,,,,,,,,,,,,,,,,,,,,,,,,,,,,,,,,,,,,,,,,,,,,,,,,,,,,,,,,,,,,,,,,,0.0,0.0,0.0,0.0,0.0,0.0017591469222679734,0.0,0.0,0.0,0.0,0.0,0.0,0.0,0.0,0.0,0.0,0.0,0.0,0.0,0.0,0.0,0.0,0.0,0.0,0.0013064012164250016,0.0,0.0,0.0036453166976571083,0.0,0.0,0.0,0.0035564147401601076,0.0,0.0,0.0,0.0,0.0,0.0,0.0,0.0,0.0,0.35433509945869446,0.0,0.0,0.0,0.0,0.0,0.0,0.000280939566437155,0.0,0.0,0.0,0.0,0.0,0.0,0.0,0.0,0.0,0.0,0.0,0.0,0.0,0.0,0.0,0.0,0.0,0.0,0.0,0.0,0.0,0.0,0.0,0.0,0.0,0.0,0.0,0.0,0.0,0.0,0.0,0.0,0.0002895304933190346,0.0,0.0,0.0,0.0,0.0,0.0,0.0,0.0004514709289651364,0.0,0.0,0.0,0.0,0.0,0.0,0.0,0.0,0.0,0.0,0.0,0.0,0.0,0.0,0.0,0.23673413693904877,0.0,0.0,0.0,0.0,0.0,0.0,0.0,0.0,0.0,0.0,0.0,0.0,0.0,0.0,0.006112119648605585,0.0,0.0,0.0,0.0,0.0,0.0,0.0,0.0,0.0,0.0,0.0,0.0,0.0,0.0009501978638581932,0.0,0.0,0.0,0.0,0.0,0.0,0.0,0.0,0.0,0.0,0.0,0.0,0.0,0.0,0.0,0.0,0.0,0.0,0.0,0.0,0.0,0.0,0.0,0.0,0.0,0.0,0.0,0.0,0.0,0.0,0.0,0.0,0.0,0.0,0.0,0.0,0.0004413347051013261,0.0014393494930118322,0.0,0.0,0.0,0.0,0.0,0.0,0.0,0.0,0.0,0.0,0.0,0.0,0.0,0.0,0.0,0.0,0.0,0.0,0.0,0.0,0.0,0.0010530672734603286,0.0,0.0,0.0,0.0,0.0,0.0,0.0,0.0,0.0,0.0,0.0,0.0,0.0,0.0,0.0,0.0004487152036745101,0.0,0.0,0.0,0.0,0.0,0.0,0.0,0.0,0.0,0.0,0.0,0.0,0.0,0.0,0.0,0.0,0.0,0.0,0.0,0.0,0.0,0.0,0.0,0.002649371512234211,0.0,0.0,0.0,0.0,0.0,0.0,0.0,1.6639629393466748e-05,0.0,0.0,0.0,0.0,0.0,0.0,0.0,0.0,0.0,0.0,0.0,0.0,0.0,0.0,0.0,0.0,0.0,0.0,0.0,0.0,0.0,0.0,0.0,0.0,0.0,0.0,0.0,0.0,0.0,0.0,0.0,0.0,0.0,0.0,0.0,0.0,0.0,0.0,0.0,0.0,0.0,0.0,0.0,0.0,0.0,0.0,0.0,0.0,0.0,0.0,0.0,0.0,0.0,0.0,0.0,0.0,0.0,0.0,0.0,0.0,0.0,0.0,0.0,0.00022665342839900404,0.0,0.0,0.0,0.0,0.0,0.0,0.0,0.0,0.0,0.0,0.0,0.0,0.0,0.0,0.0,0.0,0.0,0.0,0.0,0.0,0.0,0.0,0.0005905237630940974,0.0,0.0,0.0019058078760281205,0.0,0.0,0.0,0.0,0.0,0.0,0.0,0.0,0.0,0.0,0.0,0.0,0.0,0.0,0.0,0.0,0.0,0.0,0.0,0.0,0.0,0.0,0.0,0.0,0.0,0.0,0.0,0.0,0.0,0.0,0.0,0.0,0.0,0.0,0.0,0.0,0.0020384937524795532,0.0,0.0,0.0,0.0,0.0,0.0,0.0,0.0,0.0,0.0,0.0,0.0,0.0,0.0,0.0,0.0,0.0,0.0,0.0,0.0,0.0,0.0,0.27549755573272705,0.0,0.0,0.0,0.0,0.0,0.0,0.0,0.0,0.0009239051141776145,0.0,0.0,0.0,0.0,0.0,0.0,0.0,0.0,0.0,0.0,0.0,0.0,0.0,0.0,0.0,0.0,0.0,0.0,0.09578496962785721,0.0,0.0,0.0,0.0,0.0,0.0,0.0,0.0,0.0,0.0,0.0,0.0,0.0,0.0,0.0,0.0,0.0,0.0,0.0,0.0,0.0,0.0,0.0,0.0,0.0,0.0,0.0034059735480695963,0.0,0.0,0.0,0.0,0.0,0.0,0.0,0.0,0.0,0.0,0.0,0.0,0.0,0.0,0.0,0.0,0.0,0.0,0.0,0.0,0.0,0.0003127045347355306,0.0,0.0018471716903150082,0.0,0.0,0.0,0.0,0.0,0.0,0.0,0.0,0.0,0.0,0.0,0.0,0.0,0.0,0.0,0.0,0.0,0.0,0.0,0.0,0.0,0.0,0.0,0.0,0.0,0.0,0.0,0.00199695467017591,,,,,,,,,,,,,,,,,,,,,,,,,,,,,,,,,,,,,,,,,,,,,,,,,,,,,,,,,,,,,,,,,,,,,,,,,,,,,,,,,,,,,,,,,,,,,,,,,,,,,,,,,,,,,,,,,,,,,,,,,,,,,,,,,,,,,,,,,,,,,,,,,,,,,,,,,,,,,,,,,,,,,,,,,,,,,,,,,,,,,,,,,,,,,,,,,,,,,,,,,,,,,,,,,,,,,,,,,,,,,,,,,,,,,,,,,,,,,,,,,,,,,,,,,,,,,,,,,,,,,,,,,,,,
2019-07-23,733112.3138659775,10746.65062419682,,,,,,,,,,,38918.9768404859,26239.221867777967,246085.245408848,,93270.73347801693,,,,,,50407.045677724214,17491.230253565263,19330.776782776313,9480.797989424775,52931.260656385064,41638.3915515908,,,,,,,,,,,,,,,,,,,,,,,,,,,,,,,,,,,,,,,,,,,,,,,,,,,,,,,,,,,,,,,,,,,,,,,,,,,,,,,,,,,,,,,,,,,,,,,,0.0,0.0,0.0,0.0,0.0,0.0017591469222679734,0.0,0.0,0.0,0.0,0.0,0.0,0.0,0.0,0.0,0.0,0.0,0.0,0.0,0.0,0.0,0.0,0.0,0.0,0.0013064012164250016,0.0,0.0,0.0036453166976571083,0.0,0.0,0.0,0.0035564147401601076,0.0,0.0,0.0,0.0,0.0,0.0,0.0,0.0,0.0,0.35433509945869446,0.0,0.0,0.0,0.0,0.0,0.0,0.000280939566437155,0.0,0.0,0.0,0.0,0.0,0.0,0.0,0.0,0.0,0.0,0.0,0.0,0.0,0.0,0.0,0.0,0.0,0.0,0.0,0.0,0.0,0.0,0.0,0.0,0.0,0.0,0.0,0.0,0.0,0.0,0.0,0.0,0.0002895304933190346,0.0,0.0,0.0,0.0,0.0,0.0,0.0,0.0004514709289651364,0.0,0.0,0.0,0.0,0.0,0.0,0.0,0.0,0.0,0.0,0.0,0.0,0.0,0.0,0.0,0.23673413693904877,0.0,0.0,0.0,0.0,0.0,0.0,0.0,0.0,0.0,0.0,0.0,0.0,0.0,0.0,0.006112119648605585,0.0,0.0,0.0,0.0,0.0,0.0,0.0,0.0,0.0,0.0,0.0,0.0,0.0,0.0009501978638581932,0.0,0.0,0.0,0.0,0.0,0.0,0.0,0.0,0.0,0.0,0.0,0.0,0.0,0.0,0.0,0.0,0.0,0.0,0.0,0.0,0.0,0.0,0.0,0.0,0.0,0.0,0.0,0.0,0.0,0.0,0.0,0.0,0.0,0.0,0.0,0.0,0.0004413347051013261,0.0014393494930118322,0.0,0.0,0.0,0.0,0.0,0.0,0.0,0.0,0.0,0.0,0.0,0.0,0.0,0.0,0.0,0.0,0.0,0.0,0.0,0.0,0.0,0.0010530672734603286,0.0,0.0,0.0,0.0,0.0,0.0,0.0,0.0,0.0,0.0,0.0,0.0,0.0,0.0,0.0,0.0004487152036745101,0.0,0.0,0.0,0.0,0.0,0.0,0.0,0.0,0.0,0.0,0.0,0.0,0.0,0.0,0.0,0.0,0.0,0.0,0.0,0.0,0.0,0.0,0.0,0.002649371512234211,0.0,0.0,0.0,0.0,0.0,0.0,0.0,1.6639629393466748e-05,0.0,0.0,0.0,0.0,0.0,0.0,0.0,0.0,0.0,0.0,0.0,0.0,0.0,0.0,0.0,0.0,0.0,0.0,0.0,0.0,0.0,0.0,0.0,0.0,0.0,0.0,0.0,0.0,0.0,0.0,0.0,0.0,0.0,0.0,0.0,0.0,0.0,0.0,0.0,0.0,0.0,0.0,0.0,0.0,0.0,0.0,0.0,0.0,0.0,0.0,0.0,0.0,0.0,0.0,0.0,0.0,0.0,0.0,0.0,0.0,0.0,0.0,0.0,0.00022665342839900404,0.0,0.0,0.0,0.0,0.0,0.0,0.0,0.0,0.0,0.0,0.0,0.0,0.0,0.0,0.0,0.0,0.0,0.0,0.0,0.0,0.0,0.0,0.0005905237630940974,0.0,0.0,0.0019058078760281205,0.0,0.0,0.0,0.0,0.0,0.0,0.0,0.0,0.0,0.0,0.0,0.0,0.0,0.0,0.0,0.0,0.0,0.0,0.0,0.0,0.0,0.0,0.0,0.0,0.0,0.0,0.0,0.0,0.0,0.0,0.0,0.0,0.0,0.0,0.0,0.0,0.0020384937524795532,0.0,0.0,0.0,0.0,0.0,0.0,0.0,0.0,0.0,0.0,0.0,0.0,0.0,0.0,0.0,0.0,0.0,0.0,0.0,0.0,0.0,0.0,0.27549755573272705,0.0,0.0,0.0,0.0,0.0,0.0,0.0,0.0,0.0009239051141776145,0.0,0.0,0.0,0.0,0.0,0.0,0.0,0.0,0.0,0.0,0.0,0.0,0.0,0.0,0.0,0.0,0.0,0.0,0.09578496962785721,0.0,0.0,0.0,0.0,0.0,0.0,0.0,0.0,0.0,0.0,0.0,0.0,0.0,0.0,0.0,0.0,0.0,0.0,0.0,0.0,0.0,0.0,0.0,0.0,0.0,0.0,0.0034059735480695963,0.0,0.0,0.0,0.0,0.0,0.0,0.0,0.0,0.0,0.0,0.0,0.0,0.0,0.0,0.0,0.0,0.0,0.0,0.0,0.0,0.0,0.0003127045347355306,0.0,0.0018471716903150082,0.0,0.0,0.0,0.0,0.0,0.0,0.0,0.0,0.0,0.0,0.0,0.0,0.0,0.0,0.0,0.0,0.0,0.0,0.0,0.0,0.0,0.0,0.0,0.0,0.0,0.0,0.0,0.00199695467017591,,,,,,,,,,,,,,,,,,,,,,,,,,,,,,,,,,,,,,,,,,,,,,,,,,,,,,,,,,,,,,,,,,,,,,,,,,,,,,,,,,,,,,,,,,,,,,,,,,,,,,,,,,,,,,,,,,,,,,,,,,,,,,,,,,,,,,,,,,,,,,,,,,,,,,,,,,,,,,,,,,,,,,,,,,,,,,,,,,,,,,,,,,,,,,,,,,,,,,,,,,,,,,,,,,,,,,,,,,,,,,,,,,,,,,,,,,,,,,,,,,,,,,,,,,,,,,,,,,,,,,,,,,,,
2019-07-24,741289.5349427453,1279.532102287377,,,,,,,,,,,39171.014071353384,26384.936730786045,268403.6788202665,,92267.17206994181,,,,,,52042.9492488,17787.691783286708,19388.403184553245,9480.354843847246,52932.75486817701,41402.01511973976,,,,,,,,,,,,,,,,,,,,,,,,,,,,,,,,,,,,,,,,,,,,,,,,,,,,,,,,,,,,,,,,,,,,,,,,,,,,,,,,,,,,,,,,,,,,,,,,0.0,0.0,0.0,0.0,0.0,0.0017591469222679734,0.0,0.0,0.0,0.0,0.0,0.0,0.0,0.0,0.0,0.0,0.0,0.0,0.0,0.0,0.0,0.0,0.0,0.0,0.0013064012164250016,0.0,0.0,0.0036453166976571083,0.0,0.0,0.0,0.0035564147401601076,0.0,0.0,0.0,0.0,0.0,0.0,0.0,0.0,0.0,0.35433509945869446,0.0,0.0,0.0,0.0,0.0,0.0,0.000280939566437155,0.0,0.0,0.0,0.0,0.0,0.0,0.0,0.0,0.0,0.0,0.0,0.0,0.0,0.0,0.0,0.0,0.0,0.0,0.0,0.0,0.0,0.0,0.0,0.0,0.0,0.0,0.0,0.0,0.0,0.0,0.0,0.0,0.0002895304933190346,0.0,0.0,0.0,0.0,0.0,0.0,0.0,0.0004514709289651364,0.0,0.0,0.0,0.0,0.0,0.0,0.0,0.0,0.0,0.0,0.0,0.0,0.0,0.0,0.0,0.23673413693904877,0.0,0.0,0.0,0.0,0.0,0.0,0.0,0.0,0.0,0.0,0.0,0.0,0.0,0.0,0.006112119648605585,0.0,0.0,0.0,0.0,0.0,0.0,0.0,0.0,0.0,0.0,0.0,0.0,0.0,0.0009501978638581932,0.0,0.0,0.0,0.0,0.0,0.0,0.0,0.0,0.0,0.0,0.0,0.0,0.0,0.0,0.0,0.0,0.0,0.0,0.0,0.0,0.0,0.0,0.0,0.0,0.0,0.0,0.0,0.0,0.0,0.0,0.0,0.0,0.0,0.0,0.0,0.0,0.0004413347051013261,0.0014393494930118322,0.0,0.0,0.0,0.0,0.0,0.0,0.0,0.0,0.0,0.0,0.0,0.0,0.0,0.0,0.0,0.0,0.0,0.0,0.0,0.0,0.0,0.0010530672734603286,0.0,0.0,0.0,0.0,0.0,0.0,0.0,0.0,0.0,0.0,0.0,0.0,0.0,0.0,0.0,0.0004487152036745101,0.0,0.0,0.0,0.0,0.0,0.0,0.0,0.0,0.0,0.0,0.0,0.0,0.0,0.0,0.0,0.0,0.0,0.0,0.0,0.0,0.0,0.0,0.0,0.002649371512234211,0.0,0.0,0.0,0.0,0.0,0.0,0.0,1.6639629393466748e-05,0.0,0.0,0.0,0.0,0.0,0.0,0.0,0.0,0.0,0.0,0.0,0.0,0.0,0.0,0.0,0.0,0.0,0.0,0.0,0.0,0.0,0.0,0.0,0.0,0.0,0.0,0.0,0.0,0.0,0.0,0.0,0.0,0.0,0.0,0.0,0.0,0.0,0.0,0.0,0.0,0.0,0.0,0.0,0.0,0.0,0.0,0.0,0.0,0.0,0.0,0.0,0.0,0.0,0.0,0.0,0.0,0.0,0.0,0.0,0.0,0.0,0.0,0.0,0.00022665342839900404,0.0,0.0,0.0,0.0,0.0,0.0,0.0,0.0,0.0,0.0,0.0,0.0,0.0,0.0,0.0,0.0,0.0,0.0,0.0,0.0,0.0,0.0,0.0005905237630940974,0.0,0.0,0.0019058078760281205,0.0,0.0,0.0,0.0,0.0,0.0,0.0,0.0,0.0,0.0,0.0,0.0,0.0,0.0,0.0,0.0,0.0,0.0,0.0,0.0,0.0,0.0,0.0,0.0,0.0,0.0,0.0,0.0,0.0,0.0,0.0,0.0,0.0,0.0,0.0,0.0,0.0020384937524795532,0.0,0.0,0.0,0.0,0.0,0.0,0.0,0.0,0.0,0.0,0.0,0.0,0.0,0.0,0.0,0.0,0.0,0.0,0.0,0.0,0.0,0.0,0.27549755573272705,0.0,0.0,0.0,0.0,0.0,0.0,0.0,0.0,0.0009239051141776145,0.0,0.0,0.0,0.0,0.0,0.0,0.0,0.0,0.0,0.0,0.0,0.0,0.0,0.0,0.0,0.0,0.0,0.0,0.09578496962785721,0.0,0.0,0.0,0.0,0.0,0.0,0.0,0.0,0.0,0.0,0.0,0.0,0.0,0.0,0.0,0.0,0.0,0.0,0.0,0.0,0.0,0.0,0.0,0.0,0.0,0.0,0.0034059735480695963,0.0,0.0,0.0,0.0,0.0,0.0,0.0,0.0,0.0,0.0,0.0,0.0,0.0,0.0,0.0,0.0,0.0,0.0,0.0,0.0,0.0,0.0003127045347355306,0.0,0.0018471716903150082,0.0,0.0,0.0,0.0,0.0,0.0,0.0,0.0,0.0,0.0,0.0,0.0,0.0,0.0,0.0,0.0,0.0,0.0,0.0,0.0,0.0,0.0,0.0,0.0,0.0,0.0,0.0,0.00199695467017591,,,,,,,,,,,,,,,,,,,,,,,,,,,,,,,,,,,,,,,,,,,,,,,,,,,,,,,,,,,,,,,,,,,,,,,,,,,,,,,,,,,,,,,,,,,,,,,,,,,,,,,,,,,,,,,,,,,,,,,,,,,,,,,,,,,,,,,,,,,,,,,,,,,,,,,,,,,,,,,,,,,,,,,,,,,,,,,,,,,,,,,,,,,,,,,,,,,,,,,,,,,,,,,,,,,,,,,,,,,,,,,,,,,,,,,,,,,,,,,,,,,,,,,,,,,,,,,,,,,,,,,,,,,,
2019-07-25,752112.9358789246,2210.5607147986902,,,,,,,,,,,38504.14025053644,26167.03811530016,252618.02528781895,,93976.05103987349,,,,,,52322.23721519926,17787.691783286708,19565.223141099876,9892.163835687214,52932.75486817701,41405.60564792046,,,,,,,,,,,,,,,,,,,,,,,,,,,,,,,,,,,,,,,,,,,,,,,,,,,,,,,,,,,,,,,,,,,,,,,,,,,,,,,,,,,,,,,,,,,,,,,,0.0,0.0,0.0,0.0,0.0,0.0017591469222679734,0.0,0.0,0.0,0.0,0.0,0.0,0.0,0.0,0.0,0.0,0.0,0.0,0.0,0.0,0.0,0.0,0.0,0.0,0.0013064012164250016,0.0,0.0,0.0036453166976571083,0.0,0.0,0.0,0.0035564147401601076,0.0,0.0,0.0,0.0,0.0,0.0,0.0,0.0,0.0,0.35433509945869446,0.0,0.0,0.0,0.0,0.0,0.0,0.000280939566437155,0.0,0.0,0.0,0.0,0.0,0.0,0.0,0.0,0.0,0.0,0.0,0.0,0.0,0.0,0.0,0.0,0.0,0.0,0.0,0.0,0.0,0.0,0.0,0.0,0.0,0.0,0.0,0.0,0.0,0.0,0.0,0.0,0.0002895304933190346,0.0,0.0,0.0,0.0,0.0,0.0,0.0,0.0004514709289651364,0.0,0.0,0.0,0.0,0.0,0.0,0.0,0.0,0.0,0.0,0.0,0.0,0.0,0.0,0.0,0.23673413693904877,0.0,0.0,0.0,0.0,0.0,0.0,0.0,0.0,0.0,0.0,0.0,0.0,0.0,0.0,0.006112119648605585,0.0,0.0,0.0,0.0,0.0,0.0,0.0,0.0,0.0,0.0,0.0,0.0,0.0,0.0009501978638581932,0.0,0.0,0.0,0.0,0.0,0.0,0.0,0.0,0.0,0.0,0.0,0.0,0.0,0.0,0.0,0.0,0.0,0.0,0.0,0.0,0.0,0.0,0.0,0.0,0.0,0.0,0.0,0.0,0.0,0.0,0.0,0.0,0.0,0.0,0.0,0.0,0.0004413347051013261,0.0014393494930118322,0.0,0.0,0.0,0.0,0.0,0.0,0.0,0.0,0.0,0.0,0.0,0.0,0.0,0.0,0.0,0.0,0.0,0.0,0.0,0.0,0.0,0.0010530672734603286,0.0,0.0,0.0,0.0,0.0,0.0,0.0,0.0,0.0,0.0,0.0,0.0,0.0,0.0,0.0,0.0004487152036745101,0.0,0.0,0.0,0.0,0.0,0.0,0.0,0.0,0.0,0.0,0.0,0.0,0.0,0.0,0.0,0.0,0.0,0.0,0.0,0.0,0.0,0.0,0.0,0.002649371512234211,0.0,0.0,0.0,0.0,0.0,0.0,0.0,1.6639629393466748e-05,0.0,0.0,0.0,0.0,0.0,0.0,0.0,0.0,0.0,0.0,0.0,0.0,0.0,0.0,0.0,0.0,0.0,0.0,0.0,0.0,0.0,0.0,0.0,0.0,0.0,0.0,0.0,0.0,0.0,0.0,0.0,0.0,0.0,0.0,0.0,0.0,0.0,0.0,0.0,0.0,0.0,0.0,0.0,0.0,0.0,0.0,0.0,0.0,0.0,0.0,0.0,0.0,0.0,0.0,0.0,0.0,0.0,0.0,0.0,0.0,0.0,0.0,0.0,0.00022665342839900404,0.0,0.0,0.0,0.0,0.0,0.0,0.0,0.0,0.0,0.0,0.0,0.0,0.0,0.0,0.0,0.0,0.0,0.0,0.0,0.0,0.0,0.0,0.0005905237630940974,0.0,0.0,0.0019058078760281205,0.0,0.0,0.0,0.0,0.0,0.0,0.0,0.0,0.0,0.0,0.0,0.0,0.0,0.0,0.0,0.0,0.0,0.0,0.0,0.0,0.0,0.0,0.0,0.0,0.0,0.0,0.0,0.0,0.0,0.0,0.0,0.0,0.0,0.0,0.0,0.0,0.0020384937524795532,0.0,0.0,0.0,0.0,0.0,0.0,0.0,0.0,0.0,0.0,0.0,0.0,0.0,0.0,0.0,0.0,0.0,0.0,0.0,0.0,0.0,0.0,0.27549755573272705,0.0,0.0,0.0,0.0,0.0,0.0,0.0,0.0,0.0009239051141776145,0.0,0.0,0.0,0.0,0.0,0.0,0.0,0.0,0.0,0.0,0.0,0.0,0.0,0.0,0.0,0.0,0.0,0.0,0.09578496962785721,0.0,0.0,0.0,0.0,0.0,0.0,0.0,0.0,0.0,0.0,0.0,0.0,0.0,0.0,0.0,0.0,0.0,0.0,0.0,0.0,0.0,0.0,0.0,0.0,0.0,0.0,0.0034059735480695963,0.0,0.0,0.0,0.0,0.0,0.0,0.0,0.0,0.0,0.0,0.0,0.0,0.0,0.0,0.0,0.0,0.0,0.0,0.0,0.0,0.0,0.0003127045347355306,0.0,0.0018471716903150082,0.0,0.0,0.0,0.0,0.0,0.0,0.0,0.0,0.0,0.0,0.0,0.0,0.0,0.0,0.0,0.0,0.0,0.0,0.0,0.0,0.0,0.0,0.0,0.0,0.0,0.0,0.0,0.00199695467017591,,,,,,,,,,,,,,,,,,,,,,,,,,,,,,,,,,,,,,,,,,,,,,,,,,,,,,,,,,,,,,,,,,,,,,,,,,,,,,,,,,,,,,,,,,,,,,,,,,,,,,,,,,,,,,,,,,,,,,,,,,,,,,,,,,,,,,,,,,,,,,,,,,,,,,,,,,,,,,,,,,,,,,,,,,,,,,,,,,,,,,,,,,,,,,,,,,,,,,,,,,,,,,,,,,,,,,,,,,,,,,,,,,,,,,,,,,,,,,,,,,,,,,,,,,,,,,,,,,,,,,,,,,,,
2019-07-26,754131.1130389962,824.1177837312507,,,,,,,,,,,38863.084387040784,25221.61027695581,232086.90198200635,,91560.34866261393,,,,,,53836.153621103724,18383.501093797993,20145.793560717084,9892.892965284918,55712.92456295829,42330.129371567484,,,,,,,,,,,,,,,,,,,,,,,,,,,,,,,,,,,,,,,,,,,,,,,,,,,,,,,,,,,,,,,,,,,,,,,,,,,,,,,,,,,,,,,,,,,,,,,,0.0,0.0,0.0,0.0,0.0,0.0017591469222679734,0.0,0.0,0.0,0.0,0.0,0.0,0.0,0.0,0.0,0.0,0.0,0.0,0.0,0.0,0.0,0.0,0.0,0.0,0.0013064012164250016,0.0,0.0,0.0036453166976571083,0.0,0.0,0.0,0.0035564147401601076,0.0,0.0,0.0,0.0,0.0,0.0,0.0,0.0,0.0,0.35433509945869446,0.0,0.0,0.0,0.0,0.0,0.0,0.000280939566437155,0.0,0.0,0.0,0.0,0.0,0.0,0.0,0.0,0.0,0.0,0.0,0.0,0.0,0.0,0.0,0.0,0.0,0.0,0.0,0.0,0.0,0.0,0.0,0.0,0.0,0.0,0.0,0.0,0.0,0.0,0.0,0.0,0.0002895304933190346,0.0,0.0,0.0,0.0,0.0,0.0,0.0,0.0004514709289651364,0.0,0.0,0.0,0.0,0.0,0.0,0.0,0.0,0.0,0.0,0.0,0.0,0.0,0.0,0.0,0.23673413693904877,0.0,0.0,0.0,0.0,0.0,0.0,0.0,0.0,0.0,0.0,0.0,0.0,0.0,0.0,0.006112119648605585,0.0,0.0,0.0,0.0,0.0,0.0,0.0,0.0,0.0,0.0,0.0,0.0,0.0,0.0009501978638581932,0.0,0.0,0.0,0.0,0.0,0.0,0.0,0.0,0.0,0.0,0.0,0.0,0.0,0.0,0.0,0.0,0.0,0.0,0.0,0.0,0.0,0.0,0.0,0.0,0.0,0.0,0.0,0.0,0.0,0.0,0.0,0.0,0.0,0.0,0.0,0.0,0.0004413347051013261,0.0014393494930118322,0.0,0.0,0.0,0.0,0.0,0.0,0.0,0.0,0.0,0.0,0.0,0.0,0.0,0.0,0.0,0.0,0.0,0.0,0.0,0.0,0.0,0.0010530672734603286,0.0,0.0,0.0,0.0,0.0,0.0,0.0,0.0,0.0,0.0,0.0,0.0,0.0,0.0,0.0,0.0004487152036745101,0.0,0.0,0.0,0.0,0.0,0.0,0.0,0.0,0.0,0.0,0.0,0.0,0.0,0.0,0.0,0.0,0.0,0.0,0.0,0.0,0.0,0.0,0.0,0.002649371512234211,0.0,0.0,0.0,0.0,0.0,0.0,0.0,1.6639629393466748e-05,0.0,0.0,0.0,0.0,0.0,0.0,0.0,0.0,0.0,0.0,0.0,0.0,0.0,0.0,0.0,0.0,0.0,0.0,0.0,0.0,0.0,0.0,0.0,0.0,0.0,0.0,0.0,0.0,0.0,0.0,0.0,0.0,0.0,0.0,0.0,0.0,0.0,0.0,0.0,0.0,0.0,0.0,0.0,0.0,0.0,0.0,0.0,0.0,0.0,0.0,0.0,0.0,0.0,0.0,0.0,0.0,0.0,0.0,0.0,0.0,0.0,0.0,0.0,0.00022665342839900404,0.0,0.0,0.0,0.0,0.0,0.0,0.0,0.0,0.0,0.0,0.0,0.0,0.0,0.0,0.0,0.0,0.0,0.0,0.0,0.0,0.0,0.0,0.0005905237630940974,0.0,0.0,0.0019058078760281205,0.0,0.0,0.0,0.0,0.0,0.0,0.0,0.0,0.0,0.0,0.0,0.0,0.0,0.0,0.0,0.0,0.0,0.0,0.0,0.0,0.0,0.0,0.0,0.0,0.0,0.0,0.0,0.0,0.0,0.0,0.0,0.0,0.0,0.0,0.0,0.0,0.0020384937524795532,0.0,0.0,0.0,0.0,0.0,0.0,0.0,0.0,0.0,0.0,0.0,0.0,0.0,0.0,0.0,0.0,0.0,0.0,0.0,0.0,0.0,0.0,0.27549755573272705,0.0,0.0,0.0,0.0,0.0,0.0,0.0,0.0,0.0009239051141776145,0.0,0.0,0.0,0.0,0.0,0.0,0.0,0.0,0.0,0.0,0.0,0.0,0.0,0.0,0.0,0.0,0.0,0.0,0.09578496962785721,0.0,0.0,0.0,0.0,0.0,0.0,0.0,0.0,0.0,0.0,0.0,0.0,0.0,0.0,0.0,0.0,0.0,0.0,0.0,0.0,0.0,0.0,0.0,0.0,0.0,0.0,0.0034059735480695963,0.0,0.0,0.0,0.0,0.0,0.0,0.0,0.0,0.0,0.0,0.0,0.0,0.0,0.0,0.0,0.0,0.0,0.0,0.0,0.0,0.0,0.0003127045347355306,0.0,0.0018471716903150082,0.0,0.0,0.0,0.0,0.0,0.0,0.0,0.0,0.0,0.0,0.0,0.0,0.0,0.0,0.0,0.0,0.0,0.0,0.0,0.0,0.0,0.0,0.0,0.0,0.0,0.0,0.0,0.00199695467017591,,,,,,,,,,,,,,,,,,,,,,,,,,,,,,,,,,,,,,,,,,,,,,,,,,,,,,,,,,,,,,,,,,,,,,,,,,,,,,,,,,,,,,,,,,,,,,,,,,,,,,,,,,,,,,,,,,,,,,,,,,,,,,,,,,,,,,,,,,,,,,,,,,,,,,,,,,,,,,,,,,,,,,,,,,,,,,,,,,,,,,,,,,,,,,,,,,,,,,,,,,,,,,,,,,,,,,,,,,,,,,,,,,,,,,,,,,,,,,,,,,,,,,,,,,,,,,,,,,,,,,,,,,,,
2019-07-29,744528.152628877,7867.718770027676,,,,,,,,,,,39123.00817385673,25366.98021689801,232654.44035196223,,91220.04016607645,,,,,,50544.39457602864,17787.427760819763,19912.811542913663,9892.192998807554,55717.19743398493,42564.44621546904,,,,,,,,,,,,,,,,,,,,,,,,,,,,,,,,,,,,,,,,,,,,,,,,,,,,,,,,,,,,,,,,,,,,,,,,,,,,,,,,,,,,,,,,,,,,,,,,0.0,0.0,0.0,0.0,0.0,0.0017591469222679734,0.0,0.0,0.0,0.0,0.0,0.0,0.0,0.0,0.0,0.0,0.0,0.0,0.0,0.0,0.0,0.0,0.0,0.0,0.0013064012164250016,0.0,0.0,0.0036453166976571083,0.0,0.0,0.0,0.0035564147401601076,0.0,0.0,0.0,0.0,0.0,0.0,0.0,0.0,0.0,0.35433509945869446,0.0,0.0,0.0,0.0,0.0,0.0,0.000280939566437155,0.0,0.0,0.0,0.0,0.0,0.0,0.0,0.0,0.0,0.0,0.0,0.0,0.0,0.0,0.0,0.0,0.0,0.0,0.0,0.0,0.0,0.0,0.0,0.0,0.0,0.0,0.0,0.0,0.0,0.0,0.0,0.0,0.0002895304933190346,0.0,0.0,0.0,0.0,0.0,0.0,0.0,0.0004514709289651364,0.0,0.0,0.0,0.0,0.0,0.0,0.0,0.0,0.0,0.0,0.0,0.0,0.0,0.0,0.0,0.23673413693904877,0.0,0.0,0.0,0.0,0.0,0.0,0.0,0.0,0.0,0.0,0.0,0.0,0.0,0.0,0.006112119648605585,0.0,0.0,0.0,0.0,0.0,0.0,0.0,0.0,0.0,0.0,0.0,0.0,0.0,0.0009501978638581932,0.0,0.0,0.0,0.0,0.0,0.0,0.0,0.0,0.0,0.0,0.0,0.0,0.0,0.0,0.0,0.0,0.0,0.0,0.0,0.0,0.0,0.0,0.0,0.0,0.0,0.0,0.0,0.0,0.0,0.0,0.0,0.0,0.0,0.0,0.0,0.0,0.0004413347051013261,0.0014393494930118322,0.0,0.0,0.0,0.0,0.0,0.0,0.0,0.0,0.0,0.0,0.0,0.0,0.0,0.0,0.0,0.0,0.0,0.0,0.0,0.0,0.0,0.0010530672734603286,0.0,0.0,0.0,0.0,0.0,0.0,0.0,0.0,0.0,0.0,0.0,0.0,0.0,0.0,0.0,0.0004487152036745101,0.0,0.0,0.0,0.0,0.0,0.0,0.0,0.0,0.0,0.0,0.0,0.0,0.0,0.0,0.0,0.0,0.0,0.0,0.0,0.0,0.0,0.0,0.0,0.002649371512234211,0.0,0.0,0.0,0.0,0.0,0.0,0.0,1.6639629393466748e-05,0.0,0.0,0.0,0.0,0.0,0.0,0.0,0.0,0.0,0.0,0.0,0.0,0.0,0.0,0.0,0.0,0.0,0.0,0.0,0.0,0.0,0.0,0.0,0.0,0.0,0.0,0.0,0.0,0.0,0.0,0.0,0.0,0.0,0.0,0.0,0.0,0.0,0.0,0.0,0.0,0.0,0.0,0.0,0.0,0.0,0.0,0.0,0.0,0.0,0.0,0.0,0.0,0.0,0.0,0.0,0.0,0.0,0.0,0.0,0.0,0.0,0.0,0.0,0.00022665342839900404,0.0,0.0,0.0,0.0,0.0,0.0,0.0,0.0,0.0,0.0,0.0,0.0,0.0,0.0,0.0,0.0,0.0,0.0,0.0,0.0,0.0,0.0,0.0005905237630940974,0.0,0.0,0.0019058078760281205,0.0,0.0,0.0,0.0,0.0,0.0,0.0,0.0,0.0,0.0,0.0,0.0,0.0,0.0,0.0,0.0,0.0,0.0,0.0,0.0,0.0,0.0,0.0,0.0,0.0,0.0,0.0,0.0,0.0,0.0,0.0,0.0,0.0,0.0,0.0,0.0,0.0020384937524795532,0.0,0.0,0.0,0.0,0.0,0.0,0.0,0.0,0.0,0.0,0.0,0.0,0.0,0.0,0.0,0.0,0.0,0.0,0.0,0.0,0.0,0.0,0.27549755573272705,0.0,0.0,0.0,0.0,0.0,0.0,0.0,0.0,0.0009239051141776145,0.0,0.0,0.0,0.0,0.0,0.0,0.0,0.0,0.0,0.0,0.0,0.0,0.0,0.0,0.0,0.0,0.0,0.0,0.09578496962785721,0.0,0.0,0.0,0.0,0.0,0.0,0.0,0.0,0.0,0.0,0.0,0.0,0.0,0.0,0.0,0.0,0.0,0.0,0.0,0.0,0.0,0.0,0.0,0.0,0.0,0.0,0.0034059735480695963,0.0,0.0,0.0,0.0,0.0,0.0,0.0,0.0,0.0,0.0,0.0,0.0,0.0,0.0,0.0,0.0,0.0,0.0,0.0,0.0,0.0,0.0003127045347355306,0.0,0.0018471716903150082,0.0,0.0,0.0,0.0,0.0,0.0,0.0,0.0,0.0,0.0,0.0,0.0,0.0,0.0,0.0,0.0,0.0,0.0,0.0,0.0,0.0,0.0,0.0,0.0,0.0,0.0,0.0,0.00199695467017591,,,,,,,,,,,,,,,,,,,,,,,,,,,,,,,,,,,,,,,,,,,,,,,,,,,,,,,,,,,,,,,,,,,,,,,,,,,,,,,,,,,,,,,,,,,,,,,,,,,,,,,,,,,,,,,,,,,,,,,,,,,,,,,,,,,,,,,,,,,,,,,,,,,,,,,,,,,,,,,,,,,,,,,,,,,,,,,,,,,,,,,,,,,,,,,,,,,,,,,,,,,,,,,,,,,,,,,,,,,,,,,,,,,,,,,,,,,,,,,,,,,,,,,,,,,,,,,,,,,,,,,,,,,,
2019-07-30,744203.5503989431,5746.299830809673,,,,,,,,,,,39885.99998660625,25585.266829206328,251954.07618225546,,91897.43070242241,,,,,,49709.24838785796,17790.00860222845,19854.756698765228,9892.571527406863,52929.73357120686,42330.129371567484,,,,,,,,,,,,,,,,,,,,,,,,,,,,,,,,,,,,,,,,,,,,,,,,,,,,,,,,,,,,,,,,,,,,,,,,,,,,,,,,,,,,,,,,,,,,,,,,0.0,0.0,0.0,0.0,0.0,0.0017591469222679734,0.0,0.0,0.0,0.0,0.0,0.0,0.0,0.0,0.0,0.0,0.0,0.0,0.0,0.0,0.0,0.0,0.0,0.0,0.0013064012164250016,0.0,0.0,0.0036453166976571083,0.0,0.0,0.0,0.0035564147401601076,0.0,0.0,0.0,0.0,0.0,0.0,0.0,0.0,0.0,0.35433509945869446,0.0,0.0,0.0,0.0,0.0,0.0,0.000280939566437155,0.0,0.0,0.0,0.0,0.0,0.0,0.0,0.0,0.0,0.0,0.0,0.0,0.0,0.0,0.0,0.0,0.0,0.0,0.0,0.0,0.0,0.0,0.0,0.0,0.0,0.0,0.0,0.0,0.0,0.0,0.0,0.0,0.0002895304933190346,0.0,0.0,0.0,0.0,0.0,0.0,0.0,0.0004514709289651364,0.0,0.0,0.0,0.0,0.0,0.0,0.0,0.0,0.0,0.0,0.0,0.0,0.0,0.0,0.0,0.23673413693904877,0.0,0.0,0.0,0.0,0.0,0.0,0.0,0.0,0.0,0.0,0.0,0.0,0.0,0.0,0.006112119648605585,0.0,0.0,0.0,0.0,0.0,0.0,0.0,0.0,0.0,0.0,0.0,0.0,0.0,0.0009501978638581932,0.0,0.0,0.0,0.0,0.0,0.0,0.0,0.0,0.0,0.0,0.0,0.0,0.0,0.0,0.0,0.0,0.0,0.0,0.0,0.0,0.0,0.0,0.0,0.0,0.0,0.0,0.0,0.0,0.0,0.0,0.0,0.0,0.0,0.0,0.0,0.0,0.0004413347051013261,0.0014393494930118322,0.0,0.0,0.0,0.0,0.0,0.0,0.0,0.0,0.0,0.0,0.0,0.0,0.0,0.0,0.0,0.0,0.0,0.0,0.0,0.0,0.0,0.0010530672734603286,0.0,0.0,0.0,0.0,0.0,0.0,0.0,0.0,0.0,0.0,0.0,0.0,0.0,0.0,0.0,0.0004487152036745101,0.0,0.0,0.0,0.0,0.0,0.0,0.0,0.0,0.0,0.0,0.0,0.0,0.0,0.0,0.0,0.0,0.0,0.0,0.0,0.0,0.0,0.0,0.0,0.002649371512234211,0.0,0.0,0.0,0.0,0.0,0.0,0.0,1.6639629393466748e-05,0.0,0.0,0.0,0.0,0.0,0.0,0.0,0.0,0.0,0.0,0.0,0.0,0.0,0.0,0.0,0.0,0.0,0.0,0.0,0.0,0.0,0.0,0.0,0.0,0.0,0.0,0.0,0.0,0.0,0.0,0.0,0.0,0.0,0.0,0.0,0.0,0.0,0.0,0.0,0.0,0.0,0.0,0.0,0.0,0.0,0.0,0.0,0.0,0.0,0.0,0.0,0.0,0.0,0.0,0.0,0.0,0.0,0.0,0.0,0.0,0.0,0.0,0.0,0.00022665342839900404,0.0,0.0,0.0,0.0,0.0,0.0,0.0,0.0,0.0,0.0,0.0,0.0,0.0,0.0,0.0,0.0,0.0,0.0,0.0,0.0,0.0,0.0,0.0005905237630940974,0.0,0.0,0.0019058078760281205,0.0,0.0,0.0,0.0,0.0,0.0,0.0,0.0,0.0,0.0,0.0,0.0,0.0,0.0,0.0,0.0,0.0,0.0,0.0,0.0,0.0,0.0,0.0,0.0,0.0,0.0,0.0,0.0,0.0,0.0,0.0,0.0,0.0,0.0,0.0,0.0,0.0020384937524795532,0.0,0.0,0.0,0.0,0.0,0.0,0.0,0.0,0.0,0.0,0.0,0.0,0.0,0.0,0.0,0.0,0.0,0.0,0.0,0.0,0.0,0.0,0.27549755573272705,0.0,0.0,0.0,0.0,0.0,0.0,0.0,0.0,0.0009239051141776145,0.0,0.0,0.0,0.0,0.0,0.0,0.0,0.0,0.0,0.0,0.0,0.0,0.0,0.0,0.0,0.0,0.0,0.0,0.09578496962785721,0.0,0.0,0.0,0.0,0.0,0.0,0.0,0.0,0.0,0.0,0.0,0.0,0.0,0.0,0.0,0.0,0.0,0.0,0.0,0.0,0.0,0.0,0.0,0.0,0.0,0.0,0.0034059735480695963,0.0,0.0,0.0,0.0,0.0,0.0,0.0,0.0,0.0,0.0,0.0,0.0,0.0,0.0,0.0,0.0,0.0,0.0,0.0,0.0,0.0,0.0003127045347355306,0.0,0.0018471716903150082,0.0,0.0,0.0,0.0,0.0,0.0,0.0,0.0,0.0,0.0,0.0,0.0,0.0,0.0,0.0,0.0,0.0,0.0,0.0,0.0,0.0,0.0,0.0,0.0,0.0,0.0,0.0,0.00199695467017591,,,,,,,,,,,,,,,,,,,,,,,,,,,,,,,,,,,,,,,,,,,,,,,,,,,,,,,,,,,,,,,,,,,,,,,,,,,,,,,,,,,,,,,,,,,,,,,,,,,,,,,,,,,,,,,,,,,,,,,,,,,,,,,,,,,,,,,,,,,,,,,,,,,,,,,,,,,,,,,,,,,,,,,,,,,,,,,,,,,,,,,,,,,,,,,,,,,,,,,,,,,,,,,,,,,,,,,,,,,,,,,,,,,,,,,,,,,,,,,,,,,,,,,,,,,,,,,,,,,,,,,,,,,,
2019-07-31,732037.5840221426,3546.6693403684167,,,,,,,,,,,39123.00817385673,26893.415586905845,263592.85111458553,,92626.48075239341,,,,,,48610.70146215944,17791.07133436354,19679.83899246554,9892.892965284918,52926.910343615236,41637.65383267101,,,,,,,,,,,,,,,,,,,,,,,,,,,,,,,,,,,,,,,,,,,,,,,,,,,,,,,,,,,,,,,,,,,,,,,,,,,,,,,,,,,,,,,,,,,,,,,,0.0,0.0,0.0,0.0,0.0,0.0017591469222679734,0.0,0.0,0.0,0.0,0.0,0.0,0.0,0.0,0.0,0.0,0.0,0.0,0.0,0.0,0.0,0.0,0.0,0.0,0.0013064012164250016,0.0,0.0,0.0036453166976571083,0.0,0.0,0.0,0.0035564147401601076,0.0,0.0,0.0,0.0,0.0,0.0,0.0,0.0,0.0,0.35433509945869446,0.0,0.0,0.0,0.0,0.0,0.0,0.000280939566437155,0.0,0.0,0.0,0.0,0.0,0.0,0.0,0.0,0.0,0.0,0.0,0.0,0.0,0.0,0.0,0.0,0.0,0.0,0.0,0.0,0.0,0.0,0.0,0.0,0.0,0.0,0.0,0.0,0.0,0.0,0.0,0.0,0.0002895304933190346,0.0,0.0,0.0,0.0,0.0,0.0,0.0,0.0004514709289651364,0.0,0.0,0.0,0.0,0.0,0.0,0.0,0.0,0.0,0.0,0.0,0.0,0.0,0.0,0.0,0.23673413693904877,0.0,0.0,0.0,0.0,0.0,0.0,0.0,0.0,0.0,0.0,0.0,0.0,0.0,0.0,0.006112119648605585,0.0,0.0,0.0,0.0,0.0,0.0,0.0,0.0,0.0,0.0,0.0,0.0,0.0,0.0009501978638581932,0.0,0.0,0.0,0.0,0.0,0.0,0.0,0.0,0.0,0.0,0.0,0.0,0.0,0.0,0.0,0.0,0.0,0.0,0.0,0.0,0.0,0.0,0.0,0.0,0.0,0.0,0.0,0.0,0.0,0.0,0.0,0.0,0.0,0.0,0.0,0.0,0.0004413347051013261,0.0014393494930118322,0.0,0.0,0.0,0.0,0.0,0.0,0.0,0.0,0.0,0.0,0.0,0.0,0.0,0.0,0.0,0.0,0.0,0.0,0.0,0.0,0.0,0.0010530672734603286,0.0,0.0,0.0,0.0,0.0,0.0,0.0,0.0,0.0,0.0,0.0,0.0,0.0,0.0,0.0,0.0004487152036745101,0.0,0.0,0.0,0.0,0.0,0.0,0.0,0.0,0.0,0.0,0.0,0.0,0.0,0.0,0.0,0.0,0.0,0.0,0.0,0.0,0.0,0.0,0.0,0.002649371512234211,0.0,0.0,0.0,0.0,0.0,0.0,0.0,1.6639629393466748e-05,0.0,0.0,0.0,0.0,0.0,0.0,0.0,0.0,0.0,0.0,0.0,0.0,0.0,0.0,0.0,0.0,0.0,0.0,0.0,0.0,0.0,0.0,0.0,0.0,0.0,0.0,0.0,0.0,0.0,0.0,0.0,0.0,0.0,0.0,0.0,0.0,0.0,0.0,0.0,0.0,0.0,0.0,0.0,0.0,0.0,0.0,0.0,0.0,0.0,0.0,0.0,0.0,0.0,0.0,0.0,0.0,0.0,0.0,0.0,0.0,0.0,0.0,0.0,0.00022665342839900404,0.0,0.0,0.0,0.0,0.0,0.0,0.0,0.0,0.0,0.0,0.0,0.0,0.0,0.0,0.0,0.0,0.0,0.0,0.0,0.0,0.0,0.0,0.0005905237630940974,0.0,0.0,0.0019058078760281205,0.0,0.0,0.0,0.0,0.0,0.0,0.0,0.0,0.0,0.0,0.0,0.0,0.0,0.0,0.0,0.0,0.0,0.0,0.0,0.0,0.0,0.0,0.0,0.0,0.0,0.0,0.0,0.0,0.0,0.0,0.0,0.0,0.0,0.0,0.0,0.0,0.0020384937524795532,0.0,0.0,0.0,0.0,0.0,0.0,0.0,0.0,0.0,0.0,0.0,0.0,0.0,0.0,0.0,0.0,0.0,0.0,0.0,0.0,0.0,0.0,0.27549755573272705,0.0,0.0,0.0,0.0,0.0,0.0,0.0,0.0,0.0009239051141776145,0.0,0.0,0.0,0.0,0.0,0.0,0.0,0.0,0.0,0.0,0.0,0.0,0.0,0.0,0.0,0.0,0.0,0.0,0.09578496962785721,0.0,0.0,0.0,0.0,0.0,0.0,0.0,0.0,0.0,0.0,0.0,0.0,0.0,0.0,0.0,0.0,0.0,0.0,0.0,0.0,0.0,0.0,0.0,0.0,0.0,0.0,0.0034059735480695963,0.0,0.0,0.0,0.0,0.0,0.0,0.0,0.0,0.0,0.0,0.0,0.0,0.0,0.0,0.0,0.0,0.0,0.0,0.0,0.0,0.0,0.0003127045347355306,0.0,0.0018471716903150082,0.0,0.0,0.0,0.0,0.0,0.0,0.0,0.0,0.0,0.0,0.0,0.0,0.0,0.0,0.0,0.0,0.0,0.0,0.0,0.0,0.0,0.0,0.0,0.0,0.0,0.0,0.0,0.00199695467017591,,,,,,,,,,,,,,,,,,,,,,,,,,,,,,,,,,,,,,,,,,,,,,,,,,,,,,,,,,,,,,,,,,,,,,,,,,,,,,,,,,,,,,,,,,,,,,,,,,,,,,,,,,,,,,,,,,,,,,,,,,,,,,,,,,,,,,,,,,,,,,,,,,,,,,,,,,,,,,,,,,,,,,,,,,,,,,,,,,,,,,,,,,,,,,,,,,,,,,,,,,,,,,,,,,,,,,,,,,,,,,,,,,,,,,,,,,,,,,,,,,,,,,,,,,,,,,,,,,,,,,,,,,,,
2019-08-01,720522.0495387275,9589.832442719533,,,,,,,,,,,38714.94550711507,28056.37792793269,263592.85111458553,,94374.15020055178,,,,,,47660.067711635704,17786.9940266388,19506.13604324528,9480.018290523905,50145.5505490198,41402.14069209222,,,,,,,,,,,,,,,,,,,,,,,,,,,,,,,,,,,,,,,,,,,,,,,,,,,,,,,,,,,,,,,,,,,,,,,,,,,,,,,,,,,,,,,,,,,,,,,,0.0,0.0,0.0,0.0,0.0,0.0017591469222679734,0.0,0.0,0.0,0.0,0.0,0.0,0.0,0.0,0.0,0.0,0.0,0.0,0.0,0.0,0.0,0.0,0.0,0.0,0.0013064012164250016,0.0,0.0,0.0036453166976571083,0.0,0.0,0.0,0.0035564147401601076,0.0,0.0,0.0,0.0,0.0,0.0,0.0,0.0,0.0,0.35433509945869446,0.0,0.0,0.0,0.0,0.0,0.0,0.000280939566437155,0.0,0.0,0.0,0.0,0.0,0.0,0.0,0.0,0.0,0.0,0.0,0.0,0.0,0.0,0.0,0.0,0.0,0.0,0.0,0.0,0.0,0.0,0.0,0.0,0.0,0.0,0.0,0.0,0.0,0.0,0.0,0.0,0.0002895304933190346,0.0,0.0,0.0,0.0,0.0,0.0,0.0,0.0004514709289651364,0.0,0.0,0.0,0.0,0.0,0.0,0.0,0.0,0.0,0.0,0.0,0.0,0.0,0.0,0.0,0.23673413693904877,0.0,0.0,0.0,0.0,0.0,0.0,0.0,0.0,0.0,0.0,0.0,0.0,0.0,0.0,0.006112119648605585,0.0,0.0,0.0,0.0,0.0,0.0,0.0,0.0,0.0,0.0,0.0,0.0,0.0,0.0009501978638581932,0.0,0.0,0.0,0.0,0.0,0.0,0.0,0.0,0.0,0.0,0.0,0.0,0.0,0.0,0.0,0.0,0.0,0.0,0.0,0.0,0.0,0.0,0.0,0.0,0.0,0.0,0.0,0.0,0.0,0.0,0.0,0.0,0.0,0.0,0.0,0.0,0.0004413347051013261,0.0014393494930118322,0.0,0.0,0.0,0.0,0.0,0.0,0.0,0.0,0.0,0.0,0.0,0.0,0.0,0.0,0.0,0.0,0.0,0.0,0.0,0.0,0.0,0.0010530672734603286,0.0,0.0,0.0,0.0,0.0,0.0,0.0,0.0,0.0,0.0,0.0,0.0,0.0,0.0,0.0,0.0004487152036745101,0.0,0.0,0.0,0.0,0.0,0.0,0.0,0.0,0.0,0.0,0.0,0.0,0.0,0.0,0.0,0.0,0.0,0.0,0.0,0.0,0.0,0.0,0.0,0.002649371512234211,0.0,0.0,0.0,0.0,0.0,0.0,0.0,1.6639629393466748e-05,0.0,0.0,0.0,0.0,0.0,0.0,0.0,0.0,0.0,0.0,0.0,0.0,0.0,0.0,0.0,0.0,0.0,0.0,0.0,0.0,0.0,0.0,0.0,0.0,0.0,0.0,0.0,0.0,0.0,0.0,0.0,0.0,0.0,0.0,0.0,0.0,0.0,0.0,0.0,0.0,0.0,0.0,0.0,0.0,0.0,0.0,0.0,0.0,0.0,0.0,0.0,0.0,0.0,0.0,0.0,0.0,0.0,0.0,0.0,0.0,0.0,0.0,0.0,0.00022665342839900404,0.0,0.0,0.0,0.0,0.0,0.0,0.0,0.0,0.0,0.0,0.0,0.0,0.0,0.0,0.0,0.0,0.0,0.0,0.0,0.0,0.0,0.0,0.0005905237630940974,0.0,0.0,0.0019058078760281205,0.0,0.0,0.0,0.0,0.0,0.0,0.0,0.0,0.0,0.0,0.0,0.0,0.0,0.0,0.0,0.0,0.0,0.0,0.0,0.0,0.0,0.0,0.0,0.0,0.0,0.0,0.0,0.0,0.0,0.0,0.0,0.0,0.0,0.0,0.0,0.0,0.0020384937524795532,0.0,0.0,0.0,0.0,0.0,0.0,0.0,0.0,0.0,0.0,0.0,0.0,0.0,0.0,0.0,0.0,0.0,0.0,0.0,0.0,0.0,0.0,0.27549755573272705,0.0,0.0,0.0,0.0,0.0,0.0,0.0,0.0,0.0009239051141776145,0.0,0.0,0.0,0.0,0.0,0.0,0.0,0.0,0.0,0.0,0.0,0.0,0.0,0.0,0.0,0.0,0.0,0.0,0.09578496962785721,0.0,0.0,0.0,0.0,0.0,0.0,0.0,0.0,0.0,0.0,0.0,0.0,0.0,0.0,0.0,0.0,0.0,0.0,0.0,0.0,0.0,0.0,0.0,0.0,0.0,0.0,0.0034059735480695963,0.0,0.0,0.0,0.0,0.0,0.0,0.0,0.0,0.0,0.0,0.0,0.0,0.0,0.0,0.0,0.0,0.0,0.0,0.0,0.0,0.0,0.0003127045347355306,0.0,0.0018471716903150082,0.0,0.0,0.0,0.0,0.0,0.0,0.0,0.0,0.0,0.0,0.0,0.0,0.0,0.0,0.0,0.0,0.0,0.0,0.0,0.0,0.0,0.0,0.0,0.0,0.0,0.0,0.0,0.00199695467017591,,,,,,,,,,,,,,,,,,,,,,,,,,,,,,,,,,,,,,,,,,,,,,,,,,,,,,,,,,,,,,,,,,,,,,,,,,,,,,,,,,,,,,,,,,,,,,,,,,,,,,,,,,,,,,,,,,,,,,,,,,,,,,,,,,,,,,,,,,,,,,,,,,,,,,,,,,,,,,,,,,,,,,,,,,,,,,,,,,,,,,,,,,,,,,,,,,,,,,,,,,,,,,,,,,,,,,,,,,,,,,,,,,,,,,,,,,,,,,,,,,,,,,,,,,,,,,,,,,,,,,,,,,,,
2019-08-02,707740.6789944863,8792.248702064715,,,,,,,,,,,38358.94494424021,27620.805534574498,263592.85111458553,,93626.69769028289,,,,,,47519.999502281236,17789.087460826984,19798.17889567658,9480.62037682715,50141.39795619226,42786.97255957437,,,,,,,,,,,,,,,,,,,,,,,,,,,,,,,,,,,,,,,,,,,,,,,,,,,,,,,,,,,,,,,,,,,,,,,,,,,,,,,,,,,,,,,,,,,,,,,,0.0,0.0,0.0,0.0,0.0,0.0017591469222679734,0.0,0.0,0.0,0.0,0.0,0.0,0.0,0.0,0.0,0.0,0.0,0.0,0.0,0.0,0.0,0.0,0.0,0.0,0.0013064012164250016,0.0,0.0,0.0036453166976571083,0.0,0.0,0.0,0.0035564147401601076,0.0,0.0,0.0,0.0,0.0,0.0,0.0,0.0,0.0,0.35433509945869446,0.0,0.0,0.0,0.0,0.0,0.0,0.000280939566437155,0.0,0.0,0.0,0.0,0.0,0.0,0.0,0.0,0.0,0.0,0.0,0.0,0.0,0.0,0.0,0.0,0.0,0.0,0.0,0.0,0.0,0.0,0.0,0.0,0.0,0.0,0.0,0.0,0.0,0.0,0.0,0.0,0.0002895304933190346,0.0,0.0,0.0,0.0,0.0,0.0,0.0,0.0004514709289651364,0.0,0.0,0.0,0.0,0.0,0.0,0.0,0.0,0.0,0.0,0.0,0.0,0.0,0.0,0.0,0.23673413693904877,0.0,0.0,0.0,0.0,0.0,0.0,0.0,0.0,0.0,0.0,0.0,0.0,0.0,0.0,0.006112119648605585,0.0,0.0,0.0,0.0,0.0,0.0,0.0,0.0,0.0,0.0,0.0,0.0,0.0,0.0009501978638581932,0.0,0.0,0.0,0.0,0.0,0.0,0.0,0.0,0.0,0.0,0.0,0.0,0.0,0.0,0.0,0.0,0.0,0.0,0.0,0.0,0.0,0.0,0.0,0.0,0.0,0.0,0.0,0.0,0.0,0.0,0.0,0.0,0.0,0.0,0.0,0.0,0.0004413347051013261,0.0014393494930118322,0.0,0.0,0.0,0.0,0.0,0.0,0.0,0.0,0.0,0.0,0.0,0.0,0.0,0.0,0.0,0.0,0.0,0.0,0.0,0.0,0.0,0.0010530672734603286,0.0,0.0,0.0,0.0,0.0,0.0,0.0,0.0,0.0,0.0,0.0,0.0,0.0,0.0,0.0,0.0004487152036745101,0.0,0.0,0.0,0.0,0.0,0.0,0.0,0.0,0.0,0.0,0.0,0.0,0.0,0.0,0.0,0.0,0.0,0.0,0.0,0.0,0.0,0.0,0.0,0.002649371512234211,0.0,0.0,0.0,0.0,0.0,0.0,0.0,1.6639629393466748e-05,0.0,0.0,0.0,0.0,0.0,0.0,0.0,0.0,0.0,0.0,0.0,0.0,0.0,0.0,0.0,0.0,0.0,0.0,0.0,0.0,0.0,0.0,0.0,0.0,0.0,0.0,0.0,0.0,0.0,0.0,0.0,0.0,0.0,0.0,0.0,0.0,0.0,0.0,0.0,0.0,0.0,0.0,0.0,0.0,0.0,0.0,0.0,0.0,0.0,0.0,0.0,0.0,0.0,0.0,0.0,0.0,0.0,0.0,0.0,0.0,0.0,0.0,0.0,0.00022665342839900404,0.0,0.0,0.0,0.0,0.0,0.0,0.0,0.0,0.0,0.0,0.0,0.0,0.0,0.0,0.0,0.0,0.0,0.0,0.0,0.0,0.0,0.0,0.0005905237630940974,0.0,0.0,0.0019058078760281205,0.0,0.0,0.0,0.0,0.0,0.0,0.0,0.0,0.0,0.0,0.0,0.0,0.0,0.0,0.0,0.0,0.0,0.0,0.0,0.0,0.0,0.0,0.0,0.0,0.0,0.0,0.0,0.0,0.0,0.0,0.0,0.0,0.0,0.0,0.0,0.0,0.0020384937524795532,0.0,0.0,0.0,0.0,0.0,0.0,0.0,0.0,0.0,0.0,0.0,0.0,0.0,0.0,0.0,0.0,0.0,0.0,0.0,0.0,0.0,0.0,0.27549755573272705,0.0,0.0,0.0,0.0,0.0,0.0,0.0,0.0,0.0009239051141776145,0.0,0.0,0.0,0.0,0.0,0.0,0.0,0.0,0.0,0.0,0.0,0.0,0.0,0.0,0.0,0.0,0.0,0.0,0.09578496962785721,0.0,0.0,0.0,0.0,0.0,0.0,0.0,0.0,0.0,0.0,0.0,0.0,0.0,0.0,0.0,0.0,0.0,0.0,0.0,0.0,0.0,0.0,0.0,0.0,0.0,0.0,0.0034059735480695963,0.0,0.0,0.0,0.0,0.0,0.0,0.0,0.0,0.0,0.0,0.0,0.0,0.0,0.0,0.0,0.0,0.0,0.0,0.0,0.0,0.0,0.0003127045347355306,0.0,0.0018471716903150082,0.0,0.0,0.0,0.0,0.0,0.0,0.0,0.0,0.0,0.0,0.0,0.0,0.0,0.0,0.0,0.0,0.0,0.0,0.0,0.0,0.0,0.0,0.0,0.0,0.0,0.0,0.0,0.00199695467017591,,,,,,,,,,,,,,,,,,,,,,,,,,,,,,,,,,,,,,,,,,,,,,,,,,,,,,,,,,,,,,,,,,,,,,,,,,,,,,,,,,,,,,,,,,,,,,,,,,,,,,,,,,,,,,,,,,,,,,,,,,,,,,,,,,,,,,,,,,,,,,,,,,,,,,,,,,,,,,,,,,,,,,,,,,,,,,,,,,,,,,,,,,,,,,,,,,,,,,,,,,,,,,,,,,,,,,,,,,,,,,,,,,,,,,,,,,,,,,,,,,,,,,,,,,,,,,,,,,,,,,,,,,,,
2019-08-05,699010.2627759058,6247.831956083546,,,,,,,,,,,38667.19408623271,28419.870046261036,263592.85111458553,,94694.870497692,,,,,,46697.22240823511,18085.96377753602,20029.309357060825,9480.651240177862,50146.8412192193,41867.17309703776,,,,,,,,,,,,,,,,,,,,,,,,,,,,,,,,,,,,,,,,,,,,,,,,,,,,,,,,,,,,,,,,,,,,,,,,,,,,,,,,,,,,,,,,,,,,,,,,0.0,0.0,0.0,0.0,0.0,0.0017591469222679734,0.0,0.0,0.0,0.0,0.0,0.0,0.0,0.0,0.0,0.0,0.0,0.0,0.0,0.0,0.0,0.0,0.0,0.0,0.0013064012164250016,0.0,0.0,0.0036453166976571083,0.0,0.0,0.0,0.0035564147401601076,0.0,0.0,0.0,0.0,0.0,0.0,0.0,0.0,0.0,0.35433509945869446,0.0,0.0,0.0,0.0,0.0,0.0,0.000280939566437155,0.0,0.0,0.0,0.0,0.0,0.0,0.0,0.0,0.0,0.0,0.0,0.0,0.0,0.0,0.0,0.0,0.0,0.0,0.0,0.0,0.0,0.0,0.0,0.0,0.0,0.0,0.0,0.0,0.0,0.0,0.0,0.0,0.0002895304933190346,0.0,0.0,0.0,0.0,0.0,0.0,0.0,0.0004514709289651364,0.0,0.0,0.0,0.0,0.0,0.0,0.0,0.0,0.0,0.0,0.0,0.0,0.0,0.0,0.0,0.23673413693904877,0.0,0.0,0.0,0.0,0.0,0.0,0.0,0.0,0.0,0.0,0.0,0.0,0.0,0.0,0.006112119648605585,0.0,0.0,0.0,0.0,0.0,0.0,0.0,0.0,0.0,0.0,0.0,0.0,0.0,0.0009501978638581932,0.0,0.0,0.0,0.0,0.0,0.0,0.0,0.0,0.0,0.0,0.0,0.0,0.0,0.0,0.0,0.0,0.0,0.0,0.0,0.0,0.0,0.0,0.0,0.0,0.0,0.0,0.0,0.0,0.0,0.0,0.0,0.0,0.0,0.0,0.0,0.0,0.0004413347051013261,0.0014393494930118322,0.0,0.0,0.0,0.0,0.0,0.0,0.0,0.0,0.0,0.0,0.0,0.0,0.0,0.0,0.0,0.0,0.0,0.0,0.0,0.0,0.0,0.0010530672734603286,0.0,0.0,0.0,0.0,0.0,0.0,0.0,0.0,0.0,0.0,0.0,0.0,0.0,0.0,0.0,0.0004487152036745101,0.0,0.0,0.0,0.0,0.0,0.0,0.0,0.0,0.0,0.0,0.0,0.0,0.0,0.0,0.0,0.0,0.0,0.0,0.0,0.0,0.0,0.0,0.0,0.002649371512234211,0.0,0.0,0.0,0.0,0.0,0.0,0.0,1.6639629393466748e-05,0.0,0.0,0.0,0.0,0.0,0.0,0.0,0.0,0.0,0.0,0.0,0.0,0.0,0.0,0.0,0.0,0.0,0.0,0.0,0.0,0.0,0.0,0.0,0.0,0.0,0.0,0.0,0.0,0.0,0.0,0.0,0.0,0.0,0.0,0.0,0.0,0.0,0.0,0.0,0.0,0.0,0.0,0.0,0.0,0.0,0.0,0.0,0.0,0.0,0.0,0.0,0.0,0.0,0.0,0.0,0.0,0.0,0.0,0.0,0.0,0.0,0.0,0.0,0.00022665342839900404,0.0,0.0,0.0,0.0,0.0,0.0,0.0,0.0,0.0,0.0,0.0,0.0,0.0,0.0,0.0,0.0,0.0,0.0,0.0,0.0,0.0,0.0,0.0005905237630940974,0.0,0.0,0.0019058078760281205,0.0,0.0,0.0,0.0,0.0,0.0,0.0,0.0,0.0,0.0,0.0,0.0,0.0,0.0,0.0,0.0,0.0,0.0,0.0,0.0,0.0,0.0,0.0,0.0,0.0,0.0,0.0,0.0,0.0,0.0,0.0,0.0,0.0,0.0,0.0,0.0,0.0020384937524795532,0.0,0.0,0.0,0.0,0.0,0.0,0.0,0.0,0.0,0.0,0.0,0.0,0.0,0.0,0.0,0.0,0.0,0.0,0.0,0.0,0.0,0.0,0.27549755573272705,0.0,0.0,0.0,0.0,0.0,0.0,0.0,0.0,0.0009239051141776145,0.0,0.0,0.0,0.0,0.0,0.0,0.0,0.0,0.0,0.0,0.0,0.0,0.0,0.0,0.0,0.0,0.0,0.0,0.09578496962785721,0.0,0.0,0.0,0.0,0.0,0.0,0.0,0.0,0.0,0.0,0.0,0.0,0.0,0.0,0.0,0.0,0.0,0.0,0.0,0.0,0.0,0.0,0.0,0.0,0.0,0.0,0.0034059735480695963,0.0,0.0,0.0,0.0,0.0,0.0,0.0,0.0,0.0,0.0,0.0,0.0,0.0,0.0,0.0,0.0,0.0,0.0,0.0,0.0,0.0,0.0003127045347355306,0.0,0.0018471716903150082,0.0,0.0,0.0,0.0,0.0,0.0,0.0,0.0,0.0,0.0,0.0,0.0,0.0,0.0,0.0,0.0,0.0,0.0,0.0,0.0,0.0,0.0,0.0,0.0,0.0,0.0,0.0,0.00199695467017591,,,,,,,,,,,,,,,,,,,,,,,,,,,,,,,,,,,,,,,,,,,,,,,,,,,,,,,,,,,,,,,,,,,,,,,,,,,,,,,,,,,,,,,,,,,,,,,,,,,,,,,,,,,,,,,,,,,,,,,,,,,,,,,,,,,,,,,,,,,,,,,,,,,,,,,,,,,,,,,,,,,,,,,,,,,,,,,,,,,,,,,,,,,,,,,,,,,,,,,,,,,,,,,,,,,,,,,,,,,,,,,,,,,,,,,,,,,,,,,,,,,,,,,,,,,,,,,,,,,,,,,,,,,,
2019-08-06,675690.0868627921,5734.1438861850675,,,,,,,,,,,38110.677234176044,30309.697114073537,263592.85111458553,,98869.7669842241,,,,,,44077.77396650637,18380.6148427296,20435.928848565643,9480.016543769683,47356.73286269275,41865.978265282836,,,,,,,,,,,,,,,,,,,,,,,,,,,,,,,,,,,,,,,,,,,,,,,,,,,,,,,,,,,,,,,,,,,,,,,,,,,,,,,,,,,,,,,,,,,,,,,,0.0,0.0,0.0,0.0,0.0,0.0017591469222679734,0.0,0.0,0.0,0.0,0.0,0.0,0.0,0.0,0.0,0.0,0.0,0.0,0.0,0.0,0.0,0.0,0.0,0.0,0.0013064012164250016,0.0,0.0,0.0036453166976571083,0.0,0.0,0.0,0.0035564147401601076,0.0,0.0,0.0,0.0,0.0,0.0,0.0,0.0,0.0,0.35433509945869446,0.0,0.0,0.0,0.0,0.0,0.0,0.000280939566437155,0.0,0.0,0.0,0.0,0.0,0.0,0.0,0.0,0.0,0.0,0.0,0.0,0.0,0.0,0.0,0.0,0.0,0.0,0.0,0.0,0.0,0.0,0.0,0.0,0.0,0.0,0.0,0.0,0.0,0.0,0.0,0.0,0.0002895304933190346,0.0,0.0,0.0,0.0,0.0,0.0,0.0,0.0004514709289651364,0.0,0.0,0.0,0.0,0.0,0.0,0.0,0.0,0.0,0.0,0.0,0.0,0.0,0.0,0.0,0.23673413693904877,0.0,0.0,0.0,0.0,0.0,0.0,0.0,0.0,0.0,0.0,0.0,0.0,0.0,0.0,0.006112119648605585,0.0,0.0,0.0,0.0,0.0,0.0,0.0,0.0,0.0,0.0,0.0,0.0,0.0,0.0009501978638581932,0.0,0.0,0.0,0.0,0.0,0.0,0.0,0.0,0.0,0.0,0.0,0.0,0.0,0.0,0.0,0.0,0.0,0.0,0.0,0.0,0.0,0.0,0.0,0.0,0.0,0.0,0.0,0.0,0.0,0.0,0.0,0.0,0.0,0.0,0.0,0.0,0.0004413347051013261,0.0014393494930118322,0.0,0.0,0.0,0.0,0.0,0.0,0.0,0.0,0.0,0.0,0.0,0.0,0.0,0.0,0.0,0.0,0.0,0.0,0.0,0.0,0.0,0.0010530672734603286,0.0,0.0,0.0,0.0,0.0,0.0,0.0,0.0,0.0,0.0,0.0,0.0,0.0,0.0,0.0,0.0004487152036745101,0.0,0.0,0.0,0.0,0.0,0.0,0.0,0.0,0.0,0.0,0.0,0.0,0.0,0.0,0.0,0.0,0.0,0.0,0.0,0.0,0.0,0.0,0.0,0.002649371512234211,0.0,0.0,0.0,0.0,0.0,0.0,0.0,1.6639629393466748e-05,0.0,0.0,0.0,0.0,0.0,0.0,0.0,0.0,0.0,0.0,0.0,0.0,0.0,0.0,0.0,0.0,0.0,0.0,0.0,0.0,0.0,0.0,0.0,0.0,0.0,0.0,0.0,0.0,0.0,0.0,0.0,0.0,0.0,0.0,0.0,0.0,0.0,0.0,0.0,0.0,0.0,0.0,0.0,0.0,0.0,0.0,0.0,0.0,0.0,0.0,0.0,0.0,0.0,0.0,0.0,0.0,0.0,0.0,0.0,0.0,0.0,0.0,0.0,0.00022665342839900404,0.0,0.0,0.0,0.0,0.0,0.0,0.0,0.0,0.0,0.0,0.0,0.0,0.0,0.0,0.0,0.0,0.0,0.0,0.0,0.0,0.0,0.0,0.0005905237630940974,0.0,0.0,0.0019058078760281205,0.0,0.0,0.0,0.0,0.0,0.0,0.0,0.0,0.0,0.0,0.0,0.0,0.0,0.0,0.0,0.0,0.0,0.0,0.0,0.0,0.0,0.0,0.0,0.0,0.0,0.0,0.0,0.0,0.0,0.0,0.0,0.0,0.0,0.0,0.0,0.0,0.0020384937524795532,0.0,0.0,0.0,0.0,0.0,0.0,0.0,0.0,0.0,0.0,0.0,0.0,0.0,0.0,0.0,0.0,0.0,0.0,0.0,0.0,0.0,0.0,0.27549755573272705,0.0,0.0,0.0,0.0,0.0,0.0,0.0,0.0,0.0009239051141776145,0.0,0.0,0.0,0.0,0.0,0.0,0.0,0.0,0.0,0.0,0.0,0.0,0.0,0.0,0.0,0.0,0.0,0.0,0.09578496962785721,0.0,0.0,0.0,0.0,0.0,0.0,0.0,0.0,0.0,0.0,0.0,0.0,0.0,0.0,0.0,0.0,0.0,0.0,0.0,0.0,0.0,0.0,0.0,0.0,0.0,0.0,0.0034059735480695963,0.0,0.0,0.0,0.0,0.0,0.0,0.0,0.0,0.0,0.0,0.0,0.0,0.0,0.0,0.0,0.0,0.0,0.0,0.0,0.0,0.0,0.0003127045347355306,0.0,0.0018471716903150082,0.0,0.0,0.0,0.0,0.0,0.0,0.0,0.0,0.0,0.0,0.0,0.0,0.0,0.0,0.0,0.0,0.0,0.0,0.0,0.0,0.0,0.0,0.0,0.0,0.0,0.0,0.0,0.00199695467017591,,,,,,,,,,,,,,,,,,,,,,,,,,,,,,,,,,,,,,,,,,,,,,,,,,,,,,,,,,,,,,,,,,,,,,,,,,,,,,,,,,,,,,,,,,,,,,,,,,,,,,,,,,,,,,,,,,,,,,,,,,,,,,,,,,,,,,,,,,,,,,,,,,,,,,,,,,,,,,,,,,,,,,,,,,,,,,,,,,,,,,,,,,,,,,,,,,,,,,,,,,,,,,,,,,,,,,,,,,,,,,,,,,,,,,,,,,,,,,,,,,,,,,,,,,,,,,,,,,,,,,,,,,,,
2019-08-07,678397.2534301039,2592.820085808494,,,,,,,,,,,39075.29112144361,31835.912024577927,263592.85111458553,,98160.20722257844,,,,,,44901.79672601306,17491.5810647069,20376.45212947802,9480.626200085488,47362.036144952195,42559.889507248845,,,,,,,,,,,,,,,,,,,,,,,,,,,,,,,,,,,,,,,,,,,,,,,,,,,,,,,,,,,,,,,,,,,,,,,,,,,,,,,,,,,,,,,,,,,,,,,,0.0,0.0,0.0,0.0,0.0,0.0017591469222679734,0.0,0.0,0.0,0.0,0.0,0.0,0.0,0.0,0.0,0.0,0.0,0.0,0.0,0.0,0.0,0.0,0.0,0.0,0.0013064012164250016,0.0,0.0,0.0036453166976571083,0.0,0.0,0.0,0.0035564147401601076,0.0,0.0,0.0,0.0,0.0,0.0,0.0,0.0,0.0,0.35433509945869446,0.0,0.0,0.0,0.0,0.0,0.0,0.000280939566437155,0.0,0.0,0.0,0.0,0.0,0.0,0.0,0.0,0.0,0.0,0.0,0.0,0.0,0.0,0.0,0.0,0.0,0.0,0.0,0.0,0.0,0.0,0.0,0.0,0.0,0.0,0.0,0.0,0.0,0.0,0.0,0.0,0.0002895304933190346,0.0,0.0,0.0,0.0,0.0,0.0,0.0,0.0004514709289651364,0.0,0.0,0.0,0.0,0.0,0.0,0.0,0.0,0.0,0.0,0.0,0.0,0.0,0.0,0.0,0.23673413693904877,0.0,0.0,0.0,0.0,0.0,0.0,0.0,0.0,0.0,0.0,0.0,0.0,0.0,0.0,0.006112119648605585,0.0,0.0,0.0,0.0,0.0,0.0,0.0,0.0,0.0,0.0,0.0,0.0,0.0,0.0009501978638581932,0.0,0.0,0.0,0.0,0.0,0.0,0.0,0.0,0.0,0.0,0.0,0.0,0.0,0.0,0.0,0.0,0.0,0.0,0.0,0.0,0.0,0.0,0.0,0.0,0.0,0.0,0.0,0.0,0.0,0.0,0.0,0.0,0.0,0.0,0.0,0.0,0.0004413347051013261,0.0014393494930118322,0.0,0.0,0.0,0.0,0.0,0.0,0.0,0.0,0.0,0.0,0.0,0.0,0.0,0.0,0.0,0.0,0.0,0.0,0.0,0.0,0.0,0.0010530672734603286,0.0,0.0,0.0,0.0,0.0,0.0,0.0,0.0,0.0,0.0,0.0,0.0,0.0,0.0,0.0,0.0004487152036745101,0.0,0.0,0.0,0.0,0.0,0.0,0.0,0.0,0.0,0.0,0.0,0.0,0.0,0.0,0.0,0.0,0.0,0.0,0.0,0.0,0.0,0.0,0.0,0.002649371512234211,0.0,0.0,0.0,0.0,0.0,0.0,0.0,1.6639629393466748e-05,0.0,0.0,0.0,0.0,0.0,0.0,0.0,0.0,0.0,0.0,0.0,0.0,0.0,0.0,0.0,0.0,0.0,0.0,0.0,0.0,0.0,0.0,0.0,0.0,0.0,0.0,0.0,0.0,0.0,0.0,0.0,0.0,0.0,0.0,0.0,0.0,0.0,0.0,0.0,0.0,0.0,0.0,0.0,0.0,0.0,0.0,0.0,0.0,0.0,0.0,0.0,0.0,0.0,0.0,0.0,0.0,0.0,0.0,0.0,0.0,0.0,0.0,0.0,0.00022665342839900404,0.0,0.0,0.0,0.0,0.0,0.0,0.0,0.0,0.0,0.0,0.0,0.0,0.0,0.0,0.0,0.0,0.0,0.0,0.0,0.0,0.0,0.0,0.0005905237630940974,0.0,0.0,0.0019058078760281205,0.0,0.0,0.0,0.0,0.0,0.0,0.0,0.0,0.0,0.0,0.0,0.0,0.0,0.0,0.0,0.0,0.0,0.0,0.0,0.0,0.0,0.0,0.0,0.0,0.0,0.0,0.0,0.0,0.0,0.0,0.0,0.0,0.0,0.0,0.0,0.0,0.0020384937524795532,0.0,0.0,0.0,0.0,0.0,0.0,0.0,0.0,0.0,0.0,0.0,0.0,0.0,0.0,0.0,0.0,0.0,0.0,0.0,0.0,0.0,0.0,0.27549755573272705,0.0,0.0,0.0,0.0,0.0,0.0,0.0,0.0,0.0009239051141776145,0.0,0.0,0.0,0.0,0.0,0.0,0.0,0.0,0.0,0.0,0.0,0.0,0.0,0.0,0.0,0.0,0.0,0.0,0.09578496962785721,0.0,0.0,0.0,0.0,0.0,0.0,0.0,0.0,0.0,0.0,0.0,0.0,0.0,0.0,0.0,0.0,0.0,0.0,0.0,0.0,0.0,0.0,0.0,0.0,0.0,0.0,0.0034059735480695963,0.0,0.0,0.0,0.0,0.0,0.0,0.0,0.0,0.0,0.0,0.0,0.0,0.0,0.0,0.0,0.0,0.0,0.0,0.0,0.0,0.0,0.0003127045347355306,0.0,0.0018471716903150082,0.0,0.0,0.0,0.0,0.0,0.0,0.0,0.0,0.0,0.0,0.0,0.0,0.0,0.0,0.0,0.0,0.0,0.0,0.0,0.0,0.0,0.0,0.0,0.0,0.0,0.0,0.0,0.00199695467017591,,,,,,,,,,,,,,,,,,,,,,,,,,,,,,,,,,,,,,,,,,,,,,,,,,,,,,,,,,,,,,,,,,,,,,,,,,,,,,,,,,,,,,,,,,,,,,,,,,,,,,,,,,,,,,,,,,,,,,,,,,,,,,,,,,,,,,,,,,,,,,,,,,,,,,,,,,,,,,,,,,,,,,,,,,,,,,,,,,,,,,,,,,,,,,,,,,,,,,,,,,,,,,,,,,,,,,,,,,,,,,,,,,,,,,,,,,,,,,,,,,,,,,,,,,,,,,,,,,,,,,,,,,,,
2019-08-08,688583.4249060116,4860.9875326511,,,,,,,,,,,37027.52159523456,32126.734457684423,263592.85111458553,,98910.77531059661,,,,,,45183.91464628348,18083.97276581488,20375.940264005458,9068.520310261885,47356.8114939771,43019.997055315405,,,,,,,,,,,,,,,,,,,,,,,,,,,,,,,,,,,,,,,,,,,,,,,,,,,,,,,,,,,,,,,,,,,,,,,,,,,,,,,,,,,,,,,,,,,,,,,,0.0,0.0,0.0,0.0,0.0,0.0017591469222679734,0.0,0.0,0.0,0.0,0.0,0.0,0.0,0.0,0.0,0.0,0.0,0.0,0.0,0.0,0.0,0.0,0.0,0.0,0.0013064012164250016,0.0,0.0,0.0036453166976571083,0.0,0.0,0.0,0.0035564147401601076,0.0,0.0,0.0,0.0,0.0,0.0,0.0,0.0,0.0,0.35433509945869446,0.0,0.0,0.0,0.0,0.0,0.0,0.000280939566437155,0.0,0.0,0.0,0.0,0.0,0.0,0.0,0.0,0.0,0.0,0.0,0.0,0.0,0.0,0.0,0.0,0.0,0.0,0.0,0.0,0.0,0.0,0.0,0.0,0.0,0.0,0.0,0.0,0.0,0.0,0.0,0.0,0.0002895304933190346,0.0,0.0,0.0,0.0,0.0,0.0,0.0,0.0004514709289651364,0.0,0.0,0.0,0.0,0.0,0.0,0.0,0.0,0.0,0.0,0.0,0.0,0.0,0.0,0.0,0.23673413693904877,0.0,0.0,0.0,0.0,0.0,0.0,0.0,0.0,0.0,0.0,0.0,0.0,0.0,0.0,0.006112119648605585,0.0,0.0,0.0,0.0,0.0,0.0,0.0,0.0,0.0,0.0,0.0,0.0,0.0,0.0009501978638581932,0.0,0.0,0.0,0.0,0.0,0.0,0.0,0.0,0.0,0.0,0.0,0.0,0.0,0.0,0.0,0.0,0.0,0.0,0.0,0.0,0.0,0.0,0.0,0.0,0.0,0.0,0.0,0.0,0.0,0.0,0.0,0.0,0.0,0.0,0.0,0.0,0.0004413347051013261,0.0014393494930118322,0.0,0.0,0.0,0.0,0.0,0.0,0.0,0.0,0.0,0.0,0.0,0.0,0.0,0.0,0.0,0.0,0.0,0.0,0.0,0.0,0.0,0.0010530672734603286,0.0,0.0,0.0,0.0,0.0,0.0,0.0,0.0,0.0,0.0,0.0,0.0,0.0,0.0,0.0,0.0004487152036745101,0.0,0.0,0.0,0.0,0.0,0.0,0.0,0.0,0.0,0.0,0.0,0.0,0.0,0.0,0.0,0.0,0.0,0.0,0.0,0.0,0.0,0.0,0.0,0.002649371512234211,0.0,0.0,0.0,0.0,0.0,0.0,0.0,1.6639629393466748e-05,0.0,0.0,0.0,0.0,0.0,0.0,0.0,0.0,0.0,0.0,0.0,0.0,0.0,0.0,0.0,0.0,0.0,0.0,0.0,0.0,0.0,0.0,0.0,0.0,0.0,0.0,0.0,0.0,0.0,0.0,0.0,0.0,0.0,0.0,0.0,0.0,0.0,0.0,0.0,0.0,0.0,0.0,0.0,0.0,0.0,0.0,0.0,0.0,0.0,0.0,0.0,0.0,0.0,0.0,0.0,0.0,0.0,0.0,0.0,0.0,0.0,0.0,0.0,0.00022665342839900404,0.0,0.0,0.0,0.0,0.0,0.0,0.0,0.0,0.0,0.0,0.0,0.0,0.0,0.0,0.0,0.0,0.0,0.0,0.0,0.0,0.0,0.0,0.0005905237630940974,0.0,0.0,0.0019058078760281205,0.0,0.0,0.0,0.0,0.0,0.0,0.0,0.0,0.0,0.0,0.0,0.0,0.0,0.0,0.0,0.0,0.0,0.0,0.0,0.0,0.0,0.0,0.0,0.0,0.0,0.0,0.0,0.0,0.0,0.0,0.0,0.0,0.0,0.0,0.0,0.0,0.0020384937524795532,0.0,0.0,0.0,0.0,0.0,0.0,0.0,0.0,0.0,0.0,0.0,0.0,0.0,0.0,0.0,0.0,0.0,0.0,0.0,0.0,0.0,0.0,0.27549755573272705,0.0,0.0,0.0,0.0,0.0,0.0,0.0,0.0,0.0009239051141776145,0.0,0.0,0.0,0.0,0.0,0.0,0.0,0.0,0.0,0.0,0.0,0.0,0.0,0.0,0.0,0.0,0.0,0.0,0.09578496962785721,0.0,0.0,0.0,0.0,0.0,0.0,0.0,0.0,0.0,0.0,0.0,0.0,0.0,0.0,0.0,0.0,0.0,0.0,0.0,0.0,0.0,0.0,0.0,0.0,0.0,0.0,0.0034059735480695963,0.0,0.0,0.0,0.0,0.0,0.0,0.0,0.0,0.0,0.0,0.0,0.0,0.0,0.0,0.0,0.0,0.0,0.0,0.0,0.0,0.0,0.0003127045347355306,0.0,0.0018471716903150082,0.0,0.0,0.0,0.0,0.0,0.0,0.0,0.0,0.0,0.0,0.0,0.0,0.0,0.0,0.0,0.0,0.0,0.0,0.0,0.0,0.0,0.0,0.0,0.0,0.0,0.0,0.0,0.00199695467017591,,,,,,,,,,,,,,,,,,,,,,,,,,,,,,,,,,,,,,,,,,,,,,,,,,,,,,,,,,,,,,,,,,,,,,,,,,,,,,,,,,,,,,,,,,,,,,,,,,,,,,,,,,,,,,,,,,,,,,,,,,,,,,,,,,,,,,,,,,,,,,,,,,,,,,,,,,,,,,,,,,,,,,,,,,,,,,,,,,,,,,,,,,,,,,,,,,,,,,,,,,,,,,,,,,,,,,,,,,,,,,,,,,,,,,,,,,,,,,,,,,,,,,,,,,,,,,,,,,,,,,,,,,,,
2019-08-09,679519.0384404643,4986.605066655031,,,,,,,,,,,36668.56336796836,31109.39626880389,263592.85111458553,,99554.49989782223,,,,,,46689.172947543804,18382.54919671245,20084.83268558098,9068.26130365603,47355.7647364038,43023.339279457185,,,,,,,,,,,,,,,,,,,,,,,,,,,,,,,,,,,,,,,,,,,,,,,,,,,,,,,,,,,,,,,,,,,,,,,,,,,,,,,,,,,,,,,,,,,,,,,,0.0,0.0,0.0,0.0,0.0,0.0017591469222679734,0.0,0.0,0.0,0.0,0.0,0.0,0.0,0.0,0.0,0.0,0.0,0.0,0.0,0.0,0.0,0.0,0.0,0.0,0.0013064012164250016,0.0,0.0,0.0036453166976571083,0.0,0.0,0.0,0.0035564147401601076,0.0,0.0,0.0,0.0,0.0,0.0,0.0,0.0,0.0,0.35433509945869446,0.0,0.0,0.0,0.0,0.0,0.0,0.000280939566437155,0.0,0.0,0.0,0.0,0.0,0.0,0.0,0.0,0.0,0.0,0.0,0.0,0.0,0.0,0.0,0.0,0.0,0.0,0.0,0.0,0.0,0.0,0.0,0.0,0.0,0.0,0.0,0.0,0.0,0.0,0.0,0.0,0.0002895304933190346,0.0,0.0,0.0,0.0,0.0,0.0,0.0,0.0004514709289651364,0.0,0.0,0.0,0.0,0.0,0.0,0.0,0.0,0.0,0.0,0.0,0.0,0.0,0.0,0.0,0.23673413693904877,0.0,0.0,0.0,0.0,0.0,0.0,0.0,0.0,0.0,0.0,0.0,0.0,0.0,0.0,0.006112119648605585,0.0,0.0,0.0,0.0,0.0,0.0,0.0,0.0,0.0,0.0,0.0,0.0,0.0,0.0009501978638581932,0.0,0.0,0.0,0.0,0.0,0.0,0.0,0.0,0.0,0.0,0.0,0.0,0.0,0.0,0.0,0.0,0.0,0.0,0.0,0.0,0.0,0.0,0.0,0.0,0.0,0.0,0.0,0.0,0.0,0.0,0.0,0.0,0.0,0.0,0.0,0.0,0.0004413347051013261,0.0014393494930118322,0.0,0.0,0.0,0.0,0.0,0.0,0.0,0.0,0.0,0.0,0.0,0.0,0.0,0.0,0.0,0.0,0.0,0.0,0.0,0.0,0.0,0.0010530672734603286,0.0,0.0,0.0,0.0,0.0,0.0,0.0,0.0,0.0,0.0,0.0,0.0,0.0,0.0,0.0,0.0004487152036745101,0.0,0.0,0.0,0.0,0.0,0.0,0.0,0.0,0.0,0.0,0.0,0.0,0.0,0.0,0.0,0.0,0.0,0.0,0.0,0.0,0.0,0.0,0.0,0.002649371512234211,0.0,0.0,0.0,0.0,0.0,0.0,0.0,1.6639629393466748e-05,0.0,0.0,0.0,0.0,0.0,0.0,0.0,0.0,0.0,0.0,0.0,0.0,0.0,0.0,0.0,0.0,0.0,0.0,0.0,0.0,0.0,0.0,0.0,0.0,0.0,0.0,0.0,0.0,0.0,0.0,0.0,0.0,0.0,0.0,0.0,0.0,0.0,0.0,0.0,0.0,0.0,0.0,0.0,0.0,0.0,0.0,0.0,0.0,0.0,0.0,0.0,0.0,0.0,0.0,0.0,0.0,0.0,0.0,0.0,0.0,0.0,0.0,0.0,0.00022665342839900404,0.0,0.0,0.0,0.0,0.0,0.0,0.0,0.0,0.0,0.0,0.0,0.0,0.0,0.0,0.0,0.0,0.0,0.0,0.0,0.0,0.0,0.0,0.0005905237630940974,0.0,0.0,0.0019058078760281205,0.0,0.0,0.0,0.0,0.0,0.0,0.0,0.0,0.0,0.0,0.0,0.0,0.0,0.0,0.0,0.0,0.0,0.0,0.0,0.0,0.0,0.0,0.0,0.0,0.0,0.0,0.0,0.0,0.0,0.0,0.0,0.0,0.0,0.0,0.0,0.0,0.0020384937524795532,0.0,0.0,0.0,0.0,0.0,0.0,0.0,0.0,0.0,0.0,0.0,0.0,0.0,0.0,0.0,0.0,0.0,0.0,0.0,0.0,0.0,0.0,0.27549755573272705,0.0,0.0,0.0,0.0,0.0,0.0,0.0,0.0,0.0009239051141776145,0.0,0.0,0.0,0.0,0.0,0.0,0.0,0.0,0.0,0.0,0.0,0.0,0.0,0.0,0.0,0.0,0.0,0.0,0.09578496962785721,0.0,0.0,0.0,0.0,0.0,0.0,0.0,0.0,0.0,0.0,0.0,0.0,0.0,0.0,0.0,0.0,0.0,0.0,0.0,0.0,0.0,0.0,0.0,0.0,0.0,0.0,0.0034059735480695963,0.0,0.0,0.0,0.0,0.0,0.0,0.0,0.0,0.0,0.0,0.0,0.0,0.0,0.0,0.0,0.0,0.0,0.0,0.0,0.0,0.0,0.0003127045347355306,0.0,0.0018471716903150082,0.0,0.0,0.0,0.0,0.0,0.0,0.0,0.0,0.0,0.0,0.0,0.0,0.0,0.0,0.0,0.0,0.0,0.0,0.0,0.0,0.0,0.0,0.0,0.0,0.0,0.0,0.0,0.00199695467017591,,,,,,,,,,,,,,,,,,,,,,,,,,,,,,,,,,,,,,,,,,,,,,,,,,,,,,,,,,,,,,,,,,,,,,,,,,,,,,,,,,,,,,,,,,,,,,,,,,,,,,,,,,,,,,,,,,,,,,,,,,,,,,,,,,,,,,,,,,,,,,,,,,,,,,,,,,,,,,,,,,,,,,,,,,,,,,,,,,,,,,,,,,,,,,,,,,,,,,,,,,,,,,,,,,,,,,,,,,,,,,,,,,,,,,,,,,,,,,,,,,,,,,,,,,,,,,,,,,,,,,,,,,,,
2019-08-12,692141.5928774276,4007.157839752146,,,,,,,,,,,35901.114749132284,31545.173101979042,263592.85111458553,,101297.85369981112,,,,,,46969.29729188131,17494.73590631211,19969.101576937526,9480.360666779396,47361.05797112881,43489.92816567809,,,,,,,,,,,,,,,,,,,,,,,,,,,,,,,,,,,,,,,,,,,,,,,,,,,,,,,,,,,,,,,,,,,,,,,,,,,,,,,,,,,,,,,,,,,,,,,,0.0,0.0,0.0,0.0,0.0,0.0017591469222679734,0.0,0.0,0.0,0.0,0.0,0.0,0.0,0.0,0.0,0.0,0.0,0.0,0.0,0.0,0.0,0.0,0.0,0.0,0.0013064012164250016,0.0,0.0,0.0036453166976571083,0.0,0.0,0.0,0.0035564147401601076,0.0,0.0,0.0,0.0,0.0,0.0,0.0,0.0,0.0,0.35433509945869446,0.0,0.0,0.0,0.0,0.0,0.0,0.000280939566437155,0.0,0.0,0.0,0.0,0.0,0.0,0.0,0.0,0.0,0.0,0.0,0.0,0.0,0.0,0.0,0.0,0.0,0.0,0.0,0.0,0.0,0.0,0.0,0.0,0.0,0.0,0.0,0.0,0.0,0.0,0.0,0.0,0.0002895304933190346,0.0,0.0,0.0,0.0,0.0,0.0,0.0,0.0004514709289651364,0.0,0.0,0.0,0.0,0.0,0.0,0.0,0.0,0.0,0.0,0.0,0.0,0.0,0.0,0.0,0.23673413693904877,0.0,0.0,0.0,0.0,0.0,0.0,0.0,0.0,0.0,0.0,0.0,0.0,0.0,0.0,0.006112119648605585,0.0,0.0,0.0,0.0,0.0,0.0,0.0,0.0,0.0,0.0,0.0,0.0,0.0,0.0009501978638581932,0.0,0.0,0.0,0.0,0.0,0.0,0.0,0.0,0.0,0.0,0.0,0.0,0.0,0.0,0.0,0.0,0.0,0.0,0.0,0.0,0.0,0.0,0.0,0.0,0.0,0.0,0.0,0.0,0.0,0.0,0.0,0.0,0.0,0.0,0.0,0.0,0.0004413347051013261,0.0014393494930118322,0.0,0.0,0.0,0.0,0.0,0.0,0.0,0.0,0.0,0.0,0.0,0.0,0.0,0.0,0.0,0.0,0.0,0.0,0.0,0.0,0.0,0.0010530672734603286,0.0,0.0,0.0,0.0,0.0,0.0,0.0,0.0,0.0,0.0,0.0,0.0,0.0,0.0,0.0,0.0004487152036745101,0.0,0.0,0.0,0.0,0.0,0.0,0.0,0.0,0.0,0.0,0.0,0.0,0.0,0.0,0.0,0.0,0.0,0.0,0.0,0.0,0.0,0.0,0.0,0.002649371512234211,0.0,0.0,0.0,0.0,0.0,0.0,0.0,1.6639629393466748e-05,0.0,0.0,0.0,0.0,0.0,0.0,0.0,0.0,0.0,0.0,0.0,0.0,0.0,0.0,0.0,0.0,0.0,0.0,0.0,0.0,0.0,0.0,0.0,0.0,0.0,0.0,0.0,0.0,0.0,0.0,0.0,0.0,0.0,0.0,0.0,0.0,0.0,0.0,0.0,0.0,0.0,0.0,0.0,0.0,0.0,0.0,0.0,0.0,0.0,0.0,0.0,0.0,0.0,0.0,0.0,0.0,0.0,0.0,0.0,0.0,0.0,0.0,0.0,0.00022665342839900404,0.0,0.0,0.0,0.0,0.0,0.0,0.0,0.0,0.0,0.0,0.0,0.0,0.0,0.0,0.0,0.0,0.0,0.0,0.0,0.0,0.0,0.0,0.0005905237630940974,0.0,0.0,0.0019058078760281205,0.0,0.0,0.0,0.0,0.0,0.0,0.0,0.0,0.0,0.0,0.0,0.0,0.0,0.0,0.0,0.0,0.0,0.0,0.0,0.0,0.0,0.0,0.0,0.0,0.0,0.0,0.0,0.0,0.0,0.0,0.0,0.0,0.0,0.0,0.0,0.0,0.0020384937524795532,0.0,0.0,0.0,0.0,0.0,0.0,0.0,0.0,0.0,0.0,0.0,0.0,0.0,0.0,0.0,0.0,0.0,0.0,0.0,0.0,0.0,0.0,0.27549755573272705,0.0,0.0,0.0,0.0,0.0,0.0,0.0,0.0,0.0009239051141776145,0.0,0.0,0.0,0.0,0.0,0.0,0.0,0.0,0.0,0.0,0.0,0.0,0.0,0.0,0.0,0.0,0.0,0.0,0.09578496962785721,0.0,0.0,0.0,0.0,0.0,0.0,0.0,0.0,0.0,0.0,0.0,0.0,0.0,0.0,0.0,0.0,0.0,0.0,0.0,0.0,0.0,0.0,0.0,0.0,0.0,0.0,0.0034059735480695963,0.0,0.0,0.0,0.0,0.0,0.0,0.0,0.0,0.0,0.0,0.0,0.0,0.0,0.0,0.0,0.0,0.0,0.0,0.0,0.0,0.0,0.0003127045347355306,0.0,0.0018471716903150082,0.0,0.0,0.0,0.0,0.0,0.0,0.0,0.0,0.0,0.0,0.0,0.0,0.0,0.0,0.0,0.0,0.0,0.0,0.0,0.0,0.0,0.0,0.0,0.0,0.0,0.0,0.0,0.00199695467017591,,,,,,,,,,,,,,,,,,,,,,,,,,,,,,,,,,,,,,,,,,,,,,,,,,,,,,,,,,,,,,,,,,,,,,,,,,,,,,,,,,,,,,,,,,,,,,,,,,,,,,,,,,,,,,,,,,,,,,,,,,,,,,,,,,,,,,,,,,,,,,,,,,,,,,,,,,,,,,,,,,,,,,,,,,,,,,,,,,,,,,,,,,,,,,,,,,,,,,,,,,,,,,,,,,,,,,,,,,,,,,,,,,,,,,,,,,,,,,,,,,,,,,,,,,,,,,,,,,,,,,,,,,,,
2019-08-13,689529.3809212771,6518.480053142959,,,,,,,,,,,35797.615803217566,32272.02645452043,263592.85111458553,,105196.23314002696,,,,,,45323.77469034585,17194.054729754862,19970.744761321846,9067.92712344467,47359.53426325426,43713.03032429372,,,,,,,,,,,,,,,,,,,,,,,,,,,,,,,,,,,,,,,,,,,,,,,,,,,,,,,,,,,,,,,,,,,,,,,,,,,,,,,,,,,,,,,,,,,,,,,,0.0,0.0,0.0,0.0,0.0,0.0017591469222679734,0.0,0.0,0.0,0.0,0.0,0.0,0.0,0.0,0.0,0.0,0.0,0.0,0.0,0.0,0.0,0.0,0.0,0.0,0.0013064012164250016,0.0,0.0,0.0036453166976571083,0.0,0.0,0.0,0.0035564147401601076,0.0,0.0,0.0,0.0,0.0,0.0,0.0,0.0,0.0,0.35433509945869446,0.0,0.0,0.0,0.0,0.0,0.0,0.000280939566437155,0.0,0.0,0.0,0.0,0.0,0.0,0.0,0.0,0.0,0.0,0.0,0.0,0.0,0.0,0.0,0.0,0.0,0.0,0.0,0.0,0.0,0.0,0.0,0.0,0.0,0.0,0.0,0.0,0.0,0.0,0.0,0.0,0.0002895304933190346,0.0,0.0,0.0,0.0,0.0,0.0,0.0,0.0004514709289651364,0.0,0.0,0.0,0.0,0.0,0.0,0.0,0.0,0.0,0.0,0.0,0.0,0.0,0.0,0.0,0.23673413693904877,0.0,0.0,0.0,0.0,0.0,0.0,0.0,0.0,0.0,0.0,0.0,0.0,0.0,0.0,0.006112119648605585,0.0,0.0,0.0,0.0,0.0,0.0,0.0,0.0,0.0,0.0,0.0,0.0,0.0,0.0009501978638581932,0.0,0.0,0.0,0.0,0.0,0.0,0.0,0.0,0.0,0.0,0.0,0.0,0.0,0.0,0.0,0.0,0.0,0.0,0.0,0.0,0.0,0.0,0.0,0.0,0.0,0.0,0.0,0.0,0.0,0.0,0.0,0.0,0.0,0.0,0.0,0.0,0.0004413347051013261,0.0014393494930118322,0.0,0.0,0.0,0.0,0.0,0.0,0.0,0.0,0.0,0.0,0.0,0.0,0.0,0.0,0.0,0.0,0.0,0.0,0.0,0.0,0.0,0.0010530672734603286,0.0,0.0,0.0,0.0,0.0,0.0,0.0,0.0,0.0,0.0,0.0,0.0,0.0,0.0,0.0,0.0004487152036745101,0.0,0.0,0.0,0.0,0.0,0.0,0.0,0.0,0.0,0.0,0.0,0.0,0.0,0.0,0.0,0.0,0.0,0.0,0.0,0.0,0.0,0.0,0.0,0.002649371512234211,0.0,0.0,0.0,0.0,0.0,0.0,0.0,1.6639629393466748e-05,0.0,0.0,0.0,0.0,0.0,0.0,0.0,0.0,0.0,0.0,0.0,0.0,0.0,0.0,0.0,0.0,0.0,0.0,0.0,0.0,0.0,0.0,0.0,0.0,0.0,0.0,0.0,0.0,0.0,0.0,0.0,0.0,0.0,0.0,0.0,0.0,0.0,0.0,0.0,0.0,0.0,0.0,0.0,0.0,0.0,0.0,0.0,0.0,0.0,0.0,0.0,0.0,0.0,0.0,0.0,0.0,0.0,0.0,0.0,0.0,0.0,0.0,0.0,0.00022665342839900404,0.0,0.0,0.0,0.0,0.0,0.0,0.0,0.0,0.0,0.0,0.0,0.0,0.0,0.0,0.0,0.0,0.0,0.0,0.0,0.0,0.0,0.0,0.0005905237630940974,0.0,0.0,0.0019058078760281205,0.0,0.0,0.0,0.0,0.0,0.0,0.0,0.0,0.0,0.0,0.0,0.0,0.0,0.0,0.0,0.0,0.0,0.0,0.0,0.0,0.0,0.0,0.0,0.0,0.0,0.0,0.0,0.0,0.0,0.0,0.0,0.0,0.0,0.0,0.0,0.0,0.0020384937524795532,0.0,0.0,0.0,0.0,0.0,0.0,0.0,0.0,0.0,0.0,0.0,0.0,0.0,0.0,0.0,0.0,0.0,0.0,0.0,0.0,0.0,0.0,0.27549755573272705,0.0,0.0,0.0,0.0,0.0,0.0,0.0,0.0,0.0009239051141776145,0.0,0.0,0.0,0.0,0.0,0.0,0.0,0.0,0.0,0.0,0.0,0.0,0.0,0.0,0.0,0.0,0.0,0.0,0.09578496962785721,0.0,0.0,0.0,0.0,0.0,0.0,0.0,0.0,0.0,0.0,0.0,0.0,0.0,0.0,0.0,0.0,0.0,0.0,0.0,0.0,0.0,0.0,0.0,0.0,0.0,0.0,0.0034059735480695963,0.0,0.0,0.0,0.0,0.0,0.0,0.0,0.0,0.0,0.0,0.0,0.0,0.0,0.0,0.0,0.0,0.0,0.0,0.0,0.0,0.0,0.0003127045347355306,0.0,0.0018471716903150082,0.0,0.0,0.0,0.0,0.0,0.0,0.0,0.0,0.0,0.0,0.0,0.0,0.0,0.0,0.0,0.0,0.0,0.0,0.0,0.0,0.0,0.0,0.0,0.0,0.0,0.0,0.0,0.00199695467017591,,,,,,,,,,,,,,,,,,,,,,,,,,,,,,,,,,,,,,,,,,,,,,,,,,,,,,,,,,,,,,,,,,,,,,,,,,,,,,,,,,,,,,,,,,,,,,,,,,,,,,,,,,,,,,,,,,,,,,,,,,,,,,,,,,,,,,,,,,,,,,,,,,,,,,,,,,,,,,,,,,,,,,,,,,,,,,,,,,,,,,,,,,,,,,,,,,,,,,,,,,,,,,,,,,,,,,,,,,,,,,,,,,,,,,,,,,,,,,,,,,,,,,,,,,,,,,,,,,,,,,,,,,,,
2019-08-14,681171.0494877807,5265.944055317155,,,,,,,,,,,35903.92783648261,34089.15511237488,263592.85111458553,,109053.10812806891,,,,,,44903.10558792694,16010.656880399305,19622.41781781042,9480.626200085488,47360.75813699242,43018.35430674694,,,,,,,,,,,,,,,,,,,,,,,,,,,,,,,,,,,,,,,,,,,,,,,,,,,,,,,,,,,,,,,,,,,,,,,,,,,,,,,,,,,,,,,,,,,,,,,,0.0,0.0,0.0,0.0,0.0,0.0017591469222679734,0.0,0.0,0.0,0.0,0.0,0.0,0.0,0.0,0.0,0.0,0.0,0.0,0.0,0.0,0.0,0.0,0.0,0.0,0.0013064012164250016,0.0,0.0,0.0036453166976571083,0.0,0.0,0.0,0.0035564147401601076,0.0,0.0,0.0,0.0,0.0,0.0,0.0,0.0,0.0,0.35433509945869446,0.0,0.0,0.0,0.0,0.0,0.0,0.000280939566437155,0.0,0.0,0.0,0.0,0.0,0.0,0.0,0.0,0.0,0.0,0.0,0.0,0.0,0.0,0.0,0.0,0.0,0.0,0.0,0.0,0.0,0.0,0.0,0.0,0.0,0.0,0.0,0.0,0.0,0.0,0.0,0.0,0.0002895304933190346,0.0,0.0,0.0,0.0,0.0,0.0,0.0,0.0004514709289651364,0.0,0.0,0.0,0.0,0.0,0.0,0.0,0.0,0.0,0.0,0.0,0.0,0.0,0.0,0.0,0.23673413693904877,0.0,0.0,0.0,0.0,0.0,0.0,0.0,0.0,0.0,0.0,0.0,0.0,0.0,0.0,0.006112119648605585,0.0,0.0,0.0,0.0,0.0,0.0,0.0,0.0,0.0,0.0,0.0,0.0,0.0,0.0009501978638581932,0.0,0.0,0.0,0.0,0.0,0.0,0.0,0.0,0.0,0.0,0.0,0.0,0.0,0.0,0.0,0.0,0.0,0.0,0.0,0.0,0.0,0.0,0.0,0.0,0.0,0.0,0.0,0.0,0.0,0.0,0.0,0.0,0.0,0.0,0.0,0.0,0.0004413347051013261,0.0014393494930118322,0.0,0.0,0.0,0.0,0.0,0.0,0.0,0.0,0.0,0.0,0.0,0.0,0.0,0.0,0.0,0.0,0.0,0.0,0.0,0.0,0.0,0.0010530672734603286,0.0,0.0,0.0,0.0,0.0,0.0,0.0,0.0,0.0,0.0,0.0,0.0,0.0,0.0,0.0,0.0004487152036745101,0.0,0.0,0.0,0.0,0.0,0.0,0.0,0.0,0.0,0.0,0.0,0.0,0.0,0.0,0.0,0.0,0.0,0.0,0.0,0.0,0.0,0.0,0.0,0.002649371512234211,0.0,0.0,0.0,0.0,0.0,0.0,0.0,1.6639629393466748e-05,0.0,0.0,0.0,0.0,0.0,0.0,0.0,0.0,0.0,0.0,0.0,0.0,0.0,0.0,0.0,0.0,0.0,0.0,0.0,0.0,0.0,0.0,0.0,0.0,0.0,0.0,0.0,0.0,0.0,0.0,0.0,0.0,0.0,0.0,0.0,0.0,0.0,0.0,0.0,0.0,0.0,0.0,0.0,0.0,0.0,0.0,0.0,0.0,0.0,0.0,0.0,0.0,0.0,0.0,0.0,0.0,0.0,0.0,0.0,0.0,0.0,0.0,0.0,0.00022665342839900404,0.0,0.0,0.0,0.0,0.0,0.0,0.0,0.0,0.0,0.0,0.0,0.0,0.0,0.0,0.0,0.0,0.0,0.0,0.0,0.0,0.0,0.0,0.0005905237630940974,0.0,0.0,0.0019058078760281205,0.0,0.0,0.0,0.0,0.0,0.0,0.0,0.0,0.0,0.0,0.0,0.0,0.0,0.0,0.0,0.0,0.0,0.0,0.0,0.0,0.0,0.0,0.0,0.0,0.0,0.0,0.0,0.0,0.0,0.0,0.0,0.0,0.0,0.0,0.0,0.0,0.0020384937524795532,0.0,0.0,0.0,0.0,0.0,0.0,0.0,0.0,0.0,0.0,0.0,0.0,0.0,0.0,0.0,0.0,0.0,0.0,0.0,0.0,0.0,0.0,0.27549755573272705,0.0,0.0,0.0,0.0,0.0,0.0,0.0,0.0,0.0009239051141776145,0.0,0.0,0.0,0.0,0.0,0.0,0.0,0.0,0.0,0.0,0.0,0.0,0.0,0.0,0.0,0.0,0.0,0.0,0.09578496962785721,0.0,0.0,0.0,0.0,0.0,0.0,0.0,0.0,0.0,0.0,0.0,0.0,0.0,0.0,0.0,0.0,0.0,0.0,0.0,0.0,0.0,0.0,0.0,0.0,0.0,0.0,0.0034059735480695963,0.0,0.0,0.0,0.0,0.0,0.0,0.0,0.0,0.0,0.0,0.0,0.0,0.0,0.0,0.0,0.0,0.0,0.0,0.0,0.0,0.0,0.0003127045347355306,0.0,0.0018471716903150082,0.0,0.0,0.0,0.0,0.0,0.0,0.0,0.0,0.0,0.0,0.0,0.0,0.0,0.0,0.0,0.0,0.0,0.0,0.0,0.0,0.0,0.0,0.0,0.0,0.0,0.0,0.0,0.00199695467017591,,,,,,,,,,,,,,,,,,,,,,,,,,,,,,,,,,,,,,,,,,,,,,,,,,,,,,,,,,,,,,,,,,,,,,,,,,,,,,,,,,,,,,,,,,,,,,,,,,,,,,,,,,,,,,,,,,,,,,,,,,,,,,,,,,,,,,,,,,,,,,,,,,,,,,,,,,,,,,,,,,,,,,,,,,,,,,,,,,,,,,,,,,,,,,,,,,,,,,,,,,,,,,,,,,,,,,,,,,,,,,,,,,,,,,,,,,,,,,,,,,,,,,,,,,,,,,,,,,,,,,,,,,,,
2019-08-15,683022.7366294729,4898.452067596966,,,,,,,,,,,35809.487004168855,35252.114128076566,263592.85111458553,,114661.74747409501,,,,,,42981.96771548981,16602.49842196372,19449.823841793706,9068.409464763638,47361.31357043935,42564.61054513175,,,,,,,,,,,,,,,,,,,,,,,,,,,,,,,,,,,,,,,,,,,,,,,,,,,,,,,,,,,,,,,,,,,,,,,,,,,,,,,,,,,,,,,,,,,,,,,,0.0,0.0,0.0,0.0,0.0,0.0017591469222679734,0.0,0.0,0.0,0.0,0.0,0.0,0.0,0.0,0.0,0.0,0.0,0.0,0.0,0.0,0.0,0.0,0.0,0.0,0.0013064012164250016,0.0,0.0,0.0036453166976571083,0.0,0.0,0.0,0.0035564147401601076,0.0,0.0,0.0,0.0,0.0,0.0,0.0,0.0,0.0,0.35433509945869446,0.0,0.0,0.0,0.0,0.0,0.0,0.000280939566437155,0.0,0.0,0.0,0.0,0.0,0.0,0.0,0.0,0.0,0.0,0.0,0.0,0.0,0.0,0.0,0.0,0.0,0.0,0.0,0.0,0.0,0.0,0.0,0.0,0.0,0.0,0.0,0.0,0.0,0.0,0.0,0.0,0.0002895304933190346,0.0,0.0,0.0,0.0,0.0,0.0,0.0,0.0004514709289651364,0.0,0.0,0.0,0.0,0.0,0.0,0.0,0.0,0.0,0.0,0.0,0.0,0.0,0.0,0.0,0.23673413693904877,0.0,0.0,0.0,0.0,0.0,0.0,0.0,0.0,0.0,0.0,0.0,0.0,0.0,0.0,0.006112119648605585,0.0,0.0,0.0,0.0,0.0,0.0,0.0,0.0,0.0,0.0,0.0,0.0,0.0,0.0009501978638581932,0.0,0.0,0.0,0.0,0.0,0.0,0.0,0.0,0.0,0.0,0.0,0.0,0.0,0.0,0.0,0.0,0.0,0.0,0.0,0.0,0.0,0.0,0.0,0.0,0.0,0.0,0.0,0.0,0.0,0.0,0.0,0.0,0.0,0.0,0.0,0.0,0.0004413347051013261,0.0014393494930118322,0.0,0.0,0.0,0.0,0.0,0.0,0.0,0.0,0.0,0.0,0.0,0.0,0.0,0.0,0.0,0.0,0.0,0.0,0.0,0.0,0.0,0.0010530672734603286,0.0,0.0,0.0,0.0,0.0,0.0,0.0,0.0,0.0,0.0,0.0,0.0,0.0,0.0,0.0,0.0004487152036745101,0.0,0.0,0.0,0.0,0.0,0.0,0.0,0.0,0.0,0.0,0.0,0.0,0.0,0.0,0.0,0.0,0.0,0.0,0.0,0.0,0.0,0.0,0.0,0.002649371512234211,0.0,0.0,0.0,0.0,0.0,0.0,0.0,1.6639629393466748e-05,0.0,0.0,0.0,0.0,0.0,0.0,0.0,0.0,0.0,0.0,0.0,0.0,0.0,0.0,0.0,0.0,0.0,0.0,0.0,0.0,0.0,0.0,0.0,0.0,0.0,0.0,0.0,0.0,0.0,0.0,0.0,0.0,0.0,0.0,0.0,0.0,0.0,0.0,0.0,0.0,0.0,0.0,0.0,0.0,0.0,0.0,0.0,0.0,0.0,0.0,0.0,0.0,0.0,0.0,0.0,0.0,0.0,0.0,0.0,0.0,0.0,0.0,0.0,0.00022665342839900404,0.0,0.0,0.0,0.0,0.0,0.0,0.0,0.0,0.0,0.0,0.0,0.0,0.0,0.0,0.0,0.0,0.0,0.0,0.0,0.0,0.0,0.0,0.0005905237630940974,0.0,0.0,0.0019058078760281205,0.0,0.0,0.0,0.0,0.0,0.0,0.0,0.0,0.0,0.0,0.0,0.0,0.0,0.0,0.0,0.0,0.0,0.0,0.0,0.0,0.0,0.0,0.0,0.0,0.0,0.0,0.0,0.0,0.0,0.0,0.0,0.0,0.0,0.0,0.0,0.0,0.0020384937524795532,0.0,0.0,0.0,0.0,0.0,0.0,0.0,0.0,0.0,0.0,0.0,0.0,0.0,0.0,0.0,0.0,0.0,0.0,0.0,0.0,0.0,0.0,0.27549755573272705,0.0,0.0,0.0,0.0,0.0,0.0,0.0,0.0,0.0009239051141776145,0.0,0.0,0.0,0.0,0.0,0.0,0.0,0.0,0.0,0.0,0.0,0.0,0.0,0.0,0.0,0.0,0.0,0.0,0.09578496962785721,0.0,0.0,0.0,0.0,0.0,0.0,0.0,0.0,0.0,0.0,0.0,0.0,0.0,0.0,0.0,0.0,0.0,0.0,0.0,0.0,0.0,0.0,0.0,0.0,0.0,0.0,0.0034059735480695963,0.0,0.0,0.0,0.0,0.0,0.0,0.0,0.0,0.0,0.0,0.0,0.0,0.0,0.0,0.0,0.0,0.0,0.0,0.0,0.0,0.0,0.0003127045347355306,0.0,0.0018471716903150082,0.0,0.0,0.0,0.0,0.0,0.0,0.0,0.0,0.0,0.0,0.0,0.0,0.0,0.0,0.0,0.0,0.0,0.0,0.0,0.0,0.0,0.0,0.0,0.0,0.0,0.0,0.0,0.00199695467017591,,,,,,,,,,,,,,,,,,,,,,,,,,,,,,,,,,,,,,,,,,,,,,,,,,,,,,,,,,,,,,,,,,,,,,,,,,,,,,,,,,,,,,,,,,,,,,,,,,,,,,,,,,,,,,,,,,,,,,,,,,,,,,,,,,,,,,,,,,,,,,,,,,,,,,,,,,,,,,,,,,,,,,,,,,,,,,,,,,,,,,,,,,,,,,,,,,,,,,,,,,,,,,,,,,,,,,,,,,,,,,,,,,,,,,,,,,,,,,,,,,,,,,,,,,,,,,,,,,,,,,,,,,,,
2019-08-16,683756.5217356225,5658.414315988188,,,,,,,,,,,36462.86761149424,36996.54721022045,263592.85111458553,,115694.16278971413,,,,,,42844.634096420225,15713.134397566175,19100.70202995981,9068.16327490785,47356.187365346945,42333.28113999516,,,,,,,,,,,,,,,,,,,,,,,,,,,,,,,,,,,,,,,,,,,,,,,,,,,,,,,,,,,,,,,,,,,,,,,,,,,,,,,,,,,,,,,,,,,,,,,,0.0,0.0,0.0,0.0,0.0,0.0017591469222679734,0.0,0.0,0.0,0.0,0.0,0.0,0.0,0.0,0.0,0.0,0.0,0.0,0.0,0.0,0.0,0.0,0.0,0.0,0.0013064012164250016,0.0,0.0,0.0036453166976571083,0.0,0.0,0.0,0.0035564147401601076,0.0,0.0,0.0,0.0,0.0,0.0,0.0,0.0,0.0,0.35433509945869446,0.0,0.0,0.0,0.0,0.0,0.0,0.000280939566437155,0.0,0.0,0.0,0.0,0.0,0.0,0.0,0.0,0.0,0.0,0.0,0.0,0.0,0.0,0.0,0.0,0.0,0.0,0.0,0.0,0.0,0.0,0.0,0.0,0.0,0.0,0.0,0.0,0.0,0.0,0.0,0.0,0.0002895304933190346,0.0,0.0,0.0,0.0,0.0,0.0,0.0,0.0004514709289651364,0.0,0.0,0.0,0.0,0.0,0.0,0.0,0.0,0.0,0.0,0.0,0.0,0.0,0.0,0.0,0.23673413693904877,0.0,0.0,0.0,0.0,0.0,0.0,0.0,0.0,0.0,0.0,0.0,0.0,0.0,0.0,0.006112119648605585,0.0,0.0,0.0,0.0,0.0,0.0,0.0,0.0,0.0,0.0,0.0,0.0,0.0,0.0009501978638581932,0.0,0.0,0.0,0.0,0.0,0.0,0.0,0.0,0.0,0.0,0.0,0.0,0.0,0.0,0.0,0.0,0.0,0.0,0.0,0.0,0.0,0.0,0.0,0.0,0.0,0.0,0.0,0.0,0.0,0.0,0.0,0.0,0.0,0.0,0.0,0.0,0.0004413347051013261,0.0014393494930118322,0.0,0.0,0.0,0.0,0.0,0.0,0.0,0.0,0.0,0.0,0.0,0.0,0.0,0.0,0.0,0.0,0.0,0.0,0.0,0.0,0.0,0.0010530672734603286,0.0,0.0,0.0,0.0,0.0,0.0,0.0,0.0,0.0,0.0,0.0,0.0,0.0,0.0,0.0,0.0004487152036745101,0.0,0.0,0.0,0.0,0.0,0.0,0.0,0.0,0.0,0.0,0.0,0.0,0.0,0.0,0.0,0.0,0.0,0.0,0.0,0.0,0.0,0.0,0.0,0.002649371512234211,0.0,0.0,0.0,0.0,0.0,0.0,0.0,1.6639629393466748e-05,0.0,0.0,0.0,0.0,0.0,0.0,0.0,0.0,0.0,0.0,0.0,0.0,0.0,0.0,0.0,0.0,0.0,0.0,0.0,0.0,0.0,0.0,0.0,0.0,0.0,0.0,0.0,0.0,0.0,0.0,0.0,0.0,0.0,0.0,0.0,0.0,0.0,0.0,0.0,0.0,0.0,0.0,0.0,0.0,0.0,0.0,0.0,0.0,0.0,0.0,0.0,0.0,0.0,0.0,0.0,0.0,0.0,0.0,0.0,0.0,0.0,0.0,0.0,0.00022665342839900404,0.0,0.0,0.0,0.0,0.0,0.0,0.0,0.0,0.0,0.0,0.0,0.0,0.0,0.0,0.0,0.0,0.0,0.0,0.0,0.0,0.0,0.0,0.0005905237630940974,0.0,0.0,0.0019058078760281205,0.0,0.0,0.0,0.0,0.0,0.0,0.0,0.0,0.0,0.0,0.0,0.0,0.0,0.0,0.0,0.0,0.0,0.0,0.0,0.0,0.0,0.0,0.0,0.0,0.0,0.0,0.0,0.0,0.0,0.0,0.0,0.0,0.0,0.0,0.0,0.0,0.0020384937524795532,0.0,0.0,0.0,0.0,0.0,0.0,0.0,0.0,0.0,0.0,0.0,0.0,0.0,0.0,0.0,0.0,0.0,0.0,0.0,0.0,0.0,0.0,0.27549755573272705,0.0,0.0,0.0,0.0,0.0,0.0,0.0,0.0,0.0009239051141776145,0.0,0.0,0.0,0.0,0.0,0.0,0.0,0.0,0.0,0.0,0.0,0.0,0.0,0.0,0.0,0.0,0.0,0.0,0.09578496962785721,0.0,0.0,0.0,0.0,0.0,0.0,0.0,0.0,0.0,0.0,0.0,0.0,0.0,0.0,0.0,0.0,0.0,0.0,0.0,0.0,0.0,0.0,0.0,0.0,0.0,0.0,0.0034059735480695963,0.0,0.0,0.0,0.0,0.0,0.0,0.0,0.0,0.0,0.0,0.0,0.0,0.0,0.0,0.0,0.0,0.0,0.0,0.0,0.0,0.0,0.0003127045347355306,0.0,0.0018471716903150082,0.0,0.0,0.0,0.0,0.0,0.0,0.0,0.0,0.0,0.0,0.0,0.0,0.0,0.0,0.0,0.0,0.0,0.0,0.0,0.0,0.0,0.0,0.0,0.0,0.0,0.0,0.0,0.00199695467017591,,,,,,,,,,,,,,,,,,,,,,,,,,,,,,,,,,,,,,,,,,,,,,,,,,,,,,,,,,,,,,,,,,,,,,,,,,,,,,,,,,,,,,,,,,,,,,,,,,,,,,,,,,,,,,,,,,,,,,,,,,,,,,,,,,,,,,,,,,,,,,,,,,,,,,,,,,,,,,,,,,,,,,,,,,,,,,,,,,,,,,,,,,,,,,,,,,,,,,,,,,,,,,,,,,,,,,,,,,,,,,,,,,,,,,,,,,,,,,,,,,,,,,,,,,,,,,,,,,,,,,,,,,,,
2019-08-19,694394.2000103962,2724.761080117258,,,,,,,,,,,35800.36618516131,39032.78600397929,263592.85111458553,,112200.75258343123,,,,,,44072.05310820672,15713.141339334019,19332.44238483195,9068.41781985752,47358.978871540225,42332.160457450824,,,,,,,,,,,,,,,,,,,,,,,,,,,,,,,,,,,,,,,,,,,,,,,,,,,,,,,,,,,,,,,,,,,,,,,,,,,,,,,,,,,,,,,,,,,,,,,,0.0,0.0,0.0,0.0,0.0,0.0017591469222679734,0.0,0.0,0.0,0.0,0.0,0.0,0.0,0.0,0.0,0.0,0.0,0.0,0.0,0.0,0.0,0.0,0.0,0.0,0.0013064012164250016,0.0,0.0,0.0036453166976571083,0.0,0.0,0.0,0.0035564147401601076,0.0,0.0,0.0,0.0,0.0,0.0,0.0,0.0,0.0,0.35433509945869446,0.0,0.0,0.0,0.0,0.0,0.0,0.000280939566437155,0.0,0.0,0.0,0.0,0.0,0.0,0.0,0.0,0.0,0.0,0.0,0.0,0.0,0.0,0.0,0.0,0.0,0.0,0.0,0.0,0.0,0.0,0.0,0.0,0.0,0.0,0.0,0.0,0.0,0.0,0.0,0.0,0.0002895304933190346,0.0,0.0,0.0,0.0,0.0,0.0,0.0,0.0004514709289651364,0.0,0.0,0.0,0.0,0.0,0.0,0.0,0.0,0.0,0.0,0.0,0.0,0.0,0.0,0.0,0.23673413693904877,0.0,0.0,0.0,0.0,0.0,0.0,0.0,0.0,0.0,0.0,0.0,0.0,0.0,0.0,0.006112119648605585,0.0,0.0,0.0,0.0,0.0,0.0,0.0,0.0,0.0,0.0,0.0,0.0,0.0,0.0009501978638581932,0.0,0.0,0.0,0.0,0.0,0.0,0.0,0.0,0.0,0.0,0.0,0.0,0.0,0.0,0.0,0.0,0.0,0.0,0.0,0.0,0.0,0.0,0.0,0.0,0.0,0.0,0.0,0.0,0.0,0.0,0.0,0.0,0.0,0.0,0.0,0.0,0.0004413347051013261,0.0014393494930118322,0.0,0.0,0.0,0.0,0.0,0.0,0.0,0.0,0.0,0.0,0.0,0.0,0.0,0.0,0.0,0.0,0.0,0.0,0.0,0.0,0.0,0.0010530672734603286,0.0,0.0,0.0,0.0,0.0,0.0,0.0,0.0,0.0,0.0,0.0,0.0,0.0,0.0,0.0,0.0004487152036745101,0.0,0.0,0.0,0.0,0.0,0.0,0.0,0.0,0.0,0.0,0.0,0.0,0.0,0.0,0.0,0.0,0.0,0.0,0.0,0.0,0.0,0.0,0.0,0.002649371512234211,0.0,0.0,0.0,0.0,0.0,0.0,0.0,1.6639629393466748e-05,0.0,0.0,0.0,0.0,0.0,0.0,0.0,0.0,0.0,0.0,0.0,0.0,0.0,0.0,0.0,0.0,0.0,0.0,0.0,0.0,0.0,0.0,0.0,0.0,0.0,0.0,0.0,0.0,0.0,0.0,0.0,0.0,0.0,0.0,0.0,0.0,0.0,0.0,0.0,0.0,0.0,0.0,0.0,0.0,0.0,0.0,0.0,0.0,0.0,0.0,0.0,0.0,0.0,0.0,0.0,0.0,0.0,0.0,0.0,0.0,0.0,0.0,0.0,0.00022665342839900404,0.0,0.0,0.0,0.0,0.0,0.0,0.0,0.0,0.0,0.0,0.0,0.0,0.0,0.0,0.0,0.0,0.0,0.0,0.0,0.0,0.0,0.0,0.0005905237630940974,0.0,0.0,0.0019058078760281205,0.0,0.0,0.0,0.0,0.0,0.0,0.0,0.0,0.0,0.0,0.0,0.0,0.0,0.0,0.0,0.0,0.0,0.0,0.0,0.0,0.0,0.0,0.0,0.0,0.0,0.0,0.0,0.0,0.0,0.0,0.0,0.0,0.0,0.0,0.0,0.0,0.0020384937524795532,0.0,0.0,0.0,0.0,0.0,0.0,0.0,0.0,0.0,0.0,0.0,0.0,0.0,0.0,0.0,0.0,0.0,0.0,0.0,0.0,0.0,0.0,0.27549755573272705,0.0,0.0,0.0,0.0,0.0,0.0,0.0,0.0,0.0009239051141776145,0.0,0.0,0.0,0.0,0.0,0.0,0.0,0.0,0.0,0.0,0.0,0.0,0.0,0.0,0.0,0.0,0.0,0.0,0.09578496962785721,0.0,0.0,0.0,0.0,0.0,0.0,0.0,0.0,0.0,0.0,0.0,0.0,0.0,0.0,0.0,0.0,0.0,0.0,0.0,0.0,0.0,0.0,0.0,0.0,0.0,0.0,0.0034059735480695963,0.0,0.0,0.0,0.0,0.0,0.0,0.0,0.0,0.0,0.0,0.0,0.0,0.0,0.0,0.0,0.0,0.0,0.0,0.0,0.0,0.0,0.0003127045347355306,0.0,0.0018471716903150082,0.0,0.0,0.0,0.0,0.0,0.0,0.0,0.0,0.0,0.0,0.0,0.0,0.0,0.0,0.0,0.0,0.0,0.0,0.0,0.0,0.0,0.0,0.0,0.0,0.0,0.0,0.0,0.00199695467017591,,,,,,,,,,,,,,,,,,,,,,,,,,,,,,,,,,,,,,,,,,,,,,,,,,,,,,,,,,,,,,,,,,,,,,,,,,,,,,,,,,,,,,,,,,,,,,,,,,,,,,,,,,,,,,,,,,,,,,,,,,,,,,,,,,,,,,,,,,,,,,,,,,,,,,,,,,,,,,,,,,,,,,,,,,,,,,,,,,,,,,,,,,,,,,,,,,,,,,,,,,,,,,,,,,,,,,,,,,,,,,,,,,,,,,,,,,,,,,,,,,,,,,,,,,,,,,,,,,,,,,,,,,,,
2019-08-20,690069.932702962,5431.497669704791,,,,,,,,,,,36317.57734000781,38014.693848691844,263592.85111458553,,110819.22416629455,,,,,,44903.10558792694,15415.43840509895,19390.497767368983,9068.446227291877,47361.991905062685,41638.97428190185,,,,,,,,,,,,,,,,,,,,,,,,,,,,,,,,,,,,,,,,,,,,,,,,,,,,,,,,,,,,,,,,,,,,,,,,,,,,,,,,,,,,,,,,,,,,,,,,0.0,0.0,0.0,0.0,0.0,0.0017591469222679734,0.0,0.0,0.0,0.0,0.0,0.0,0.0,0.0,0.0,0.0,0.0,0.0,0.0,0.0,0.0,0.0,0.0,0.0,0.0013064012164250016,0.0,0.0,0.0036453166976571083,0.0,0.0,0.0,0.0035564147401601076,0.0,0.0,0.0,0.0,0.0,0.0,0.0,0.0,0.0,0.35433509945869446,0.0,0.0,0.0,0.0,0.0,0.0,0.000280939566437155,0.0,0.0,0.0,0.0,0.0,0.0,0.0,0.0,0.0,0.0,0.0,0.0,0.0,0.0,0.0,0.0,0.0,0.0,0.0,0.0,0.0,0.0,0.0,0.0,0.0,0.0,0.0,0.0,0.0,0.0,0.0,0.0,0.0002895304933190346,0.0,0.0,0.0,0.0,0.0,0.0,0.0,0.0004514709289651364,0.0,0.0,0.0,0.0,0.0,0.0,0.0,0.0,0.0,0.0,0.0,0.0,0.0,0.0,0.0,0.23673413693904877,0.0,0.0,0.0,0.0,0.0,0.0,0.0,0.0,0.0,0.0,0.0,0.0,0.0,0.0,0.006112119648605585,0.0,0.0,0.0,0.0,0.0,0.0,0.0,0.0,0.0,0.0,0.0,0.0,0.0,0.0009501978638581932,0.0,0.0,0.0,0.0,0.0,0.0,0.0,0.0,0.0,0.0,0.0,0.0,0.0,0.0,0.0,0.0,0.0,0.0,0.0,0.0,0.0,0.0,0.0,0.0,0.0,0.0,0.0,0.0,0.0,0.0,0.0,0.0,0.0,0.0,0.0,0.0,0.0004413347051013261,0.0014393494930118322,0.0,0.0,0.0,0.0,0.0,0.0,0.0,0.0,0.0,0.0,0.0,0.0,0.0,0.0,0.0,0.0,0.0,0.0,0.0,0.0,0.0,0.0010530672734603286,0.0,0.0,0.0,0.0,0.0,0.0,0.0,0.0,0.0,0.0,0.0,0.0,0.0,0.0,0.0,0.0004487152036745101,0.0,0.0,0.0,0.0,0.0,0.0,0.0,0.0,0.0,0.0,0.0,0.0,0.0,0.0,0.0,0.0,0.0,0.0,0.0,0.0,0.0,0.0,0.0,0.002649371512234211,0.0,0.0,0.0,0.0,0.0,0.0,0.0,1.6639629393466748e-05,0.0,0.0,0.0,0.0,0.0,0.0,0.0,0.0,0.0,0.0,0.0,0.0,0.0,0.0,0.0,0.0,0.0,0.0,0.0,0.0,0.0,0.0,0.0,0.0,0.0,0.0,0.0,0.0,0.0,0.0,0.0,0.0,0.0,0.0,0.0,0.0,0.0,0.0,0.0,0.0,0.0,0.0,0.0,0.0,0.0,0.0,0.0,0.0,0.0,0.0,0.0,0.0,0.0,0.0,0.0,0.0,0.0,0.0,0.0,0.0,0.0,0.0,0.0,0.00022665342839900404,0.0,0.0,0.0,0.0,0.0,0.0,0.0,0.0,0.0,0.0,0.0,0.0,0.0,0.0,0.0,0.0,0.0,0.0,0.0,0.0,0.0,0.0,0.0005905237630940974,0.0,0.0,0.0019058078760281205,0.0,0.0,0.0,0.0,0.0,0.0,0.0,0.0,0.0,0.0,0.0,0.0,0.0,0.0,0.0,0.0,0.0,0.0,0.0,0.0,0.0,0.0,0.0,0.0,0.0,0.0,0.0,0.0,0.0,0.0,0.0,0.0,0.0,0.0,0.0,0.0,0.0020384937524795532,0.0,0.0,0.0,0.0,0.0,0.0,0.0,0.0,0.0,0.0,0.0,0.0,0.0,0.0,0.0,0.0,0.0,0.0,0.0,0.0,0.0,0.0,0.27549755573272705,0.0,0.0,0.0,0.0,0.0,0.0,0.0,0.0,0.0009239051141776145,0.0,0.0,0.0,0.0,0.0,0.0,0.0,0.0,0.0,0.0,0.0,0.0,0.0,0.0,0.0,0.0,0.0,0.0,0.09578496962785721,0.0,0.0,0.0,0.0,0.0,0.0,0.0,0.0,0.0,0.0,0.0,0.0,0.0,0.0,0.0,0.0,0.0,0.0,0.0,0.0,0.0,0.0,0.0,0.0,0.0,0.0,0.0034059735480695963,0.0,0.0,0.0,0.0,0.0,0.0,0.0,0.0,0.0,0.0,0.0,0.0,0.0,0.0,0.0,0.0,0.0,0.0,0.0,0.0,0.0,0.0003127045347355306,0.0,0.0018471716903150082,0.0,0.0,0.0,0.0,0.0,0.0,0.0,0.0,0.0,0.0,0.0,0.0,0.0,0.0,0.0,0.0,0.0,0.0,0.0,0.0,0.0,0.0,0.0,0.0,0.0,0.0,0.0,0.00199695467017591,,,,,,,,,,,,,,,,,,,,,,,,,,,,,,,,,,,,,,,,,,,,,,,,,,,,,,,,,,,,,,,,,,,,,,,,,,,,,,,,,,,,,,,,,,,,,,,,,,,,,,,,,,,,,,,,,,,,,,,,,,,,,,,,,,,,,,,,,,,,,,,,,,,,,,,,,,,,,,,,,,,,,,,,,,,,,,,,,,,,,,,,,,,,,,,,,,,,,,,,,,,,,,,,,,,,,,,,,,,,,,,,,,,,,,,,,,,,,,,,,,,,,,,,,,,,,,,,,,,,,,,,,,,,
2019-08-21,695763.1362609506,7292.707249294343,,,,,,,,,,,36512.5467893018,38088.072743588105,263592.85111458553,,111433.29999175483,,,,,,44895.82980181806,15713.53841866421,19157.060468973625,8655.966060270144,47359.97170483653,41632.93247656691,,,,,,,,,,,,,,,,,,,,,,,,,,,,,,,,,,,,,,,,,,,,,,,,,,,,,,,,,,,,,,,,,,,,,,,,,,,,,,,,,,,,,,,,,,,,,,,,0.0,0.0,0.0,0.0,0.0,0.0017591469222679734,0.0,0.0,0.0,0.0,0.0,0.0,0.0,0.0,0.0,0.0,0.0,0.0,0.0,0.0,0.0,0.0,0.0,0.0,0.0013064012164250016,0.0,0.0,0.0036453166976571083,0.0,0.0,0.0,0.0035564147401601076,0.0,0.0,0.0,0.0,0.0,0.0,0.0,0.0,0.0,0.35433509945869446,0.0,0.0,0.0,0.0,0.0,0.0,0.000280939566437155,0.0,0.0,0.0,0.0,0.0,0.0,0.0,0.0,0.0,0.0,0.0,0.0,0.0,0.0,0.0,0.0,0.0,0.0,0.0,0.0,0.0,0.0,0.0,0.0,0.0,0.0,0.0,0.0,0.0,0.0,0.0,0.0,0.0002895304933190346,0.0,0.0,0.0,0.0,0.0,0.0,0.0,0.0004514709289651364,0.0,0.0,0.0,0.0,0.0,0.0,0.0,0.0,0.0,0.0,0.0,0.0,0.0,0.0,0.0,0.23673413693904877,0.0,0.0,0.0,0.0,0.0,0.0,0.0,0.0,0.0,0.0,0.0,0.0,0.0,0.0,0.006112119648605585,0.0,0.0,0.0,0.0,0.0,0.0,0.0,0.0,0.0,0.0,0.0,0.0,0.0,0.0009501978638581932,0.0,0.0,0.0,0.0,0.0,0.0,0.0,0.0,0.0,0.0,0.0,0.0,0.0,0.0,0.0,0.0,0.0,0.0,0.0,0.0,0.0,0.0,0.0,0.0,0.0,0.0,0.0,0.0,0.0,0.0,0.0,0.0,0.0,0.0,0.0,0.0,0.0004413347051013261,0.0014393494930118322,0.0,0.0,0.0,0.0,0.0,0.0,0.0,0.0,0.0,0.0,0.0,0.0,0.0,0.0,0.0,0.0,0.0,0.0,0.0,0.0,0.0,0.0010530672734603286,0.0,0.0,0.0,0.0,0.0,0.0,0.0,0.0,0.0,0.0,0.0,0.0,0.0,0.0,0.0,0.0004487152036745101,0.0,0.0,0.0,0.0,0.0,0.0,0.0,0.0,0.0,0.0,0.0,0.0,0.0,0.0,0.0,0.0,0.0,0.0,0.0,0.0,0.0,0.0,0.0,0.002649371512234211,0.0,0.0,0.0,0.0,0.0,0.0,0.0,1.6639629393466748e-05,0.0,0.0,0.0,0.0,0.0,0.0,0.0,0.0,0.0,0.0,0.0,0.0,0.0,0.0,0.0,0.0,0.0,0.0,0.0,0.0,0.0,0.0,0.0,0.0,0.0,0.0,0.0,0.0,0.0,0.0,0.0,0.0,0.0,0.0,0.0,0.0,0.0,0.0,0.0,0.0,0.0,0.0,0.0,0.0,0.0,0.0,0.0,0.0,0.0,0.0,0.0,0.0,0.0,0.0,0.0,0.0,0.0,0.0,0.0,0.0,0.0,0.0,0.0,0.00022665342839900404,0.0,0.0,0.0,0.0,0.0,0.0,0.0,0.0,0.0,0.0,0.0,0.0,0.0,0.0,0.0,0.0,0.0,0.0,0.0,0.0,0.0,0.0,0.0005905237630940974,0.0,0.0,0.0019058078760281205,0.0,0.0,0.0,0.0,0.0,0.0,0.0,0.0,0.0,0.0,0.0,0.0,0.0,0.0,0.0,0.0,0.0,0.0,0.0,0.0,0.0,0.0,0.0,0.0,0.0,0.0,0.0,0.0,0.0,0.0,0.0,0.0,0.0,0.0,0.0,0.0,0.0020384937524795532,0.0,0.0,0.0,0.0,0.0,0.0,0.0,0.0,0.0,0.0,0.0,0.0,0.0,0.0,0.0,0.0,0.0,0.0,0.0,0.0,0.0,0.0,0.27549755573272705,0.0,0.0,0.0,0.0,0.0,0.0,0.0,0.0,0.0009239051141776145,0.0,0.0,0.0,0.0,0.0,0.0,0.0,0.0,0.0,0.0,0.0,0.0,0.0,0.0,0.0,0.0,0.0,0.0,0.09578496962785721,0.0,0.0,0.0,0.0,0.0,0.0,0.0,0.0,0.0,0.0,0.0,0.0,0.0,0.0,0.0,0.0,0.0,0.0,0.0,0.0,0.0,0.0,0.0,0.0,0.0,0.0,0.0034059735480695963,0.0,0.0,0.0,0.0,0.0,0.0,0.0,0.0,0.0,0.0,0.0,0.0,0.0,0.0,0.0,0.0,0.0,0.0,0.0,0.0,0.0,0.0003127045347355306,0.0,0.0018471716903150082,0.0,0.0,0.0,0.0,0.0,0.0,0.0,0.0,0.0,0.0,0.0,0.0,0.0,0.0,0.0,0.0,0.0,0.0,0.0,0.0,0.0,0.0,0.0,0.0,0.0,0.0,0.0,0.00199695467017591,,,,,,,,,,,,,,,,,,,,,,,,,,,,,,,,,,,,,,,,,,,,,,,,,,,,,,,,,,,,,,,,,,,,,,,,,,,,,,,,,,,,,,,,,,,,,,,,,,,,,,,,,,,,,,,,,,,,,,,,,,,,,,,,,,,,,,,,,,,,,,,,,,,,,,,,,,,,,,,,,,,,,,,,,,,,,,,,,,,,,,,,,,,,,,,,,,,,,,,,,,,,,,,,,,,,,,,,,,,,,,,,,,,,,,,,,,,,,,,,,,,,,,,,,,,,,,,,,,,,,,,,,,,,
2019-08-22,697282.0996591587,4996.655047671688,,,,,,,,,,,36006.07272364188,39612.982560481,263592.85111458553,,113966.85301100281,,,,,,45456.11443046173,16010.433355620862,19214.351584053184,8656.207971172635,44574.2945610125,42332.160457450824,,,,,,,,,,,,,,,,,,,,,,,,,,,,,,,,,,,,,,,,,,,,,,,,,,,,,,,,,,,,,,,,,,,,,,,,,,,,,,,,,,,,,,,,,,,,,,,,0.0,0.0,0.0,0.0,0.0,0.0017591469222679734,0.0,0.0,0.0,0.0,0.0,0.0,0.0,0.0,0.0,0.0,0.0,0.0,0.0,0.0,0.0,0.0,0.0,0.0,0.0013064012164250016,0.0,0.0,0.0036453166976571083,0.0,0.0,0.0,0.0035564147401601076,0.0,0.0,0.0,0.0,0.0,0.0,0.0,0.0,0.0,0.35433509945869446,0.0,0.0,0.0,0.0,0.0,0.0,0.000280939566437155,0.0,0.0,0.0,0.0,0.0,0.0,0.0,0.0,0.0,0.0,0.0,0.0,0.0,0.0,0.0,0.0,0.0,0.0,0.0,0.0,0.0,0.0,0.0,0.0,0.0,0.0,0.0,0.0,0.0,0.0,0.0,0.0,0.0002895304933190346,0.0,0.0,0.0,0.0,0.0,0.0,0.0,0.0004514709289651364,0.0,0.0,0.0,0.0,0.0,0.0,0.0,0.0,0.0,0.0,0.0,0.0,0.0,0.0,0.0,0.23673413693904877,0.0,0.0,0.0,0.0,0.0,0.0,0.0,0.0,0.0,0.0,0.0,0.0,0.0,0.0,0.006112119648605585,0.0,0.0,0.0,0.0,0.0,0.0,0.0,0.0,0.0,0.0,0.0,0.0,0.0,0.0009501978638581932,0.0,0.0,0.0,0.0,0.0,0.0,0.0,0.0,0.0,0.0,0.0,0.0,0.0,0.0,0.0,0.0,0.0,0.0,0.0,0.0,0.0,0.0,0.0,0.0,0.0,0.0,0.0,0.0,0.0,0.0,0.0,0.0,0.0,0.0,0.0,0.0,0.0004413347051013261,0.0014393494930118322,0.0,0.0,0.0,0.0,0.0,0.0,0.0,0.0,0.0,0.0,0.0,0.0,0.0,0.0,0.0,0.0,0.0,0.0,0.0,0.0,0.0,0.0010530672734603286,0.0,0.0,0.0,0.0,0.0,0.0,0.0,0.0,0.0,0.0,0.0,0.0,0.0,0.0,0.0,0.0004487152036745101,0.0,0.0,0.0,0.0,0.0,0.0,0.0,0.0,0.0,0.0,0.0,0.0,0.0,0.0,0.0,0.0,0.0,0.0,0.0,0.0,0.0,0.0,0.0,0.002649371512234211,0.0,0.0,0.0,0.0,0.0,0.0,0.0,1.6639629393466748e-05,0.0,0.0,0.0,0.0,0.0,0.0,0.0,0.0,0.0,0.0,0.0,0.0,0.0,0.0,0.0,0.0,0.0,0.0,0.0,0.0,0.0,0.0,0.0,0.0,0.0,0.0,0.0,0.0,0.0,0.0,0.0,0.0,0.0,0.0,0.0,0.0,0.0,0.0,0.0,0.0,0.0,0.0,0.0,0.0,0.0,0.0,0.0,0.0,0.0,0.0,0.0,0.0,0.0,0.0,0.0,0.0,0.0,0.0,0.0,0.0,0.0,0.0,0.0,0.00022665342839900404,0.0,0.0,0.0,0.0,0.0,0.0,0.0,0.0,0.0,0.0,0.0,0.0,0.0,0.0,0.0,0.0,0.0,0.0,0.0,0.0,0.0,0.0,0.0005905237630940974,0.0,0.0,0.0019058078760281205,0.0,0.0,0.0,0.0,0.0,0.0,0.0,0.0,0.0,0.0,0.0,0.0,0.0,0.0,0.0,0.0,0.0,0.0,0.0,0.0,0.0,0.0,0.0,0.0,0.0,0.0,0.0,0.0,0.0,0.0,0.0,0.0,0.0,0.0,0.0,0.0,0.0020384937524795532,0.0,0.0,0.0,0.0,0.0,0.0,0.0,0.0,0.0,0.0,0.0,0.0,0.0,0.0,0.0,0.0,0.0,0.0,0.0,0.0,0.0,0.0,0.27549755573272705,0.0,0.0,0.0,0.0,0.0,0.0,0.0,0.0,0.0009239051141776145,0.0,0.0,0.0,0.0,0.0,0.0,0.0,0.0,0.0,0.0,0.0,0.0,0.0,0.0,0.0,0.0,0.0,0.0,0.09578496962785721,0.0,0.0,0.0,0.0,0.0,0.0,0.0,0.0,0.0,0.0,0.0,0.0,0.0,0.0,0.0,0.0,0.0,0.0,0.0,0.0,0.0,0.0,0.0,0.0,0.0,0.0,0.0034059735480695963,0.0,0.0,0.0,0.0,0.0,0.0,0.0,0.0,0.0,0.0,0.0,0.0,0.0,0.0,0.0,0.0,0.0,0.0,0.0,0.0,0.0,0.0003127045347355306,0.0,0.0018471716903150082,0.0,0.0,0.0,0.0,0.0,0.0,0.0,0.0,0.0,0.0,0.0,0.0,0.0,0.0,0.0,0.0,0.0,0.0,0.0,0.0,0.0,0.0,0.0,0.0,0.0,0.0,0.0,0.00199695467017591,,,,,,,,,,,,,,,,,,,,,,,,,,,,,,,,,,,,,,,,,,,,,,,,,,,,,,,,,,,,,,,,,,,,,,,,,,,,,,,,,,,,,,,,,,,,,,,,,,,,,,,,,,,,,,,,,,,,,,,,,,,,,,,,,,,,,,,,,,,,,,,,,,,,,,,,,,,,,,,,,,,,,,,,,,,,,,,,,,,,,,,,,,,,,,,,,,,,,,,,,,,,,,,,,,,,,,,,,,,,,,,,,,,,,,,,,,,,,,,,,,,,,,,,,,,,,,,,,,,,,,,,,,,,
2019-08-23,689531.3089506606,6914.875304124251,,,,,,,,,,,36521.60867337864,38814.94436083215,263592.85111458553,,107297.13536776042,,,,,,45584.43297502726,16011.34730013754,19272.400984609234,9068.14322383409,44575.020860645905,41868.72878937246,,,,,,,,,,,,,,,,,,,,,,,,,,,,,,,,,,,,,,,,,,,,,,,,,,,,,,,,,,,,,,,,,,,,,,,,,,,,,,,,,,,,,,,,,,,,,,,,0.0,0.0,0.0,0.0,0.0,0.0017591469222679734,0.0,0.0,0.0,0.0,0.0,0.0,0.0,0.0,0.0,0.0,0.0,0.0,0.0,0.0,0.0,0.0,0.0,0.0,0.0013064012164250016,0.0,0.0,0.0036453166976571083,0.0,0.0,0.0,0.0035564147401601076,0.0,0.0,0.0,0.0,0.0,0.0,0.0,0.0,0.0,0.35433509945869446,0.0,0.0,0.0,0.0,0.0,0.0,0.000280939566437155,0.0,0.0,0.0,0.0,0.0,0.0,0.0,0.0,0.0,0.0,0.0,0.0,0.0,0.0,0.0,0.0,0.0,0.0,0.0,0.0,0.0,0.0,0.0,0.0,0.0,0.0,0.0,0.0,0.0,0.0,0.0,0.0,0.0002895304933190346,0.0,0.0,0.0,0.0,0.0,0.0,0.0,0.0004514709289651364,0.0,0.0,0.0,0.0,0.0,0.0,0.0,0.0,0.0,0.0,0.0,0.0,0.0,0.0,0.0,0.23673413693904877,0.0,0.0,0.0,0.0,0.0,0.0,0.0,0.0,0.0,0.0,0.0,0.0,0.0,0.0,0.006112119648605585,0.0,0.0,0.0,0.0,0.0,0.0,0.0,0.0,0.0,0.0,0.0,0.0,0.0,0.0009501978638581932,0.0,0.0,0.0,0.0,0.0,0.0,0.0,0.0,0.0,0.0,0.0,0.0,0.0,0.0,0.0,0.0,0.0,0.0,0.0,0.0,0.0,0.0,0.0,0.0,0.0,0.0,0.0,0.0,0.0,0.0,0.0,0.0,0.0,0.0,0.0,0.0,0.0004413347051013261,0.0014393494930118322,0.0,0.0,0.0,0.0,0.0,0.0,0.0,0.0,0.0,0.0,0.0,0.0,0.0,0.0,0.0,0.0,0.0,0.0,0.0,0.0,0.0,0.0010530672734603286,0.0,0.0,0.0,0.0,0.0,0.0,0.0,0.0,0.0,0.0,0.0,0.0,0.0,0.0,0.0,0.0004487152036745101,0.0,0.0,0.0,0.0,0.0,0.0,0.0,0.0,0.0,0.0,0.0,0.0,0.0,0.0,0.0,0.0,0.0,0.0,0.0,0.0,0.0,0.0,0.0,0.002649371512234211,0.0,0.0,0.0,0.0,0.0,0.0,0.0,1.6639629393466748e-05,0.0,0.0,0.0,0.0,0.0,0.0,0.0,0.0,0.0,0.0,0.0,0.0,0.0,0.0,0.0,0.0,0.0,0.0,0.0,0.0,0.0,0.0,0.0,0.0,0.0,0.0,0.0,0.0,0.0,0.0,0.0,0.0,0.0,0.0,0.0,0.0,0.0,0.0,0.0,0.0,0.0,0.0,0.0,0.0,0.0,0.0,0.0,0.0,0.0,0.0,0.0,0.0,0.0,0.0,0.0,0.0,0.0,0.0,0.0,0.0,0.0,0.0,0.0,0.00022665342839900404,0.0,0.0,0.0,0.0,0.0,0.0,0.0,0.0,0.0,0.0,0.0,0.0,0.0,0.0,0.0,0.0,0.0,0.0,0.0,0.0,0.0,0.0,0.0005905237630940974,0.0,0.0,0.0019058078760281205,0.0,0.0,0.0,0.0,0.0,0.0,0.0,0.0,0.0,0.0,0.0,0.0,0.0,0.0,0.0,0.0,0.0,0.0,0.0,0.0,0.0,0.0,0.0,0.0,0.0,0.0,0.0,0.0,0.0,0.0,0.0,0.0,0.0,0.0,0.0,0.0,0.0020384937524795532,0.0,0.0,0.0,0.0,0.0,0.0,0.0,0.0,0.0,0.0,0.0,0.0,0.0,0.0,0.0,0.0,0.0,0.0,0.0,0.0,0.0,0.0,0.27549755573272705,0.0,0.0,0.0,0.0,0.0,0.0,0.0,0.0,0.0009239051141776145,0.0,0.0,0.0,0.0,0.0,0.0,0.0,0.0,0.0,0.0,0.0,0.0,0.0,0.0,0.0,0.0,0.0,0.0,0.09578496962785721,0.0,0.0,0.0,0.0,0.0,0.0,0.0,0.0,0.0,0.0,0.0,0.0,0.0,0.0,0.0,0.0,0.0,0.0,0.0,0.0,0.0,0.0,0.0,0.0,0.0,0.0,0.0034059735480695963,0.0,0.0,0.0,0.0,0.0,0.0,0.0,0.0,0.0,0.0,0.0,0.0,0.0,0.0,0.0,0.0,0.0,0.0,0.0,0.0,0.0,0.0003127045347355306,0.0,0.0018471716903150082,0.0,0.0,0.0,0.0,0.0,0.0,0.0,0.0,0.0,0.0,0.0,0.0,0.0,0.0,0.0,0.0,0.0,0.0,0.0,0.0,0.0,0.0,0.0,0.0,0.0,0.0,0.0,0.00199695467017591,,,,,,,,,,,,,,,,,,,,,,,,,,,,,,,,,,,,,,,,,,,,,,,,,,,,,,,,,,,,,,,,,,,,,,,,,,,,,,,,,,,,,,,,,,,,,,,,,,,,,,,,,,,,,,,,,,,,,,,,,,,,,,,,,,,,,,,,,,,,,,,,,,,,,,,,,,,,,,,,,,,,,,,,,,,,,,,,,,,,,,,,,,,,,,,,,,,,,,,,,,,,,,,,,,,,,,,,,,,,,,,,,,,,,,,,,,,,,,,,,,,,,,,,,,,,,,,,,,,,,,,,,,,,
2019-08-26,677161.9634576801,2903.538048441618,,,,,,,,,,,36624.630944101686,40195.38743892687,263592.85111458553,,105895.21143331617,,,,,,44493.45569061377,16307.33064486057,19040.639513793245,9067.97724890619,47357.79440706383,41631.38284233309,,,,,,,,,,,,,,,,,,,,,,,,,,,,,,,,,,,,,,,,,,,,,,,,,,,,,,,,,,,,,,,,,,,,,,,,,,,,,,,,,,,,,,,,,,,,,,,,0.0,0.0,0.0,0.0,0.0,0.0017591469222679734,0.0,0.0,0.0,0.0,0.0,0.0,0.0,0.0,0.0,0.0,0.0,0.0,0.0,0.0,0.0,0.0,0.0,0.0,0.0013064012164250016,0.0,0.0,0.0036453166976571083,0.0,0.0,0.0,0.0035564147401601076,0.0,0.0,0.0,0.0,0.0,0.0,0.0,0.0,0.0,0.35433509945869446,0.0,0.0,0.0,0.0,0.0,0.0,0.000280939566437155,0.0,0.0,0.0,0.0,0.0,0.0,0.0,0.0,0.0,0.0,0.0,0.0,0.0,0.0,0.0,0.0,0.0,0.0,0.0,0.0,0.0,0.0,0.0,0.0,0.0,0.0,0.0,0.0,0.0,0.0,0.0,0.0,0.0002895304933190346,0.0,0.0,0.0,0.0,0.0,0.0,0.0,0.0004514709289651364,0.0,0.0,0.0,0.0,0.0,0.0,0.0,0.0,0.0,0.0,0.0,0.0,0.0,0.0,0.0,0.23673413693904877,0.0,0.0,0.0,0.0,0.0,0.0,0.0,0.0,0.0,0.0,0.0,0.0,0.0,0.0,0.006112119648605585,0.0,0.0,0.0,0.0,0.0,0.0,0.0,0.0,0.0,0.0,0.0,0.0,0.0,0.0009501978638581932,0.0,0.0,0.0,0.0,0.0,0.0,0.0,0.0,0.0,0.0,0.0,0.0,0.0,0.0,0.0,0.0,0.0,0.0,0.0,0.0,0.0,0.0,0.0,0.0,0.0,0.0,0.0,0.0,0.0,0.0,0.0,0.0,0.0,0.0,0.0,0.0,0.0004413347051013261,0.0014393494930118322,0.0,0.0,0.0,0.0,0.0,0.0,0.0,0.0,0.0,0.0,0.0,0.0,0.0,0.0,0.0,0.0,0.0,0.0,0.0,0.0,0.0,0.0010530672734603286,0.0,0.0,0.0,0.0,0.0,0.0,0.0,0.0,0.0,0.0,0.0,0.0,0.0,0.0,0.0,0.0004487152036745101,0.0,0.0,0.0,0.0,0.0,0.0,0.0,0.0,0.0,0.0,0.0,0.0,0.0,0.0,0.0,0.0,0.0,0.0,0.0,0.0,0.0,0.0,0.0,0.002649371512234211,0.0,0.0,0.0,0.0,0.0,0.0,0.0,1.6639629393466748e-05,0.0,0.0,0.0,0.0,0.0,0.0,0.0,0.0,0.0,0.0,0.0,0.0,0.0,0.0,0.0,0.0,0.0,0.0,0.0,0.0,0.0,0.0,0.0,0.0,0.0,0.0,0.0,0.0,0.0,0.0,0.0,0.0,0.0,0.0,0.0,0.0,0.0,0.0,0.0,0.0,0.0,0.0,0.0,0.0,0.0,0.0,0.0,0.0,0.0,0.0,0.0,0.0,0.0,0.0,0.0,0.0,0.0,0.0,0.0,0.0,0.0,0.0,0.0,0.00022665342839900404,0.0,0.0,0.0,0.0,0.0,0.0,0.0,0.0,0.0,0.0,0.0,0.0,0.0,0.0,0.0,0.0,0.0,0.0,0.0,0.0,0.0,0.0,0.0005905237630940974,0.0,0.0,0.0019058078760281205,0.0,0.0,0.0,0.0,0.0,0.0,0.0,0.0,0.0,0.0,0.0,0.0,0.0,0.0,0.0,0.0,0.0,0.0,0.0,0.0,0.0,0.0,0.0,0.0,0.0,0.0,0.0,0.0,0.0,0.0,0.0,0.0,0.0,0.0,0.0,0.0,0.0020384937524795532,0.0,0.0,0.0,0.0,0.0,0.0,0.0,0.0,0.0,0.0,0.0,0.0,0.0,0.0,0.0,0.0,0.0,0.0,0.0,0.0,0.0,0.0,0.27549755573272705,0.0,0.0,0.0,0.0,0.0,0.0,0.0,0.0,0.0009239051141776145,0.0,0.0,0.0,0.0,0.0,0.0,0.0,0.0,0.0,0.0,0.0,0.0,0.0,0.0,0.0,0.0,0.0,0.0,0.09578496962785721,0.0,0.0,0.0,0.0,0.0,0.0,0.0,0.0,0.0,0.0,0.0,0.0,0.0,0.0,0.0,0.0,0.0,0.0,0.0,0.0,0.0,0.0,0.0,0.0,0.0,0.0,0.0034059735480695963,0.0,0.0,0.0,0.0,0.0,0.0,0.0,0.0,0.0,0.0,0.0,0.0,0.0,0.0,0.0,0.0,0.0,0.0,0.0,0.0,0.0,0.0003127045347355306,0.0,0.0018471716903150082,0.0,0.0,0.0,0.0,0.0,0.0,0.0,0.0,0.0,0.0,0.0,0.0,0.0,0.0,0.0,0.0,0.0,0.0,0.0,0.0,0.0,0.0,0.0,0.0,0.0,0.0,0.0,0.00199695467017591,,,,,,,,,,,,,,,,,,,,,,,,,,,,,,,,,,,,,,,,,,,,,,,,,,,,,,,,,,,,,,,,,,,,,,,,,,,,,,,,,,,,,,,,,,,,,,,,,,,,,,,,,,,,,,,,,,,,,,,,,,,,,,,,,,,,,,,,,,,,,,,,,,,,,,,,,,,,,,,,,,,,,,,,,,,,,,,,,,,,,,,,,,,,,,,,,,,,,,,,,,,,,,,,,,,,,,,,,,,,,,,,,,,,,,,,,,,,,,,,,,,,,,,,,,,,,,,,,,,,,,,,,,,,
2019-08-27,675343.1612733142,7758.902238375975,,,,,,,,,,,36012.52012052339,42011.61414769488,267564.961635779,,106260.339154386,,,,,,44090.16583364109,16009.726039851947,18808.75027862865,8656.213819735478,47356.718119356,40482.043065756836,,,,,,,,,,,,,,,,,,,,,,,,,,,,,,,,,,,,,,,,,,,,,,,,,,,,,,,,,,,,,,,,,,,,,,,,,,,,,,,,,,,,,,,,,,,,,,,,0.0,0.0,0.0,0.0,0.0,0.0017591469222679734,0.0,0.0,0.0,0.0,0.0,0.0,0.0,0.0,0.0,0.0,0.0,0.0,0.0,0.0,0.0,0.0,0.0,0.0,0.0013064012164250016,0.0,0.0,0.0036453166976571083,0.0,0.0,0.0,0.0035564147401601076,0.0,0.0,0.0,0.0,0.0,0.0,0.0,0.0,0.0,0.35433509945869446,0.0,0.0,0.0,0.0,0.0,0.0,0.000280939566437155,0.0,0.0,0.0,0.0,0.0,0.0,0.0,0.0,0.0,0.0,0.0,0.0,0.0,0.0,0.0,0.0,0.0,0.0,0.0,0.0,0.0,0.0,0.0,0.0,0.0,0.0,0.0,0.0,0.0,0.0,0.0,0.0,0.0002895304933190346,0.0,0.0,0.0,0.0,0.0,0.0,0.0,0.0004514709289651364,0.0,0.0,0.0,0.0,0.0,0.0,0.0,0.0,0.0,0.0,0.0,0.0,0.0,0.0,0.0,0.23673413693904877,0.0,0.0,0.0,0.0,0.0,0.0,0.0,0.0,0.0,0.0,0.0,0.0,0.0,0.0,0.006112119648605585,0.0,0.0,0.0,0.0,0.0,0.0,0.0,0.0,0.0,0.0,0.0,0.0,0.0,0.0009501978638581932,0.0,0.0,0.0,0.0,0.0,0.0,0.0,0.0,0.0,0.0,0.0,0.0,0.0,0.0,0.0,0.0,0.0,0.0,0.0,0.0,0.0,0.0,0.0,0.0,0.0,0.0,0.0,0.0,0.0,0.0,0.0,0.0,0.0,0.0,0.0,0.0,0.0004413347051013261,0.0014393494930118322,0.0,0.0,0.0,0.0,0.0,0.0,0.0,0.0,0.0,0.0,0.0,0.0,0.0,0.0,0.0,0.0,0.0,0.0,0.0,0.0,0.0,0.0010530672734603286,0.0,0.0,0.0,0.0,0.0,0.0,0.0,0.0,0.0,0.0,0.0,0.0,0.0,0.0,0.0,0.0004487152036745101,0.0,0.0,0.0,0.0,0.0,0.0,0.0,0.0,0.0,0.0,0.0,0.0,0.0,0.0,0.0,0.0,0.0,0.0,0.0,0.0,0.0,0.0,0.0,0.002649371512234211,0.0,0.0,0.0,0.0,0.0,0.0,0.0,1.6639629393466748e-05,0.0,0.0,0.0,0.0,0.0,0.0,0.0,0.0,0.0,0.0,0.0,0.0,0.0,0.0,0.0,0.0,0.0,0.0,0.0,0.0,0.0,0.0,0.0,0.0,0.0,0.0,0.0,0.0,0.0,0.0,0.0,0.0,0.0,0.0,0.0,0.0,0.0,0.0,0.0,0.0,0.0,0.0,0.0,0.0,0.0,0.0,0.0,0.0,0.0,0.0,0.0,0.0,0.0,0.0,0.0,0.0,0.0,0.0,0.0,0.0,0.0,0.0,0.0,0.00022665342839900404,0.0,0.0,0.0,0.0,0.0,0.0,0.0,0.0,0.0,0.0,0.0,0.0,0.0,0.0,0.0,0.0,0.0,0.0,0.0,0.0,0.0,0.0,0.0005905237630940974,0.0,0.0,0.0019058078760281205,0.0,0.0,0.0,0.0,0.0,0.0,0.0,0.0,0.0,0.0,0.0,0.0,0.0,0.0,0.0,0.0,0.0,0.0,0.0,0.0,0.0,0.0,0.0,0.0,0.0,0.0,0.0,0.0,0.0,0.0,0.0,0.0,0.0,0.0,0.0,0.0,0.0020384937524795532,0.0,0.0,0.0,0.0,0.0,0.0,0.0,0.0,0.0,0.0,0.0,0.0,0.0,0.0,0.0,0.0,0.0,0.0,0.0,0.0,0.0,0.0,0.27549755573272705,0.0,0.0,0.0,0.0,0.0,0.0,0.0,0.0,0.0009239051141776145,0.0,0.0,0.0,0.0,0.0,0.0,0.0,0.0,0.0,0.0,0.0,0.0,0.0,0.0,0.0,0.0,0.0,0.0,0.09578496962785721,0.0,0.0,0.0,0.0,0.0,0.0,0.0,0.0,0.0,0.0,0.0,0.0,0.0,0.0,0.0,0.0,0.0,0.0,0.0,0.0,0.0,0.0,0.0,0.0,0.0,0.0,0.0034059735480695963,0.0,0.0,0.0,0.0,0.0,0.0,0.0,0.0,0.0,0.0,0.0,0.0,0.0,0.0,0.0,0.0,0.0,0.0,0.0,0.0,0.0,0.0003127045347355306,0.0,0.0018471716903150082,0.0,0.0,0.0,0.0,0.0,0.0,0.0,0.0,0.0,0.0,0.0,0.0,0.0,0.0,0.0,0.0,0.0,0.0,0.0,0.0,0.0,0.0,0.0,0.0,0.0,0.0,0.0,0.00199695467017591,,,,,,,,,,,,,,,,,,,,,,,,,,,,,,,,,,,,,,,,,,,,,,,,,,,,,,,,,,,,,,,,,,,,,,,,,,,,,,,,,,,,,,,,,,,,,,,,,,,,,,,,,,,,,,,,,,,,,,,,,,,,,,,,,,,,,,,,,,,,,,,,,,,,,,,,,,,,,,,,,,,,,,,,,,,,,,,,,,,,,,,,,,,,,,,,,,,,,,,,,,,,,,,,,,,,,,,,,,,,,,,,,,,,,,,,,,,,,,,,,,,,,,,,,,,,,,,,,,,,,,,,,,,,
2019-08-28,667189.4521018222,5163.250790540575,,,,,,,,,,,36268.58299140179,41140.19918885058,316097.869385487,,104846.74399338235,,,,,,44090.16583364109,16010.833724044924,18053.668406737037,8656.213819735478,47358.00573870671,39091.95823811444,,,,,,,,,,,,,,,,,,,,,,,,,,,,,,,,,,,,,,,,,,,,,,,,,,,,,,,,,,,,,,,,,,,,,,,,,,,,,,,,,,,,,,,,,,,,,,,,0.0,0.0,0.0,0.0,0.0,0.0017591469222679734,0.0,0.0,0.0,0.0,0.0,0.0,0.0,0.0,0.0,0.0,0.0,0.0,0.0,0.0,0.0,0.0,0.0,0.0,0.0013064012164250016,0.0,0.0,0.0036453166976571083,0.0,0.0,0.0,0.0035564147401601076,0.0,0.0,0.0,0.0,0.0,0.0,0.0,0.0,0.0,0.35433509945869446,0.0,0.0,0.0,0.0,0.0,0.0,0.000280939566437155,0.0,0.0,0.0,0.0,0.0,0.0,0.0,0.0,0.0,0.0,0.0,0.0,0.0,0.0,0.0,0.0,0.0,0.0,0.0,0.0,0.0,0.0,0.0,0.0,0.0,0.0,0.0,0.0,0.0,0.0,0.0,0.0,0.0002895304933190346,0.0,0.0,0.0,0.0,0.0,0.0,0.0,0.0004514709289651364,0.0,0.0,0.0,0.0,0.0,0.0,0.0,0.0,0.0,0.0,0.0,0.0,0.0,0.0,0.0,0.23673413693904877,0.0,0.0,0.0,0.0,0.0,0.0,0.0,0.0,0.0,0.0,0.0,0.0,0.0,0.0,0.006112119648605585,0.0,0.0,0.0,0.0,0.0,0.0,0.0,0.0,0.0,0.0,0.0,0.0,0.0,0.0009501978638581932,0.0,0.0,0.0,0.0,0.0,0.0,0.0,0.0,0.0,0.0,0.0,0.0,0.0,0.0,0.0,0.0,0.0,0.0,0.0,0.0,0.0,0.0,0.0,0.0,0.0,0.0,0.0,0.0,0.0,0.0,0.0,0.0,0.0,0.0,0.0,0.0,0.0004413347051013261,0.0014393494930118322,0.0,0.0,0.0,0.0,0.0,0.0,0.0,0.0,0.0,0.0,0.0,0.0,0.0,0.0,0.0,0.0,0.0,0.0,0.0,0.0,0.0,0.0010530672734603286,0.0,0.0,0.0,0.0,0.0,0.0,0.0,0.0,0.0,0.0,0.0,0.0,0.0,0.0,0.0,0.0004487152036745101,0.0,0.0,0.0,0.0,0.0,0.0,0.0,0.0,0.0,0.0,0.0,0.0,0.0,0.0,0.0,0.0,0.0,0.0,0.0,0.0,0.0,0.0,0.0,0.002649371512234211,0.0,0.0,0.0,0.0,0.0,0.0,0.0,1.6639629393466748e-05,0.0,0.0,0.0,0.0,0.0,0.0,0.0,0.0,0.0,0.0,0.0,0.0,0.0,0.0,0.0,0.0,0.0,0.0,0.0,0.0,0.0,0.0,0.0,0.0,0.0,0.0,0.0,0.0,0.0,0.0,0.0,0.0,0.0,0.0,0.0,0.0,0.0,0.0,0.0,0.0,0.0,0.0,0.0,0.0,0.0,0.0,0.0,0.0,0.0,0.0,0.0,0.0,0.0,0.0,0.0,0.0,0.0,0.0,0.0,0.0,0.0,0.0,0.0,0.00022665342839900404,0.0,0.0,0.0,0.0,0.0,0.0,0.0,0.0,0.0,0.0,0.0,0.0,0.0,0.0,0.0,0.0,0.0,0.0,0.0,0.0,0.0,0.0,0.0005905237630940974,0.0,0.0,0.0019058078760281205,0.0,0.0,0.0,0.0,0.0,0.0,0.0,0.0,0.0,0.0,0.0,0.0,0.0,0.0,0.0,0.0,0.0,0.0,0.0,0.0,0.0,0.0,0.0,0.0,0.0,0.0,0.0,0.0,0.0,0.0,0.0,0.0,0.0,0.0,0.0,0.0,0.0020384937524795532,0.0,0.0,0.0,0.0,0.0,0.0,0.0,0.0,0.0,0.0,0.0,0.0,0.0,0.0,0.0,0.0,0.0,0.0,0.0,0.0,0.0,0.0,0.27549755573272705,0.0,0.0,0.0,0.0,0.0,0.0,0.0,0.0,0.0009239051141776145,0.0,0.0,0.0,0.0,0.0,0.0,0.0,0.0,0.0,0.0,0.0,0.0,0.0,0.0,0.0,0.0,0.0,0.0,0.09578496962785721,0.0,0.0,0.0,0.0,0.0,0.0,0.0,0.0,0.0,0.0,0.0,0.0,0.0,0.0,0.0,0.0,0.0,0.0,0.0,0.0,0.0,0.0,0.0,0.0,0.0,0.0,0.0034059735480695963,0.0,0.0,0.0,0.0,0.0,0.0,0.0,0.0,0.0,0.0,0.0,0.0,0.0,0.0,0.0,0.0,0.0,0.0,0.0,0.0,0.0,0.0003127045347355306,0.0,0.0018471716903150082,0.0,0.0,0.0,0.0,0.0,0.0,0.0,0.0,0.0,0.0,0.0,0.0,0.0,0.0,0.0,0.0,0.0,0.0,0.0,0.0,0.0,0.0,0.0,0.0,0.0,0.0,0.0,0.00199695467017591,,,,,,,,,,,,,,,,,,,,,,,,,,,,,,,,,,,,,,,,,,,,,,,,,,,,,,,,,,,,,,,,,,,,,,,,,,,,,,,,,,,,,,,,,,,,,,,,,,,,,,,,,,,,,,,,,,,,,,,,,,,,,,,,,,,,,,,,,,,,,,,,,,,,,,,,,,,,,,,,,,,,,,,,,,,,,,,,,,,,,,,,,,,,,,,,,,,,,,,,,,,,,,,,,,,,,,,,,,,,,,,,,,,,,,,,,,,,,,,,,,,,,,,,,,,,,,,,,,,,,,,,,,,,
2019-08-29,656020.482584471,7125.989340628589,,,,,,,,,,,35861.52696915778,41793.618727479974,344747.47718400194,,104525.35401425215,,,,,,44090.16583364109,16011.34730013754,17707.83286795798,8656.213819735478,44568.90587950842,38162.64282002929,,,,,,,,,,,,,,,,,,,,,,,,,,,,,,,,,,,,,,,,,,,,,,,,,,,,,,,,,,,,,,,,,,,,,,,,,,,,,,,,,,,,,,,,,,,,,,,,0.0,0.0,0.0,0.0,0.0,0.0017591469222679734,0.0,0.0,0.0,0.0,0.0,0.0,0.0,0.0,0.0,0.0,0.0,0.0,0.0,0.0,0.0,0.0,0.0,0.0,0.0013064012164250016,0.0,0.0,0.0036453166976571083,0.0,0.0,0.0,0.0035564147401601076,0.0,0.0,0.0,0.0,0.0,0.0,0.0,0.0,0.0,0.35433509945869446,0.0,0.0,0.0,0.0,0.0,0.0,0.000280939566437155,0.0,0.0,0.0,0.0,0.0,0.0,0.0,0.0,0.0,0.0,0.0,0.0,0.0,0.0,0.0,0.0,0.0,0.0,0.0,0.0,0.0,0.0,0.0,0.0,0.0,0.0,0.0,0.0,0.0,0.0,0.0,0.0,0.0002895304933190346,0.0,0.0,0.0,0.0,0.0,0.0,0.0,0.0004514709289651364,0.0,0.0,0.0,0.0,0.0,0.0,0.0,0.0,0.0,0.0,0.0,0.0,0.0,0.0,0.0,0.23673413693904877,0.0,0.0,0.0,0.0,0.0,0.0,0.0,0.0,0.0,0.0,0.0,0.0,0.0,0.0,0.006112119648605585,0.0,0.0,0.0,0.0,0.0,0.0,0.0,0.0,0.0,0.0,0.0,0.0,0.0,0.0009501978638581932,0.0,0.0,0.0,0.0,0.0,0.0,0.0,0.0,0.0,0.0,0.0,0.0,0.0,0.0,0.0,0.0,0.0,0.0,0.0,0.0,0.0,0.0,0.0,0.0,0.0,0.0,0.0,0.0,0.0,0.0,0.0,0.0,0.0,0.0,0.0,0.0,0.0004413347051013261,0.0014393494930118322,0.0,0.0,0.0,0.0,0.0,0.0,0.0,0.0,0.0,0.0,0.0,0.0,0.0,0.0,0.0,0.0,0.0,0.0,0.0,0.0,0.0,0.0010530672734603286,0.0,0.0,0.0,0.0,0.0,0.0,0.0,0.0,0.0,0.0,0.0,0.0,0.0,0.0,0.0,0.0004487152036745101,0.0,0.0,0.0,0.0,0.0,0.0,0.0,0.0,0.0,0.0,0.0,0.0,0.0,0.0,0.0,0.0,0.0,0.0,0.0,0.0,0.0,0.0,0.0,0.002649371512234211,0.0,0.0,0.0,0.0,0.0,0.0,0.0,1.6639629393466748e-05,0.0,0.0,0.0,0.0,0.0,0.0,0.0,0.0,0.0,0.0,0.0,0.0,0.0,0.0,0.0,0.0,0.0,0.0,0.0,0.0,0.0,0.0,0.0,0.0,0.0,0.0,0.0,0.0,0.0,0.0,0.0,0.0,0.0,0.0,0.0,0.0,0.0,0.0,0.0,0.0,0.0,0.0,0.0,0.0,0.0,0.0,0.0,0.0,0.0,0.0,0.0,0.0,0.0,0.0,0.0,0.0,0.0,0.0,0.0,0.0,0.0,0.0,0.0,0.00022665342839900404,0.0,0.0,0.0,0.0,0.0,0.0,0.0,0.0,0.0,0.0,0.0,0.0,0.0,0.0,0.0,0.0,0.0,0.0,0.0,0.0,0.0,0.0,0.0005905237630940974,0.0,0.0,0.0019058078760281205,0.0,0.0,0.0,0.0,0.0,0.0,0.0,0.0,0.0,0.0,0.0,0.0,0.0,0.0,0.0,0.0,0.0,0.0,0.0,0.0,0.0,0.0,0.0,0.0,0.0,0.0,0.0,0.0,0.0,0.0,0.0,0.0,0.0,0.0,0.0,0.0,0.0020384937524795532,0.0,0.0,0.0,0.0,0.0,0.0,0.0,0.0,0.0,0.0,0.0,0.0,0.0,0.0,0.0,0.0,0.0,0.0,0.0,0.0,0.0,0.0,0.27549755573272705,0.0,0.0,0.0,0.0,0.0,0.0,0.0,0.0,0.0009239051141776145,0.0,0.0,0.0,0.0,0.0,0.0,0.0,0.0,0.0,0.0,0.0,0.0,0.0,0.0,0.0,0.0,0.0,0.0,0.09578496962785721,0.0,0.0,0.0,0.0,0.0,0.0,0.0,0.0,0.0,0.0,0.0,0.0,0.0,0.0,0.0,0.0,0.0,0.0,0.0,0.0,0.0,0.0,0.0,0.0,0.0,0.0,0.0034059735480695963,0.0,0.0,0.0,0.0,0.0,0.0,0.0,0.0,0.0,0.0,0.0,0.0,0.0,0.0,0.0,0.0,0.0,0.0,0.0,0.0,0.0,0.0003127045347355306,0.0,0.0018471716903150082,0.0,0.0,0.0,0.0,0.0,0.0,0.0,0.0,0.0,0.0,0.0,0.0,0.0,0.0,0.0,0.0,0.0,0.0,0.0,0.0,0.0,0.0,0.0,0.0,0.0,0.0,0.0,0.00199695467017591,,,,,,,,,,,,,,,,,,,,,,,,,,,,,,,,,,,,,,,,,,,,,,,,,,,,,,,,,,,,,,,,,,,,,,,,,,,,,,,,,,,,,,,,,,,,,,,,,,,,,,,,,,,,,,,,,,,,,,,,,,,,,,,,,,,,,,,,,,,,,,,,,,,,,,,,,,,,,,,,,,,,,,,,,,,,,,,,,,,,,,,,,,,,,,,,,,,,,,,,,,,,,,,,,,,,,,,,,,,,,,,,,,,,,,,,,,,,,,,,,,,,,,,,,,,,,,,,,,,,,,,,,,,,
2019-08-30,640572.6718226435,9460.189720059094,,,,,,,,,,,35758.47633892075,44265.84861136071,361214.04987073457,,106206.80195160145,,,,,,43257.5263658745,15120.179249925051,17532.30084839308,9068.614447511347,41787.52945029778,36779.4889047048,,,,,,,,,,,,,,,,,,,,,,,,,,,,,,,,,,,,,,,,,,,,,,,,,,,,,,,,,,,,,,,,,,,,,,,,,,,,,,,,,,,,,,,,,,,,,,,,0.0,0.0,0.0,0.0,0.0,0.0017591469222679734,0.0,0.0,0.0,0.0,0.0,0.0,0.0,0.0,0.0,0.0,0.0,0.0,0.0,0.0,0.0,0.0,0.0,0.0,0.0013064012164250016,0.0,0.0,0.0036453166976571083,0.0,0.0,0.0,0.0035564147401601076,0.0,0.0,0.0,0.0,0.0,0.0,0.0,0.0,0.0,0.35433509945869446,0.0,0.0,0.0,0.0,0.0,0.0,0.000280939566437155,0.0,0.0,0.0,0.0,0.0,0.0,0.0,0.0,0.0,0.0,0.0,0.0,0.0,0.0,0.0,0.0,0.0,0.0,0.0,0.0,0.0,0.0,0.0,0.0,0.0,0.0,0.0,0.0,0.0,0.0,0.0,0.0,0.0002895304933190346,0.0,0.0,0.0,0.0,0.0,0.0,0.0,0.0004514709289651364,0.0,0.0,0.0,0.0,0.0,0.0,0.0,0.0,0.0,0.0,0.0,0.0,0.0,0.0,0.0,0.23673413693904877,0.0,0.0,0.0,0.0,0.0,0.0,0.0,0.0,0.0,0.0,0.0,0.0,0.0,0.0,0.006112119648605585,0.0,0.0,0.0,0.0,0.0,0.0,0.0,0.0,0.0,0.0,0.0,0.0,0.0,0.0009501978638581932,0.0,0.0,0.0,0.0,0.0,0.0,0.0,0.0,0.0,0.0,0.0,0.0,0.0,0.0,0.0,0.0,0.0,0.0,0.0,0.0,0.0,0.0,0.0,0.0,0.0,0.0,0.0,0.0,0.0,0.0,0.0,0.0,0.0,0.0,0.0,0.0,0.0004413347051013261,0.0014393494930118322,0.0,0.0,0.0,0.0,0.0,0.0,0.0,0.0,0.0,0.0,0.0,0.0,0.0,0.0,0.0,0.0,0.0,0.0,0.0,0.0,0.0,0.0010530672734603286,0.0,0.0,0.0,0.0,0.0,0.0,0.0,0.0,0.0,0.0,0.0,0.0,0.0,0.0,0.0,0.0004487152036745101,0.0,0.0,0.0,0.0,0.0,0.0,0.0,0.0,0.0,0.0,0.0,0.0,0.0,0.0,0.0,0.0,0.0,0.0,0.0,0.0,0.0,0.0,0.0,0.002649371512234211,0.0,0.0,0.0,0.0,0.0,0.0,0.0,1.6639629393466748e-05,0.0,0.0,0.0,0.0,0.0,0.0,0.0,0.0,0.0,0.0,0.0,0.0,0.0,0.0,0.0,0.0,0.0,0.0,0.0,0.0,0.0,0.0,0.0,0.0,0.0,0.0,0.0,0.0,0.0,0.0,0.0,0.0,0.0,0.0,0.0,0.0,0.0,0.0,0.0,0.0,0.0,0.0,0.0,0.0,0.0,0.0,0.0,0.0,0.0,0.0,0.0,0.0,0.0,0.0,0.0,0.0,0.0,0.0,0.0,0.0,0.0,0.0,0.0,0.00022665342839900404,0.0,0.0,0.0,0.0,0.0,0.0,0.0,0.0,0.0,0.0,0.0,0.0,0.0,0.0,0.0,0.0,0.0,0.0,0.0,0.0,0.0,0.0,0.0005905237630940974,0.0,0.0,0.0019058078760281205,0.0,0.0,0.0,0.0,0.0,0.0,0.0,0.0,0.0,0.0,0.0,0.0,0.0,0.0,0.0,0.0,0.0,0.0,0.0,0.0,0.0,0.0,0.0,0.0,0.0,0.0,0.0,0.0,0.0,0.0,0.0,0.0,0.0,0.0,0.0,0.0,0.0020384937524795532,0.0,0.0,0.0,0.0,0.0,0.0,0.0,0.0,0.0,0.0,0.0,0.0,0.0,0.0,0.0,0.0,0.0,0.0,0.0,0.0,0.0,0.0,0.27549755573272705,0.0,0.0,0.0,0.0,0.0,0.0,0.0,0.0,0.0009239051141776145,0.0,0.0,0.0,0.0,0.0,0.0,0.0,0.0,0.0,0.0,0.0,0.0,0.0,0.0,0.0,0.0,0.0,0.0,0.09578496962785721,0.0,0.0,0.0,0.0,0.0,0.0,0.0,0.0,0.0,0.0,0.0,0.0,0.0,0.0,0.0,0.0,0.0,0.0,0.0,0.0,0.0,0.0,0.0,0.0,0.0,0.0,0.0034059735480695963,0.0,0.0,0.0,0.0,0.0,0.0,0.0,0.0,0.0,0.0,0.0,0.0,0.0,0.0,0.0,0.0,0.0,0.0,0.0,0.0,0.0,0.0003127045347355306,0.0,0.0018471716903150082,0.0,0.0,0.0,0.0,0.0,0.0,0.0,0.0,0.0,0.0,0.0,0.0,0.0,0.0,0.0,0.0,0.0,0.0,0.0,0.0,0.0,0.0,0.0,0.0,0.0,0.0,0.0,0.00199695467017591,,,,,,,,,,,,,,,,,,,,,,,,,,,,,,,,,,,,,,,,,,,,,,,,,,,,,,,,,,,,,,,,,,,,,,,,,,,,,,,,,,,,,,,,,,,,,,,,,,,,,,,,,,,,,,,,,,,,,,,,,,,,,,,,,,,,,,,,,,,,,,,,,,,,,,,,,,,,,,,,,,,,,,,,,,,,,,,,,,,,,,,,,,,,,,,,,,,,,,,,,,,,,,,,,,,,,,,,,,,,,,,,,,,,,,,,,,,,,,,,,,,,,,,,,,,,,,,,,,,,,,,,,,,,
2019-09-02,649023.9905084297,1879.9667770740473,,,,,,,,,,,35451.418532243275,44192.20901966578,427877.2124757484,,106955.9329717599,,,,,,42567.320653012386,15120.179249925051,17301.42358902124,9068.4545824535,41789.63720675354,36779.083228479794,,,,,,,,,,,,,,,,,,,,,,,,,,,,,,,,,,,,,,,,,,,,,,,,,,,,,,,,,,,,,,,,,,,,,,,,,,,,,,,,,,,,,,,,,,,,,,,,0.0,0.0,0.0,0.0,0.0,0.0017591469222679734,0.0,0.0,0.0,0.0,0.0,0.0,0.0,0.0,0.0,0.0,0.0,0.0,0.0,0.0,0.0,0.0,0.0,0.0,0.0013064012164250016,0.0,0.0,0.0036453166976571083,0.0,0.0,0.0,0.0035564147401601076,0.0,0.0,0.0,0.0,0.0,0.0,0.0,0.0,0.0,0.35433509945869446,0.0,0.0,0.0,0.0,0.0,0.0,0.000280939566437155,0.0,0.0,0.0,0.0,0.0,0.0,0.0,0.0,0.0,0.0,0.0,0.0,0.0,0.0,0.0,0.0,0.0,0.0,0.0,0.0,0.0,0.0,0.0,0.0,0.0,0.0,0.0,0.0,0.0,0.0,0.0,0.0,0.0002895304933190346,0.0,0.0,0.0,0.0,0.0,0.0,0.0,0.0004514709289651364,0.0,0.0,0.0,0.0,0.0,0.0,0.0,0.0,0.0,0.0,0.0,0.0,0.0,0.0,0.0,0.23673413693904877,0.0,0.0,0.0,0.0,0.0,0.0,0.0,0.0,0.0,0.0,0.0,0.0,0.0,0.0,0.006112119648605585,0.0,0.0,0.0,0.0,0.0,0.0,0.0,0.0,0.0,0.0,0.0,0.0,0.0,0.0009501978638581932,0.0,0.0,0.0,0.0,0.0,0.0,0.0,0.0,0.0,0.0,0.0,0.0,0.0,0.0,0.0,0.0,0.0,0.0,0.0,0.0,0.0,0.0,0.0,0.0,0.0,0.0,0.0,0.0,0.0,0.0,0.0,0.0,0.0,0.0,0.0,0.0,0.0004413347051013261,0.0014393494930118322,0.0,0.0,0.0,0.0,0.0,0.0,0.0,0.0,0.0,0.0,0.0,0.0,0.0,0.0,0.0,0.0,0.0,0.0,0.0,0.0,0.0,0.0010530672734603286,0.0,0.0,0.0,0.0,0.0,0.0,0.0,0.0,0.0,0.0,0.0,0.0,0.0,0.0,0.0,0.0004487152036745101,0.0,0.0,0.0,0.0,0.0,0.0,0.0,0.0,0.0,0.0,0.0,0.0,0.0,0.0,0.0,0.0,0.0,0.0,0.0,0.0,0.0,0.0,0.0,0.002649371512234211,0.0,0.0,0.0,0.0,0.0,0.0,0.0,1.6639629393466748e-05,0.0,0.0,0.0,0.0,0.0,0.0,0.0,0.0,0.0,0.0,0.0,0.0,0.0,0.0,0.0,0.0,0.0,0.0,0.0,0.0,0.0,0.0,0.0,0.0,0.0,0.0,0.0,0.0,0.0,0.0,0.0,0.0,0.0,0.0,0.0,0.0,0.0,0.0,0.0,0.0,0.0,0.0,0.0,0.0,0.0,0.0,0.0,0.0,0.0,0.0,0.0,0.0,0.0,0.0,0.0,0.0,0.0,0.0,0.0,0.0,0.0,0.0,0.0,0.00022665342839900404,0.0,0.0,0.0,0.0,0.0,0.0,0.0,0.0,0.0,0.0,0.0,0.0,0.0,0.0,0.0,0.0,0.0,0.0,0.0,0.0,0.0,0.0,0.0005905237630940974,0.0,0.0,0.0019058078760281205,0.0,0.0,0.0,0.0,0.0,0.0,0.0,0.0,0.0,0.0,0.0,0.0,0.0,0.0,0.0,0.0,0.0,0.0,0.0,0.0,0.0,0.0,0.0,0.0,0.0,0.0,0.0,0.0,0.0,0.0,0.0,0.0,0.0,0.0,0.0,0.0,0.0020384937524795532,0.0,0.0,0.0,0.0,0.0,0.0,0.0,0.0,0.0,0.0,0.0,0.0,0.0,0.0,0.0,0.0,0.0,0.0,0.0,0.0,0.0,0.0,0.27549755573272705,0.0,0.0,0.0,0.0,0.0,0.0,0.0,0.0,0.0009239051141776145,0.0,0.0,0.0,0.0,0.0,0.0,0.0,0.0,0.0,0.0,0.0,0.0,0.0,0.0,0.0,0.0,0.0,0.0,0.09578496962785721,0.0,0.0,0.0,0.0,0.0,0.0,0.0,0.0,0.0,0.0,0.0,0.0,0.0,0.0,0.0,0.0,0.0,0.0,0.0,0.0,0.0,0.0,0.0,0.0,0.0,0.0,0.0034059735480695963,0.0,0.0,0.0,0.0,0.0,0.0,0.0,0.0,0.0,0.0,0.0,0.0,0.0,0.0,0.0,0.0,0.0,0.0,0.0,0.0,0.0,0.0003127045347355306,0.0,0.0018471716903150082,0.0,0.0,0.0,0.0,0.0,0.0,0.0,0.0,0.0,0.0,0.0,0.0,0.0,0.0,0.0,0.0,0.0,0.0,0.0,0.0,0.0,0.0,0.0,0.0,0.0,0.0,0.0,0.00199695467017591,,,,,,,,,,,,,,,,,,,,,,,,,,,,,,,,,,,,,,,,,,,,,,,,,,,,,,,,,,,,,,,,,,,,,,,,,,,,,,,,,,,,,,,,,,,,,,,,,,,,,,,,,,,,,,,,,,,,,,,,,,,,,,,,,,,,,,,,,,,,,,,,,,,,,,,,,,,,,,,,,,,,,,,,,,,,,,,,,,,,,,,,,,,,,,,,,,,,,,,,,,,,,,,,,,,,,,,,,,,,,,,,,,,,,,,,,,,,,,,,,,,,,,,,,,,,,,,,,,,,,,,,,,,,
2019-09-03,647155.4393350566,5729.51723348148,,,,,,,,,,,34685.32667304117,41213.48499433182,490589.1787728623,,106594.18972660539,,,,,,42429.995172485804,15120.179249925051,17301.42358902124,8656.143637502963,41789.04302343333,35391.19329532961,,,,,,,,,,,,,,,,,,,,,,,,,,,,,,,,,,,,,,,,,,,,,,,,,,,,,,,,,,,,,,,,,,,,,,,,,,,,,,,,,,,,,,,,,,,,,,,,0.0,0.0,0.0,0.0,0.0,0.0017591469222679734,0.0,0.0,0.0,0.0,0.0,0.0,0.0,0.0,0.0,0.0,0.0,0.0,0.0,0.0,0.0,0.0,0.0,0.0,0.0013064012164250016,0.0,0.0,0.0036453166976571083,0.0,0.0,0.0,0.0035564147401601076,0.0,0.0,0.0,0.0,0.0,0.0,0.0,0.0,0.0,0.35433509945869446,0.0,0.0,0.0,0.0,0.0,0.0,0.000280939566437155,0.0,0.0,0.0,0.0,0.0,0.0,0.0,0.0,0.0,0.0,0.0,0.0,0.0,0.0,0.0,0.0,0.0,0.0,0.0,0.0,0.0,0.0,0.0,0.0,0.0,0.0,0.0,0.0,0.0,0.0,0.0,0.0,0.0002895304933190346,0.0,0.0,0.0,0.0,0.0,0.0,0.0,0.0004514709289651364,0.0,0.0,0.0,0.0,0.0,0.0,0.0,0.0,0.0,0.0,0.0,0.0,0.0,0.0,0.0,0.23673413693904877,0.0,0.0,0.0,0.0,0.0,0.0,0.0,0.0,0.0,0.0,0.0,0.0,0.0,0.0,0.006112119648605585,0.0,0.0,0.0,0.0,0.0,0.0,0.0,0.0,0.0,0.0,0.0,0.0,0.0,0.0009501978638581932,0.0,0.0,0.0,0.0,0.0,0.0,0.0,0.0,0.0,0.0,0.0,0.0,0.0,0.0,0.0,0.0,0.0,0.0,0.0,0.0,0.0,0.0,0.0,0.0,0.0,0.0,0.0,0.0,0.0,0.0,0.0,0.0,0.0,0.0,0.0,0.0,0.0004413347051013261,0.0014393494930118322,0.0,0.0,0.0,0.0,0.0,0.0,0.0,0.0,0.0,0.0,0.0,0.0,0.0,0.0,0.0,0.0,0.0,0.0,0.0,0.0,0.0,0.0010530672734603286,0.0,0.0,0.0,0.0,0.0,0.0,0.0,0.0,0.0,0.0,0.0,0.0,0.0,0.0,0.0,0.0004487152036745101,0.0,0.0,0.0,0.0,0.0,0.0,0.0,0.0,0.0,0.0,0.0,0.0,0.0,0.0,0.0,0.0,0.0,0.0,0.0,0.0,0.0,0.0,0.0,0.002649371512234211,0.0,0.0,0.0,0.0,0.0,0.0,0.0,1.6639629393466748e-05,0.0,0.0,0.0,0.0,0.0,0.0,0.0,0.0,0.0,0.0,0.0,0.0,0.0,0.0,0.0,0.0,0.0,0.0,0.0,0.0,0.0,0.0,0.0,0.0,0.0,0.0,0.0,0.0,0.0,0.0,0.0,0.0,0.0,0.0,0.0,0.0,0.0,0.0,0.0,0.0,0.0,0.0,0.0,0.0,0.0,0.0,0.0,0.0,0.0,0.0,0.0,0.0,0.0,0.0,0.0,0.0,0.0,0.0,0.0,0.0,0.0,0.0,0.0,0.00022665342839900404,0.0,0.0,0.0,0.0,0.0,0.0,0.0,0.0,0.0,0.0,0.0,0.0,0.0,0.0,0.0,0.0,0.0,0.0,0.0,0.0,0.0,0.0,0.0005905237630940974,0.0,0.0,0.0019058078760281205,0.0,0.0,0.0,0.0,0.0,0.0,0.0,0.0,0.0,0.0,0.0,0.0,0.0,0.0,0.0,0.0,0.0,0.0,0.0,0.0,0.0,0.0,0.0,0.0,0.0,0.0,0.0,0.0,0.0,0.0,0.0,0.0,0.0,0.0,0.0,0.0,0.0020384937524795532,0.0,0.0,0.0,0.0,0.0,0.0,0.0,0.0,0.0,0.0,0.0,0.0,0.0,0.0,0.0,0.0,0.0,0.0,0.0,0.0,0.0,0.0,0.27549755573272705,0.0,0.0,0.0,0.0,0.0,0.0,0.0,0.0,0.0009239051141776145,0.0,0.0,0.0,0.0,0.0,0.0,0.0,0.0,0.0,0.0,0.0,0.0,0.0,0.0,0.0,0.0,0.0,0.0,0.09578496962785721,0.0,0.0,0.0,0.0,0.0,0.0,0.0,0.0,0.0,0.0,0.0,0.0,0.0,0.0,0.0,0.0,0.0,0.0,0.0,0.0,0.0,0.0,0.0,0.0,0.0,0.0,0.0034059735480695963,0.0,0.0,0.0,0.0,0.0,0.0,0.0,0.0,0.0,0.0,0.0,0.0,0.0,0.0,0.0,0.0,0.0,0.0,0.0,0.0,0.0,0.0003127045347355306,0.0,0.0018471716903150082,0.0,0.0,0.0,0.0,0.0,0.0,0.0,0.0,0.0,0.0,0.0,0.0,0.0,0.0,0.0,0.0,0.0,0.0,0.0,0.0,0.0,0.0,0.0,0.0,0.0,0.0,0.0,0.00199695467017591,,,,,,,,,,,,,,,,,,,,,,,,,,,,,,,,,,,,,,,,,,,,,,,,,,,,,,,,,,,,,,,,,,,,,,,,,,,,,,,,,,,,,,,,,,,,,,,,,,,,,,,,,,,,,,,,,,,,,,,,,,,,,,,,,,,,,,,,,,,,,,,,,,,,,,,,,,,,,,,,,,,,,,,,,,,,,,,,,,,,,,,,,,,,,,,,,,,,,,,,,,,,,,,,,,,,,,,,,,,,,,,,,,,,,,,,,,,,,,,,,,,,,,,,,,,,,,,,,,,,,,,,,,,,
2019-09-04,651056.6458264218,360.7387395090242,,,,,,,,,,,34522.26681424385,38886.18264535772,552143.3853998695,,102413.77104967399,,,,,,42845.54992429475,15713.746685077283,17822.57072998899,8655.984668321064,41787.52945029778,35391.19329532961,,,,,,,,,,,,,,,,,,,,,,,,,,,,,,,,,,,,,,,,,,,,,,,,,,,,,,,,,,,,,,,,,,,,,,,,,,,,,,,,,,,,,,,,,,,,,,,,0.0,0.0,0.0,0.0,0.0,0.0017591469222679734,0.0,0.0,0.0,0.0,0.0,0.0,0.0,0.0,0.0,0.0,0.0,0.0,0.0,0.0,0.0,0.0,0.0,0.0,0.0013064012164250016,0.0,0.0,0.0036453166976571083,0.0,0.0,0.0,0.0035564147401601076,0.0,0.0,0.0,0.0,0.0,0.0,0.0,0.0,0.0,0.35433509945869446,0.0,0.0,0.0,0.0,0.0,0.0,0.000280939566437155,0.0,0.0,0.0,0.0,0.0,0.0,0.0,0.0,0.0,0.0,0.0,0.0,0.0,0.0,0.0,0.0,0.0,0.0,0.0,0.0,0.0,0.0,0.0,0.0,0.0,0.0,0.0,0.0,0.0,0.0,0.0,0.0,0.0002895304933190346,0.0,0.0,0.0,0.0,0.0,0.0,0.0,0.0004514709289651364,0.0,0.0,0.0,0.0,0.0,0.0,0.0,0.0,0.0,0.0,0.0,0.0,0.0,0.0,0.0,0.23673413693904877,0.0,0.0,0.0,0.0,0.0,0.0,0.0,0.0,0.0,0.0,0.0,0.0,0.0,0.0,0.006112119648605585,0.0,0.0,0.0,0.0,0.0,0.0,0.0,0.0,0.0,0.0,0.0,0.0,0.0,0.0009501978638581932,0.0,0.0,0.0,0.0,0.0,0.0,0.0,0.0,0.0,0.0,0.0,0.0,0.0,0.0,0.0,0.0,0.0,0.0,0.0,0.0,0.0,0.0,0.0,0.0,0.0,0.0,0.0,0.0,0.0,0.0,0.0,0.0,0.0,0.0,0.0,0.0,0.0004413347051013261,0.0014393494930118322,0.0,0.0,0.0,0.0,0.0,0.0,0.0,0.0,0.0,0.0,0.0,0.0,0.0,0.0,0.0,0.0,0.0,0.0,0.0,0.0,0.0,0.0010530672734603286,0.0,0.0,0.0,0.0,0.0,0.0,0.0,0.0,0.0,0.0,0.0,0.0,0.0,0.0,0.0,0.0004487152036745101,0.0,0.0,0.0,0.0,0.0,0.0,0.0,0.0,0.0,0.0,0.0,0.0,0.0,0.0,0.0,0.0,0.0,0.0,0.0,0.0,0.0,0.0,0.0,0.002649371512234211,0.0,0.0,0.0,0.0,0.0,0.0,0.0,1.6639629393466748e-05,0.0,0.0,0.0,0.0,0.0,0.0,0.0,0.0,0.0,0.0,0.0,0.0,0.0,0.0,0.0,0.0,0.0,0.0,0.0,0.0,0.0,0.0,0.0,0.0,0.0,0.0,0.0,0.0,0.0,0.0,0.0,0.0,0.0,0.0,0.0,0.0,0.0,0.0,0.0,0.0,0.0,0.0,0.0,0.0,0.0,0.0,0.0,0.0,0.0,0.0,0.0,0.0,0.0,0.0,0.0,0.0,0.0,0.0,0.0,0.0,0.0,0.0,0.0,0.00022665342839900404,0.0,0.0,0.0,0.0,0.0,0.0,0.0,0.0,0.0,0.0,0.0,0.0,0.0,0.0,0.0,0.0,0.0,0.0,0.0,0.0,0.0,0.0,0.0005905237630940974,0.0,0.0,0.0019058078760281205,0.0,0.0,0.0,0.0,0.0,0.0,0.0,0.0,0.0,0.0,0.0,0.0,0.0,0.0,0.0,0.0,0.0,0.0,0.0,0.0,0.0,0.0,0.0,0.0,0.0,0.0,0.0,0.0,0.0,0.0,0.0,0.0,0.0,0.0,0.0,0.0,0.0020384937524795532,0.0,0.0,0.0,0.0,0.0,0.0,0.0,0.0,0.0,0.0,0.0,0.0,0.0,0.0,0.0,0.0,0.0,0.0,0.0,0.0,0.0,0.0,0.27549755573272705,0.0,0.0,0.0,0.0,0.0,0.0,0.0,0.0,0.0009239051141776145,0.0,0.0,0.0,0.0,0.0,0.0,0.0,0.0,0.0,0.0,0.0,0.0,0.0,0.0,0.0,0.0,0.0,0.0,0.09578496962785721,0.0,0.0,0.0,0.0,0.0,0.0,0.0,0.0,0.0,0.0,0.0,0.0,0.0,0.0,0.0,0.0,0.0,0.0,0.0,0.0,0.0,0.0,0.0,0.0,0.0,0.0,0.0034059735480695963,0.0,0.0,0.0,0.0,0.0,0.0,0.0,0.0,0.0,0.0,0.0,0.0,0.0,0.0,0.0,0.0,0.0,0.0,0.0,0.0,0.0,0.0003127045347355306,0.0,0.0018471716903150082,0.0,0.0,0.0,0.0,0.0,0.0,0.0,0.0,0.0,0.0,0.0,0.0,0.0,0.0,0.0,0.0,0.0,0.0,0.0,0.0,0.0,0.0,0.0,0.0,0.0,0.0,0.0,0.00199695467017591,,,,,,,,,,,,,,,,,,,,,,,,,,,,,,,,,,,,,,,,,,,,,,,,,,,,,,,,,,,,,,,,,,,,,,,,,,,,,,,,,,,,,,,,,,,,,,,,,,,,,,,,,,,,,,,,,,,,,,,,,,,,,,,,,,,,,,,,,,,,,,,,,,,,,,,,,,,,,,,,,,,,,,,,,,,,,,,,,,,,,,,,,,,,,,,,,,,,,,,,,,,,,,,,,,,,,,,,,,,,,,,,,,,,,,,,,,,,,,,,,,,,,,,,,,,,,,,,,,,,,,,,,,,,
2019-09-05,655525.2350331289,8816.63766939674,,,,,,,,,,,33654.10329968446,37651.17004334136,581369.8442042634,,104100.97932299731,,,,,,42845.54992429475,13637.129157823023,17882.008273216583,8656.115990269283,41786.19378055329,35855.66970081973,,,,,,,,,,,,,,,,,,,,,,,,,,,,,,,,,,,,,,,,,,,,,,,,,,,,,,,,,,,,,,,,,,,,,,,,,,,,,,,,,,,,,,,,,,,,,,,,0.0,0.0,0.0,0.0,0.0,0.0017591469222679734,0.0,0.0,0.0,0.0,0.0,0.0,0.0,0.0,0.0,0.0,0.0,0.0,0.0,0.0,0.0,0.0,0.0,0.0,0.0013064012164250016,0.0,0.0,0.0036453166976571083,0.0,0.0,0.0,0.0035564147401601076,0.0,0.0,0.0,0.0,0.0,0.0,0.0,0.0,0.0,0.35433509945869446,0.0,0.0,0.0,0.0,0.0,0.0,0.000280939566437155,0.0,0.0,0.0,0.0,0.0,0.0,0.0,0.0,0.0,0.0,0.0,0.0,0.0,0.0,0.0,0.0,0.0,0.0,0.0,0.0,0.0,0.0,0.0,0.0,0.0,0.0,0.0,0.0,0.0,0.0,0.0,0.0,0.0002895304933190346,0.0,0.0,0.0,0.0,0.0,0.0,0.0,0.0004514709289651364,0.0,0.0,0.0,0.0,0.0,0.0,0.0,0.0,0.0,0.0,0.0,0.0,0.0,0.0,0.0,0.23673413693904877,0.0,0.0,0.0,0.0,0.0,0.0,0.0,0.0,0.0,0.0,0.0,0.0,0.0,0.0,0.006112119648605585,0.0,0.0,0.0,0.0,0.0,0.0,0.0,0.0,0.0,0.0,0.0,0.0,0.0,0.0009501978638581932,0.0,0.0,0.0,0.0,0.0,0.0,0.0,0.0,0.0,0.0,0.0,0.0,0.0,0.0,0.0,0.0,0.0,0.0,0.0,0.0,0.0,0.0,0.0,0.0,0.0,0.0,0.0,0.0,0.0,0.0,0.0,0.0,0.0,0.0,0.0,0.0,0.0004413347051013261,0.0014393494930118322,0.0,0.0,0.0,0.0,0.0,0.0,0.0,0.0,0.0,0.0,0.0,0.0,0.0,0.0,0.0,0.0,0.0,0.0,0.0,0.0,0.0,0.0010530672734603286,0.0,0.0,0.0,0.0,0.0,0.0,0.0,0.0,0.0,0.0,0.0,0.0,0.0,0.0,0.0,0.0004487152036745101,0.0,0.0,0.0,0.0,0.0,0.0,0.0,0.0,0.0,0.0,0.0,0.0,0.0,0.0,0.0,0.0,0.0,0.0,0.0,0.0,0.0,0.0,0.0,0.002649371512234211,0.0,0.0,0.0,0.0,0.0,0.0,0.0,1.6639629393466748e-05,0.0,0.0,0.0,0.0,0.0,0.0,0.0,0.0,0.0,0.0,0.0,0.0,0.0,0.0,0.0,0.0,0.0,0.0,0.0,0.0,0.0,0.0,0.0,0.0,0.0,0.0,0.0,0.0,0.0,0.0,0.0,0.0,0.0,0.0,0.0,0.0,0.0,0.0,0.0,0.0,0.0,0.0,0.0,0.0,0.0,0.0,0.0,0.0,0.0,0.0,0.0,0.0,0.0,0.0,0.0,0.0,0.0,0.0,0.0,0.0,0.0,0.0,0.0,0.00022665342839900404,0.0,0.0,0.0,0.0,0.0,0.0,0.0,0.0,0.0,0.0,0.0,0.0,0.0,0.0,0.0,0.0,0.0,0.0,0.0,0.0,0.0,0.0,0.0005905237630940974,0.0,0.0,0.0019058078760281205,0.0,0.0,0.0,0.0,0.0,0.0,0.0,0.0,0.0,0.0,0.0,0.0,0.0,0.0,0.0,0.0,0.0,0.0,0.0,0.0,0.0,0.0,0.0,0.0,0.0,0.0,0.0,0.0,0.0,0.0,0.0,0.0,0.0,0.0,0.0,0.0,0.0020384937524795532,0.0,0.0,0.0,0.0,0.0,0.0,0.0,0.0,0.0,0.0,0.0,0.0,0.0,0.0,0.0,0.0,0.0,0.0,0.0,0.0,0.0,0.0,0.27549755573272705,0.0,0.0,0.0,0.0,0.0,0.0,0.0,0.0,0.0009239051141776145,0.0,0.0,0.0,0.0,0.0,0.0,0.0,0.0,0.0,0.0,0.0,0.0,0.0,0.0,0.0,0.0,0.0,0.0,0.09578496962785721,0.0,0.0,0.0,0.0,0.0,0.0,0.0,0.0,0.0,0.0,0.0,0.0,0.0,0.0,0.0,0.0,0.0,0.0,0.0,0.0,0.0,0.0,0.0,0.0,0.0,0.0,0.0034059735480695963,0.0,0.0,0.0,0.0,0.0,0.0,0.0,0.0,0.0,0.0,0.0,0.0,0.0,0.0,0.0,0.0,0.0,0.0,0.0,0.0,0.0,0.0003127045347355306,0.0,0.0018471716903150082,0.0,0.0,0.0,0.0,0.0,0.0,0.0,0.0,0.0,0.0,0.0,0.0,0.0,0.0,0.0,0.0,0.0,0.0,0.0,0.0,0.0,0.0,0.0,0.0,0.0,0.0,0.0,0.00199695467017591,,,,,,,,,,,,,,,,,,,,,,,,,,,,,,,,,,,,,,,,,,,,,,,,,,,,,,,,,,,,,,,,,,,,,,,,,,,,,,,,,,,,,,,,,,,,,,,,,,,,,,,,,,,,,,,,,,,,,,,,,,,,,,,,,,,,,,,,,,,,,,,,,,,,,,,,,,,,,,,,,,,,,,,,,,,,,,,,,,,,,,,,,,,,,,,,,,,,,,,,,,,,,,,,,,,,,,,,,,,,,,,,,,,,,,,,,,,,,,,,,,,,,,,,,,,,,,,,,,,,,,,,,,,,
2019-09-06,643292.9915942622,2961.813224448803,,,,,,,,,,,33666.09529680657,38232.0225634732,671837.5489864012,,102778.71263372428,,,,,,42845.54992429475,13342.166909381474,17475.169630477933,8655.800186322951,41785.131376955775,35854.436256092435,,,,,,,,,,,,,,,,,,,,,,,,,,,,,,,,,,,,,,,,,,,,,,,,,,,,,,,,,,,,,,,,,,,,,,,,,,,,,,,,,,,,,,,,,,,,,,,,0.0,0.0,0.0,0.0,0.0,0.0017591469222679734,0.0,0.0,0.0,0.0,0.0,0.0,0.0,0.0,0.0,0.0,0.0,0.0,0.0,0.0,0.0,0.0,0.0,0.0,0.0013064012164250016,0.0,0.0,0.0036453166976571083,0.0,0.0,0.0,0.0035564147401601076,0.0,0.0,0.0,0.0,0.0,0.0,0.0,0.0,0.0,0.35433509945869446,0.0,0.0,0.0,0.0,0.0,0.0,0.000280939566437155,0.0,0.0,0.0,0.0,0.0,0.0,0.0,0.0,0.0,0.0,0.0,0.0,0.0,0.0,0.0,0.0,0.0,0.0,0.0,0.0,0.0,0.0,0.0,0.0,0.0,0.0,0.0,0.0,0.0,0.0,0.0,0.0,0.0002895304933190346,0.0,0.0,0.0,0.0,0.0,0.0,0.0,0.0004514709289651364,0.0,0.0,0.0,0.0,0.0,0.0,0.0,0.0,0.0,0.0,0.0,0.0,0.0,0.0,0.0,0.23673413693904877,0.0,0.0,0.0,0.0,0.0,0.0,0.0,0.0,0.0,0.0,0.0,0.0,0.0,0.0,0.006112119648605585,0.0,0.0,0.0,0.0,0.0,0.0,0.0,0.0,0.0,0.0,0.0,0.0,0.0,0.0009501978638581932,0.0,0.0,0.0,0.0,0.0,0.0,0.0,0.0,0.0,0.0,0.0,0.0,0.0,0.0,0.0,0.0,0.0,0.0,0.0,0.0,0.0,0.0,0.0,0.0,0.0,0.0,0.0,0.0,0.0,0.0,0.0,0.0,0.0,0.0,0.0,0.0,0.0004413347051013261,0.0014393494930118322,0.0,0.0,0.0,0.0,0.0,0.0,0.0,0.0,0.0,0.0,0.0,0.0,0.0,0.0,0.0,0.0,0.0,0.0,0.0,0.0,0.0,0.0010530672734603286,0.0,0.0,0.0,0.0,0.0,0.0,0.0,0.0,0.0,0.0,0.0,0.0,0.0,0.0,0.0,0.0004487152036745101,0.0,0.0,0.0,0.0,0.0,0.0,0.0,0.0,0.0,0.0,0.0,0.0,0.0,0.0,0.0,0.0,0.0,0.0,0.0,0.0,0.0,0.0,0.0,0.002649371512234211,0.0,0.0,0.0,0.0,0.0,0.0,0.0,1.6639629393466748e-05,0.0,0.0,0.0,0.0,0.0,0.0,0.0,0.0,0.0,0.0,0.0,0.0,0.0,0.0,0.0,0.0,0.0,0.0,0.0,0.0,0.0,0.0,0.0,0.0,0.0,0.0,0.0,0.0,0.0,0.0,0.0,0.0,0.0,0.0,0.0,0.0,0.0,0.0,0.0,0.0,0.0,0.0,0.0,0.0,0.0,0.0,0.0,0.0,0.0,0.0,0.0,0.0,0.0,0.0,0.0,0.0,0.0,0.0,0.0,0.0,0.0,0.0,0.0,0.00022665342839900404,0.0,0.0,0.0,0.0,0.0,0.0,0.0,0.0,0.0,0.0,0.0,0.0,0.0,0.0,0.0,0.0,0.0,0.0,0.0,0.0,0.0,0.0,0.0005905237630940974,0.0,0.0,0.0019058078760281205,0.0,0.0,0.0,0.0,0.0,0.0,0.0,0.0,0.0,0.0,0.0,0.0,0.0,0.0,0.0,0.0,0.0,0.0,0.0,0.0,0.0,0.0,0.0,0.0,0.0,0.0,0.0,0.0,0.0,0.0,0.0,0.0,0.0,0.0,0.0,0.0,0.0020384937524795532,0.0,0.0,0.0,0.0,0.0,0.0,0.0,0.0,0.0,0.0,0.0,0.0,0.0,0.0,0.0,0.0,0.0,0.0,0.0,0.0,0.0,0.0,0.27549755573272705,0.0,0.0,0.0,0.0,0.0,0.0,0.0,0.0,0.0009239051141776145,0.0,0.0,0.0,0.0,0.0,0.0,0.0,0.0,0.0,0.0,0.0,0.0,0.0,0.0,0.0,0.0,0.0,0.0,0.09578496962785721,0.0,0.0,0.0,0.0,0.0,0.0,0.0,0.0,0.0,0.0,0.0,0.0,0.0,0.0,0.0,0.0,0.0,0.0,0.0,0.0,0.0,0.0,0.0,0.0,0.0,0.0,0.0034059735480695963,0.0,0.0,0.0,0.0,0.0,0.0,0.0,0.0,0.0,0.0,0.0,0.0,0.0,0.0,0.0,0.0,0.0,0.0,0.0,0.0,0.0,0.0003127045347355306,0.0,0.0018471716903150082,0.0,0.0,0.0,0.0,0.0,0.0,0.0,0.0,0.0,0.0,0.0,0.0,0.0,0.0,0.0,0.0,0.0,0.0,0.0,0.0,0.0,0.0,0.0,0.0,0.0,0.0,0.0,0.00199695467017591,,,,,,,,,,,,,,,,,,,,,,,,,,,,,,,,,,,,,,,,,,,,,,,,,,,,,,,,,,,,,,,,,,,,,,,,,,,,,,,,,,,,,,,,,,,,,,,,,,,,,,,,,,,,,,,,,,,,,,,,,,,,,,,,,,,,,,,,,,,,,,,,,,,,,,,,,,,,,,,,,,,,,,,,,,,,,,,,,,,,,,,,,,,,,,,,,,,,,,,,,,,,,,,,,,,,,,,,,,,,,,,,,,,,,,,,,,,,,,,,,,,,,,,,,,,,,,,,,,,,,,,,,,,,
2019-09-09,642420.6189329576,6448.103995280083,,,,,,,,,,,34381.188377221944,38813.49819181499,690012.5042405478,,101381.55635948104,,,,,,42845.54992429475,12748.197194256192,16894.599210860724,8656.1234337379,41789.6892528127,35159.70136814223,,,,,,,,,,,,,,,,,,,,,,,,,,,,,,,,,,,,,,,,,,,,,,,,,,,,,,,,,,,,,,,,,,,,,,,,,,,,,,,,,,,,,,,,,,,,,,,,0.0,0.0,0.0,0.0,0.0,0.0017591469222679734,0.0,0.0,0.0,0.0,0.0,0.0,0.0,0.0,0.0,0.0,0.0,0.0,0.0,0.0,0.0,0.0,0.0,0.0,0.0013064012164250016,0.0,0.0,0.0036453166976571083,0.0,0.0,0.0,0.0035564147401601076,0.0,0.0,0.0,0.0,0.0,0.0,0.0,0.0,0.0,0.35433509945869446,0.0,0.0,0.0,0.0,0.0,0.0,0.000280939566437155,0.0,0.0,0.0,0.0,0.0,0.0,0.0,0.0,0.0,0.0,0.0,0.0,0.0,0.0,0.0,0.0,0.0,0.0,0.0,0.0,0.0,0.0,0.0,0.0,0.0,0.0,0.0,0.0,0.0,0.0,0.0,0.0,0.0002895304933190346,0.0,0.0,0.0,0.0,0.0,0.0,0.0,0.0004514709289651364,0.0,0.0,0.0,0.0,0.0,0.0,0.0,0.0,0.0,0.0,0.0,0.0,0.0,0.0,0.0,0.23673413693904877,0.0,0.0,0.0,0.0,0.0,0.0,0.0,0.0,0.0,0.0,0.0,0.0,0.0,0.0,0.006112119648605585,0.0,0.0,0.0,0.0,0.0,0.0,0.0,0.0,0.0,0.0,0.0,0.0,0.0,0.0009501978638581932,0.0,0.0,0.0,0.0,0.0,0.0,0.0,0.0,0.0,0.0,0.0,0.0,0.0,0.0,0.0,0.0,0.0,0.0,0.0,0.0,0.0,0.0,0.0,0.0,0.0,0.0,0.0,0.0,0.0,0.0,0.0,0.0,0.0,0.0,0.0,0.0,0.0004413347051013261,0.0014393494930118322,0.0,0.0,0.0,0.0,0.0,0.0,0.0,0.0,0.0,0.0,0.0,0.0,0.0,0.0,0.0,0.0,0.0,0.0,0.0,0.0,0.0,0.0010530672734603286,0.0,0.0,0.0,0.0,0.0,0.0,0.0,0.0,0.0,0.0,0.0,0.0,0.0,0.0,0.0,0.0004487152036745101,0.0,0.0,0.0,0.0,0.0,0.0,0.0,0.0,0.0,0.0,0.0,0.0,0.0,0.0,0.0,0.0,0.0,0.0,0.0,0.0,0.0,0.0,0.0,0.002649371512234211,0.0,0.0,0.0,0.0,0.0,0.0,0.0,1.6639629393466748e-05,0.0,0.0,0.0,0.0,0.0,0.0,0.0,0.0,0.0,0.0,0.0,0.0,0.0,0.0,0.0,0.0,0.0,0.0,0.0,0.0,0.0,0.0,0.0,0.0,0.0,0.0,0.0,0.0,0.0,0.0,0.0,0.0,0.0,0.0,0.0,0.0,0.0,0.0,0.0,0.0,0.0,0.0,0.0,0.0,0.0,0.0,0.0,0.0,0.0,0.0,0.0,0.0,0.0,0.0,0.0,0.0,0.0,0.0,0.0,0.0,0.0,0.0,0.0,0.00022665342839900404,0.0,0.0,0.0,0.0,0.0,0.0,0.0,0.0,0.0,0.0,0.0,0.0,0.0,0.0,0.0,0.0,0.0,0.0,0.0,0.0,0.0,0.0,0.0005905237630940974,0.0,0.0,0.0019058078760281205,0.0,0.0,0.0,0.0,0.0,0.0,0.0,0.0,0.0,0.0,0.0,0.0,0.0,0.0,0.0,0.0,0.0,0.0,0.0,0.0,0.0,0.0,0.0,0.0,0.0,0.0,0.0,0.0,0.0,0.0,0.0,0.0,0.0,0.0,0.0,0.0,0.0020384937524795532,0.0,0.0,0.0,0.0,0.0,0.0,0.0,0.0,0.0,0.0,0.0,0.0,0.0,0.0,0.0,0.0,0.0,0.0,0.0,0.0,0.0,0.0,0.27549755573272705,0.0,0.0,0.0,0.0,0.0,0.0,0.0,0.0,0.0009239051141776145,0.0,0.0,0.0,0.0,0.0,0.0,0.0,0.0,0.0,0.0,0.0,0.0,0.0,0.0,0.0,0.0,0.0,0.0,0.09578496962785721,0.0,0.0,0.0,0.0,0.0,0.0,0.0,0.0,0.0,0.0,0.0,0.0,0.0,0.0,0.0,0.0,0.0,0.0,0.0,0.0,0.0,0.0,0.0,0.0,0.0,0.0,0.0034059735480695963,0.0,0.0,0.0,0.0,0.0,0.0,0.0,0.0,0.0,0.0,0.0,0.0,0.0,0.0,0.0,0.0,0.0,0.0,0.0,0.0,0.0,0.0003127045347355306,0.0,0.0018471716903150082,0.0,0.0,0.0,0.0,0.0,0.0,0.0,0.0,0.0,0.0,0.0,0.0,0.0,0.0,0.0,0.0,0.0,0.0,0.0,0.0,0.0,0.0,0.0,0.0,0.0,0.0,0.0,0.00199695467017591,,,,,,,,,,,,,,,,,,,,,,,,,,,,,,,,,,,,,,,,,,,,,,,,,,,,,,,,,,,,,,,,,,,,,,,,,,,,,,,,,,,,,,,,,,,,,,,,,,,,,,,,,,,,,,,,,,,,,,,,,,,,,,,,,,,,,,,,,,,,,,,,,,,,,,,,,,,,,,,,,,,,,,,,,,,,,,,,,,,,,,,,,,,,,,,,,,,,,,,,,,,,,,,,,,,,,,,,,,,,,,,,,,,,,,,,,,,,,,,,,,,,,,,,,,,,,,,,,,,,,,,,,,,,
2019-09-10,635214.875899356,5569.018401703582,,,,,,,,,,,34844.41404152063,39178.010139669575,774955.1399477676,,98934.41534390736,,,,,,42708.224443768166,12748.197194256192,16894.599210860724,8243.782263664722,41786.37157581995,33999.799303019834,,,,,,,,,,,,,,,,,,,,,,,,,,,,,,,,,,,,,,,,,,,,,,,,,,,,,,,,,,,,,,,,,,,,,,,,,,,,,,,,,,,,,,,,,,,,,,,,0.0,0.0,0.0,0.0,0.0,0.0017591469222679734,0.0,0.0,0.0,0.0,0.0,0.0,0.0,0.0,0.0,0.0,0.0,0.0,0.0,0.0,0.0,0.0,0.0,0.0,0.0013064012164250016,0.0,0.0,0.0036453166976571083,0.0,0.0,0.0,0.0035564147401601076,0.0,0.0,0.0,0.0,0.0,0.0,0.0,0.0,0.0,0.35433509945869446,0.0,0.0,0.0,0.0,0.0,0.0,0.000280939566437155,0.0,0.0,0.0,0.0,0.0,0.0,0.0,0.0,0.0,0.0,0.0,0.0,0.0,0.0,0.0,0.0,0.0,0.0,0.0,0.0,0.0,0.0,0.0,0.0,0.0,0.0,0.0,0.0,0.0,0.0,0.0,0.0,0.0002895304933190346,0.0,0.0,0.0,0.0,0.0,0.0,0.0,0.0004514709289651364,0.0,0.0,0.0,0.0,0.0,0.0,0.0,0.0,0.0,0.0,0.0,0.0,0.0,0.0,0.0,0.23673413693904877,0.0,0.0,0.0,0.0,0.0,0.0,0.0,0.0,0.0,0.0,0.0,0.0,0.0,0.0,0.006112119648605585,0.0,0.0,0.0,0.0,0.0,0.0,0.0,0.0,0.0,0.0,0.0,0.0,0.0,0.0009501978638581932,0.0,0.0,0.0,0.0,0.0,0.0,0.0,0.0,0.0,0.0,0.0,0.0,0.0,0.0,0.0,0.0,0.0,0.0,0.0,0.0,0.0,0.0,0.0,0.0,0.0,0.0,0.0,0.0,0.0,0.0,0.0,0.0,0.0,0.0,0.0,0.0,0.0004413347051013261,0.0014393494930118322,0.0,0.0,0.0,0.0,0.0,0.0,0.0,0.0,0.0,0.0,0.0,0.0,0.0,0.0,0.0,0.0,0.0,0.0,0.0,0.0,0.0,0.0010530672734603286,0.0,0.0,0.0,0.0,0.0,0.0,0.0,0.0,0.0,0.0,0.0,0.0,0.0,0.0,0.0,0.0004487152036745101,0.0,0.0,0.0,0.0,0.0,0.0,0.0,0.0,0.0,0.0,0.0,0.0,0.0,0.0,0.0,0.0,0.0,0.0,0.0,0.0,0.0,0.0,0.0,0.002649371512234211,0.0,0.0,0.0,0.0,0.0,0.0,0.0,1.6639629393466748e-05,0.0,0.0,0.0,0.0,0.0,0.0,0.0,0.0,0.0,0.0,0.0,0.0,0.0,0.0,0.0,0.0,0.0,0.0,0.0,0.0,0.0,0.0,0.0,0.0,0.0,0.0,0.0,0.0,0.0,0.0,0.0,0.0,0.0,0.0,0.0,0.0,0.0,0.0,0.0,0.0,0.0,0.0,0.0,0.0,0.0,0.0,0.0,0.0,0.0,0.0,0.0,0.0,0.0,0.0,0.0,0.0,0.0,0.0,0.0,0.0,0.0,0.0,0.0,0.00022665342839900404,0.0,0.0,0.0,0.0,0.0,0.0,0.0,0.0,0.0,0.0,0.0,0.0,0.0,0.0,0.0,0.0,0.0,0.0,0.0,0.0,0.0,0.0,0.0005905237630940974,0.0,0.0,0.0019058078760281205,0.0,0.0,0.0,0.0,0.0,0.0,0.0,0.0,0.0,0.0,0.0,0.0,0.0,0.0,0.0,0.0,0.0,0.0,0.0,0.0,0.0,0.0,0.0,0.0,0.0,0.0,0.0,0.0,0.0,0.0,0.0,0.0,0.0,0.0,0.0,0.0,0.0020384937524795532,0.0,0.0,0.0,0.0,0.0,0.0,0.0,0.0,0.0,0.0,0.0,0.0,0.0,0.0,0.0,0.0,0.0,0.0,0.0,0.0,0.0,0.0,0.27549755573272705,0.0,0.0,0.0,0.0,0.0,0.0,0.0,0.0,0.0009239051141776145,0.0,0.0,0.0,0.0,0.0,0.0,0.0,0.0,0.0,0.0,0.0,0.0,0.0,0.0,0.0,0.0,0.0,0.0,0.09578496962785721,0.0,0.0,0.0,0.0,0.0,0.0,0.0,0.0,0.0,0.0,0.0,0.0,0.0,0.0,0.0,0.0,0.0,0.0,0.0,0.0,0.0,0.0,0.0,0.0,0.0,0.0,0.0034059735480695963,0.0,0.0,0.0,0.0,0.0,0.0,0.0,0.0,0.0,0.0,0.0,0.0,0.0,0.0,0.0,0.0,0.0,0.0,0.0,0.0,0.0,0.0003127045347355306,0.0,0.0018471716903150082,0.0,0.0,0.0,0.0,0.0,0.0,0.0,0.0,0.0,0.0,0.0,0.0,0.0,0.0,0.0,0.0,0.0,0.0,0.0,0.0,0.0,0.0,0.0,0.0,0.0,0.0,0.0,0.00199695467017591,,,,,,,,,,,,,,,,,,,,,,,,,,,,,,,,,,,,,,,,,,,,,,,,,,,,,,,,,,,,,,,,,,,,,,,,,,,,,,,,,,,,,,,,,,,,,,,,,,,,,,,,,,,,,,,,,,,,,,,,,,,,,,,,,,,,,,,,,,,,,,,,,,,,,,,,,,,,,,,,,,,,,,,,,,,,,,,,,,,,,,,,,,,,,,,,,,,,,,,,,,,,,,,,,,,,,,,,,,,,,,,,,,,,,,,,,,,,,,,,,,,,,,,,,,,,,,,,,,,,,,,,,,,,
2019-09-11,636562.4550521655,2633.9054131673493,,,,,,,,,,,36217.572326153684,38595.260902995586,843283.647969501,,97844.68078614076,,,,,,42570.898963241576,12749.761907454955,16834.242285989345,8244.077471070765,41788.91291255263,32844.82872740876,,,,,,,,,,,,,,,,,,,,,,,,,,,,,,,,,,,,,,,,,,,,,,,,,,,,,,,,,,,,,,,,,,,,,,,,,,,,,,,,,,,,,,,,,,,,,,,,0.0,0.0,0.0,0.0,0.0,0.0017591469222679734,0.0,0.0,0.0,0.0,0.0,0.0,0.0,0.0,0.0,0.0,0.0,0.0,0.0,0.0,0.0,0.0,0.0,0.0,0.0013064012164250016,0.0,0.0,0.0036453166976571083,0.0,0.0,0.0,0.0035564147401601076,0.0,0.0,0.0,0.0,0.0,0.0,0.0,0.0,0.0,0.35433509945869446,0.0,0.0,0.0,0.0,0.0,0.0,0.000280939566437155,0.0,0.0,0.0,0.0,0.0,0.0,0.0,0.0,0.0,0.0,0.0,0.0,0.0,0.0,0.0,0.0,0.0,0.0,0.0,0.0,0.0,0.0,0.0,0.0,0.0,0.0,0.0,0.0,0.0,0.0,0.0,0.0,0.0002895304933190346,0.0,0.0,0.0,0.0,0.0,0.0,0.0,0.0004514709289651364,0.0,0.0,0.0,0.0,0.0,0.0,0.0,0.0,0.0,0.0,0.0,0.0,0.0,0.0,0.0,0.23673413693904877,0.0,0.0,0.0,0.0,0.0,0.0,0.0,0.0,0.0,0.0,0.0,0.0,0.0,0.0,0.006112119648605585,0.0,0.0,0.0,0.0,0.0,0.0,0.0,0.0,0.0,0.0,0.0,0.0,0.0,0.0009501978638581932,0.0,0.0,0.0,0.0,0.0,0.0,0.0,0.0,0.0,0.0,0.0,0.0,0.0,0.0,0.0,0.0,0.0,0.0,0.0,0.0,0.0,0.0,0.0,0.0,0.0,0.0,0.0,0.0,0.0,0.0,0.0,0.0,0.0,0.0,0.0,0.0,0.0004413347051013261,0.0014393494930118322,0.0,0.0,0.0,0.0,0.0,0.0,0.0,0.0,0.0,0.0,0.0,0.0,0.0,0.0,0.0,0.0,0.0,0.0,0.0,0.0,0.0,0.0010530672734603286,0.0,0.0,0.0,0.0,0.0,0.0,0.0,0.0,0.0,0.0,0.0,0.0,0.0,0.0,0.0,0.0004487152036745101,0.0,0.0,0.0,0.0,0.0,0.0,0.0,0.0,0.0,0.0,0.0,0.0,0.0,0.0,0.0,0.0,0.0,0.0,0.0,0.0,0.0,0.0,0.0,0.002649371512234211,0.0,0.0,0.0,0.0,0.0,0.0,0.0,1.6639629393466748e-05,0.0,0.0,0.0,0.0,0.0,0.0,0.0,0.0,0.0,0.0,0.0,0.0,0.0,0.0,0.0,0.0,0.0,0.0,0.0,0.0,0.0,0.0,0.0,0.0,0.0,0.0,0.0,0.0,0.0,0.0,0.0,0.0,0.0,0.0,0.0,0.0,0.0,0.0,0.0,0.0,0.0,0.0,0.0,0.0,0.0,0.0,0.0,0.0,0.0,0.0,0.0,0.0,0.0,0.0,0.0,0.0,0.0,0.0,0.0,0.0,0.0,0.0,0.0,0.00022665342839900404,0.0,0.0,0.0,0.0,0.0,0.0,0.0,0.0,0.0,0.0,0.0,0.0,0.0,0.0,0.0,0.0,0.0,0.0,0.0,0.0,0.0,0.0,0.0005905237630940974,0.0,0.0,0.0019058078760281205,0.0,0.0,0.0,0.0,0.0,0.0,0.0,0.0,0.0,0.0,0.0,0.0,0.0,0.0,0.0,0.0,0.0,0.0,0.0,0.0,0.0,0.0,0.0,0.0,0.0,0.0,0.0,0.0,0.0,0.0,0.0,0.0,0.0,0.0,0.0,0.0,0.0020384937524795532,0.0,0.0,0.0,0.0,0.0,0.0,0.0,0.0,0.0,0.0,0.0,0.0,0.0,0.0,0.0,0.0,0.0,0.0,0.0,0.0,0.0,0.0,0.27549755573272705,0.0,0.0,0.0,0.0,0.0,0.0,0.0,0.0,0.0009239051141776145,0.0,0.0,0.0,0.0,0.0,0.0,0.0,0.0,0.0,0.0,0.0,0.0,0.0,0.0,0.0,0.0,0.0,0.0,0.09578496962785721,0.0,0.0,0.0,0.0,0.0,0.0,0.0,0.0,0.0,0.0,0.0,0.0,0.0,0.0,0.0,0.0,0.0,0.0,0.0,0.0,0.0,0.0,0.0,0.0,0.0,0.0,0.0034059735480695963,0.0,0.0,0.0,0.0,0.0,0.0,0.0,0.0,0.0,0.0,0.0,0.0,0.0,0.0,0.0,0.0,0.0,0.0,0.0,0.0,0.0,0.0003127045347355306,0.0,0.0018471716903150082,0.0,0.0,0.0,0.0,0.0,0.0,0.0,0.0,0.0,0.0,0.0,0.0,0.0,0.0,0.0,0.0,0.0,0.0,0.0,0.0,0.0,0.0,0.0,0.0,0.0,0.0,0.0,0.00199695467017591,,,,,,,,,,,,,,,,,,,,,,,,,,,,,,,,,,,,,,,,,,,,,,,,,,,,,,,,,,,,,,,,,,,,,,,,,,,,,,,,,,,,,,,,,,,,,,,,,,,,,,,,,,,,,,,,,,,,,,,,,,,,,,,,,,,,,,,,,,,,,,,,,,,,,,,,,,,,,,,,,,,,,,,,,,,,,,,,,,,,,,,,,,,,,,,,,,,,,,,,,,,,,,,,,,,,,,,,,,,,,,,,,,,,,,,,,,,,,,,,,,,,,,,,,,,,,,,,,,,,,,,,,,,,
2019-09-12,645797.8910209122,403.5868757519013,,,,,,,,,,,35298.3908263487,37287.55113833733,903441.9968323321,,97523.28733445513,,,,,,42849.18349434786,13046.231138146026,16894.824881992958,8243.952397770374,41786.91798049932,32848.0033036007,,,,,,,,,,,,,,,,,,,,,,,,,,,,,,,,,,,,,,,,,,,,,,,,,,,,,,,,,,,,,,,,,,,,,,,,,,,,,,,,,,,,,,,,,,,,,,,,0.0,0.0,0.0,0.0,0.0,0.0017591469222679734,0.0,0.0,0.0,0.0,0.0,0.0,0.0,0.0,0.0,0.0,0.0,0.0,0.0,0.0,0.0,0.0,0.0,0.0,0.0013064012164250016,0.0,0.0,0.0036453166976571083,0.0,0.0,0.0,0.0035564147401601076,0.0,0.0,0.0,0.0,0.0,0.0,0.0,0.0,0.0,0.35433509945869446,0.0,0.0,0.0,0.0,0.0,0.0,0.000280939566437155,0.0,0.0,0.0,0.0,0.0,0.0,0.0,0.0,0.0,0.0,0.0,0.0,0.0,0.0,0.0,0.0,0.0,0.0,0.0,0.0,0.0,0.0,0.0,0.0,0.0,0.0,0.0,0.0,0.0,0.0,0.0,0.0,0.0002895304933190346,0.0,0.0,0.0,0.0,0.0,0.0,0.0,0.0004514709289651364,0.0,0.0,0.0,0.0,0.0,0.0,0.0,0.0,0.0,0.0,0.0,0.0,0.0,0.0,0.0,0.23673413693904877,0.0,0.0,0.0,0.0,0.0,0.0,0.0,0.0,0.0,0.0,0.0,0.0,0.0,0.0,0.006112119648605585,0.0,0.0,0.0,0.0,0.0,0.0,0.0,0.0,0.0,0.0,0.0,0.0,0.0,0.0009501978638581932,0.0,0.0,0.0,0.0,0.0,0.0,0.0,0.0,0.0,0.0,0.0,0.0,0.0,0.0,0.0,0.0,0.0,0.0,0.0,0.0,0.0,0.0,0.0,0.0,0.0,0.0,0.0,0.0,0.0,0.0,0.0,0.0,0.0,0.0,0.0,0.0,0.0004413347051013261,0.0014393494930118322,0.0,0.0,0.0,0.0,0.0,0.0,0.0,0.0,0.0,0.0,0.0,0.0,0.0,0.0,0.0,0.0,0.0,0.0,0.0,0.0,0.0,0.0010530672734603286,0.0,0.0,0.0,0.0,0.0,0.0,0.0,0.0,0.0,0.0,0.0,0.0,0.0,0.0,0.0,0.0004487152036745101,0.0,0.0,0.0,0.0,0.0,0.0,0.0,0.0,0.0,0.0,0.0,0.0,0.0,0.0,0.0,0.0,0.0,0.0,0.0,0.0,0.0,0.0,0.0,0.002649371512234211,0.0,0.0,0.0,0.0,0.0,0.0,0.0,1.6639629393466748e-05,0.0,0.0,0.0,0.0,0.0,0.0,0.0,0.0,0.0,0.0,0.0,0.0,0.0,0.0,0.0,0.0,0.0,0.0,0.0,0.0,0.0,0.0,0.0,0.0,0.0,0.0,0.0,0.0,0.0,0.0,0.0,0.0,0.0,0.0,0.0,0.0,0.0,0.0,0.0,0.0,0.0,0.0,0.0,0.0,0.0,0.0,0.0,0.0,0.0,0.0,0.0,0.0,0.0,0.0,0.0,0.0,0.0,0.0,0.0,0.0,0.0,0.0,0.0,0.00022665342839900404,0.0,0.0,0.0,0.0,0.0,0.0,0.0,0.0,0.0,0.0,0.0,0.0,0.0,0.0,0.0,0.0,0.0,0.0,0.0,0.0,0.0,0.0,0.0005905237630940974,0.0,0.0,0.0019058078760281205,0.0,0.0,0.0,0.0,0.0,0.0,0.0,0.0,0.0,0.0,0.0,0.0,0.0,0.0,0.0,0.0,0.0,0.0,0.0,0.0,0.0,0.0,0.0,0.0,0.0,0.0,0.0,0.0,0.0,0.0,0.0,0.0,0.0,0.0,0.0,0.0,0.0020384937524795532,0.0,0.0,0.0,0.0,0.0,0.0,0.0,0.0,0.0,0.0,0.0,0.0,0.0,0.0,0.0,0.0,0.0,0.0,0.0,0.0,0.0,0.0,0.27549755573272705,0.0,0.0,0.0,0.0,0.0,0.0,0.0,0.0,0.0009239051141776145,0.0,0.0,0.0,0.0,0.0,0.0,0.0,0.0,0.0,0.0,0.0,0.0,0.0,0.0,0.0,0.0,0.0,0.0,0.09578496962785721,0.0,0.0,0.0,0.0,0.0,0.0,0.0,0.0,0.0,0.0,0.0,0.0,0.0,0.0,0.0,0.0,0.0,0.0,0.0,0.0,0.0,0.0,0.0,0.0,0.0,0.0,0.0034059735480695963,0.0,0.0,0.0,0.0,0.0,0.0,0.0,0.0,0.0,0.0,0.0,0.0,0.0,0.0,0.0,0.0,0.0,0.0,0.0,0.0,0.0,0.0003127045347355306,0.0,0.0018471716903150082,0.0,0.0,0.0,0.0,0.0,0.0,0.0,0.0,0.0,0.0,0.0,0.0,0.0,0.0,0.0,0.0,0.0,0.0,0.0,0.0,0.0,0.0,0.0,0.0,0.0,0.0,0.0,0.00199695467017591,,,,,,,,,,,,,,,,,,,,,,,,,,,,,,,,,,,,,,,,,,,,,,,,,,,,,,,,,,,,,,,,,,,,,,,,,,,,,,,,,,,,,,,,,,,,,,,,,,,,,,,,,,,,,,,,,,,,,,,,,,,,,,,,,,,,,,,,,,,,,,,,,,,,,,,,,,,,,,,,,,,,,,,,,,,,,,,,,,,,,,,,,,,,,,,,,,,,,,,,,,,,,,,,,,,,,,,,,,,,,,,,,,,,,,,,,,,,,,,,,,,,,,,,,,,,,,,,,,,,,,,,,,,,
2019-09-16,657707.6398824938,339.82616637764056,,,,,,,,,,,33397.49034993479,35761.34297552886,977185.9729955822,,96798.45182092462,,,,,,44086.47352668288,12451.234635146437,16951.24608402608,8655.893755460274,41788.639682340356,32848.0033036007,,,,,,,,,,,,,,,,,,,,,,,,,,,,,,,,,,,,,,,,,,,,,,,,,,,,,,,,,,,,,,,,,,,,,,,,,,,,,,,,,,,,,,,,,,,,,,,,0.0,0.0,0.0,0.0,0.0,0.0017591469222679734,0.0,0.0,0.0,0.0,0.0,0.0,0.0,0.0,0.0,0.0,0.0,0.0,0.0,0.0,0.0,0.0,0.0,0.0,0.0013064012164250016,0.0,0.0,0.0036453166976571083,0.0,0.0,0.0,0.0035564147401601076,0.0,0.0,0.0,0.0,0.0,0.0,0.0,0.0,0.0,0.35433509945869446,0.0,0.0,0.0,0.0,0.0,0.0,0.000280939566437155,0.0,0.0,0.0,0.0,0.0,0.0,0.0,0.0,0.0,0.0,0.0,0.0,0.0,0.0,0.0,0.0,0.0,0.0,0.0,0.0,0.0,0.0,0.0,0.0,0.0,0.0,0.0,0.0,0.0,0.0,0.0,0.0,0.0002895304933190346,0.0,0.0,0.0,0.0,0.0,0.0,0.0,0.0004514709289651364,0.0,0.0,0.0,0.0,0.0,0.0,0.0,0.0,0.0,0.0,0.0,0.0,0.0,0.0,0.0,0.23673413693904877,0.0,0.0,0.0,0.0,0.0,0.0,0.0,0.0,0.0,0.0,0.0,0.0,0.0,0.0,0.006112119648605585,0.0,0.0,0.0,0.0,0.0,0.0,0.0,0.0,0.0,0.0,0.0,0.0,0.0,0.0009501978638581932,0.0,0.0,0.0,0.0,0.0,0.0,0.0,0.0,0.0,0.0,0.0,0.0,0.0,0.0,0.0,0.0,0.0,0.0,0.0,0.0,0.0,0.0,0.0,0.0,0.0,0.0,0.0,0.0,0.0,0.0,0.0,0.0,0.0,0.0,0.0,0.0,0.0004413347051013261,0.0014393494930118322,0.0,0.0,0.0,0.0,0.0,0.0,0.0,0.0,0.0,0.0,0.0,0.0,0.0,0.0,0.0,0.0,0.0,0.0,0.0,0.0,0.0,0.0010530672734603286,0.0,0.0,0.0,0.0,0.0,0.0,0.0,0.0,0.0,0.0,0.0,0.0,0.0,0.0,0.0,0.0004487152036745101,0.0,0.0,0.0,0.0,0.0,0.0,0.0,0.0,0.0,0.0,0.0,0.0,0.0,0.0,0.0,0.0,0.0,0.0,0.0,0.0,0.0,0.0,0.0,0.002649371512234211,0.0,0.0,0.0,0.0,0.0,0.0,0.0,1.6639629393466748e-05,0.0,0.0,0.0,0.0,0.0,0.0,0.0,0.0,0.0,0.0,0.0,0.0,0.0,0.0,0.0,0.0,0.0,0.0,0.0,0.0,0.0,0.0,0.0,0.0,0.0,0.0,0.0,0.0,0.0,0.0,0.0,0.0,0.0,0.0,0.0,0.0,0.0,0.0,0.0,0.0,0.0,0.0,0.0,0.0,0.0,0.0,0.0,0.0,0.0,0.0,0.0,0.0,0.0,0.0,0.0,0.0,0.0,0.0,0.0,0.0,0.0,0.0,0.0,0.00022665342839900404,0.0,0.0,0.0,0.0,0.0,0.0,0.0,0.0,0.0,0.0,0.0,0.0,0.0,0.0,0.0,0.0,0.0,0.0,0.0,0.0,0.0,0.0,0.0005905237630940974,0.0,0.0,0.0019058078760281205,0.0,0.0,0.0,0.0,0.0,0.0,0.0,0.0,0.0,0.0,0.0,0.0,0.0,0.0,0.0,0.0,0.0,0.0,0.0,0.0,0.0,0.0,0.0,0.0,0.0,0.0,0.0,0.0,0.0,0.0,0.0,0.0,0.0,0.0,0.0,0.0,0.0020384937524795532,0.0,0.0,0.0,0.0,0.0,0.0,0.0,0.0,0.0,0.0,0.0,0.0,0.0,0.0,0.0,0.0,0.0,0.0,0.0,0.0,0.0,0.0,0.27549755573272705,0.0,0.0,0.0,0.0,0.0,0.0,0.0,0.0,0.0009239051141776145,0.0,0.0,0.0,0.0,0.0,0.0,0.0,0.0,0.0,0.0,0.0,0.0,0.0,0.0,0.0,0.0,0.0,0.0,0.09578496962785721,0.0,0.0,0.0,0.0,0.0,0.0,0.0,0.0,0.0,0.0,0.0,0.0,0.0,0.0,0.0,0.0,0.0,0.0,0.0,0.0,0.0,0.0,0.0,0.0,0.0,0.0,0.0034059735480695963,0.0,0.0,0.0,0.0,0.0,0.0,0.0,0.0,0.0,0.0,0.0,0.0,0.0,0.0,0.0,0.0,0.0,0.0,0.0,0.0,0.0,0.0003127045347355306,0.0,0.0018471716903150082,0.0,0.0,0.0,0.0,0.0,0.0,0.0,0.0,0.0,0.0,0.0,0.0,0.0,0.0,0.0,0.0,0.0,0.0,0.0,0.0,0.0,0.0,0.0,0.0,0.0,0.0,0.0,0.00199695467017591,,,,,,,,,,,,,,,,,,,,,,,,,,,,,,,,,,,,,,,,,,,,,,,,,,,,,,,,,,,,,,,,,,,,,,,,,,,,,,,,,,,,,,,,,,,,,,,,,,,,,,,,,,,,,,,,,,,,,,,,,,,,,,,,,,,,,,,,,,,,,,,,,,,,,,,,,,,,,,,,,,,,,,,,,,,,,,,,,,,,,,,,,,,,,,,,,,,,,,,,,,,,,,,,,,,,,,,,,,,,,,,,,,,,,,,,,,,,,,,,,,,,,,,,,,,,,,,,,,,,,,,,,,,,
2019-09-17,646837.7567691783,4454.0652080207365,,,,,,,,,,,32798.9382967373,35834.03013725326,886931.7936715638,,98878.61045412355,,,,,,43524.89534061337,13044.840935280441,17009.41836221948,8243.662262581487,41784.255476662074,34465.34648127921,,,,,,,,,,,,,,,,,,,,,,,,,,,,,,,,,,,,,,,,,,,,,,,,,,,,,,,,,,,,,,,,,,,,,,,,,,,,,,,,,,,,,,,,,,,,,,,,0.0,0.0,0.0,0.0,0.0,0.0017591469222679734,0.0,0.0,0.0,0.0,0.0,0.0,0.0,0.0,0.0,0.0,0.0,0.0,0.0,0.0,0.0,0.0,0.0,0.0,0.0013064012164250016,0.0,0.0,0.0036453166976571083,0.0,0.0,0.0,0.0035564147401601076,0.0,0.0,0.0,0.0,0.0,0.0,0.0,0.0,0.0,0.35433509945869446,0.0,0.0,0.0,0.0,0.0,0.0,0.000280939566437155,0.0,0.0,0.0,0.0,0.0,0.0,0.0,0.0,0.0,0.0,0.0,0.0,0.0,0.0,0.0,0.0,0.0,0.0,0.0,0.0,0.0,0.0,0.0,0.0,0.0,0.0,0.0,0.0,0.0,0.0,0.0,0.0,0.0002895304933190346,0.0,0.0,0.0,0.0,0.0,0.0,0.0,0.0004514709289651364,0.0,0.0,0.0,0.0,0.0,0.0,0.0,0.0,0.0,0.0,0.0,0.0,0.0,0.0,0.0,0.23673413693904877,0.0,0.0,0.0,0.0,0.0,0.0,0.0,0.0,0.0,0.0,0.0,0.0,0.0,0.0,0.006112119648605585,0.0,0.0,0.0,0.0,0.0,0.0,0.0,0.0,0.0,0.0,0.0,0.0,0.0,0.0009501978638581932,0.0,0.0,0.0,0.0,0.0,0.0,0.0,0.0,0.0,0.0,0.0,0.0,0.0,0.0,0.0,0.0,0.0,0.0,0.0,0.0,0.0,0.0,0.0,0.0,0.0,0.0,0.0,0.0,0.0,0.0,0.0,0.0,0.0,0.0,0.0,0.0,0.0004413347051013261,0.0014393494930118322,0.0,0.0,0.0,0.0,0.0,0.0,0.0,0.0,0.0,0.0,0.0,0.0,0.0,0.0,0.0,0.0,0.0,0.0,0.0,0.0,0.0,0.0010530672734603286,0.0,0.0,0.0,0.0,0.0,0.0,0.0,0.0,0.0,0.0,0.0,0.0,0.0,0.0,0.0,0.0004487152036745101,0.0,0.0,0.0,0.0,0.0,0.0,0.0,0.0,0.0,0.0,0.0,0.0,0.0,0.0,0.0,0.0,0.0,0.0,0.0,0.0,0.0,0.0,0.0,0.002649371512234211,0.0,0.0,0.0,0.0,0.0,0.0,0.0,1.6639629393466748e-05,0.0,0.0,0.0,0.0,0.0,0.0,0.0,0.0,0.0,0.0,0.0,0.0,0.0,0.0,0.0,0.0,0.0,0.0,0.0,0.0,0.0,0.0,0.0,0.0,0.0,0.0,0.0,0.0,0.0,0.0,0.0,0.0,0.0,0.0,0.0,0.0,0.0,0.0,0.0,0.0,0.0,0.0,0.0,0.0,0.0,0.0,0.0,0.0,0.0,0.0,0.0,0.0,0.0,0.0,0.0,0.0,0.0,0.0,0.0,0.0,0.0,0.0,0.0,0.00022665342839900404,0.0,0.0,0.0,0.0,0.0,0.0,0.0,0.0,0.0,0.0,0.0,0.0,0.0,0.0,0.0,0.0,0.0,0.0,0.0,0.0,0.0,0.0,0.0005905237630940974,0.0,0.0,0.0019058078760281205,0.0,0.0,0.0,0.0,0.0,0.0,0.0,0.0,0.0,0.0,0.0,0.0,0.0,0.0,0.0,0.0,0.0,0.0,0.0,0.0,0.0,0.0,0.0,0.0,0.0,0.0,0.0,0.0,0.0,0.0,0.0,0.0,0.0,0.0,0.0,0.0,0.0020384937524795532,0.0,0.0,0.0,0.0,0.0,0.0,0.0,0.0,0.0,0.0,0.0,0.0,0.0,0.0,0.0,0.0,0.0,0.0,0.0,0.0,0.0,0.0,0.27549755573272705,0.0,0.0,0.0,0.0,0.0,0.0,0.0,0.0,0.0009239051141776145,0.0,0.0,0.0,0.0,0.0,0.0,0.0,0.0,0.0,0.0,0.0,0.0,0.0,0.0,0.0,0.0,0.0,0.0,0.09578496962785721,0.0,0.0,0.0,0.0,0.0,0.0,0.0,0.0,0.0,0.0,0.0,0.0,0.0,0.0,0.0,0.0,0.0,0.0,0.0,0.0,0.0,0.0,0.0,0.0,0.0,0.0,0.0034059735480695963,0.0,0.0,0.0,0.0,0.0,0.0,0.0,0.0,0.0,0.0,0.0,0.0,0.0,0.0,0.0,0.0,0.0,0.0,0.0,0.0,0.0,0.0003127045347355306,0.0,0.0018471716903150082,0.0,0.0,0.0,0.0,0.0,0.0,0.0,0.0,0.0,0.0,0.0,0.0,0.0,0.0,0.0,0.0,0.0,0.0,0.0,0.0,0.0,0.0,0.0,0.0,0.0,0.0,0.0,0.00199695467017591,,,,,,,,,,,,,,,,,,,,,,,,,,,,,,,,,,,,,,,,,,,,,,,,,,,,,,,,,,,,,,,,,,,,,,,,,,,,,,,,,,,,,,,,,,,,,,,,,,,,,,,,,,,,,,,,,,,,,,,,,,,,,,,,,,,,,,,,,,,,,,,,,,,,,,,,,,,,,,,,,,,,,,,,,,,,,,,,,,,,,,,,,,,,,,,,,,,,,,,,,,,,,,,,,,,,,,,,,,,,,,,,,,,,,,,,,,,,,,,,,,,,,,,,,,,,,,,,,,,,,,,,,,,,
2019-09-18,641906.9336046777,569.5639396772626,,,,,,,,,,,34945.378458400795,36052.08427252125,888632.9183526029,,98855.87182836382,,,,,,42986.52062093231,12749.41491127088,17240.963076530224,8243.933662420619,41788.834846413105,34929.16048174166,,,,,,,,,,,,,,,,,,,,,,,,,,,,,,,,,,,,,,,,,,,,,,,,,,,,,,,,,,,,,,,,,,,,,,,,,,,,,,,,,,,,,,,,,,,,,,,,0.0,0.0,0.0,0.0,0.0,0.0017591469222679734,0.0,0.0,0.0,0.0,0.0,0.0,0.0,0.0,0.0,0.0,0.0,0.0,0.0,0.0,0.0,0.0,0.0,0.0,0.0013064012164250016,0.0,0.0,0.0036453166976571083,0.0,0.0,0.0,0.0035564147401601076,0.0,0.0,0.0,0.0,0.0,0.0,0.0,0.0,0.0,0.35433509945869446,0.0,0.0,0.0,0.0,0.0,0.0,0.000280939566437155,0.0,0.0,0.0,0.0,0.0,0.0,0.0,0.0,0.0,0.0,0.0,0.0,0.0,0.0,0.0,0.0,0.0,0.0,0.0,0.0,0.0,0.0,0.0,0.0,0.0,0.0,0.0,0.0,0.0,0.0,0.0,0.0,0.0002895304933190346,0.0,0.0,0.0,0.0,0.0,0.0,0.0,0.0004514709289651364,0.0,0.0,0.0,0.0,0.0,0.0,0.0,0.0,0.0,0.0,0.0,0.0,0.0,0.0,0.0,0.23673413693904877,0.0,0.0,0.0,0.0,0.0,0.0,0.0,0.0,0.0,0.0,0.0,0.0,0.0,0.0,0.006112119648605585,0.0,0.0,0.0,0.0,0.0,0.0,0.0,0.0,0.0,0.0,0.0,0.0,0.0,0.0009501978638581932,0.0,0.0,0.0,0.0,0.0,0.0,0.0,0.0,0.0,0.0,0.0,0.0,0.0,0.0,0.0,0.0,0.0,0.0,0.0,0.0,0.0,0.0,0.0,0.0,0.0,0.0,0.0,0.0,0.0,0.0,0.0,0.0,0.0,0.0,0.0,0.0,0.0004413347051013261,0.0014393494930118322,0.0,0.0,0.0,0.0,0.0,0.0,0.0,0.0,0.0,0.0,0.0,0.0,0.0,0.0,0.0,0.0,0.0,0.0,0.0,0.0,0.0,0.0010530672734603286,0.0,0.0,0.0,0.0,0.0,0.0,0.0,0.0,0.0,0.0,0.0,0.0,0.0,0.0,0.0,0.0004487152036745101,0.0,0.0,0.0,0.0,0.0,0.0,0.0,0.0,0.0,0.0,0.0,0.0,0.0,0.0,0.0,0.0,0.0,0.0,0.0,0.0,0.0,0.0,0.0,0.002649371512234211,0.0,0.0,0.0,0.0,0.0,0.0,0.0,1.6639629393466748e-05,0.0,0.0,0.0,0.0,0.0,0.0,0.0,0.0,0.0,0.0,0.0,0.0,0.0,0.0,0.0,0.0,0.0,0.0,0.0,0.0,0.0,0.0,0.0,0.0,0.0,0.0,0.0,0.0,0.0,0.0,0.0,0.0,0.0,0.0,0.0,0.0,0.0,0.0,0.0,0.0,0.0,0.0,0.0,0.0,0.0,0.0,0.0,0.0,0.0,0.0,0.0,0.0,0.0,0.0,0.0,0.0,0.0,0.0,0.0,0.0,0.0,0.0,0.0,0.00022665342839900404,0.0,0.0,0.0,0.0,0.0,0.0,0.0,0.0,0.0,0.0,0.0,0.0,0.0,0.0,0.0,0.0,0.0,0.0,0.0,0.0,0.0,0.0,0.0005905237630940974,0.0,0.0,0.0019058078760281205,0.0,0.0,0.0,0.0,0.0,0.0,0.0,0.0,0.0,0.0,0.0,0.0,0.0,0.0,0.0,0.0,0.0,0.0,0.0,0.0,0.0,0.0,0.0,0.0,0.0,0.0,0.0,0.0,0.0,0.0,0.0,0.0,0.0,0.0,0.0,0.0,0.0020384937524795532,0.0,0.0,0.0,0.0,0.0,0.0,0.0,0.0,0.0,0.0,0.0,0.0,0.0,0.0,0.0,0.0,0.0,0.0,0.0,0.0,0.0,0.0,0.27549755573272705,0.0,0.0,0.0,0.0,0.0,0.0,0.0,0.0,0.0009239051141776145,0.0,0.0,0.0,0.0,0.0,0.0,0.0,0.0,0.0,0.0,0.0,0.0,0.0,0.0,0.0,0.0,0.0,0.0,0.09578496962785721,0.0,0.0,0.0,0.0,0.0,0.0,0.0,0.0,0.0,0.0,0.0,0.0,0.0,0.0,0.0,0.0,0.0,0.0,0.0,0.0,0.0,0.0,0.0,0.0,0.0,0.0,0.0034059735480695963,0.0,0.0,0.0,0.0,0.0,0.0,0.0,0.0,0.0,0.0,0.0,0.0,0.0,0.0,0.0,0.0,0.0,0.0,0.0,0.0,0.0,0.0003127045347355306,0.0,0.0018471716903150082,0.0,0.0,0.0,0.0,0.0,0.0,0.0,0.0,0.0,0.0,0.0,0.0,0.0,0.0,0.0,0.0,0.0,0.0,0.0,0.0,0.0,0.0,0.0,0.0,0.0,0.0,0.0,0.00199695467017591,,,,,,,,,,,,,,,,,,,,,,,,,,,,,,,,,,,,,,,,,,,,,,,,,,,,,,,,,,,,,,,,,,,,,,,,,,,,,,,,,,,,,,,,,,,,,,,,,,,,,,,,,,,,,,,,,,,,,,,,,,,,,,,,,,,,,,,,,,,,,,,,,,,,,,,,,,,,,,,,,,,,,,,,,,,,,,,,,,,,,,,,,,,,,,,,,,,,,,,,,,,,,,,,,,,,,,,,,,,,,,,,,,,,,,,,,,,,,,,,,,,,,,,,,,,,,,,,,,,,,,,,,,,,
2019-09-19,644624.0247272452,3137.4676776263477,,,,,,,,,,,35251.46020637016,36632.79000962293,890617.563813815,,97109.30165471781,,,,,,42986.52062093231,12748.247880888697,17182.91269580117,7831.855798394893,41788.314412936685,35160.47942532935,,,,,,,,,,,,,,,,,,,,,,,,,,,,,,,,,,,,,,,,,,,,,,,,,,,,,,,,,,,,,,,,,,,,,,,,,,,,,,,,,,,,,,,,,,,,,,,,0.0,0.0,0.0,0.0,0.0,0.0017591469222679734,0.0,0.0,0.0,0.0,0.0,0.0,0.0,0.0,0.0,0.0,0.0,0.0,0.0,0.0,0.0,0.0,0.0,0.0,0.0013064012164250016,0.0,0.0,0.0036453166976571083,0.0,0.0,0.0,0.0035564147401601076,0.0,0.0,0.0,0.0,0.0,0.0,0.0,0.0,0.0,0.35433509945869446,0.0,0.0,0.0,0.0,0.0,0.0,0.000280939566437155,0.0,0.0,0.0,0.0,0.0,0.0,0.0,0.0,0.0,0.0,0.0,0.0,0.0,0.0,0.0,0.0,0.0,0.0,0.0,0.0,0.0,0.0,0.0,0.0,0.0,0.0,0.0,0.0,0.0,0.0,0.0,0.0,0.0002895304933190346,0.0,0.0,0.0,0.0,0.0,0.0,0.0,0.0004514709289651364,0.0,0.0,0.0,0.0,0.0,0.0,0.0,0.0,0.0,0.0,0.0,0.0,0.0,0.0,0.0,0.23673413693904877,0.0,0.0,0.0,0.0,0.0,0.0,0.0,0.0,0.0,0.0,0.0,0.0,0.0,0.0,0.006112119648605585,0.0,0.0,0.0,0.0,0.0,0.0,0.0,0.0,0.0,0.0,0.0,0.0,0.0,0.0009501978638581932,0.0,0.0,0.0,0.0,0.0,0.0,0.0,0.0,0.0,0.0,0.0,0.0,0.0,0.0,0.0,0.0,0.0,0.0,0.0,0.0,0.0,0.0,0.0,0.0,0.0,0.0,0.0,0.0,0.0,0.0,0.0,0.0,0.0,0.0,0.0,0.0,0.0004413347051013261,0.0014393494930118322,0.0,0.0,0.0,0.0,0.0,0.0,0.0,0.0,0.0,0.0,0.0,0.0,0.0,0.0,0.0,0.0,0.0,0.0,0.0,0.0,0.0,0.0010530672734603286,0.0,0.0,0.0,0.0,0.0,0.0,0.0,0.0,0.0,0.0,0.0,0.0,0.0,0.0,0.0,0.0004487152036745101,0.0,0.0,0.0,0.0,0.0,0.0,0.0,0.0,0.0,0.0,0.0,0.0,0.0,0.0,0.0,0.0,0.0,0.0,0.0,0.0,0.0,0.0,0.0,0.002649371512234211,0.0,0.0,0.0,0.0,0.0,0.0,0.0,1.6639629393466748e-05,0.0,0.0,0.0,0.0,0.0,0.0,0.0,0.0,0.0,0.0,0.0,0.0,0.0,0.0,0.0,0.0,0.0,0.0,0.0,0.0,0.0,0.0,0.0,0.0,0.0,0.0,0.0,0.0,0.0,0.0,0.0,0.0,0.0,0.0,0.0,0.0,0.0,0.0,0.0,0.0,0.0,0.0,0.0,0.0,0.0,0.0,0.0,0.0,0.0,0.0,0.0,0.0,0.0,0.0,0.0,0.0,0.0,0.0,0.0,0.0,0.0,0.0,0.0,0.00022665342839900404,0.0,0.0,0.0,0.0,0.0,0.0,0.0,0.0,0.0,0.0,0.0,0.0,0.0,0.0,0.0,0.0,0.0,0.0,0.0,0.0,0.0,0.0,0.0005905237630940974,0.0,0.0,0.0019058078760281205,0.0,0.0,0.0,0.0,0.0,0.0,0.0,0.0,0.0,0.0,0.0,0.0,0.0,0.0,0.0,0.0,0.0,0.0,0.0,0.0,0.0,0.0,0.0,0.0,0.0,0.0,0.0,0.0,0.0,0.0,0.0,0.0,0.0,0.0,0.0,0.0,0.0020384937524795532,0.0,0.0,0.0,0.0,0.0,0.0,0.0,0.0,0.0,0.0,0.0,0.0,0.0,0.0,0.0,0.0,0.0,0.0,0.0,0.0,0.0,0.0,0.27549755573272705,0.0,0.0,0.0,0.0,0.0,0.0,0.0,0.0,0.0009239051141776145,0.0,0.0,0.0,0.0,0.0,0.0,0.0,0.0,0.0,0.0,0.0,0.0,0.0,0.0,0.0,0.0,0.0,0.0,0.09578496962785721,0.0,0.0,0.0,0.0,0.0,0.0,0.0,0.0,0.0,0.0,0.0,0.0,0.0,0.0,0.0,0.0,0.0,0.0,0.0,0.0,0.0,0.0,0.0,0.0,0.0,0.0,0.0034059735480695963,0.0,0.0,0.0,0.0,0.0,0.0,0.0,0.0,0.0,0.0,0.0,0.0,0.0,0.0,0.0,0.0,0.0,0.0,0.0,0.0,0.0,0.0003127045347355306,0.0,0.0018471716903150082,0.0,0.0,0.0,0.0,0.0,0.0,0.0,0.0,0.0,0.0,0.0,0.0,0.0,0.0,0.0,0.0,0.0,0.0,0.0,0.0,0.0,0.0,0.0,0.0,0.0,0.0,0.0,0.00199695467017591,,,,,,,,,,,,,,,,,,,,,,,,,,,,,,,,,,,,,,,,,,,,,,,,,,,,,,,,,,,,,,,,,,,,,,,,,,,,,,,,,,,,,,,,,,,,,,,,,,,,,,,,,,,,,,,,,,,,,,,,,,,,,,,,,,,,,,,,,,,,,,,,,,,,,,,,,,,,,,,,,,,,,,,,,,,,,,,,,,,,,,,,,,,,,,,,,,,,,,,,,,,,,,,,,,,,,,,,,,,,,,,,,,,,,,,,,,,,,,,,,,,,,,,,,,,,,,,,,,,,,,,,,,,,
2019-09-20,643852.2367398501,5127.44334329867,,,,,,,,,,,36118.72693218651,37724.63693496608,903394.0848249573,,95427.37424603877,,,,,,41878.69098842058,12749.470113945847,17358.398400382463,7831.841366733474,39002.88418827511,35390.59068211891,,,,,,,,,,,,,,,,,,,,,,,,,,,,,,,,,,,,,,,,,,,,,,,,,,,,,,,,,,,,,,,,,,,,,,,,,,,,,,,,,,,,,,,,,,,,,,,,0.0,0.0,0.0,0.0,0.0,0.0017591469222679734,0.0,0.0,0.0,0.0,0.0,0.0,0.0,0.0,0.0,0.0,0.0,0.0,0.0,0.0,0.0,0.0,0.0,0.0,0.0013064012164250016,0.0,0.0,0.0036453166976571083,0.0,0.0,0.0,0.0035564147401601076,0.0,0.0,0.0,0.0,0.0,0.0,0.0,0.0,0.0,0.35433509945869446,0.0,0.0,0.0,0.0,0.0,0.0,0.000280939566437155,0.0,0.0,0.0,0.0,0.0,0.0,0.0,0.0,0.0,0.0,0.0,0.0,0.0,0.0,0.0,0.0,0.0,0.0,0.0,0.0,0.0,0.0,0.0,0.0,0.0,0.0,0.0,0.0,0.0,0.0,0.0,0.0,0.0002895304933190346,0.0,0.0,0.0,0.0,0.0,0.0,0.0,0.0004514709289651364,0.0,0.0,0.0,0.0,0.0,0.0,0.0,0.0,0.0,0.0,0.0,0.0,0.0,0.0,0.0,0.23673413693904877,0.0,0.0,0.0,0.0,0.0,0.0,0.0,0.0,0.0,0.0,0.0,0.0,0.0,0.0,0.006112119648605585,0.0,0.0,0.0,0.0,0.0,0.0,0.0,0.0,0.0,0.0,0.0,0.0,0.0,0.0009501978638581932,0.0,0.0,0.0,0.0,0.0,0.0,0.0,0.0,0.0,0.0,0.0,0.0,0.0,0.0,0.0,0.0,0.0,0.0,0.0,0.0,0.0,0.0,0.0,0.0,0.0,0.0,0.0,0.0,0.0,0.0,0.0,0.0,0.0,0.0,0.0,0.0,0.0004413347051013261,0.0014393494930118322,0.0,0.0,0.0,0.0,0.0,0.0,0.0,0.0,0.0,0.0,0.0,0.0,0.0,0.0,0.0,0.0,0.0,0.0,0.0,0.0,0.0,0.0010530672734603286,0.0,0.0,0.0,0.0,0.0,0.0,0.0,0.0,0.0,0.0,0.0,0.0,0.0,0.0,0.0,0.0004487152036745101,0.0,0.0,0.0,0.0,0.0,0.0,0.0,0.0,0.0,0.0,0.0,0.0,0.0,0.0,0.0,0.0,0.0,0.0,0.0,0.0,0.0,0.0,0.0,0.002649371512234211,0.0,0.0,0.0,0.0,0.0,0.0,0.0,1.6639629393466748e-05,0.0,0.0,0.0,0.0,0.0,0.0,0.0,0.0,0.0,0.0,0.0,0.0,0.0,0.0,0.0,0.0,0.0,0.0,0.0,0.0,0.0,0.0,0.0,0.0,0.0,0.0,0.0,0.0,0.0,0.0,0.0,0.0,0.0,0.0,0.0,0.0,0.0,0.0,0.0,0.0,0.0,0.0,0.0,0.0,0.0,0.0,0.0,0.0,0.0,0.0,0.0,0.0,0.0,0.0,0.0,0.0,0.0,0.0,0.0,0.0,0.0,0.0,0.0,0.00022665342839900404,0.0,0.0,0.0,0.0,0.0,0.0,0.0,0.0,0.0,0.0,0.0,0.0,0.0,0.0,0.0,0.0,0.0,0.0,0.0,0.0,0.0,0.0,0.0005905237630940974,0.0,0.0,0.0019058078760281205,0.0,0.0,0.0,0.0,0.0,0.0,0.0,0.0,0.0,0.0,0.0,0.0,0.0,0.0,0.0,0.0,0.0,0.0,0.0,0.0,0.0,0.0,0.0,0.0,0.0,0.0,0.0,0.0,0.0,0.0,0.0,0.0,0.0,0.0,0.0,0.0,0.0020384937524795532,0.0,0.0,0.0,0.0,0.0,0.0,0.0,0.0,0.0,0.0,0.0,0.0,0.0,0.0,0.0,0.0,0.0,0.0,0.0,0.0,0.0,0.0,0.27549755573272705,0.0,0.0,0.0,0.0,0.0,0.0,0.0,0.0,0.0009239051141776145,0.0,0.0,0.0,0.0,0.0,0.0,0.0,0.0,0.0,0.0,0.0,0.0,0.0,0.0,0.0,0.0,0.0,0.0,0.09578496962785721,0.0,0.0,0.0,0.0,0.0,0.0,0.0,0.0,0.0,0.0,0.0,0.0,0.0,0.0,0.0,0.0,0.0,0.0,0.0,0.0,0.0,0.0,0.0,0.0,0.0,0.0,0.0034059735480695963,0.0,0.0,0.0,0.0,0.0,0.0,0.0,0.0,0.0,0.0,0.0,0.0,0.0,0.0,0.0,0.0,0.0,0.0,0.0,0.0,0.0,0.0003127045347355306,0.0,0.0018471716903150082,0.0,0.0,0.0,0.0,0.0,0.0,0.0,0.0,0.0,0.0,0.0,0.0,0.0,0.0,0.0,0.0,0.0,0.0,0.0,0.0,0.0,0.0,0.0,0.0,0.0,0.0,0.0,0.00199695467017591,,,,,,,,,,,,,,,,,,,,,,,,,,,,,,,,,,,,,,,,,,,,,,,,,,,,,,,,,,,,,,,,,,,,,,,,,,,,,,,,,,,,,,,,,,,,,,,,,,,,,,,,,,,,,,,,,,,,,,,,,,,,,,,,,,,,,,,,,,,,,,,,,,,,,,,,,,,,,,,,,,,,,,,,,,,,,,,,,,,,,,,,,,,,,,,,,,,,,,,,,,,,,,,,,,,,,,,,,,,,,,,,,,,,,,,,,,,,,,,,,,,,,,,,,,,,,,,,,,,,,,,,,,,,
2019-09-23,641807.5965226374,3256.608030418886,,,,,,,,,,,35965.68147908403,36560.885196526455,921329.1262479314,,97497.35761024538,,,,,,40642.92633630325,13343.444998731447,17416.869095526927,7831.84713939166,38999.79996251632,35621.45481259724,,,,,,,,,,,,,,,,,,,,,,,,,,,,,,,,,,,,,,,,,,,,,,,,,,,,,,,,,,,,,,,,,,,,,,,,,,,,,,,,,,,,,,,,,,,,,,,,0.0,0.0,0.0,0.0,0.0,0.0017591469222679734,0.0,0.0,0.0,0.0,0.0,0.0,0.0,0.0,0.0,0.0,0.0,0.0,0.0,0.0,0.0,0.0,0.0,0.0,0.0013064012164250016,0.0,0.0,0.0036453166976571083,0.0,0.0,0.0,0.0035564147401601076,0.0,0.0,0.0,0.0,0.0,0.0,0.0,0.0,0.0,0.35433509945869446,0.0,0.0,0.0,0.0,0.0,0.0,0.000280939566437155,0.0,0.0,0.0,0.0,0.0,0.0,0.0,0.0,0.0,0.0,0.0,0.0,0.0,0.0,0.0,0.0,0.0,0.0,0.0,0.0,0.0,0.0,0.0,0.0,0.0,0.0,0.0,0.0,0.0,0.0,0.0,0.0,0.0002895304933190346,0.0,0.0,0.0,0.0,0.0,0.0,0.0,0.0004514709289651364,0.0,0.0,0.0,0.0,0.0,0.0,0.0,0.0,0.0,0.0,0.0,0.0,0.0,0.0,0.0,0.23673413693904877,0.0,0.0,0.0,0.0,0.0,0.0,0.0,0.0,0.0,0.0,0.0,0.0,0.0,0.0,0.006112119648605585,0.0,0.0,0.0,0.0,0.0,0.0,0.0,0.0,0.0,0.0,0.0,0.0,0.0,0.0009501978638581932,0.0,0.0,0.0,0.0,0.0,0.0,0.0,0.0,0.0,0.0,0.0,0.0,0.0,0.0,0.0,0.0,0.0,0.0,0.0,0.0,0.0,0.0,0.0,0.0,0.0,0.0,0.0,0.0,0.0,0.0,0.0,0.0,0.0,0.0,0.0,0.0,0.0004413347051013261,0.0014393494930118322,0.0,0.0,0.0,0.0,0.0,0.0,0.0,0.0,0.0,0.0,0.0,0.0,0.0,0.0,0.0,0.0,0.0,0.0,0.0,0.0,0.0,0.0010530672734603286,0.0,0.0,0.0,0.0,0.0,0.0,0.0,0.0,0.0,0.0,0.0,0.0,0.0,0.0,0.0,0.0004487152036745101,0.0,0.0,0.0,0.0,0.0,0.0,0.0,0.0,0.0,0.0,0.0,0.0,0.0,0.0,0.0,0.0,0.0,0.0,0.0,0.0,0.0,0.0,0.0,0.002649371512234211,0.0,0.0,0.0,0.0,0.0,0.0,0.0,1.6639629393466748e-05,0.0,0.0,0.0,0.0,0.0,0.0,0.0,0.0,0.0,0.0,0.0,0.0,0.0,0.0,0.0,0.0,0.0,0.0,0.0,0.0,0.0,0.0,0.0,0.0,0.0,0.0,0.0,0.0,0.0,0.0,0.0,0.0,0.0,0.0,0.0,0.0,0.0,0.0,0.0,0.0,0.0,0.0,0.0,0.0,0.0,0.0,0.0,0.0,0.0,0.0,0.0,0.0,0.0,0.0,0.0,0.0,0.0,0.0,0.0,0.0,0.0,0.0,0.0,0.00022665342839900404,0.0,0.0,0.0,0.0,0.0,0.0,0.0,0.0,0.0,0.0,0.0,0.0,0.0,0.0,0.0,0.0,0.0,0.0,0.0,0.0,0.0,0.0,0.0005905237630940974,0.0,0.0,0.0019058078760281205,0.0,0.0,0.0,0.0,0.0,0.0,0.0,0.0,0.0,0.0,0.0,0.0,0.0,0.0,0.0,0.0,0.0,0.0,0.0,0.0,0.0,0.0,0.0,0.0,0.0,0.0,0.0,0.0,0.0,0.0,0.0,0.0,0.0,0.0,0.0,0.0,0.0020384937524795532,0.0,0.0,0.0,0.0,0.0,0.0,0.0,0.0,0.0,0.0,0.0,0.0,0.0,0.0,0.0,0.0,0.0,0.0,0.0,0.0,0.0,0.0,0.27549755573272705,0.0,0.0,0.0,0.0,0.0,0.0,0.0,0.0,0.0009239051141776145,0.0,0.0,0.0,0.0,0.0,0.0,0.0,0.0,0.0,0.0,0.0,0.0,0.0,0.0,0.0,0.0,0.0,0.0,0.09578496962785721,0.0,0.0,0.0,0.0,0.0,0.0,0.0,0.0,0.0,0.0,0.0,0.0,0.0,0.0,0.0,0.0,0.0,0.0,0.0,0.0,0.0,0.0,0.0,0.0,0.0,0.0,0.0034059735480695963,0.0,0.0,0.0,0.0,0.0,0.0,0.0,0.0,0.0,0.0,0.0,0.0,0.0,0.0,0.0,0.0,0.0,0.0,0.0,0.0,0.0,0.0003127045347355306,0.0,0.0018471716903150082,0.0,0.0,0.0,0.0,0.0,0.0,0.0,0.0,0.0,0.0,0.0,0.0,0.0,0.0,0.0,0.0,0.0,0.0,0.0,0.0,0.0,0.0,0.0,0.0,0.0,0.0,0.0,0.00199695467017591,,,,,,,,,,,,,,,,,,,,,,,,,,,,,,,,,,,,,,,,,,,,,,,,,,,,,,,,,,,,,,,,,,,,,,,,,,,,,,,,,,,,,,,,,,,,,,,,,,,,,,,,,,,,,,,,,,,,,,,,,,,,,,,,,,,,,,,,,,,,,,,,,,,,,,,,,,,,,,,,,,,,,,,,,,,,,,,,,,,,,,,,,,,,,,,,,,,,,,,,,,,,,,,,,,,,,,,,,,,,,,,,,,,,,,,,,,,,,,,,,,,,,,,,,,,,,,,,,,,,,,,,,,,,
2019-09-24,642618.8746756848,389.28647120709127,,,,,,,,,,,35711.698139186585,37433.11307397838,913220.432937772,,96061.35955053022,,,,,,42579.287876725044,13341.83799426759,17532.30084839308,7831.806249912856,38999.26573675486,35621.45481259724,,,,,,,,,,,,,,,,,,,,,,,,,,,,,,,,,,,,,,,,,,,,,,,,,,,,,,,,,,,,,,,,,,,,,,,,,,,,,,,,,,,,,,,,,,,,,,,,0.0,0.0,0.0,0.0,0.0,0.0017591469222679734,0.0,0.0,0.0,0.0,0.0,0.0,0.0,0.0,0.0,0.0,0.0,0.0,0.0,0.0,0.0,0.0,0.0,0.0,0.0013064012164250016,0.0,0.0,0.0036453166976571083,0.0,0.0,0.0,0.0035564147401601076,0.0,0.0,0.0,0.0,0.0,0.0,0.0,0.0,0.0,0.35433509945869446,0.0,0.0,0.0,0.0,0.0,0.0,0.000280939566437155,0.0,0.0,0.0,0.0,0.0,0.0,0.0,0.0,0.0,0.0,0.0,0.0,0.0,0.0,0.0,0.0,0.0,0.0,0.0,0.0,0.0,0.0,0.0,0.0,0.0,0.0,0.0,0.0,0.0,0.0,0.0,0.0,0.0002895304933190346,0.0,0.0,0.0,0.0,0.0,0.0,0.0,0.0004514709289651364,0.0,0.0,0.0,0.0,0.0,0.0,0.0,0.0,0.0,0.0,0.0,0.0,0.0,0.0,0.0,0.23673413693904877,0.0,0.0,0.0,0.0,0.0,0.0,0.0,0.0,0.0,0.0,0.0,0.0,0.0,0.0,0.006112119648605585,0.0,0.0,0.0,0.0,0.0,0.0,0.0,0.0,0.0,0.0,0.0,0.0,0.0,0.0009501978638581932,0.0,0.0,0.0,0.0,0.0,0.0,0.0,0.0,0.0,0.0,0.0,0.0,0.0,0.0,0.0,0.0,0.0,0.0,0.0,0.0,0.0,0.0,0.0,0.0,0.0,0.0,0.0,0.0,0.0,0.0,0.0,0.0,0.0,0.0,0.0,0.0,0.0004413347051013261,0.0014393494930118322,0.0,0.0,0.0,0.0,0.0,0.0,0.0,0.0,0.0,0.0,0.0,0.0,0.0,0.0,0.0,0.0,0.0,0.0,0.0,0.0,0.0,0.0010530672734603286,0.0,0.0,0.0,0.0,0.0,0.0,0.0,0.0,0.0,0.0,0.0,0.0,0.0,0.0,0.0,0.0004487152036745101,0.0,0.0,0.0,0.0,0.0,0.0,0.0,0.0,0.0,0.0,0.0,0.0,0.0,0.0,0.0,0.0,0.0,0.0,0.0,0.0,0.0,0.0,0.0,0.002649371512234211,0.0,0.0,0.0,0.0,0.0,0.0,0.0,1.6639629393466748e-05,0.0,0.0,0.0,0.0,0.0,0.0,0.0,0.0,0.0,0.0,0.0,0.0,0.0,0.0,0.0,0.0,0.0,0.0,0.0,0.0,0.0,0.0,0.0,0.0,0.0,0.0,0.0,0.0,0.0,0.0,0.0,0.0,0.0,0.0,0.0,0.0,0.0,0.0,0.0,0.0,0.0,0.0,0.0,0.0,0.0,0.0,0.0,0.0,0.0,0.0,0.0,0.0,0.0,0.0,0.0,0.0,0.0,0.0,0.0,0.0,0.0,0.0,0.0,0.00022665342839900404,0.0,0.0,0.0,0.0,0.0,0.0,0.0,0.0,0.0,0.0,0.0,0.0,0.0,0.0,0.0,0.0,0.0,0.0,0.0,0.0,0.0,0.0,0.0005905237630940974,0.0,0.0,0.0019058078760281205,0.0,0.0,0.0,0.0,0.0,0.0,0.0,0.0,0.0,0.0,0.0,0.0,0.0,0.0,0.0,0.0,0.0,0.0,0.0,0.0,0.0,0.0,0.0,0.0,0.0,0.0,0.0,0.0,0.0,0.0,0.0,0.0,0.0,0.0,0.0,0.0,0.0020384937524795532,0.0,0.0,0.0,0.0,0.0,0.0,0.0,0.0,0.0,0.0,0.0,0.0,0.0,0.0,0.0,0.0,0.0,0.0,0.0,0.0,0.0,0.0,0.27549755573272705,0.0,0.0,0.0,0.0,0.0,0.0,0.0,0.0,0.0009239051141776145,0.0,0.0,0.0,0.0,0.0,0.0,0.0,0.0,0.0,0.0,0.0,0.0,0.0,0.0,0.0,0.0,0.0,0.0,0.09578496962785721,0.0,0.0,0.0,0.0,0.0,0.0,0.0,0.0,0.0,0.0,0.0,0.0,0.0,0.0,0.0,0.0,0.0,0.0,0.0,0.0,0.0,0.0,0.0,0.0,0.0,0.0,0.0034059735480695963,0.0,0.0,0.0,0.0,0.0,0.0,0.0,0.0,0.0,0.0,0.0,0.0,0.0,0.0,0.0,0.0,0.0,0.0,0.0,0.0,0.0,0.0003127045347355306,0.0,0.0018471716903150082,0.0,0.0,0.0,0.0,0.0,0.0,0.0,0.0,0.0,0.0,0.0,0.0,0.0,0.0,0.0,0.0,0.0,0.0,0.0,0.0,0.0,0.0,0.0,0.0,0.0,0.0,0.0,0.00199695467017591,,,,,,,,,,,,,,,,,,,,,,,,,,,,,,,,,,,,,,,,,,,,,,,,,,,,,,,,,,,,,,,,,,,,,,,,,,,,,,,,,,,,,,,,,,,,,,,,,,,,,,,,,,,,,,,,,,,,,,,,,,,,,,,,,,,,,,,,,,,,,,,,,,,,,,,,,,,,,,,,,,,,,,,,,,,,,,,,,,,,,,,,,,,,,,,,,,,,,,,,,,,,,,,,,,,,,,,,,,,,,,,,,,,,,,,,,,,,,,,,,,,,,,,,,,,,,,,,,,,,,,,,,,,,
2019-09-25,629318.8663725861,1245.3456748526994,,,,,,,,,,,35915.784596429614,36924.01593514203,940193.0884057392,,94713.35416212711,,,,,,42441.93533518722,13342.277730312435,17357.168337268842,7831.768728178562,39001.86010646882,35392.63281885218,,,,,,,,,,,,,,,,,,,,,,,,,,,,,,,,,,,,,,,,,,,,,,,,,,,,,,,,,,,,,,,,,,,,,,,,,,,,,,,,,,,,,,,,,,,,,,,,0.0,0.0,0.0,0.0,0.0,0.0017591469222679734,0.0,0.0,0.0,0.0,0.0,0.0,0.0,0.0,0.0,0.0,0.0,0.0,0.0,0.0,0.0,0.0,0.0,0.0,0.0013064012164250016,0.0,0.0,0.0036453166976571083,0.0,0.0,0.0,0.0035564147401601076,0.0,0.0,0.0,0.0,0.0,0.0,0.0,0.0,0.0,0.35433509945869446,0.0,0.0,0.0,0.0,0.0,0.0,0.000280939566437155,0.0,0.0,0.0,0.0,0.0,0.0,0.0,0.0,0.0,0.0,0.0,0.0,0.0,0.0,0.0,0.0,0.0,0.0,0.0,0.0,0.0,0.0,0.0,0.0,0.0,0.0,0.0,0.0,0.0,0.0,0.0,0.0,0.0002895304933190346,0.0,0.0,0.0,0.0,0.0,0.0,0.0,0.0004514709289651364,0.0,0.0,0.0,0.0,0.0,0.0,0.0,0.0,0.0,0.0,0.0,0.0,0.0,0.0,0.0,0.23673413693904877,0.0,0.0,0.0,0.0,0.0,0.0,0.0,0.0,0.0,0.0,0.0,0.0,0.0,0.0,0.006112119648605585,0.0,0.0,0.0,0.0,0.0,0.0,0.0,0.0,0.0,0.0,0.0,0.0,0.0,0.0009501978638581932,0.0,0.0,0.0,0.0,0.0,0.0,0.0,0.0,0.0,0.0,0.0,0.0,0.0,0.0,0.0,0.0,0.0,0.0,0.0,0.0,0.0,0.0,0.0,0.0,0.0,0.0,0.0,0.0,0.0,0.0,0.0,0.0,0.0,0.0,0.0,0.0,0.0004413347051013261,0.0014393494930118322,0.0,0.0,0.0,0.0,0.0,0.0,0.0,0.0,0.0,0.0,0.0,0.0,0.0,0.0,0.0,0.0,0.0,0.0,0.0,0.0,0.0,0.0010530672734603286,0.0,0.0,0.0,0.0,0.0,0.0,0.0,0.0,0.0,0.0,0.0,0.0,0.0,0.0,0.0,0.0004487152036745101,0.0,0.0,0.0,0.0,0.0,0.0,0.0,0.0,0.0,0.0,0.0,0.0,0.0,0.0,0.0,0.0,0.0,0.0,0.0,0.0,0.0,0.0,0.0,0.002649371512234211,0.0,0.0,0.0,0.0,0.0,0.0,0.0,1.6639629393466748e-05,0.0,0.0,0.0,0.0,0.0,0.0,0.0,0.0,0.0,0.0,0.0,0.0,0.0,0.0,0.0,0.0,0.0,0.0,0.0,0.0,0.0,0.0,0.0,0.0,0.0,0.0,0.0,0.0,0.0,0.0,0.0,0.0,0.0,0.0,0.0,0.0,0.0,0.0,0.0,0.0,0.0,0.0,0.0,0.0,0.0,0.0,0.0,0.0,0.0,0.0,0.0,0.0,0.0,0.0,0.0,0.0,0.0,0.0,0.0,0.0,0.0,0.0,0.0,0.00022665342839900404,0.0,0.0,0.0,0.0,0.0,0.0,0.0,0.0,0.0,0.0,0.0,0.0,0.0,0.0,0.0,0.0,0.0,0.0,0.0,0.0,0.0,0.0,0.0005905237630940974,0.0,0.0,0.0019058078760281205,0.0,0.0,0.0,0.0,0.0,0.0,0.0,0.0,0.0,0.0,0.0,0.0,0.0,0.0,0.0,0.0,0.0,0.0,0.0,0.0,0.0,0.0,0.0,0.0,0.0,0.0,0.0,0.0,0.0,0.0,0.0,0.0,0.0,0.0,0.0,0.0,0.0020384937524795532,0.0,0.0,0.0,0.0,0.0,0.0,0.0,0.0,0.0,0.0,0.0,0.0,0.0,0.0,0.0,0.0,0.0,0.0,0.0,0.0,0.0,0.0,0.27549755573272705,0.0,0.0,0.0,0.0,0.0,0.0,0.0,0.0,0.0009239051141776145,0.0,0.0,0.0,0.0,0.0,0.0,0.0,0.0,0.0,0.0,0.0,0.0,0.0,0.0,0.0,0.0,0.0,0.0,0.09578496962785721,0.0,0.0,0.0,0.0,0.0,0.0,0.0,0.0,0.0,0.0,0.0,0.0,0.0,0.0,0.0,0.0,0.0,0.0,0.0,0.0,0.0,0.0,0.0,0.0,0.0,0.0,0.0034059735480695963,0.0,0.0,0.0,0.0,0.0,0.0,0.0,0.0,0.0,0.0,0.0,0.0,0.0,0.0,0.0,0.0,0.0,0.0,0.0,0.0,0.0,0.0003127045347355306,0.0,0.0018471716903150082,0.0,0.0,0.0,0.0,0.0,0.0,0.0,0.0,0.0,0.0,0.0,0.0,0.0,0.0,0.0,0.0,0.0,0.0,0.0,0.0,0.0,0.0,0.0,0.0,0.0,0.0,0.0,0.00199695467017591,,,,,,,,,,,,,,,,,,,,,,,,,,,,,,,,,,,,,,,,,,,,,,,,,,,,,,,,,,,,,,,,,,,,,,,,,,,,,,,,,,,,,,,,,,,,,,,,,,,,,,,,,,,,,,,,,,,,,,,,,,,,,,,,,,,,,,,,,,,,,,,,,,,,,,,,,,,,,,,,,,,,,,,,,,,,,,,,,,,,,,,,,,,,,,,,,,,,,,,,,,,,,,,,,,,,,,,,,,,,,,,,,,,,,,,,,,,,,,,,,,,,,,,,,,,,,,,,,,,,,,,,,,,,
2019-09-26,616975.0536581703,4462.371380678119,,,,,,,,,,,36630.06378033028,36924.01593514203,940477.0110948756,,94713.35416212711,,,,,,41609.62059955548,13046.642682937498,17707.801002977594,7419.3935560532145,39001.80748711718,35622.25780277884,,,,,,,,,,,,,,,,,,,,,,,,,,,,,,,,,,,,,,,,,,,,,,,,,,,,,,,,,,,,,,,,,,,,,,,,,,,,,,,,,,,,,,,,,,,,,,,,0.0,0.0,0.0,0.0,0.0,0.0017591469222679734,0.0,0.0,0.0,0.0,0.0,0.0,0.0,0.0,0.0,0.0,0.0,0.0,0.0,0.0,0.0,0.0,0.0,0.0,0.0013064012164250016,0.0,0.0,0.0036453166976571083,0.0,0.0,0.0,0.0035564147401601076,0.0,0.0,0.0,0.0,0.0,0.0,0.0,0.0,0.0,0.35433509945869446,0.0,0.0,0.0,0.0,0.0,0.0,0.000280939566437155,0.0,0.0,0.0,0.0,0.0,0.0,0.0,0.0,0.0,0.0,0.0,0.0,0.0,0.0,0.0,0.0,0.0,0.0,0.0,0.0,0.0,0.0,0.0,0.0,0.0,0.0,0.0,0.0,0.0,0.0,0.0,0.0,0.0002895304933190346,0.0,0.0,0.0,0.0,0.0,0.0,0.0,0.0004514709289651364,0.0,0.0,0.0,0.0,0.0,0.0,0.0,0.0,0.0,0.0,0.0,0.0,0.0,0.0,0.0,0.23673413693904877,0.0,0.0,0.0,0.0,0.0,0.0,0.0,0.0,0.0,0.0,0.0,0.0,0.0,0.0,0.006112119648605585,0.0,0.0,0.0,0.0,0.0,0.0,0.0,0.0,0.0,0.0,0.0,0.0,0.0,0.0009501978638581932,0.0,0.0,0.0,0.0,0.0,0.0,0.0,0.0,0.0,0.0,0.0,0.0,0.0,0.0,0.0,0.0,0.0,0.0,0.0,0.0,0.0,0.0,0.0,0.0,0.0,0.0,0.0,0.0,0.0,0.0,0.0,0.0,0.0,0.0,0.0,0.0,0.0004413347051013261,0.0014393494930118322,0.0,0.0,0.0,0.0,0.0,0.0,0.0,0.0,0.0,0.0,0.0,0.0,0.0,0.0,0.0,0.0,0.0,0.0,0.0,0.0,0.0,0.0010530672734603286,0.0,0.0,0.0,0.0,0.0,0.0,0.0,0.0,0.0,0.0,0.0,0.0,0.0,0.0,0.0,0.0004487152036745101,0.0,0.0,0.0,0.0,0.0,0.0,0.0,0.0,0.0,0.0,0.0,0.0,0.0,0.0,0.0,0.0,0.0,0.0,0.0,0.0,0.0,0.0,0.0,0.002649371512234211,0.0,0.0,0.0,0.0,0.0,0.0,0.0,1.6639629393466748e-05,0.0,0.0,0.0,0.0,0.0,0.0,0.0,0.0,0.0,0.0,0.0,0.0,0.0,0.0,0.0,0.0,0.0,0.0,0.0,0.0,0.0,0.0,0.0,0.0,0.0,0.0,0.0,0.0,0.0,0.0,0.0,0.0,0.0,0.0,0.0,0.0,0.0,0.0,0.0,0.0,0.0,0.0,0.0,0.0,0.0,0.0,0.0,0.0,0.0,0.0,0.0,0.0,0.0,0.0,0.0,0.0,0.0,0.0,0.0,0.0,0.0,0.0,0.0,0.00022665342839900404,0.0,0.0,0.0,0.0,0.0,0.0,0.0,0.0,0.0,0.0,0.0,0.0,0.0,0.0,0.0,0.0,0.0,0.0,0.0,0.0,0.0,0.0,0.0005905237630940974,0.0,0.0,0.0019058078760281205,0.0,0.0,0.0,0.0,0.0,0.0,0.0,0.0,0.0,0.0,0.0,0.0,0.0,0.0,0.0,0.0,0.0,0.0,0.0,0.0,0.0,0.0,0.0,0.0,0.0,0.0,0.0,0.0,0.0,0.0,0.0,0.0,0.0,0.0,0.0,0.0,0.0020384937524795532,0.0,0.0,0.0,0.0,0.0,0.0,0.0,0.0,0.0,0.0,0.0,0.0,0.0,0.0,0.0,0.0,0.0,0.0,0.0,0.0,0.0,0.0,0.27549755573272705,0.0,0.0,0.0,0.0,0.0,0.0,0.0,0.0,0.0009239051141776145,0.0,0.0,0.0,0.0,0.0,0.0,0.0,0.0,0.0,0.0,0.0,0.0,0.0,0.0,0.0,0.0,0.0,0.0,0.09578496962785721,0.0,0.0,0.0,0.0,0.0,0.0,0.0,0.0,0.0,0.0,0.0,0.0,0.0,0.0,0.0,0.0,0.0,0.0,0.0,0.0,0.0,0.0,0.0,0.0,0.0,0.0,0.0034059735480695963,0.0,0.0,0.0,0.0,0.0,0.0,0.0,0.0,0.0,0.0,0.0,0.0,0.0,0.0,0.0,0.0,0.0,0.0,0.0,0.0,0.0,0.0003127045347355306,0.0,0.0018471716903150082,0.0,0.0,0.0,0.0,0.0,0.0,0.0,0.0,0.0,0.0,0.0,0.0,0.0,0.0,0.0,0.0,0.0,0.0,0.0,0.0,0.0,0.0,0.0,0.0,0.0,0.0,0.0,0.00199695467017591,,,,,,,,,,,,,,,,,,,,,,,,,,,,,,,,,,,,,,,,,,,,,,,,,,,,,,,,,,,,,,,,,,,,,,,,,,,,,,,,,,,,,,,,,,,,,,,,,,,,,,,,,,,,,,,,,,,,,,,,,,,,,,,,,,,,,,,,,,,,,,,,,,,,,,,,,,,,,,,,,,,,,,,,,,,,,,,,,,,,,,,,,,,,,,,,,,,,,,,,,,,,,,,,,,,,,,,,,,,,,,,,,,,,,,,,,,,,,,,,,,,,,,,,,,,,,,,,,,,,,,,,,,,,
2019-09-27,618919.2470389769,1587.232894222735,,,,,,,,,,,35767.350310193004,38306.31678677259,921896.9716262043,,98875.94386297089,,,,,,41468.80915228948,13044.828256798084,17880.0517891427,7419.20717711948,38999.73115989262,35852.92855316066,,,,,,,,,,,,,,,,,,,,,,,,,,,,,,,,,,,,,,,,,,,,,,,,,,,,,,,,,,,,,,,,,,,,,,,,,,,,,,,,,,,,,,,,,,,,,,,,0.0,0.0,0.0,0.0,0.0,0.0017591469222679734,0.0,0.0,0.0,0.0,0.0,0.0,0.0,0.0,0.0,0.0,0.0,0.0,0.0,0.0,0.0,0.0,0.0,0.0,0.0013064012164250016,0.0,0.0,0.0036453166976571083,0.0,0.0,0.0,0.0035564147401601076,0.0,0.0,0.0,0.0,0.0,0.0,0.0,0.0,0.0,0.35433509945869446,0.0,0.0,0.0,0.0,0.0,0.0,0.000280939566437155,0.0,0.0,0.0,0.0,0.0,0.0,0.0,0.0,0.0,0.0,0.0,0.0,0.0,0.0,0.0,0.0,0.0,0.0,0.0,0.0,0.0,0.0,0.0,0.0,0.0,0.0,0.0,0.0,0.0,0.0,0.0,0.0,0.0002895304933190346,0.0,0.0,0.0,0.0,0.0,0.0,0.0,0.0004514709289651364,0.0,0.0,0.0,0.0,0.0,0.0,0.0,0.0,0.0,0.0,0.0,0.0,0.0,0.0,0.0,0.23673413693904877,0.0,0.0,0.0,0.0,0.0,0.0,0.0,0.0,0.0,0.0,0.0,0.0,0.0,0.0,0.006112119648605585,0.0,0.0,0.0,0.0,0.0,0.0,0.0,0.0,0.0,0.0,0.0,0.0,0.0,0.0009501978638581932,0.0,0.0,0.0,0.0,0.0,0.0,0.0,0.0,0.0,0.0,0.0,0.0,0.0,0.0,0.0,0.0,0.0,0.0,0.0,0.0,0.0,0.0,0.0,0.0,0.0,0.0,0.0,0.0,0.0,0.0,0.0,0.0,0.0,0.0,0.0,0.0,0.0004413347051013261,0.0014393494930118322,0.0,0.0,0.0,0.0,0.0,0.0,0.0,0.0,0.0,0.0,0.0,0.0,0.0,0.0,0.0,0.0,0.0,0.0,0.0,0.0,0.0,0.0010530672734603286,0.0,0.0,0.0,0.0,0.0,0.0,0.0,0.0,0.0,0.0,0.0,0.0,0.0,0.0,0.0,0.0004487152036745101,0.0,0.0,0.0,0.0,0.0,0.0,0.0,0.0,0.0,0.0,0.0,0.0,0.0,0.0,0.0,0.0,0.0,0.0,0.0,0.0,0.0,0.0,0.0,0.002649371512234211,0.0,0.0,0.0,0.0,0.0,0.0,0.0,1.6639629393466748e-05,0.0,0.0,0.0,0.0,0.0,0.0,0.0,0.0,0.0,0.0,0.0,0.0,0.0,0.0,0.0,0.0,0.0,0.0,0.0,0.0,0.0,0.0,0.0,0.0,0.0,0.0,0.0,0.0,0.0,0.0,0.0,0.0,0.0,0.0,0.0,0.0,0.0,0.0,0.0,0.0,0.0,0.0,0.0,0.0,0.0,0.0,0.0,0.0,0.0,0.0,0.0,0.0,0.0,0.0,0.0,0.0,0.0,0.0,0.0,0.0,0.0,0.0,0.0,0.00022665342839900404,0.0,0.0,0.0,0.0,0.0,0.0,0.0,0.0,0.0,0.0,0.0,0.0,0.0,0.0,0.0,0.0,0.0,0.0,0.0,0.0,0.0,0.0,0.0005905237630940974,0.0,0.0,0.0019058078760281205,0.0,0.0,0.0,0.0,0.0,0.0,0.0,0.0,0.0,0.0,0.0,0.0,0.0,0.0,0.0,0.0,0.0,0.0,0.0,0.0,0.0,0.0,0.0,0.0,0.0,0.0,0.0,0.0,0.0,0.0,0.0,0.0,0.0,0.0,0.0,0.0,0.0020384937524795532,0.0,0.0,0.0,0.0,0.0,0.0,0.0,0.0,0.0,0.0,0.0,0.0,0.0,0.0,0.0,0.0,0.0,0.0,0.0,0.0,0.0,0.0,0.27549755573272705,0.0,0.0,0.0,0.0,0.0,0.0,0.0,0.0,0.0009239051141776145,0.0,0.0,0.0,0.0,0.0,0.0,0.0,0.0,0.0,0.0,0.0,0.0,0.0,0.0,0.0,0.0,0.0,0.0,0.09578496962785721,0.0,0.0,0.0,0.0,0.0,0.0,0.0,0.0,0.0,0.0,0.0,0.0,0.0,0.0,0.0,0.0,0.0,0.0,0.0,0.0,0.0,0.0,0.0,0.0,0.0,0.0,0.0034059735480695963,0.0,0.0,0.0,0.0,0.0,0.0,0.0,0.0,0.0,0.0,0.0,0.0,0.0,0.0,0.0,0.0,0.0,0.0,0.0,0.0,0.0,0.0003127045347355306,0.0,0.0018471716903150082,0.0,0.0,0.0,0.0,0.0,0.0,0.0,0.0,0.0,0.0,0.0,0.0,0.0,0.0,0.0,0.0,0.0,0.0,0.0,0.0,0.0,0.0,0.0,0.0,0.0,0.0,0.0,0.00199695467017591,,,,,,,,,,,,,,,,,,,,,,,,,,,,,,,,,,,,,,,,,,,,,,,,,,,,,,,,,,,,,,,,,,,,,,,,,,,,,,,,,,,,,,,,,,,,,,,,,,,,,,,,,,,,,,,,,,,,,,,,,,,,,,,,,,,,,,,,,,,,,,,,,,,,,,,,,,,,,,,,,,,,,,,,,,,,,,,,,,,,,,,,,,,,,,,,,,,,,,,,,,,,,,,,,,,,,,,,,,,,,,,,,,,,,,,,,,,,,,,,,,,,,,,,,,,,,,,,,,,,,,,,,,,,
2019-09-30,608120.2291156205,443.1409138411267,,,,,,,,,,,36685.70926092243,38378.13634578288,921976.5148800308,,97855.00416302736,,,,,,40922.99319692255,13342.78352155241,17764.38766693599,7419.540296178557,38998.877218121,35849.18703176989,,,,,,,,,,,,,,,,,,,,,,,,,,,,,,,,,,,,,,,,,,,,,,,,,,,,,,,,,,,,,,,,,,,,,,,,,,,,,,,,,,,,,,,,,,,,,,,,0.0,0.0,0.0,0.0,0.0,0.0017591469222679734,0.0,0.0,0.0,0.0,0.0,0.0,0.0,0.0,0.0,0.0,0.0,0.0,0.0,0.0,0.0,0.0,0.0,0.0,0.0013064012164250016,0.0,0.0,0.0036453166976571083,0.0,0.0,0.0,0.0035564147401601076,0.0,0.0,0.0,0.0,0.0,0.0,0.0,0.0,0.0,0.35433509945869446,0.0,0.0,0.0,0.0,0.0,0.0,0.000280939566437155,0.0,0.0,0.0,0.0,0.0,0.0,0.0,0.0,0.0,0.0,0.0,0.0,0.0,0.0,0.0,0.0,0.0,0.0,0.0,0.0,0.0,0.0,0.0,0.0,0.0,0.0,0.0,0.0,0.0,0.0,0.0,0.0,0.0002895304933190346,0.0,0.0,0.0,0.0,0.0,0.0,0.0,0.0004514709289651364,0.0,0.0,0.0,0.0,0.0,0.0,0.0,0.0,0.0,0.0,0.0,0.0,0.0,0.0,0.0,0.23673413693904877,0.0,0.0,0.0,0.0,0.0,0.0,0.0,0.0,0.0,0.0,0.0,0.0,0.0,0.0,0.006112119648605585,0.0,0.0,0.0,0.0,0.0,0.0,0.0,0.0,0.0,0.0,0.0,0.0,0.0,0.0009501978638581932,0.0,0.0,0.0,0.0,0.0,0.0,0.0,0.0,0.0,0.0,0.0,0.0,0.0,0.0,0.0,0.0,0.0,0.0,0.0,0.0,0.0,0.0,0.0,0.0,0.0,0.0,0.0,0.0,0.0,0.0,0.0,0.0,0.0,0.0,0.0,0.0,0.0004413347051013261,0.0014393494930118322,0.0,0.0,0.0,0.0,0.0,0.0,0.0,0.0,0.0,0.0,0.0,0.0,0.0,0.0,0.0,0.0,0.0,0.0,0.0,0.0,0.0,0.0010530672734603286,0.0,0.0,0.0,0.0,0.0,0.0,0.0,0.0,0.0,0.0,0.0,0.0,0.0,0.0,0.0,0.0004487152036745101,0.0,0.0,0.0,0.0,0.0,0.0,0.0,0.0,0.0,0.0,0.0,0.0,0.0,0.0,0.0,0.0,0.0,0.0,0.0,0.0,0.0,0.0,0.0,0.002649371512234211,0.0,0.0,0.0,0.0,0.0,0.0,0.0,1.6639629393466748e-05,0.0,0.0,0.0,0.0,0.0,0.0,0.0,0.0,0.0,0.0,0.0,0.0,0.0,0.0,0.0,0.0,0.0,0.0,0.0,0.0,0.0,0.0,0.0,0.0,0.0,0.0,0.0,0.0,0.0,0.0,0.0,0.0,0.0,0.0,0.0,0.0,0.0,0.0,0.0,0.0,0.0,0.0,0.0,0.0,0.0,0.0,0.0,0.0,0.0,0.0,0.0,0.0,0.0,0.0,0.0,0.0,0.0,0.0,0.0,0.0,0.0,0.0,0.0,0.00022665342839900404,0.0,0.0,0.0,0.0,0.0,0.0,0.0,0.0,0.0,0.0,0.0,0.0,0.0,0.0,0.0,0.0,0.0,0.0,0.0,0.0,0.0,0.0,0.0005905237630940974,0.0,0.0,0.0019058078760281205,0.0,0.0,0.0,0.0,0.0,0.0,0.0,0.0,0.0,0.0,0.0,0.0,0.0,0.0,0.0,0.0,0.0,0.0,0.0,0.0,0.0,0.0,0.0,0.0,0.0,0.0,0.0,0.0,0.0,0.0,0.0,0.0,0.0,0.0,0.0,0.0,0.0020384937524795532,0.0,0.0,0.0,0.0,0.0,0.0,0.0,0.0,0.0,0.0,0.0,0.0,0.0,0.0,0.0,0.0,0.0,0.0,0.0,0.0,0.0,0.0,0.27549755573272705,0.0,0.0,0.0,0.0,0.0,0.0,0.0,0.0,0.0009239051141776145,0.0,0.0,0.0,0.0,0.0,0.0,0.0,0.0,0.0,0.0,0.0,0.0,0.0,0.0,0.0,0.0,0.0,0.0,0.09578496962785721,0.0,0.0,0.0,0.0,0.0,0.0,0.0,0.0,0.0,0.0,0.0,0.0,0.0,0.0,0.0,0.0,0.0,0.0,0.0,0.0,0.0,0.0,0.0,0.0,0.0,0.0,0.0034059735480695963,0.0,0.0,0.0,0.0,0.0,0.0,0.0,0.0,0.0,0.0,0.0,0.0,0.0,0.0,0.0,0.0,0.0,0.0,0.0,0.0,0.0,0.0003127045347355306,0.0,0.0018471716903150082,0.0,0.0,0.0,0.0,0.0,0.0,0.0,0.0,0.0,0.0,0.0,0.0,0.0,0.0,0.0,0.0,0.0,0.0,0.0,0.0,0.0,0.0,0.0,0.0,0.0,0.0,0.0,0.00199695467017591,,,,,,,,,,,,,,,,,,,,,,,,,,,,,,,,,,,,,,,,,,,,,,,,,,,,,,,,,,,,,,,,,,,,,,,,,,,,,,,,,,,,,,,,,,,,,,,,,,,,,,,,,,,,,,,,,,,,,,,,,,,,,,,,,,,,,,,,,,,,,,,,,,,,,,,,,,,,,,,,,,,,,,,,,,,,,,,,,,,,,,,,,,,,,,,,,,,,,,,,,,,,,,,,,,,,,,,,,,,,,,,,,,,,,,,,,,,,,,,,,,,,,,,,,,,,,,,,,,,,,,,,,,,,
2019-10-08,609115.8188051576,4660.84262976389,,,,,,,,,,,35251.469364605764,38160.70038617178,958560.633741773,,99207.07585472843,,,,,,40789.12659558114,13342.78352155241,17823.18252932659,7419.73398380208,36213.686575267864,35853.10403337488,,,,,,,,,,,,,,,,,,,,,,,,,,,,,,,,,,,,,,,,,,,,,,,,,,,,,,,,,,,,,,,,,,,,,,,,,,,,,,,,,,,,,,,,,,,,,,,,0.0,0.0,0.0,0.0,0.0,0.0017591469222679734,0.0,0.0,0.0,0.0,0.0,0.0,0.0,0.0,0.0,0.0,0.0,0.0,0.0,0.0,0.0,0.0,0.0,0.0,0.0013064012164250016,0.0,0.0,0.0036453166976571083,0.0,0.0,0.0,0.0035564147401601076,0.0,0.0,0.0,0.0,0.0,0.0,0.0,0.0,0.0,0.35433509945869446,0.0,0.0,0.0,0.0,0.0,0.0,0.000280939566437155,0.0,0.0,0.0,0.0,0.0,0.0,0.0,0.0,0.0,0.0,0.0,0.0,0.0,0.0,0.0,0.0,0.0,0.0,0.0,0.0,0.0,0.0,0.0,0.0,0.0,0.0,0.0,0.0,0.0,0.0,0.0,0.0,0.0002895304933190346,0.0,0.0,0.0,0.0,0.0,0.0,0.0,0.0004514709289651364,0.0,0.0,0.0,0.0,0.0,0.0,0.0,0.0,0.0,0.0,0.0,0.0,0.0,0.0,0.0,0.23673413693904877,0.0,0.0,0.0,0.0,0.0,0.0,0.0,0.0,0.0,0.0,0.0,0.0,0.0,0.0,0.006112119648605585,0.0,0.0,0.0,0.0,0.0,0.0,0.0,0.0,0.0,0.0,0.0,0.0,0.0,0.0009501978638581932,0.0,0.0,0.0,0.0,0.0,0.0,0.0,0.0,0.0,0.0,0.0,0.0,0.0,0.0,0.0,0.0,0.0,0.0,0.0,0.0,0.0,0.0,0.0,0.0,0.0,0.0,0.0,0.0,0.0,0.0,0.0,0.0,0.0,0.0,0.0,0.0,0.0004413347051013261,0.0014393494930118322,0.0,0.0,0.0,0.0,0.0,0.0,0.0,0.0,0.0,0.0,0.0,0.0,0.0,0.0,0.0,0.0,0.0,0.0,0.0,0.0,0.0,0.0010530672734603286,0.0,0.0,0.0,0.0,0.0,0.0,0.0,0.0,0.0,0.0,0.0,0.0,0.0,0.0,0.0,0.0004487152036745101,0.0,0.0,0.0,0.0,0.0,0.0,0.0,0.0,0.0,0.0,0.0,0.0,0.0,0.0,0.0,0.0,0.0,0.0,0.0,0.0,0.0,0.0,0.0,0.002649371512234211,0.0,0.0,0.0,0.0,0.0,0.0,0.0,1.6639629393466748e-05,0.0,0.0,0.0,0.0,0.0,0.0,0.0,0.0,0.0,0.0,0.0,0.0,0.0,0.0,0.0,0.0,0.0,0.0,0.0,0.0,0.0,0.0,0.0,0.0,0.0,0.0,0.0,0.0,0.0,0.0,0.0,0.0,0.0,0.0,0.0,0.0,0.0,0.0,0.0,0.0,0.0,0.0,0.0,0.0,0.0,0.0,0.0,0.0,0.0,0.0,0.0,0.0,0.0,0.0,0.0,0.0,0.0,0.0,0.0,0.0,0.0,0.0,0.0,0.00022665342839900404,0.0,0.0,0.0,0.0,0.0,0.0,0.0,0.0,0.0,0.0,0.0,0.0,0.0,0.0,0.0,0.0,0.0,0.0,0.0,0.0,0.0,0.0,0.0005905237630940974,0.0,0.0,0.0019058078760281205,0.0,0.0,0.0,0.0,0.0,0.0,0.0,0.0,0.0,0.0,0.0,0.0,0.0,0.0,0.0,0.0,0.0,0.0,0.0,0.0,0.0,0.0,0.0,0.0,0.0,0.0,0.0,0.0,0.0,0.0,0.0,0.0,0.0,0.0,0.0,0.0,0.0020384937524795532,0.0,0.0,0.0,0.0,0.0,0.0,0.0,0.0,0.0,0.0,0.0,0.0,0.0,0.0,0.0,0.0,0.0,0.0,0.0,0.0,0.0,0.0,0.27549755573272705,0.0,0.0,0.0,0.0,0.0,0.0,0.0,0.0,0.0009239051141776145,0.0,0.0,0.0,0.0,0.0,0.0,0.0,0.0,0.0,0.0,0.0,0.0,0.0,0.0,0.0,0.0,0.0,0.0,0.09578496962785721,0.0,0.0,0.0,0.0,0.0,0.0,0.0,0.0,0.0,0.0,0.0,0.0,0.0,0.0,0.0,0.0,0.0,0.0,0.0,0.0,0.0,0.0,0.0,0.0,0.0,0.0,0.0034059735480695963,0.0,0.0,0.0,0.0,0.0,0.0,0.0,0.0,0.0,0.0,0.0,0.0,0.0,0.0,0.0,0.0,0.0,0.0,0.0,0.0,0.0,0.0003127045347355306,0.0,0.0018471716903150082,0.0,0.0,0.0,0.0,0.0,0.0,0.0,0.0,0.0,0.0,0.0,0.0,0.0,0.0,0.0,0.0,0.0,0.0,0.0,0.0,0.0,0.0,0.0,0.0,0.0,0.0,0.0,0.00199695467017591,,,,,,,,,,,,,,,,,,,,,,,,,,,,,,,,,,,,,,,,,,,,,,,,,,,,,,,,,,,,,,,,,,,,,,,,,,,,,,,,,,,,,,,,,,,,,,,,,,,,,,,,,,,,,,,,,,,,,,,,,,,,,,,,,,,,,,,,,,,,,,,,,,,,,,,,,,,,,,,,,,,,,,,,,,,,,,,,,,,,,,,,,,,,,,,,,,,,,,,,,,,,,,,,,,,,,,,,,,,,,,,,,,,,,,,,,,,,,,,,,,,,,,,,,,,,,,,,,,,,,,,,,,,,
2019-10-09,610833.5716944378,2696.318239226577,,,,,,,,,,,34484.199475320995,37142.26746239398,908363.819489615,,100664.40750283284,,,,,,41325.02832024433,13933.806387861832,17821.262163139014,7831.94142734664,36213.686575267864,36312.33286511878,,,,,,,,,,,,,,,,,,,,,,,,,,,,,,,,,,,,,,,,,,,,,,,,,,,,,,,,,,,,,,,,,,,,,,,,,,,,,,,,,,,,,,,,,,,,,,,,0.0,0.0,0.0,0.0,0.0,0.0017591469222679734,0.0,0.0,0.0,0.0,0.0,0.0,0.0,0.0,0.0,0.0,0.0,0.0,0.0,0.0,0.0,0.0,0.0,0.0,0.0013064012164250016,0.0,0.0,0.0036453166976571083,0.0,0.0,0.0,0.0035564147401601076,0.0,0.0,0.0,0.0,0.0,0.0,0.0,0.0,0.0,0.35433509945869446,0.0,0.0,0.0,0.0,0.0,0.0,0.000280939566437155,0.0,0.0,0.0,0.0,0.0,0.0,0.0,0.0,0.0,0.0,0.0,0.0,0.0,0.0,0.0,0.0,0.0,0.0,0.0,0.0,0.0,0.0,0.0,0.0,0.0,0.0,0.0,0.0,0.0,0.0,0.0,0.0,0.0002895304933190346,0.0,0.0,0.0,0.0,0.0,0.0,0.0,0.0004514709289651364,0.0,0.0,0.0,0.0,0.0,0.0,0.0,0.0,0.0,0.0,0.0,0.0,0.0,0.0,0.0,0.23673413693904877,0.0,0.0,0.0,0.0,0.0,0.0,0.0,0.0,0.0,0.0,0.0,0.0,0.0,0.0,0.006112119648605585,0.0,0.0,0.0,0.0,0.0,0.0,0.0,0.0,0.0,0.0,0.0,0.0,0.0,0.0009501978638581932,0.0,0.0,0.0,0.0,0.0,0.0,0.0,0.0,0.0,0.0,0.0,0.0,0.0,0.0,0.0,0.0,0.0,0.0,0.0,0.0,0.0,0.0,0.0,0.0,0.0,0.0,0.0,0.0,0.0,0.0,0.0,0.0,0.0,0.0,0.0,0.0,0.0004413347051013261,0.0014393494930118322,0.0,0.0,0.0,0.0,0.0,0.0,0.0,0.0,0.0,0.0,0.0,0.0,0.0,0.0,0.0,0.0,0.0,0.0,0.0,0.0,0.0,0.0010530672734603286,0.0,0.0,0.0,0.0,0.0,0.0,0.0,0.0,0.0,0.0,0.0,0.0,0.0,0.0,0.0,0.0004487152036745101,0.0,0.0,0.0,0.0,0.0,0.0,0.0,0.0,0.0,0.0,0.0,0.0,0.0,0.0,0.0,0.0,0.0,0.0,0.0,0.0,0.0,0.0,0.0,0.002649371512234211,0.0,0.0,0.0,0.0,0.0,0.0,0.0,1.6639629393466748e-05,0.0,0.0,0.0,0.0,0.0,0.0,0.0,0.0,0.0,0.0,0.0,0.0,0.0,0.0,0.0,0.0,0.0,0.0,0.0,0.0,0.0,0.0,0.0,0.0,0.0,0.0,0.0,0.0,0.0,0.0,0.0,0.0,0.0,0.0,0.0,0.0,0.0,0.0,0.0,0.0,0.0,0.0,0.0,0.0,0.0,0.0,0.0,0.0,0.0,0.0,0.0,0.0,0.0,0.0,0.0,0.0,0.0,0.0,0.0,0.0,0.0,0.0,0.0,0.00022665342839900404,0.0,0.0,0.0,0.0,0.0,0.0,0.0,0.0,0.0,0.0,0.0,0.0,0.0,0.0,0.0,0.0,0.0,0.0,0.0,0.0,0.0,0.0,0.0005905237630940974,0.0,0.0,0.0019058078760281205,0.0,0.0,0.0,0.0,0.0,0.0,0.0,0.0,0.0,0.0,0.0,0.0,0.0,0.0,0.0,0.0,0.0,0.0,0.0,0.0,0.0,0.0,0.0,0.0,0.0,0.0,0.0,0.0,0.0,0.0,0.0,0.0,0.0,0.0,0.0,0.0,0.0020384937524795532,0.0,0.0,0.0,0.0,0.0,0.0,0.0,0.0,0.0,0.0,0.0,0.0,0.0,0.0,0.0,0.0,0.0,0.0,0.0,0.0,0.0,0.0,0.27549755573272705,0.0,0.0,0.0,0.0,0.0,0.0,0.0,0.0,0.0009239051141776145,0.0,0.0,0.0,0.0,0.0,0.0,0.0,0.0,0.0,0.0,0.0,0.0,0.0,0.0,0.0,0.0,0.0,0.0,0.09578496962785721,0.0,0.0,0.0,0.0,0.0,0.0,0.0,0.0,0.0,0.0,0.0,0.0,0.0,0.0,0.0,0.0,0.0,0.0,0.0,0.0,0.0,0.0,0.0,0.0,0.0,0.0,0.0034059735480695963,0.0,0.0,0.0,0.0,0.0,0.0,0.0,0.0,0.0,0.0,0.0,0.0,0.0,0.0,0.0,0.0,0.0,0.0,0.0,0.0,0.0,0.0003127045347355306,0.0,0.0018471716903150082,0.0,0.0,0.0,0.0,0.0,0.0,0.0,0.0,0.0,0.0,0.0,0.0,0.0,0.0,0.0,0.0,0.0,0.0,0.0,0.0,0.0,0.0,0.0,0.0,0.0,0.0,0.0,0.00199695467017591,,,,,,,,,,,,,,,,,,,,,,,,,,,,,,,,,,,,,,,,,,,,,,,,,,,,,,,,,,,,,,,,,,,,,,,,,,,,,,,,,,,,,,,,,,,,,,,,,,,,,,,,,,,,,,,,,,,,,,,,,,,,,,,,,,,,,,,,,,,,,,,,,,,,,,,,,,,,,,,,,,,,,,,,,,,,,,,,,,,,,,,,,,,,,,,,,,,,,,,,,,,,,,,,,,,,,,,,,,,,,,,,,,,,,,,,,,,,,,,,,,,,,,,,,,,,,,,,,,,,,,,,,,,,
2019-10-10,610452.965339836,4880.182891874685,,,,,,,,,,,33821.04179310328,37651.06564681034,920303.9397169875,,100650.86142482814,,,,,,42835.50969685858,13342.074952985284,17821.262163139014,7831.4512509718925,36213.686575267864,35161.93383017008,,,,,,,,,,,,,,,,,,,,,,,,,,,,,,,,,,,,,,,,,,,,,,,,,,,,,,,,,,,,,,,,,,,,,,,,,,,,,,,,,,,,,,,,,,,,,,,,0.0,0.0,0.0,0.0,0.0,0.0017591469222679734,0.0,0.0,0.0,0.0,0.0,0.0,0.0,0.0,0.0,0.0,0.0,0.0,0.0,0.0,0.0,0.0,0.0,0.0,0.0013064012164250016,0.0,0.0,0.0036453166976571083,0.0,0.0,0.0,0.0035564147401601076,0.0,0.0,0.0,0.0,0.0,0.0,0.0,0.0,0.0,0.35433509945869446,0.0,0.0,0.0,0.0,0.0,0.0,0.000280939566437155,0.0,0.0,0.0,0.0,0.0,0.0,0.0,0.0,0.0,0.0,0.0,0.0,0.0,0.0,0.0,0.0,0.0,0.0,0.0,0.0,0.0,0.0,0.0,0.0,0.0,0.0,0.0,0.0,0.0,0.0,0.0,0.0,0.0002895304933190346,0.0,0.0,0.0,0.0,0.0,0.0,0.0,0.0004514709289651364,0.0,0.0,0.0,0.0,0.0,0.0,0.0,0.0,0.0,0.0,0.0,0.0,0.0,0.0,0.0,0.23673413693904877,0.0,0.0,0.0,0.0,0.0,0.0,0.0,0.0,0.0,0.0,0.0,0.0,0.0,0.0,0.006112119648605585,0.0,0.0,0.0,0.0,0.0,0.0,0.0,0.0,0.0,0.0,0.0,0.0,0.0,0.0009501978638581932,0.0,0.0,0.0,0.0,0.0,0.0,0.0,0.0,0.0,0.0,0.0,0.0,0.0,0.0,0.0,0.0,0.0,0.0,0.0,0.0,0.0,0.0,0.0,0.0,0.0,0.0,0.0,0.0,0.0,0.0,0.0,0.0,0.0,0.0,0.0,0.0,0.0004413347051013261,0.0014393494930118322,0.0,0.0,0.0,0.0,0.0,0.0,0.0,0.0,0.0,0.0,0.0,0.0,0.0,0.0,0.0,0.0,0.0,0.0,0.0,0.0,0.0,0.0010530672734603286,0.0,0.0,0.0,0.0,0.0,0.0,0.0,0.0,0.0,0.0,0.0,0.0,0.0,0.0,0.0,0.0004487152036745101,0.0,0.0,0.0,0.0,0.0,0.0,0.0,0.0,0.0,0.0,0.0,0.0,0.0,0.0,0.0,0.0,0.0,0.0,0.0,0.0,0.0,0.0,0.0,0.002649371512234211,0.0,0.0,0.0,0.0,0.0,0.0,0.0,1.6639629393466748e-05,0.0,0.0,0.0,0.0,0.0,0.0,0.0,0.0,0.0,0.0,0.0,0.0,0.0,0.0,0.0,0.0,0.0,0.0,0.0,0.0,0.0,0.0,0.0,0.0,0.0,0.0,0.0,0.0,0.0,0.0,0.0,0.0,0.0,0.0,0.0,0.0,0.0,0.0,0.0,0.0,0.0,0.0,0.0,0.0,0.0,0.0,0.0,0.0,0.0,0.0,0.0,0.0,0.0,0.0,0.0,0.0,0.0,0.0,0.0,0.0,0.0,0.0,0.0,0.00022665342839900404,0.0,0.0,0.0,0.0,0.0,0.0,0.0,0.0,0.0,0.0,0.0,0.0,0.0,0.0,0.0,0.0,0.0,0.0,0.0,0.0,0.0,0.0,0.0005905237630940974,0.0,0.0,0.0019058078760281205,0.0,0.0,0.0,0.0,0.0,0.0,0.0,0.0,0.0,0.0,0.0,0.0,0.0,0.0,0.0,0.0,0.0,0.0,0.0,0.0,0.0,0.0,0.0,0.0,0.0,0.0,0.0,0.0,0.0,0.0,0.0,0.0,0.0,0.0,0.0,0.0,0.0020384937524795532,0.0,0.0,0.0,0.0,0.0,0.0,0.0,0.0,0.0,0.0,0.0,0.0,0.0,0.0,0.0,0.0,0.0,0.0,0.0,0.0,0.0,0.0,0.27549755573272705,0.0,0.0,0.0,0.0,0.0,0.0,0.0,0.0,0.0009239051141776145,0.0,0.0,0.0,0.0,0.0,0.0,0.0,0.0,0.0,0.0,0.0,0.0,0.0,0.0,0.0,0.0,0.0,0.0,0.09578496962785721,0.0,0.0,0.0,0.0,0.0,0.0,0.0,0.0,0.0,0.0,0.0,0.0,0.0,0.0,0.0,0.0,0.0,0.0,0.0,0.0,0.0,0.0,0.0,0.0,0.0,0.0,0.0034059735480695963,0.0,0.0,0.0,0.0,0.0,0.0,0.0,0.0,0.0,0.0,0.0,0.0,0.0,0.0,0.0,0.0,0.0,0.0,0.0,0.0,0.0,0.0003127045347355306,0.0,0.0018471716903150082,0.0,0.0,0.0,0.0,0.0,0.0,0.0,0.0,0.0,0.0,0.0,0.0,0.0,0.0,0.0,0.0,0.0,0.0,0.0,0.0,0.0,0.0,0.0,0.0,0.0,0.0,0.0,0.00199695467017591,,,,,,,,,,,,,,,,,,,,,,,,,,,,,,,,,,,,,,,,,,,,,,,,,,,,,,,,,,,,,,,,,,,,,,,,,,,,,,,,,,,,,,,,,,,,,,,,,,,,,,,,,,,,,,,,,,,,,,,,,,,,,,,,,,,,,,,,,,,,,,,,,,,,,,,,,,,,,,,,,,,,,,,,,,,,,,,,,,,,,,,,,,,,,,,,,,,,,,,,,,,,,,,,,,,,,,,,,,,,,,,,,,,,,,,,,,,,,,,,,,,,,,,,,,,,,,,,,,,,,,,,,,,,
2019-10-11,614203.6988697448,1250.2215101284876,,,,,,,,,,,33706.478861920776,37505.36976114524,1023852.3176444537,,98873.12299259558,,,,,,42972.838403460155,13045.334262638351,17649.28090306317,7419.647848527977,38999.2778780869,34928.75113316195,,,,,,,,,,,,,,,,,,,,,,,,,,,,,,,,,,,,,,,,,,,,,,,,,,,,,,,,,,,,,,,,,,,,,,,,,,,,,,,,,,,,,,,,,,,,,,,,0.0,0.0,0.0,0.0,0.0,0.0017591469222679734,0.0,0.0,0.0,0.0,0.0,0.0,0.0,0.0,0.0,0.0,0.0,0.0,0.0,0.0,0.0,0.0,0.0,0.0,0.0013064012164250016,0.0,0.0,0.0036453166976571083,0.0,0.0,0.0,0.0035564147401601076,0.0,0.0,0.0,0.0,0.0,0.0,0.0,0.0,0.0,0.35433509945869446,0.0,0.0,0.0,0.0,0.0,0.0,0.000280939566437155,0.0,0.0,0.0,0.0,0.0,0.0,0.0,0.0,0.0,0.0,0.0,0.0,0.0,0.0,0.0,0.0,0.0,0.0,0.0,0.0,0.0,0.0,0.0,0.0,0.0,0.0,0.0,0.0,0.0,0.0,0.0,0.0,0.0002895304933190346,0.0,0.0,0.0,0.0,0.0,0.0,0.0,0.0004514709289651364,0.0,0.0,0.0,0.0,0.0,0.0,0.0,0.0,0.0,0.0,0.0,0.0,0.0,0.0,0.0,0.23673413693904877,0.0,0.0,0.0,0.0,0.0,0.0,0.0,0.0,0.0,0.0,0.0,0.0,0.0,0.0,0.006112119648605585,0.0,0.0,0.0,0.0,0.0,0.0,0.0,0.0,0.0,0.0,0.0,0.0,0.0,0.0009501978638581932,0.0,0.0,0.0,0.0,0.0,0.0,0.0,0.0,0.0,0.0,0.0,0.0,0.0,0.0,0.0,0.0,0.0,0.0,0.0,0.0,0.0,0.0,0.0,0.0,0.0,0.0,0.0,0.0,0.0,0.0,0.0,0.0,0.0,0.0,0.0,0.0,0.0004413347051013261,0.0014393494930118322,0.0,0.0,0.0,0.0,0.0,0.0,0.0,0.0,0.0,0.0,0.0,0.0,0.0,0.0,0.0,0.0,0.0,0.0,0.0,0.0,0.0,0.0010530672734603286,0.0,0.0,0.0,0.0,0.0,0.0,0.0,0.0,0.0,0.0,0.0,0.0,0.0,0.0,0.0,0.0004487152036745101,0.0,0.0,0.0,0.0,0.0,0.0,0.0,0.0,0.0,0.0,0.0,0.0,0.0,0.0,0.0,0.0,0.0,0.0,0.0,0.0,0.0,0.0,0.0,0.002649371512234211,0.0,0.0,0.0,0.0,0.0,0.0,0.0,1.6639629393466748e-05,0.0,0.0,0.0,0.0,0.0,0.0,0.0,0.0,0.0,0.0,0.0,0.0,0.0,0.0,0.0,0.0,0.0,0.0,0.0,0.0,0.0,0.0,0.0,0.0,0.0,0.0,0.0,0.0,0.0,0.0,0.0,0.0,0.0,0.0,0.0,0.0,0.0,0.0,0.0,0.0,0.0,0.0,0.0,0.0,0.0,0.0,0.0,0.0,0.0,0.0,0.0,0.0,0.0,0.0,0.0,0.0,0.0,0.0,0.0,0.0,0.0,0.0,0.0,0.00022665342839900404,0.0,0.0,0.0,0.0,0.0,0.0,0.0,0.0,0.0,0.0,0.0,0.0,0.0,0.0,0.0,0.0,0.0,0.0,0.0,0.0,0.0,0.0,0.0005905237630940974,0.0,0.0,0.0019058078760281205,0.0,0.0,0.0,0.0,0.0,0.0,0.0,0.0,0.0,0.0,0.0,0.0,0.0,0.0,0.0,0.0,0.0,0.0,0.0,0.0,0.0,0.0,0.0,0.0,0.0,0.0,0.0,0.0,0.0,0.0,0.0,0.0,0.0,0.0,0.0,0.0,0.0020384937524795532,0.0,0.0,0.0,0.0,0.0,0.0,0.0,0.0,0.0,0.0,0.0,0.0,0.0,0.0,0.0,0.0,0.0,0.0,0.0,0.0,0.0,0.0,0.27549755573272705,0.0,0.0,0.0,0.0,0.0,0.0,0.0,0.0,0.0009239051141776145,0.0,0.0,0.0,0.0,0.0,0.0,0.0,0.0,0.0,0.0,0.0,0.0,0.0,0.0,0.0,0.0,0.0,0.0,0.09578496962785721,0.0,0.0,0.0,0.0,0.0,0.0,0.0,0.0,0.0,0.0,0.0,0.0,0.0,0.0,0.0,0.0,0.0,0.0,0.0,0.0,0.0,0.0,0.0,0.0,0.0,0.0,0.0034059735480695963,0.0,0.0,0.0,0.0,0.0,0.0,0.0,0.0,0.0,0.0,0.0,0.0,0.0,0.0,0.0,0.0,0.0,0.0,0.0,0.0,0.0,0.0003127045347355306,0.0,0.0018471716903150082,0.0,0.0,0.0,0.0,0.0,0.0,0.0,0.0,0.0,0.0,0.0,0.0,0.0,0.0,0.0,0.0,0.0,0.0,0.0,0.0,0.0,0.0,0.0,0.0,0.0,0.0,0.0,0.00199695467017591,,,,,,,,,,,,,,,,,,,,,,,,,,,,,,,,,,,,,,,,,,,,,,,,,,,,,,,,,,,,,,,,,,,,,,,,,,,,,,,,,,,,,,,,,,,,,,,,,,,,,,,,,,,,,,,,,,,,,,,,,,,,,,,,,,,,,,,,,,,,,,,,,,,,,,,,,,,,,,,,,,,,,,,,,,,,,,,,,,,,,,,,,,,,,,,,,,,,,,,,,,,,,,,,,,,,,,,,,,,,,,,,,,,,,,,,,,,,,,,,,,,,,,,,,,,,,,,,,,,,,,,,,,,,
2019-10-14,623729.2614967995,2180.4006643362836,,,,,,,,,,,30998.544313973398,38742.44183557836,1098557.9616573844,,99602.41495165284,,,,,,42835.533995478254,12154.683239840644,17532.02663880764,7831.802401513306,39002.18392098887,34695.02158251958,,,,,,,,,,,,,,,,,,,,,,,,,,,,,,,,,,,,,,,,,,,,,,,,,,,,,,,,,,,,,,,,,,,,,,,,,,,,,,,,,,,,,,,,,,,,,,,,0.0,0.0,0.0,0.0,0.0,0.0017591469222679734,0.0,0.0,0.0,0.0,0.0,0.0,0.0,0.0,0.0,0.0,0.0,0.0,0.0,0.0,0.0,0.0,0.0,0.0,0.0013064012164250016,0.0,0.0,0.0036453166976571083,0.0,0.0,0.0,0.0035564147401601076,0.0,0.0,0.0,0.0,0.0,0.0,0.0,0.0,0.0,0.35433509945869446,0.0,0.0,0.0,0.0,0.0,0.0,0.000280939566437155,0.0,0.0,0.0,0.0,0.0,0.0,0.0,0.0,0.0,0.0,0.0,0.0,0.0,0.0,0.0,0.0,0.0,0.0,0.0,0.0,0.0,0.0,0.0,0.0,0.0,0.0,0.0,0.0,0.0,0.0,0.0,0.0,0.0002895304933190346,0.0,0.0,0.0,0.0,0.0,0.0,0.0,0.0004514709289651364,0.0,0.0,0.0,0.0,0.0,0.0,0.0,0.0,0.0,0.0,0.0,0.0,0.0,0.0,0.0,0.23673413693904877,0.0,0.0,0.0,0.0,0.0,0.0,0.0,0.0,0.0,0.0,0.0,0.0,0.0,0.0,0.006112119648605585,0.0,0.0,0.0,0.0,0.0,0.0,0.0,0.0,0.0,0.0,0.0,0.0,0.0,0.0009501978638581932,0.0,0.0,0.0,0.0,0.0,0.0,0.0,0.0,0.0,0.0,0.0,0.0,0.0,0.0,0.0,0.0,0.0,0.0,0.0,0.0,0.0,0.0,0.0,0.0,0.0,0.0,0.0,0.0,0.0,0.0,0.0,0.0,0.0,0.0,0.0,0.0,0.0004413347051013261,0.0014393494930118322,0.0,0.0,0.0,0.0,0.0,0.0,0.0,0.0,0.0,0.0,0.0,0.0,0.0,0.0,0.0,0.0,0.0,0.0,0.0,0.0,0.0,0.0010530672734603286,0.0,0.0,0.0,0.0,0.0,0.0,0.0,0.0,0.0,0.0,0.0,0.0,0.0,0.0,0.0,0.0004487152036745101,0.0,0.0,0.0,0.0,0.0,0.0,0.0,0.0,0.0,0.0,0.0,0.0,0.0,0.0,0.0,0.0,0.0,0.0,0.0,0.0,0.0,0.0,0.0,0.002649371512234211,0.0,0.0,0.0,0.0,0.0,0.0,0.0,1.6639629393466748e-05,0.0,0.0,0.0,0.0,0.0,0.0,0.0,0.0,0.0,0.0,0.0,0.0,0.0,0.0,0.0,0.0,0.0,0.0,0.0,0.0,0.0,0.0,0.0,0.0,0.0,0.0,0.0,0.0,0.0,0.0,0.0,0.0,0.0,0.0,0.0,0.0,0.0,0.0,0.0,0.0,0.0,0.0,0.0,0.0,0.0,0.0,0.0,0.0,0.0,0.0,0.0,0.0,0.0,0.0,0.0,0.0,0.0,0.0,0.0,0.0,0.0,0.0,0.0,0.00022665342839900404,0.0,0.0,0.0,0.0,0.0,0.0,0.0,0.0,0.0,0.0,0.0,0.0,0.0,0.0,0.0,0.0,0.0,0.0,0.0,0.0,0.0,0.0,0.0005905237630940974,0.0,0.0,0.0019058078760281205,0.0,0.0,0.0,0.0,0.0,0.0,0.0,0.0,0.0,0.0,0.0,0.0,0.0,0.0,0.0,0.0,0.0,0.0,0.0,0.0,0.0,0.0,0.0,0.0,0.0,0.0,0.0,0.0,0.0,0.0,0.0,0.0,0.0,0.0,0.0,0.0,0.0020384937524795532,0.0,0.0,0.0,0.0,0.0,0.0,0.0,0.0,0.0,0.0,0.0,0.0,0.0,0.0,0.0,0.0,0.0,0.0,0.0,0.0,0.0,0.0,0.27549755573272705,0.0,0.0,0.0,0.0,0.0,0.0,0.0,0.0,0.0009239051141776145,0.0,0.0,0.0,0.0,0.0,0.0,0.0,0.0,0.0,0.0,0.0,0.0,0.0,0.0,0.0,0.0,0.0,0.0,0.09578496962785721,0.0,0.0,0.0,0.0,0.0,0.0,0.0,0.0,0.0,0.0,0.0,0.0,0.0,0.0,0.0,0.0,0.0,0.0,0.0,0.0,0.0,0.0,0.0,0.0,0.0,0.0,0.0034059735480695963,0.0,0.0,0.0,0.0,0.0,0.0,0.0,0.0,0.0,0.0,0.0,0.0,0.0,0.0,0.0,0.0,0.0,0.0,0.0,0.0,0.0,0.0003127045347355306,0.0,0.0018471716903150082,0.0,0.0,0.0,0.0,0.0,0.0,0.0,0.0,0.0,0.0,0.0,0.0,0.0,0.0,0.0,0.0,0.0,0.0,0.0,0.0,0.0,0.0,0.0,0.0,0.0,0.0,0.0,0.00199695467017591,,,,,,,,,,,,,,,,,,,,,,,,,,,,,,,,,,,,,,,,,,,,,,,,,,,,,,,,,,,,,,,,,,,,,,,,,,,,,,,,,,,,,,,,,,,,,,,,,,,,,,,,,,,,,,,,,,,,,,,,,,,,,,,,,,,,,,,,,,,,,,,,,,,,,,,,,,,,,,,,,,,,,,,,,,,,,,,,,,,,,,,,,,,,,,,,,,,,,,,,,,,,,,,,,,,,,,,,,,,,,,,,,,,,,,,,,,,,,,,,,,,,,,,,,,,,,,,,,,,,,,,,,,,,
2019-10-15,615974.4325539228,293.43189987667387,,,,,,,,,,,32122.00729210576,38742.44183557836,1039061.7711000025,,99602.41495165284,,,,,,43807.85740590174,12451.764897976782,17417.75269414362,7419.537106114112,41786.5840648306,34699.03519434167,,,,,,,,,,,,,,,,,,,,,,,,,,,,,,,,,,,,,,,,,,,,,,,,,,,,,,,,,,,,,,,,,,,,,,,,,,,,,,,,,,,,,,,,,,,,,,,,0.0,0.0,0.0,0.0,0.0,0.0017591469222679734,0.0,0.0,0.0,0.0,0.0,0.0,0.0,0.0,0.0,0.0,0.0,0.0,0.0,0.0,0.0,0.0,0.0,0.0,0.0013064012164250016,0.0,0.0,0.0036453166976571083,0.0,0.0,0.0,0.0035564147401601076,0.0,0.0,0.0,0.0,0.0,0.0,0.0,0.0,0.0,0.35433509945869446,0.0,0.0,0.0,0.0,0.0,0.0,0.000280939566437155,0.0,0.0,0.0,0.0,0.0,0.0,0.0,0.0,0.0,0.0,0.0,0.0,0.0,0.0,0.0,0.0,0.0,0.0,0.0,0.0,0.0,0.0,0.0,0.0,0.0,0.0,0.0,0.0,0.0,0.0,0.0,0.0,0.0002895304933190346,0.0,0.0,0.0,0.0,0.0,0.0,0.0,0.0004514709289651364,0.0,0.0,0.0,0.0,0.0,0.0,0.0,0.0,0.0,0.0,0.0,0.0,0.0,0.0,0.0,0.23673413693904877,0.0,0.0,0.0,0.0,0.0,0.0,0.0,0.0,0.0,0.0,0.0,0.0,0.0,0.0,0.006112119648605585,0.0,0.0,0.0,0.0,0.0,0.0,0.0,0.0,0.0,0.0,0.0,0.0,0.0,0.0009501978638581932,0.0,0.0,0.0,0.0,0.0,0.0,0.0,0.0,0.0,0.0,0.0,0.0,0.0,0.0,0.0,0.0,0.0,0.0,0.0,0.0,0.0,0.0,0.0,0.0,0.0,0.0,0.0,0.0,0.0,0.0,0.0,0.0,0.0,0.0,0.0,0.0,0.0004413347051013261,0.0014393494930118322,0.0,0.0,0.0,0.0,0.0,0.0,0.0,0.0,0.0,0.0,0.0,0.0,0.0,0.0,0.0,0.0,0.0,0.0,0.0,0.0,0.0,0.0010530672734603286,0.0,0.0,0.0,0.0,0.0,0.0,0.0,0.0,0.0,0.0,0.0,0.0,0.0,0.0,0.0,0.0004487152036745101,0.0,0.0,0.0,0.0,0.0,0.0,0.0,0.0,0.0,0.0,0.0,0.0,0.0,0.0,0.0,0.0,0.0,0.0,0.0,0.0,0.0,0.0,0.0,0.002649371512234211,0.0,0.0,0.0,0.0,0.0,0.0,0.0,1.6639629393466748e-05,0.0,0.0,0.0,0.0,0.0,0.0,0.0,0.0,0.0,0.0,0.0,0.0,0.0,0.0,0.0,0.0,0.0,0.0,0.0,0.0,0.0,0.0,0.0,0.0,0.0,0.0,0.0,0.0,0.0,0.0,0.0,0.0,0.0,0.0,0.0,0.0,0.0,0.0,0.0,0.0,0.0,0.0,0.0,0.0,0.0,0.0,0.0,0.0,0.0,0.0,0.0,0.0,0.0,0.0,0.0,0.0,0.0,0.0,0.0,0.0,0.0,0.0,0.0,0.00022665342839900404,0.0,0.0,0.0,0.0,0.0,0.0,0.0,0.0,0.0,0.0,0.0,0.0,0.0,0.0,0.0,0.0,0.0,0.0,0.0,0.0,0.0,0.0,0.0005905237630940974,0.0,0.0,0.0019058078760281205,0.0,0.0,0.0,0.0,0.0,0.0,0.0,0.0,0.0,0.0,0.0,0.0,0.0,0.0,0.0,0.0,0.0,0.0,0.0,0.0,0.0,0.0,0.0,0.0,0.0,0.0,0.0,0.0,0.0,0.0,0.0,0.0,0.0,0.0,0.0,0.0,0.0020384937524795532,0.0,0.0,0.0,0.0,0.0,0.0,0.0,0.0,0.0,0.0,0.0,0.0,0.0,0.0,0.0,0.0,0.0,0.0,0.0,0.0,0.0,0.0,0.27549755573272705,0.0,0.0,0.0,0.0,0.0,0.0,0.0,0.0,0.0009239051141776145,0.0,0.0,0.0,0.0,0.0,0.0,0.0,0.0,0.0,0.0,0.0,0.0,0.0,0.0,0.0,0.0,0.0,0.0,0.09578496962785721,0.0,0.0,0.0,0.0,0.0,0.0,0.0,0.0,0.0,0.0,0.0,0.0,0.0,0.0,0.0,0.0,0.0,0.0,0.0,0.0,0.0,0.0,0.0,0.0,0.0,0.0,0.0034059735480695963,0.0,0.0,0.0,0.0,0.0,0.0,0.0,0.0,0.0,0.0,0.0,0.0,0.0,0.0,0.0,0.0,0.0,0.0,0.0,0.0,0.0,0.0003127045347355306,0.0,0.0018471716903150082,0.0,0.0,0.0,0.0,0.0,0.0,0.0,0.0,0.0,0.0,0.0,0.0,0.0,0.0,0.0,0.0,0.0,0.0,0.0,0.0,0.0,0.0,0.0,0.0,0.0,0.0,0.0,0.00199695467017591,,,,,,,,,,,,,,,,,,,,,,,,,,,,,,,,,,,,,,,,,,,,,,,,,,,,,,,,,,,,,,,,,,,,,,,,,,,,,,,,,,,,,,,,,,,,,,,,,,,,,,,,,,,,,,,,,,,,,,,,,,,,,,,,,,,,,,,,,,,,,,,,,,,,,,,,,,,,,,,,,,,,,,,,,,,,,,,,,,,,,,,,,,,,,,,,,,,,,,,,,,,,,,,,,,,,,,,,,,,,,,,,,,,,,,,,,,,,,,,,,,,,,,,,,,,,,,,,,,,,,,,,,,,,
2019-10-16,606242.4765022192,1678.9677957737276,,,,,,,,,,,32275.034998000338,38742.44183557836,1039061.7711000025,,99602.41495165284,,,,,,43807.85740590174,12451.764897976782,17299.117607043863,7419.439126899322,41788.34910809849,34002.297775661005,,,,,,,,,,,,,,,,,,,,,,,,,,,,,,,,,,,,,,,,,,,,,,,,,,,,,,,,,,,,,,,,,,,,,,,,,,,,,,,,,,,,,,,,,,,,,,,,0.0,0.0,0.0,0.0,0.0,0.0017591469222679734,0.0,0.0,0.0,0.0,0.0,0.0,0.0,0.0,0.0,0.0,0.0,0.0,0.0,0.0,0.0,0.0,0.0,0.0,0.0013064012164250016,0.0,0.0,0.0036453166976571083,0.0,0.0,0.0,0.0035564147401601076,0.0,0.0,0.0,0.0,0.0,0.0,0.0,0.0,0.0,0.35433509945869446,0.0,0.0,0.0,0.0,0.0,0.0,0.000280939566437155,0.0,0.0,0.0,0.0,0.0,0.0,0.0,0.0,0.0,0.0,0.0,0.0,0.0,0.0,0.0,0.0,0.0,0.0,0.0,0.0,0.0,0.0,0.0,0.0,0.0,0.0,0.0,0.0,0.0,0.0,0.0,0.0,0.0002895304933190346,0.0,0.0,0.0,0.0,0.0,0.0,0.0,0.0004514709289651364,0.0,0.0,0.0,0.0,0.0,0.0,0.0,0.0,0.0,0.0,0.0,0.0,0.0,0.0,0.0,0.23673413693904877,0.0,0.0,0.0,0.0,0.0,0.0,0.0,0.0,0.0,0.0,0.0,0.0,0.0,0.0,0.006112119648605585,0.0,0.0,0.0,0.0,0.0,0.0,0.0,0.0,0.0,0.0,0.0,0.0,0.0,0.0009501978638581932,0.0,0.0,0.0,0.0,0.0,0.0,0.0,0.0,0.0,0.0,0.0,0.0,0.0,0.0,0.0,0.0,0.0,0.0,0.0,0.0,0.0,0.0,0.0,0.0,0.0,0.0,0.0,0.0,0.0,0.0,0.0,0.0,0.0,0.0,0.0,0.0,0.0004413347051013261,0.0014393494930118322,0.0,0.0,0.0,0.0,0.0,0.0,0.0,0.0,0.0,0.0,0.0,0.0,0.0,0.0,0.0,0.0,0.0,0.0,0.0,0.0,0.0,0.0010530672734603286,0.0,0.0,0.0,0.0,0.0,0.0,0.0,0.0,0.0,0.0,0.0,0.0,0.0,0.0,0.0,0.0004487152036745101,0.0,0.0,0.0,0.0,0.0,0.0,0.0,0.0,0.0,0.0,0.0,0.0,0.0,0.0,0.0,0.0,0.0,0.0,0.0,0.0,0.0,0.0,0.0,0.002649371512234211,0.0,0.0,0.0,0.0,0.0,0.0,0.0,1.6639629393466748e-05,0.0,0.0,0.0,0.0,0.0,0.0,0.0,0.0,0.0,0.0,0.0,0.0,0.0,0.0,0.0,0.0,0.0,0.0,0.0,0.0,0.0,0.0,0.0,0.0,0.0,0.0,0.0,0.0,0.0,0.0,0.0,0.0,0.0,0.0,0.0,0.0,0.0,0.0,0.0,0.0,0.0,0.0,0.0,0.0,0.0,0.0,0.0,0.0,0.0,0.0,0.0,0.0,0.0,0.0,0.0,0.0,0.0,0.0,0.0,0.0,0.0,0.0,0.0,0.00022665342839900404,0.0,0.0,0.0,0.0,0.0,0.0,0.0,0.0,0.0,0.0,0.0,0.0,0.0,0.0,0.0,0.0,0.0,0.0,0.0,0.0,0.0,0.0,0.0005905237630940974,0.0,0.0,0.0019058078760281205,0.0,0.0,0.0,0.0,0.0,0.0,0.0,0.0,0.0,0.0,0.0,0.0,0.0,0.0,0.0,0.0,0.0,0.0,0.0,0.0,0.0,0.0,0.0,0.0,0.0,0.0,0.0,0.0,0.0,0.0,0.0,0.0,0.0,0.0,0.0,0.0,0.0020384937524795532,0.0,0.0,0.0,0.0,0.0,0.0,0.0,0.0,0.0,0.0,0.0,0.0,0.0,0.0,0.0,0.0,0.0,0.0,0.0,0.0,0.0,0.0,0.27549755573272705,0.0,0.0,0.0,0.0,0.0,0.0,0.0,0.0,0.0009239051141776145,0.0,0.0,0.0,0.0,0.0,0.0,0.0,0.0,0.0,0.0,0.0,0.0,0.0,0.0,0.0,0.0,0.0,0.0,0.09578496962785721,0.0,0.0,0.0,0.0,0.0,0.0,0.0,0.0,0.0,0.0,0.0,0.0,0.0,0.0,0.0,0.0,0.0,0.0,0.0,0.0,0.0,0.0,0.0,0.0,0.0,0.0,0.0034059735480695963,0.0,0.0,0.0,0.0,0.0,0.0,0.0,0.0,0.0,0.0,0.0,0.0,0.0,0.0,0.0,0.0,0.0,0.0,0.0,0.0,0.0,0.0003127045347355306,0.0,0.0018471716903150082,0.0,0.0,0.0,0.0,0.0,0.0,0.0,0.0,0.0,0.0,0.0,0.0,0.0,0.0,0.0,0.0,0.0,0.0,0.0,0.0,0.0,0.0,0.0,0.0,0.0,0.0,0.0,0.00199695467017591,,,,,,,,,,,,,,,,,,,,,,,,,,,,,,,,,,,,,,,,,,,,,,,,,,,,,,,,,,,,,,,,,,,,,,,,,,,,,,,,,,,,,,,,,,,,,,,,,,,,,,,,,,,,,,,,,,,,,,,,,,,,,,,,,,,,,,,,,,,,,,,,,,,,,,,,,,,,,,,,,,,,,,,,,,,,,,,,,,,,,,,,,,,,,,,,,,,,,,,,,,,,,,,,,,,,,,,,,,,,,,,,,,,,,,,,,,,,,,,,,,,,,,,,,,,,,,,,,,,,,,,,,,,,
2019-10-17,602616.8861921385,6896.23483949224,,,,,,,,,,,33193.30771661525,38742.44183557836,1039061.7711000025,,99602.41495165284,,,,,,43807.85740590174,12156.689568586644,17068.02023205995,7419.687953591983,38999.8809070903,33770.402979217295,,,,,,,,,,,,,,,,,,,,,,,,,,,,,,,,,,,,,,,,,,,,,,,,,,,,,,,,,,,,,,,,,,,,,,,,,,,,,,,,,,,,,,,,,,,,,,,,0.0,0.0,0.0,0.0,0.0,0.0017591469222679734,0.0,0.0,0.0,0.0,0.0,0.0,0.0,0.0,0.0,0.0,0.0,0.0,0.0,0.0,0.0,0.0,0.0,0.0,0.0013064012164250016,0.0,0.0,0.0036453166976571083,0.0,0.0,0.0,0.0035564147401601076,0.0,0.0,0.0,0.0,0.0,0.0,0.0,0.0,0.0,0.35433509945869446,0.0,0.0,0.0,0.0,0.0,0.0,0.000280939566437155,0.0,0.0,0.0,0.0,0.0,0.0,0.0,0.0,0.0,0.0,0.0,0.0,0.0,0.0,0.0,0.0,0.0,0.0,0.0,0.0,0.0,0.0,0.0,0.0,0.0,0.0,0.0,0.0,0.0,0.0,0.0,0.0,0.0002895304933190346,0.0,0.0,0.0,0.0,0.0,0.0,0.0,0.0004514709289651364,0.0,0.0,0.0,0.0,0.0,0.0,0.0,0.0,0.0,0.0,0.0,0.0,0.0,0.0,0.0,0.23673413693904877,0.0,0.0,0.0,0.0,0.0,0.0,0.0,0.0,0.0,0.0,0.0,0.0,0.0,0.0,0.006112119648605585,0.0,0.0,0.0,0.0,0.0,0.0,0.0,0.0,0.0,0.0,0.0,0.0,0.0,0.0009501978638581932,0.0,0.0,0.0,0.0,0.0,0.0,0.0,0.0,0.0,0.0,0.0,0.0,0.0,0.0,0.0,0.0,0.0,0.0,0.0,0.0,0.0,0.0,0.0,0.0,0.0,0.0,0.0,0.0,0.0,0.0,0.0,0.0,0.0,0.0,0.0,0.0,0.0004413347051013261,0.0014393494930118322,0.0,0.0,0.0,0.0,0.0,0.0,0.0,0.0,0.0,0.0,0.0,0.0,0.0,0.0,0.0,0.0,0.0,0.0,0.0,0.0,0.0,0.0010530672734603286,0.0,0.0,0.0,0.0,0.0,0.0,0.0,0.0,0.0,0.0,0.0,0.0,0.0,0.0,0.0,0.0004487152036745101,0.0,0.0,0.0,0.0,0.0,0.0,0.0,0.0,0.0,0.0,0.0,0.0,0.0,0.0,0.0,0.0,0.0,0.0,0.0,0.0,0.0,0.0,0.0,0.002649371512234211,0.0,0.0,0.0,0.0,0.0,0.0,0.0,1.6639629393466748e-05,0.0,0.0,0.0,0.0,0.0,0.0,0.0,0.0,0.0,0.0,0.0,0.0,0.0,0.0,0.0,0.0,0.0,0.0,0.0,0.0,0.0,0.0,0.0,0.0,0.0,0.0,0.0,0.0,0.0,0.0,0.0,0.0,0.0,0.0,0.0,0.0,0.0,0.0,0.0,0.0,0.0,0.0,0.0,0.0,0.0,0.0,0.0,0.0,0.0,0.0,0.0,0.0,0.0,0.0,0.0,0.0,0.0,0.0,0.0,0.0,0.0,0.0,0.0,0.00022665342839900404,0.0,0.0,0.0,0.0,0.0,0.0,0.0,0.0,0.0,0.0,0.0,0.0,0.0,0.0,0.0,0.0,0.0,0.0,0.0,0.0,0.0,0.0,0.0005905237630940974,0.0,0.0,0.0019058078760281205,0.0,0.0,0.0,0.0,0.0,0.0,0.0,0.0,0.0,0.0,0.0,0.0,0.0,0.0,0.0,0.0,0.0,0.0,0.0,0.0,0.0,0.0,0.0,0.0,0.0,0.0,0.0,0.0,0.0,0.0,0.0,0.0,0.0,0.0,0.0,0.0,0.0020384937524795532,0.0,0.0,0.0,0.0,0.0,0.0,0.0,0.0,0.0,0.0,0.0,0.0,0.0,0.0,0.0,0.0,0.0,0.0,0.0,0.0,0.0,0.0,0.27549755573272705,0.0,0.0,0.0,0.0,0.0,0.0,0.0,0.0,0.0009239051141776145,0.0,0.0,0.0,0.0,0.0,0.0,0.0,0.0,0.0,0.0,0.0,0.0,0.0,0.0,0.0,0.0,0.0,0.0,0.09578496962785721,0.0,0.0,0.0,0.0,0.0,0.0,0.0,0.0,0.0,0.0,0.0,0.0,0.0,0.0,0.0,0.0,0.0,0.0,0.0,0.0,0.0,0.0,0.0,0.0,0.0,0.0,0.0034059735480695963,0.0,0.0,0.0,0.0,0.0,0.0,0.0,0.0,0.0,0.0,0.0,0.0,0.0,0.0,0.0,0.0,0.0,0.0,0.0,0.0,0.0,0.0003127045347355306,0.0,0.0018471716903150082,0.0,0.0,0.0,0.0,0.0,0.0,0.0,0.0,0.0,0.0,0.0,0.0,0.0,0.0,0.0,0.0,0.0,0.0,0.0,0.0,0.0,0.0,0.0,0.0,0.0,0.0,0.0,0.00199695467017591,,,,,,,,,,,,,,,,,,,,,,,,,,,,,,,,,,,,,,,,,,,,,,,,,,,,,,,,,,,,,,,,,,,,,,,,,,,,,,,,,,,,,,,,,,,,,,,,,,,,,,,,,,,,,,,,,,,,,,,,,,,,,,,,,,,,,,,,,,,,,,,,,,,,,,,,,,,,,,,,,,,,,,,,,,,,,,,,,,,,,,,,,,,,,,,,,,,,,,,,,,,,,,,,,,,,,,,,,,,,,,,,,,,,,,,,,,,,,,,,,,,,,,,,,,,,,,,,,,,,,,,,,,,,
2019-10-18,601822.7248145253,3191.1817459371337,,,,,,,,,,,34232.21350199172,38815.12934371265,1039061.7711000025,,102759.76293491377,,,,,,46142.42630868101,12154.71008676321,17068.02023205995,7007.163277708052,38998.18923536454,33998.852510644756,,,,,,,,,,,,,,,,,,,,,,,,,,,,,,,,,,,,,,,,,,,,,,,,,,,,,,,,,,,,,,,,,,,,,,,,,,,,,,,,,,,,,,,,,,,,,,,,0.0,0.0,0.0,0.0,0.0,0.0017591469222679734,0.0,0.0,0.0,0.0,0.0,0.0,0.0,0.0,0.0,0.0,0.0,0.0,0.0,0.0,0.0,0.0,0.0,0.0,0.0013064012164250016,0.0,0.0,0.0036453166976571083,0.0,0.0,0.0,0.0035564147401601076,0.0,0.0,0.0,0.0,0.0,0.0,0.0,0.0,0.0,0.35433509945869446,0.0,0.0,0.0,0.0,0.0,0.0,0.000280939566437155,0.0,0.0,0.0,0.0,0.0,0.0,0.0,0.0,0.0,0.0,0.0,0.0,0.0,0.0,0.0,0.0,0.0,0.0,0.0,0.0,0.0,0.0,0.0,0.0,0.0,0.0,0.0,0.0,0.0,0.0,0.0,0.0,0.0002895304933190346,0.0,0.0,0.0,0.0,0.0,0.0,0.0,0.0004514709289651364,0.0,0.0,0.0,0.0,0.0,0.0,0.0,0.0,0.0,0.0,0.0,0.0,0.0,0.0,0.0,0.23673413693904877,0.0,0.0,0.0,0.0,0.0,0.0,0.0,0.0,0.0,0.0,0.0,0.0,0.0,0.0,0.006112119648605585,0.0,0.0,0.0,0.0,0.0,0.0,0.0,0.0,0.0,0.0,0.0,0.0,0.0,0.0009501978638581932,0.0,0.0,0.0,0.0,0.0,0.0,0.0,0.0,0.0,0.0,0.0,0.0,0.0,0.0,0.0,0.0,0.0,0.0,0.0,0.0,0.0,0.0,0.0,0.0,0.0,0.0,0.0,0.0,0.0,0.0,0.0,0.0,0.0,0.0,0.0,0.0,0.0004413347051013261,0.0014393494930118322,0.0,0.0,0.0,0.0,0.0,0.0,0.0,0.0,0.0,0.0,0.0,0.0,0.0,0.0,0.0,0.0,0.0,0.0,0.0,0.0,0.0,0.0010530672734603286,0.0,0.0,0.0,0.0,0.0,0.0,0.0,0.0,0.0,0.0,0.0,0.0,0.0,0.0,0.0,0.0004487152036745101,0.0,0.0,0.0,0.0,0.0,0.0,0.0,0.0,0.0,0.0,0.0,0.0,0.0,0.0,0.0,0.0,0.0,0.0,0.0,0.0,0.0,0.0,0.0,0.002649371512234211,0.0,0.0,0.0,0.0,0.0,0.0,0.0,1.6639629393466748e-05,0.0,0.0,0.0,0.0,0.0,0.0,0.0,0.0,0.0,0.0,0.0,0.0,0.0,0.0,0.0,0.0,0.0,0.0,0.0,0.0,0.0,0.0,0.0,0.0,0.0,0.0,0.0,0.0,0.0,0.0,0.0,0.0,0.0,0.0,0.0,0.0,0.0,0.0,0.0,0.0,0.0,0.0,0.0,0.0,0.0,0.0,0.0,0.0,0.0,0.0,0.0,0.0,0.0,0.0,0.0,0.0,0.0,0.0,0.0,0.0,0.0,0.0,0.0,0.00022665342839900404,0.0,0.0,0.0,0.0,0.0,0.0,0.0,0.0,0.0,0.0,0.0,0.0,0.0,0.0,0.0,0.0,0.0,0.0,0.0,0.0,0.0,0.0,0.0005905237630940974,0.0,0.0,0.0019058078760281205,0.0,0.0,0.0,0.0,0.0,0.0,0.0,0.0,0.0,0.0,0.0,0.0,0.0,0.0,0.0,0.0,0.0,0.0,0.0,0.0,0.0,0.0,0.0,0.0,0.0,0.0,0.0,0.0,0.0,0.0,0.0,0.0,0.0,0.0,0.0,0.0,0.0020384937524795532,0.0,0.0,0.0,0.0,0.0,0.0,0.0,0.0,0.0,0.0,0.0,0.0,0.0,0.0,0.0,0.0,0.0,0.0,0.0,0.0,0.0,0.0,0.27549755573272705,0.0,0.0,0.0,0.0,0.0,0.0,0.0,0.0,0.0009239051141776145,0.0,0.0,0.0,0.0,0.0,0.0,0.0,0.0,0.0,0.0,0.0,0.0,0.0,0.0,0.0,0.0,0.0,0.0,0.09578496962785721,0.0,0.0,0.0,0.0,0.0,0.0,0.0,0.0,0.0,0.0,0.0,0.0,0.0,0.0,0.0,0.0,0.0,0.0,0.0,0.0,0.0,0.0,0.0,0.0,0.0,0.0,0.0034059735480695963,0.0,0.0,0.0,0.0,0.0,0.0,0.0,0.0,0.0,0.0,0.0,0.0,0.0,0.0,0.0,0.0,0.0,0.0,0.0,0.0,0.0,0.0003127045347355306,0.0,0.0018471716903150082,0.0,0.0,0.0,0.0,0.0,0.0,0.0,0.0,0.0,0.0,0.0,0.0,0.0,0.0,0.0,0.0,0.0,0.0,0.0,0.0,0.0,0.0,0.0,0.0,0.0,0.0,0.0,0.00199695467017591,,,,,,,,,,,,,,,,,,,,,,,,,,,,,,,,,,,,,,,,,,,,,,,,,,,,,,,,,,,,,,,,,,,,,,,,,,,,,,,,,,,,,,,,,,,,,,,,,,,,,,,,,,,,,,,,,,,,,,,,,,,,,,,,,,,,,,,,,,,,,,,,,,,,,,,,,,,,,,,,,,,,,,,,,,,,,,,,,,,,,,,,,,,,,,,,,,,,,,,,,,,,,,,,,,,,,,,,,,,,,,,,,,,,,,,,,,,,,,,,,,,,,,,,,,,,,,,,,,,,,,,,,,,,
2019-10-21,593971.8126584522,2844.7464718287865,,,,,,,,,,,34027.10573978588,37650.39687026722,1039061.7711000025,,101028.1860366264,,,,,,46552.354810067234,12452.430540767553,17417.50918325665,7007.163277708052,38998.18923536454,34234.99596161201,,,,,,,,,,,,,,,,,,,,,,,,,,,,,,,,,,,,,,,,,,,,,,,,,,,,,,,,,,,,,,,,,,,,,,,,,,,,,,,,,,,,,,,,,,,,,,,,0.0,0.0,0.0,0.0,0.0,0.0017591469222679734,0.0,0.0,0.0,0.0,0.0,0.0,0.0,0.0,0.0,0.0,0.0,0.0,0.0,0.0,0.0,0.0,0.0,0.0,0.0013064012164250016,0.0,0.0,0.0036453166976571083,0.0,0.0,0.0,0.0035564147401601076,0.0,0.0,0.0,0.0,0.0,0.0,0.0,0.0,0.0,0.35433509945869446,0.0,0.0,0.0,0.0,0.0,0.0,0.000280939566437155,0.0,0.0,0.0,0.0,0.0,0.0,0.0,0.0,0.0,0.0,0.0,0.0,0.0,0.0,0.0,0.0,0.0,0.0,0.0,0.0,0.0,0.0,0.0,0.0,0.0,0.0,0.0,0.0,0.0,0.0,0.0,0.0,0.0002895304933190346,0.0,0.0,0.0,0.0,0.0,0.0,0.0,0.0004514709289651364,0.0,0.0,0.0,0.0,0.0,0.0,0.0,0.0,0.0,0.0,0.0,0.0,0.0,0.0,0.0,0.23673413693904877,0.0,0.0,0.0,0.0,0.0,0.0,0.0,0.0,0.0,0.0,0.0,0.0,0.0,0.0,0.006112119648605585,0.0,0.0,0.0,0.0,0.0,0.0,0.0,0.0,0.0,0.0,0.0,0.0,0.0,0.0009501978638581932,0.0,0.0,0.0,0.0,0.0,0.0,0.0,0.0,0.0,0.0,0.0,0.0,0.0,0.0,0.0,0.0,0.0,0.0,0.0,0.0,0.0,0.0,0.0,0.0,0.0,0.0,0.0,0.0,0.0,0.0,0.0,0.0,0.0,0.0,0.0,0.0,0.0004413347051013261,0.0014393494930118322,0.0,0.0,0.0,0.0,0.0,0.0,0.0,0.0,0.0,0.0,0.0,0.0,0.0,0.0,0.0,0.0,0.0,0.0,0.0,0.0,0.0,0.0010530672734603286,0.0,0.0,0.0,0.0,0.0,0.0,0.0,0.0,0.0,0.0,0.0,0.0,0.0,0.0,0.0,0.0004487152036745101,0.0,0.0,0.0,0.0,0.0,0.0,0.0,0.0,0.0,0.0,0.0,0.0,0.0,0.0,0.0,0.0,0.0,0.0,0.0,0.0,0.0,0.0,0.0,0.002649371512234211,0.0,0.0,0.0,0.0,0.0,0.0,0.0,1.6639629393466748e-05,0.0,0.0,0.0,0.0,0.0,0.0,0.0,0.0,0.0,0.0,0.0,0.0,0.0,0.0,0.0,0.0,0.0,0.0,0.0,0.0,0.0,0.0,0.0,0.0,0.0,0.0,0.0,0.0,0.0,0.0,0.0,0.0,0.0,0.0,0.0,0.0,0.0,0.0,0.0,0.0,0.0,0.0,0.0,0.0,0.0,0.0,0.0,0.0,0.0,0.0,0.0,0.0,0.0,0.0,0.0,0.0,0.0,0.0,0.0,0.0,0.0,0.0,0.0,0.00022665342839900404,0.0,0.0,0.0,0.0,0.0,0.0,0.0,0.0,0.0,0.0,0.0,0.0,0.0,0.0,0.0,0.0,0.0,0.0,0.0,0.0,0.0,0.0,0.0005905237630940974,0.0,0.0,0.0019058078760281205,0.0,0.0,0.0,0.0,0.0,0.0,0.0,0.0,0.0,0.0,0.0,0.0,0.0,0.0,0.0,0.0,0.0,0.0,0.0,0.0,0.0,0.0,0.0,0.0,0.0,0.0,0.0,0.0,0.0,0.0,0.0,0.0,0.0,0.0,0.0,0.0,0.0020384937524795532,0.0,0.0,0.0,0.0,0.0,0.0,0.0,0.0,0.0,0.0,0.0,0.0,0.0,0.0,0.0,0.0,0.0,0.0,0.0,0.0,0.0,0.0,0.27549755573272705,0.0,0.0,0.0,0.0,0.0,0.0,0.0,0.0,0.0009239051141776145,0.0,0.0,0.0,0.0,0.0,0.0,0.0,0.0,0.0,0.0,0.0,0.0,0.0,0.0,0.0,0.0,0.0,0.0,0.09578496962785721,0.0,0.0,0.0,0.0,0.0,0.0,0.0,0.0,0.0,0.0,0.0,0.0,0.0,0.0,0.0,0.0,0.0,0.0,0.0,0.0,0.0,0.0,0.0,0.0,0.0,0.0,0.0034059735480695963,0.0,0.0,0.0,0.0,0.0,0.0,0.0,0.0,0.0,0.0,0.0,0.0,0.0,0.0,0.0,0.0,0.0,0.0,0.0,0.0,0.0,0.0003127045347355306,0.0,0.0018471716903150082,0.0,0.0,0.0,0.0,0.0,0.0,0.0,0.0,0.0,0.0,0.0,0.0,0.0,0.0,0.0,0.0,0.0,0.0,0.0,0.0,0.0,0.0,0.0,0.0,0.0,0.0,0.0,0.00199695467017591,,,,,,,,,,,,,,,,,,,,,,,,,,,,,,,,,,,,,,,,,,,,,,,,,,,,,,,,,,,,,,,,,,,,,,,,,,,,,,,,,,,,,,,,,,,,,,,,,,,,,,,,,,,,,,,,,,,,,,,,,,,,,,,,,,,,,,,,,,,,,,,,,,,,,,,,,,,,,,,,,,,,,,,,,,,,,,,,,,,,,,,,,,,,,,,,,,,,,,,,,,,,,,,,,,,,,,,,,,,,,,,,,,,,,,,,,,,,,,,,,,,,,,,,,,,,,,,,,,,,,,,,,,,,
2019-10-22,594653.2755945208,1453.0148514019716,,,,,,,,,,,33313.912692698344,38231.87018100494,1039061.7711000025,,100329.02903983314,,,,,,47650.9354545526,12748.966548069622,17243.334091424083,7007.163277708052,38999.8809070903,34232.541641770345,,,,,,,,,,,,,,,,,,,,,,,,,,,,,,,,,,,,,,,,,,,,,,,,,,,,,,,,,,,,,,,,,,,,,,,,,,,,,,,,,,,,,,,,,,,,,,,,0.0,0.0,0.0,0.0,0.0,0.0017591469222679734,0.0,0.0,0.0,0.0,0.0,0.0,0.0,0.0,0.0,0.0,0.0,0.0,0.0,0.0,0.0,0.0,0.0,0.0,0.0013064012164250016,0.0,0.0,0.0036453166976571083,0.0,0.0,0.0,0.0035564147401601076,0.0,0.0,0.0,0.0,0.0,0.0,0.0,0.0,0.0,0.35433509945869446,0.0,0.0,0.0,0.0,0.0,0.0,0.000280939566437155,0.0,0.0,0.0,0.0,0.0,0.0,0.0,0.0,0.0,0.0,0.0,0.0,0.0,0.0,0.0,0.0,0.0,0.0,0.0,0.0,0.0,0.0,0.0,0.0,0.0,0.0,0.0,0.0,0.0,0.0,0.0,0.0,0.0002895304933190346,0.0,0.0,0.0,0.0,0.0,0.0,0.0,0.0004514709289651364,0.0,0.0,0.0,0.0,0.0,0.0,0.0,0.0,0.0,0.0,0.0,0.0,0.0,0.0,0.0,0.23673413693904877,0.0,0.0,0.0,0.0,0.0,0.0,0.0,0.0,0.0,0.0,0.0,0.0,0.0,0.0,0.006112119648605585,0.0,0.0,0.0,0.0,0.0,0.0,0.0,0.0,0.0,0.0,0.0,0.0,0.0,0.0009501978638581932,0.0,0.0,0.0,0.0,0.0,0.0,0.0,0.0,0.0,0.0,0.0,0.0,0.0,0.0,0.0,0.0,0.0,0.0,0.0,0.0,0.0,0.0,0.0,0.0,0.0,0.0,0.0,0.0,0.0,0.0,0.0,0.0,0.0,0.0,0.0,0.0,0.0004413347051013261,0.0014393494930118322,0.0,0.0,0.0,0.0,0.0,0.0,0.0,0.0,0.0,0.0,0.0,0.0,0.0,0.0,0.0,0.0,0.0,0.0,0.0,0.0,0.0,0.0010530672734603286,0.0,0.0,0.0,0.0,0.0,0.0,0.0,0.0,0.0,0.0,0.0,0.0,0.0,0.0,0.0,0.0004487152036745101,0.0,0.0,0.0,0.0,0.0,0.0,0.0,0.0,0.0,0.0,0.0,0.0,0.0,0.0,0.0,0.0,0.0,0.0,0.0,0.0,0.0,0.0,0.0,0.002649371512234211,0.0,0.0,0.0,0.0,0.0,0.0,0.0,1.6639629393466748e-05,0.0,0.0,0.0,0.0,0.0,0.0,0.0,0.0,0.0,0.0,0.0,0.0,0.0,0.0,0.0,0.0,0.0,0.0,0.0,0.0,0.0,0.0,0.0,0.0,0.0,0.0,0.0,0.0,0.0,0.0,0.0,0.0,0.0,0.0,0.0,0.0,0.0,0.0,0.0,0.0,0.0,0.0,0.0,0.0,0.0,0.0,0.0,0.0,0.0,0.0,0.0,0.0,0.0,0.0,0.0,0.0,0.0,0.0,0.0,0.0,0.0,0.0,0.0,0.00022665342839900404,0.0,0.0,0.0,0.0,0.0,0.0,0.0,0.0,0.0,0.0,0.0,0.0,0.0,0.0,0.0,0.0,0.0,0.0,0.0,0.0,0.0,0.0,0.0005905237630940974,0.0,0.0,0.0019058078760281205,0.0,0.0,0.0,0.0,0.0,0.0,0.0,0.0,0.0,0.0,0.0,0.0,0.0,0.0,0.0,0.0,0.0,0.0,0.0,0.0,0.0,0.0,0.0,0.0,0.0,0.0,0.0,0.0,0.0,0.0,0.0,0.0,0.0,0.0,0.0,0.0,0.0020384937524795532,0.0,0.0,0.0,0.0,0.0,0.0,0.0,0.0,0.0,0.0,0.0,0.0,0.0,0.0,0.0,0.0,0.0,0.0,0.0,0.0,0.0,0.0,0.27549755573272705,0.0,0.0,0.0,0.0,0.0,0.0,0.0,0.0,0.0009239051141776145,0.0,0.0,0.0,0.0,0.0,0.0,0.0,0.0,0.0,0.0,0.0,0.0,0.0,0.0,0.0,0.0,0.0,0.0,0.09578496962785721,0.0,0.0,0.0,0.0,0.0,0.0,0.0,0.0,0.0,0.0,0.0,0.0,0.0,0.0,0.0,0.0,0.0,0.0,0.0,0.0,0.0,0.0,0.0,0.0,0.0,0.0,0.0034059735480695963,0.0,0.0,0.0,0.0,0.0,0.0,0.0,0.0,0.0,0.0,0.0,0.0,0.0,0.0,0.0,0.0,0.0,0.0,0.0,0.0,0.0,0.0003127045347355306,0.0,0.0018471716903150082,0.0,0.0,0.0,0.0,0.0,0.0,0.0,0.0,0.0,0.0,0.0,0.0,0.0,0.0,0.0,0.0,0.0,0.0,0.0,0.0,0.0,0.0,0.0,0.0,0.0,0.0,0.0,0.00199695467017591,,,,,,,,,,,,,,,,,,,,,,,,,,,,,,,,,,,,,,,,,,,,,,,,,,,,,,,,,,,,,,,,,,,,,,,,,,,,,,,,,,,,,,,,,,,,,,,,,,,,,,,,,,,,,,,,,,,,,,,,,,,,,,,,,,,,,,,,,,,,,,,,,,,,,,,,,,,,,,,,,,,,,,,,,,,,,,,,,,,,,,,,,,,,,,,,,,,,,,,,,,,,,,,,,,,,,,,,,,,,,,,,,,,,,,,,,,,,,,,,,,,,,,,,,,,,,,,,,,,,,,,,,,,,
2019-10-23,587119.5164829569,231.94346637073787,,,,,,,,,,,33978.19416059069,38159.74479872122,1039061.7711000025,,100660.73753958754,,,,,,47788.25803511327,12750.076248225021,17183.852122264878,7007.163277708052,39001.414870283144,34234.3776286446,,,,,,,,,,,,,,,,,,,,,,,,,,,,,,,,,,,,,,,,,,,,,,,,,,,,,,,,,,,,,,,,,,,,,,,,,,,,,,,,,,,,,,,,,,,,,,,,0.0,0.0,0.0,0.0,0.0,0.0017591469222679734,0.0,0.0,0.0,0.0,0.0,0.0,0.0,0.0,0.0,0.0,0.0,0.0,0.0,0.0,0.0,0.0,0.0,0.0,0.0013064012164250016,0.0,0.0,0.0036453166976571083,0.0,0.0,0.0,0.0035564147401601076,0.0,0.0,0.0,0.0,0.0,0.0,0.0,0.0,0.0,0.35433509945869446,0.0,0.0,0.0,0.0,0.0,0.0,0.000280939566437155,0.0,0.0,0.0,0.0,0.0,0.0,0.0,0.0,0.0,0.0,0.0,0.0,0.0,0.0,0.0,0.0,0.0,0.0,0.0,0.0,0.0,0.0,0.0,0.0,0.0,0.0,0.0,0.0,0.0,0.0,0.0,0.0,0.0002895304933190346,0.0,0.0,0.0,0.0,0.0,0.0,0.0,0.0004514709289651364,0.0,0.0,0.0,0.0,0.0,0.0,0.0,0.0,0.0,0.0,0.0,0.0,0.0,0.0,0.0,0.23673413693904877,0.0,0.0,0.0,0.0,0.0,0.0,0.0,0.0,0.0,0.0,0.0,0.0,0.0,0.0,0.006112119648605585,0.0,0.0,0.0,0.0,0.0,0.0,0.0,0.0,0.0,0.0,0.0,0.0,0.0,0.0009501978638581932,0.0,0.0,0.0,0.0,0.0,0.0,0.0,0.0,0.0,0.0,0.0,0.0,0.0,0.0,0.0,0.0,0.0,0.0,0.0,0.0,0.0,0.0,0.0,0.0,0.0,0.0,0.0,0.0,0.0,0.0,0.0,0.0,0.0,0.0,0.0,0.0,0.0004413347051013261,0.0014393494930118322,0.0,0.0,0.0,0.0,0.0,0.0,0.0,0.0,0.0,0.0,0.0,0.0,0.0,0.0,0.0,0.0,0.0,0.0,0.0,0.0,0.0,0.0010530672734603286,0.0,0.0,0.0,0.0,0.0,0.0,0.0,0.0,0.0,0.0,0.0,0.0,0.0,0.0,0.0,0.0004487152036745101,0.0,0.0,0.0,0.0,0.0,0.0,0.0,0.0,0.0,0.0,0.0,0.0,0.0,0.0,0.0,0.0,0.0,0.0,0.0,0.0,0.0,0.0,0.0,0.002649371512234211,0.0,0.0,0.0,0.0,0.0,0.0,0.0,1.6639629393466748e-05,0.0,0.0,0.0,0.0,0.0,0.0,0.0,0.0,0.0,0.0,0.0,0.0,0.0,0.0,0.0,0.0,0.0,0.0,0.0,0.0,0.0,0.0,0.0,0.0,0.0,0.0,0.0,0.0,0.0,0.0,0.0,0.0,0.0,0.0,0.0,0.0,0.0,0.0,0.0,0.0,0.0,0.0,0.0,0.0,0.0,0.0,0.0,0.0,0.0,0.0,0.0,0.0,0.0,0.0,0.0,0.0,0.0,0.0,0.0,0.0,0.0,0.0,0.0,0.00022665342839900404,0.0,0.0,0.0,0.0,0.0,0.0,0.0,0.0,0.0,0.0,0.0,0.0,0.0,0.0,0.0,0.0,0.0,0.0,0.0,0.0,0.0,0.0,0.0005905237630940974,0.0,0.0,0.0019058078760281205,0.0,0.0,0.0,0.0,0.0,0.0,0.0,0.0,0.0,0.0,0.0,0.0,0.0,0.0,0.0,0.0,0.0,0.0,0.0,0.0,0.0,0.0,0.0,0.0,0.0,0.0,0.0,0.0,0.0,0.0,0.0,0.0,0.0,0.0,0.0,0.0,0.0020384937524795532,0.0,0.0,0.0,0.0,0.0,0.0,0.0,0.0,0.0,0.0,0.0,0.0,0.0,0.0,0.0,0.0,0.0,0.0,0.0,0.0,0.0,0.0,0.27549755573272705,0.0,0.0,0.0,0.0,0.0,0.0,0.0,0.0,0.0009239051141776145,0.0,0.0,0.0,0.0,0.0,0.0,0.0,0.0,0.0,0.0,0.0,0.0,0.0,0.0,0.0,0.0,0.0,0.0,0.09578496962785721,0.0,0.0,0.0,0.0,0.0,0.0,0.0,0.0,0.0,0.0,0.0,0.0,0.0,0.0,0.0,0.0,0.0,0.0,0.0,0.0,0.0,0.0,0.0,0.0,0.0,0.0,0.0034059735480695963,0.0,0.0,0.0,0.0,0.0,0.0,0.0,0.0,0.0,0.0,0.0,0.0,0.0,0.0,0.0,0.0,0.0,0.0,0.0,0.0,0.0,0.0003127045347355306,0.0,0.0018471716903150082,0.0,0.0,0.0,0.0,0.0,0.0,0.0,0.0,0.0,0.0,0.0,0.0,0.0,0.0,0.0,0.0,0.0,0.0,0.0,0.0,0.0,0.0,0.0,0.0,0.0,0.0,0.0,0.00199695467017591,,,,,,,,,,,,,,,,,,,,,,,,,,,,,,,,,,,,,,,,,,,,,,,,,,,,,,,,,,,,,,,,,,,,,,,,,,,,,,,,,,,,,,,,,,,,,,,,,,,,,,,,,,,,,,,,,,,,,,,,,,,,,,,,,,,,,,,,,,,,,,,,,,,,,,,,,,,,,,,,,,,,,,,,,,,,,,,,,,,,,,,,,,,,,,,,,,,,,,,,,,,,,,,,,,,,,,,,,,,,,,,,,,,,,,,,,,,,,,,,,,,,,,,,,,,,,,,,,,,,,,,,,,,,
2019-10-24,589237.8579473649,890.1403235531503,,,,,,,,,,,33773.06309734503,38232.430026909264,1039061.7711000025,,101359.51699247905,,,,,,46831.71098055712,12749.823873046855,17299.53062715755,7007.163277708052,38997.94237688127,34234.99596161201,,,,,,,,,,,,,,,,,,,,,,,,,,,,,,,,,,,,,,,,,,,,,,,,,,,,,,,,,,,,,,,,,,,,,,,,,,,,,,,,,,,,,,,,,,,,,,,,0.0,0.0,0.0,0.0,0.0,0.0017591469222679734,0.0,0.0,0.0,0.0,0.0,0.0,0.0,0.0,0.0,0.0,0.0,0.0,0.0,0.0,0.0,0.0,0.0,0.0,0.0013064012164250016,0.0,0.0,0.0036453166976571083,0.0,0.0,0.0,0.0035564147401601076,0.0,0.0,0.0,0.0,0.0,0.0,0.0,0.0,0.0,0.35433509945869446,0.0,0.0,0.0,0.0,0.0,0.0,0.000280939566437155,0.0,0.0,0.0,0.0,0.0,0.0,0.0,0.0,0.0,0.0,0.0,0.0,0.0,0.0,0.0,0.0,0.0,0.0,0.0,0.0,0.0,0.0,0.0,0.0,0.0,0.0,0.0,0.0,0.0,0.0,0.0,0.0,0.0002895304933190346,0.0,0.0,0.0,0.0,0.0,0.0,0.0,0.0004514709289651364,0.0,0.0,0.0,0.0,0.0,0.0,0.0,0.0,0.0,0.0,0.0,0.0,0.0,0.0,0.0,0.23673413693904877,0.0,0.0,0.0,0.0,0.0,0.0,0.0,0.0,0.0,0.0,0.0,0.0,0.0,0.0,0.006112119648605585,0.0,0.0,0.0,0.0,0.0,0.0,0.0,0.0,0.0,0.0,0.0,0.0,0.0,0.0009501978638581932,0.0,0.0,0.0,0.0,0.0,0.0,0.0,0.0,0.0,0.0,0.0,0.0,0.0,0.0,0.0,0.0,0.0,0.0,0.0,0.0,0.0,0.0,0.0,0.0,0.0,0.0,0.0,0.0,0.0,0.0,0.0,0.0,0.0,0.0,0.0,0.0,0.0004413347051013261,0.0014393494930118322,0.0,0.0,0.0,0.0,0.0,0.0,0.0,0.0,0.0,0.0,0.0,0.0,0.0,0.0,0.0,0.0,0.0,0.0,0.0,0.0,0.0,0.0010530672734603286,0.0,0.0,0.0,0.0,0.0,0.0,0.0,0.0,0.0,0.0,0.0,0.0,0.0,0.0,0.0,0.0004487152036745101,0.0,0.0,0.0,0.0,0.0,0.0,0.0,0.0,0.0,0.0,0.0,0.0,0.0,0.0,0.0,0.0,0.0,0.0,0.0,0.0,0.0,0.0,0.0,0.002649371512234211,0.0,0.0,0.0,0.0,0.0,0.0,0.0,1.6639629393466748e-05,0.0,0.0,0.0,0.0,0.0,0.0,0.0,0.0,0.0,0.0,0.0,0.0,0.0,0.0,0.0,0.0,0.0,0.0,0.0,0.0,0.0,0.0,0.0,0.0,0.0,0.0,0.0,0.0,0.0,0.0,0.0,0.0,0.0,0.0,0.0,0.0,0.0,0.0,0.0,0.0,0.0,0.0,0.0,0.0,0.0,0.0,0.0,0.0,0.0,0.0,0.0,0.0,0.0,0.0,0.0,0.0,0.0,0.0,0.0,0.0,0.0,0.0,0.0,0.00022665342839900404,0.0,0.0,0.0,0.0,0.0,0.0,0.0,0.0,0.0,0.0,0.0,0.0,0.0,0.0,0.0,0.0,0.0,0.0,0.0,0.0,0.0,0.0,0.0005905237630940974,0.0,0.0,0.0019058078760281205,0.0,0.0,0.0,0.0,0.0,0.0,0.0,0.0,0.0,0.0,0.0,0.0,0.0,0.0,0.0,0.0,0.0,0.0,0.0,0.0,0.0,0.0,0.0,0.0,0.0,0.0,0.0,0.0,0.0,0.0,0.0,0.0,0.0,0.0,0.0,0.0,0.0020384937524795532,0.0,0.0,0.0,0.0,0.0,0.0,0.0,0.0,0.0,0.0,0.0,0.0,0.0,0.0,0.0,0.0,0.0,0.0,0.0,0.0,0.0,0.0,0.27549755573272705,0.0,0.0,0.0,0.0,0.0,0.0,0.0,0.0,0.0009239051141776145,0.0,0.0,0.0,0.0,0.0,0.0,0.0,0.0,0.0,0.0,0.0,0.0,0.0,0.0,0.0,0.0,0.0,0.0,0.09578496962785721,0.0,0.0,0.0,0.0,0.0,0.0,0.0,0.0,0.0,0.0,0.0,0.0,0.0,0.0,0.0,0.0,0.0,0.0,0.0,0.0,0.0,0.0,0.0,0.0,0.0,0.0,0.0034059735480695963,0.0,0.0,0.0,0.0,0.0,0.0,0.0,0.0,0.0,0.0,0.0,0.0,0.0,0.0,0.0,0.0,0.0,0.0,0.0,0.0,0.0,0.0003127045347355306,0.0,0.0018471716903150082,0.0,0.0,0.0,0.0,0.0,0.0,0.0,0.0,0.0,0.0,0.0,0.0,0.0,0.0,0.0,0.0,0.0,0.0,0.0,0.0,0.0,0.0,0.0,0.0,0.0,0.0,0.0,0.00199695467017591,,,,,,,,,,,,,,,,,,,,,,,,,,,,,,,,,,,,,,,,,,,,,,,,,,,,,,,,,,,,,,,,,,,,,,,,,,,,,,,,,,,,,,,,,,,,,,,,,,,,,,,,,,,,,,,,,,,,,,,,,,,,,,,,,,,,,,,,,,,,,,,,,,,,,,,,,,,,,,,,,,,,,,,,,,,,,,,,,,,,,,,,,,,,,,,,,,,,,,,,,,,,,,,,,,,,,,,,,,,,,,,,,,,,,,,,,,,,,,,,,,,,,,,,,,,,,,,,,,,,,,,,,,,,
2019-10-25,590030.7673920437,2878.431015820436,,,,,,,,,,,33262.895981070935,38232.430026909264,1039061.7711000025,,104505.53075539586,,,,,,46831.71098055712,12451.066324645508,16892.46674095587,7007.163277708052,39002.81132692298,34230.73416584446,,,,,,,,,,,,,,,,,,,,,,,,,,,,,,,,,,,,,,,,,,,,,,,,,,,,,,,,,,,,,,,,,,,,,,,,,,,,,,,,,,,,,,,,,,,,,,,,0.0,0.0,0.0,0.0,0.0,0.0017591469222679734,0.0,0.0,0.0,0.0,0.0,0.0,0.0,0.0,0.0,0.0,0.0,0.0,0.0,0.0,0.0,0.0,0.0,0.0,0.0013064012164250016,0.0,0.0,0.0036453166976571083,0.0,0.0,0.0,0.0035564147401601076,0.0,0.0,0.0,0.0,0.0,0.0,0.0,0.0,0.0,0.35433509945869446,0.0,0.0,0.0,0.0,0.0,0.0,0.000280939566437155,0.0,0.0,0.0,0.0,0.0,0.0,0.0,0.0,0.0,0.0,0.0,0.0,0.0,0.0,0.0,0.0,0.0,0.0,0.0,0.0,0.0,0.0,0.0,0.0,0.0,0.0,0.0,0.0,0.0,0.0,0.0,0.0,0.0002895304933190346,0.0,0.0,0.0,0.0,0.0,0.0,0.0,0.0004514709289651364,0.0,0.0,0.0,0.0,0.0,0.0,0.0,0.0,0.0,0.0,0.0,0.0,0.0,0.0,0.0,0.23673413693904877,0.0,0.0,0.0,0.0,0.0,0.0,0.0,0.0,0.0,0.0,0.0,0.0,0.0,0.0,0.006112119648605585,0.0,0.0,0.0,0.0,0.0,0.0,0.0,0.0,0.0,0.0,0.0,0.0,0.0,0.0009501978638581932,0.0,0.0,0.0,0.0,0.0,0.0,0.0,0.0,0.0,0.0,0.0,0.0,0.0,0.0,0.0,0.0,0.0,0.0,0.0,0.0,0.0,0.0,0.0,0.0,0.0,0.0,0.0,0.0,0.0,0.0,0.0,0.0,0.0,0.0,0.0,0.0,0.0004413347051013261,0.0014393494930118322,0.0,0.0,0.0,0.0,0.0,0.0,0.0,0.0,0.0,0.0,0.0,0.0,0.0,0.0,0.0,0.0,0.0,0.0,0.0,0.0,0.0,0.0010530672734603286,0.0,0.0,0.0,0.0,0.0,0.0,0.0,0.0,0.0,0.0,0.0,0.0,0.0,0.0,0.0,0.0004487152036745101,0.0,0.0,0.0,0.0,0.0,0.0,0.0,0.0,0.0,0.0,0.0,0.0,0.0,0.0,0.0,0.0,0.0,0.0,0.0,0.0,0.0,0.0,0.0,0.002649371512234211,0.0,0.0,0.0,0.0,0.0,0.0,0.0,1.6639629393466748e-05,0.0,0.0,0.0,0.0,0.0,0.0,0.0,0.0,0.0,0.0,0.0,0.0,0.0,0.0,0.0,0.0,0.0,0.0,0.0,0.0,0.0,0.0,0.0,0.0,0.0,0.0,0.0,0.0,0.0,0.0,0.0,0.0,0.0,0.0,0.0,0.0,0.0,0.0,0.0,0.0,0.0,0.0,0.0,0.0,0.0,0.0,0.0,0.0,0.0,0.0,0.0,0.0,0.0,0.0,0.0,0.0,0.0,0.0,0.0,0.0,0.0,0.0,0.0,0.00022665342839900404,0.0,0.0,0.0,0.0,0.0,0.0,0.0,0.0,0.0,0.0,0.0,0.0,0.0,0.0,0.0,0.0,0.0,0.0,0.0,0.0,0.0,0.0,0.0005905237630940974,0.0,0.0,0.0019058078760281205,0.0,0.0,0.0,0.0,0.0,0.0,0.0,0.0,0.0,0.0,0.0,0.0,0.0,0.0,0.0,0.0,0.0,0.0,0.0,0.0,0.0,0.0,0.0,0.0,0.0,0.0,0.0,0.0,0.0,0.0,0.0,0.0,0.0,0.0,0.0,0.0,0.0020384937524795532,0.0,0.0,0.0,0.0,0.0,0.0,0.0,0.0,0.0,0.0,0.0,0.0,0.0,0.0,0.0,0.0,0.0,0.0,0.0,0.0,0.0,0.0,0.27549755573272705,0.0,0.0,0.0,0.0,0.0,0.0,0.0,0.0,0.0009239051141776145,0.0,0.0,0.0,0.0,0.0,0.0,0.0,0.0,0.0,0.0,0.0,0.0,0.0,0.0,0.0,0.0,0.0,0.0,0.09578496962785721,0.0,0.0,0.0,0.0,0.0,0.0,0.0,0.0,0.0,0.0,0.0,0.0,0.0,0.0,0.0,0.0,0.0,0.0,0.0,0.0,0.0,0.0,0.0,0.0,0.0,0.0,0.0034059735480695963,0.0,0.0,0.0,0.0,0.0,0.0,0.0,0.0,0.0,0.0,0.0,0.0,0.0,0.0,0.0,0.0,0.0,0.0,0.0,0.0,0.0,0.0003127045347355306,0.0,0.0018471716903150082,0.0,0.0,0.0,0.0,0.0,0.0,0.0,0.0,0.0,0.0,0.0,0.0,0.0,0.0,0.0,0.0,0.0,0.0,0.0,0.0,0.0,0.0,0.0,0.0,0.0,0.0,0.0,0.00199695467017591,,,,,,,,,,,,,,,,,,,,,,,,,,,,,,,,,,,,,,,,,,,,,,,,,,,,,,,,,,,,,,,,,,,,,,,,,,,,,,,,,,,,,,,,,,,,,,,,,,,,,,,,,,,,,,,,,,,,,,,,,,,,,,,,,,,,,,,,,,,,,,,,,,,,,,,,,,,,,,,,,,,,,,,,,,,,,,,,,,,,,,,,,,,,,,,,,,,,,,,,,,,,,,,,,,,,,,,,,,,,,,,,,,,,,,,,,,,,,,,,,,,,,,,,,,,,,,,,,,,,,,,,,,,,
2019-10-28,596924.1171714121,1037.0845269414112,,,,,,,,,,,33567.969380478426,38305.115255097306,1039061.7711000025,,108698.07126804272,,,,,,45444.787407183365,12452.623095340952,17009.965741474713,7007.298420749919,38999.2981136571,34466.11866782206,,,,,,,,,,,,,,,,,,,,,,,,,,,,,,,,,,,,,,,,,,,,,,,,,,,,,,,,,,,,,,,,,,,,,,,,,,,,,,,,,,,,,,,,,,,,,,,,0.0,0.0,0.0,0.0,0.0,0.0017591469222679734,0.0,0.0,0.0,0.0,0.0,0.0,0.0,0.0,0.0,0.0,0.0,0.0,0.0,0.0,0.0,0.0,0.0,0.0,0.0013064012164250016,0.0,0.0,0.0036453166976571083,0.0,0.0,0.0,0.0035564147401601076,0.0,0.0,0.0,0.0,0.0,0.0,0.0,0.0,0.0,0.35433509945869446,0.0,0.0,0.0,0.0,0.0,0.0,0.000280939566437155,0.0,0.0,0.0,0.0,0.0,0.0,0.0,0.0,0.0,0.0,0.0,0.0,0.0,0.0,0.0,0.0,0.0,0.0,0.0,0.0,0.0,0.0,0.0,0.0,0.0,0.0,0.0,0.0,0.0,0.0,0.0,0.0,0.0002895304933190346,0.0,0.0,0.0,0.0,0.0,0.0,0.0,0.0004514709289651364,0.0,0.0,0.0,0.0,0.0,0.0,0.0,0.0,0.0,0.0,0.0,0.0,0.0,0.0,0.0,0.23673413693904877,0.0,0.0,0.0,0.0,0.0,0.0,0.0,0.0,0.0,0.0,0.0,0.0,0.0,0.0,0.006112119648605585,0.0,0.0,0.0,0.0,0.0,0.0,0.0,0.0,0.0,0.0,0.0,0.0,0.0,0.0009501978638581932,0.0,0.0,0.0,0.0,0.0,0.0,0.0,0.0,0.0,0.0,0.0,0.0,0.0,0.0,0.0,0.0,0.0,0.0,0.0,0.0,0.0,0.0,0.0,0.0,0.0,0.0,0.0,0.0,0.0,0.0,0.0,0.0,0.0,0.0,0.0,0.0,0.0004413347051013261,0.0014393494930118322,0.0,0.0,0.0,0.0,0.0,0.0,0.0,0.0,0.0,0.0,0.0,0.0,0.0,0.0,0.0,0.0,0.0,0.0,0.0,0.0,0.0,0.0010530672734603286,0.0,0.0,0.0,0.0,0.0,0.0,0.0,0.0,0.0,0.0,0.0,0.0,0.0,0.0,0.0,0.0004487152036745101,0.0,0.0,0.0,0.0,0.0,0.0,0.0,0.0,0.0,0.0,0.0,0.0,0.0,0.0,0.0,0.0,0.0,0.0,0.0,0.0,0.0,0.0,0.0,0.002649371512234211,0.0,0.0,0.0,0.0,0.0,0.0,0.0,1.6639629393466748e-05,0.0,0.0,0.0,0.0,0.0,0.0,0.0,0.0,0.0,0.0,0.0,0.0,0.0,0.0,0.0,0.0,0.0,0.0,0.0,0.0,0.0,0.0,0.0,0.0,0.0,0.0,0.0,0.0,0.0,0.0,0.0,0.0,0.0,0.0,0.0,0.0,0.0,0.0,0.0,0.0,0.0,0.0,0.0,0.0,0.0,0.0,0.0,0.0,0.0,0.0,0.0,0.0,0.0,0.0,0.0,0.0,0.0,0.0,0.0,0.0,0.0,0.0,0.0,0.00022665342839900404,0.0,0.0,0.0,0.0,0.0,0.0,0.0,0.0,0.0,0.0,0.0,0.0,0.0,0.0,0.0,0.0,0.0,0.0,0.0,0.0,0.0,0.0,0.0005905237630940974,0.0,0.0,0.0019058078760281205,0.0,0.0,0.0,0.0,0.0,0.0,0.0,0.0,0.0,0.0,0.0,0.0,0.0,0.0,0.0,0.0,0.0,0.0,0.0,0.0,0.0,0.0,0.0,0.0,0.0,0.0,0.0,0.0,0.0,0.0,0.0,0.0,0.0,0.0,0.0,0.0,0.0020384937524795532,0.0,0.0,0.0,0.0,0.0,0.0,0.0,0.0,0.0,0.0,0.0,0.0,0.0,0.0,0.0,0.0,0.0,0.0,0.0,0.0,0.0,0.0,0.27549755573272705,0.0,0.0,0.0,0.0,0.0,0.0,0.0,0.0,0.0009239051141776145,0.0,0.0,0.0,0.0,0.0,0.0,0.0,0.0,0.0,0.0,0.0,0.0,0.0,0.0,0.0,0.0,0.0,0.0,0.09578496962785721,0.0,0.0,0.0,0.0,0.0,0.0,0.0,0.0,0.0,0.0,0.0,0.0,0.0,0.0,0.0,0.0,0.0,0.0,0.0,0.0,0.0,0.0,0.0,0.0,0.0,0.0,0.0034059735480695963,0.0,0.0,0.0,0.0,0.0,0.0,0.0,0.0,0.0,0.0,0.0,0.0,0.0,0.0,0.0,0.0,0.0,0.0,0.0,0.0,0.0,0.0003127045347355306,0.0,0.0018471716903150082,0.0,0.0,0.0,0.0,0.0,0.0,0.0,0.0,0.0,0.0,0.0,0.0,0.0,0.0,0.0,0.0,0.0,0.0,0.0,0.0,0.0,0.0,0.0,0.0,0.0,0.0,0.0,0.00199695467017591,,,,,,,,,,,,,,,,,,,,,,,,,,,,,,,,,,,,,,,,,,,,,,,,,,,,,,,,,,,,,,,,,,,,,,,,,,,,,,,,,,,,,,,,,,,,,,,,,,,,,,,,,,,,,,,,,,,,,,,,,,,,,,,,,,,,,,,,,,,,,,,,,,,,,,,,,,,,,,,,,,,,,,,,,,,,,,,,,,,,,,,,,,,,,,,,,,,,,,,,,,,,,,,,,,,,,,,,,,,,,,,,,,,,,,,,,,,,,,,,,,,,,,,,,,,,,,,,,,,,,,,,,,,,
2019-10-29,591655.321207572,1441.3719899333223,,,,,,,,,,,33771.019525953096,38377.80048328535,1039061.7711000025,,109746.74252234833,,,,,,45444.787407183365,12451.923325509977,16950.51645484232,7007.42065652585,38998.95411181953,33769.93972769237,,,,,,,,,,,,,,,,,,,,,,,,,,,,,,,,,,,,,,,,,,,,,,,,,,,,,,,,,,,,,,,,,,,,,,,,,,,,,,,,,,,,,,,,,,,,,,,,0.0,0.0,0.0,0.0,0.0,0.0017591469222679734,0.0,0.0,0.0,0.0,0.0,0.0,0.0,0.0,0.0,0.0,0.0,0.0,0.0,0.0,0.0,0.0,0.0,0.0,0.0013064012164250016,0.0,0.0,0.0036453166976571083,0.0,0.0,0.0,0.0035564147401601076,0.0,0.0,0.0,0.0,0.0,0.0,0.0,0.0,0.0,0.35433509945869446,0.0,0.0,0.0,0.0,0.0,0.0,0.000280939566437155,0.0,0.0,0.0,0.0,0.0,0.0,0.0,0.0,0.0,0.0,0.0,0.0,0.0,0.0,0.0,0.0,0.0,0.0,0.0,0.0,0.0,0.0,0.0,0.0,0.0,0.0,0.0,0.0,0.0,0.0,0.0,0.0,0.0002895304933190346,0.0,0.0,0.0,0.0,0.0,0.0,0.0,0.0004514709289651364,0.0,0.0,0.0,0.0,0.0,0.0,0.0,0.0,0.0,0.0,0.0,0.0,0.0,0.0,0.0,0.23673413693904877,0.0,0.0,0.0,0.0,0.0,0.0,0.0,0.0,0.0,0.0,0.0,0.0,0.0,0.0,0.006112119648605585,0.0,0.0,0.0,0.0,0.0,0.0,0.0,0.0,0.0,0.0,0.0,0.0,0.0,0.0009501978638581932,0.0,0.0,0.0,0.0,0.0,0.0,0.0,0.0,0.0,0.0,0.0,0.0,0.0,0.0,0.0,0.0,0.0,0.0,0.0,0.0,0.0,0.0,0.0,0.0,0.0,0.0,0.0,0.0,0.0,0.0,0.0,0.0,0.0,0.0,0.0,0.0,0.0004413347051013261,0.0014393494930118322,0.0,0.0,0.0,0.0,0.0,0.0,0.0,0.0,0.0,0.0,0.0,0.0,0.0,0.0,0.0,0.0,0.0,0.0,0.0,0.0,0.0,0.0010530672734603286,0.0,0.0,0.0,0.0,0.0,0.0,0.0,0.0,0.0,0.0,0.0,0.0,0.0,0.0,0.0,0.0004487152036745101,0.0,0.0,0.0,0.0,0.0,0.0,0.0,0.0,0.0,0.0,0.0,0.0,0.0,0.0,0.0,0.0,0.0,0.0,0.0,0.0,0.0,0.0,0.0,0.002649371512234211,0.0,0.0,0.0,0.0,0.0,0.0,0.0,1.6639629393466748e-05,0.0,0.0,0.0,0.0,0.0,0.0,0.0,0.0,0.0,0.0,0.0,0.0,0.0,0.0,0.0,0.0,0.0,0.0,0.0,0.0,0.0,0.0,0.0,0.0,0.0,0.0,0.0,0.0,0.0,0.0,0.0,0.0,0.0,0.0,0.0,0.0,0.0,0.0,0.0,0.0,0.0,0.0,0.0,0.0,0.0,0.0,0.0,0.0,0.0,0.0,0.0,0.0,0.0,0.0,0.0,0.0,0.0,0.0,0.0,0.0,0.0,0.0,0.0,0.00022665342839900404,0.0,0.0,0.0,0.0,0.0,0.0,0.0,0.0,0.0,0.0,0.0,0.0,0.0,0.0,0.0,0.0,0.0,0.0,0.0,0.0,0.0,0.0,0.0005905237630940974,0.0,0.0,0.0019058078760281205,0.0,0.0,0.0,0.0,0.0,0.0,0.0,0.0,0.0,0.0,0.0,0.0,0.0,0.0,0.0,0.0,0.0,0.0,0.0,0.0,0.0,0.0,0.0,0.0,0.0,0.0,0.0,0.0,0.0,0.0,0.0,0.0,0.0,0.0,0.0,0.0,0.0020384937524795532,0.0,0.0,0.0,0.0,0.0,0.0,0.0,0.0,0.0,0.0,0.0,0.0,0.0,0.0,0.0,0.0,0.0,0.0,0.0,0.0,0.0,0.0,0.27549755573272705,0.0,0.0,0.0,0.0,0.0,0.0,0.0,0.0,0.0009239051141776145,0.0,0.0,0.0,0.0,0.0,0.0,0.0,0.0,0.0,0.0,0.0,0.0,0.0,0.0,0.0,0.0,0.0,0.0,0.09578496962785721,0.0,0.0,0.0,0.0,0.0,0.0,0.0,0.0,0.0,0.0,0.0,0.0,0.0,0.0,0.0,0.0,0.0,0.0,0.0,0.0,0.0,0.0,0.0,0.0,0.0,0.0,0.0034059735480695963,0.0,0.0,0.0,0.0,0.0,0.0,0.0,0.0,0.0,0.0,0.0,0.0,0.0,0.0,0.0,0.0,0.0,0.0,0.0,0.0,0.0,0.0003127045347355306,0.0,0.0018471716903150082,0.0,0.0,0.0,0.0,0.0,0.0,0.0,0.0,0.0,0.0,0.0,0.0,0.0,0.0,0.0,0.0,0.0,0.0,0.0,0.0,0.0,0.0,0.0,0.0,0.0,0.0,0.0,0.00199695467017591,,,,,,,,,,,,,,,,,,,,,,,,,,,,,,,,,,,,,,,,,,,,,,,,,,,,,,,,,,,,,,,,,,,,,,,,,,,,,,,,,,,,,,,,,,,,,,,,,,,,,,,,,,,,,,,,,,,,,,,,,,,,,,,,,,,,,,,,,,,,,,,,,,,,,,,,,,,,,,,,,,,,,,,,,,,,,,,,,,,,,,,,,,,,,,,,,,,,,,,,,,,,,,,,,,,,,,,,,,,,,,,,,,,,,,,,,,,,,,,,,,,,,,,,,,,,,,,,,,,,,,,,,,,,
2019-10-30,580829.9271880133,2429.0394773997555,,,,,,,,,,,32546.692534075642,38450.71226433895,1039061.7711000025,,116733.80951416049,,,,,,45444.787407183365,12451.923325509977,16951.637904396433,6595.000291441347,38999.468093275864,34465.24194176037,,,,,,,,,,,,,,,,,,,,,,,,,,,,,,,,,,,,,,,,,,,,,,,,,,,,,,,,,,,,,,,,,,,,,,,,,,,,,,,,,,,,,,,,,,,,,,,,0.0,0.0,0.0,0.0,0.0,0.0017591469222679734,0.0,0.0,0.0,0.0,0.0,0.0,0.0,0.0,0.0,0.0,0.0,0.0,0.0,0.0,0.0,0.0,0.0,0.0,0.0013064012164250016,0.0,0.0,0.0036453166976571083,0.0,0.0,0.0,0.0035564147401601076,0.0,0.0,0.0,0.0,0.0,0.0,0.0,0.0,0.0,0.35433509945869446,0.0,0.0,0.0,0.0,0.0,0.0,0.000280939566437155,0.0,0.0,0.0,0.0,0.0,0.0,0.0,0.0,0.0,0.0,0.0,0.0,0.0,0.0,0.0,0.0,0.0,0.0,0.0,0.0,0.0,0.0,0.0,0.0,0.0,0.0,0.0,0.0,0.0,0.0,0.0,0.0,0.0002895304933190346,0.0,0.0,0.0,0.0,0.0,0.0,0.0,0.0004514709289651364,0.0,0.0,0.0,0.0,0.0,0.0,0.0,0.0,0.0,0.0,0.0,0.0,0.0,0.0,0.0,0.23673413693904877,0.0,0.0,0.0,0.0,0.0,0.0,0.0,0.0,0.0,0.0,0.0,0.0,0.0,0.0,0.006112119648605585,0.0,0.0,0.0,0.0,0.0,0.0,0.0,0.0,0.0,0.0,0.0,0.0,0.0,0.0009501978638581932,0.0,0.0,0.0,0.0,0.0,0.0,0.0,0.0,0.0,0.0,0.0,0.0,0.0,0.0,0.0,0.0,0.0,0.0,0.0,0.0,0.0,0.0,0.0,0.0,0.0,0.0,0.0,0.0,0.0,0.0,0.0,0.0,0.0,0.0,0.0,0.0,0.0004413347051013261,0.0014393494930118322,0.0,0.0,0.0,0.0,0.0,0.0,0.0,0.0,0.0,0.0,0.0,0.0,0.0,0.0,0.0,0.0,0.0,0.0,0.0,0.0,0.0,0.0010530672734603286,0.0,0.0,0.0,0.0,0.0,0.0,0.0,0.0,0.0,0.0,0.0,0.0,0.0,0.0,0.0,0.0004487152036745101,0.0,0.0,0.0,0.0,0.0,0.0,0.0,0.0,0.0,0.0,0.0,0.0,0.0,0.0,0.0,0.0,0.0,0.0,0.0,0.0,0.0,0.0,0.0,0.002649371512234211,0.0,0.0,0.0,0.0,0.0,0.0,0.0,1.6639629393466748e-05,0.0,0.0,0.0,0.0,0.0,0.0,0.0,0.0,0.0,0.0,0.0,0.0,0.0,0.0,0.0,0.0,0.0,0.0,0.0,0.0,0.0,0.0,0.0,0.0,0.0,0.0,0.0,0.0,0.0,0.0,0.0,0.0,0.0,0.0,0.0,0.0,0.0,0.0,0.0,0.0,0.0,0.0,0.0,0.0,0.0,0.0,0.0,0.0,0.0,0.0,0.0,0.0,0.0,0.0,0.0,0.0,0.0,0.0,0.0,0.0,0.0,0.0,0.0,0.00022665342839900404,0.0,0.0,0.0,0.0,0.0,0.0,0.0,0.0,0.0,0.0,0.0,0.0,0.0,0.0,0.0,0.0,0.0,0.0,0.0,0.0,0.0,0.0,0.0005905237630940974,0.0,0.0,0.0019058078760281205,0.0,0.0,0.0,0.0,0.0,0.0,0.0,0.0,0.0,0.0,0.0,0.0,0.0,0.0,0.0,0.0,0.0,0.0,0.0,0.0,0.0,0.0,0.0,0.0,0.0,0.0,0.0,0.0,0.0,0.0,0.0,0.0,0.0,0.0,0.0,0.0,0.0020384937524795532,0.0,0.0,0.0,0.0,0.0,0.0,0.0,0.0,0.0,0.0,0.0,0.0,0.0,0.0,0.0,0.0,0.0,0.0,0.0,0.0,0.0,0.0,0.27549755573272705,0.0,0.0,0.0,0.0,0.0,0.0,0.0,0.0,0.0009239051141776145,0.0,0.0,0.0,0.0,0.0,0.0,0.0,0.0,0.0,0.0,0.0,0.0,0.0,0.0,0.0,0.0,0.0,0.0,0.09578496962785721,0.0,0.0,0.0,0.0,0.0,0.0,0.0,0.0,0.0,0.0,0.0,0.0,0.0,0.0,0.0,0.0,0.0,0.0,0.0,0.0,0.0,0.0,0.0,0.0,0.0,0.0,0.0034059735480695963,0.0,0.0,0.0,0.0,0.0,0.0,0.0,0.0,0.0,0.0,0.0,0.0,0.0,0.0,0.0,0.0,0.0,0.0,0.0,0.0,0.0,0.0003127045347355306,0.0,0.0018471716903150082,0.0,0.0,0.0,0.0,0.0,0.0,0.0,0.0,0.0,0.0,0.0,0.0,0.0,0.0,0.0,0.0,0.0,0.0,0.0,0.0,0.0,0.0,0.0,0.0,0.0,0.0,0.0,0.00199695467017591,,,,,,,,,,,,,,,,,,,,,,,,,,,,,,,,,,,,,,,,,,,,,,,,,,,,,,,,,,,,,,,,,,,,,,,,,,,,,,,,,,,,,,,,,,,,,,,,,,,,,,,,,,,,,,,,,,,,,,,,,,,,,,,,,,,,,,,,,,,,,,,,,,,,,,,,,,,,,,,,,,,,,,,,,,,,,,,,,,,,,,,,,,,,,,,,,,,,,,,,,,,,,,,,,,,,,,,,,,,,,,,,,,,,,,,,,,,,,,,,,,,,,,,,,,,,,,,,,,,,,,,,,,,,
2019-10-31,571219.353686801,245.11026802502545,,,,,,,,,,,32291.62441076784,38814.74256333703,1039061.7711000025,,118493.0130810583,,,,,,46680.856758398775,12451.923325509977,16892.873552209654,6595.132751896679,38997.825019026255,34464.111054777044,,,,,,,,,,,,,,,,,,,,,,,,,,,,,,,,,,,,,,,,,,,,,,,,,,,,,,,,,,,,,,,,,,,,,,,,,,,,,,,,,,,,,,,,,,,,,,,,0.0,0.0,0.0,0.0,0.0,0.0017591469222679734,0.0,0.0,0.0,0.0,0.0,0.0,0.0,0.0,0.0,0.0,0.0,0.0,0.0,0.0,0.0,0.0,0.0,0.0,0.0013064012164250016,0.0,0.0,0.0036453166976571083,0.0,0.0,0.0,0.0035564147401601076,0.0,0.0,0.0,0.0,0.0,0.0,0.0,0.0,0.0,0.35433509945869446,0.0,0.0,0.0,0.0,0.0,0.0,0.000280939566437155,0.0,0.0,0.0,0.0,0.0,0.0,0.0,0.0,0.0,0.0,0.0,0.0,0.0,0.0,0.0,0.0,0.0,0.0,0.0,0.0,0.0,0.0,0.0,0.0,0.0,0.0,0.0,0.0,0.0,0.0,0.0,0.0,0.0002895304933190346,0.0,0.0,0.0,0.0,0.0,0.0,0.0,0.0004514709289651364,0.0,0.0,0.0,0.0,0.0,0.0,0.0,0.0,0.0,0.0,0.0,0.0,0.0,0.0,0.0,0.23673413693904877,0.0,0.0,0.0,0.0,0.0,0.0,0.0,0.0,0.0,0.0,0.0,0.0,0.0,0.0,0.006112119648605585,0.0,0.0,0.0,0.0,0.0,0.0,0.0,0.0,0.0,0.0,0.0,0.0,0.0,0.0009501978638581932,0.0,0.0,0.0,0.0,0.0,0.0,0.0,0.0,0.0,0.0,0.0,0.0,0.0,0.0,0.0,0.0,0.0,0.0,0.0,0.0,0.0,0.0,0.0,0.0,0.0,0.0,0.0,0.0,0.0,0.0,0.0,0.0,0.0,0.0,0.0,0.0,0.0004413347051013261,0.0014393494930118322,0.0,0.0,0.0,0.0,0.0,0.0,0.0,0.0,0.0,0.0,0.0,0.0,0.0,0.0,0.0,0.0,0.0,0.0,0.0,0.0,0.0,0.0010530672734603286,0.0,0.0,0.0,0.0,0.0,0.0,0.0,0.0,0.0,0.0,0.0,0.0,0.0,0.0,0.0,0.0004487152036745101,0.0,0.0,0.0,0.0,0.0,0.0,0.0,0.0,0.0,0.0,0.0,0.0,0.0,0.0,0.0,0.0,0.0,0.0,0.0,0.0,0.0,0.0,0.0,0.002649371512234211,0.0,0.0,0.0,0.0,0.0,0.0,0.0,1.6639629393466748e-05,0.0,0.0,0.0,0.0,0.0,0.0,0.0,0.0,0.0,0.0,0.0,0.0,0.0,0.0,0.0,0.0,0.0,0.0,0.0,0.0,0.0,0.0,0.0,0.0,0.0,0.0,0.0,0.0,0.0,0.0,0.0,0.0,0.0,0.0,0.0,0.0,0.0,0.0,0.0,0.0,0.0,0.0,0.0,0.0,0.0,0.0,0.0,0.0,0.0,0.0,0.0,0.0,0.0,0.0,0.0,0.0,0.0,0.0,0.0,0.0,0.0,0.0,0.0,0.00022665342839900404,0.0,0.0,0.0,0.0,0.0,0.0,0.0,0.0,0.0,0.0,0.0,0.0,0.0,0.0,0.0,0.0,0.0,0.0,0.0,0.0,0.0,0.0,0.0005905237630940974,0.0,0.0,0.0019058078760281205,0.0,0.0,0.0,0.0,0.0,0.0,0.0,0.0,0.0,0.0,0.0,0.0,0.0,0.0,0.0,0.0,0.0,0.0,0.0,0.0,0.0,0.0,0.0,0.0,0.0,0.0,0.0,0.0,0.0,0.0,0.0,0.0,0.0,0.0,0.0,0.0,0.0020384937524795532,0.0,0.0,0.0,0.0,0.0,0.0,0.0,0.0,0.0,0.0,0.0,0.0,0.0,0.0,0.0,0.0,0.0,0.0,0.0,0.0,0.0,0.0,0.27549755573272705,0.0,0.0,0.0,0.0,0.0,0.0,0.0,0.0,0.0009239051141776145,0.0,0.0,0.0,0.0,0.0,0.0,0.0,0.0,0.0,0.0,0.0,0.0,0.0,0.0,0.0,0.0,0.0,0.0,0.09578496962785721,0.0,0.0,0.0,0.0,0.0,0.0,0.0,0.0,0.0,0.0,0.0,0.0,0.0,0.0,0.0,0.0,0.0,0.0,0.0,0.0,0.0,0.0,0.0,0.0,0.0,0.0,0.0034059735480695963,0.0,0.0,0.0,0.0,0.0,0.0,0.0,0.0,0.0,0.0,0.0,0.0,0.0,0.0,0.0,0.0,0.0,0.0,0.0,0.0,0.0,0.0003127045347355306,0.0,0.0018471716903150082,0.0,0.0,0.0,0.0,0.0,0.0,0.0,0.0,0.0,0.0,0.0,0.0,0.0,0.0,0.0,0.0,0.0,0.0,0.0,0.0,0.0,0.0,0.0,0.0,0.0,0.0,0.0,0.00199695467017591,,,,,,,,,,,,,,,,,,,,,,,,,,,,,,,,,,,,,,,,,,,,,,,,,,,,,,,,,,,,,,,,,,,,,,,,,,,,,,,,,,,,,,,,,,,,,,,,,,,,,,,,,,,,,,,,,,,,,,,,,,,,,,,,,,,,,,,,,,,,,,,,,,,,,,,,,,,,,,,,,,,,,,,,,,,,,,,,,,,,,,,,,,,,,,,,,,,,,,,,,,,,,,,,,,,,,,,,,,,,,,,,,,,,,,,,,,,,,,,,,,,,,,,,,,,,,,,,,,,,,,,,,,,,
2019-11-01,576576.6387273718,170.18732375264398,,,,,,,,,,,31778.75359077347,38522.43660726571,1039061.7711000025,,120938.69405415354,,,,,,46955.53883644664,12451.923325509977,16776.66103501905,6595.016089197849,39002.98538504912,34695.4051240913,,,,,,,,,,,,,,,,,,,,,,,,,,,,,,,,,,,,,,,,,,,,,,,,,,,,,,,,,,,,,,,,,,,,,,,,,,,,,,,,,,,,,,,,,,,,,,,,0.0,0.0,0.0,0.0,0.0,0.0017591469222679734,0.0,0.0,0.0,0.0,0.0,0.0,0.0,0.0,0.0,0.0,0.0,0.0,0.0,0.0,0.0,0.0,0.0,0.0,0.0013064012164250016,0.0,0.0,0.0036453166976571083,0.0,0.0,0.0,0.0035564147401601076,0.0,0.0,0.0,0.0,0.0,0.0,0.0,0.0,0.0,0.35433509945869446,0.0,0.0,0.0,0.0,0.0,0.0,0.000280939566437155,0.0,0.0,0.0,0.0,0.0,0.0,0.0,0.0,0.0,0.0,0.0,0.0,0.0,0.0,0.0,0.0,0.0,0.0,0.0,0.0,0.0,0.0,0.0,0.0,0.0,0.0,0.0,0.0,0.0,0.0,0.0,0.0,0.0002895304933190346,0.0,0.0,0.0,0.0,0.0,0.0,0.0,0.0004514709289651364,0.0,0.0,0.0,0.0,0.0,0.0,0.0,0.0,0.0,0.0,0.0,0.0,0.0,0.0,0.0,0.23673413693904877,0.0,0.0,0.0,0.0,0.0,0.0,0.0,0.0,0.0,0.0,0.0,0.0,0.0,0.0,0.006112119648605585,0.0,0.0,0.0,0.0,0.0,0.0,0.0,0.0,0.0,0.0,0.0,0.0,0.0,0.0009501978638581932,0.0,0.0,0.0,0.0,0.0,0.0,0.0,0.0,0.0,0.0,0.0,0.0,0.0,0.0,0.0,0.0,0.0,0.0,0.0,0.0,0.0,0.0,0.0,0.0,0.0,0.0,0.0,0.0,0.0,0.0,0.0,0.0,0.0,0.0,0.0,0.0,0.0004413347051013261,0.0014393494930118322,0.0,0.0,0.0,0.0,0.0,0.0,0.0,0.0,0.0,0.0,0.0,0.0,0.0,0.0,0.0,0.0,0.0,0.0,0.0,0.0,0.0,0.0010530672734603286,0.0,0.0,0.0,0.0,0.0,0.0,0.0,0.0,0.0,0.0,0.0,0.0,0.0,0.0,0.0,0.0004487152036745101,0.0,0.0,0.0,0.0,0.0,0.0,0.0,0.0,0.0,0.0,0.0,0.0,0.0,0.0,0.0,0.0,0.0,0.0,0.0,0.0,0.0,0.0,0.0,0.002649371512234211,0.0,0.0,0.0,0.0,0.0,0.0,0.0,1.6639629393466748e-05,0.0,0.0,0.0,0.0,0.0,0.0,0.0,0.0,0.0,0.0,0.0,0.0,0.0,0.0,0.0,0.0,0.0,0.0,0.0,0.0,0.0,0.0,0.0,0.0,0.0,0.0,0.0,0.0,0.0,0.0,0.0,0.0,0.0,0.0,0.0,0.0,0.0,0.0,0.0,0.0,0.0,0.0,0.0,0.0,0.0,0.0,0.0,0.0,0.0,0.0,0.0,0.0,0.0,0.0,0.0,0.0,0.0,0.0,0.0,0.0,0.0,0.0,0.0,0.00022665342839900404,0.0,0.0,0.0,0.0,0.0,0.0,0.0,0.0,0.0,0.0,0.0,0.0,0.0,0.0,0.0,0.0,0.0,0.0,0.0,0.0,0.0,0.0,0.0005905237630940974,0.0,0.0,0.0019058078760281205,0.0,0.0,0.0,0.0,0.0,0.0,0.0,0.0,0.0,0.0,0.0,0.0,0.0,0.0,0.0,0.0,0.0,0.0,0.0,0.0,0.0,0.0,0.0,0.0,0.0,0.0,0.0,0.0,0.0,0.0,0.0,0.0,0.0,0.0,0.0,0.0,0.0020384937524795532,0.0,0.0,0.0,0.0,0.0,0.0,0.0,0.0,0.0,0.0,0.0,0.0,0.0,0.0,0.0,0.0,0.0,0.0,0.0,0.0,0.0,0.0,0.27549755573272705,0.0,0.0,0.0,0.0,0.0,0.0,0.0,0.0,0.0009239051141776145,0.0,0.0,0.0,0.0,0.0,0.0,0.0,0.0,0.0,0.0,0.0,0.0,0.0,0.0,0.0,0.0,0.0,0.0,0.09578496962785721,0.0,0.0,0.0,0.0,0.0,0.0,0.0,0.0,0.0,0.0,0.0,0.0,0.0,0.0,0.0,0.0,0.0,0.0,0.0,0.0,0.0,0.0,0.0,0.0,0.0,0.0,0.0034059735480695963,0.0,0.0,0.0,0.0,0.0,0.0,0.0,0.0,0.0,0.0,0.0,0.0,0.0,0.0,0.0,0.0,0.0,0.0,0.0,0.0,0.0,0.0003127045347355306,0.0,0.0018471716903150082,0.0,0.0,0.0,0.0,0.0,0.0,0.0,0.0,0.0,0.0,0.0,0.0,0.0,0.0,0.0,0.0,0.0,0.0,0.0,0.0,0.0,0.0,0.0,0.0,0.0,0.0,0.0,0.00199695467017591,,,,,,,,,,,,,,,,,,,,,,,,,,,,,,,,,,,,,,,,,,,,,,,,,,,,,,,,,,,,,,,,,,,,,,,,,,,,,,,,,,,,,,,,,,,,,,,,,,,,,,,,,,,,,,,,,,,,,,,,,,,,,,,,,,,,,,,,,,,,,,,,,,,,,,,,,,,,,,,,,,,,,,,,,,,,,,,,,,,,,,,,,,,,,,,,,,,,,,,,,,,,,,,,,,,,,,,,,,,,,,,,,,,,,,,,,,,,,,,,,,,,,,,,,,,,,,,,,,,,,,,,,,,,
2019-11-04,577002.6284314281,1765.3607840665245,,,,,,,,,,,30949.900809258128,38522.43660726571,1039061.7711000025,,124781.90701187462,,,,,,46955.53883644664,12451.923325509977,16081.746086014797,6594.8479887479825,39002.357973515194,35154.784164653414,,,,,,,,,,,,,,,,,,,,,,,,,,,,,,,,,,,,,,,,,,,,,,,,,,,,,,,,,,,,,,,,,,,,,,,,,,,,,,,,,,,,,,,,,,,,,,,,0.0,0.0,0.0,0.0,0.0,0.0017591469222679734,0.0,0.0,0.0,0.0,0.0,0.0,0.0,0.0,0.0,0.0,0.0,0.0,0.0,0.0,0.0,0.0,0.0,0.0,0.0013064012164250016,0.0,0.0,0.0036453166976571083,0.0,0.0,0.0,0.0035564147401601076,0.0,0.0,0.0,0.0,0.0,0.0,0.0,0.0,0.0,0.35433509945869446,0.0,0.0,0.0,0.0,0.0,0.0,0.000280939566437155,0.0,0.0,0.0,0.0,0.0,0.0,0.0,0.0,0.0,0.0,0.0,0.0,0.0,0.0,0.0,0.0,0.0,0.0,0.0,0.0,0.0,0.0,0.0,0.0,0.0,0.0,0.0,0.0,0.0,0.0,0.0,0.0,0.0002895304933190346,0.0,0.0,0.0,0.0,0.0,0.0,0.0,0.0004514709289651364,0.0,0.0,0.0,0.0,0.0,0.0,0.0,0.0,0.0,0.0,0.0,0.0,0.0,0.0,0.0,0.23673413693904877,0.0,0.0,0.0,0.0,0.0,0.0,0.0,0.0,0.0,0.0,0.0,0.0,0.0,0.0,0.006112119648605585,0.0,0.0,0.0,0.0,0.0,0.0,0.0,0.0,0.0,0.0,0.0,0.0,0.0,0.0009501978638581932,0.0,0.0,0.0,0.0,0.0,0.0,0.0,0.0,0.0,0.0,0.0,0.0,0.0,0.0,0.0,0.0,0.0,0.0,0.0,0.0,0.0,0.0,0.0,0.0,0.0,0.0,0.0,0.0,0.0,0.0,0.0,0.0,0.0,0.0,0.0,0.0,0.0004413347051013261,0.0014393494930118322,0.0,0.0,0.0,0.0,0.0,0.0,0.0,0.0,0.0,0.0,0.0,0.0,0.0,0.0,0.0,0.0,0.0,0.0,0.0,0.0,0.0,0.0010530672734603286,0.0,0.0,0.0,0.0,0.0,0.0,0.0,0.0,0.0,0.0,0.0,0.0,0.0,0.0,0.0,0.0004487152036745101,0.0,0.0,0.0,0.0,0.0,0.0,0.0,0.0,0.0,0.0,0.0,0.0,0.0,0.0,0.0,0.0,0.0,0.0,0.0,0.0,0.0,0.0,0.0,0.002649371512234211,0.0,0.0,0.0,0.0,0.0,0.0,0.0,1.6639629393466748e-05,0.0,0.0,0.0,0.0,0.0,0.0,0.0,0.0,0.0,0.0,0.0,0.0,0.0,0.0,0.0,0.0,0.0,0.0,0.0,0.0,0.0,0.0,0.0,0.0,0.0,0.0,0.0,0.0,0.0,0.0,0.0,0.0,0.0,0.0,0.0,0.0,0.0,0.0,0.0,0.0,0.0,0.0,0.0,0.0,0.0,0.0,0.0,0.0,0.0,0.0,0.0,0.0,0.0,0.0,0.0,0.0,0.0,0.0,0.0,0.0,0.0,0.0,0.0,0.00022665342839900404,0.0,0.0,0.0,0.0,0.0,0.0,0.0,0.0,0.0,0.0,0.0,0.0,0.0,0.0,0.0,0.0,0.0,0.0,0.0,0.0,0.0,0.0,0.0005905237630940974,0.0,0.0,0.0019058078760281205,0.0,0.0,0.0,0.0,0.0,0.0,0.0,0.0,0.0,0.0,0.0,0.0,0.0,0.0,0.0,0.0,0.0,0.0,0.0,0.0,0.0,0.0,0.0,0.0,0.0,0.0,0.0,0.0,0.0,0.0,0.0,0.0,0.0,0.0,0.0,0.0,0.0020384937524795532,0.0,0.0,0.0,0.0,0.0,0.0,0.0,0.0,0.0,0.0,0.0,0.0,0.0,0.0,0.0,0.0,0.0,0.0,0.0,0.0,0.0,0.0,0.27549755573272705,0.0,0.0,0.0,0.0,0.0,0.0,0.0,0.0,0.0009239051141776145,0.0,0.0,0.0,0.0,0.0,0.0,0.0,0.0,0.0,0.0,0.0,0.0,0.0,0.0,0.0,0.0,0.0,0.0,0.09578496962785721,0.0,0.0,0.0,0.0,0.0,0.0,0.0,0.0,0.0,0.0,0.0,0.0,0.0,0.0,0.0,0.0,0.0,0.0,0.0,0.0,0.0,0.0,0.0,0.0,0.0,0.0,0.0034059735480695963,0.0,0.0,0.0,0.0,0.0,0.0,0.0,0.0,0.0,0.0,0.0,0.0,0.0,0.0,0.0,0.0,0.0,0.0,0.0,0.0,0.0,0.0003127045347355306,0.0,0.0018471716903150082,0.0,0.0,0.0,0.0,0.0,0.0,0.0,0.0,0.0,0.0,0.0,0.0,0.0,0.0,0.0,0.0,0.0,0.0,0.0,0.0,0.0,0.0,0.0,0.0,0.0,0.0,0.0,0.00199695467017591,,,,,,,,,,,,,,,,,,,,,,,,,,,,,,,,,,,,,,,,,,,,,,,,,,,,,,,,,,,,,,,,,,,,,,,,,,,,,,,,,,,,,,,,,,,,,,,,,,,,,,,,,,,,,,,,,,,,,,,,,,,,,,,,,,,,,,,,,,,,,,,,,,,,,,,,,,,,,,,,,,,,,,,,,,,,,,,,,,,,,,,,,,,,,,,,,,,,,,,,,,,,,,,,,,,,,,,,,,,,,,,,,,,,,,,,,,,,,,,,,,,,,,,,,,,,,,,,,,,,,,,,,,,,
2019-11-05,578795.2215538444,103.77669489279755,,,,,,,,,,,30707.559649511444,39031.223505852235,1039061.7711000025,,127819.34313076216,,,,,,46955.53883644664,12451.923325509977,16081.746086014797,6594.8479887479825,39000.378723607835,35154.784164653414,,,,,,,,,,,,,,,,,,,,,,,,,,,,,,,,,,,,,,,,,,,,,,,,,,,,,,,,,,,,,,,,,,,,,,,,,,,,,,,,,,,,,,,,,,,,,,,,0.0,0.0,0.0,0.0,0.0,0.0017591469222679734,0.0,0.0,0.0,0.0,0.0,0.0,0.0,0.0,0.0,0.0,0.0,0.0,0.0,0.0,0.0,0.0,0.0,0.0,0.0013064012164250016,0.0,0.0,0.0036453166976571083,0.0,0.0,0.0,0.0035564147401601076,0.0,0.0,0.0,0.0,0.0,0.0,0.0,0.0,0.0,0.35433509945869446,0.0,0.0,0.0,0.0,0.0,0.0,0.000280939566437155,0.0,0.0,0.0,0.0,0.0,0.0,0.0,0.0,0.0,0.0,0.0,0.0,0.0,0.0,0.0,0.0,0.0,0.0,0.0,0.0,0.0,0.0,0.0,0.0,0.0,0.0,0.0,0.0,0.0,0.0,0.0,0.0,0.0002895304933190346,0.0,0.0,0.0,0.0,0.0,0.0,0.0,0.0004514709289651364,0.0,0.0,0.0,0.0,0.0,0.0,0.0,0.0,0.0,0.0,0.0,0.0,0.0,0.0,0.0,0.23673413693904877,0.0,0.0,0.0,0.0,0.0,0.0,0.0,0.0,0.0,0.0,0.0,0.0,0.0,0.0,0.006112119648605585,0.0,0.0,0.0,0.0,0.0,0.0,0.0,0.0,0.0,0.0,0.0,0.0,0.0,0.0009501978638581932,0.0,0.0,0.0,0.0,0.0,0.0,0.0,0.0,0.0,0.0,0.0,0.0,0.0,0.0,0.0,0.0,0.0,0.0,0.0,0.0,0.0,0.0,0.0,0.0,0.0,0.0,0.0,0.0,0.0,0.0,0.0,0.0,0.0,0.0,0.0,0.0,0.0004413347051013261,0.0014393494930118322,0.0,0.0,0.0,0.0,0.0,0.0,0.0,0.0,0.0,0.0,0.0,0.0,0.0,0.0,0.0,0.0,0.0,0.0,0.0,0.0,0.0,0.0010530672734603286,0.0,0.0,0.0,0.0,0.0,0.0,0.0,0.0,0.0,0.0,0.0,0.0,0.0,0.0,0.0,0.0004487152036745101,0.0,0.0,0.0,0.0,0.0,0.0,0.0,0.0,0.0,0.0,0.0,0.0,0.0,0.0,0.0,0.0,0.0,0.0,0.0,0.0,0.0,0.0,0.0,0.002649371512234211,0.0,0.0,0.0,0.0,0.0,0.0,0.0,1.6639629393466748e-05,0.0,0.0,0.0,0.0,0.0,0.0,0.0,0.0,0.0,0.0,0.0,0.0,0.0,0.0,0.0,0.0,0.0,0.0,0.0,0.0,0.0,0.0,0.0,0.0,0.0,0.0,0.0,0.0,0.0,0.0,0.0,0.0,0.0,0.0,0.0,0.0,0.0,0.0,0.0,0.0,0.0,0.0,0.0,0.0,0.0,0.0,0.0,0.0,0.0,0.0,0.0,0.0,0.0,0.0,0.0,0.0,0.0,0.0,0.0,0.0,0.0,0.0,0.0,0.00022665342839900404,0.0,0.0,0.0,0.0,0.0,0.0,0.0,0.0,0.0,0.0,0.0,0.0,0.0,0.0,0.0,0.0,0.0,0.0,0.0,0.0,0.0,0.0,0.0005905237630940974,0.0,0.0,0.0019058078760281205,0.0,0.0,0.0,0.0,0.0,0.0,0.0,0.0,0.0,0.0,0.0,0.0,0.0,0.0,0.0,0.0,0.0,0.0,0.0,0.0,0.0,0.0,0.0,0.0,0.0,0.0,0.0,0.0,0.0,0.0,0.0,0.0,0.0,0.0,0.0,0.0,0.0020384937524795532,0.0,0.0,0.0,0.0,0.0,0.0,0.0,0.0,0.0,0.0,0.0,0.0,0.0,0.0,0.0,0.0,0.0,0.0,0.0,0.0,0.0,0.0,0.27549755573272705,0.0,0.0,0.0,0.0,0.0,0.0,0.0,0.0,0.0009239051141776145,0.0,0.0,0.0,0.0,0.0,0.0,0.0,0.0,0.0,0.0,0.0,0.0,0.0,0.0,0.0,0.0,0.0,0.0,0.09578496962785721,0.0,0.0,0.0,0.0,0.0,0.0,0.0,0.0,0.0,0.0,0.0,0.0,0.0,0.0,0.0,0.0,0.0,0.0,0.0,0.0,0.0,0.0,0.0,0.0,0.0,0.0,0.0034059735480695963,0.0,0.0,0.0,0.0,0.0,0.0,0.0,0.0,0.0,0.0,0.0,0.0,0.0,0.0,0.0,0.0,0.0,0.0,0.0,0.0,0.0,0.0003127045347355306,0.0,0.0018471716903150082,0.0,0.0,0.0,0.0,0.0,0.0,0.0,0.0,0.0,0.0,0.0,0.0,0.0,0.0,0.0,0.0,0.0,0.0,0.0,0.0,0.0,0.0,0.0,0.0,0.0,0.0,0.0,0.00199695467017591,,,,,,,,,,,,,,,,,,,,,,,,,,,,,,,,,,,,,,,,,,,,,,,,,,,,,,,,,,,,,,,,,,,,,,,,,,,,,,,,,,,,,,,,,,,,,,,,,,,,,,,,,,,,,,,,,,,,,,,,,,,,,,,,,,,,,,,,,,,,,,,,,,,,,,,,,,,,,,,,,,,,,,,,,,,,,,,,,,,,,,,,,,,,,,,,,,,,,,,,,,,,,,,,,,,,,,,,,,,,,,,,,,,,,,,,,,,,,,,,,,,,,,,,,,,,,,,,,,,,,,,,,,,,
2019-11-06,577319.6509923716,1.805459015206707,,,,,,,,,,,30758.568884809636,39031.223505852235,1039061.7711000025,,127819.34313076216,,,,,,46955.53883644664,12451.923325509977,16081.746086014797,6595.2129598963775,39003.394225362434,35154.784164653414,,,,,,,,,,,,,,,,,,,,,,,,,,,,,,,,,,,,,,,,,,,,,,,,,,,,,,,,,,,,,,,,,,,,,,,,,,,,,,,,,,,,,,,,,,,,,,,,0.0,0.0,0.0,0.0,0.0,0.0017591469222679734,0.0,0.0,0.0,0.0,0.0,0.0,0.0,0.0,0.0,0.0,0.0,0.0,0.0,0.0,0.0,0.0,0.0,0.0,0.0013064012164250016,0.0,0.0,0.0036453166976571083,0.0,0.0,0.0,0.0035564147401601076,0.0,0.0,0.0,0.0,0.0,0.0,0.0,0.0,0.0,0.35433509945869446,0.0,0.0,0.0,0.0,0.0,0.0,0.000280939566437155,0.0,0.0,0.0,0.0,0.0,0.0,0.0,0.0,0.0,0.0,0.0,0.0,0.0,0.0,0.0,0.0,0.0,0.0,0.0,0.0,0.0,0.0,0.0,0.0,0.0,0.0,0.0,0.0,0.0,0.0,0.0,0.0,0.0002895304933190346,0.0,0.0,0.0,0.0,0.0,0.0,0.0,0.0004514709289651364,0.0,0.0,0.0,0.0,0.0,0.0,0.0,0.0,0.0,0.0,0.0,0.0,0.0,0.0,0.0,0.23673413693904877,0.0,0.0,0.0,0.0,0.0,0.0,0.0,0.0,0.0,0.0,0.0,0.0,0.0,0.0,0.006112119648605585,0.0,0.0,0.0,0.0,0.0,0.0,0.0,0.0,0.0,0.0,0.0,0.0,0.0,0.0009501978638581932,0.0,0.0,0.0,0.0,0.0,0.0,0.0,0.0,0.0,0.0,0.0,0.0,0.0,0.0,0.0,0.0,0.0,0.0,0.0,0.0,0.0,0.0,0.0,0.0,0.0,0.0,0.0,0.0,0.0,0.0,0.0,0.0,0.0,0.0,0.0,0.0,0.0004413347051013261,0.0014393494930118322,0.0,0.0,0.0,0.0,0.0,0.0,0.0,0.0,0.0,0.0,0.0,0.0,0.0,0.0,0.0,0.0,0.0,0.0,0.0,0.0,0.0,0.0010530672734603286,0.0,0.0,0.0,0.0,0.0,0.0,0.0,0.0,0.0,0.0,0.0,0.0,0.0,0.0,0.0,0.0004487152036745101,0.0,0.0,0.0,0.0,0.0,0.0,0.0,0.0,0.0,0.0,0.0,0.0,0.0,0.0,0.0,0.0,0.0,0.0,0.0,0.0,0.0,0.0,0.0,0.002649371512234211,0.0,0.0,0.0,0.0,0.0,0.0,0.0,1.6639629393466748e-05,0.0,0.0,0.0,0.0,0.0,0.0,0.0,0.0,0.0,0.0,0.0,0.0,0.0,0.0,0.0,0.0,0.0,0.0,0.0,0.0,0.0,0.0,0.0,0.0,0.0,0.0,0.0,0.0,0.0,0.0,0.0,0.0,0.0,0.0,0.0,0.0,0.0,0.0,0.0,0.0,0.0,0.0,0.0,0.0,0.0,0.0,0.0,0.0,0.0,0.0,0.0,0.0,0.0,0.0,0.0,0.0,0.0,0.0,0.0,0.0,0.0,0.0,0.0,0.00022665342839900404,0.0,0.0,0.0,0.0,0.0,0.0,0.0,0.0,0.0,0.0,0.0,0.0,0.0,0.0,0.0,0.0,0.0,0.0,0.0,0.0,0.0,0.0,0.0005905237630940974,0.0,0.0,0.0019058078760281205,0.0,0.0,0.0,0.0,0.0,0.0,0.0,0.0,0.0,0.0,0.0,0.0,0.0,0.0,0.0,0.0,0.0,0.0,0.0,0.0,0.0,0.0,0.0,0.0,0.0,0.0,0.0,0.0,0.0,0.0,0.0,0.0,0.0,0.0,0.0,0.0,0.0020384937524795532,0.0,0.0,0.0,0.0,0.0,0.0,0.0,0.0,0.0,0.0,0.0,0.0,0.0,0.0,0.0,0.0,0.0,0.0,0.0,0.0,0.0,0.0,0.27549755573272705,0.0,0.0,0.0,0.0,0.0,0.0,0.0,0.0,0.0009239051141776145,0.0,0.0,0.0,0.0,0.0,0.0,0.0,0.0,0.0,0.0,0.0,0.0,0.0,0.0,0.0,0.0,0.0,0.0,0.09578496962785721,0.0,0.0,0.0,0.0,0.0,0.0,0.0,0.0,0.0,0.0,0.0,0.0,0.0,0.0,0.0,0.0,0.0,0.0,0.0,0.0,0.0,0.0,0.0,0.0,0.0,0.0,0.0034059735480695963,0.0,0.0,0.0,0.0,0.0,0.0,0.0,0.0,0.0,0.0,0.0,0.0,0.0,0.0,0.0,0.0,0.0,0.0,0.0,0.0,0.0,0.0003127045347355306,0.0,0.0018471716903150082,0.0,0.0,0.0,0.0,0.0,0.0,0.0,0.0,0.0,0.0,0.0,0.0,0.0,0.0,0.0,0.0,0.0,0.0,0.0,0.0,0.0,0.0,0.0,0.0,0.0,0.0,0.0,0.00199695467017591,,,,,,,,,,,,,,,,,,,,,,,,,,,,,,,,,,,,,,,,,,,,,,,,,,,,,,,,,,,,,,,,,,,,,,,,,,,,,,,,,,,,,,,,,,,,,,,,,,,,,,,,,,,,,,,,,,,,,,,,,,,,,,,,,,,,,,,,,,,,,,,,,,,,,,,,,,,,,,,,,,,,,,,,,,,,,,,,,,,,,,,,,,,,,,,,,,,,,,,,,,,,,,,,,,,,,,,,,,,,,,,,,,,,,,,,,,,,,,,,,,,,,,,,,,,,,,,,,,,,,,,,,,,,
2019-11-07,573693.7708037137,121.16359193161085,,,,,,,,,,,30758.568884809636,39395.6257982452,1039061.7711000025,,124708.87536818684,,,,,,45859.285695111976,12749.072440051532,16313.944941560581,6595.295600482052,39001.40272762049,35154.784164653414,,,,,,,,,,,,,,,,,,,,,,,,,,,,,,,,,,,,,,,,,,,,,,,,,,,,,,,,,,,,,,,,,,,,,,,,,,,,,,,,,,,,,,,,,,,,,,,,0.0,0.0,0.0,0.0,0.0,0.0017591469222679734,0.0,0.0,0.0,0.0,0.0,0.0,0.0,0.0,0.0,0.0,0.0,0.0,0.0,0.0,0.0,0.0,0.0,0.0,0.0013064012164250016,0.0,0.0,0.0036453166976571083,0.0,0.0,0.0,0.0035564147401601076,0.0,0.0,0.0,0.0,0.0,0.0,0.0,0.0,0.0,0.35433509945869446,0.0,0.0,0.0,0.0,0.0,0.0,0.000280939566437155,0.0,0.0,0.0,0.0,0.0,0.0,0.0,0.0,0.0,0.0,0.0,0.0,0.0,0.0,0.0,0.0,0.0,0.0,0.0,0.0,0.0,0.0,0.0,0.0,0.0,0.0,0.0,0.0,0.0,0.0,0.0,0.0,0.0002895304933190346,0.0,0.0,0.0,0.0,0.0,0.0,0.0,0.0004514709289651364,0.0,0.0,0.0,0.0,0.0,0.0,0.0,0.0,0.0,0.0,0.0,0.0,0.0,0.0,0.0,0.23673413693904877,0.0,0.0,0.0,0.0,0.0,0.0,0.0,0.0,0.0,0.0,0.0,0.0,0.0,0.0,0.006112119648605585,0.0,0.0,0.0,0.0,0.0,0.0,0.0,0.0,0.0,0.0,0.0,0.0,0.0,0.0009501978638581932,0.0,0.0,0.0,0.0,0.0,0.0,0.0,0.0,0.0,0.0,0.0,0.0,0.0,0.0,0.0,0.0,0.0,0.0,0.0,0.0,0.0,0.0,0.0,0.0,0.0,0.0,0.0,0.0,0.0,0.0,0.0,0.0,0.0,0.0,0.0,0.0,0.0004413347051013261,0.0014393494930118322,0.0,0.0,0.0,0.0,0.0,0.0,0.0,0.0,0.0,0.0,0.0,0.0,0.0,0.0,0.0,0.0,0.0,0.0,0.0,0.0,0.0,0.0010530672734603286,0.0,0.0,0.0,0.0,0.0,0.0,0.0,0.0,0.0,0.0,0.0,0.0,0.0,0.0,0.0,0.0004487152036745101,0.0,0.0,0.0,0.0,0.0,0.0,0.0,0.0,0.0,0.0,0.0,0.0,0.0,0.0,0.0,0.0,0.0,0.0,0.0,0.0,0.0,0.0,0.0,0.002649371512234211,0.0,0.0,0.0,0.0,0.0,0.0,0.0,1.6639629393466748e-05,0.0,0.0,0.0,0.0,0.0,0.0,0.0,0.0,0.0,0.0,0.0,0.0,0.0,0.0,0.0,0.0,0.0,0.0,0.0,0.0,0.0,0.0,0.0,0.0,0.0,0.0,0.0,0.0,0.0,0.0,0.0,0.0,0.0,0.0,0.0,0.0,0.0,0.0,0.0,0.0,0.0,0.0,0.0,0.0,0.0,0.0,0.0,0.0,0.0,0.0,0.0,0.0,0.0,0.0,0.0,0.0,0.0,0.0,0.0,0.0,0.0,0.0,0.0,0.00022665342839900404,0.0,0.0,0.0,0.0,0.0,0.0,0.0,0.0,0.0,0.0,0.0,0.0,0.0,0.0,0.0,0.0,0.0,0.0,0.0,0.0,0.0,0.0,0.0005905237630940974,0.0,0.0,0.0019058078760281205,0.0,0.0,0.0,0.0,0.0,0.0,0.0,0.0,0.0,0.0,0.0,0.0,0.0,0.0,0.0,0.0,0.0,0.0,0.0,0.0,0.0,0.0,0.0,0.0,0.0,0.0,0.0,0.0,0.0,0.0,0.0,0.0,0.0,0.0,0.0,0.0,0.0020384937524795532,0.0,0.0,0.0,0.0,0.0,0.0,0.0,0.0,0.0,0.0,0.0,0.0,0.0,0.0,0.0,0.0,0.0,0.0,0.0,0.0,0.0,0.0,0.27549755573272705,0.0,0.0,0.0,0.0,0.0,0.0,0.0,0.0,0.0009239051141776145,0.0,0.0,0.0,0.0,0.0,0.0,0.0,0.0,0.0,0.0,0.0,0.0,0.0,0.0,0.0,0.0,0.0,0.0,0.09578496962785721,0.0,0.0,0.0,0.0,0.0,0.0,0.0,0.0,0.0,0.0,0.0,0.0,0.0,0.0,0.0,0.0,0.0,0.0,0.0,0.0,0.0,0.0,0.0,0.0,0.0,0.0,0.0034059735480695963,0.0,0.0,0.0,0.0,0.0,0.0,0.0,0.0,0.0,0.0,0.0,0.0,0.0,0.0,0.0,0.0,0.0,0.0,0.0,0.0,0.0,0.0003127045347355306,0.0,0.0018471716903150082,0.0,0.0,0.0,0.0,0.0,0.0,0.0,0.0,0.0,0.0,0.0,0.0,0.0,0.0,0.0,0.0,0.0,0.0,0.0,0.0,0.0,0.0,0.0,0.0,0.0,0.0,0.0,0.00199695467017591,,,,,,,,,,,,,,,,,,,,,,,,,,,,,,,,,,,,,,,,,,,,,,,,,,,,,,,,,,,,,,,,,,,,,,,,,,,,,,,,,,,,,,,,,,,,,,,,,,,,,,,,,,,,,,,,,,,,,,,,,,,,,,,,,,,,,,,,,,,,,,,,,,,,,,,,,,,,,,,,,,,,,,,,,,,,,,,,,,,,,,,,,,,,,,,,,,,,,,,,,,,,,,,,,,,,,,,,,,,,,,,,,,,,,,,,,,,,,,,,,,,,,,,,,,,,,,,,,,,,,,,,,,,,
2019-11-08,570561.7165796657,210.98924844633575,,,,,,,,,,,30809.578120107828,38451.308644204655,1039061.7711000025,,122709.94080698502,,,,,,46699.130070865074,12747.502264853276,16428.069029864302,6595.2129598963775,38999.48832904347,35617.382666680205,,,,,,,,,,,,,,,,,,,,,,,,,,,,,,,,,,,,,,,,,,,,,,,,,,,,,,,,,,,,,,,,,,,,,,,,,,,,,,,,,,,,,,,,,,,,,,,,0.0,0.0,0.0,0.0,0.0,0.0017591469222679734,0.0,0.0,0.0,0.0,0.0,0.0,0.0,0.0,0.0,0.0,0.0,0.0,0.0,0.0,0.0,0.0,0.0,0.0,0.0013064012164250016,0.0,0.0,0.0036453166976571083,0.0,0.0,0.0,0.0035564147401601076,0.0,0.0,0.0,0.0,0.0,0.0,0.0,0.0,0.0,0.35433509945869446,0.0,0.0,0.0,0.0,0.0,0.0,0.000280939566437155,0.0,0.0,0.0,0.0,0.0,0.0,0.0,0.0,0.0,0.0,0.0,0.0,0.0,0.0,0.0,0.0,0.0,0.0,0.0,0.0,0.0,0.0,0.0,0.0,0.0,0.0,0.0,0.0,0.0,0.0,0.0,0.0,0.0002895304933190346,0.0,0.0,0.0,0.0,0.0,0.0,0.0,0.0004514709289651364,0.0,0.0,0.0,0.0,0.0,0.0,0.0,0.0,0.0,0.0,0.0,0.0,0.0,0.0,0.0,0.23673413693904877,0.0,0.0,0.0,0.0,0.0,0.0,0.0,0.0,0.0,0.0,0.0,0.0,0.0,0.0,0.006112119648605585,0.0,0.0,0.0,0.0,0.0,0.0,0.0,0.0,0.0,0.0,0.0,0.0,0.0,0.0009501978638581932,0.0,0.0,0.0,0.0,0.0,0.0,0.0,0.0,0.0,0.0,0.0,0.0,0.0,0.0,0.0,0.0,0.0,0.0,0.0,0.0,0.0,0.0,0.0,0.0,0.0,0.0,0.0,0.0,0.0,0.0,0.0,0.0,0.0,0.0,0.0,0.0,0.0004413347051013261,0.0014393494930118322,0.0,0.0,0.0,0.0,0.0,0.0,0.0,0.0,0.0,0.0,0.0,0.0,0.0,0.0,0.0,0.0,0.0,0.0,0.0,0.0,0.0,0.0010530672734603286,0.0,0.0,0.0,0.0,0.0,0.0,0.0,0.0,0.0,0.0,0.0,0.0,0.0,0.0,0.0,0.0004487152036745101,0.0,0.0,0.0,0.0,0.0,0.0,0.0,0.0,0.0,0.0,0.0,0.0,0.0,0.0,0.0,0.0,0.0,0.0,0.0,0.0,0.0,0.0,0.0,0.002649371512234211,0.0,0.0,0.0,0.0,0.0,0.0,0.0,1.6639629393466748e-05,0.0,0.0,0.0,0.0,0.0,0.0,0.0,0.0,0.0,0.0,0.0,0.0,0.0,0.0,0.0,0.0,0.0,0.0,0.0,0.0,0.0,0.0,0.0,0.0,0.0,0.0,0.0,0.0,0.0,0.0,0.0,0.0,0.0,0.0,0.0,0.0,0.0,0.0,0.0,0.0,0.0,0.0,0.0,0.0,0.0,0.0,0.0,0.0,0.0,0.0,0.0,0.0,0.0,0.0,0.0,0.0,0.0,0.0,0.0,0.0,0.0,0.0,0.0,0.00022665342839900404,0.0,0.0,0.0,0.0,0.0,0.0,0.0,0.0,0.0,0.0,0.0,0.0,0.0,0.0,0.0,0.0,0.0,0.0,0.0,0.0,0.0,0.0,0.0005905237630940974,0.0,0.0,0.0019058078760281205,0.0,0.0,0.0,0.0,0.0,0.0,0.0,0.0,0.0,0.0,0.0,0.0,0.0,0.0,0.0,0.0,0.0,0.0,0.0,0.0,0.0,0.0,0.0,0.0,0.0,0.0,0.0,0.0,0.0,0.0,0.0,0.0,0.0,0.0,0.0,0.0,0.0020384937524795532,0.0,0.0,0.0,0.0,0.0,0.0,0.0,0.0,0.0,0.0,0.0,0.0,0.0,0.0,0.0,0.0,0.0,0.0,0.0,0.0,0.0,0.0,0.27549755573272705,0.0,0.0,0.0,0.0,0.0,0.0,0.0,0.0,0.0009239051141776145,0.0,0.0,0.0,0.0,0.0,0.0,0.0,0.0,0.0,0.0,0.0,0.0,0.0,0.0,0.0,0.0,0.0,0.0,0.09578496962785721,0.0,0.0,0.0,0.0,0.0,0.0,0.0,0.0,0.0,0.0,0.0,0.0,0.0,0.0,0.0,0.0,0.0,0.0,0.0,0.0,0.0,0.0,0.0,0.0,0.0,0.0,0.0034059735480695963,0.0,0.0,0.0,0.0,0.0,0.0,0.0,0.0,0.0,0.0,0.0,0.0,0.0,0.0,0.0,0.0,0.0,0.0,0.0,0.0,0.0,0.0003127045347355306,0.0,0.0018471716903150082,0.0,0.0,0.0,0.0,0.0,0.0,0.0,0.0,0.0,0.0,0.0,0.0,0.0,0.0,0.0,0.0,0.0,0.0,0.0,0.0,0.0,0.0,0.0,0.0,0.0,0.0,0.0,0.00199695467017591,,,,,,,,,,,,,,,,,,,,,,,,,,,,,,,,,,,,,,,,,,,,,,,,,,,,,,,,,,,,,,,,,,,,,,,,,,,,,,,,,,,,,,,,,,,,,,,,,,,,,,,,,,,,,,,,,,,,,,,,,,,,,,,,,,,,,,,,,,,,,,,,,,,,,,,,,,,,,,,,,,,,,,,,,,,,,,,,,,,,,,,,,,,,,,,,,,,,,,,,,,,,,,,,,,,,,,,,,,,,,,,,,,,,,,,,,,,,,,,,,,,,,,,,,,,,,,,,,,,,,,,,,,,,
2019-11-11,556862.575723052,177.6921575823078,,,,,,,,,,,30456.976841563417,38451.308644204655,1039061.7711000025,,124457.16724959467,,,,,,46143.3745682611,12747.502264853276,16486.51576916681,6595.299651544402,39002.26892319137,35850.088978366235,,,,,,,,,,,,,,,,,,,,,,,,,,,,,,,,,,,,,,,,,,,,,,,,,,,,,,,,,,,,,,,,,,,,,,,,,,,,,,,,,,,,,,,,,,,,,,,,0.0,0.0,0.0,0.0,0.0,0.0017591469222679734,0.0,0.0,0.0,0.0,0.0,0.0,0.0,0.0,0.0,0.0,0.0,0.0,0.0,0.0,0.0,0.0,0.0,0.0,0.0013064012164250016,0.0,0.0,0.0036453166976571083,0.0,0.0,0.0,0.0035564147401601076,0.0,0.0,0.0,0.0,0.0,0.0,0.0,0.0,0.0,0.35433509945869446,0.0,0.0,0.0,0.0,0.0,0.0,0.000280939566437155,0.0,0.0,0.0,0.0,0.0,0.0,0.0,0.0,0.0,0.0,0.0,0.0,0.0,0.0,0.0,0.0,0.0,0.0,0.0,0.0,0.0,0.0,0.0,0.0,0.0,0.0,0.0,0.0,0.0,0.0,0.0,0.0,0.0002895304933190346,0.0,0.0,0.0,0.0,0.0,0.0,0.0,0.0004514709289651364,0.0,0.0,0.0,0.0,0.0,0.0,0.0,0.0,0.0,0.0,0.0,0.0,0.0,0.0,0.0,0.23673413693904877,0.0,0.0,0.0,0.0,0.0,0.0,0.0,0.0,0.0,0.0,0.0,0.0,0.0,0.0,0.006112119648605585,0.0,0.0,0.0,0.0,0.0,0.0,0.0,0.0,0.0,0.0,0.0,0.0,0.0,0.0009501978638581932,0.0,0.0,0.0,0.0,0.0,0.0,0.0,0.0,0.0,0.0,0.0,0.0,0.0,0.0,0.0,0.0,0.0,0.0,0.0,0.0,0.0,0.0,0.0,0.0,0.0,0.0,0.0,0.0,0.0,0.0,0.0,0.0,0.0,0.0,0.0,0.0,0.0004413347051013261,0.0014393494930118322,0.0,0.0,0.0,0.0,0.0,0.0,0.0,0.0,0.0,0.0,0.0,0.0,0.0,0.0,0.0,0.0,0.0,0.0,0.0,0.0,0.0,0.0010530672734603286,0.0,0.0,0.0,0.0,0.0,0.0,0.0,0.0,0.0,0.0,0.0,0.0,0.0,0.0,0.0,0.0004487152036745101,0.0,0.0,0.0,0.0,0.0,0.0,0.0,0.0,0.0,0.0,0.0,0.0,0.0,0.0,0.0,0.0,0.0,0.0,0.0,0.0,0.0,0.0,0.0,0.002649371512234211,0.0,0.0,0.0,0.0,0.0,0.0,0.0,1.6639629393466748e-05,0.0,0.0,0.0,0.0,0.0,0.0,0.0,0.0,0.0,0.0,0.0,0.0,0.0,0.0,0.0,0.0,0.0,0.0,0.0,0.0,0.0,0.0,0.0,0.0,0.0,0.0,0.0,0.0,0.0,0.0,0.0,0.0,0.0,0.0,0.0,0.0,0.0,0.0,0.0,0.0,0.0,0.0,0.0,0.0,0.0,0.0,0.0,0.0,0.0,0.0,0.0,0.0,0.0,0.0,0.0,0.0,0.0,0.0,0.0,0.0,0.0,0.0,0.0,0.00022665342839900404,0.0,0.0,0.0,0.0,0.0,0.0,0.0,0.0,0.0,0.0,0.0,0.0,0.0,0.0,0.0,0.0,0.0,0.0,0.0,0.0,0.0,0.0,0.0005905237630940974,0.0,0.0,0.0019058078760281205,0.0,0.0,0.0,0.0,0.0,0.0,0.0,0.0,0.0,0.0,0.0,0.0,0.0,0.0,0.0,0.0,0.0,0.0,0.0,0.0,0.0,0.0,0.0,0.0,0.0,0.0,0.0,0.0,0.0,0.0,0.0,0.0,0.0,0.0,0.0,0.0,0.0020384937524795532,0.0,0.0,0.0,0.0,0.0,0.0,0.0,0.0,0.0,0.0,0.0,0.0,0.0,0.0,0.0,0.0,0.0,0.0,0.0,0.0,0.0,0.0,0.27549755573272705,0.0,0.0,0.0,0.0,0.0,0.0,0.0,0.0,0.0009239051141776145,0.0,0.0,0.0,0.0,0.0,0.0,0.0,0.0,0.0,0.0,0.0,0.0,0.0,0.0,0.0,0.0,0.0,0.0,0.09578496962785721,0.0,0.0,0.0,0.0,0.0,0.0,0.0,0.0,0.0,0.0,0.0,0.0,0.0,0.0,0.0,0.0,0.0,0.0,0.0,0.0,0.0,0.0,0.0,0.0,0.0,0.0,0.0034059735480695963,0.0,0.0,0.0,0.0,0.0,0.0,0.0,0.0,0.0,0.0,0.0,0.0,0.0,0.0,0.0,0.0,0.0,0.0,0.0,0.0,0.0,0.0003127045347355306,0.0,0.0018471716903150082,0.0,0.0,0.0,0.0,0.0,0.0,0.0,0.0,0.0,0.0,0.0,0.0,0.0,0.0,0.0,0.0,0.0,0.0,0.0,0.0,0.0,0.0,0.0,0.0,0.0,0.0,0.0,0.00199695467017591,,,,,,,,,,,,,,,,,,,,,,,,,,,,,,,,,,,,,,,,,,,,,,,,,,,,,,,,,,,,,,,,,,,,,,,,,,,,,,,,,,,,,,,,,,,,,,,,,,,,,,,,,,,,,,,,,,,,,,,,,,,,,,,,,,,,,,,,,,,,,,,,,,,,,,,,,,,,,,,,,,,,,,,,,,,,,,,,,,,,,,,,,,,,,,,,,,,,,,,,,,,,,,,,,,,,,,,,,,,,,,,,,,,,,,,,,,,,,,,,,,,,,,,,,,,,,,,,,,,,,,,,,,,,
2019-11-12,555084.5954864601,5153.855519394875,,,,,,,,,,,30559.023490094638,38451.308644204655,1039061.7711000025,,124457.16724959467,,,,,,45868.7116244024,12747.502264853276,16253.621826481718,6182.684799163909,39000.77941442631,35618.09345159475,,,,,,,,,,,,,,,,,,,,,,,,,,,,,,,,,,,,,,,,,,,,,,,,,,,,,,,,,,,,,,,,,,,,,,,,,,,,,,,,,,,,,,,,,,,,,,,,0.0,0.0,0.0,0.0,0.0,0.0017591469222679734,0.0,0.0,0.0,0.0,0.0,0.0,0.0,0.0,0.0,0.0,0.0,0.0,0.0,0.0,0.0,0.0,0.0,0.0,0.0013064012164250016,0.0,0.0,0.0036453166976571083,0.0,0.0,0.0,0.0035564147401601076,0.0,0.0,0.0,0.0,0.0,0.0,0.0,0.0,0.0,0.35433509945869446,0.0,0.0,0.0,0.0,0.0,0.0,0.000280939566437155,0.0,0.0,0.0,0.0,0.0,0.0,0.0,0.0,0.0,0.0,0.0,0.0,0.0,0.0,0.0,0.0,0.0,0.0,0.0,0.0,0.0,0.0,0.0,0.0,0.0,0.0,0.0,0.0,0.0,0.0,0.0,0.0,0.0002895304933190346,0.0,0.0,0.0,0.0,0.0,0.0,0.0,0.0004514709289651364,0.0,0.0,0.0,0.0,0.0,0.0,0.0,0.0,0.0,0.0,0.0,0.0,0.0,0.0,0.0,0.23673413693904877,0.0,0.0,0.0,0.0,0.0,0.0,0.0,0.0,0.0,0.0,0.0,0.0,0.0,0.0,0.006112119648605585,0.0,0.0,0.0,0.0,0.0,0.0,0.0,0.0,0.0,0.0,0.0,0.0,0.0,0.0009501978638581932,0.0,0.0,0.0,0.0,0.0,0.0,0.0,0.0,0.0,0.0,0.0,0.0,0.0,0.0,0.0,0.0,0.0,0.0,0.0,0.0,0.0,0.0,0.0,0.0,0.0,0.0,0.0,0.0,0.0,0.0,0.0,0.0,0.0,0.0,0.0,0.0,0.0004413347051013261,0.0014393494930118322,0.0,0.0,0.0,0.0,0.0,0.0,0.0,0.0,0.0,0.0,0.0,0.0,0.0,0.0,0.0,0.0,0.0,0.0,0.0,0.0,0.0,0.0010530672734603286,0.0,0.0,0.0,0.0,0.0,0.0,0.0,0.0,0.0,0.0,0.0,0.0,0.0,0.0,0.0,0.0004487152036745101,0.0,0.0,0.0,0.0,0.0,0.0,0.0,0.0,0.0,0.0,0.0,0.0,0.0,0.0,0.0,0.0,0.0,0.0,0.0,0.0,0.0,0.0,0.0,0.002649371512234211,0.0,0.0,0.0,0.0,0.0,0.0,0.0,1.6639629393466748e-05,0.0,0.0,0.0,0.0,0.0,0.0,0.0,0.0,0.0,0.0,0.0,0.0,0.0,0.0,0.0,0.0,0.0,0.0,0.0,0.0,0.0,0.0,0.0,0.0,0.0,0.0,0.0,0.0,0.0,0.0,0.0,0.0,0.0,0.0,0.0,0.0,0.0,0.0,0.0,0.0,0.0,0.0,0.0,0.0,0.0,0.0,0.0,0.0,0.0,0.0,0.0,0.0,0.0,0.0,0.0,0.0,0.0,0.0,0.0,0.0,0.0,0.0,0.0,0.00022665342839900404,0.0,0.0,0.0,0.0,0.0,0.0,0.0,0.0,0.0,0.0,0.0,0.0,0.0,0.0,0.0,0.0,0.0,0.0,0.0,0.0,0.0,0.0,0.0005905237630940974,0.0,0.0,0.0019058078760281205,0.0,0.0,0.0,0.0,0.0,0.0,0.0,0.0,0.0,0.0,0.0,0.0,0.0,0.0,0.0,0.0,0.0,0.0,0.0,0.0,0.0,0.0,0.0,0.0,0.0,0.0,0.0,0.0,0.0,0.0,0.0,0.0,0.0,0.0,0.0,0.0,0.0020384937524795532,0.0,0.0,0.0,0.0,0.0,0.0,0.0,0.0,0.0,0.0,0.0,0.0,0.0,0.0,0.0,0.0,0.0,0.0,0.0,0.0,0.0,0.0,0.27549755573272705,0.0,0.0,0.0,0.0,0.0,0.0,0.0,0.0,0.0009239051141776145,0.0,0.0,0.0,0.0,0.0,0.0,0.0,0.0,0.0,0.0,0.0,0.0,0.0,0.0,0.0,0.0,0.0,0.0,0.09578496962785721,0.0,0.0,0.0,0.0,0.0,0.0,0.0,0.0,0.0,0.0,0.0,0.0,0.0,0.0,0.0,0.0,0.0,0.0,0.0,0.0,0.0,0.0,0.0,0.0,0.0,0.0,0.0034059735480695963,0.0,0.0,0.0,0.0,0.0,0.0,0.0,0.0,0.0,0.0,0.0,0.0,0.0,0.0,0.0,0.0,0.0,0.0,0.0,0.0,0.0,0.0003127045347355306,0.0,0.0018471716903150082,0.0,0.0,0.0,0.0,0.0,0.0,0.0,0.0,0.0,0.0,0.0,0.0,0.0,0.0,0.0,0.0,0.0,0.0,0.0,0.0,0.0,0.0,0.0,0.0,0.0,0.0,0.0,0.00199695467017591,,,,,,,,,,,,,,,,,,,,,,,,,,,,,,,,,,,,,,,,,,,,,,,,,,,,,,,,,,,,,,,,,,,,,,,,,,,,,,,,,,,,,,,,,,,,,,,,,,,,,,,,,,,,,,,,,,,,,,,,,,,,,,,,,,,,,,,,,,,,,,,,,,,,,,,,,,,,,,,,,,,,,,,,,,,,,,,,,,,,,,,,,,,,,,,,,,,,,,,,,,,,,,,,,,,,,,,,,,,,,,,,,,,,,,,,,,,,,,,,,,,,,,,,,,,,,,,,,,,,,,,,,,,,
2019-11-13,549328.7454595437,39.46960983827289,,,,,,,,,,,30559.023490094638,41358.66386187571,1039061.7711000025,,127278.50396388878,,,,,,45868.7116244024,12747.502264853276,16253.621826481718,6183.0334175073,38998.695102676116,35618.09345159475,,,,,,,,,,,,,,,,,,,,,,,,,,,,,,,,,,,,,,,,,,,,,,,,,,,,,,,,,,,,,,,,,,,,,,,,,,,,,,,,,,,,,,,,,,,,,,,,0.0,0.0,0.0,0.0,0.0,0.0017591469222679734,0.0,0.0,0.0,0.0,0.0,0.0,0.0,0.0,0.0,0.0,0.0,0.0,0.0,0.0,0.0,0.0,0.0,0.0,0.0013064012164250016,0.0,0.0,0.0036453166976571083,0.0,0.0,0.0,0.0035564147401601076,0.0,0.0,0.0,0.0,0.0,0.0,0.0,0.0,0.0,0.35433509945869446,0.0,0.0,0.0,0.0,0.0,0.0,0.000280939566437155,0.0,0.0,0.0,0.0,0.0,0.0,0.0,0.0,0.0,0.0,0.0,0.0,0.0,0.0,0.0,0.0,0.0,0.0,0.0,0.0,0.0,0.0,0.0,0.0,0.0,0.0,0.0,0.0,0.0,0.0,0.0,0.0,0.0002895304933190346,0.0,0.0,0.0,0.0,0.0,0.0,0.0,0.0004514709289651364,0.0,0.0,0.0,0.0,0.0,0.0,0.0,0.0,0.0,0.0,0.0,0.0,0.0,0.0,0.0,0.23673413693904877,0.0,0.0,0.0,0.0,0.0,0.0,0.0,0.0,0.0,0.0,0.0,0.0,0.0,0.0,0.006112119648605585,0.0,0.0,0.0,0.0,0.0,0.0,0.0,0.0,0.0,0.0,0.0,0.0,0.0,0.0009501978638581932,0.0,0.0,0.0,0.0,0.0,0.0,0.0,0.0,0.0,0.0,0.0,0.0,0.0,0.0,0.0,0.0,0.0,0.0,0.0,0.0,0.0,0.0,0.0,0.0,0.0,0.0,0.0,0.0,0.0,0.0,0.0,0.0,0.0,0.0,0.0,0.0,0.0004413347051013261,0.0014393494930118322,0.0,0.0,0.0,0.0,0.0,0.0,0.0,0.0,0.0,0.0,0.0,0.0,0.0,0.0,0.0,0.0,0.0,0.0,0.0,0.0,0.0,0.0010530672734603286,0.0,0.0,0.0,0.0,0.0,0.0,0.0,0.0,0.0,0.0,0.0,0.0,0.0,0.0,0.0,0.0004487152036745101,0.0,0.0,0.0,0.0,0.0,0.0,0.0,0.0,0.0,0.0,0.0,0.0,0.0,0.0,0.0,0.0,0.0,0.0,0.0,0.0,0.0,0.0,0.0,0.002649371512234211,0.0,0.0,0.0,0.0,0.0,0.0,0.0,1.6639629393466748e-05,0.0,0.0,0.0,0.0,0.0,0.0,0.0,0.0,0.0,0.0,0.0,0.0,0.0,0.0,0.0,0.0,0.0,0.0,0.0,0.0,0.0,0.0,0.0,0.0,0.0,0.0,0.0,0.0,0.0,0.0,0.0,0.0,0.0,0.0,0.0,0.0,0.0,0.0,0.0,0.0,0.0,0.0,0.0,0.0,0.0,0.0,0.0,0.0,0.0,0.0,0.0,0.0,0.0,0.0,0.0,0.0,0.0,0.0,0.0,0.0,0.0,0.0,0.0,0.00022665342839900404,0.0,0.0,0.0,0.0,0.0,0.0,0.0,0.0,0.0,0.0,0.0,0.0,0.0,0.0,0.0,0.0,0.0,0.0,0.0,0.0,0.0,0.0,0.0005905237630940974,0.0,0.0,0.0019058078760281205,0.0,0.0,0.0,0.0,0.0,0.0,0.0,0.0,0.0,0.0,0.0,0.0,0.0,0.0,0.0,0.0,0.0,0.0,0.0,0.0,0.0,0.0,0.0,0.0,0.0,0.0,0.0,0.0,0.0,0.0,0.0,0.0,0.0,0.0,0.0,0.0,0.0020384937524795532,0.0,0.0,0.0,0.0,0.0,0.0,0.0,0.0,0.0,0.0,0.0,0.0,0.0,0.0,0.0,0.0,0.0,0.0,0.0,0.0,0.0,0.0,0.27549755573272705,0.0,0.0,0.0,0.0,0.0,0.0,0.0,0.0,0.0009239051141776145,0.0,0.0,0.0,0.0,0.0,0.0,0.0,0.0,0.0,0.0,0.0,0.0,0.0,0.0,0.0,0.0,0.0,0.0,0.09578496962785721,0.0,0.0,0.0,0.0,0.0,0.0,0.0,0.0,0.0,0.0,0.0,0.0,0.0,0.0,0.0,0.0,0.0,0.0,0.0,0.0,0.0,0.0,0.0,0.0,0.0,0.0,0.0034059735480695963,0.0,0.0,0.0,0.0,0.0,0.0,0.0,0.0,0.0,0.0,0.0,0.0,0.0,0.0,0.0,0.0,0.0,0.0,0.0,0.0,0.0,0.0003127045347355306,0.0,0.0018471716903150082,0.0,0.0,0.0,0.0,0.0,0.0,0.0,0.0,0.0,0.0,0.0,0.0,0.0,0.0,0.0,0.0,0.0,0.0,0.0,0.0,0.0,0.0,0.0,0.0,0.0,0.0,0.0,0.00199695467017591,,,,,,,,,,,,,,,,,,,,,,,,,,,,,,,,,,,,,,,,,,,,,,,,,,,,,,,,,,,,,,,,,,,,,,,,,,,,,,,,,,,,,,,,,,,,,,,,,,,,,,,,,,,,,,,,,,,,,,,,,,,,,,,,,,,,,,,,,,,,,,,,,,,,,,,,,,,,,,,,,,,,,,,,,,,,,,,,,,,,,,,,,,,,,,,,,,,,,,,,,,,,,,,,,,,,,,,,,,,,,,,,,,,,,,,,,,,,,,,,,,,,,,,,,,,,,,,,,,,,,,,,,,,,
2019-11-14,547565.7175432326,3834.721775498366,,,,,,,,,,,30559.023490094638,41358.66386187571,1039061.7711000025,,127278.50396388878,,,,,,45175.53119492658,12747.502264853276,16485.848290669965,6182.755810823202,36214.299147345395,35850.80315457805,,,,,,,,,,,,,,,,,,,,,,,,,,,,,,,,,,,,,,,,,,,,,,,,,,,,,,,,,,,,,,,,,,,,,,,,,,,,,,,,,,,,,,,,,,,,,,,,0.0,0.0,0.0,0.0,0.0,0.0017591469222679734,0.0,0.0,0.0,0.0,0.0,0.0,0.0,0.0,0.0,0.0,0.0,0.0,0.0,0.0,0.0,0.0,0.0,0.0,0.0013064012164250016,0.0,0.0,0.0036453166976571083,0.0,0.0,0.0,0.0035564147401601076,0.0,0.0,0.0,0.0,0.0,0.0,0.0,0.0,0.0,0.35433509945869446,0.0,0.0,0.0,0.0,0.0,0.0,0.000280939566437155,0.0,0.0,0.0,0.0,0.0,0.0,0.0,0.0,0.0,0.0,0.0,0.0,0.0,0.0,0.0,0.0,0.0,0.0,0.0,0.0,0.0,0.0,0.0,0.0,0.0,0.0,0.0,0.0,0.0,0.0,0.0,0.0,0.0002895304933190346,0.0,0.0,0.0,0.0,0.0,0.0,0.0,0.0004514709289651364,0.0,0.0,0.0,0.0,0.0,0.0,0.0,0.0,0.0,0.0,0.0,0.0,0.0,0.0,0.0,0.23673413693904877,0.0,0.0,0.0,0.0,0.0,0.0,0.0,0.0,0.0,0.0,0.0,0.0,0.0,0.0,0.006112119648605585,0.0,0.0,0.0,0.0,0.0,0.0,0.0,0.0,0.0,0.0,0.0,0.0,0.0,0.0009501978638581932,0.0,0.0,0.0,0.0,0.0,0.0,0.0,0.0,0.0,0.0,0.0,0.0,0.0,0.0,0.0,0.0,0.0,0.0,0.0,0.0,0.0,0.0,0.0,0.0,0.0,0.0,0.0,0.0,0.0,0.0,0.0,0.0,0.0,0.0,0.0,0.0,0.0004413347051013261,0.0014393494930118322,0.0,0.0,0.0,0.0,0.0,0.0,0.0,0.0,0.0,0.0,0.0,0.0,0.0,0.0,0.0,0.0,0.0,0.0,0.0,0.0,0.0,0.0010530672734603286,0.0,0.0,0.0,0.0,0.0,0.0,0.0,0.0,0.0,0.0,0.0,0.0,0.0,0.0,0.0,0.0004487152036745101,0.0,0.0,0.0,0.0,0.0,0.0,0.0,0.0,0.0,0.0,0.0,0.0,0.0,0.0,0.0,0.0,0.0,0.0,0.0,0.0,0.0,0.0,0.0,0.002649371512234211,0.0,0.0,0.0,0.0,0.0,0.0,0.0,1.6639629393466748e-05,0.0,0.0,0.0,0.0,0.0,0.0,0.0,0.0,0.0,0.0,0.0,0.0,0.0,0.0,0.0,0.0,0.0,0.0,0.0,0.0,0.0,0.0,0.0,0.0,0.0,0.0,0.0,0.0,0.0,0.0,0.0,0.0,0.0,0.0,0.0,0.0,0.0,0.0,0.0,0.0,0.0,0.0,0.0,0.0,0.0,0.0,0.0,0.0,0.0,0.0,0.0,0.0,0.0,0.0,0.0,0.0,0.0,0.0,0.0,0.0,0.0,0.0,0.0,0.00022665342839900404,0.0,0.0,0.0,0.0,0.0,0.0,0.0,0.0,0.0,0.0,0.0,0.0,0.0,0.0,0.0,0.0,0.0,0.0,0.0,0.0,0.0,0.0,0.0005905237630940974,0.0,0.0,0.0019058078760281205,0.0,0.0,0.0,0.0,0.0,0.0,0.0,0.0,0.0,0.0,0.0,0.0,0.0,0.0,0.0,0.0,0.0,0.0,0.0,0.0,0.0,0.0,0.0,0.0,0.0,0.0,0.0,0.0,0.0,0.0,0.0,0.0,0.0,0.0,0.0,0.0,0.0020384937524795532,0.0,0.0,0.0,0.0,0.0,0.0,0.0,0.0,0.0,0.0,0.0,0.0,0.0,0.0,0.0,0.0,0.0,0.0,0.0,0.0,0.0,0.0,0.27549755573272705,0.0,0.0,0.0,0.0,0.0,0.0,0.0,0.0,0.0009239051141776145,0.0,0.0,0.0,0.0,0.0,0.0,0.0,0.0,0.0,0.0,0.0,0.0,0.0,0.0,0.0,0.0,0.0,0.0,0.09578496962785721,0.0,0.0,0.0,0.0,0.0,0.0,0.0,0.0,0.0,0.0,0.0,0.0,0.0,0.0,0.0,0.0,0.0,0.0,0.0,0.0,0.0,0.0,0.0,0.0,0.0,0.0,0.0034059735480695963,0.0,0.0,0.0,0.0,0.0,0.0,0.0,0.0,0.0,0.0,0.0,0.0,0.0,0.0,0.0,0.0,0.0,0.0,0.0,0.0,0.0,0.0003127045347355306,0.0,0.0018471716903150082,0.0,0.0,0.0,0.0,0.0,0.0,0.0,0.0,0.0,0.0,0.0,0.0,0.0,0.0,0.0,0.0,0.0,0.0,0.0,0.0,0.0,0.0,0.0,0.0,0.0,0.0,0.0,0.00199695467017591,,,,,,,,,,,,,,,,,,,,,,,,,,,,,,,,,,,,,,,,,,,,,,,,,,,,,,,,,,,,,,,,,,,,,,,,,,,,,,,,,,,,,,,,,,,,,,,,,,,,,,,,,,,,,,,,,,,,,,,,,,,,,,,,,,,,,,,,,,,,,,,,,,,,,,,,,,,,,,,,,,,,,,,,,,,,,,,,,,,,,,,,,,,,,,,,,,,,,,,,,,,,,,,,,,,,,,,,,,,,,,,,,,,,,,,,,,,,,,,,,,,,,,,,,,,,,,,,,,,,,,,,,,,,
2019-11-15,542652.8725359957,4596.648359723209,,,,,,,,,,,30559.023490094638,44920.153945260696,1039061.7711000025,,126122.12685523633,,,,,,45175.53119492658,12747.502264853276,16485.848290669965,5770.6298626828,36214.299147345395,35386.807130480505,,,,,,,,,,,,,,,,,,,,,,,,,,,,,,,,,,,,,,,,,,,,,,,,,,,,,,,,,,,,,,,,,,,,,,,,,,,,,,,,,,,,,,,,,,,,,,,,0.0,0.0,0.0,0.0,0.0,0.0017591469222679734,0.0,0.0,0.0,0.0,0.0,0.0,0.0,0.0,0.0,0.0,0.0,0.0,0.0,0.0,0.0,0.0,0.0,0.0,0.0013064012164250016,0.0,0.0,0.0036453166976571083,0.0,0.0,0.0,0.0035564147401601076,0.0,0.0,0.0,0.0,0.0,0.0,0.0,0.0,0.0,0.35433509945869446,0.0,0.0,0.0,0.0,0.0,0.0,0.000280939566437155,0.0,0.0,0.0,0.0,0.0,0.0,0.0,0.0,0.0,0.0,0.0,0.0,0.0,0.0,0.0,0.0,0.0,0.0,0.0,0.0,0.0,0.0,0.0,0.0,0.0,0.0,0.0,0.0,0.0,0.0,0.0,0.0,0.0002895304933190346,0.0,0.0,0.0,0.0,0.0,0.0,0.0,0.0004514709289651364,0.0,0.0,0.0,0.0,0.0,0.0,0.0,0.0,0.0,0.0,0.0,0.0,0.0,0.0,0.0,0.23673413693904877,0.0,0.0,0.0,0.0,0.0,0.0,0.0,0.0,0.0,0.0,0.0,0.0,0.0,0.0,0.006112119648605585,0.0,0.0,0.0,0.0,0.0,0.0,0.0,0.0,0.0,0.0,0.0,0.0,0.0,0.0009501978638581932,0.0,0.0,0.0,0.0,0.0,0.0,0.0,0.0,0.0,0.0,0.0,0.0,0.0,0.0,0.0,0.0,0.0,0.0,0.0,0.0,0.0,0.0,0.0,0.0,0.0,0.0,0.0,0.0,0.0,0.0,0.0,0.0,0.0,0.0,0.0,0.0,0.0004413347051013261,0.0014393494930118322,0.0,0.0,0.0,0.0,0.0,0.0,0.0,0.0,0.0,0.0,0.0,0.0,0.0,0.0,0.0,0.0,0.0,0.0,0.0,0.0,0.0,0.0010530672734603286,0.0,0.0,0.0,0.0,0.0,0.0,0.0,0.0,0.0,0.0,0.0,0.0,0.0,0.0,0.0,0.0004487152036745101,0.0,0.0,0.0,0.0,0.0,0.0,0.0,0.0,0.0,0.0,0.0,0.0,0.0,0.0,0.0,0.0,0.0,0.0,0.0,0.0,0.0,0.0,0.0,0.002649371512234211,0.0,0.0,0.0,0.0,0.0,0.0,0.0,1.6639629393466748e-05,0.0,0.0,0.0,0.0,0.0,0.0,0.0,0.0,0.0,0.0,0.0,0.0,0.0,0.0,0.0,0.0,0.0,0.0,0.0,0.0,0.0,0.0,0.0,0.0,0.0,0.0,0.0,0.0,0.0,0.0,0.0,0.0,0.0,0.0,0.0,0.0,0.0,0.0,0.0,0.0,0.0,0.0,0.0,0.0,0.0,0.0,0.0,0.0,0.0,0.0,0.0,0.0,0.0,0.0,0.0,0.0,0.0,0.0,0.0,0.0,0.0,0.0,0.0,0.00022665342839900404,0.0,0.0,0.0,0.0,0.0,0.0,0.0,0.0,0.0,0.0,0.0,0.0,0.0,0.0,0.0,0.0,0.0,0.0,0.0,0.0,0.0,0.0,0.0005905237630940974,0.0,0.0,0.0019058078760281205,0.0,0.0,0.0,0.0,0.0,0.0,0.0,0.0,0.0,0.0,0.0,0.0,0.0,0.0,0.0,0.0,0.0,0.0,0.0,0.0,0.0,0.0,0.0,0.0,0.0,0.0,0.0,0.0,0.0,0.0,0.0,0.0,0.0,0.0,0.0,0.0,0.0020384937524795532,0.0,0.0,0.0,0.0,0.0,0.0,0.0,0.0,0.0,0.0,0.0,0.0,0.0,0.0,0.0,0.0,0.0,0.0,0.0,0.0,0.0,0.0,0.27549755573272705,0.0,0.0,0.0,0.0,0.0,0.0,0.0,0.0,0.0009239051141776145,0.0,0.0,0.0,0.0,0.0,0.0,0.0,0.0,0.0,0.0,0.0,0.0,0.0,0.0,0.0,0.0,0.0,0.0,0.09578496962785721,0.0,0.0,0.0,0.0,0.0,0.0,0.0,0.0,0.0,0.0,0.0,0.0,0.0,0.0,0.0,0.0,0.0,0.0,0.0,0.0,0.0,0.0,0.0,0.0,0.0,0.0,0.0034059735480695963,0.0,0.0,0.0,0.0,0.0,0.0,0.0,0.0,0.0,0.0,0.0,0.0,0.0,0.0,0.0,0.0,0.0,0.0,0.0,0.0,0.0,0.0003127045347355306,0.0,0.0018471716903150082,0.0,0.0,0.0,0.0,0.0,0.0,0.0,0.0,0.0,0.0,0.0,0.0,0.0,0.0,0.0,0.0,0.0,0.0,0.0,0.0,0.0,0.0,0.0,0.0,0.0,0.0,0.0,0.00199695467017591,,,,,,,,,,,,,,,,,,,,,,,,,,,,,,,,,,,,,,,,,,,,,,,,,,,,,,,,,,,,,,,,,,,,,,,,,,,,,,,,,,,,,,,,,,,,,,,,,,,,,,,,,,,,,,,,,,,,,,,,,,,,,,,,,,,,,,,,,,,,,,,,,,,,,,,,,,,,,,,,,,,,,,,,,,,,,,,,,,,,,,,,,,,,,,,,,,,,,,,,,,,,,,,,,,,,,,,,,,,,,,,,,,,,,,,,,,,,,,,,,,,,,,,,,,,,,,,,,,,,,,,,,,,,
2019-11-18,541592.5501942622,117.14836908634233,,,,,,,,,,,30559.023490094638,45282.09282681118,1039061.7711000025,,124805.58312011347,,,,,,47379.008772845315,13044.01055662202,16776.105959069148,5770.54550801425,36216.58426160753,35386.10954263128,,,,,,,,,,,,,,,,,,,,,,,,,,,,,,,,,,,,,,,,,,,,,,,,,,,,,,,,,,,,,,,,,,,,,,,,,,,,,,,,,,,,,,,,,,,,,,,,0.0,0.0,0.0,0.0,0.0,0.0017591469222679734,0.0,0.0,0.0,0.0,0.0,0.0,0.0,0.0,0.0,0.0,0.0,0.0,0.0,0.0,0.0,0.0,0.0,0.0,0.0013064012164250016,0.0,0.0,0.0036453166976571083,0.0,0.0,0.0,0.0035564147401601076,0.0,0.0,0.0,0.0,0.0,0.0,0.0,0.0,0.0,0.35433509945869446,0.0,0.0,0.0,0.0,0.0,0.0,0.000280939566437155,0.0,0.0,0.0,0.0,0.0,0.0,0.0,0.0,0.0,0.0,0.0,0.0,0.0,0.0,0.0,0.0,0.0,0.0,0.0,0.0,0.0,0.0,0.0,0.0,0.0,0.0,0.0,0.0,0.0,0.0,0.0,0.0,0.0002895304933190346,0.0,0.0,0.0,0.0,0.0,0.0,0.0,0.0004514709289651364,0.0,0.0,0.0,0.0,0.0,0.0,0.0,0.0,0.0,0.0,0.0,0.0,0.0,0.0,0.0,0.23673413693904877,0.0,0.0,0.0,0.0,0.0,0.0,0.0,0.0,0.0,0.0,0.0,0.0,0.0,0.0,0.006112119648605585,0.0,0.0,0.0,0.0,0.0,0.0,0.0,0.0,0.0,0.0,0.0,0.0,0.0,0.0009501978638581932,0.0,0.0,0.0,0.0,0.0,0.0,0.0,0.0,0.0,0.0,0.0,0.0,0.0,0.0,0.0,0.0,0.0,0.0,0.0,0.0,0.0,0.0,0.0,0.0,0.0,0.0,0.0,0.0,0.0,0.0,0.0,0.0,0.0,0.0,0.0,0.0,0.0004413347051013261,0.0014393494930118322,0.0,0.0,0.0,0.0,0.0,0.0,0.0,0.0,0.0,0.0,0.0,0.0,0.0,0.0,0.0,0.0,0.0,0.0,0.0,0.0,0.0,0.0010530672734603286,0.0,0.0,0.0,0.0,0.0,0.0,0.0,0.0,0.0,0.0,0.0,0.0,0.0,0.0,0.0,0.0004487152036745101,0.0,0.0,0.0,0.0,0.0,0.0,0.0,0.0,0.0,0.0,0.0,0.0,0.0,0.0,0.0,0.0,0.0,0.0,0.0,0.0,0.0,0.0,0.0,0.002649371512234211,0.0,0.0,0.0,0.0,0.0,0.0,0.0,1.6639629393466748e-05,0.0,0.0,0.0,0.0,0.0,0.0,0.0,0.0,0.0,0.0,0.0,0.0,0.0,0.0,0.0,0.0,0.0,0.0,0.0,0.0,0.0,0.0,0.0,0.0,0.0,0.0,0.0,0.0,0.0,0.0,0.0,0.0,0.0,0.0,0.0,0.0,0.0,0.0,0.0,0.0,0.0,0.0,0.0,0.0,0.0,0.0,0.0,0.0,0.0,0.0,0.0,0.0,0.0,0.0,0.0,0.0,0.0,0.0,0.0,0.0,0.0,0.0,0.0,0.00022665342839900404,0.0,0.0,0.0,0.0,0.0,0.0,0.0,0.0,0.0,0.0,0.0,0.0,0.0,0.0,0.0,0.0,0.0,0.0,0.0,0.0,0.0,0.0,0.0005905237630940974,0.0,0.0,0.0019058078760281205,0.0,0.0,0.0,0.0,0.0,0.0,0.0,0.0,0.0,0.0,0.0,0.0,0.0,0.0,0.0,0.0,0.0,0.0,0.0,0.0,0.0,0.0,0.0,0.0,0.0,0.0,0.0,0.0,0.0,0.0,0.0,0.0,0.0,0.0,0.0,0.0,0.0020384937524795532,0.0,0.0,0.0,0.0,0.0,0.0,0.0,0.0,0.0,0.0,0.0,0.0,0.0,0.0,0.0,0.0,0.0,0.0,0.0,0.0,0.0,0.0,0.27549755573272705,0.0,0.0,0.0,0.0,0.0,0.0,0.0,0.0,0.0009239051141776145,0.0,0.0,0.0,0.0,0.0,0.0,0.0,0.0,0.0,0.0,0.0,0.0,0.0,0.0,0.0,0.0,0.0,0.0,0.09578496962785721,0.0,0.0,0.0,0.0,0.0,0.0,0.0,0.0,0.0,0.0,0.0,0.0,0.0,0.0,0.0,0.0,0.0,0.0,0.0,0.0,0.0,0.0,0.0,0.0,0.0,0.0,0.0034059735480695963,0.0,0.0,0.0,0.0,0.0,0.0,0.0,0.0,0.0,0.0,0.0,0.0,0.0,0.0,0.0,0.0,0.0,0.0,0.0,0.0,0.0,0.0003127045347355306,0.0,0.0018471716903150082,0.0,0.0,0.0,0.0,0.0,0.0,0.0,0.0,0.0,0.0,0.0,0.0,0.0,0.0,0.0,0.0,0.0,0.0,0.0,0.0,0.0,0.0,0.0,0.0,0.0,0.0,0.0,0.00199695467017591,,,,,,,,,,,,,,,,,,,,,,,,,,,,,,,,,,,,,,,,,,,,,,,,,,,,,,,,,,,,,,,,,,,,,,,,,,,,,,,,,,,,,,,,,,,,,,,,,,,,,,,,,,,,,,,,,,,,,,,,,,,,,,,,,,,,,,,,,,,,,,,,,,,,,,,,,,,,,,,,,,,,,,,,,,,,,,,,,,,,,,,,,,,,,,,,,,,,,,,,,,,,,,,,,,,,,,,,,,,,,,,,,,,,,,,,,,,,,,,,,,,,,,,,,,,,,,,,,,,,,,,,,,,,
2019-11-19,552458.0536638667,564.0815246875803,,,,,,,,,,,30559.023490094638,45645.51018225863,1039061.7711000025,,124030.9636355439,,,,,,47379.008772845315,13044.01055662202,16721.025226961257,5770.543381457837,36214.261565639645,35156.80516509853,,,,,,,,,,,,,,,,,,,,,,,,,,,,,,,,,,,,,,,,,,,,,,,,,,,,,,,,,,,,,,,,,,,,,,,,,,,,,,,,,,,,,,,,,,,,,,,,0.0,0.0,0.0,0.0,0.0,0.0017591469222679734,0.0,0.0,0.0,0.0,0.0,0.0,0.0,0.0,0.0,0.0,0.0,0.0,0.0,0.0,0.0,0.0,0.0,0.0,0.0013064012164250016,0.0,0.0,0.0036453166976571083,0.0,0.0,0.0,0.0035564147401601076,0.0,0.0,0.0,0.0,0.0,0.0,0.0,0.0,0.0,0.35433509945869446,0.0,0.0,0.0,0.0,0.0,0.0,0.000280939566437155,0.0,0.0,0.0,0.0,0.0,0.0,0.0,0.0,0.0,0.0,0.0,0.0,0.0,0.0,0.0,0.0,0.0,0.0,0.0,0.0,0.0,0.0,0.0,0.0,0.0,0.0,0.0,0.0,0.0,0.0,0.0,0.0,0.0002895304933190346,0.0,0.0,0.0,0.0,0.0,0.0,0.0,0.0004514709289651364,0.0,0.0,0.0,0.0,0.0,0.0,0.0,0.0,0.0,0.0,0.0,0.0,0.0,0.0,0.0,0.23673413693904877,0.0,0.0,0.0,0.0,0.0,0.0,0.0,0.0,0.0,0.0,0.0,0.0,0.0,0.0,0.006112119648605585,0.0,0.0,0.0,0.0,0.0,0.0,0.0,0.0,0.0,0.0,0.0,0.0,0.0,0.0009501978638581932,0.0,0.0,0.0,0.0,0.0,0.0,0.0,0.0,0.0,0.0,0.0,0.0,0.0,0.0,0.0,0.0,0.0,0.0,0.0,0.0,0.0,0.0,0.0,0.0,0.0,0.0,0.0,0.0,0.0,0.0,0.0,0.0,0.0,0.0,0.0,0.0,0.0004413347051013261,0.0014393494930118322,0.0,0.0,0.0,0.0,0.0,0.0,0.0,0.0,0.0,0.0,0.0,0.0,0.0,0.0,0.0,0.0,0.0,0.0,0.0,0.0,0.0,0.0010530672734603286,0.0,0.0,0.0,0.0,0.0,0.0,0.0,0.0,0.0,0.0,0.0,0.0,0.0,0.0,0.0,0.0004487152036745101,0.0,0.0,0.0,0.0,0.0,0.0,0.0,0.0,0.0,0.0,0.0,0.0,0.0,0.0,0.0,0.0,0.0,0.0,0.0,0.0,0.0,0.0,0.0,0.002649371512234211,0.0,0.0,0.0,0.0,0.0,0.0,0.0,1.6639629393466748e-05,0.0,0.0,0.0,0.0,0.0,0.0,0.0,0.0,0.0,0.0,0.0,0.0,0.0,0.0,0.0,0.0,0.0,0.0,0.0,0.0,0.0,0.0,0.0,0.0,0.0,0.0,0.0,0.0,0.0,0.0,0.0,0.0,0.0,0.0,0.0,0.0,0.0,0.0,0.0,0.0,0.0,0.0,0.0,0.0,0.0,0.0,0.0,0.0,0.0,0.0,0.0,0.0,0.0,0.0,0.0,0.0,0.0,0.0,0.0,0.0,0.0,0.0,0.0,0.00022665342839900404,0.0,0.0,0.0,0.0,0.0,0.0,0.0,0.0,0.0,0.0,0.0,0.0,0.0,0.0,0.0,0.0,0.0,0.0,0.0,0.0,0.0,0.0,0.0005905237630940974,0.0,0.0,0.0019058078760281205,0.0,0.0,0.0,0.0,0.0,0.0,0.0,0.0,0.0,0.0,0.0,0.0,0.0,0.0,0.0,0.0,0.0,0.0,0.0,0.0,0.0,0.0,0.0,0.0,0.0,0.0,0.0,0.0,0.0,0.0,0.0,0.0,0.0,0.0,0.0,0.0,0.0020384937524795532,0.0,0.0,0.0,0.0,0.0,0.0,0.0,0.0,0.0,0.0,0.0,0.0,0.0,0.0,0.0,0.0,0.0,0.0,0.0,0.0,0.0,0.0,0.27549755573272705,0.0,0.0,0.0,0.0,0.0,0.0,0.0,0.0,0.0009239051141776145,0.0,0.0,0.0,0.0,0.0,0.0,0.0,0.0,0.0,0.0,0.0,0.0,0.0,0.0,0.0,0.0,0.0,0.0,0.09578496962785721,0.0,0.0,0.0,0.0,0.0,0.0,0.0,0.0,0.0,0.0,0.0,0.0,0.0,0.0,0.0,0.0,0.0,0.0,0.0,0.0,0.0,0.0,0.0,0.0,0.0,0.0,0.0034059735480695963,0.0,0.0,0.0,0.0,0.0,0.0,0.0,0.0,0.0,0.0,0.0,0.0,0.0,0.0,0.0,0.0,0.0,0.0,0.0,0.0,0.0,0.0003127045347355306,0.0,0.0018471716903150082,0.0,0.0,0.0,0.0,0.0,0.0,0.0,0.0,0.0,0.0,0.0,0.0,0.0,0.0,0.0,0.0,0.0,0.0,0.0,0.0,0.0,0.0,0.0,0.0,0.0,0.0,0.0,0.00199695467017591,,,,,,,,,,,,,,,,,,,,,,,,,,,,,,,,,,,,,,,,,,,,,,,,,,,,,,,,,,,,,,,,,,,,,,,,,,,,,,,,,,,,,,,,,,,,,,,,,,,,,,,,,,,,,,,,,,,,,,,,,,,,,,,,,,,,,,,,,,,,,,,,,,,,,,,,,,,,,,,,,,,,,,,,,,,,,,,,,,,,,,,,,,,,,,,,,,,,,,,,,,,,,,,,,,,,,,,,,,,,,,,,,,,,,,,,,,,,,,,,,,,,,,,,,,,,,,,,,,,,,,,,,,,,
2019-11-20,556272.7905744108,400.67155636601444,,,,,,,,,,,30559.023490094638,45139.09509265847,1039061.7711000025,,123036.99293372426,,,,,,48600.94766019844,13044.01055662202,16779.076760641095,5770.864509227434,36216.1144366062,34929.625224406154,,,,,,,,,,,,,,,,,,,,,,,,,,,,,,,,,,,,,,,,,,,,,,,,,,,,,,,,,,,,,,,,,,,,,,,,,,,,,,,,,,,,,,,,,,,,,,,,0.0,0.0,0.0,0.0,0.0,0.0017591469222679734,0.0,0.0,0.0,0.0,0.0,0.0,0.0,0.0,0.0,0.0,0.0,0.0,0.0,0.0,0.0,0.0,0.0,0.0,0.0013064012164250016,0.0,0.0,0.0036453166976571083,0.0,0.0,0.0,0.0035564147401601076,0.0,0.0,0.0,0.0,0.0,0.0,0.0,0.0,0.0,0.35433509945869446,0.0,0.0,0.0,0.0,0.0,0.0,0.000280939566437155,0.0,0.0,0.0,0.0,0.0,0.0,0.0,0.0,0.0,0.0,0.0,0.0,0.0,0.0,0.0,0.0,0.0,0.0,0.0,0.0,0.0,0.0,0.0,0.0,0.0,0.0,0.0,0.0,0.0,0.0,0.0,0.0,0.0002895304933190346,0.0,0.0,0.0,0.0,0.0,0.0,0.0,0.0004514709289651364,0.0,0.0,0.0,0.0,0.0,0.0,0.0,0.0,0.0,0.0,0.0,0.0,0.0,0.0,0.0,0.23673413693904877,0.0,0.0,0.0,0.0,0.0,0.0,0.0,0.0,0.0,0.0,0.0,0.0,0.0,0.0,0.006112119648605585,0.0,0.0,0.0,0.0,0.0,0.0,0.0,0.0,0.0,0.0,0.0,0.0,0.0,0.0009501978638581932,0.0,0.0,0.0,0.0,0.0,0.0,0.0,0.0,0.0,0.0,0.0,0.0,0.0,0.0,0.0,0.0,0.0,0.0,0.0,0.0,0.0,0.0,0.0,0.0,0.0,0.0,0.0,0.0,0.0,0.0,0.0,0.0,0.0,0.0,0.0,0.0,0.0004413347051013261,0.0014393494930118322,0.0,0.0,0.0,0.0,0.0,0.0,0.0,0.0,0.0,0.0,0.0,0.0,0.0,0.0,0.0,0.0,0.0,0.0,0.0,0.0,0.0,0.0010530672734603286,0.0,0.0,0.0,0.0,0.0,0.0,0.0,0.0,0.0,0.0,0.0,0.0,0.0,0.0,0.0,0.0004487152036745101,0.0,0.0,0.0,0.0,0.0,0.0,0.0,0.0,0.0,0.0,0.0,0.0,0.0,0.0,0.0,0.0,0.0,0.0,0.0,0.0,0.0,0.0,0.0,0.002649371512234211,0.0,0.0,0.0,0.0,0.0,0.0,0.0,1.6639629393466748e-05,0.0,0.0,0.0,0.0,0.0,0.0,0.0,0.0,0.0,0.0,0.0,0.0,0.0,0.0,0.0,0.0,0.0,0.0,0.0,0.0,0.0,0.0,0.0,0.0,0.0,0.0,0.0,0.0,0.0,0.0,0.0,0.0,0.0,0.0,0.0,0.0,0.0,0.0,0.0,0.0,0.0,0.0,0.0,0.0,0.0,0.0,0.0,0.0,0.0,0.0,0.0,0.0,0.0,0.0,0.0,0.0,0.0,0.0,0.0,0.0,0.0,0.0,0.0,0.00022665342839900404,0.0,0.0,0.0,0.0,0.0,0.0,0.0,0.0,0.0,0.0,0.0,0.0,0.0,0.0,0.0,0.0,0.0,0.0,0.0,0.0,0.0,0.0,0.0005905237630940974,0.0,0.0,0.0019058078760281205,0.0,0.0,0.0,0.0,0.0,0.0,0.0,0.0,0.0,0.0,0.0,0.0,0.0,0.0,0.0,0.0,0.0,0.0,0.0,0.0,0.0,0.0,0.0,0.0,0.0,0.0,0.0,0.0,0.0,0.0,0.0,0.0,0.0,0.0,0.0,0.0,0.0020384937524795532,0.0,0.0,0.0,0.0,0.0,0.0,0.0,0.0,0.0,0.0,0.0,0.0,0.0,0.0,0.0,0.0,0.0,0.0,0.0,0.0,0.0,0.0,0.27549755573272705,0.0,0.0,0.0,0.0,0.0,0.0,0.0,0.0,0.0009239051141776145,0.0,0.0,0.0,0.0,0.0,0.0,0.0,0.0,0.0,0.0,0.0,0.0,0.0,0.0,0.0,0.0,0.0,0.0,0.09578496962785721,0.0,0.0,0.0,0.0,0.0,0.0,0.0,0.0,0.0,0.0,0.0,0.0,0.0,0.0,0.0,0.0,0.0,0.0,0.0,0.0,0.0,0.0,0.0,0.0,0.0,0.0,0.0034059735480695963,0.0,0.0,0.0,0.0,0.0,0.0,0.0,0.0,0.0,0.0,0.0,0.0,0.0,0.0,0.0,0.0,0.0,0.0,0.0,0.0,0.0,0.0003127045347355306,0.0,0.0018471716903150082,0.0,0.0,0.0,0.0,0.0,0.0,0.0,0.0,0.0,0.0,0.0,0.0,0.0,0.0,0.0,0.0,0.0,0.0,0.0,0.0,0.0,0.0,0.0,0.0,0.0,0.0,0.0,0.00199695467017591,,,,,,,,,,,,,,,,,,,,,,,,,,,,,,,,,,,,,,,,,,,,,,,,,,,,,,,,,,,,,,,,,,,,,,,,,,,,,,,,,,,,,,,,,,,,,,,,,,,,,,,,,,,,,,,,,,,,,,,,,,,,,,,,,,,,,,,,,,,,,,,,,,,,,,,,,,,,,,,,,,,,,,,,,,,,,,,,,,,,,,,,,,,,,,,,,,,,,,,,,,,,,,,,,,,,,,,,,,,,,,,,,,,,,,,,,,,,,,,,,,,,,,,,,,,,,,,,,,,,,,,,,,,,
2019-11-21,559712.6991349077,8.176486592896595,,,,,,,,,,,30559.023490094638,41939.76913412299,1039061.7711000025,,118469.30609399284,,,,,,48344.04573642484,14230.811008442817,17300.871582024323,5770.600090165233,36214.4832988311,35392.25089668447,,,,,,,,,,,,,,,,,,,,,,,,,,,,,,,,,,,,,,,,,,,,,,,,,,,,,,,,,,,,,,,,,,,,,,,,,,,,,,,,,,,,,,,,,,,,,,,,0.0,0.0,0.0,0.0,0.0,0.0017591469222679734,0.0,0.0,0.0,0.0,0.0,0.0,0.0,0.0,0.0,0.0,0.0,0.0,0.0,0.0,0.0,0.0,0.0,0.0,0.0013064012164250016,0.0,0.0,0.0036453166976571083,0.0,0.0,0.0,0.0035564147401601076,0.0,0.0,0.0,0.0,0.0,0.0,0.0,0.0,0.0,0.35433509945869446,0.0,0.0,0.0,0.0,0.0,0.0,0.000280939566437155,0.0,0.0,0.0,0.0,0.0,0.0,0.0,0.0,0.0,0.0,0.0,0.0,0.0,0.0,0.0,0.0,0.0,0.0,0.0,0.0,0.0,0.0,0.0,0.0,0.0,0.0,0.0,0.0,0.0,0.0,0.0,0.0,0.0002895304933190346,0.0,0.0,0.0,0.0,0.0,0.0,0.0,0.0004514709289651364,0.0,0.0,0.0,0.0,0.0,0.0,0.0,0.0,0.0,0.0,0.0,0.0,0.0,0.0,0.0,0.23673413693904877,0.0,0.0,0.0,0.0,0.0,0.0,0.0,0.0,0.0,0.0,0.0,0.0,0.0,0.0,0.006112119648605585,0.0,0.0,0.0,0.0,0.0,0.0,0.0,0.0,0.0,0.0,0.0,0.0,0.0,0.0009501978638581932,0.0,0.0,0.0,0.0,0.0,0.0,0.0,0.0,0.0,0.0,0.0,0.0,0.0,0.0,0.0,0.0,0.0,0.0,0.0,0.0,0.0,0.0,0.0,0.0,0.0,0.0,0.0,0.0,0.0,0.0,0.0,0.0,0.0,0.0,0.0,0.0,0.0004413347051013261,0.0014393494930118322,0.0,0.0,0.0,0.0,0.0,0.0,0.0,0.0,0.0,0.0,0.0,0.0,0.0,0.0,0.0,0.0,0.0,0.0,0.0,0.0,0.0,0.0010530672734603286,0.0,0.0,0.0,0.0,0.0,0.0,0.0,0.0,0.0,0.0,0.0,0.0,0.0,0.0,0.0,0.0004487152036745101,0.0,0.0,0.0,0.0,0.0,0.0,0.0,0.0,0.0,0.0,0.0,0.0,0.0,0.0,0.0,0.0,0.0,0.0,0.0,0.0,0.0,0.0,0.0,0.002649371512234211,0.0,0.0,0.0,0.0,0.0,0.0,0.0,1.6639629393466748e-05,0.0,0.0,0.0,0.0,0.0,0.0,0.0,0.0,0.0,0.0,0.0,0.0,0.0,0.0,0.0,0.0,0.0,0.0,0.0,0.0,0.0,0.0,0.0,0.0,0.0,0.0,0.0,0.0,0.0,0.0,0.0,0.0,0.0,0.0,0.0,0.0,0.0,0.0,0.0,0.0,0.0,0.0,0.0,0.0,0.0,0.0,0.0,0.0,0.0,0.0,0.0,0.0,0.0,0.0,0.0,0.0,0.0,0.0,0.0,0.0,0.0,0.0,0.0,0.00022665342839900404,0.0,0.0,0.0,0.0,0.0,0.0,0.0,0.0,0.0,0.0,0.0,0.0,0.0,0.0,0.0,0.0,0.0,0.0,0.0,0.0,0.0,0.0,0.0005905237630940974,0.0,0.0,0.0019058078760281205,0.0,0.0,0.0,0.0,0.0,0.0,0.0,0.0,0.0,0.0,0.0,0.0,0.0,0.0,0.0,0.0,0.0,0.0,0.0,0.0,0.0,0.0,0.0,0.0,0.0,0.0,0.0,0.0,0.0,0.0,0.0,0.0,0.0,0.0,0.0,0.0,0.0020384937524795532,0.0,0.0,0.0,0.0,0.0,0.0,0.0,0.0,0.0,0.0,0.0,0.0,0.0,0.0,0.0,0.0,0.0,0.0,0.0,0.0,0.0,0.0,0.27549755573272705,0.0,0.0,0.0,0.0,0.0,0.0,0.0,0.0,0.0009239051141776145,0.0,0.0,0.0,0.0,0.0,0.0,0.0,0.0,0.0,0.0,0.0,0.0,0.0,0.0,0.0,0.0,0.0,0.0,0.09578496962785721,0.0,0.0,0.0,0.0,0.0,0.0,0.0,0.0,0.0,0.0,0.0,0.0,0.0,0.0,0.0,0.0,0.0,0.0,0.0,0.0,0.0,0.0,0.0,0.0,0.0,0.0,0.0034059735480695963,0.0,0.0,0.0,0.0,0.0,0.0,0.0,0.0,0.0,0.0,0.0,0.0,0.0,0.0,0.0,0.0,0.0,0.0,0.0,0.0,0.0,0.0003127045347355306,0.0,0.0018471716903150082,0.0,0.0,0.0,0.0,0.0,0.0,0.0,0.0,0.0,0.0,0.0,0.0,0.0,0.0,0.0,0.0,0.0,0.0,0.0,0.0,0.0,0.0,0.0,0.0,0.0,0.0,0.0,0.00199695467017591,,,,,,,,,,,,,,,,,,,,,,,,,,,,,,,,,,,,,,,,,,,,,,,,,,,,,,,,,,,,,,,,,,,,,,,,,,,,,,,,,,,,,,,,,,,,,,,,,,,,,,,,,,,,,,,,,,,,,,,,,,,,,,,,,,,,,,,,,,,,,,,,,,,,,,,,,,,,,,,,,,,,,,,,,,,,,,,,,,,,,,,,,,,,,,,,,,,,,,,,,,,,,,,,,,,,,,,,,,,,,,,,,,,,,,,,,,,,,,,,,,,,,,,,,,,,,,,,,,,,,,,,,,,,
2019-11-22,558391.4530677228,2310.7113657919863,,,,,,,,,,,30559.023490094638,40848.340808278364,1039061.7711000025,,118469.30609399284,,,,,,48211.96171535864,13933.524472663868,17242.81496597726,5770.778020969346,36217.54650125783,35855.63015017287,,,,,,,,,,,,,,,,,,,,,,,,,,,,,,,,,,,,,,,,,,,,,,,,,,,,,,,,,,,,,,,,,,,,,,,,,,,,,,,,,,,,,,,,,,,,,,,,0.0,0.0,0.0,0.0,0.0,0.0017591469222679734,0.0,0.0,0.0,0.0,0.0,0.0,0.0,0.0,0.0,0.0,0.0,0.0,0.0,0.0,0.0,0.0,0.0,0.0,0.0013064012164250016,0.0,0.0,0.0036453166976571083,0.0,0.0,0.0,0.0035564147401601076,0.0,0.0,0.0,0.0,0.0,0.0,0.0,0.0,0.0,0.35433509945869446,0.0,0.0,0.0,0.0,0.0,0.0,0.000280939566437155,0.0,0.0,0.0,0.0,0.0,0.0,0.0,0.0,0.0,0.0,0.0,0.0,0.0,0.0,0.0,0.0,0.0,0.0,0.0,0.0,0.0,0.0,0.0,0.0,0.0,0.0,0.0,0.0,0.0,0.0,0.0,0.0,0.0002895304933190346,0.0,0.0,0.0,0.0,0.0,0.0,0.0,0.0004514709289651364,0.0,0.0,0.0,0.0,0.0,0.0,0.0,0.0,0.0,0.0,0.0,0.0,0.0,0.0,0.0,0.23673413693904877,0.0,0.0,0.0,0.0,0.0,0.0,0.0,0.0,0.0,0.0,0.0,0.0,0.0,0.0,0.006112119648605585,0.0,0.0,0.0,0.0,0.0,0.0,0.0,0.0,0.0,0.0,0.0,0.0,0.0,0.0009501978638581932,0.0,0.0,0.0,0.0,0.0,0.0,0.0,0.0,0.0,0.0,0.0,0.0,0.0,0.0,0.0,0.0,0.0,0.0,0.0,0.0,0.0,0.0,0.0,0.0,0.0,0.0,0.0,0.0,0.0,0.0,0.0,0.0,0.0,0.0,0.0,0.0,0.0004413347051013261,0.0014393494930118322,0.0,0.0,0.0,0.0,0.0,0.0,0.0,0.0,0.0,0.0,0.0,0.0,0.0,0.0,0.0,0.0,0.0,0.0,0.0,0.0,0.0,0.0010530672734603286,0.0,0.0,0.0,0.0,0.0,0.0,0.0,0.0,0.0,0.0,0.0,0.0,0.0,0.0,0.0,0.0004487152036745101,0.0,0.0,0.0,0.0,0.0,0.0,0.0,0.0,0.0,0.0,0.0,0.0,0.0,0.0,0.0,0.0,0.0,0.0,0.0,0.0,0.0,0.0,0.0,0.002649371512234211,0.0,0.0,0.0,0.0,0.0,0.0,0.0,1.6639629393466748e-05,0.0,0.0,0.0,0.0,0.0,0.0,0.0,0.0,0.0,0.0,0.0,0.0,0.0,0.0,0.0,0.0,0.0,0.0,0.0,0.0,0.0,0.0,0.0,0.0,0.0,0.0,0.0,0.0,0.0,0.0,0.0,0.0,0.0,0.0,0.0,0.0,0.0,0.0,0.0,0.0,0.0,0.0,0.0,0.0,0.0,0.0,0.0,0.0,0.0,0.0,0.0,0.0,0.0,0.0,0.0,0.0,0.0,0.0,0.0,0.0,0.0,0.0,0.0,0.00022665342839900404,0.0,0.0,0.0,0.0,0.0,0.0,0.0,0.0,0.0,0.0,0.0,0.0,0.0,0.0,0.0,0.0,0.0,0.0,0.0,0.0,0.0,0.0,0.0005905237630940974,0.0,0.0,0.0019058078760281205,0.0,0.0,0.0,0.0,0.0,0.0,0.0,0.0,0.0,0.0,0.0,0.0,0.0,0.0,0.0,0.0,0.0,0.0,0.0,0.0,0.0,0.0,0.0,0.0,0.0,0.0,0.0,0.0,0.0,0.0,0.0,0.0,0.0,0.0,0.0,0.0,0.0020384937524795532,0.0,0.0,0.0,0.0,0.0,0.0,0.0,0.0,0.0,0.0,0.0,0.0,0.0,0.0,0.0,0.0,0.0,0.0,0.0,0.0,0.0,0.0,0.27549755573272705,0.0,0.0,0.0,0.0,0.0,0.0,0.0,0.0,0.0009239051141776145,0.0,0.0,0.0,0.0,0.0,0.0,0.0,0.0,0.0,0.0,0.0,0.0,0.0,0.0,0.0,0.0,0.0,0.0,0.09578496962785721,0.0,0.0,0.0,0.0,0.0,0.0,0.0,0.0,0.0,0.0,0.0,0.0,0.0,0.0,0.0,0.0,0.0,0.0,0.0,0.0,0.0,0.0,0.0,0.0,0.0,0.0,0.0034059735480695963,0.0,0.0,0.0,0.0,0.0,0.0,0.0,0.0,0.0,0.0,0.0,0.0,0.0,0.0,0.0,0.0,0.0,0.0,0.0,0.0,0.0,0.0003127045347355306,0.0,0.0018471716903150082,0.0,0.0,0.0,0.0,0.0,0.0,0.0,0.0,0.0,0.0,0.0,0.0,0.0,0.0,0.0,0.0,0.0,0.0,0.0,0.0,0.0,0.0,0.0,0.0,0.0,0.0,0.0,0.00199695467017591,,,,,,,,,,,,,,,,,,,,,,,,,,,,,,,,,,,,,,,,,,,,,,,,,,,,,,,,,,,,,,,,,,,,,,,,,,,,,,,,,,,,,,,,,,,,,,,,,,,,,,,,,,,,,,,,,,,,,,,,,,,,,,,,,,,,,,,,,,,,,,,,,,,,,,,,,,,,,,,,,,,,,,,,,,,,,,,,,,,,,,,,,,,,,,,,,,,,,,,,,,,,,,,,,,,,,,,,,,,,,,,,,,,,,,,,,,,,,,,,,,,,,,,,,,,,,,,,,,,,,,,,,,,,
2019-11-25,563715.2286897368,2814.1335732972902,,,,,,,,,,,30559.023490094638,43031.20616342732,1039061.7711000025,,115676.77493249117,,,,,,48345.739615528255,13638.124448479077,17066.71745102035,5770.778020969346,36213.55504408884,35622.176765430064,,,,,,,,,,,,,,,,,,,,,,,,,,,,,,,,,,,,,,,,,,,,,,,,,,,,,,,,,,,,,,,,,,,,,,,,,,,,,,,,,,,,,,,,,,,,,,,,0.0,0.0,0.0,0.0,0.0,0.0017591469222679734,0.0,0.0,0.0,0.0,0.0,0.0,0.0,0.0,0.0,0.0,0.0,0.0,0.0,0.0,0.0,0.0,0.0,0.0,0.0013064012164250016,0.0,0.0,0.0036453166976571083,0.0,0.0,0.0,0.0035564147401601076,0.0,0.0,0.0,0.0,0.0,0.0,0.0,0.0,0.0,0.35433509945869446,0.0,0.0,0.0,0.0,0.0,0.0,0.000280939566437155,0.0,0.0,0.0,0.0,0.0,0.0,0.0,0.0,0.0,0.0,0.0,0.0,0.0,0.0,0.0,0.0,0.0,0.0,0.0,0.0,0.0,0.0,0.0,0.0,0.0,0.0,0.0,0.0,0.0,0.0,0.0,0.0,0.0002895304933190346,0.0,0.0,0.0,0.0,0.0,0.0,0.0,0.0004514709289651364,0.0,0.0,0.0,0.0,0.0,0.0,0.0,0.0,0.0,0.0,0.0,0.0,0.0,0.0,0.0,0.23673413693904877,0.0,0.0,0.0,0.0,0.0,0.0,0.0,0.0,0.0,0.0,0.0,0.0,0.0,0.0,0.006112119648605585,0.0,0.0,0.0,0.0,0.0,0.0,0.0,0.0,0.0,0.0,0.0,0.0,0.0,0.0009501978638581932,0.0,0.0,0.0,0.0,0.0,0.0,0.0,0.0,0.0,0.0,0.0,0.0,0.0,0.0,0.0,0.0,0.0,0.0,0.0,0.0,0.0,0.0,0.0,0.0,0.0,0.0,0.0,0.0,0.0,0.0,0.0,0.0,0.0,0.0,0.0,0.0,0.0004413347051013261,0.0014393494930118322,0.0,0.0,0.0,0.0,0.0,0.0,0.0,0.0,0.0,0.0,0.0,0.0,0.0,0.0,0.0,0.0,0.0,0.0,0.0,0.0,0.0,0.0010530672734603286,0.0,0.0,0.0,0.0,0.0,0.0,0.0,0.0,0.0,0.0,0.0,0.0,0.0,0.0,0.0,0.0004487152036745101,0.0,0.0,0.0,0.0,0.0,0.0,0.0,0.0,0.0,0.0,0.0,0.0,0.0,0.0,0.0,0.0,0.0,0.0,0.0,0.0,0.0,0.0,0.0,0.002649371512234211,0.0,0.0,0.0,0.0,0.0,0.0,0.0,1.6639629393466748e-05,0.0,0.0,0.0,0.0,0.0,0.0,0.0,0.0,0.0,0.0,0.0,0.0,0.0,0.0,0.0,0.0,0.0,0.0,0.0,0.0,0.0,0.0,0.0,0.0,0.0,0.0,0.0,0.0,0.0,0.0,0.0,0.0,0.0,0.0,0.0,0.0,0.0,0.0,0.0,0.0,0.0,0.0,0.0,0.0,0.0,0.0,0.0,0.0,0.0,0.0,0.0,0.0,0.0,0.0,0.0,0.0,0.0,0.0,0.0,0.0,0.0,0.0,0.0,0.00022665342839900404,0.0,0.0,0.0,0.0,0.0,0.0,0.0,0.0,0.0,0.0,0.0,0.0,0.0,0.0,0.0,0.0,0.0,0.0,0.0,0.0,0.0,0.0,0.0005905237630940974,0.0,0.0,0.0019058078760281205,0.0,0.0,0.0,0.0,0.0,0.0,0.0,0.0,0.0,0.0,0.0,0.0,0.0,0.0,0.0,0.0,0.0,0.0,0.0,0.0,0.0,0.0,0.0,0.0,0.0,0.0,0.0,0.0,0.0,0.0,0.0,0.0,0.0,0.0,0.0,0.0,0.0020384937524795532,0.0,0.0,0.0,0.0,0.0,0.0,0.0,0.0,0.0,0.0,0.0,0.0,0.0,0.0,0.0,0.0,0.0,0.0,0.0,0.0,0.0,0.0,0.27549755573272705,0.0,0.0,0.0,0.0,0.0,0.0,0.0,0.0,0.0009239051141776145,0.0,0.0,0.0,0.0,0.0,0.0,0.0,0.0,0.0,0.0,0.0,0.0,0.0,0.0,0.0,0.0,0.0,0.0,0.09578496962785721,0.0,0.0,0.0,0.0,0.0,0.0,0.0,0.0,0.0,0.0,0.0,0.0,0.0,0.0,0.0,0.0,0.0,0.0,0.0,0.0,0.0,0.0,0.0,0.0,0.0,0.0,0.0034059735480695963,0.0,0.0,0.0,0.0,0.0,0.0,0.0,0.0,0.0,0.0,0.0,0.0,0.0,0.0,0.0,0.0,0.0,0.0,0.0,0.0,0.0,0.0003127045347355306,0.0,0.0018471716903150082,0.0,0.0,0.0,0.0,0.0,0.0,0.0,0.0,0.0,0.0,0.0,0.0,0.0,0.0,0.0,0.0,0.0,0.0,0.0,0.0,0.0,0.0,0.0,0.0,0.0,0.0,0.0,0.00199695467017591,,,,,,,,,,,,,,,,,,,,,,,,,,,,,,,,,,,,,,,,,,,,,,,,,,,,,,,,,,,,,,,,,,,,,,,,,,,,,,,,,,,,,,,,,,,,,,,,,,,,,,,,,,,,,,,,,,,,,,,,,,,,,,,,,,,,,,,,,,,,,,,,,,,,,,,,,,,,,,,,,,,,,,,,,,,,,,,,,,,,,,,,,,,,,,,,,,,,,,,,,,,,,,,,,,,,,,,,,,,,,,,,,,,,,,,,,,,,,,,,,,,,,,,,,,,,,,,,,,,,,,,,,,,,
2019-11-26,562914.0182255184,1310.4100042537464,,,,,,,,,,,30559.023490094638,42011.7415538351,1039061.7711000025,,115618.73277732187,,,,,,46972.28110372348,13936.91559799574,16953.26168844683,6182.9578422195955,36213.55504408884,35617.391304347824,,,,,,,,,,,,,,,,,,,,,,,,,,,,,,,,,,,,,,,,,,,,,,,,,,,,,,,,,,,,,,,,,,,,,,,,,,,,,,,,,,,,,,,,,,,,,,,,0.0,0.0,0.0,0.0,0.0,0.0017591469222679734,0.0,0.0,0.0,0.0,0.0,0.0,0.0,0.0,0.0,0.0,0.0,0.0,0.0,0.0,0.0,0.0,0.0,0.0,0.0013064012164250016,0.0,0.0,0.0036453166976571083,0.0,0.0,0.0,0.0035564147401601076,0.0,0.0,0.0,0.0,0.0,0.0,0.0,0.0,0.0,0.35433509945869446,0.0,0.0,0.0,0.0,0.0,0.0,0.000280939566437155,0.0,0.0,0.0,0.0,0.0,0.0,0.0,0.0,0.0,0.0,0.0,0.0,0.0,0.0,0.0,0.0,0.0,0.0,0.0,0.0,0.0,0.0,0.0,0.0,0.0,0.0,0.0,0.0,0.0,0.0,0.0,0.0,0.0002895304933190346,0.0,0.0,0.0,0.0,0.0,0.0,0.0,0.0004514709289651364,0.0,0.0,0.0,0.0,0.0,0.0,0.0,0.0,0.0,0.0,0.0,0.0,0.0,0.0,0.0,0.23673413693904877,0.0,0.0,0.0,0.0,0.0,0.0,0.0,0.0,0.0,0.0,0.0,0.0,0.0,0.0,0.006112119648605585,0.0,0.0,0.0,0.0,0.0,0.0,0.0,0.0,0.0,0.0,0.0,0.0,0.0,0.0009501978638581932,0.0,0.0,0.0,0.0,0.0,0.0,0.0,0.0,0.0,0.0,0.0,0.0,0.0,0.0,0.0,0.0,0.0,0.0,0.0,0.0,0.0,0.0,0.0,0.0,0.0,0.0,0.0,0.0,0.0,0.0,0.0,0.0,0.0,0.0,0.0,0.0,0.0004413347051013261,0.0014393494930118322,0.0,0.0,0.0,0.0,0.0,0.0,0.0,0.0,0.0,0.0,0.0,0.0,0.0,0.0,0.0,0.0,0.0,0.0,0.0,0.0,0.0,0.0010530672734603286,0.0,0.0,0.0,0.0,0.0,0.0,0.0,0.0,0.0,0.0,0.0,0.0,0.0,0.0,0.0,0.0004487152036745101,0.0,0.0,0.0,0.0,0.0,0.0,0.0,0.0,0.0,0.0,0.0,0.0,0.0,0.0,0.0,0.0,0.0,0.0,0.0,0.0,0.0,0.0,0.0,0.002649371512234211,0.0,0.0,0.0,0.0,0.0,0.0,0.0,1.6639629393466748e-05,0.0,0.0,0.0,0.0,0.0,0.0,0.0,0.0,0.0,0.0,0.0,0.0,0.0,0.0,0.0,0.0,0.0,0.0,0.0,0.0,0.0,0.0,0.0,0.0,0.0,0.0,0.0,0.0,0.0,0.0,0.0,0.0,0.0,0.0,0.0,0.0,0.0,0.0,0.0,0.0,0.0,0.0,0.0,0.0,0.0,0.0,0.0,0.0,0.0,0.0,0.0,0.0,0.0,0.0,0.0,0.0,0.0,0.0,0.0,0.0,0.0,0.0,0.0,0.00022665342839900404,0.0,0.0,0.0,0.0,0.0,0.0,0.0,0.0,0.0,0.0,0.0,0.0,0.0,0.0,0.0,0.0,0.0,0.0,0.0,0.0,0.0,0.0,0.0005905237630940974,0.0,0.0,0.0019058078760281205,0.0,0.0,0.0,0.0,0.0,0.0,0.0,0.0,0.0,0.0,0.0,0.0,0.0,0.0,0.0,0.0,0.0,0.0,0.0,0.0,0.0,0.0,0.0,0.0,0.0,0.0,0.0,0.0,0.0,0.0,0.0,0.0,0.0,0.0,0.0,0.0,0.0020384937524795532,0.0,0.0,0.0,0.0,0.0,0.0,0.0,0.0,0.0,0.0,0.0,0.0,0.0,0.0,0.0,0.0,0.0,0.0,0.0,0.0,0.0,0.0,0.27549755573272705,0.0,0.0,0.0,0.0,0.0,0.0,0.0,0.0,0.0009239051141776145,0.0,0.0,0.0,0.0,0.0,0.0,0.0,0.0,0.0,0.0,0.0,0.0,0.0,0.0,0.0,0.0,0.0,0.0,0.09578496962785721,0.0,0.0,0.0,0.0,0.0,0.0,0.0,0.0,0.0,0.0,0.0,0.0,0.0,0.0,0.0,0.0,0.0,0.0,0.0,0.0,0.0,0.0,0.0,0.0,0.0,0.0,0.0034059735480695963,0.0,0.0,0.0,0.0,0.0,0.0,0.0,0.0,0.0,0.0,0.0,0.0,0.0,0.0,0.0,0.0,0.0,0.0,0.0,0.0,0.0,0.0003127045347355306,0.0,0.0018471716903150082,0.0,0.0,0.0,0.0,0.0,0.0,0.0,0.0,0.0,0.0,0.0,0.0,0.0,0.0,0.0,0.0,0.0,0.0,0.0,0.0,0.0,0.0,0.0,0.0,0.0,0.0,0.0,0.00199695467017591,,,,,,,,,,,,,,,,,,,,,,,,,,,,,,,,,,,,,,,,,,,,,,,,,,,,,,,,,,,,,,,,,,,,,,,,,,,,,,,,,,,,,,,,,,,,,,,,,,,,,,,,,,,,,,,,,,,,,,,,,,,,,,,,,,,,,,,,,,,,,,,,,,,,,,,,,,,,,,,,,,,,,,,,,,,,,,,,,,,,,,,,,,,,,,,,,,,,,,,,,,,,,,,,,,,,,,,,,,,,,,,,,,,,,,,,,,,,,,,,,,,,,,,,,,,,,,,,,,,,,,,,,,,,
2019-11-27,559306.4174209804,1737.2761704139793,,,,,,,,,,,30559.023490094638,42376.189346040235,1039061.7711000025,,109394.14778537137,,,,,,46823.270934559165,14232.640738416012,17127.43903456101,6183.0182263463375,36213.55504408884,36082.09865880113,,,,,,,,,,,,,,,,,,,,,,,,,,,,,,,,,,,,,,,,,,,,,,,,,,,,,,,,,,,,,,,,,,,,,,,,,,,,,,,,,,,,,,,,,,,,,,,,0.0,0.0,0.0,0.0,0.0,0.0017591469222679734,0.0,0.0,0.0,0.0,0.0,0.0,0.0,0.0,0.0,0.0,0.0,0.0,0.0,0.0,0.0,0.0,0.0,0.0,0.0013064012164250016,0.0,0.0,0.0036453166976571083,0.0,0.0,0.0,0.0035564147401601076,0.0,0.0,0.0,0.0,0.0,0.0,0.0,0.0,0.0,0.35433509945869446,0.0,0.0,0.0,0.0,0.0,0.0,0.000280939566437155,0.0,0.0,0.0,0.0,0.0,0.0,0.0,0.0,0.0,0.0,0.0,0.0,0.0,0.0,0.0,0.0,0.0,0.0,0.0,0.0,0.0,0.0,0.0,0.0,0.0,0.0,0.0,0.0,0.0,0.0,0.0,0.0,0.0002895304933190346,0.0,0.0,0.0,0.0,0.0,0.0,0.0,0.0004514709289651364,0.0,0.0,0.0,0.0,0.0,0.0,0.0,0.0,0.0,0.0,0.0,0.0,0.0,0.0,0.0,0.23673413693904877,0.0,0.0,0.0,0.0,0.0,0.0,0.0,0.0,0.0,0.0,0.0,0.0,0.0,0.0,0.006112119648605585,0.0,0.0,0.0,0.0,0.0,0.0,0.0,0.0,0.0,0.0,0.0,0.0,0.0,0.0009501978638581932,0.0,0.0,0.0,0.0,0.0,0.0,0.0,0.0,0.0,0.0,0.0,0.0,0.0,0.0,0.0,0.0,0.0,0.0,0.0,0.0,0.0,0.0,0.0,0.0,0.0,0.0,0.0,0.0,0.0,0.0,0.0,0.0,0.0,0.0,0.0,0.0,0.0004413347051013261,0.0014393494930118322,0.0,0.0,0.0,0.0,0.0,0.0,0.0,0.0,0.0,0.0,0.0,0.0,0.0,0.0,0.0,0.0,0.0,0.0,0.0,0.0,0.0,0.0010530672734603286,0.0,0.0,0.0,0.0,0.0,0.0,0.0,0.0,0.0,0.0,0.0,0.0,0.0,0.0,0.0,0.0004487152036745101,0.0,0.0,0.0,0.0,0.0,0.0,0.0,0.0,0.0,0.0,0.0,0.0,0.0,0.0,0.0,0.0,0.0,0.0,0.0,0.0,0.0,0.0,0.0,0.002649371512234211,0.0,0.0,0.0,0.0,0.0,0.0,0.0,1.6639629393466748e-05,0.0,0.0,0.0,0.0,0.0,0.0,0.0,0.0,0.0,0.0,0.0,0.0,0.0,0.0,0.0,0.0,0.0,0.0,0.0,0.0,0.0,0.0,0.0,0.0,0.0,0.0,0.0,0.0,0.0,0.0,0.0,0.0,0.0,0.0,0.0,0.0,0.0,0.0,0.0,0.0,0.0,0.0,0.0,0.0,0.0,0.0,0.0,0.0,0.0,0.0,0.0,0.0,0.0,0.0,0.0,0.0,0.0,0.0,0.0,0.0,0.0,0.0,0.0,0.00022665342839900404,0.0,0.0,0.0,0.0,0.0,0.0,0.0,0.0,0.0,0.0,0.0,0.0,0.0,0.0,0.0,0.0,0.0,0.0,0.0,0.0,0.0,0.0,0.0005905237630940974,0.0,0.0,0.0019058078760281205,0.0,0.0,0.0,0.0,0.0,0.0,0.0,0.0,0.0,0.0,0.0,0.0,0.0,0.0,0.0,0.0,0.0,0.0,0.0,0.0,0.0,0.0,0.0,0.0,0.0,0.0,0.0,0.0,0.0,0.0,0.0,0.0,0.0,0.0,0.0,0.0,0.0020384937524795532,0.0,0.0,0.0,0.0,0.0,0.0,0.0,0.0,0.0,0.0,0.0,0.0,0.0,0.0,0.0,0.0,0.0,0.0,0.0,0.0,0.0,0.0,0.27549755573272705,0.0,0.0,0.0,0.0,0.0,0.0,0.0,0.0,0.0009239051141776145,0.0,0.0,0.0,0.0,0.0,0.0,0.0,0.0,0.0,0.0,0.0,0.0,0.0,0.0,0.0,0.0,0.0,0.0,0.09578496962785721,0.0,0.0,0.0,0.0,0.0,0.0,0.0,0.0,0.0,0.0,0.0,0.0,0.0,0.0,0.0,0.0,0.0,0.0,0.0,0.0,0.0,0.0,0.0,0.0,0.0,0.0,0.0034059735480695963,0.0,0.0,0.0,0.0,0.0,0.0,0.0,0.0,0.0,0.0,0.0,0.0,0.0,0.0,0.0,0.0,0.0,0.0,0.0,0.0,0.0,0.0003127045347355306,0.0,0.0018471716903150082,0.0,0.0,0.0,0.0,0.0,0.0,0.0,0.0,0.0,0.0,0.0,0.0,0.0,0.0,0.0,0.0,0.0,0.0,0.0,0.0,0.0,0.0,0.0,0.0,0.0,0.0,0.0,0.00199695467017591,,,,,,,,,,,,,,,,,,,,,,,,,,,,,,,,,,,,,,,,,,,,,,,,,,,,,,,,,,,,,,,,,,,,,,,,,,,,,,,,,,,,,,,,,,,,,,,,,,,,,,,,,,,,,,,,,,,,,,,,,,,,,,,,,,,,,,,,,,,,,,,,,,,,,,,,,,,,,,,,,,,,,,,,,,,,,,,,,,,,,,,,,,,,,,,,,,,,,,,,,,,,,,,,,,,,,,,,,,,,,,,,,,,,,,,,,,,,,,,,,,,,,,,,,,,,,,,,,,,,,,,,,,,,
2019-11-28,562680.6001028676,2606.1667771931434,,,,,,,,,,,30559.023490094638,46154.004141825775,1039061.7711000025,,101658.3848643802,,,,,,46830.03192790784,13934.117862021638,17008.66739166314,6182.8101149574395,36213.55504408884,36314.85354894297,,,,,,,,,,,,,,,,,,,,,,,,,,,,,,,,,,,,,,,,,,,,,,,,,,,,,,,,,,,,,,,,,,,,,,,,,,,,,,,,,,,,,,,,,,,,,,,,0.0,0.0,0.0,0.0,0.0,0.0017591469222679734,0.0,0.0,0.0,0.0,0.0,0.0,0.0,0.0,0.0,0.0,0.0,0.0,0.0,0.0,0.0,0.0,0.0,0.0,0.0013064012164250016,0.0,0.0,0.0036453166976571083,0.0,0.0,0.0,0.0035564147401601076,0.0,0.0,0.0,0.0,0.0,0.0,0.0,0.0,0.0,0.35433509945869446,0.0,0.0,0.0,0.0,0.0,0.0,0.000280939566437155,0.0,0.0,0.0,0.0,0.0,0.0,0.0,0.0,0.0,0.0,0.0,0.0,0.0,0.0,0.0,0.0,0.0,0.0,0.0,0.0,0.0,0.0,0.0,0.0,0.0,0.0,0.0,0.0,0.0,0.0,0.0,0.0,0.0002895304933190346,0.0,0.0,0.0,0.0,0.0,0.0,0.0,0.0004514709289651364,0.0,0.0,0.0,0.0,0.0,0.0,0.0,0.0,0.0,0.0,0.0,0.0,0.0,0.0,0.0,0.23673413693904877,0.0,0.0,0.0,0.0,0.0,0.0,0.0,0.0,0.0,0.0,0.0,0.0,0.0,0.0,0.006112119648605585,0.0,0.0,0.0,0.0,0.0,0.0,0.0,0.0,0.0,0.0,0.0,0.0,0.0,0.0009501978638581932,0.0,0.0,0.0,0.0,0.0,0.0,0.0,0.0,0.0,0.0,0.0,0.0,0.0,0.0,0.0,0.0,0.0,0.0,0.0,0.0,0.0,0.0,0.0,0.0,0.0,0.0,0.0,0.0,0.0,0.0,0.0,0.0,0.0,0.0,0.0,0.0,0.0004413347051013261,0.0014393494930118322,0.0,0.0,0.0,0.0,0.0,0.0,0.0,0.0,0.0,0.0,0.0,0.0,0.0,0.0,0.0,0.0,0.0,0.0,0.0,0.0,0.0,0.0010530672734603286,0.0,0.0,0.0,0.0,0.0,0.0,0.0,0.0,0.0,0.0,0.0,0.0,0.0,0.0,0.0,0.0004487152036745101,0.0,0.0,0.0,0.0,0.0,0.0,0.0,0.0,0.0,0.0,0.0,0.0,0.0,0.0,0.0,0.0,0.0,0.0,0.0,0.0,0.0,0.0,0.0,0.002649371512234211,0.0,0.0,0.0,0.0,0.0,0.0,0.0,1.6639629393466748e-05,0.0,0.0,0.0,0.0,0.0,0.0,0.0,0.0,0.0,0.0,0.0,0.0,0.0,0.0,0.0,0.0,0.0,0.0,0.0,0.0,0.0,0.0,0.0,0.0,0.0,0.0,0.0,0.0,0.0,0.0,0.0,0.0,0.0,0.0,0.0,0.0,0.0,0.0,0.0,0.0,0.0,0.0,0.0,0.0,0.0,0.0,0.0,0.0,0.0,0.0,0.0,0.0,0.0,0.0,0.0,0.0,0.0,0.0,0.0,0.0,0.0,0.0,0.0,0.00022665342839900404,0.0,0.0,0.0,0.0,0.0,0.0,0.0,0.0,0.0,0.0,0.0,0.0,0.0,0.0,0.0,0.0,0.0,0.0,0.0,0.0,0.0,0.0,0.0005905237630940974,0.0,0.0,0.0019058078760281205,0.0,0.0,0.0,0.0,0.0,0.0,0.0,0.0,0.0,0.0,0.0,0.0,0.0,0.0,0.0,0.0,0.0,0.0,0.0,0.0,0.0,0.0,0.0,0.0,0.0,0.0,0.0,0.0,0.0,0.0,0.0,0.0,0.0,0.0,0.0,0.0,0.0020384937524795532,0.0,0.0,0.0,0.0,0.0,0.0,0.0,0.0,0.0,0.0,0.0,0.0,0.0,0.0,0.0,0.0,0.0,0.0,0.0,0.0,0.0,0.0,0.27549755573272705,0.0,0.0,0.0,0.0,0.0,0.0,0.0,0.0,0.0009239051141776145,0.0,0.0,0.0,0.0,0.0,0.0,0.0,0.0,0.0,0.0,0.0,0.0,0.0,0.0,0.0,0.0,0.0,0.0,0.09578496962785721,0.0,0.0,0.0,0.0,0.0,0.0,0.0,0.0,0.0,0.0,0.0,0.0,0.0,0.0,0.0,0.0,0.0,0.0,0.0,0.0,0.0,0.0,0.0,0.0,0.0,0.0,0.0034059735480695963,0.0,0.0,0.0,0.0,0.0,0.0,0.0,0.0,0.0,0.0,0.0,0.0,0.0,0.0,0.0,0.0,0.0,0.0,0.0,0.0,0.0,0.0003127045347355306,0.0,0.0018471716903150082,0.0,0.0,0.0,0.0,0.0,0.0,0.0,0.0,0.0,0.0,0.0,0.0,0.0,0.0,0.0,0.0,0.0,0.0,0.0,0.0,0.0,0.0,0.0,0.0,0.0,0.0,0.0,0.00199695467017591,,,,,,,,,,,,,,,,,,,,,,,,,,,,,,,,,,,,,,,,,,,,,,,,,,,,,,,,,,,,,,,,,,,,,,,,,,,,,,,,,,,,,,,,,,,,,,,,,,,,,,,,,,,,,,,,,,,,,,,,,,,,,,,,,,,,,,,,,,,,,,,,,,,,,,,,,,,,,,,,,,,,,,,,,,,,,,,,,,,,,,,,,,,,,,,,,,,,,,,,,,,,,,,,,,,,,,,,,,,,,,,,,,,,,,,,,,,,,,,,,,,,,,,,,,,,,,,,,,,,,,,,,,,,
2019-11-29,566822.3448787259,2732.4455102411052,,,,,,,,,,,30559.023490094638,48700.79502750592,1039061.7711000025,,95081.12179154278,,,,,,47104.69487176654,13933.85809407065,16836.67850387472,6182.976451038585,36213.55504408884,37007.280675693466,,,,,,,,,,,,,,,,,,,,,,,,,,,,,,,,,,,,,,,,,,,,,,,,,,,,,,,,,,,,,,,,,,,,,,,,,,,,,,,,,,,,,,,,,,,,,,,,0.0,0.0,0.0,0.0,0.0,0.0017591469222679734,0.0,0.0,0.0,0.0,0.0,0.0,0.0,0.0,0.0,0.0,0.0,0.0,0.0,0.0,0.0,0.0,0.0,0.0,0.0013064012164250016,0.0,0.0,0.0036453166976571083,0.0,0.0,0.0,0.0035564147401601076,0.0,0.0,0.0,0.0,0.0,0.0,0.0,0.0,0.0,0.35433509945869446,0.0,0.0,0.0,0.0,0.0,0.0,0.000280939566437155,0.0,0.0,0.0,0.0,0.0,0.0,0.0,0.0,0.0,0.0,0.0,0.0,0.0,0.0,0.0,0.0,0.0,0.0,0.0,0.0,0.0,0.0,0.0,0.0,0.0,0.0,0.0,0.0,0.0,0.0,0.0,0.0,0.0002895304933190346,0.0,0.0,0.0,0.0,0.0,0.0,0.0,0.0004514709289651364,0.0,0.0,0.0,0.0,0.0,0.0,0.0,0.0,0.0,0.0,0.0,0.0,0.0,0.0,0.0,0.23673413693904877,0.0,0.0,0.0,0.0,0.0,0.0,0.0,0.0,0.0,0.0,0.0,0.0,0.0,0.0,0.006112119648605585,0.0,0.0,0.0,0.0,0.0,0.0,0.0,0.0,0.0,0.0,0.0,0.0,0.0,0.0009501978638581932,0.0,0.0,0.0,0.0,0.0,0.0,0.0,0.0,0.0,0.0,0.0,0.0,0.0,0.0,0.0,0.0,0.0,0.0,0.0,0.0,0.0,0.0,0.0,0.0,0.0,0.0,0.0,0.0,0.0,0.0,0.0,0.0,0.0,0.0,0.0,0.0,0.0004413347051013261,0.0014393494930118322,0.0,0.0,0.0,0.0,0.0,0.0,0.0,0.0,0.0,0.0,0.0,0.0,0.0,0.0,0.0,0.0,0.0,0.0,0.0,0.0,0.0,0.0010530672734603286,0.0,0.0,0.0,0.0,0.0,0.0,0.0,0.0,0.0,0.0,0.0,0.0,0.0,0.0,0.0,0.0004487152036745101,0.0,0.0,0.0,0.0,0.0,0.0,0.0,0.0,0.0,0.0,0.0,0.0,0.0,0.0,0.0,0.0,0.0,0.0,0.0,0.0,0.0,0.0,0.0,0.002649371512234211,0.0,0.0,0.0,0.0,0.0,0.0,0.0,1.6639629393466748e-05,0.0,0.0,0.0,0.0,0.0,0.0,0.0,0.0,0.0,0.0,0.0,0.0,0.0,0.0,0.0,0.0,0.0,0.0,0.0,0.0,0.0,0.0,0.0,0.0,0.0,0.0,0.0,0.0,0.0,0.0,0.0,0.0,0.0,0.0,0.0,0.0,0.0,0.0,0.0,0.0,0.0,0.0,0.0,0.0,0.0,0.0,0.0,0.0,0.0,0.0,0.0,0.0,0.0,0.0,0.0,0.0,0.0,0.0,0.0,0.0,0.0,0.0,0.0,0.00022665342839900404,0.0,0.0,0.0,0.0,0.0,0.0,0.0,0.0,0.0,0.0,0.0,0.0,0.0,0.0,0.0,0.0,0.0,0.0,0.0,0.0,0.0,0.0,0.0005905237630940974,0.0,0.0,0.0019058078760281205,0.0,0.0,0.0,0.0,0.0,0.0,0.0,0.0,0.0,0.0,0.0,0.0,0.0,0.0,0.0,0.0,0.0,0.0,0.0,0.0,0.0,0.0,0.0,0.0,0.0,0.0,0.0,0.0,0.0,0.0,0.0,0.0,0.0,0.0,0.0,0.0,0.0020384937524795532,0.0,0.0,0.0,0.0,0.0,0.0,0.0,0.0,0.0,0.0,0.0,0.0,0.0,0.0,0.0,0.0,0.0,0.0,0.0,0.0,0.0,0.0,0.27549755573272705,0.0,0.0,0.0,0.0,0.0,0.0,0.0,0.0,0.0009239051141776145,0.0,0.0,0.0,0.0,0.0,0.0,0.0,0.0,0.0,0.0,0.0,0.0,0.0,0.0,0.0,0.0,0.0,0.0,0.09578496962785721,0.0,0.0,0.0,0.0,0.0,0.0,0.0,0.0,0.0,0.0,0.0,0.0,0.0,0.0,0.0,0.0,0.0,0.0,0.0,0.0,0.0,0.0,0.0,0.0,0.0,0.0,0.0034059735480695963,0.0,0.0,0.0,0.0,0.0,0.0,0.0,0.0,0.0,0.0,0.0,0.0,0.0,0.0,0.0,0.0,0.0,0.0,0.0,0.0,0.0,0.0003127045347355306,0.0,0.0018471716903150082,0.0,0.0,0.0,0.0,0.0,0.0,0.0,0.0,0.0,0.0,0.0,0.0,0.0,0.0,0.0,0.0,0.0,0.0,0.0,0.0,0.0,0.0,0.0,0.0,0.0,0.0,0.0,0.00199695467017591,,,,,,,,,,,,,,,,,,,,,,,,,,,,,,,,,,,,,,,,,,,,,,,,,,,,,,,,,,,,,,,,,,,,,,,,,,,,,,,,,,,,,,,,,,,,,,,,,,,,,,,,,,,,,,,,,,,,,,,,,,,,,,,,,,,,,,,,,,,,,,,,,,,,,,,,,,,,,,,,,,,,,,,,,,,,,,,,,,,,,,,,,,,,,,,,,,,,,,,,,,,,,,,,,,,,,,,,,,,,,,,,,,,,,,,,,,,,,,,,,,,,,,,,,,,,,,,,,,,,,,,,,,,,
2019-12-02,561406.9870399209,3255.996344737984,,,,,,,,,,,30559.023490094638,46227.54877536506,1039061.7711000025,,99973.1494956947,,,,,,45734.56599497009,13342.361436704105,16836.925543814763,6182.714798542902,39001.018213880125,37006.54346153934,,,,,,,,,,,,,,,,,,,,,,,,,,,,,,,,,,,,,,,,,,,,,,,,,,,,,,,,,,,,,,,,,,,,,,,,,,,,,,,,,,,,,,,,,,,,,,,,0.0,0.0,0.0,0.0,0.0,0.0017591469222679734,0.0,0.0,0.0,0.0,0.0,0.0,0.0,0.0,0.0,0.0,0.0,0.0,0.0,0.0,0.0,0.0,0.0,0.0,0.0013064012164250016,0.0,0.0,0.0036453166976571083,0.0,0.0,0.0,0.0035564147401601076,0.0,0.0,0.0,0.0,0.0,0.0,0.0,0.0,0.0,0.35433509945869446,0.0,0.0,0.0,0.0,0.0,0.0,0.000280939566437155,0.0,0.0,0.0,0.0,0.0,0.0,0.0,0.0,0.0,0.0,0.0,0.0,0.0,0.0,0.0,0.0,0.0,0.0,0.0,0.0,0.0,0.0,0.0,0.0,0.0,0.0,0.0,0.0,0.0,0.0,0.0,0.0,0.0002895304933190346,0.0,0.0,0.0,0.0,0.0,0.0,0.0,0.0004514709289651364,0.0,0.0,0.0,0.0,0.0,0.0,0.0,0.0,0.0,0.0,0.0,0.0,0.0,0.0,0.0,0.23673413693904877,0.0,0.0,0.0,0.0,0.0,0.0,0.0,0.0,0.0,0.0,0.0,0.0,0.0,0.0,0.006112119648605585,0.0,0.0,0.0,0.0,0.0,0.0,0.0,0.0,0.0,0.0,0.0,0.0,0.0,0.0009501978638581932,0.0,0.0,0.0,0.0,0.0,0.0,0.0,0.0,0.0,0.0,0.0,0.0,0.0,0.0,0.0,0.0,0.0,0.0,0.0,0.0,0.0,0.0,0.0,0.0,0.0,0.0,0.0,0.0,0.0,0.0,0.0,0.0,0.0,0.0,0.0,0.0,0.0004413347051013261,0.0014393494930118322,0.0,0.0,0.0,0.0,0.0,0.0,0.0,0.0,0.0,0.0,0.0,0.0,0.0,0.0,0.0,0.0,0.0,0.0,0.0,0.0,0.0,0.0010530672734603286,0.0,0.0,0.0,0.0,0.0,0.0,0.0,0.0,0.0,0.0,0.0,0.0,0.0,0.0,0.0,0.0004487152036745101,0.0,0.0,0.0,0.0,0.0,0.0,0.0,0.0,0.0,0.0,0.0,0.0,0.0,0.0,0.0,0.0,0.0,0.0,0.0,0.0,0.0,0.0,0.0,0.002649371512234211,0.0,0.0,0.0,0.0,0.0,0.0,0.0,1.6639629393466748e-05,0.0,0.0,0.0,0.0,0.0,0.0,0.0,0.0,0.0,0.0,0.0,0.0,0.0,0.0,0.0,0.0,0.0,0.0,0.0,0.0,0.0,0.0,0.0,0.0,0.0,0.0,0.0,0.0,0.0,0.0,0.0,0.0,0.0,0.0,0.0,0.0,0.0,0.0,0.0,0.0,0.0,0.0,0.0,0.0,0.0,0.0,0.0,0.0,0.0,0.0,0.0,0.0,0.0,0.0,0.0,0.0,0.0,0.0,0.0,0.0,0.0,0.0,0.0,0.00022665342839900404,0.0,0.0,0.0,0.0,0.0,0.0,0.0,0.0,0.0,0.0,0.0,0.0,0.0,0.0,0.0,0.0,0.0,0.0,0.0,0.0,0.0,0.0,0.0005905237630940974,0.0,0.0,0.0019058078760281205,0.0,0.0,0.0,0.0,0.0,0.0,0.0,0.0,0.0,0.0,0.0,0.0,0.0,0.0,0.0,0.0,0.0,0.0,0.0,0.0,0.0,0.0,0.0,0.0,0.0,0.0,0.0,0.0,0.0,0.0,0.0,0.0,0.0,0.0,0.0,0.0,0.0020384937524795532,0.0,0.0,0.0,0.0,0.0,0.0,0.0,0.0,0.0,0.0,0.0,0.0,0.0,0.0,0.0,0.0,0.0,0.0,0.0,0.0,0.0,0.0,0.27549755573272705,0.0,0.0,0.0,0.0,0.0,0.0,0.0,0.0,0.0009239051141776145,0.0,0.0,0.0,0.0,0.0,0.0,0.0,0.0,0.0,0.0,0.0,0.0,0.0,0.0,0.0,0.0,0.0,0.0,0.09578496962785721,0.0,0.0,0.0,0.0,0.0,0.0,0.0,0.0,0.0,0.0,0.0,0.0,0.0,0.0,0.0,0.0,0.0,0.0,0.0,0.0,0.0,0.0,0.0,0.0,0.0,0.0,0.0034059735480695963,0.0,0.0,0.0,0.0,0.0,0.0,0.0,0.0,0.0,0.0,0.0,0.0,0.0,0.0,0.0,0.0,0.0,0.0,0.0,0.0,0.0,0.0003127045347355306,0.0,0.0018471716903150082,0.0,0.0,0.0,0.0,0.0,0.0,0.0,0.0,0.0,0.0,0.0,0.0,0.0,0.0,0.0,0.0,0.0,0.0,0.0,0.0,0.0,0.0,0.0,0.0,0.0,0.0,0.0,0.00199695467017591,,,,,,,,,,,,,,,,,,,,,,,,,,,,,,,,,,,,,,,,,,,,,,,,,,,,,,,,,,,,,,,,,,,,,,,,,,,,,,,,,,,,,,,,,,,,,,,,,,,,,,,,,,,,,,,,,,,,,,,,,,,,,,,,,,,,,,,,,,,,,,,,,,,,,,,,,,,,,,,,,,,,,,,,,,,,,,,,,,,,,,,,,,,,,,,,,,,,,,,,,,,,,,,,,,,,,,,,,,,,,,,,,,,,,,,,,,,,,,,,,,,,,,,,,,,,,,,,,,,,,,,,,,,,
2019-12-03,571832.513956081,1955.1430780296532,,,,,,,,,,,30559.023490094638,44846.23400614323,1039061.7711000025,,106261.960264665,,,,,,47244.99408963329,13342.361436704105,16372.687532495002,6182.728089500074,39001.524154587365,36773.75448802561,,,,,,,,,,,,,,,,,,,,,,,,,,,,,,,,,,,,,,,,,,,,,,,,,,,,,,,,,,,,,,,,,,,,,,,,,,,,,,,,,,,,,,,,,,,,,,,,0.0,0.0,0.0,0.0,0.0,0.0017591469222679734,0.0,0.0,0.0,0.0,0.0,0.0,0.0,0.0,0.0,0.0,0.0,0.0,0.0,0.0,0.0,0.0,0.0,0.0,0.0013064012164250016,0.0,0.0,0.0036453166976571083,0.0,0.0,0.0,0.0035564147401601076,0.0,0.0,0.0,0.0,0.0,0.0,0.0,0.0,0.0,0.35433509945869446,0.0,0.0,0.0,0.0,0.0,0.0,0.000280939566437155,0.0,0.0,0.0,0.0,0.0,0.0,0.0,0.0,0.0,0.0,0.0,0.0,0.0,0.0,0.0,0.0,0.0,0.0,0.0,0.0,0.0,0.0,0.0,0.0,0.0,0.0,0.0,0.0,0.0,0.0,0.0,0.0,0.0002895304933190346,0.0,0.0,0.0,0.0,0.0,0.0,0.0,0.0004514709289651364,0.0,0.0,0.0,0.0,0.0,0.0,0.0,0.0,0.0,0.0,0.0,0.0,0.0,0.0,0.0,0.23673413693904877,0.0,0.0,0.0,0.0,0.0,0.0,0.0,0.0,0.0,0.0,0.0,0.0,0.0,0.0,0.006112119648605585,0.0,0.0,0.0,0.0,0.0,0.0,0.0,0.0,0.0,0.0,0.0,0.0,0.0,0.0009501978638581932,0.0,0.0,0.0,0.0,0.0,0.0,0.0,0.0,0.0,0.0,0.0,0.0,0.0,0.0,0.0,0.0,0.0,0.0,0.0,0.0,0.0,0.0,0.0,0.0,0.0,0.0,0.0,0.0,0.0,0.0,0.0,0.0,0.0,0.0,0.0,0.0,0.0004413347051013261,0.0014393494930118322,0.0,0.0,0.0,0.0,0.0,0.0,0.0,0.0,0.0,0.0,0.0,0.0,0.0,0.0,0.0,0.0,0.0,0.0,0.0,0.0,0.0,0.0010530672734603286,0.0,0.0,0.0,0.0,0.0,0.0,0.0,0.0,0.0,0.0,0.0,0.0,0.0,0.0,0.0,0.0004487152036745101,0.0,0.0,0.0,0.0,0.0,0.0,0.0,0.0,0.0,0.0,0.0,0.0,0.0,0.0,0.0,0.0,0.0,0.0,0.0,0.0,0.0,0.0,0.0,0.002649371512234211,0.0,0.0,0.0,0.0,0.0,0.0,0.0,1.6639629393466748e-05,0.0,0.0,0.0,0.0,0.0,0.0,0.0,0.0,0.0,0.0,0.0,0.0,0.0,0.0,0.0,0.0,0.0,0.0,0.0,0.0,0.0,0.0,0.0,0.0,0.0,0.0,0.0,0.0,0.0,0.0,0.0,0.0,0.0,0.0,0.0,0.0,0.0,0.0,0.0,0.0,0.0,0.0,0.0,0.0,0.0,0.0,0.0,0.0,0.0,0.0,0.0,0.0,0.0,0.0,0.0,0.0,0.0,0.0,0.0,0.0,0.0,0.0,0.0,0.00022665342839900404,0.0,0.0,0.0,0.0,0.0,0.0,0.0,0.0,0.0,0.0,0.0,0.0,0.0,0.0,0.0,0.0,0.0,0.0,0.0,0.0,0.0,0.0,0.0005905237630940974,0.0,0.0,0.0019058078760281205,0.0,0.0,0.0,0.0,0.0,0.0,0.0,0.0,0.0,0.0,0.0,0.0,0.0,0.0,0.0,0.0,0.0,0.0,0.0,0.0,0.0,0.0,0.0,0.0,0.0,0.0,0.0,0.0,0.0,0.0,0.0,0.0,0.0,0.0,0.0,0.0,0.0020384937524795532,0.0,0.0,0.0,0.0,0.0,0.0,0.0,0.0,0.0,0.0,0.0,0.0,0.0,0.0,0.0,0.0,0.0,0.0,0.0,0.0,0.0,0.0,0.27549755573272705,0.0,0.0,0.0,0.0,0.0,0.0,0.0,0.0,0.0009239051141776145,0.0,0.0,0.0,0.0,0.0,0.0,0.0,0.0,0.0,0.0,0.0,0.0,0.0,0.0,0.0,0.0,0.0,0.0,0.09578496962785721,0.0,0.0,0.0,0.0,0.0,0.0,0.0,0.0,0.0,0.0,0.0,0.0,0.0,0.0,0.0,0.0,0.0,0.0,0.0,0.0,0.0,0.0,0.0,0.0,0.0,0.0,0.0034059735480695963,0.0,0.0,0.0,0.0,0.0,0.0,0.0,0.0,0.0,0.0,0.0,0.0,0.0,0.0,0.0,0.0,0.0,0.0,0.0,0.0,0.0,0.0003127045347355306,0.0,0.0018471716903150082,0.0,0.0,0.0,0.0,0.0,0.0,0.0,0.0,0.0,0.0,0.0,0.0,0.0,0.0,0.0,0.0,0.0,0.0,0.0,0.0,0.0,0.0,0.0,0.0,0.0,0.0,0.0,0.00199695467017591,,,,,,,,,,,,,,,,,,,,,,,,,,,,,,,,,,,,,,,,,,,,,,,,,,,,,,,,,,,,,,,,,,,,,,,,,,,,,,,,,,,,,,,,,,,,,,,,,,,,,,,,,,,,,,,,,,,,,,,,,,,,,,,,,,,,,,,,,,,,,,,,,,,,,,,,,,,,,,,,,,,,,,,,,,,,,,,,,,,,,,,,,,,,,,,,,,,,,,,,,,,,,,,,,,,,,,,,,,,,,,,,,,,,,,,,,,,,,,,,,,,,,,,,,,,,,,,,,,,,,,,,,,,,
2019-12-04,577510.9133536913,2255.7174306881034,,,,,,,,,,,30559.023490094638,43248.86122602085,1039061.7711000025,,109755.11588527408,,,,,,49032.46887143065,13342.361436704105,16196.153732769255,6182.966197185694,38997.45676275658,35850.689477567576,,,,,,,,,,,,,,,,,,,,,,,,,,,,,,,,,,,,,,,,,,,,,,,,,,,,,,,,,,,,,,,,,,,,,,,,,,,,,,,,,,,,,,,,,,,,,,,,0.0,0.0,0.0,0.0,0.0,0.0017591469222679734,0.0,0.0,0.0,0.0,0.0,0.0,0.0,0.0,0.0,0.0,0.0,0.0,0.0,0.0,0.0,0.0,0.0,0.0,0.0013064012164250016,0.0,0.0,0.0036453166976571083,0.0,0.0,0.0,0.0035564147401601076,0.0,0.0,0.0,0.0,0.0,0.0,0.0,0.0,0.0,0.35433509945869446,0.0,0.0,0.0,0.0,0.0,0.0,0.000280939566437155,0.0,0.0,0.0,0.0,0.0,0.0,0.0,0.0,0.0,0.0,0.0,0.0,0.0,0.0,0.0,0.0,0.0,0.0,0.0,0.0,0.0,0.0,0.0,0.0,0.0,0.0,0.0,0.0,0.0,0.0,0.0,0.0,0.0002895304933190346,0.0,0.0,0.0,0.0,0.0,0.0,0.0,0.0004514709289651364,0.0,0.0,0.0,0.0,0.0,0.0,0.0,0.0,0.0,0.0,0.0,0.0,0.0,0.0,0.0,0.23673413693904877,0.0,0.0,0.0,0.0,0.0,0.0,0.0,0.0,0.0,0.0,0.0,0.0,0.0,0.0,0.006112119648605585,0.0,0.0,0.0,0.0,0.0,0.0,0.0,0.0,0.0,0.0,0.0,0.0,0.0,0.0009501978638581932,0.0,0.0,0.0,0.0,0.0,0.0,0.0,0.0,0.0,0.0,0.0,0.0,0.0,0.0,0.0,0.0,0.0,0.0,0.0,0.0,0.0,0.0,0.0,0.0,0.0,0.0,0.0,0.0,0.0,0.0,0.0,0.0,0.0,0.0,0.0,0.0,0.0004413347051013261,0.0014393494930118322,0.0,0.0,0.0,0.0,0.0,0.0,0.0,0.0,0.0,0.0,0.0,0.0,0.0,0.0,0.0,0.0,0.0,0.0,0.0,0.0,0.0,0.0010530672734603286,0.0,0.0,0.0,0.0,0.0,0.0,0.0,0.0,0.0,0.0,0.0,0.0,0.0,0.0,0.0,0.0004487152036745101,0.0,0.0,0.0,0.0,0.0,0.0,0.0,0.0,0.0,0.0,0.0,0.0,0.0,0.0,0.0,0.0,0.0,0.0,0.0,0.0,0.0,0.0,0.0,0.002649371512234211,0.0,0.0,0.0,0.0,0.0,0.0,0.0,1.6639629393466748e-05,0.0,0.0,0.0,0.0,0.0,0.0,0.0,0.0,0.0,0.0,0.0,0.0,0.0,0.0,0.0,0.0,0.0,0.0,0.0,0.0,0.0,0.0,0.0,0.0,0.0,0.0,0.0,0.0,0.0,0.0,0.0,0.0,0.0,0.0,0.0,0.0,0.0,0.0,0.0,0.0,0.0,0.0,0.0,0.0,0.0,0.0,0.0,0.0,0.0,0.0,0.0,0.0,0.0,0.0,0.0,0.0,0.0,0.0,0.0,0.0,0.0,0.0,0.0,0.00022665342839900404,0.0,0.0,0.0,0.0,0.0,0.0,0.0,0.0,0.0,0.0,0.0,0.0,0.0,0.0,0.0,0.0,0.0,0.0,0.0,0.0,0.0,0.0,0.0005905237630940974,0.0,0.0,0.0019058078760281205,0.0,0.0,0.0,0.0,0.0,0.0,0.0,0.0,0.0,0.0,0.0,0.0,0.0,0.0,0.0,0.0,0.0,0.0,0.0,0.0,0.0,0.0,0.0,0.0,0.0,0.0,0.0,0.0,0.0,0.0,0.0,0.0,0.0,0.0,0.0,0.0,0.0020384937524795532,0.0,0.0,0.0,0.0,0.0,0.0,0.0,0.0,0.0,0.0,0.0,0.0,0.0,0.0,0.0,0.0,0.0,0.0,0.0,0.0,0.0,0.0,0.27549755573272705,0.0,0.0,0.0,0.0,0.0,0.0,0.0,0.0,0.0009239051141776145,0.0,0.0,0.0,0.0,0.0,0.0,0.0,0.0,0.0,0.0,0.0,0.0,0.0,0.0,0.0,0.0,0.0,0.0,0.09578496962785721,0.0,0.0,0.0,0.0,0.0,0.0,0.0,0.0,0.0,0.0,0.0,0.0,0.0,0.0,0.0,0.0,0.0,0.0,0.0,0.0,0.0,0.0,0.0,0.0,0.0,0.0,0.0034059735480695963,0.0,0.0,0.0,0.0,0.0,0.0,0.0,0.0,0.0,0.0,0.0,0.0,0.0,0.0,0.0,0.0,0.0,0.0,0.0,0.0,0.0,0.0003127045347355306,0.0,0.0018471716903150082,0.0,0.0,0.0,0.0,0.0,0.0,0.0,0.0,0.0,0.0,0.0,0.0,0.0,0.0,0.0,0.0,0.0,0.0,0.0,0.0,0.0,0.0,0.0,0.0,0.0,0.0,0.0,0.00199695467017591,,,,,,,,,,,,,,,,,,,,,,,,,,,,,,,,,,,,,,,,,,,,,,,,,,,,,,,,,,,,,,,,,,,,,,,,,,,,,,,,,,,,,,,,,,,,,,,,,,,,,,,,,,,,,,,,,,,,,,,,,,,,,,,,,,,,,,,,,,,,,,,,,,,,,,,,,,,,,,,,,,,,,,,,,,,,,,,,,,,,,,,,,,,,,,,,,,,,,,,,,,,,,,,,,,,,,,,,,,,,,,,,,,,,,,,,,,,,,,,,,,,,,,,,,,,,,,,,,,,,,,,,,,,,
2019-12-05,580979.0587238987,1660.7048549708009,,,,,,,,,,,30559.023490094638,41794.114848845566,1039061.7711000025,,110728.51447254089,,,,,,48333.69902922236,13639.295848265314,16255.113369371065,6182.9954397448555,38999.77567920965,36774.45408234234,,,,,,,,,,,,,,,,,,,,,,,,,,,,,,,,,,,,,,,,,,,,,,,,,,,,,,,,,,,,,,,,,,,,,,,,,,,,,,,,,,,,,,,,,,,,,,,,0.0,0.0,0.0,0.0,0.0,0.0017591469222679734,0.0,0.0,0.0,0.0,0.0,0.0,0.0,0.0,0.0,0.0,0.0,0.0,0.0,0.0,0.0,0.0,0.0,0.0,0.0013064012164250016,0.0,0.0,0.0036453166976571083,0.0,0.0,0.0,0.0035564147401601076,0.0,0.0,0.0,0.0,0.0,0.0,0.0,0.0,0.0,0.35433509945869446,0.0,0.0,0.0,0.0,0.0,0.0,0.000280939566437155,0.0,0.0,0.0,0.0,0.0,0.0,0.0,0.0,0.0,0.0,0.0,0.0,0.0,0.0,0.0,0.0,0.0,0.0,0.0,0.0,0.0,0.0,0.0,0.0,0.0,0.0,0.0,0.0,0.0,0.0,0.0,0.0,0.0002895304933190346,0.0,0.0,0.0,0.0,0.0,0.0,0.0,0.0004514709289651364,0.0,0.0,0.0,0.0,0.0,0.0,0.0,0.0,0.0,0.0,0.0,0.0,0.0,0.0,0.0,0.23673413693904877,0.0,0.0,0.0,0.0,0.0,0.0,0.0,0.0,0.0,0.0,0.0,0.0,0.0,0.0,0.006112119648605585,0.0,0.0,0.0,0.0,0.0,0.0,0.0,0.0,0.0,0.0,0.0,0.0,0.0,0.0009501978638581932,0.0,0.0,0.0,0.0,0.0,0.0,0.0,0.0,0.0,0.0,0.0,0.0,0.0,0.0,0.0,0.0,0.0,0.0,0.0,0.0,0.0,0.0,0.0,0.0,0.0,0.0,0.0,0.0,0.0,0.0,0.0,0.0,0.0,0.0,0.0,0.0,0.0004413347051013261,0.0014393494930118322,0.0,0.0,0.0,0.0,0.0,0.0,0.0,0.0,0.0,0.0,0.0,0.0,0.0,0.0,0.0,0.0,0.0,0.0,0.0,0.0,0.0,0.0010530672734603286,0.0,0.0,0.0,0.0,0.0,0.0,0.0,0.0,0.0,0.0,0.0,0.0,0.0,0.0,0.0,0.0004487152036745101,0.0,0.0,0.0,0.0,0.0,0.0,0.0,0.0,0.0,0.0,0.0,0.0,0.0,0.0,0.0,0.0,0.0,0.0,0.0,0.0,0.0,0.0,0.0,0.002649371512234211,0.0,0.0,0.0,0.0,0.0,0.0,0.0,1.6639629393466748e-05,0.0,0.0,0.0,0.0,0.0,0.0,0.0,0.0,0.0,0.0,0.0,0.0,0.0,0.0,0.0,0.0,0.0,0.0,0.0,0.0,0.0,0.0,0.0,0.0,0.0,0.0,0.0,0.0,0.0,0.0,0.0,0.0,0.0,0.0,0.0,0.0,0.0,0.0,0.0,0.0,0.0,0.0,0.0,0.0,0.0,0.0,0.0,0.0,0.0,0.0,0.0,0.0,0.0,0.0,0.0,0.0,0.0,0.0,0.0,0.0,0.0,0.0,0.0,0.00022665342839900404,0.0,0.0,0.0,0.0,0.0,0.0,0.0,0.0,0.0,0.0,0.0,0.0,0.0,0.0,0.0,0.0,0.0,0.0,0.0,0.0,0.0,0.0,0.0005905237630940974,0.0,0.0,0.0019058078760281205,0.0,0.0,0.0,0.0,0.0,0.0,0.0,0.0,0.0,0.0,0.0,0.0,0.0,0.0,0.0,0.0,0.0,0.0,0.0,0.0,0.0,0.0,0.0,0.0,0.0,0.0,0.0,0.0,0.0,0.0,0.0,0.0,0.0,0.0,0.0,0.0,0.0020384937524795532,0.0,0.0,0.0,0.0,0.0,0.0,0.0,0.0,0.0,0.0,0.0,0.0,0.0,0.0,0.0,0.0,0.0,0.0,0.0,0.0,0.0,0.0,0.27549755573272705,0.0,0.0,0.0,0.0,0.0,0.0,0.0,0.0,0.0009239051141776145,0.0,0.0,0.0,0.0,0.0,0.0,0.0,0.0,0.0,0.0,0.0,0.0,0.0,0.0,0.0,0.0,0.0,0.0,0.09578496962785721,0.0,0.0,0.0,0.0,0.0,0.0,0.0,0.0,0.0,0.0,0.0,0.0,0.0,0.0,0.0,0.0,0.0,0.0,0.0,0.0,0.0,0.0,0.0,0.0,0.0,0.0,0.0034059735480695963,0.0,0.0,0.0,0.0,0.0,0.0,0.0,0.0,0.0,0.0,0.0,0.0,0.0,0.0,0.0,0.0,0.0,0.0,0.0,0.0,0.0,0.0003127045347355306,0.0,0.0018471716903150082,0.0,0.0,0.0,0.0,0.0,0.0,0.0,0.0,0.0,0.0,0.0,0.0,0.0,0.0,0.0,0.0,0.0,0.0,0.0,0.0,0.0,0.0,0.0,0.0,0.0,0.0,0.0,0.00199695467017591,,,,,,,,,,,,,,,,,,,,,,,,,,,,,,,,,,,,,,,,,,,,,,,,,,,,,,,,,,,,,,,,,,,,,,,,,,,,,,,,,,,,,,,,,,,,,,,,,,,,,,,,,,,,,,,,,,,,,,,,,,,,,,,,,,,,,,,,,,,,,,,,,,,,,,,,,,,,,,,,,,,,,,,,,,,,,,,,,,,,,,,,,,,,,,,,,,,,,,,,,,,,,,,,,,,,,,,,,,,,,,,,,,,,,,,,,,,,,,,,,,,,,,,,,,,,,,,,,,,,,,,,,,,,
2019-12-06,585426.5311024624,1425.244135491024,,,,,,,,,,,30559.023490094638,40048.79730302529,1039061.7711000025,,113875.08844206332,,,,,,49152.40357873269,13936.1692610224,15963.585152914276,6182.903915254363,38997.71980223952,36774.45408234234,,,,,,,,,,,,,,,,,,,,,,,,,,,,,,,,,,,,,,,,,,,,,,,,,,,,,,,,,,,,,,,,,,,,,,,,,,,,,,,,,,,,,,,,,,,,,,,,0.0,0.0,0.0,0.0,0.0,0.0017591469222679734,0.0,0.0,0.0,0.0,0.0,0.0,0.0,0.0,0.0,0.0,0.0,0.0,0.0,0.0,0.0,0.0,0.0,0.0,0.0013064012164250016,0.0,0.0,0.0036453166976571083,0.0,0.0,0.0,0.0035564147401601076,0.0,0.0,0.0,0.0,0.0,0.0,0.0,0.0,0.0,0.35433509945869446,0.0,0.0,0.0,0.0,0.0,0.0,0.000280939566437155,0.0,0.0,0.0,0.0,0.0,0.0,0.0,0.0,0.0,0.0,0.0,0.0,0.0,0.0,0.0,0.0,0.0,0.0,0.0,0.0,0.0,0.0,0.0,0.0,0.0,0.0,0.0,0.0,0.0,0.0,0.0,0.0,0.0002895304933190346,0.0,0.0,0.0,0.0,0.0,0.0,0.0,0.0004514709289651364,0.0,0.0,0.0,0.0,0.0,0.0,0.0,0.0,0.0,0.0,0.0,0.0,0.0,0.0,0.0,0.23673413693904877,0.0,0.0,0.0,0.0,0.0,0.0,0.0,0.0,0.0,0.0,0.0,0.0,0.0,0.0,0.006112119648605585,0.0,0.0,0.0,0.0,0.0,0.0,0.0,0.0,0.0,0.0,0.0,0.0,0.0,0.0009501978638581932,0.0,0.0,0.0,0.0,0.0,0.0,0.0,0.0,0.0,0.0,0.0,0.0,0.0,0.0,0.0,0.0,0.0,0.0,0.0,0.0,0.0,0.0,0.0,0.0,0.0,0.0,0.0,0.0,0.0,0.0,0.0,0.0,0.0,0.0,0.0,0.0,0.0004413347051013261,0.0014393494930118322,0.0,0.0,0.0,0.0,0.0,0.0,0.0,0.0,0.0,0.0,0.0,0.0,0.0,0.0,0.0,0.0,0.0,0.0,0.0,0.0,0.0,0.0010530672734603286,0.0,0.0,0.0,0.0,0.0,0.0,0.0,0.0,0.0,0.0,0.0,0.0,0.0,0.0,0.0,0.0004487152036745101,0.0,0.0,0.0,0.0,0.0,0.0,0.0,0.0,0.0,0.0,0.0,0.0,0.0,0.0,0.0,0.0,0.0,0.0,0.0,0.0,0.0,0.0,0.0,0.002649371512234211,0.0,0.0,0.0,0.0,0.0,0.0,0.0,1.6639629393466748e-05,0.0,0.0,0.0,0.0,0.0,0.0,0.0,0.0,0.0,0.0,0.0,0.0,0.0,0.0,0.0,0.0,0.0,0.0,0.0,0.0,0.0,0.0,0.0,0.0,0.0,0.0,0.0,0.0,0.0,0.0,0.0,0.0,0.0,0.0,0.0,0.0,0.0,0.0,0.0,0.0,0.0,0.0,0.0,0.0,0.0,0.0,0.0,0.0,0.0,0.0,0.0,0.0,0.0,0.0,0.0,0.0,0.0,0.0,0.0,0.0,0.0,0.0,0.0,0.00022665342839900404,0.0,0.0,0.0,0.0,0.0,0.0,0.0,0.0,0.0,0.0,0.0,0.0,0.0,0.0,0.0,0.0,0.0,0.0,0.0,0.0,0.0,0.0,0.0005905237630940974,0.0,0.0,0.0019058078760281205,0.0,0.0,0.0,0.0,0.0,0.0,0.0,0.0,0.0,0.0,0.0,0.0,0.0,0.0,0.0,0.0,0.0,0.0,0.0,0.0,0.0,0.0,0.0,0.0,0.0,0.0,0.0,0.0,0.0,0.0,0.0,0.0,0.0,0.0,0.0,0.0,0.0020384937524795532,0.0,0.0,0.0,0.0,0.0,0.0,0.0,0.0,0.0,0.0,0.0,0.0,0.0,0.0,0.0,0.0,0.0,0.0,0.0,0.0,0.0,0.0,0.27549755573272705,0.0,0.0,0.0,0.0,0.0,0.0,0.0,0.0,0.0009239051141776145,0.0,0.0,0.0,0.0,0.0,0.0,0.0,0.0,0.0,0.0,0.0,0.0,0.0,0.0,0.0,0.0,0.0,0.0,0.09578496962785721,0.0,0.0,0.0,0.0,0.0,0.0,0.0,0.0,0.0,0.0,0.0,0.0,0.0,0.0,0.0,0.0,0.0,0.0,0.0,0.0,0.0,0.0,0.0,0.0,0.0,0.0,0.0034059735480695963,0.0,0.0,0.0,0.0,0.0,0.0,0.0,0.0,0.0,0.0,0.0,0.0,0.0,0.0,0.0,0.0,0.0,0.0,0.0,0.0,0.0,0.0003127045347355306,0.0,0.0018471716903150082,0.0,0.0,0.0,0.0,0.0,0.0,0.0,0.0,0.0,0.0,0.0,0.0,0.0,0.0,0.0,0.0,0.0,0.0,0.0,0.0,0.0,0.0,0.0,0.0,0.0,0.0,0.0,0.00199695467017591,,,,,,,,,,,,,,,,,,,,,,,,,,,,,,,,,,,,,,,,,,,,,,,,,,,,,,,,,,,,,,,,,,,,,,,,,,,,,,,,,,,,,,,,,,,,,,,,,,,,,,,,,,,,,,,,,,,,,,,,,,,,,,,,,,,,,,,,,,,,,,,,,,,,,,,,,,,,,,,,,,,,,,,,,,,,,,,,,,,,,,,,,,,,,,,,,,,,,,,,,,,,,,,,,,,,,,,,,,,,,,,,,,,,,,,,,,,,,,,,,,,,,,,,,,,,,,,,,,,,,,,,,,,,
2019-12-09,585843.9551775815,2674.6083197690145,,,,,,,,,,,30559.023490094638,39177.918481995715,1039061.7711000025,,112150.45871330371,,,,,,48877.80914533194,13936.253004424001,16313.973466318259,6183.072535090368,39002.394403310325,36781.37541671711,,,,,,,,,,,,,,,,,,,,,,,,,,,,,,,,,,,,,,,,,,,,,,,,,,,,,,,,,,,,,,,,,,,,,,,,,,,,,,,,,,,,,,,,,,,,,,,,0.0,0.0,0.0,0.0,0.0,0.0017591469222679734,0.0,0.0,0.0,0.0,0.0,0.0,0.0,0.0,0.0,0.0,0.0,0.0,0.0,0.0,0.0,0.0,0.0,0.0,0.0013064012164250016,0.0,0.0,0.0036453166976571083,0.0,0.0,0.0,0.0035564147401601076,0.0,0.0,0.0,0.0,0.0,0.0,0.0,0.0,0.0,0.35433509945869446,0.0,0.0,0.0,0.0,0.0,0.0,0.000280939566437155,0.0,0.0,0.0,0.0,0.0,0.0,0.0,0.0,0.0,0.0,0.0,0.0,0.0,0.0,0.0,0.0,0.0,0.0,0.0,0.0,0.0,0.0,0.0,0.0,0.0,0.0,0.0,0.0,0.0,0.0,0.0,0.0,0.0002895304933190346,0.0,0.0,0.0,0.0,0.0,0.0,0.0,0.0004514709289651364,0.0,0.0,0.0,0.0,0.0,0.0,0.0,0.0,0.0,0.0,0.0,0.0,0.0,0.0,0.0,0.23673413693904877,0.0,0.0,0.0,0.0,0.0,0.0,0.0,0.0,0.0,0.0,0.0,0.0,0.0,0.0,0.006112119648605585,0.0,0.0,0.0,0.0,0.0,0.0,0.0,0.0,0.0,0.0,0.0,0.0,0.0,0.0009501978638581932,0.0,0.0,0.0,0.0,0.0,0.0,0.0,0.0,0.0,0.0,0.0,0.0,0.0,0.0,0.0,0.0,0.0,0.0,0.0,0.0,0.0,0.0,0.0,0.0,0.0,0.0,0.0,0.0,0.0,0.0,0.0,0.0,0.0,0.0,0.0,0.0,0.0004413347051013261,0.0014393494930118322,0.0,0.0,0.0,0.0,0.0,0.0,0.0,0.0,0.0,0.0,0.0,0.0,0.0,0.0,0.0,0.0,0.0,0.0,0.0,0.0,0.0,0.0010530672734603286,0.0,0.0,0.0,0.0,0.0,0.0,0.0,0.0,0.0,0.0,0.0,0.0,0.0,0.0,0.0,0.0004487152036745101,0.0,0.0,0.0,0.0,0.0,0.0,0.0,0.0,0.0,0.0,0.0,0.0,0.0,0.0,0.0,0.0,0.0,0.0,0.0,0.0,0.0,0.0,0.0,0.002649371512234211,0.0,0.0,0.0,0.0,0.0,0.0,0.0,1.6639629393466748e-05,0.0,0.0,0.0,0.0,0.0,0.0,0.0,0.0,0.0,0.0,0.0,0.0,0.0,0.0,0.0,0.0,0.0,0.0,0.0,0.0,0.0,0.0,0.0,0.0,0.0,0.0,0.0,0.0,0.0,0.0,0.0,0.0,0.0,0.0,0.0,0.0,0.0,0.0,0.0,0.0,0.0,0.0,0.0,0.0,0.0,0.0,0.0,0.0,0.0,0.0,0.0,0.0,0.0,0.0,0.0,0.0,0.0,0.0,0.0,0.0,0.0,0.0,0.0,0.00022665342839900404,0.0,0.0,0.0,0.0,0.0,0.0,0.0,0.0,0.0,0.0,0.0,0.0,0.0,0.0,0.0,0.0,0.0,0.0,0.0,0.0,0.0,0.0,0.0005905237630940974,0.0,0.0,0.0019058078760281205,0.0,0.0,0.0,0.0,0.0,0.0,0.0,0.0,0.0,0.0,0.0,0.0,0.0,0.0,0.0,0.0,0.0,0.0,0.0,0.0,0.0,0.0,0.0,0.0,0.0,0.0,0.0,0.0,0.0,0.0,0.0,0.0,0.0,0.0,0.0,0.0,0.0020384937524795532,0.0,0.0,0.0,0.0,0.0,0.0,0.0,0.0,0.0,0.0,0.0,0.0,0.0,0.0,0.0,0.0,0.0,0.0,0.0,0.0,0.0,0.0,0.27549755573272705,0.0,0.0,0.0,0.0,0.0,0.0,0.0,0.0,0.0009239051141776145,0.0,0.0,0.0,0.0,0.0,0.0,0.0,0.0,0.0,0.0,0.0,0.0,0.0,0.0,0.0,0.0,0.0,0.0,0.09578496962785721,0.0,0.0,0.0,0.0,0.0,0.0,0.0,0.0,0.0,0.0,0.0,0.0,0.0,0.0,0.0,0.0,0.0,0.0,0.0,0.0,0.0,0.0,0.0,0.0,0.0,0.0,0.0034059735480695963,0.0,0.0,0.0,0.0,0.0,0.0,0.0,0.0,0.0,0.0,0.0,0.0,0.0,0.0,0.0,0.0,0.0,0.0,0.0,0.0,0.0,0.0003127045347355306,0.0,0.0018471716903150082,0.0,0.0,0.0,0.0,0.0,0.0,0.0,0.0,0.0,0.0,0.0,0.0,0.0,0.0,0.0,0.0,0.0,0.0,0.0,0.0,0.0,0.0,0.0,0.0,0.0,0.0,0.0,0.00199695467017591,,,,,,,,,,,,,,,,,,,,,,,,,,,,,,,,,,,,,,,,,,,,,,,,,,,,,,,,,,,,,,,,,,,,,,,,,,,,,,,,,,,,,,,,,,,,,,,,,,,,,,,,,,,,,,,,,,,,,,,,,,,,,,,,,,,,,,,,,,,,,,,,,,,,,,,,,,,,,,,,,,,,,,,,,,,,,,,,,,,,,,,,,,,,,,,,,,,,,,,,,,,,,,,,,,,,,,,,,,,,,,,,,,,,,,,,,,,,,,,,,,,,,,,,,,,,,,,,,,,,,,,,,,,,
2019-12-10,591337.1705264146,2509.8261352620852,,,,,,,,,,,30559.023490094638,39176.764310953724,1039061.7711000025,,110073.76418015211,,,,,,49712.10064622802,13936.484535536765,16604.924235083585,6182.752393112396,39003.73020946168,36317.306983430615,,,,,,,,,,,,,,,,,,,,,,,,,,,,,,,,,,,,,,,,,,,,,,,,,,,,,,,,,,,,,,,,,,,,,,,,,,,,,,,,,,,,,,,,,,,,,,,,0.0,0.0,0.0,0.0,0.0,0.0017591469222679734,0.0,0.0,0.0,0.0,0.0,0.0,0.0,0.0,0.0,0.0,0.0,0.0,0.0,0.0,0.0,0.0,0.0,0.0,0.0013064012164250016,0.0,0.0,0.0036453166976571083,0.0,0.0,0.0,0.0035564147401601076,0.0,0.0,0.0,0.0,0.0,0.0,0.0,0.0,0.0,0.35433509945869446,0.0,0.0,0.0,0.0,0.0,0.0,0.000280939566437155,0.0,0.0,0.0,0.0,0.0,0.0,0.0,0.0,0.0,0.0,0.0,0.0,0.0,0.0,0.0,0.0,0.0,0.0,0.0,0.0,0.0,0.0,0.0,0.0,0.0,0.0,0.0,0.0,0.0,0.0,0.0,0.0,0.0002895304933190346,0.0,0.0,0.0,0.0,0.0,0.0,0.0,0.0004514709289651364,0.0,0.0,0.0,0.0,0.0,0.0,0.0,0.0,0.0,0.0,0.0,0.0,0.0,0.0,0.0,0.23673413693904877,0.0,0.0,0.0,0.0,0.0,0.0,0.0,0.0,0.0,0.0,0.0,0.0,0.0,0.0,0.006112119648605585,0.0,0.0,0.0,0.0,0.0,0.0,0.0,0.0,0.0,0.0,0.0,0.0,0.0,0.0009501978638581932,0.0,0.0,0.0,0.0,0.0,0.0,0.0,0.0,0.0,0.0,0.0,0.0,0.0,0.0,0.0,0.0,0.0,0.0,0.0,0.0,0.0,0.0,0.0,0.0,0.0,0.0,0.0,0.0,0.0,0.0,0.0,0.0,0.0,0.0,0.0,0.0,0.0004413347051013261,0.0014393494930118322,0.0,0.0,0.0,0.0,0.0,0.0,0.0,0.0,0.0,0.0,0.0,0.0,0.0,0.0,0.0,0.0,0.0,0.0,0.0,0.0,0.0,0.0010530672734603286,0.0,0.0,0.0,0.0,0.0,0.0,0.0,0.0,0.0,0.0,0.0,0.0,0.0,0.0,0.0,0.0004487152036745101,0.0,0.0,0.0,0.0,0.0,0.0,0.0,0.0,0.0,0.0,0.0,0.0,0.0,0.0,0.0,0.0,0.0,0.0,0.0,0.0,0.0,0.0,0.0,0.002649371512234211,0.0,0.0,0.0,0.0,0.0,0.0,0.0,1.6639629393466748e-05,0.0,0.0,0.0,0.0,0.0,0.0,0.0,0.0,0.0,0.0,0.0,0.0,0.0,0.0,0.0,0.0,0.0,0.0,0.0,0.0,0.0,0.0,0.0,0.0,0.0,0.0,0.0,0.0,0.0,0.0,0.0,0.0,0.0,0.0,0.0,0.0,0.0,0.0,0.0,0.0,0.0,0.0,0.0,0.0,0.0,0.0,0.0,0.0,0.0,0.0,0.0,0.0,0.0,0.0,0.0,0.0,0.0,0.0,0.0,0.0,0.0,0.0,0.0,0.00022665342839900404,0.0,0.0,0.0,0.0,0.0,0.0,0.0,0.0,0.0,0.0,0.0,0.0,0.0,0.0,0.0,0.0,0.0,0.0,0.0,0.0,0.0,0.0,0.0005905237630940974,0.0,0.0,0.0019058078760281205,0.0,0.0,0.0,0.0,0.0,0.0,0.0,0.0,0.0,0.0,0.0,0.0,0.0,0.0,0.0,0.0,0.0,0.0,0.0,0.0,0.0,0.0,0.0,0.0,0.0,0.0,0.0,0.0,0.0,0.0,0.0,0.0,0.0,0.0,0.0,0.0,0.0020384937524795532,0.0,0.0,0.0,0.0,0.0,0.0,0.0,0.0,0.0,0.0,0.0,0.0,0.0,0.0,0.0,0.0,0.0,0.0,0.0,0.0,0.0,0.0,0.27549755573272705,0.0,0.0,0.0,0.0,0.0,0.0,0.0,0.0,0.0009239051141776145,0.0,0.0,0.0,0.0,0.0,0.0,0.0,0.0,0.0,0.0,0.0,0.0,0.0,0.0,0.0,0.0,0.0,0.0,0.09578496962785721,0.0,0.0,0.0,0.0,0.0,0.0,0.0,0.0,0.0,0.0,0.0,0.0,0.0,0.0,0.0,0.0,0.0,0.0,0.0,0.0,0.0,0.0,0.0,0.0,0.0,0.0,0.0034059735480695963,0.0,0.0,0.0,0.0,0.0,0.0,0.0,0.0,0.0,0.0,0.0,0.0,0.0,0.0,0.0,0.0,0.0,0.0,0.0,0.0,0.0,0.0003127045347355306,0.0,0.0018471716903150082,0.0,0.0,0.0,0.0,0.0,0.0,0.0,0.0,0.0,0.0,0.0,0.0,0.0,0.0,0.0,0.0,0.0,0.0,0.0,0.0,0.0,0.0,0.0,0.0,0.0,0.0,0.0,0.00199695467017591,,,,,,,,,,,,,,,,,,,,,,,,,,,,,,,,,,,,,,,,,,,,,,,,,,,,,,,,,,,,,,,,,,,,,,,,,,,,,,,,,,,,,,,,,,,,,,,,,,,,,,,,,,,,,,,,,,,,,,,,,,,,,,,,,,,,,,,,,,,,,,,,,,,,,,,,,,,,,,,,,,,,,,,,,,,,,,,,,,,,,,,,,,,,,,,,,,,,,,,,,,,,,,,,,,,,,,,,,,,,,,,,,,,,,,,,,,,,,,,,,,,,,,,,,,,,,,,,,,,,,,,,,,,,
2019-12-11,595866.6189570834,4390.266236967085,,,,,,,,,,,30559.023490094638,39104.774745142786,1039061.7711000025,,111878.18558301977,,,,,,49149.60011718178,14233.391629743151,16720.37138184932,6182.892522353901,36214.65241919223,36773.75448802561,,,,,,,,,,,,,,,,,,,,,,,,,,,,,,,,,,,,,,,,,,,,,,,,,,,,,,,,,,,,,,,,,,,,,,,,,,,,,,,,,,,,,,,,,,,,,,,,0.0,0.0,0.0,0.0,0.0,0.0017591469222679734,0.0,0.0,0.0,0.0,0.0,0.0,0.0,0.0,0.0,0.0,0.0,0.0,0.0,0.0,0.0,0.0,0.0,0.0,0.0013064012164250016,0.0,0.0,0.0036453166976571083,0.0,0.0,0.0,0.0035564147401601076,0.0,0.0,0.0,0.0,0.0,0.0,0.0,0.0,0.0,0.35433509945869446,0.0,0.0,0.0,0.0,0.0,0.0,0.000280939566437155,0.0,0.0,0.0,0.0,0.0,0.0,0.0,0.0,0.0,0.0,0.0,0.0,0.0,0.0,0.0,0.0,0.0,0.0,0.0,0.0,0.0,0.0,0.0,0.0,0.0,0.0,0.0,0.0,0.0,0.0,0.0,0.0,0.0002895304933190346,0.0,0.0,0.0,0.0,0.0,0.0,0.0,0.0004514709289651364,0.0,0.0,0.0,0.0,0.0,0.0,0.0,0.0,0.0,0.0,0.0,0.0,0.0,0.0,0.0,0.23673413693904877,0.0,0.0,0.0,0.0,0.0,0.0,0.0,0.0,0.0,0.0,0.0,0.0,0.0,0.0,0.006112119648605585,0.0,0.0,0.0,0.0,0.0,0.0,0.0,0.0,0.0,0.0,0.0,0.0,0.0,0.0009501978638581932,0.0,0.0,0.0,0.0,0.0,0.0,0.0,0.0,0.0,0.0,0.0,0.0,0.0,0.0,0.0,0.0,0.0,0.0,0.0,0.0,0.0,0.0,0.0,0.0,0.0,0.0,0.0,0.0,0.0,0.0,0.0,0.0,0.0,0.0,0.0,0.0,0.0004413347051013261,0.0014393494930118322,0.0,0.0,0.0,0.0,0.0,0.0,0.0,0.0,0.0,0.0,0.0,0.0,0.0,0.0,0.0,0.0,0.0,0.0,0.0,0.0,0.0,0.0010530672734603286,0.0,0.0,0.0,0.0,0.0,0.0,0.0,0.0,0.0,0.0,0.0,0.0,0.0,0.0,0.0,0.0004487152036745101,0.0,0.0,0.0,0.0,0.0,0.0,0.0,0.0,0.0,0.0,0.0,0.0,0.0,0.0,0.0,0.0,0.0,0.0,0.0,0.0,0.0,0.0,0.0,0.002649371512234211,0.0,0.0,0.0,0.0,0.0,0.0,0.0,1.6639629393466748e-05,0.0,0.0,0.0,0.0,0.0,0.0,0.0,0.0,0.0,0.0,0.0,0.0,0.0,0.0,0.0,0.0,0.0,0.0,0.0,0.0,0.0,0.0,0.0,0.0,0.0,0.0,0.0,0.0,0.0,0.0,0.0,0.0,0.0,0.0,0.0,0.0,0.0,0.0,0.0,0.0,0.0,0.0,0.0,0.0,0.0,0.0,0.0,0.0,0.0,0.0,0.0,0.0,0.0,0.0,0.0,0.0,0.0,0.0,0.0,0.0,0.0,0.0,0.0,0.00022665342839900404,0.0,0.0,0.0,0.0,0.0,0.0,0.0,0.0,0.0,0.0,0.0,0.0,0.0,0.0,0.0,0.0,0.0,0.0,0.0,0.0,0.0,0.0,0.0005905237630940974,0.0,0.0,0.0019058078760281205,0.0,0.0,0.0,0.0,0.0,0.0,0.0,0.0,0.0,0.0,0.0,0.0,0.0,0.0,0.0,0.0,0.0,0.0,0.0,0.0,0.0,0.0,0.0,0.0,0.0,0.0,0.0,0.0,0.0,0.0,0.0,0.0,0.0,0.0,0.0,0.0,0.0020384937524795532,0.0,0.0,0.0,0.0,0.0,0.0,0.0,0.0,0.0,0.0,0.0,0.0,0.0,0.0,0.0,0.0,0.0,0.0,0.0,0.0,0.0,0.0,0.27549755573272705,0.0,0.0,0.0,0.0,0.0,0.0,0.0,0.0,0.0009239051141776145,0.0,0.0,0.0,0.0,0.0,0.0,0.0,0.0,0.0,0.0,0.0,0.0,0.0,0.0,0.0,0.0,0.0,0.0,0.09578496962785721,0.0,0.0,0.0,0.0,0.0,0.0,0.0,0.0,0.0,0.0,0.0,0.0,0.0,0.0,0.0,0.0,0.0,0.0,0.0,0.0,0.0,0.0,0.0,0.0,0.0,0.0,0.0034059735480695963,0.0,0.0,0.0,0.0,0.0,0.0,0.0,0.0,0.0,0.0,0.0,0.0,0.0,0.0,0.0,0.0,0.0,0.0,0.0,0.0,0.0,0.0003127045347355306,0.0,0.0018471716903150082,0.0,0.0,0.0,0.0,0.0,0.0,0.0,0.0,0.0,0.0,0.0,0.0,0.0,0.0,0.0,0.0,0.0,0.0,0.0,0.0,0.0,0.0,0.0,0.0,0.0,0.0,0.0,0.00199695467017591,,,,,,,,,,,,,,,,,,,,,,,,,,,,,,,,,,,,,,,,,,,,,,,,,,,,,,,,,,,,,,,,,,,,,,,,,,,,,,,,,,,,,,,,,,,,,,,,,,,,,,,,,,,,,,,,,,,,,,,,,,,,,,,,,,,,,,,,,,,,,,,,,,,,,,,,,,,,,,,,,,,,,,,,,,,,,,,,,,,,,,,,,,,,,,,,,,,,,,,,,,,,,,,,,,,,,,,,,,,,,,,,,,,,,,,,,,,,,,,,,,,,,,,,,,,,,,,,,,,,,,,,,,,,
2019-12-12,593562.088851828,2849.9965841370235,,,,,,,,,,,33468.34429254646,35325.69735495508,1039061.7711000025,,111528.62263525675,,,,,,46830.03192790784,14527.794553337828,16895.22011331931,6182.853027290696,38999.5126119923,37005.03596279307,,,,,,,,,,,,,,,,,,,,,,,,,,,,,,,,,,,,,,,,,,,,,,,,,,,,,,,,,,,,,,,,,,,,,,,,,,,,,,,,,,,,,,,,,,,,,,,,0.0,0.0,0.0,0.0,0.0,0.0017591469222679734,0.0,0.0,0.0,0.0,0.0,0.0,0.0,0.0,0.0,0.0,0.0,0.0,0.0,0.0,0.0,0.0,0.0,0.0,0.0013064012164250016,0.0,0.0,0.0036453166976571083,0.0,0.0,0.0,0.0035564147401601076,0.0,0.0,0.0,0.0,0.0,0.0,0.0,0.0,0.0,0.35433509945869446,0.0,0.0,0.0,0.0,0.0,0.0,0.000280939566437155,0.0,0.0,0.0,0.0,0.0,0.0,0.0,0.0,0.0,0.0,0.0,0.0,0.0,0.0,0.0,0.0,0.0,0.0,0.0,0.0,0.0,0.0,0.0,0.0,0.0,0.0,0.0,0.0,0.0,0.0,0.0,0.0,0.0002895304933190346,0.0,0.0,0.0,0.0,0.0,0.0,0.0,0.0004514709289651364,0.0,0.0,0.0,0.0,0.0,0.0,0.0,0.0,0.0,0.0,0.0,0.0,0.0,0.0,0.0,0.23673413693904877,0.0,0.0,0.0,0.0,0.0,0.0,0.0,0.0,0.0,0.0,0.0,0.0,0.0,0.0,0.006112119648605585,0.0,0.0,0.0,0.0,0.0,0.0,0.0,0.0,0.0,0.0,0.0,0.0,0.0,0.0009501978638581932,0.0,0.0,0.0,0.0,0.0,0.0,0.0,0.0,0.0,0.0,0.0,0.0,0.0,0.0,0.0,0.0,0.0,0.0,0.0,0.0,0.0,0.0,0.0,0.0,0.0,0.0,0.0,0.0,0.0,0.0,0.0,0.0,0.0,0.0,0.0,0.0,0.0004413347051013261,0.0014393494930118322,0.0,0.0,0.0,0.0,0.0,0.0,0.0,0.0,0.0,0.0,0.0,0.0,0.0,0.0,0.0,0.0,0.0,0.0,0.0,0.0,0.0,0.0010530672734603286,0.0,0.0,0.0,0.0,0.0,0.0,0.0,0.0,0.0,0.0,0.0,0.0,0.0,0.0,0.0,0.0004487152036745101,0.0,0.0,0.0,0.0,0.0,0.0,0.0,0.0,0.0,0.0,0.0,0.0,0.0,0.0,0.0,0.0,0.0,0.0,0.0,0.0,0.0,0.0,0.0,0.002649371512234211,0.0,0.0,0.0,0.0,0.0,0.0,0.0,1.6639629393466748e-05,0.0,0.0,0.0,0.0,0.0,0.0,0.0,0.0,0.0,0.0,0.0,0.0,0.0,0.0,0.0,0.0,0.0,0.0,0.0,0.0,0.0,0.0,0.0,0.0,0.0,0.0,0.0,0.0,0.0,0.0,0.0,0.0,0.0,0.0,0.0,0.0,0.0,0.0,0.0,0.0,0.0,0.0,0.0,0.0,0.0,0.0,0.0,0.0,0.0,0.0,0.0,0.0,0.0,0.0,0.0,0.0,0.0,0.0,0.0,0.0,0.0,0.0,0.0,0.00022665342839900404,0.0,0.0,0.0,0.0,0.0,0.0,0.0,0.0,0.0,0.0,0.0,0.0,0.0,0.0,0.0,0.0,0.0,0.0,0.0,0.0,0.0,0.0,0.0005905237630940974,0.0,0.0,0.0019058078760281205,0.0,0.0,0.0,0.0,0.0,0.0,0.0,0.0,0.0,0.0,0.0,0.0,0.0,0.0,0.0,0.0,0.0,0.0,0.0,0.0,0.0,0.0,0.0,0.0,0.0,0.0,0.0,0.0,0.0,0.0,0.0,0.0,0.0,0.0,0.0,0.0,0.0020384937524795532,0.0,0.0,0.0,0.0,0.0,0.0,0.0,0.0,0.0,0.0,0.0,0.0,0.0,0.0,0.0,0.0,0.0,0.0,0.0,0.0,0.0,0.0,0.27549755573272705,0.0,0.0,0.0,0.0,0.0,0.0,0.0,0.0,0.0009239051141776145,0.0,0.0,0.0,0.0,0.0,0.0,0.0,0.0,0.0,0.0,0.0,0.0,0.0,0.0,0.0,0.0,0.0,0.0,0.09578496962785721,0.0,0.0,0.0,0.0,0.0,0.0,0.0,0.0,0.0,0.0,0.0,0.0,0.0,0.0,0.0,0.0,0.0,0.0,0.0,0.0,0.0,0.0,0.0,0.0,0.0,0.0,0.0034059735480695963,0.0,0.0,0.0,0.0,0.0,0.0,0.0,0.0,0.0,0.0,0.0,0.0,0.0,0.0,0.0,0.0,0.0,0.0,0.0,0.0,0.0,0.0003127045347355306,0.0,0.0018471716903150082,0.0,0.0,0.0,0.0,0.0,0.0,0.0,0.0,0.0,0.0,0.0,0.0,0.0,0.0,0.0,0.0,0.0,0.0,0.0,0.0,0.0,0.0,0.0,0.0,0.0,0.0,0.0,0.00199695467017591,,,,,,,,,,,,,,,,,,,,,,,,,,,,,,,,,,,,,,,,,,,,,,,,,,,,,,,,,,,,,,,,,,,,,,,,,,,,,,,,,,,,,,,,,,,,,,,,,,,,,,,,,,,,,,,,,,,,,,,,,,,,,,,,,,,,,,,,,,,,,,,,,,,,,,,,,,,,,,,,,,,,,,,,,,,,,,,,,,,,,,,,,,,,,,,,,,,,,,,,,,,,,,,,,,,,,,,,,,,,,,,,,,,,,,,,,,,,,,,,,,,,,,,,,,,,,,,,,,,,,,,,,,,,
2019-12-13,600122.2442944892,8610.742121014637,,,,,,,,,,,35561.804271633344,32926.02036678513,1039061.7711000025,,110057.76383041331,,,,,,49291.86695971617,14231.648475937342,16777.336750382146,6183.042152458655,36216.15578071716,36779.94783672272,,,,,,,,,,,,,,,,,,,,,,,,,,,,,,,,,,,,,,,,,,,,,,,,,,,,,,,,,,,,,,,,,,,,,,,,,,,,,,,,,,,,,,,,,,,,,,,,0.0,0.0,0.0,0.0,0.0,0.0017591469222679734,0.0,0.0,0.0,0.0,0.0,0.0,0.0,0.0,0.0,0.0,0.0,0.0,0.0,0.0,0.0,0.0,0.0,0.0,0.0013064012164250016,0.0,0.0,0.0036453166976571083,0.0,0.0,0.0,0.0035564147401601076,0.0,0.0,0.0,0.0,0.0,0.0,0.0,0.0,0.0,0.35433509945869446,0.0,0.0,0.0,0.0,0.0,0.0,0.000280939566437155,0.0,0.0,0.0,0.0,0.0,0.0,0.0,0.0,0.0,0.0,0.0,0.0,0.0,0.0,0.0,0.0,0.0,0.0,0.0,0.0,0.0,0.0,0.0,0.0,0.0,0.0,0.0,0.0,0.0,0.0,0.0,0.0,0.0002895304933190346,0.0,0.0,0.0,0.0,0.0,0.0,0.0,0.0004514709289651364,0.0,0.0,0.0,0.0,0.0,0.0,0.0,0.0,0.0,0.0,0.0,0.0,0.0,0.0,0.0,0.23673413693904877,0.0,0.0,0.0,0.0,0.0,0.0,0.0,0.0,0.0,0.0,0.0,0.0,0.0,0.0,0.006112119648605585,0.0,0.0,0.0,0.0,0.0,0.0,0.0,0.0,0.0,0.0,0.0,0.0,0.0,0.0009501978638581932,0.0,0.0,0.0,0.0,0.0,0.0,0.0,0.0,0.0,0.0,0.0,0.0,0.0,0.0,0.0,0.0,0.0,0.0,0.0,0.0,0.0,0.0,0.0,0.0,0.0,0.0,0.0,0.0,0.0,0.0,0.0,0.0,0.0,0.0,0.0,0.0,0.0004413347051013261,0.0014393494930118322,0.0,0.0,0.0,0.0,0.0,0.0,0.0,0.0,0.0,0.0,0.0,0.0,0.0,0.0,0.0,0.0,0.0,0.0,0.0,0.0,0.0,0.0010530672734603286,0.0,0.0,0.0,0.0,0.0,0.0,0.0,0.0,0.0,0.0,0.0,0.0,0.0,0.0,0.0,0.0004487152036745101,0.0,0.0,0.0,0.0,0.0,0.0,0.0,0.0,0.0,0.0,0.0,0.0,0.0,0.0,0.0,0.0,0.0,0.0,0.0,0.0,0.0,0.0,0.0,0.002649371512234211,0.0,0.0,0.0,0.0,0.0,0.0,0.0,1.6639629393466748e-05,0.0,0.0,0.0,0.0,0.0,0.0,0.0,0.0,0.0,0.0,0.0,0.0,0.0,0.0,0.0,0.0,0.0,0.0,0.0,0.0,0.0,0.0,0.0,0.0,0.0,0.0,0.0,0.0,0.0,0.0,0.0,0.0,0.0,0.0,0.0,0.0,0.0,0.0,0.0,0.0,0.0,0.0,0.0,0.0,0.0,0.0,0.0,0.0,0.0,0.0,0.0,0.0,0.0,0.0,0.0,0.0,0.0,0.0,0.0,0.0,0.0,0.0,0.0,0.00022665342839900404,0.0,0.0,0.0,0.0,0.0,0.0,0.0,0.0,0.0,0.0,0.0,0.0,0.0,0.0,0.0,0.0,0.0,0.0,0.0,0.0,0.0,0.0,0.0005905237630940974,0.0,0.0,0.0019058078760281205,0.0,0.0,0.0,0.0,0.0,0.0,0.0,0.0,0.0,0.0,0.0,0.0,0.0,0.0,0.0,0.0,0.0,0.0,0.0,0.0,0.0,0.0,0.0,0.0,0.0,0.0,0.0,0.0,0.0,0.0,0.0,0.0,0.0,0.0,0.0,0.0,0.0020384937524795532,0.0,0.0,0.0,0.0,0.0,0.0,0.0,0.0,0.0,0.0,0.0,0.0,0.0,0.0,0.0,0.0,0.0,0.0,0.0,0.0,0.0,0.0,0.27549755573272705,0.0,0.0,0.0,0.0,0.0,0.0,0.0,0.0,0.0009239051141776145,0.0,0.0,0.0,0.0,0.0,0.0,0.0,0.0,0.0,0.0,0.0,0.0,0.0,0.0,0.0,0.0,0.0,0.0,0.09578496962785721,0.0,0.0,0.0,0.0,0.0,0.0,0.0,0.0,0.0,0.0,0.0,0.0,0.0,0.0,0.0,0.0,0.0,0.0,0.0,0.0,0.0,0.0,0.0,0.0,0.0,0.0,0.0034059735480695963,0.0,0.0,0.0,0.0,0.0,0.0,0.0,0.0,0.0,0.0,0.0,0.0,0.0,0.0,0.0,0.0,0.0,0.0,0.0,0.0,0.0,0.0003127045347355306,0.0,0.0018471716903150082,0.0,0.0,0.0,0.0,0.0,0.0,0.0,0.0,0.0,0.0,0.0,0.0,0.0,0.0,0.0,0.0,0.0,0.0,0.0,0.0,0.0,0.0,0.0,0.0,0.0,0.0,0.0,0.00199695467017591,,,,,,,,,,,,,,,,,,,,,,,,,,,,,,,,,,,,,,,,,,,,,,,,,,,,,,,,,,,,,,,,,,,,,,,,,,,,,,,,,,,,,,,,,,,,,,,,,,,,,,,,,,,,,,,,,,,,,,,,,,,,,,,,,,,,,,,,,,,,,,,,,,,,,,,,,,,,,,,,,,,,,,,,,,,,,,,,,,,,,,,,,,,,,,,,,,,,,,,,,,,,,,,,,,,,,,,,,,,,,,,,,,,,,,,,,,,,,,,,,,,,,,,,,,,,,,,,,,,,,,,,,,,,
2019-12-16,601348.6335598544,8632.177002634506,,,,,,,,,,,42610.978284970675,32199.282668402837,1039061.7711000025,,109339.95977469749,,,,,,48884.950082862386,13637.86657472874,16777.336750382146,5770.580241990861,36213.3859339769,37007.0510902817,,,,,,,,,,,,,,,,,,,,,,,,,,,,,,,,,,,,,,,,,,,,,,,,,,,,,,,,,,,,,,,,,,,,,,,,,,,,,,,,,,,,,,,,,,,,,,,,0.0,0.0,0.0,0.0,0.0,0.0017591469222679734,0.0,0.0,0.0,0.0,0.0,0.0,0.0,0.0,0.0,0.0,0.0,0.0,0.0,0.0,0.0,0.0,0.0,0.0,0.0013064012164250016,0.0,0.0,0.0036453166976571083,0.0,0.0,0.0,0.0035564147401601076,0.0,0.0,0.0,0.0,0.0,0.0,0.0,0.0,0.0,0.35433509945869446,0.0,0.0,0.0,0.0,0.0,0.0,0.000280939566437155,0.0,0.0,0.0,0.0,0.0,0.0,0.0,0.0,0.0,0.0,0.0,0.0,0.0,0.0,0.0,0.0,0.0,0.0,0.0,0.0,0.0,0.0,0.0,0.0,0.0,0.0,0.0,0.0,0.0,0.0,0.0,0.0,0.0002895304933190346,0.0,0.0,0.0,0.0,0.0,0.0,0.0,0.0004514709289651364,0.0,0.0,0.0,0.0,0.0,0.0,0.0,0.0,0.0,0.0,0.0,0.0,0.0,0.0,0.0,0.23673413693904877,0.0,0.0,0.0,0.0,0.0,0.0,0.0,0.0,0.0,0.0,0.0,0.0,0.0,0.0,0.006112119648605585,0.0,0.0,0.0,0.0,0.0,0.0,0.0,0.0,0.0,0.0,0.0,0.0,0.0,0.0009501978638581932,0.0,0.0,0.0,0.0,0.0,0.0,0.0,0.0,0.0,0.0,0.0,0.0,0.0,0.0,0.0,0.0,0.0,0.0,0.0,0.0,0.0,0.0,0.0,0.0,0.0,0.0,0.0,0.0,0.0,0.0,0.0,0.0,0.0,0.0,0.0,0.0,0.0004413347051013261,0.0014393494930118322,0.0,0.0,0.0,0.0,0.0,0.0,0.0,0.0,0.0,0.0,0.0,0.0,0.0,0.0,0.0,0.0,0.0,0.0,0.0,0.0,0.0,0.0010530672734603286,0.0,0.0,0.0,0.0,0.0,0.0,0.0,0.0,0.0,0.0,0.0,0.0,0.0,0.0,0.0,0.0004487152036745101,0.0,0.0,0.0,0.0,0.0,0.0,0.0,0.0,0.0,0.0,0.0,0.0,0.0,0.0,0.0,0.0,0.0,0.0,0.0,0.0,0.0,0.0,0.0,0.002649371512234211,0.0,0.0,0.0,0.0,0.0,0.0,0.0,1.6639629393466748e-05,0.0,0.0,0.0,0.0,0.0,0.0,0.0,0.0,0.0,0.0,0.0,0.0,0.0,0.0,0.0,0.0,0.0,0.0,0.0,0.0,0.0,0.0,0.0,0.0,0.0,0.0,0.0,0.0,0.0,0.0,0.0,0.0,0.0,0.0,0.0,0.0,0.0,0.0,0.0,0.0,0.0,0.0,0.0,0.0,0.0,0.0,0.0,0.0,0.0,0.0,0.0,0.0,0.0,0.0,0.0,0.0,0.0,0.0,0.0,0.0,0.0,0.0,0.0,0.00022665342839900404,0.0,0.0,0.0,0.0,0.0,0.0,0.0,0.0,0.0,0.0,0.0,0.0,0.0,0.0,0.0,0.0,0.0,0.0,0.0,0.0,0.0,0.0,0.0005905237630940974,0.0,0.0,0.0019058078760281205,0.0,0.0,0.0,0.0,0.0,0.0,0.0,0.0,0.0,0.0,0.0,0.0,0.0,0.0,0.0,0.0,0.0,0.0,0.0,0.0,0.0,0.0,0.0,0.0,0.0,0.0,0.0,0.0,0.0,0.0,0.0,0.0,0.0,0.0,0.0,0.0,0.0020384937524795532,0.0,0.0,0.0,0.0,0.0,0.0,0.0,0.0,0.0,0.0,0.0,0.0,0.0,0.0,0.0,0.0,0.0,0.0,0.0,0.0,0.0,0.0,0.27549755573272705,0.0,0.0,0.0,0.0,0.0,0.0,0.0,0.0,0.0009239051141776145,0.0,0.0,0.0,0.0,0.0,0.0,0.0,0.0,0.0,0.0,0.0,0.0,0.0,0.0,0.0,0.0,0.0,0.0,0.09578496962785721,0.0,0.0,0.0,0.0,0.0,0.0,0.0,0.0,0.0,0.0,0.0,0.0,0.0,0.0,0.0,0.0,0.0,0.0,0.0,0.0,0.0,0.0,0.0,0.0,0.0,0.0,0.0034059735480695963,0.0,0.0,0.0,0.0,0.0,0.0,0.0,0.0,0.0,0.0,0.0,0.0,0.0,0.0,0.0,0.0,0.0,0.0,0.0,0.0,0.0,0.0003127045347355306,0.0,0.0018471716903150082,0.0,0.0,0.0,0.0,0.0,0.0,0.0,0.0,0.0,0.0,0.0,0.0,0.0,0.0,0.0,0.0,0.0,0.0,0.0,0.0,0.0,0.0,0.0,0.0,0.0,0.0,0.0,0.00199695467017591,,,,,,,,,,,,,,,,,,,,,,,,,,,,,,,,,,,,,,,,,,,,,,,,,,,,,,,,,,,,,,,,,,,,,,,,,,,,,,,,,,,,,,,,,,,,,,,,,,,,,,,,,,,,,,,,,,,,,,,,,,,,,,,,,,,,,,,,,,,,,,,,,,,,,,,,,,,,,,,,,,,,,,,,,,,,,,,,,,,,,,,,,,,,,,,,,,,,,,,,,,,,,,,,,,,,,,,,,,,,,,,,,,,,,,,,,,,,,,,,,,,,,,,,,,,,,,,,,,,,,,,,,,,,
2019-12-17,601586.7134594022,4047.9257477966603,,,,,,,,,,,50463.25584217561,31399.844451191362,1039061.7711000025,,109009.59465107606,,,,,,49308.78733953106,13341.021081727977,16661.894788128437,5770.608951001447,36217.283383774346,36317.07414326782,,,,,,,,,,,,,,,,,,,,,,,,,,,,,,,,,,,,,,,,,,,,,,,,,,,,,,,,,,,,,,,,,,,,,,,,,,,,,,,,,,,,,,,,,,,,,,,,0.0,0.0,0.0,0.0,0.0,0.0017591469222679734,0.0,0.0,0.0,0.0,0.0,0.0,0.0,0.0,0.0,0.0,0.0,0.0,0.0,0.0,0.0,0.0,0.0,0.0,0.0013064012164250016,0.0,0.0,0.0036453166976571083,0.0,0.0,0.0,0.0035564147401601076,0.0,0.0,0.0,0.0,0.0,0.0,0.0,0.0,0.0,0.35433509945869446,0.0,0.0,0.0,0.0,0.0,0.0,0.000280939566437155,0.0,0.0,0.0,0.0,0.0,0.0,0.0,0.0,0.0,0.0,0.0,0.0,0.0,0.0,0.0,0.0,0.0,0.0,0.0,0.0,0.0,0.0,0.0,0.0,0.0,0.0,0.0,0.0,0.0,0.0,0.0,0.0,0.0002895304933190346,0.0,0.0,0.0,0.0,0.0,0.0,0.0,0.0004514709289651364,0.0,0.0,0.0,0.0,0.0,0.0,0.0,0.0,0.0,0.0,0.0,0.0,0.0,0.0,0.0,0.23673413693904877,0.0,0.0,0.0,0.0,0.0,0.0,0.0,0.0,0.0,0.0,0.0,0.0,0.0,0.0,0.006112119648605585,0.0,0.0,0.0,0.0,0.0,0.0,0.0,0.0,0.0,0.0,0.0,0.0,0.0,0.0009501978638581932,0.0,0.0,0.0,0.0,0.0,0.0,0.0,0.0,0.0,0.0,0.0,0.0,0.0,0.0,0.0,0.0,0.0,0.0,0.0,0.0,0.0,0.0,0.0,0.0,0.0,0.0,0.0,0.0,0.0,0.0,0.0,0.0,0.0,0.0,0.0,0.0,0.0004413347051013261,0.0014393494930118322,0.0,0.0,0.0,0.0,0.0,0.0,0.0,0.0,0.0,0.0,0.0,0.0,0.0,0.0,0.0,0.0,0.0,0.0,0.0,0.0,0.0,0.0010530672734603286,0.0,0.0,0.0,0.0,0.0,0.0,0.0,0.0,0.0,0.0,0.0,0.0,0.0,0.0,0.0,0.0004487152036745101,0.0,0.0,0.0,0.0,0.0,0.0,0.0,0.0,0.0,0.0,0.0,0.0,0.0,0.0,0.0,0.0,0.0,0.0,0.0,0.0,0.0,0.0,0.0,0.002649371512234211,0.0,0.0,0.0,0.0,0.0,0.0,0.0,1.6639629393466748e-05,0.0,0.0,0.0,0.0,0.0,0.0,0.0,0.0,0.0,0.0,0.0,0.0,0.0,0.0,0.0,0.0,0.0,0.0,0.0,0.0,0.0,0.0,0.0,0.0,0.0,0.0,0.0,0.0,0.0,0.0,0.0,0.0,0.0,0.0,0.0,0.0,0.0,0.0,0.0,0.0,0.0,0.0,0.0,0.0,0.0,0.0,0.0,0.0,0.0,0.0,0.0,0.0,0.0,0.0,0.0,0.0,0.0,0.0,0.0,0.0,0.0,0.0,0.0,0.00022665342839900404,0.0,0.0,0.0,0.0,0.0,0.0,0.0,0.0,0.0,0.0,0.0,0.0,0.0,0.0,0.0,0.0,0.0,0.0,0.0,0.0,0.0,0.0,0.0005905237630940974,0.0,0.0,0.0019058078760281205,0.0,0.0,0.0,0.0,0.0,0.0,0.0,0.0,0.0,0.0,0.0,0.0,0.0,0.0,0.0,0.0,0.0,0.0,0.0,0.0,0.0,0.0,0.0,0.0,0.0,0.0,0.0,0.0,0.0,0.0,0.0,0.0,0.0,0.0,0.0,0.0,0.0020384937524795532,0.0,0.0,0.0,0.0,0.0,0.0,0.0,0.0,0.0,0.0,0.0,0.0,0.0,0.0,0.0,0.0,0.0,0.0,0.0,0.0,0.0,0.0,0.27549755573272705,0.0,0.0,0.0,0.0,0.0,0.0,0.0,0.0,0.0009239051141776145,0.0,0.0,0.0,0.0,0.0,0.0,0.0,0.0,0.0,0.0,0.0,0.0,0.0,0.0,0.0,0.0,0.0,0.0,0.09578496962785721,0.0,0.0,0.0,0.0,0.0,0.0,0.0,0.0,0.0,0.0,0.0,0.0,0.0,0.0,0.0,0.0,0.0,0.0,0.0,0.0,0.0,0.0,0.0,0.0,0.0,0.0,0.0034059735480695963,0.0,0.0,0.0,0.0,0.0,0.0,0.0,0.0,0.0,0.0,0.0,0.0,0.0,0.0,0.0,0.0,0.0,0.0,0.0,0.0,0.0,0.0003127045347355306,0.0,0.0018471716903150082,0.0,0.0,0.0,0.0,0.0,0.0,0.0,0.0,0.0,0.0,0.0,0.0,0.0,0.0,0.0,0.0,0.0,0.0,0.0,0.0,0.0,0.0,0.0,0.0,0.0,0.0,0.0,0.00199695467017591,,,,,,,,,,,,,,,,,,,,,,,,,,,,,,,,,,,,,,,,,,,,,,,,,,,,,,,,,,,,,,,,,,,,,,,,,,,,,,,,,,,,,,,,,,,,,,,,,,,,,,,,,,,,,,,,,,,,,,,,,,,,,,,,,,,,,,,,,,,,,,,,,,,,,,,,,,,,,,,,,,,,,,,,,,,,,,,,,,,,,,,,,,,,,,,,,,,,,,,,,,,,,,,,,,,,,,,,,,,,,,,,,,,,,,,,,,,,,,,,,,,,,,,,,,,,,,,,,,,,,,,,,,,,
2019-12-18,600924.5523731738,5090.309811269355,,,,,,,,,,,54543.45627211478,28565.215474515295,1039061.7711000025,,109009.59465107606,,,,,,48474.87093791662,13045.054167994605,16662.552096202093,6182.752393112396,36215.82503047251,35852.44166635014,,,,,,,,,,,,,,,,,,,,,,,,,,,,,,,,,,,,,,,,,,,,,,,,,,,,,,,,,,,,,,,,,,,,,,,,,,,,,,,,,,,,,,,,,,,,,,,,0.0,0.0,0.0,0.0,0.0,0.0017591469222679734,0.0,0.0,0.0,0.0,0.0,0.0,0.0,0.0,0.0,0.0,0.0,0.0,0.0,0.0,0.0,0.0,0.0,0.0,0.0013064012164250016,0.0,0.0,0.0036453166976571083,0.0,0.0,0.0,0.0035564147401601076,0.0,0.0,0.0,0.0,0.0,0.0,0.0,0.0,0.0,0.35433509945869446,0.0,0.0,0.0,0.0,0.0,0.0,0.000280939566437155,0.0,0.0,0.0,0.0,0.0,0.0,0.0,0.0,0.0,0.0,0.0,0.0,0.0,0.0,0.0,0.0,0.0,0.0,0.0,0.0,0.0,0.0,0.0,0.0,0.0,0.0,0.0,0.0,0.0,0.0,0.0,0.0,0.0002895304933190346,0.0,0.0,0.0,0.0,0.0,0.0,0.0,0.0004514709289651364,0.0,0.0,0.0,0.0,0.0,0.0,0.0,0.0,0.0,0.0,0.0,0.0,0.0,0.0,0.0,0.23673413693904877,0.0,0.0,0.0,0.0,0.0,0.0,0.0,0.0,0.0,0.0,0.0,0.0,0.0,0.0,0.006112119648605585,0.0,0.0,0.0,0.0,0.0,0.0,0.0,0.0,0.0,0.0,0.0,0.0,0.0,0.0009501978638581932,0.0,0.0,0.0,0.0,0.0,0.0,0.0,0.0,0.0,0.0,0.0,0.0,0.0,0.0,0.0,0.0,0.0,0.0,0.0,0.0,0.0,0.0,0.0,0.0,0.0,0.0,0.0,0.0,0.0,0.0,0.0,0.0,0.0,0.0,0.0,0.0,0.0004413347051013261,0.0014393494930118322,0.0,0.0,0.0,0.0,0.0,0.0,0.0,0.0,0.0,0.0,0.0,0.0,0.0,0.0,0.0,0.0,0.0,0.0,0.0,0.0,0.0,0.0010530672734603286,0.0,0.0,0.0,0.0,0.0,0.0,0.0,0.0,0.0,0.0,0.0,0.0,0.0,0.0,0.0,0.0004487152036745101,0.0,0.0,0.0,0.0,0.0,0.0,0.0,0.0,0.0,0.0,0.0,0.0,0.0,0.0,0.0,0.0,0.0,0.0,0.0,0.0,0.0,0.0,0.0,0.002649371512234211,0.0,0.0,0.0,0.0,0.0,0.0,0.0,1.6639629393466748e-05,0.0,0.0,0.0,0.0,0.0,0.0,0.0,0.0,0.0,0.0,0.0,0.0,0.0,0.0,0.0,0.0,0.0,0.0,0.0,0.0,0.0,0.0,0.0,0.0,0.0,0.0,0.0,0.0,0.0,0.0,0.0,0.0,0.0,0.0,0.0,0.0,0.0,0.0,0.0,0.0,0.0,0.0,0.0,0.0,0.0,0.0,0.0,0.0,0.0,0.0,0.0,0.0,0.0,0.0,0.0,0.0,0.0,0.0,0.0,0.0,0.0,0.0,0.0,0.00022665342839900404,0.0,0.0,0.0,0.0,0.0,0.0,0.0,0.0,0.0,0.0,0.0,0.0,0.0,0.0,0.0,0.0,0.0,0.0,0.0,0.0,0.0,0.0,0.0005905237630940974,0.0,0.0,0.0019058078760281205,0.0,0.0,0.0,0.0,0.0,0.0,0.0,0.0,0.0,0.0,0.0,0.0,0.0,0.0,0.0,0.0,0.0,0.0,0.0,0.0,0.0,0.0,0.0,0.0,0.0,0.0,0.0,0.0,0.0,0.0,0.0,0.0,0.0,0.0,0.0,0.0,0.0020384937524795532,0.0,0.0,0.0,0.0,0.0,0.0,0.0,0.0,0.0,0.0,0.0,0.0,0.0,0.0,0.0,0.0,0.0,0.0,0.0,0.0,0.0,0.0,0.27549755573272705,0.0,0.0,0.0,0.0,0.0,0.0,0.0,0.0,0.0009239051141776145,0.0,0.0,0.0,0.0,0.0,0.0,0.0,0.0,0.0,0.0,0.0,0.0,0.0,0.0,0.0,0.0,0.0,0.0,0.09578496962785721,0.0,0.0,0.0,0.0,0.0,0.0,0.0,0.0,0.0,0.0,0.0,0.0,0.0,0.0,0.0,0.0,0.0,0.0,0.0,0.0,0.0,0.0,0.0,0.0,0.0,0.0,0.0034059735480695963,0.0,0.0,0.0,0.0,0.0,0.0,0.0,0.0,0.0,0.0,0.0,0.0,0.0,0.0,0.0,0.0,0.0,0.0,0.0,0.0,0.0,0.0003127045347355306,0.0,0.0018471716903150082,0.0,0.0,0.0,0.0,0.0,0.0,0.0,0.0,0.0,0.0,0.0,0.0,0.0,0.0,0.0,0.0,0.0,0.0,0.0,0.0,0.0,0.0,0.0,0.0,0.0,0.0,0.0,0.00199695467017591,,,,,,,,,,,,,,,,,,,,,,,,,,,,,,,,,,,,,,,,,,,,,,,,,,,,,,,,,,,,,,,,,,,,,,,,,,,,,,,,,,,,,,,,,,,,,,,,,,,,,,,,,,,,,,,,,,,,,,,,,,,,,,,,,,,,,,,,,,,,,,,,,,,,,,,,,,,,,,,,,,,,,,,,,,,,,,,,,,,,,,,,,,,,,,,,,,,,,,,,,,,,,,,,,,,,,,,,,,,,,,,,,,,,,,,,,,,,,,,,,,,,,,,,,,,,,,,,,,,,,,,,,,,,
2019-12-19,604032.0792088098,4857.265467377472,,,,,,,,,,,60308.344686012046,27183.985624979043,1039061.7711000025,,107635.82972551562,,,,,,48069.36365837698,13047.028918832077,16720.60976901116,6182.798722402656,36217.73444465813,35386.61687652125,,,,,,,,,,,,,,,,,,,,,,,,,,,,,,,,,,,,,,,,,,,,,,,,,,,,,,,,,,,,,,,,,,,,,,,,,,,,,,,,,,,,,,,,,,,,,,,,0.0,0.0,0.0,0.0,0.0,0.0017591469222679734,0.0,0.0,0.0,0.0,0.0,0.0,0.0,0.0,0.0,0.0,0.0,0.0,0.0,0.0,0.0,0.0,0.0,0.0,0.0013064012164250016,0.0,0.0,0.0036453166976571083,0.0,0.0,0.0,0.0035564147401601076,0.0,0.0,0.0,0.0,0.0,0.0,0.0,0.0,0.0,0.35433509945869446,0.0,0.0,0.0,0.0,0.0,0.0,0.000280939566437155,0.0,0.0,0.0,0.0,0.0,0.0,0.0,0.0,0.0,0.0,0.0,0.0,0.0,0.0,0.0,0.0,0.0,0.0,0.0,0.0,0.0,0.0,0.0,0.0,0.0,0.0,0.0,0.0,0.0,0.0,0.0,0.0,0.0002895304933190346,0.0,0.0,0.0,0.0,0.0,0.0,0.0,0.0004514709289651364,0.0,0.0,0.0,0.0,0.0,0.0,0.0,0.0,0.0,0.0,0.0,0.0,0.0,0.0,0.0,0.23673413693904877,0.0,0.0,0.0,0.0,0.0,0.0,0.0,0.0,0.0,0.0,0.0,0.0,0.0,0.0,0.006112119648605585,0.0,0.0,0.0,0.0,0.0,0.0,0.0,0.0,0.0,0.0,0.0,0.0,0.0,0.0009501978638581932,0.0,0.0,0.0,0.0,0.0,0.0,0.0,0.0,0.0,0.0,0.0,0.0,0.0,0.0,0.0,0.0,0.0,0.0,0.0,0.0,0.0,0.0,0.0,0.0,0.0,0.0,0.0,0.0,0.0,0.0,0.0,0.0,0.0,0.0,0.0,0.0,0.0004413347051013261,0.0014393494930118322,0.0,0.0,0.0,0.0,0.0,0.0,0.0,0.0,0.0,0.0,0.0,0.0,0.0,0.0,0.0,0.0,0.0,0.0,0.0,0.0,0.0,0.0010530672734603286,0.0,0.0,0.0,0.0,0.0,0.0,0.0,0.0,0.0,0.0,0.0,0.0,0.0,0.0,0.0,0.0004487152036745101,0.0,0.0,0.0,0.0,0.0,0.0,0.0,0.0,0.0,0.0,0.0,0.0,0.0,0.0,0.0,0.0,0.0,0.0,0.0,0.0,0.0,0.0,0.0,0.002649371512234211,0.0,0.0,0.0,0.0,0.0,0.0,0.0,1.6639629393466748e-05,0.0,0.0,0.0,0.0,0.0,0.0,0.0,0.0,0.0,0.0,0.0,0.0,0.0,0.0,0.0,0.0,0.0,0.0,0.0,0.0,0.0,0.0,0.0,0.0,0.0,0.0,0.0,0.0,0.0,0.0,0.0,0.0,0.0,0.0,0.0,0.0,0.0,0.0,0.0,0.0,0.0,0.0,0.0,0.0,0.0,0.0,0.0,0.0,0.0,0.0,0.0,0.0,0.0,0.0,0.0,0.0,0.0,0.0,0.0,0.0,0.0,0.0,0.0,0.00022665342839900404,0.0,0.0,0.0,0.0,0.0,0.0,0.0,0.0,0.0,0.0,0.0,0.0,0.0,0.0,0.0,0.0,0.0,0.0,0.0,0.0,0.0,0.0,0.0005905237630940974,0.0,0.0,0.0019058078760281205,0.0,0.0,0.0,0.0,0.0,0.0,0.0,0.0,0.0,0.0,0.0,0.0,0.0,0.0,0.0,0.0,0.0,0.0,0.0,0.0,0.0,0.0,0.0,0.0,0.0,0.0,0.0,0.0,0.0,0.0,0.0,0.0,0.0,0.0,0.0,0.0,0.0020384937524795532,0.0,0.0,0.0,0.0,0.0,0.0,0.0,0.0,0.0,0.0,0.0,0.0,0.0,0.0,0.0,0.0,0.0,0.0,0.0,0.0,0.0,0.0,0.27549755573272705,0.0,0.0,0.0,0.0,0.0,0.0,0.0,0.0,0.0009239051141776145,0.0,0.0,0.0,0.0,0.0,0.0,0.0,0.0,0.0,0.0,0.0,0.0,0.0,0.0,0.0,0.0,0.0,0.0,0.09578496962785721,0.0,0.0,0.0,0.0,0.0,0.0,0.0,0.0,0.0,0.0,0.0,0.0,0.0,0.0,0.0,0.0,0.0,0.0,0.0,0.0,0.0,0.0,0.0,0.0,0.0,0.0,0.0034059735480695963,0.0,0.0,0.0,0.0,0.0,0.0,0.0,0.0,0.0,0.0,0.0,0.0,0.0,0.0,0.0,0.0,0.0,0.0,0.0,0.0,0.0,0.0003127045347355306,0.0,0.0018471716903150082,0.0,0.0,0.0,0.0,0.0,0.0,0.0,0.0,0.0,0.0,0.0,0.0,0.0,0.0,0.0,0.0,0.0,0.0,0.0,0.0,0.0,0.0,0.0,0.0,0.0,0.0,0.0,0.00199695467017591,,,,,,,,,,,,,,,,,,,,,,,,,,,,,,,,,,,,,,,,,,,,,,,,,,,,,,,,,,,,,,,,,,,,,,,,,,,,,,,,,,,,,,,,,,,,,,,,,,,,,,,,,,,,,,,,,,,,,,,,,,,,,,,,,,,,,,,,,,,,,,,,,,,,,,,,,,,,,,,,,,,,,,,,,,,,,,,,,,,,,,,,,,,,,,,,,,,,,,,,,,,,,,,,,,,,,,,,,,,,,,,,,,,,,,,,,,,,,,,,,,,,,,,,,,,,,,,,,,,,,,,,,,,,
2019-12-20,601175.6961959214,7220.568407221596,,,,,,,,,,,66329.95326894296,26094.460428793387,1039061.7711000025,,100270.62296422238,,,,,,47378.015968167456,13045.826474546106,16777.336750382146,6183.04405136439,36212.65314174252,35624.45577451603,,,,,,,,,,,,,,,,,,,,,,,,,,,,,,,,,,,,,,,,,,,,,,,,,,,,,,,,,,,,,,,,,,,,,,,,,,,,,,,,,,,,,,,,,,,,,,,,0.0,0.0,0.0,0.0,0.0,0.0017591469222679734,0.0,0.0,0.0,0.0,0.0,0.0,0.0,0.0,0.0,0.0,0.0,0.0,0.0,0.0,0.0,0.0,0.0,0.0,0.0013064012164250016,0.0,0.0,0.0036453166976571083,0.0,0.0,0.0,0.0035564147401601076,0.0,0.0,0.0,0.0,0.0,0.0,0.0,0.0,0.0,0.35433509945869446,0.0,0.0,0.0,0.0,0.0,0.0,0.000280939566437155,0.0,0.0,0.0,0.0,0.0,0.0,0.0,0.0,0.0,0.0,0.0,0.0,0.0,0.0,0.0,0.0,0.0,0.0,0.0,0.0,0.0,0.0,0.0,0.0,0.0,0.0,0.0,0.0,0.0,0.0,0.0,0.0,0.0002895304933190346,0.0,0.0,0.0,0.0,0.0,0.0,0.0,0.0004514709289651364,0.0,0.0,0.0,0.0,0.0,0.0,0.0,0.0,0.0,0.0,0.0,0.0,0.0,0.0,0.0,0.23673413693904877,0.0,0.0,0.0,0.0,0.0,0.0,0.0,0.0,0.0,0.0,0.0,0.0,0.0,0.0,0.006112119648605585,0.0,0.0,0.0,0.0,0.0,0.0,0.0,0.0,0.0,0.0,0.0,0.0,0.0,0.0009501978638581932,0.0,0.0,0.0,0.0,0.0,0.0,0.0,0.0,0.0,0.0,0.0,0.0,0.0,0.0,0.0,0.0,0.0,0.0,0.0,0.0,0.0,0.0,0.0,0.0,0.0,0.0,0.0,0.0,0.0,0.0,0.0,0.0,0.0,0.0,0.0,0.0,0.0004413347051013261,0.0014393494930118322,0.0,0.0,0.0,0.0,0.0,0.0,0.0,0.0,0.0,0.0,0.0,0.0,0.0,0.0,0.0,0.0,0.0,0.0,0.0,0.0,0.0,0.0010530672734603286,0.0,0.0,0.0,0.0,0.0,0.0,0.0,0.0,0.0,0.0,0.0,0.0,0.0,0.0,0.0,0.0004487152036745101,0.0,0.0,0.0,0.0,0.0,0.0,0.0,0.0,0.0,0.0,0.0,0.0,0.0,0.0,0.0,0.0,0.0,0.0,0.0,0.0,0.0,0.0,0.0,0.002649371512234211,0.0,0.0,0.0,0.0,0.0,0.0,0.0,1.6639629393466748e-05,0.0,0.0,0.0,0.0,0.0,0.0,0.0,0.0,0.0,0.0,0.0,0.0,0.0,0.0,0.0,0.0,0.0,0.0,0.0,0.0,0.0,0.0,0.0,0.0,0.0,0.0,0.0,0.0,0.0,0.0,0.0,0.0,0.0,0.0,0.0,0.0,0.0,0.0,0.0,0.0,0.0,0.0,0.0,0.0,0.0,0.0,0.0,0.0,0.0,0.0,0.0,0.0,0.0,0.0,0.0,0.0,0.0,0.0,0.0,0.0,0.0,0.0,0.0,0.00022665342839900404,0.0,0.0,0.0,0.0,0.0,0.0,0.0,0.0,0.0,0.0,0.0,0.0,0.0,0.0,0.0,0.0,0.0,0.0,0.0,0.0,0.0,0.0,0.0005905237630940974,0.0,0.0,0.0019058078760281205,0.0,0.0,0.0,0.0,0.0,0.0,0.0,0.0,0.0,0.0,0.0,0.0,0.0,0.0,0.0,0.0,0.0,0.0,0.0,0.0,0.0,0.0,0.0,0.0,0.0,0.0,0.0,0.0,0.0,0.0,0.0,0.0,0.0,0.0,0.0,0.0,0.0020384937524795532,0.0,0.0,0.0,0.0,0.0,0.0,0.0,0.0,0.0,0.0,0.0,0.0,0.0,0.0,0.0,0.0,0.0,0.0,0.0,0.0,0.0,0.0,0.27549755573272705,0.0,0.0,0.0,0.0,0.0,0.0,0.0,0.0,0.0009239051141776145,0.0,0.0,0.0,0.0,0.0,0.0,0.0,0.0,0.0,0.0,0.0,0.0,0.0,0.0,0.0,0.0,0.0,0.0,0.09578496962785721,0.0,0.0,0.0,0.0,0.0,0.0,0.0,0.0,0.0,0.0,0.0,0.0,0.0,0.0,0.0,0.0,0.0,0.0,0.0,0.0,0.0,0.0,0.0,0.0,0.0,0.0,0.0034059735480695963,0.0,0.0,0.0,0.0,0.0,0.0,0.0,0.0,0.0,0.0,0.0,0.0,0.0,0.0,0.0,0.0,0.0,0.0,0.0,0.0,0.0,0.0003127045347355306,0.0,0.0018471716903150082,0.0,0.0,0.0,0.0,0.0,0.0,0.0,0.0,0.0,0.0,0.0,0.0,0.0,0.0,0.0,0.0,0.0,0.0,0.0,0.0,0.0,0.0,0.0,0.0,0.0,0.0,0.0,0.00199695467017591,,,,,,,,,,,,,,,,,,,,,,,,,,,,,,,,,,,,,,,,,,,,,,,,,,,,,,,,,,,,,,,,,,,,,,,,,,,,,,,,,,,,,,,,,,,,,,,,,,,,,,,,,,,,,,,,,,,,,,,,,,,,,,,,,,,,,,,,,,,,,,,,,,,,,,,,,,,,,,,,,,,,,,,,,,,,,,,,,,,,,,,,,,,,,,,,,,,,,,,,,,,,,,,,,,,,,,,,,,,,,,,,,,,,,,,,,,,,,,,,,,,,,,,,,,,,,,,,,,,,,,,,,,,,
2019-12-23,598206.221349975,1290.2257764325695,,,,,,,,,,,76284.20776443584,24785.903347539046,1039061.7711000025,,93984.55441391932,,,,,,46540.67904750737,13342.854264642727,16777.747779133762,6183.050127870577,38998.12853216905,36318.01052937383,,,,,,,,,,,,,,,,,,,,,,,,,,,,,,,,,,,,,,,,,,,,,,,,,,,,,,,,,,,,,,,,,,,,,,,,,,,,,,,,,,,,,,,,,,,,,,,,0.0,0.0,0.0,0.0,0.0,0.0017591469222679734,0.0,0.0,0.0,0.0,0.0,0.0,0.0,0.0,0.0,0.0,0.0,0.0,0.0,0.0,0.0,0.0,0.0,0.0,0.0013064012164250016,0.0,0.0,0.0036453166976571083,0.0,0.0,0.0,0.0035564147401601076,0.0,0.0,0.0,0.0,0.0,0.0,0.0,0.0,0.0,0.35433509945869446,0.0,0.0,0.0,0.0,0.0,0.0,0.000280939566437155,0.0,0.0,0.0,0.0,0.0,0.0,0.0,0.0,0.0,0.0,0.0,0.0,0.0,0.0,0.0,0.0,0.0,0.0,0.0,0.0,0.0,0.0,0.0,0.0,0.0,0.0,0.0,0.0,0.0,0.0,0.0,0.0,0.0002895304933190346,0.0,0.0,0.0,0.0,0.0,0.0,0.0,0.0004514709289651364,0.0,0.0,0.0,0.0,0.0,0.0,0.0,0.0,0.0,0.0,0.0,0.0,0.0,0.0,0.0,0.23673413693904877,0.0,0.0,0.0,0.0,0.0,0.0,0.0,0.0,0.0,0.0,0.0,0.0,0.0,0.0,0.006112119648605585,0.0,0.0,0.0,0.0,0.0,0.0,0.0,0.0,0.0,0.0,0.0,0.0,0.0,0.0009501978638581932,0.0,0.0,0.0,0.0,0.0,0.0,0.0,0.0,0.0,0.0,0.0,0.0,0.0,0.0,0.0,0.0,0.0,0.0,0.0,0.0,0.0,0.0,0.0,0.0,0.0,0.0,0.0,0.0,0.0,0.0,0.0,0.0,0.0,0.0,0.0,0.0,0.0004413347051013261,0.0014393494930118322,0.0,0.0,0.0,0.0,0.0,0.0,0.0,0.0,0.0,0.0,0.0,0.0,0.0,0.0,0.0,0.0,0.0,0.0,0.0,0.0,0.0,0.0010530672734603286,0.0,0.0,0.0,0.0,0.0,0.0,0.0,0.0,0.0,0.0,0.0,0.0,0.0,0.0,0.0,0.0004487152036745101,0.0,0.0,0.0,0.0,0.0,0.0,0.0,0.0,0.0,0.0,0.0,0.0,0.0,0.0,0.0,0.0,0.0,0.0,0.0,0.0,0.0,0.0,0.0,0.002649371512234211,0.0,0.0,0.0,0.0,0.0,0.0,0.0,1.6639629393466748e-05,0.0,0.0,0.0,0.0,0.0,0.0,0.0,0.0,0.0,0.0,0.0,0.0,0.0,0.0,0.0,0.0,0.0,0.0,0.0,0.0,0.0,0.0,0.0,0.0,0.0,0.0,0.0,0.0,0.0,0.0,0.0,0.0,0.0,0.0,0.0,0.0,0.0,0.0,0.0,0.0,0.0,0.0,0.0,0.0,0.0,0.0,0.0,0.0,0.0,0.0,0.0,0.0,0.0,0.0,0.0,0.0,0.0,0.0,0.0,0.0,0.0,0.0,0.0,0.00022665342839900404,0.0,0.0,0.0,0.0,0.0,0.0,0.0,0.0,0.0,0.0,0.0,0.0,0.0,0.0,0.0,0.0,0.0,0.0,0.0,0.0,0.0,0.0,0.0005905237630940974,0.0,0.0,0.0019058078760281205,0.0,0.0,0.0,0.0,0.0,0.0,0.0,0.0,0.0,0.0,0.0,0.0,0.0,0.0,0.0,0.0,0.0,0.0,0.0,0.0,0.0,0.0,0.0,0.0,0.0,0.0,0.0,0.0,0.0,0.0,0.0,0.0,0.0,0.0,0.0,0.0,0.0020384937524795532,0.0,0.0,0.0,0.0,0.0,0.0,0.0,0.0,0.0,0.0,0.0,0.0,0.0,0.0,0.0,0.0,0.0,0.0,0.0,0.0,0.0,0.0,0.27549755573272705,0.0,0.0,0.0,0.0,0.0,0.0,0.0,0.0,0.0009239051141776145,0.0,0.0,0.0,0.0,0.0,0.0,0.0,0.0,0.0,0.0,0.0,0.0,0.0,0.0,0.0,0.0,0.0,0.0,0.09578496962785721,0.0,0.0,0.0,0.0,0.0,0.0,0.0,0.0,0.0,0.0,0.0,0.0,0.0,0.0,0.0,0.0,0.0,0.0,0.0,0.0,0.0,0.0,0.0,0.0,0.0,0.0,0.0034059735480695963,0.0,0.0,0.0,0.0,0.0,0.0,0.0,0.0,0.0,0.0,0.0,0.0,0.0,0.0,0.0,0.0,0.0,0.0,0.0,0.0,0.0,0.0003127045347355306,0.0,0.0018471716903150082,0.0,0.0,0.0,0.0,0.0,0.0,0.0,0.0,0.0,0.0,0.0,0.0,0.0,0.0,0.0,0.0,0.0,0.0,0.0,0.0,0.0,0.0,0.0,0.0,0.0,0.0,0.0,0.00199695467017591,,,,,,,,,,,,,,,,,,,,,,,,,,,,,,,,,,,,,,,,,,,,,,,,,,,,,,,,,,,,,,,,,,,,,,,,,,,,,,,,,,,,,,,,,,,,,,,,,,,,,,,,,,,,,,,,,,,,,,,,,,,,,,,,,,,,,,,,,,,,,,,,,,,,,,,,,,,,,,,,,,,,,,,,,,,,,,,,,,,,,,,,,,,,,,,,,,,,,,,,,,,,,,,,,,,,,,,,,,,,,,,,,,,,,,,,,,,,,,,,,,,,,,,,,,,,,,,,,,,,,,,,,,,,
2019-12-24,605847.2902087517,6226.4128972578765,,,,,,,,,,,78275.87700371913,23404.489352993183,1039061.7711000025,,93984.55441391932,,,,,,45724.77777480411,13636.733973741379,16953.279288966456,6182.943790736625,36214.72382604118,37006.946502316314,,,,,,,,,,,,,,,,,,,,,,,,,,,,,,,,,,,,,,,,,,,,,,,,,,,,,,,,,,,,,,,,,,,,,,,,,,,,,,,,,,,,,,,,,,,,,,,,0.0,0.0,0.0,0.0,0.0,0.0017591469222679734,0.0,0.0,0.0,0.0,0.0,0.0,0.0,0.0,0.0,0.0,0.0,0.0,0.0,0.0,0.0,0.0,0.0,0.0,0.0013064012164250016,0.0,0.0,0.0036453166976571083,0.0,0.0,0.0,0.0035564147401601076,0.0,0.0,0.0,0.0,0.0,0.0,0.0,0.0,0.0,0.35433509945869446,0.0,0.0,0.0,0.0,0.0,0.0,0.000280939566437155,0.0,0.0,0.0,0.0,0.0,0.0,0.0,0.0,0.0,0.0,0.0,0.0,0.0,0.0,0.0,0.0,0.0,0.0,0.0,0.0,0.0,0.0,0.0,0.0,0.0,0.0,0.0,0.0,0.0,0.0,0.0,0.0,0.0002895304933190346,0.0,0.0,0.0,0.0,0.0,0.0,0.0,0.0004514709289651364,0.0,0.0,0.0,0.0,0.0,0.0,0.0,0.0,0.0,0.0,0.0,0.0,0.0,0.0,0.0,0.23673413693904877,0.0,0.0,0.0,0.0,0.0,0.0,0.0,0.0,0.0,0.0,0.0,0.0,0.0,0.0,0.006112119648605585,0.0,0.0,0.0,0.0,0.0,0.0,0.0,0.0,0.0,0.0,0.0,0.0,0.0,0.0009501978638581932,0.0,0.0,0.0,0.0,0.0,0.0,0.0,0.0,0.0,0.0,0.0,0.0,0.0,0.0,0.0,0.0,0.0,0.0,0.0,0.0,0.0,0.0,0.0,0.0,0.0,0.0,0.0,0.0,0.0,0.0,0.0,0.0,0.0,0.0,0.0,0.0,0.0004413347051013261,0.0014393494930118322,0.0,0.0,0.0,0.0,0.0,0.0,0.0,0.0,0.0,0.0,0.0,0.0,0.0,0.0,0.0,0.0,0.0,0.0,0.0,0.0,0.0,0.0010530672734603286,0.0,0.0,0.0,0.0,0.0,0.0,0.0,0.0,0.0,0.0,0.0,0.0,0.0,0.0,0.0,0.0004487152036745101,0.0,0.0,0.0,0.0,0.0,0.0,0.0,0.0,0.0,0.0,0.0,0.0,0.0,0.0,0.0,0.0,0.0,0.0,0.0,0.0,0.0,0.0,0.0,0.002649371512234211,0.0,0.0,0.0,0.0,0.0,0.0,0.0,1.6639629393466748e-05,0.0,0.0,0.0,0.0,0.0,0.0,0.0,0.0,0.0,0.0,0.0,0.0,0.0,0.0,0.0,0.0,0.0,0.0,0.0,0.0,0.0,0.0,0.0,0.0,0.0,0.0,0.0,0.0,0.0,0.0,0.0,0.0,0.0,0.0,0.0,0.0,0.0,0.0,0.0,0.0,0.0,0.0,0.0,0.0,0.0,0.0,0.0,0.0,0.0,0.0,0.0,0.0,0.0,0.0,0.0,0.0,0.0,0.0,0.0,0.0,0.0,0.0,0.0,0.00022665342839900404,0.0,0.0,0.0,0.0,0.0,0.0,0.0,0.0,0.0,0.0,0.0,0.0,0.0,0.0,0.0,0.0,0.0,0.0,0.0,0.0,0.0,0.0,0.0005905237630940974,0.0,0.0,0.0019058078760281205,0.0,0.0,0.0,0.0,0.0,0.0,0.0,0.0,0.0,0.0,0.0,0.0,0.0,0.0,0.0,0.0,0.0,0.0,0.0,0.0,0.0,0.0,0.0,0.0,0.0,0.0,0.0,0.0,0.0,0.0,0.0,0.0,0.0,0.0,0.0,0.0,0.0020384937524795532,0.0,0.0,0.0,0.0,0.0,0.0,0.0,0.0,0.0,0.0,0.0,0.0,0.0,0.0,0.0,0.0,0.0,0.0,0.0,0.0,0.0,0.0,0.27549755573272705,0.0,0.0,0.0,0.0,0.0,0.0,0.0,0.0,0.0009239051141776145,0.0,0.0,0.0,0.0,0.0,0.0,0.0,0.0,0.0,0.0,0.0,0.0,0.0,0.0,0.0,0.0,0.0,0.0,0.09578496962785721,0.0,0.0,0.0,0.0,0.0,0.0,0.0,0.0,0.0,0.0,0.0,0.0,0.0,0.0,0.0,0.0,0.0,0.0,0.0,0.0,0.0,0.0,0.0,0.0,0.0,0.0,0.0034059735480695963,0.0,0.0,0.0,0.0,0.0,0.0,0.0,0.0,0.0,0.0,0.0,0.0,0.0,0.0,0.0,0.0,0.0,0.0,0.0,0.0,0.0,0.0003127045347355306,0.0,0.0018471716903150082,0.0,0.0,0.0,0.0,0.0,0.0,0.0,0.0,0.0,0.0,0.0,0.0,0.0,0.0,0.0,0.0,0.0,0.0,0.0,0.0,0.0,0.0,0.0,0.0,0.0,0.0,0.0,0.00199695467017591,,,,,,,,,,,,,,,,,,,,,,,,,,,,,,,,,,,,,,,,,,,,,,,,,,,,,,,,,,,,,,,,,,,,,,,,,,,,,,,,,,,,,,,,,,,,,,,,,,,,,,,,,,,,,,,,,,,,,,,,,,,,,,,,,,,,,,,,,,,,,,,,,,,,,,,,,,,,,,,,,,,,,,,,,,,,,,,,,,,,,,,,,,,,,,,,,,,,,,,,,,,,,,,,,,,,,,,,,,,,,,,,,,,,,,,,,,,,,,,,,,,,,,,,,,,,,,,,,,,,,,,,,,,,
2019-12-25,598905.0808728068,7636.051300254321,,,,,,,,,,,88492.07122594715,22678.003413945185,1039061.7711000025,,88743.78000422122,,,,,,43794.91627184322,13936.587988095042,17067.60209208426,6183.050127870577,36215.82878896408,36315.72473057972,,,,,,,,,,,,,,,,,,,,,,,,,,,,,,,,,,,,,,,,,,,,,,,,,,,,,,,,,,,,,,,,,,,,,,,,,,,,,,,,,,,,,,,,,,,,,,,,0.0,0.0,0.0,0.0,0.0,0.0017591469222679734,0.0,0.0,0.0,0.0,0.0,0.0,0.0,0.0,0.0,0.0,0.0,0.0,0.0,0.0,0.0,0.0,0.0,0.0,0.0013064012164250016,0.0,0.0,0.0036453166976571083,0.0,0.0,0.0,0.0035564147401601076,0.0,0.0,0.0,0.0,0.0,0.0,0.0,0.0,0.0,0.35433509945869446,0.0,0.0,0.0,0.0,0.0,0.0,0.000280939566437155,0.0,0.0,0.0,0.0,0.0,0.0,0.0,0.0,0.0,0.0,0.0,0.0,0.0,0.0,0.0,0.0,0.0,0.0,0.0,0.0,0.0,0.0,0.0,0.0,0.0,0.0,0.0,0.0,0.0,0.0,0.0,0.0,0.0002895304933190346,0.0,0.0,0.0,0.0,0.0,0.0,0.0,0.0004514709289651364,0.0,0.0,0.0,0.0,0.0,0.0,0.0,0.0,0.0,0.0,0.0,0.0,0.0,0.0,0.0,0.23673413693904877,0.0,0.0,0.0,0.0,0.0,0.0,0.0,0.0,0.0,0.0,0.0,0.0,0.0,0.0,0.006112119648605585,0.0,0.0,0.0,0.0,0.0,0.0,0.0,0.0,0.0,0.0,0.0,0.0,0.0,0.0009501978638581932,0.0,0.0,0.0,0.0,0.0,0.0,0.0,0.0,0.0,0.0,0.0,0.0,0.0,0.0,0.0,0.0,0.0,0.0,0.0,0.0,0.0,0.0,0.0,0.0,0.0,0.0,0.0,0.0,0.0,0.0,0.0,0.0,0.0,0.0,0.0,0.0,0.0004413347051013261,0.0014393494930118322,0.0,0.0,0.0,0.0,0.0,0.0,0.0,0.0,0.0,0.0,0.0,0.0,0.0,0.0,0.0,0.0,0.0,0.0,0.0,0.0,0.0,0.0010530672734603286,0.0,0.0,0.0,0.0,0.0,0.0,0.0,0.0,0.0,0.0,0.0,0.0,0.0,0.0,0.0,0.0004487152036745101,0.0,0.0,0.0,0.0,0.0,0.0,0.0,0.0,0.0,0.0,0.0,0.0,0.0,0.0,0.0,0.0,0.0,0.0,0.0,0.0,0.0,0.0,0.0,0.002649371512234211,0.0,0.0,0.0,0.0,0.0,0.0,0.0,1.6639629393466748e-05,0.0,0.0,0.0,0.0,0.0,0.0,0.0,0.0,0.0,0.0,0.0,0.0,0.0,0.0,0.0,0.0,0.0,0.0,0.0,0.0,0.0,0.0,0.0,0.0,0.0,0.0,0.0,0.0,0.0,0.0,0.0,0.0,0.0,0.0,0.0,0.0,0.0,0.0,0.0,0.0,0.0,0.0,0.0,0.0,0.0,0.0,0.0,0.0,0.0,0.0,0.0,0.0,0.0,0.0,0.0,0.0,0.0,0.0,0.0,0.0,0.0,0.0,0.0,0.00022665342839900404,0.0,0.0,0.0,0.0,0.0,0.0,0.0,0.0,0.0,0.0,0.0,0.0,0.0,0.0,0.0,0.0,0.0,0.0,0.0,0.0,0.0,0.0,0.0005905237630940974,0.0,0.0,0.0019058078760281205,0.0,0.0,0.0,0.0,0.0,0.0,0.0,0.0,0.0,0.0,0.0,0.0,0.0,0.0,0.0,0.0,0.0,0.0,0.0,0.0,0.0,0.0,0.0,0.0,0.0,0.0,0.0,0.0,0.0,0.0,0.0,0.0,0.0,0.0,0.0,0.0,0.0020384937524795532,0.0,0.0,0.0,0.0,0.0,0.0,0.0,0.0,0.0,0.0,0.0,0.0,0.0,0.0,0.0,0.0,0.0,0.0,0.0,0.0,0.0,0.0,0.27549755573272705,0.0,0.0,0.0,0.0,0.0,0.0,0.0,0.0,0.0009239051141776145,0.0,0.0,0.0,0.0,0.0,0.0,0.0,0.0,0.0,0.0,0.0,0.0,0.0,0.0,0.0,0.0,0.0,0.0,0.09578496962785721,0.0,0.0,0.0,0.0,0.0,0.0,0.0,0.0,0.0,0.0,0.0,0.0,0.0,0.0,0.0,0.0,0.0,0.0,0.0,0.0,0.0,0.0,0.0,0.0,0.0,0.0,0.0034059735480695963,0.0,0.0,0.0,0.0,0.0,0.0,0.0,0.0,0.0,0.0,0.0,0.0,0.0,0.0,0.0,0.0,0.0,0.0,0.0,0.0,0.0,0.0003127045347355306,0.0,0.0018471716903150082,0.0,0.0,0.0,0.0,0.0,0.0,0.0,0.0,0.0,0.0,0.0,0.0,0.0,0.0,0.0,0.0,0.0,0.0,0.0,0.0,0.0,0.0,0.0,0.0,0.0,0.0,0.0,0.00199695467017591,,,,,,,,,,,,,,,,,,,,,,,,,,,,,,,,,,,,,,,,,,,,,,,,,,,,,,,,,,,,,,,,,,,,,,,,,,,,,,,,,,,,,,,,,,,,,,,,,,,,,,,,,,,,,,,,,,,,,,,,,,,,,,,,,,,,,,,,,,,,,,,,,,,,,,,,,,,,,,,,,,,,,,,,,,,,,,,,,,,,,,,,,,,,,,,,,,,,,,,,,,,,,,,,,,,,,,,,,,,,,,,,,,,,,,,,,,,,,,,,,,,,,,,,,,,,,,,,,,,,,,,,,,,,
2019-12-26,606120.019438977,3588.435920822488,,,,,,,,,,,98193.63269297307,22241.77233089795,1039061.7711000025,,91539.637266022,,,,,,44618.98881535898,13638.94513031235,16777.336750382146,6183.059622435406,36216.59177890663,35621.61933668866,,,,,,,,,,,,,,,,,,,,,,,,,,,,,,,,,,,,,,,,,,,,,,,,,,,,,,,,,,,,,,,,,,,,,,,,,,,,,,,,,,,,,,,,,,,,,,,,0.0,0.0,0.0,0.0,0.0,0.0017591469222679734,0.0,0.0,0.0,0.0,0.0,0.0,0.0,0.0,0.0,0.0,0.0,0.0,0.0,0.0,0.0,0.0,0.0,0.0,0.0013064012164250016,0.0,0.0,0.0036453166976571083,0.0,0.0,0.0,0.0035564147401601076,0.0,0.0,0.0,0.0,0.0,0.0,0.0,0.0,0.0,0.35433509945869446,0.0,0.0,0.0,0.0,0.0,0.0,0.000280939566437155,0.0,0.0,0.0,0.0,0.0,0.0,0.0,0.0,0.0,0.0,0.0,0.0,0.0,0.0,0.0,0.0,0.0,0.0,0.0,0.0,0.0,0.0,0.0,0.0,0.0,0.0,0.0,0.0,0.0,0.0,0.0,0.0,0.0002895304933190346,0.0,0.0,0.0,0.0,0.0,0.0,0.0,0.0004514709289651364,0.0,0.0,0.0,0.0,0.0,0.0,0.0,0.0,0.0,0.0,0.0,0.0,0.0,0.0,0.0,0.23673413693904877,0.0,0.0,0.0,0.0,0.0,0.0,0.0,0.0,0.0,0.0,0.0,0.0,0.0,0.0,0.006112119648605585,0.0,0.0,0.0,0.0,0.0,0.0,0.0,0.0,0.0,0.0,0.0,0.0,0.0,0.0009501978638581932,0.0,0.0,0.0,0.0,0.0,0.0,0.0,0.0,0.0,0.0,0.0,0.0,0.0,0.0,0.0,0.0,0.0,0.0,0.0,0.0,0.0,0.0,0.0,0.0,0.0,0.0,0.0,0.0,0.0,0.0,0.0,0.0,0.0,0.0,0.0,0.0,0.0004413347051013261,0.0014393494930118322,0.0,0.0,0.0,0.0,0.0,0.0,0.0,0.0,0.0,0.0,0.0,0.0,0.0,0.0,0.0,0.0,0.0,0.0,0.0,0.0,0.0,0.0010530672734603286,0.0,0.0,0.0,0.0,0.0,0.0,0.0,0.0,0.0,0.0,0.0,0.0,0.0,0.0,0.0,0.0004487152036745101,0.0,0.0,0.0,0.0,0.0,0.0,0.0,0.0,0.0,0.0,0.0,0.0,0.0,0.0,0.0,0.0,0.0,0.0,0.0,0.0,0.0,0.0,0.0,0.002649371512234211,0.0,0.0,0.0,0.0,0.0,0.0,0.0,1.6639629393466748e-05,0.0,0.0,0.0,0.0,0.0,0.0,0.0,0.0,0.0,0.0,0.0,0.0,0.0,0.0,0.0,0.0,0.0,0.0,0.0,0.0,0.0,0.0,0.0,0.0,0.0,0.0,0.0,0.0,0.0,0.0,0.0,0.0,0.0,0.0,0.0,0.0,0.0,0.0,0.0,0.0,0.0,0.0,0.0,0.0,0.0,0.0,0.0,0.0,0.0,0.0,0.0,0.0,0.0,0.0,0.0,0.0,0.0,0.0,0.0,0.0,0.0,0.0,0.0,0.00022665342839900404,0.0,0.0,0.0,0.0,0.0,0.0,0.0,0.0,0.0,0.0,0.0,0.0,0.0,0.0,0.0,0.0,0.0,0.0,0.0,0.0,0.0,0.0,0.0005905237630940974,0.0,0.0,0.0019058078760281205,0.0,0.0,0.0,0.0,0.0,0.0,0.0,0.0,0.0,0.0,0.0,0.0,0.0,0.0,0.0,0.0,0.0,0.0,0.0,0.0,0.0,0.0,0.0,0.0,0.0,0.0,0.0,0.0,0.0,0.0,0.0,0.0,0.0,0.0,0.0,0.0,0.0020384937524795532,0.0,0.0,0.0,0.0,0.0,0.0,0.0,0.0,0.0,0.0,0.0,0.0,0.0,0.0,0.0,0.0,0.0,0.0,0.0,0.0,0.0,0.0,0.27549755573272705,0.0,0.0,0.0,0.0,0.0,0.0,0.0,0.0,0.0009239051141776145,0.0,0.0,0.0,0.0,0.0,0.0,0.0,0.0,0.0,0.0,0.0,0.0,0.0,0.0,0.0,0.0,0.0,0.0,0.09578496962785721,0.0,0.0,0.0,0.0,0.0,0.0,0.0,0.0,0.0,0.0,0.0,0.0,0.0,0.0,0.0,0.0,0.0,0.0,0.0,0.0,0.0,0.0,0.0,0.0,0.0,0.0,0.0034059735480695963,0.0,0.0,0.0,0.0,0.0,0.0,0.0,0.0,0.0,0.0,0.0,0.0,0.0,0.0,0.0,0.0,0.0,0.0,0.0,0.0,0.0,0.0003127045347355306,0.0,0.0018471716903150082,0.0,0.0,0.0,0.0,0.0,0.0,0.0,0.0,0.0,0.0,0.0,0.0,0.0,0.0,0.0,0.0,0.0,0.0,0.0,0.0,0.0,0.0,0.0,0.0,0.0,0.0,0.0,0.00199695467017591,,,,,,,,,,,,,,,,,,,,,,,,,,,,,,,,,,,,,,,,,,,,,,,,,,,,,,,,,,,,,,,,,,,,,,,,,,,,,,,,,,,,,,,,,,,,,,,,,,,,,,,,,,,,,,,,,,,,,,,,,,,,,,,,,,,,,,,,,,,,,,,,,,,,,,,,,,,,,,,,,,,,,,,,,,,,,,,,,,,,,,,,,,,,,,,,,,,,,,,,,,,,,,,,,,,,,,,,,,,,,,,,,,,,,,,,,,,,,,,,,,,,,,,,,,,,,,,,,,,,,,,,,,,,
2019-12-27,602255.2489667165,1336.1613263016613,,,,,,,,,,,88329.21300935569,23913.36340859948,1039061.7711000025,,98523.74799968889,,,,,,45716.95021480812,13638.94513031235,16835.389818722568,6183.059622435406,36212.968802453586,34925.30576156102,,,,,,,,,,,,,,,,,,,,,,,,,,,,,,,,,,,,,,,,,,,,,,,,,,,,,,,,,,,,,,,,,,,,,,,,,,,,,,,,,,,,,,,,,,,,,,,,0.0,0.0,0.0,0.0,0.0,0.0017591469222679734,0.0,0.0,0.0,0.0,0.0,0.0,0.0,0.0,0.0,0.0,0.0,0.0,0.0,0.0,0.0,0.0,0.0,0.0,0.0013064012164250016,0.0,0.0,0.0036453166976571083,0.0,0.0,0.0,0.0035564147401601076,0.0,0.0,0.0,0.0,0.0,0.0,0.0,0.0,0.0,0.35433509945869446,0.0,0.0,0.0,0.0,0.0,0.0,0.000280939566437155,0.0,0.0,0.0,0.0,0.0,0.0,0.0,0.0,0.0,0.0,0.0,0.0,0.0,0.0,0.0,0.0,0.0,0.0,0.0,0.0,0.0,0.0,0.0,0.0,0.0,0.0,0.0,0.0,0.0,0.0,0.0,0.0,0.0002895304933190346,0.0,0.0,0.0,0.0,0.0,0.0,0.0,0.0004514709289651364,0.0,0.0,0.0,0.0,0.0,0.0,0.0,0.0,0.0,0.0,0.0,0.0,0.0,0.0,0.0,0.23673413693904877,0.0,0.0,0.0,0.0,0.0,0.0,0.0,0.0,0.0,0.0,0.0,0.0,0.0,0.0,0.006112119648605585,0.0,0.0,0.0,0.0,0.0,0.0,0.0,0.0,0.0,0.0,0.0,0.0,0.0,0.0009501978638581932,0.0,0.0,0.0,0.0,0.0,0.0,0.0,0.0,0.0,0.0,0.0,0.0,0.0,0.0,0.0,0.0,0.0,0.0,0.0,0.0,0.0,0.0,0.0,0.0,0.0,0.0,0.0,0.0,0.0,0.0,0.0,0.0,0.0,0.0,0.0,0.0,0.0004413347051013261,0.0014393494930118322,0.0,0.0,0.0,0.0,0.0,0.0,0.0,0.0,0.0,0.0,0.0,0.0,0.0,0.0,0.0,0.0,0.0,0.0,0.0,0.0,0.0,0.0010530672734603286,0.0,0.0,0.0,0.0,0.0,0.0,0.0,0.0,0.0,0.0,0.0,0.0,0.0,0.0,0.0,0.0004487152036745101,0.0,0.0,0.0,0.0,0.0,0.0,0.0,0.0,0.0,0.0,0.0,0.0,0.0,0.0,0.0,0.0,0.0,0.0,0.0,0.0,0.0,0.0,0.0,0.002649371512234211,0.0,0.0,0.0,0.0,0.0,0.0,0.0,1.6639629393466748e-05,0.0,0.0,0.0,0.0,0.0,0.0,0.0,0.0,0.0,0.0,0.0,0.0,0.0,0.0,0.0,0.0,0.0,0.0,0.0,0.0,0.0,0.0,0.0,0.0,0.0,0.0,0.0,0.0,0.0,0.0,0.0,0.0,0.0,0.0,0.0,0.0,0.0,0.0,0.0,0.0,0.0,0.0,0.0,0.0,0.0,0.0,0.0,0.0,0.0,0.0,0.0,0.0,0.0,0.0,0.0,0.0,0.0,0.0,0.0,0.0,0.0,0.0,0.0,0.00022665342839900404,0.0,0.0,0.0,0.0,0.0,0.0,0.0,0.0,0.0,0.0,0.0,0.0,0.0,0.0,0.0,0.0,0.0,0.0,0.0,0.0,0.0,0.0,0.0005905237630940974,0.0,0.0,0.0019058078760281205,0.0,0.0,0.0,0.0,0.0,0.0,0.0,0.0,0.0,0.0,0.0,0.0,0.0,0.0,0.0,0.0,0.0,0.0,0.0,0.0,0.0,0.0,0.0,0.0,0.0,0.0,0.0,0.0,0.0,0.0,0.0,0.0,0.0,0.0,0.0,0.0,0.0020384937524795532,0.0,0.0,0.0,0.0,0.0,0.0,0.0,0.0,0.0,0.0,0.0,0.0,0.0,0.0,0.0,0.0,0.0,0.0,0.0,0.0,0.0,0.0,0.27549755573272705,0.0,0.0,0.0,0.0,0.0,0.0,0.0,0.0,0.0009239051141776145,0.0,0.0,0.0,0.0,0.0,0.0,0.0,0.0,0.0,0.0,0.0,0.0,0.0,0.0,0.0,0.0,0.0,0.0,0.09578496962785721,0.0,0.0,0.0,0.0,0.0,0.0,0.0,0.0,0.0,0.0,0.0,0.0,0.0,0.0,0.0,0.0,0.0,0.0,0.0,0.0,0.0,0.0,0.0,0.0,0.0,0.0,0.0034059735480695963,0.0,0.0,0.0,0.0,0.0,0.0,0.0,0.0,0.0,0.0,0.0,0.0,0.0,0.0,0.0,0.0,0.0,0.0,0.0,0.0,0.0,0.0003127045347355306,0.0,0.0018471716903150082,0.0,0.0,0.0,0.0,0.0,0.0,0.0,0.0,0.0,0.0,0.0,0.0,0.0,0.0,0.0,0.0,0.0,0.0,0.0,0.0,0.0,0.0,0.0,0.0,0.0,0.0,0.0,0.00199695467017591,,,,,,,,,,,,,,,,,,,,,,,,,,,,,,,,,,,,,,,,,,,,,,,,,,,,,,,,,,,,,,,,,,,,,,,,,,,,,,,,,,,,,,,,,,,,,,,,,,,,,,,,,,,,,,,,,,,,,,,,,,,,,,,,,,,,,,,,,,,,,,,,,,,,,,,,,,,,,,,,,,,,,,,,,,,,,,,,,,,,,,,,,,,,,,,,,,,,,,,,,,,,,,,,,,,,,,,,,,,,,,,,,,,,,,,,,,,,,,,,,,,,,,,,,,,,,,,,,,,,,,,,,,,,
2019-12-30,601756.7674285627,177.85877762343796,,,,,,,,,,,86431.48467094611,24349.48071052115,1039061.7711000025,,100979.6137665978,,,,,,45716.95021480812,13638.429330493083,16719.95017066547,6183.059622435406,36214.5998037995,35155.33179889693,,,,,,,,,,,,,,,,,,,,,,,,,,,,,,,,,,,,,,,,,,,,,,,,,,,,,,,,,,,,,,,,,,,,,,,,,,,,,,,,,,,,,,,,,,,,,,,,0.0,0.0,0.0,0.0,0.0,0.0017591469222679734,0.0,0.0,0.0,0.0,0.0,0.0,0.0,0.0,0.0,0.0,0.0,0.0,0.0,0.0,0.0,0.0,0.0,0.0,0.0013064012164250016,0.0,0.0,0.0036453166976571083,0.0,0.0,0.0,0.0035564147401601076,0.0,0.0,0.0,0.0,0.0,0.0,0.0,0.0,0.0,0.35433509945869446,0.0,0.0,0.0,0.0,0.0,0.0,0.000280939566437155,0.0,0.0,0.0,0.0,0.0,0.0,0.0,0.0,0.0,0.0,0.0,0.0,0.0,0.0,0.0,0.0,0.0,0.0,0.0,0.0,0.0,0.0,0.0,0.0,0.0,0.0,0.0,0.0,0.0,0.0,0.0,0.0,0.0002895304933190346,0.0,0.0,0.0,0.0,0.0,0.0,0.0,0.0004514709289651364,0.0,0.0,0.0,0.0,0.0,0.0,0.0,0.0,0.0,0.0,0.0,0.0,0.0,0.0,0.0,0.23673413693904877,0.0,0.0,0.0,0.0,0.0,0.0,0.0,0.0,0.0,0.0,0.0,0.0,0.0,0.0,0.006112119648605585,0.0,0.0,0.0,0.0,0.0,0.0,0.0,0.0,0.0,0.0,0.0,0.0,0.0,0.0009501978638581932,0.0,0.0,0.0,0.0,0.0,0.0,0.0,0.0,0.0,0.0,0.0,0.0,0.0,0.0,0.0,0.0,0.0,0.0,0.0,0.0,0.0,0.0,0.0,0.0,0.0,0.0,0.0,0.0,0.0,0.0,0.0,0.0,0.0,0.0,0.0,0.0,0.0004413347051013261,0.0014393494930118322,0.0,0.0,0.0,0.0,0.0,0.0,0.0,0.0,0.0,0.0,0.0,0.0,0.0,0.0,0.0,0.0,0.0,0.0,0.0,0.0,0.0,0.0010530672734603286,0.0,0.0,0.0,0.0,0.0,0.0,0.0,0.0,0.0,0.0,0.0,0.0,0.0,0.0,0.0,0.0004487152036745101,0.0,0.0,0.0,0.0,0.0,0.0,0.0,0.0,0.0,0.0,0.0,0.0,0.0,0.0,0.0,0.0,0.0,0.0,0.0,0.0,0.0,0.0,0.0,0.002649371512234211,0.0,0.0,0.0,0.0,0.0,0.0,0.0,1.6639629393466748e-05,0.0,0.0,0.0,0.0,0.0,0.0,0.0,0.0,0.0,0.0,0.0,0.0,0.0,0.0,0.0,0.0,0.0,0.0,0.0,0.0,0.0,0.0,0.0,0.0,0.0,0.0,0.0,0.0,0.0,0.0,0.0,0.0,0.0,0.0,0.0,0.0,0.0,0.0,0.0,0.0,0.0,0.0,0.0,0.0,0.0,0.0,0.0,0.0,0.0,0.0,0.0,0.0,0.0,0.0,0.0,0.0,0.0,0.0,0.0,0.0,0.0,0.0,0.0,0.00022665342839900404,0.0,0.0,0.0,0.0,0.0,0.0,0.0,0.0,0.0,0.0,0.0,0.0,0.0,0.0,0.0,0.0,0.0,0.0,0.0,0.0,0.0,0.0,0.0005905237630940974,0.0,0.0,0.0019058078760281205,0.0,0.0,0.0,0.0,0.0,0.0,0.0,0.0,0.0,0.0,0.0,0.0,0.0,0.0,0.0,0.0,0.0,0.0,0.0,0.0,0.0,0.0,0.0,0.0,0.0,0.0,0.0,0.0,0.0,0.0,0.0,0.0,0.0,0.0,0.0,0.0,0.0020384937524795532,0.0,0.0,0.0,0.0,0.0,0.0,0.0,0.0,0.0,0.0,0.0,0.0,0.0,0.0,0.0,0.0,0.0,0.0,0.0,0.0,0.0,0.0,0.27549755573272705,0.0,0.0,0.0,0.0,0.0,0.0,0.0,0.0,0.0009239051141776145,0.0,0.0,0.0,0.0,0.0,0.0,0.0,0.0,0.0,0.0,0.0,0.0,0.0,0.0,0.0,0.0,0.0,0.0,0.09578496962785721,0.0,0.0,0.0,0.0,0.0,0.0,0.0,0.0,0.0,0.0,0.0,0.0,0.0,0.0,0.0,0.0,0.0,0.0,0.0,0.0,0.0,0.0,0.0,0.0,0.0,0.0,0.0034059735480695963,0.0,0.0,0.0,0.0,0.0,0.0,0.0,0.0,0.0,0.0,0.0,0.0,0.0,0.0,0.0,0.0,0.0,0.0,0.0,0.0,0.0,0.0003127045347355306,0.0,0.0018471716903150082,0.0,0.0,0.0,0.0,0.0,0.0,0.0,0.0,0.0,0.0,0.0,0.0,0.0,0.0,0.0,0.0,0.0,0.0,0.0,0.0,0.0,0.0,0.0,0.0,0.0,0.0,0.0,0.00199695467017591,,,,,,,,,,,,,,,,,,,,,,,,,,,,,,,,,,,,,,,,,,,,,,,,,,,,,,,,,,,,,,,,,,,,,,,,,,,,,,,,,,,,,,,,,,,,,,,,,,,,,,,,,,,,,,,,,,,,,,,,,,,,,,,,,,,,,,,,,,,,,,,,,,,,,,,,,,,,,,,,,,,,,,,,,,,,,,,,,,,,,,,,,,,,,,,,,,,,,,,,,,,,,,,,,,,,,,,,,,,,,,,,,,,,,,,,,,,,,,,,,,,,,,,,,,,,,,,,,,,,,,,,,,,,
2019-12-31,599998.0335185709,7327.037524021782,,,,,,,,,,,84755.19861013321,24494.850549696195,1039061.7711000025,,102729.44724909577,,,,,,45716.95021480812,13046.45360862822,16778.667441820227,6182.7998616562445,33430.65153034935,35159.8249824038,,,,,,,,,,,,,,,,,,,,,,,,,,,,,,,,,,,,,,,,,,,,,,,,,,,,,,,,,,,,,,,,,,,,,,,,,,,,,,,,,,,,,,,,,,,,,,,,0.0,0.0,0.0,0.0,0.0,0.0017591469222679734,0.0,0.0,0.0,0.0,0.0,0.0,0.0,0.0,0.0,0.0,0.0,0.0,0.0,0.0,0.0,0.0,0.0,0.0,0.0013064012164250016,0.0,0.0,0.0036453166976571083,0.0,0.0,0.0,0.0035564147401601076,0.0,0.0,0.0,0.0,0.0,0.0,0.0,0.0,0.0,0.35433509945869446,0.0,0.0,0.0,0.0,0.0,0.0,0.000280939566437155,0.0,0.0,0.0,0.0,0.0,0.0,0.0,0.0,0.0,0.0,0.0,0.0,0.0,0.0,0.0,0.0,0.0,0.0,0.0,0.0,0.0,0.0,0.0,0.0,0.0,0.0,0.0,0.0,0.0,0.0,0.0,0.0,0.0002895304933190346,0.0,0.0,0.0,0.0,0.0,0.0,0.0,0.0004514709289651364,0.0,0.0,0.0,0.0,0.0,0.0,0.0,0.0,0.0,0.0,0.0,0.0,0.0,0.0,0.0,0.23673413693904877,0.0,0.0,0.0,0.0,0.0,0.0,0.0,0.0,0.0,0.0,0.0,0.0,0.0,0.0,0.006112119648605585,0.0,0.0,0.0,0.0,0.0,0.0,0.0,0.0,0.0,0.0,0.0,0.0,0.0,0.0009501978638581932,0.0,0.0,0.0,0.0,0.0,0.0,0.0,0.0,0.0,0.0,0.0,0.0,0.0,0.0,0.0,0.0,0.0,0.0,0.0,0.0,0.0,0.0,0.0,0.0,0.0,0.0,0.0,0.0,0.0,0.0,0.0,0.0,0.0,0.0,0.0,0.0,0.0004413347051013261,0.0014393494930118322,0.0,0.0,0.0,0.0,0.0,0.0,0.0,0.0,0.0,0.0,0.0,0.0,0.0,0.0,0.0,0.0,0.0,0.0,0.0,0.0,0.0,0.0010530672734603286,0.0,0.0,0.0,0.0,0.0,0.0,0.0,0.0,0.0,0.0,0.0,0.0,0.0,0.0,0.0,0.0004487152036745101,0.0,0.0,0.0,0.0,0.0,0.0,0.0,0.0,0.0,0.0,0.0,0.0,0.0,0.0,0.0,0.0,0.0,0.0,0.0,0.0,0.0,0.0,0.0,0.002649371512234211,0.0,0.0,0.0,0.0,0.0,0.0,0.0,1.6639629393466748e-05,0.0,0.0,0.0,0.0,0.0,0.0,0.0,0.0,0.0,0.0,0.0,0.0,0.0,0.0,0.0,0.0,0.0,0.0,0.0,0.0,0.0,0.0,0.0,0.0,0.0,0.0,0.0,0.0,0.0,0.0,0.0,0.0,0.0,0.0,0.0,0.0,0.0,0.0,0.0,0.0,0.0,0.0,0.0,0.0,0.0,0.0,0.0,0.0,0.0,0.0,0.0,0.0,0.0,0.0,0.0,0.0,0.0,0.0,0.0,0.0,0.0,0.0,0.0,0.00022665342839900404,0.0,0.0,0.0,0.0,0.0,0.0,0.0,0.0,0.0,0.0,0.0,0.0,0.0,0.0,0.0,0.0,0.0,0.0,0.0,0.0,0.0,0.0,0.0005905237630940974,0.0,0.0,0.0019058078760281205,0.0,0.0,0.0,0.0,0.0,0.0,0.0,0.0,0.0,0.0,0.0,0.0,0.0,0.0,0.0,0.0,0.0,0.0,0.0,0.0,0.0,0.0,0.0,0.0,0.0,0.0,0.0,0.0,0.0,0.0,0.0,0.0,0.0,0.0,0.0,0.0,0.0020384937524795532,0.0,0.0,0.0,0.0,0.0,0.0,0.0,0.0,0.0,0.0,0.0,0.0,0.0,0.0,0.0,0.0,0.0,0.0,0.0,0.0,0.0,0.0,0.27549755573272705,0.0,0.0,0.0,0.0,0.0,0.0,0.0,0.0,0.0009239051141776145,0.0,0.0,0.0,0.0,0.0,0.0,0.0,0.0,0.0,0.0,0.0,0.0,0.0,0.0,0.0,0.0,0.0,0.0,0.09578496962785721,0.0,0.0,0.0,0.0,0.0,0.0,0.0,0.0,0.0,0.0,0.0,0.0,0.0,0.0,0.0,0.0,0.0,0.0,0.0,0.0,0.0,0.0,0.0,0.0,0.0,0.0,0.0034059735480695963,0.0,0.0,0.0,0.0,0.0,0.0,0.0,0.0,0.0,0.0,0.0,0.0,0.0,0.0,0.0,0.0,0.0,0.0,0.0,0.0,0.0,0.0003127045347355306,0.0,0.0018471716903150082,0.0,0.0,0.0,0.0,0.0,0.0,0.0,0.0,0.0,0.0,0.0,0.0,0.0,0.0,0.0,0.0,0.0,0.0,0.0,0.0,0.0,0.0,0.0,0.0,0.0,0.0,0.0,0.00199695467017591,,,,,,,,,,,,,,,,,,,,,,,,,,,,,,,,,,,,,,,,,,,,,,,,,,,,,,,,,,,,,,,,,,,,,,,,,,,,,,,,,,,,,,,,,,,,,,,,,,,,,,,,,,,,,,,,,,,,,,,,,,,,,,,,,,,,,,,,,,,,,,,,,,,,,,,,,,,,,,,,,,,,,,,,,,,,,,,,,,,,,,,,,,,,,,,,,,,,,,,,,,,,,,,,,,,,,,,,,,,,,,,,,,,,,,,,,,,,,,,,,,,,,,,,,,,,,,,,,,,,,,,,,,,,
2020-01-02,607124.5031140128,2583.8787033447215,,,,,,,,,,,85061.54270149514,28129.83896438521,1039061.7711000025,,100648.74386911558,,,,,,46128.973331879926,12451.122427640226,16660.177959586897,6182.728848985067,33430.65153034935,35618.54274215456,,,,,,,,,,,,,,,,,,,,,,,,,,,,,,,,,,,,,,,,,,,,,,,,,,,,,,,,,,,,,,,,,,,,,,,,,,,,,,,,,,,,,,,,,,,,,,,,0.0,0.0,0.0,0.0,0.0,0.0017591469222679734,0.0,0.0,0.0,0.0,0.0,0.0,0.0,0.0,0.0,0.0,0.0,0.0,0.0,0.0,0.0,0.0,0.0,0.0,0.0013064012164250016,0.0,0.0,0.0036453166976571083,0.0,0.0,0.0,0.0035564147401601076,0.0,0.0,0.0,0.0,0.0,0.0,0.0,0.0,0.0,0.35433509945869446,0.0,0.0,0.0,0.0,0.0,0.0,0.000280939566437155,0.0,0.0,0.0,0.0,0.0,0.0,0.0,0.0,0.0,0.0,0.0,0.0,0.0,0.0,0.0,0.0,0.0,0.0,0.0,0.0,0.0,0.0,0.0,0.0,0.0,0.0,0.0,0.0,0.0,0.0,0.0,0.0,0.0002895304933190346,0.0,0.0,0.0,0.0,0.0,0.0,0.0,0.0004514709289651364,0.0,0.0,0.0,0.0,0.0,0.0,0.0,0.0,0.0,0.0,0.0,0.0,0.0,0.0,0.0,0.23673413693904877,0.0,0.0,0.0,0.0,0.0,0.0,0.0,0.0,0.0,0.0,0.0,0.0,0.0,0.0,0.006112119648605585,0.0,0.0,0.0,0.0,0.0,0.0,0.0,0.0,0.0,0.0,0.0,0.0,0.0,0.0009501978638581932,0.0,0.0,0.0,0.0,0.0,0.0,0.0,0.0,0.0,0.0,0.0,0.0,0.0,0.0,0.0,0.0,0.0,0.0,0.0,0.0,0.0,0.0,0.0,0.0,0.0,0.0,0.0,0.0,0.0,0.0,0.0,0.0,0.0,0.0,0.0,0.0,0.0004413347051013261,0.0014393494930118322,0.0,0.0,0.0,0.0,0.0,0.0,0.0,0.0,0.0,0.0,0.0,0.0,0.0,0.0,0.0,0.0,0.0,0.0,0.0,0.0,0.0,0.0010530672734603286,0.0,0.0,0.0,0.0,0.0,0.0,0.0,0.0,0.0,0.0,0.0,0.0,0.0,0.0,0.0,0.0004487152036745101,0.0,0.0,0.0,0.0,0.0,0.0,0.0,0.0,0.0,0.0,0.0,0.0,0.0,0.0,0.0,0.0,0.0,0.0,0.0,0.0,0.0,0.0,0.0,0.002649371512234211,0.0,0.0,0.0,0.0,0.0,0.0,0.0,1.6639629393466748e-05,0.0,0.0,0.0,0.0,0.0,0.0,0.0,0.0,0.0,0.0,0.0,0.0,0.0,0.0,0.0,0.0,0.0,0.0,0.0,0.0,0.0,0.0,0.0,0.0,0.0,0.0,0.0,0.0,0.0,0.0,0.0,0.0,0.0,0.0,0.0,0.0,0.0,0.0,0.0,0.0,0.0,0.0,0.0,0.0,0.0,0.0,0.0,0.0,0.0,0.0,0.0,0.0,0.0,0.0,0.0,0.0,0.0,0.0,0.0,0.0,0.0,0.0,0.0,0.00022665342839900404,0.0,0.0,0.0,0.0,0.0,0.0,0.0,0.0,0.0,0.0,0.0,0.0,0.0,0.0,0.0,0.0,0.0,0.0,0.0,0.0,0.0,0.0,0.0005905237630940974,0.0,0.0,0.0019058078760281205,0.0,0.0,0.0,0.0,0.0,0.0,0.0,0.0,0.0,0.0,0.0,0.0,0.0,0.0,0.0,0.0,0.0,0.0,0.0,0.0,0.0,0.0,0.0,0.0,0.0,0.0,0.0,0.0,0.0,0.0,0.0,0.0,0.0,0.0,0.0,0.0,0.0020384937524795532,0.0,0.0,0.0,0.0,0.0,0.0,0.0,0.0,0.0,0.0,0.0,0.0,0.0,0.0,0.0,0.0,0.0,0.0,0.0,0.0,0.0,0.0,0.27549755573272705,0.0,0.0,0.0,0.0,0.0,0.0,0.0,0.0,0.0009239051141776145,0.0,0.0,0.0,0.0,0.0,0.0,0.0,0.0,0.0,0.0,0.0,0.0,0.0,0.0,0.0,0.0,0.0,0.0,0.09578496962785721,0.0,0.0,0.0,0.0,0.0,0.0,0.0,0.0,0.0,0.0,0.0,0.0,0.0,0.0,0.0,0.0,0.0,0.0,0.0,0.0,0.0,0.0,0.0,0.0,0.0,0.0,0.0034059735480695963,0.0,0.0,0.0,0.0,0.0,0.0,0.0,0.0,0.0,0.0,0.0,0.0,0.0,0.0,0.0,0.0,0.0,0.0,0.0,0.0,0.0,0.0003127045347355306,0.0,0.0018471716903150082,0.0,0.0,0.0,0.0,0.0,0.0,0.0,0.0,0.0,0.0,0.0,0.0,0.0,0.0,0.0,0.0,0.0,0.0,0.0,0.0,0.0,0.0,0.0,0.0,0.0,0.0,0.0,0.00199695467017591,,,,,,,,,,,,,,,,,,,,,,,,,,,,,,,,,,,,,,,,,,,,,,,,,,,,,,,,,,,,,,,,,,,,,,,,,,,,,,,,,,,,,,,,,,,,,,,,,,,,,,,,,,,,,,,,,,,,,,,,,,,,,,,,,,,,,,,,,,,,,,,,,,,,,,,,,,,,,,,,,,,,,,,,,,,,,,,,,,,,,,,,,,,,,,,,,,,,,,,,,,,,,,,,,,,,,,,,,,,,,,,,,,,,,,,,,,,,,,,,,,,,,,,,,,,,,,,,,,,,,,,,,,,,
2020-01-03,612926.0240598207,2809.29598428111,,,,,,,,,,,87103.83664390798,24785.80885092549,1039061.7711000025,,101686.24918366924,,,,,,47638.98415777303,13044.033019432618,16892.66079215588,6182.728848985067,33428.70524670443,35849.18703176989,,,,,,,,,,,,,,,,,,,,,,,,,,,,,,,,,,,,,,,,,,,,,,,,,,,,,,,,,,,,,,,,,,,,,,,,,,,,,,,,,,,,,,,,,,,,,,,,0.0,0.0,0.0,0.0,0.0,0.0017591469222679734,0.0,0.0,0.0,0.0,0.0,0.0,0.0,0.0,0.0,0.0,0.0,0.0,0.0,0.0,0.0,0.0,0.0,0.0,0.0013064012164250016,0.0,0.0,0.0036453166976571083,0.0,0.0,0.0,0.0035564147401601076,0.0,0.0,0.0,0.0,0.0,0.0,0.0,0.0,0.0,0.35433509945869446,0.0,0.0,0.0,0.0,0.0,0.0,0.000280939566437155,0.0,0.0,0.0,0.0,0.0,0.0,0.0,0.0,0.0,0.0,0.0,0.0,0.0,0.0,0.0,0.0,0.0,0.0,0.0,0.0,0.0,0.0,0.0,0.0,0.0,0.0,0.0,0.0,0.0,0.0,0.0,0.0,0.0002895304933190346,0.0,0.0,0.0,0.0,0.0,0.0,0.0,0.0004514709289651364,0.0,0.0,0.0,0.0,0.0,0.0,0.0,0.0,0.0,0.0,0.0,0.0,0.0,0.0,0.0,0.23673413693904877,0.0,0.0,0.0,0.0,0.0,0.0,0.0,0.0,0.0,0.0,0.0,0.0,0.0,0.0,0.006112119648605585,0.0,0.0,0.0,0.0,0.0,0.0,0.0,0.0,0.0,0.0,0.0,0.0,0.0,0.0009501978638581932,0.0,0.0,0.0,0.0,0.0,0.0,0.0,0.0,0.0,0.0,0.0,0.0,0.0,0.0,0.0,0.0,0.0,0.0,0.0,0.0,0.0,0.0,0.0,0.0,0.0,0.0,0.0,0.0,0.0,0.0,0.0,0.0,0.0,0.0,0.0,0.0,0.0004413347051013261,0.0014393494930118322,0.0,0.0,0.0,0.0,0.0,0.0,0.0,0.0,0.0,0.0,0.0,0.0,0.0,0.0,0.0,0.0,0.0,0.0,0.0,0.0,0.0,0.0010530672734603286,0.0,0.0,0.0,0.0,0.0,0.0,0.0,0.0,0.0,0.0,0.0,0.0,0.0,0.0,0.0,0.0004487152036745101,0.0,0.0,0.0,0.0,0.0,0.0,0.0,0.0,0.0,0.0,0.0,0.0,0.0,0.0,0.0,0.0,0.0,0.0,0.0,0.0,0.0,0.0,0.0,0.002649371512234211,0.0,0.0,0.0,0.0,0.0,0.0,0.0,1.6639629393466748e-05,0.0,0.0,0.0,0.0,0.0,0.0,0.0,0.0,0.0,0.0,0.0,0.0,0.0,0.0,0.0,0.0,0.0,0.0,0.0,0.0,0.0,0.0,0.0,0.0,0.0,0.0,0.0,0.0,0.0,0.0,0.0,0.0,0.0,0.0,0.0,0.0,0.0,0.0,0.0,0.0,0.0,0.0,0.0,0.0,0.0,0.0,0.0,0.0,0.0,0.0,0.0,0.0,0.0,0.0,0.0,0.0,0.0,0.0,0.0,0.0,0.0,0.0,0.0,0.00022665342839900404,0.0,0.0,0.0,0.0,0.0,0.0,0.0,0.0,0.0,0.0,0.0,0.0,0.0,0.0,0.0,0.0,0.0,0.0,0.0,0.0,0.0,0.0,0.0005905237630940974,0.0,0.0,0.0019058078760281205,0.0,0.0,0.0,0.0,0.0,0.0,0.0,0.0,0.0,0.0,0.0,0.0,0.0,0.0,0.0,0.0,0.0,0.0,0.0,0.0,0.0,0.0,0.0,0.0,0.0,0.0,0.0,0.0,0.0,0.0,0.0,0.0,0.0,0.0,0.0,0.0,0.0020384937524795532,0.0,0.0,0.0,0.0,0.0,0.0,0.0,0.0,0.0,0.0,0.0,0.0,0.0,0.0,0.0,0.0,0.0,0.0,0.0,0.0,0.0,0.0,0.27549755573272705,0.0,0.0,0.0,0.0,0.0,0.0,0.0,0.0,0.0009239051141776145,0.0,0.0,0.0,0.0,0.0,0.0,0.0,0.0,0.0,0.0,0.0,0.0,0.0,0.0,0.0,0.0,0.0,0.0,0.09578496962785721,0.0,0.0,0.0,0.0,0.0,0.0,0.0,0.0,0.0,0.0,0.0,0.0,0.0,0.0,0.0,0.0,0.0,0.0,0.0,0.0,0.0,0.0,0.0,0.0,0.0,0.0,0.0034059735480695963,0.0,0.0,0.0,0.0,0.0,0.0,0.0,0.0,0.0,0.0,0.0,0.0,0.0,0.0,0.0,0.0,0.0,0.0,0.0,0.0,0.0,0.0003127045347355306,0.0,0.0018471716903150082,0.0,0.0,0.0,0.0,0.0,0.0,0.0,0.0,0.0,0.0,0.0,0.0,0.0,0.0,0.0,0.0,0.0,0.0,0.0,0.0,0.0,0.0,0.0,0.0,0.0,0.0,0.0,0.00199695467017591,,,,,,,,,,,,,,,,,,,,,,,,,,,,,,,,,,,,,,,,,,,,,,,,,,,,,,,,,,,,,,,,,,,,,,,,,,,,,,,,,,,,,,,,,,,,,,,,,,,,,,,,,,,,,,,,,,,,,,,,,,,,,,,,,,,,,,,,,,,,,,,,,,,,,,,,,,,,,,,,,,,,,,,,,,,,,,,,,,,,,,,,,,,,,,,,,,,,,,,,,,,,,,,,,,,,,,,,,,,,,,,,,,,,,,,,,,,,,,,,,,,,,,,,,,,,,,,,,,,,,,,,,,,,
2020-01-06,617802.7929620729,438.78955594060005,,,,,,,,,,,89615.0937993592,23841.271292578876,1039061.7711000025,,95734.06100505248,,,,,,46282.501788007656,13343.353024716871,16662.78043640636,7007.328548890222,33429.68703347913,36312.33286511878,,,,,,,,,,,,,,,,,,,,,,,,,,,,,,,,,,,,,,,,,,,,,,,,,,,,,,,,,,,,,,,,,,,,,,,,,,,,,,,,,,,,,,,,,,,,,,,,0.0,0.0,0.0,0.0,0.0,0.0017591469222679734,0.0,0.0,0.0,0.0,0.0,0.0,0.0,0.0,0.0,0.0,0.0,0.0,0.0,0.0,0.0,0.0,0.0,0.0,0.0013064012164250016,0.0,0.0,0.0036453166976571083,0.0,0.0,0.0,0.0035564147401601076,0.0,0.0,0.0,0.0,0.0,0.0,0.0,0.0,0.0,0.35433509945869446,0.0,0.0,0.0,0.0,0.0,0.0,0.000280939566437155,0.0,0.0,0.0,0.0,0.0,0.0,0.0,0.0,0.0,0.0,0.0,0.0,0.0,0.0,0.0,0.0,0.0,0.0,0.0,0.0,0.0,0.0,0.0,0.0,0.0,0.0,0.0,0.0,0.0,0.0,0.0,0.0,0.0002895304933190346,0.0,0.0,0.0,0.0,0.0,0.0,0.0,0.0004514709289651364,0.0,0.0,0.0,0.0,0.0,0.0,0.0,0.0,0.0,0.0,0.0,0.0,0.0,0.0,0.0,0.23673413693904877,0.0,0.0,0.0,0.0,0.0,0.0,0.0,0.0,0.0,0.0,0.0,0.0,0.0,0.0,0.006112119648605585,0.0,0.0,0.0,0.0,0.0,0.0,0.0,0.0,0.0,0.0,0.0,0.0,0.0,0.0009501978638581932,0.0,0.0,0.0,0.0,0.0,0.0,0.0,0.0,0.0,0.0,0.0,0.0,0.0,0.0,0.0,0.0,0.0,0.0,0.0,0.0,0.0,0.0,0.0,0.0,0.0,0.0,0.0,0.0,0.0,0.0,0.0,0.0,0.0,0.0,0.0,0.0,0.0004413347051013261,0.0014393494930118322,0.0,0.0,0.0,0.0,0.0,0.0,0.0,0.0,0.0,0.0,0.0,0.0,0.0,0.0,0.0,0.0,0.0,0.0,0.0,0.0,0.0,0.0010530672734603286,0.0,0.0,0.0,0.0,0.0,0.0,0.0,0.0,0.0,0.0,0.0,0.0,0.0,0.0,0.0,0.0004487152036745101,0.0,0.0,0.0,0.0,0.0,0.0,0.0,0.0,0.0,0.0,0.0,0.0,0.0,0.0,0.0,0.0,0.0,0.0,0.0,0.0,0.0,0.0,0.0,0.002649371512234211,0.0,0.0,0.0,0.0,0.0,0.0,0.0,1.6639629393466748e-05,0.0,0.0,0.0,0.0,0.0,0.0,0.0,0.0,0.0,0.0,0.0,0.0,0.0,0.0,0.0,0.0,0.0,0.0,0.0,0.0,0.0,0.0,0.0,0.0,0.0,0.0,0.0,0.0,0.0,0.0,0.0,0.0,0.0,0.0,0.0,0.0,0.0,0.0,0.0,0.0,0.0,0.0,0.0,0.0,0.0,0.0,0.0,0.0,0.0,0.0,0.0,0.0,0.0,0.0,0.0,0.0,0.0,0.0,0.0,0.0,0.0,0.0,0.0,0.00022665342839900404,0.0,0.0,0.0,0.0,0.0,0.0,0.0,0.0,0.0,0.0,0.0,0.0,0.0,0.0,0.0,0.0,0.0,0.0,0.0,0.0,0.0,0.0,0.0005905237630940974,0.0,0.0,0.0019058078760281205,0.0,0.0,0.0,0.0,0.0,0.0,0.0,0.0,0.0,0.0,0.0,0.0,0.0,0.0,0.0,0.0,0.0,0.0,0.0,0.0,0.0,0.0,0.0,0.0,0.0,0.0,0.0,0.0,0.0,0.0,0.0,0.0,0.0,0.0,0.0,0.0,0.0020384937524795532,0.0,0.0,0.0,0.0,0.0,0.0,0.0,0.0,0.0,0.0,0.0,0.0,0.0,0.0,0.0,0.0,0.0,0.0,0.0,0.0,0.0,0.0,0.27549755573272705,0.0,0.0,0.0,0.0,0.0,0.0,0.0,0.0,0.0009239051141776145,0.0,0.0,0.0,0.0,0.0,0.0,0.0,0.0,0.0,0.0,0.0,0.0,0.0,0.0,0.0,0.0,0.0,0.0,0.09578496962785721,0.0,0.0,0.0,0.0,0.0,0.0,0.0,0.0,0.0,0.0,0.0,0.0,0.0,0.0,0.0,0.0,0.0,0.0,0.0,0.0,0.0,0.0,0.0,0.0,0.0,0.0,0.0034059735480695963,0.0,0.0,0.0,0.0,0.0,0.0,0.0,0.0,0.0,0.0,0.0,0.0,0.0,0.0,0.0,0.0,0.0,0.0,0.0,0.0,0.0,0.0003127045347355306,0.0,0.0018471716903150082,0.0,0.0,0.0,0.0,0.0,0.0,0.0,0.0,0.0,0.0,0.0,0.0,0.0,0.0,0.0,0.0,0.0,0.0,0.0,0.0,0.0,0.0,0.0,0.0,0.0,0.0,0.0,0.00199695467017591,,,,,,,,,,,,,,,,,,,,,,,,,,,,,,,,,,,,,,,,,,,,,,,,,,,,,,,,,,,,,,,,,,,,,,,,,,,,,,,,,,,,,,,,,,,,,,,,,,,,,,,,,,,,,,,,,,,,,,,,,,,,,,,,,,,,,,,,,,,,,,,,,,,,,,,,,,,,,,,,,,,,,,,,,,,,,,,,,,,,,,,,,,,,,,,,,,,,,,,,,,,,,,,,,,,,,,,,,,,,,,,,,,,,,,,,,,,,,,,,,,,,,,,,,,,,,,,,,,,,,,,,,,,,
2020-01-07,626118.0338597897,3394.9064246379776,,,,,,,,,,,90227.84657747447,22968.667439567314,1039061.7711000025,,95725.49877624524,,,,,,46272.30121704219,13341.259190204395,16718.509649968702,7007.286799965039,33429.68703347913,35624.59085425126,,,,,,,,,,,,,,,,,,,,,,,,,,,,,,,,,,,,,,,,,,,,,,,,,,,,,,,,,,,,,,,,,,,,,,,,,,,,,,,,,,,,,,,,,,,,,,,,0.0,0.0,0.0,0.0,0.0,0.0017591469222679734,0.0,0.0,0.0,0.0,0.0,0.0,0.0,0.0,0.0,0.0,0.0,0.0,0.0,0.0,0.0,0.0,0.0,0.0,0.0013064012164250016,0.0,0.0,0.0036453166976571083,0.0,0.0,0.0,0.0035564147401601076,0.0,0.0,0.0,0.0,0.0,0.0,0.0,0.0,0.0,0.35433509945869446,0.0,0.0,0.0,0.0,0.0,0.0,0.000280939566437155,0.0,0.0,0.0,0.0,0.0,0.0,0.0,0.0,0.0,0.0,0.0,0.0,0.0,0.0,0.0,0.0,0.0,0.0,0.0,0.0,0.0,0.0,0.0,0.0,0.0,0.0,0.0,0.0,0.0,0.0,0.0,0.0,0.0002895304933190346,0.0,0.0,0.0,0.0,0.0,0.0,0.0,0.0004514709289651364,0.0,0.0,0.0,0.0,0.0,0.0,0.0,0.0,0.0,0.0,0.0,0.0,0.0,0.0,0.0,0.23673413693904877,0.0,0.0,0.0,0.0,0.0,0.0,0.0,0.0,0.0,0.0,0.0,0.0,0.0,0.0,0.006112119648605585,0.0,0.0,0.0,0.0,0.0,0.0,0.0,0.0,0.0,0.0,0.0,0.0,0.0,0.0009501978638581932,0.0,0.0,0.0,0.0,0.0,0.0,0.0,0.0,0.0,0.0,0.0,0.0,0.0,0.0,0.0,0.0,0.0,0.0,0.0,0.0,0.0,0.0,0.0,0.0,0.0,0.0,0.0,0.0,0.0,0.0,0.0,0.0,0.0,0.0,0.0,0.0,0.0004413347051013261,0.0014393494930118322,0.0,0.0,0.0,0.0,0.0,0.0,0.0,0.0,0.0,0.0,0.0,0.0,0.0,0.0,0.0,0.0,0.0,0.0,0.0,0.0,0.0,0.0010530672734603286,0.0,0.0,0.0,0.0,0.0,0.0,0.0,0.0,0.0,0.0,0.0,0.0,0.0,0.0,0.0,0.0004487152036745101,0.0,0.0,0.0,0.0,0.0,0.0,0.0,0.0,0.0,0.0,0.0,0.0,0.0,0.0,0.0,0.0,0.0,0.0,0.0,0.0,0.0,0.0,0.0,0.002649371512234211,0.0,0.0,0.0,0.0,0.0,0.0,0.0,1.6639629393466748e-05,0.0,0.0,0.0,0.0,0.0,0.0,0.0,0.0,0.0,0.0,0.0,0.0,0.0,0.0,0.0,0.0,0.0,0.0,0.0,0.0,0.0,0.0,0.0,0.0,0.0,0.0,0.0,0.0,0.0,0.0,0.0,0.0,0.0,0.0,0.0,0.0,0.0,0.0,0.0,0.0,0.0,0.0,0.0,0.0,0.0,0.0,0.0,0.0,0.0,0.0,0.0,0.0,0.0,0.0,0.0,0.0,0.0,0.0,0.0,0.0,0.0,0.0,0.0,0.00022665342839900404,0.0,0.0,0.0,0.0,0.0,0.0,0.0,0.0,0.0,0.0,0.0,0.0,0.0,0.0,0.0,0.0,0.0,0.0,0.0,0.0,0.0,0.0,0.0005905237630940974,0.0,0.0,0.0019058078760281205,0.0,0.0,0.0,0.0,0.0,0.0,0.0,0.0,0.0,0.0,0.0,0.0,0.0,0.0,0.0,0.0,0.0,0.0,0.0,0.0,0.0,0.0,0.0,0.0,0.0,0.0,0.0,0.0,0.0,0.0,0.0,0.0,0.0,0.0,0.0,0.0,0.0020384937524795532,0.0,0.0,0.0,0.0,0.0,0.0,0.0,0.0,0.0,0.0,0.0,0.0,0.0,0.0,0.0,0.0,0.0,0.0,0.0,0.0,0.0,0.0,0.27549755573272705,0.0,0.0,0.0,0.0,0.0,0.0,0.0,0.0,0.0009239051141776145,0.0,0.0,0.0,0.0,0.0,0.0,0.0,0.0,0.0,0.0,0.0,0.0,0.0,0.0,0.0,0.0,0.0,0.0,0.09578496962785721,0.0,0.0,0.0,0.0,0.0,0.0,0.0,0.0,0.0,0.0,0.0,0.0,0.0,0.0,0.0,0.0,0.0,0.0,0.0,0.0,0.0,0.0,0.0,0.0,0.0,0.0,0.0034059735480695963,0.0,0.0,0.0,0.0,0.0,0.0,0.0,0.0,0.0,0.0,0.0,0.0,0.0,0.0,0.0,0.0,0.0,0.0,0.0,0.0,0.0,0.0003127045347355306,0.0,0.0018471716903150082,0.0,0.0,0.0,0.0,0.0,0.0,0.0,0.0,0.0,0.0,0.0,0.0,0.0,0.0,0.0,0.0,0.0,0.0,0.0,0.0,0.0,0.0,0.0,0.0,0.0,0.0,0.0,0.00199695467017591,,,,,,,,,,,,,,,,,,,,,,,,,,,,,,,,,,,,,,,,,,,,,,,,,,,,,,,,,,,,,,,,,,,,,,,,,,,,,,,,,,,,,,,,,,,,,,,,,,,,,,,,,,,,,,,,,,,,,,,,,,,,,,,,,,,,,,,,,,,,,,,,,,,,,,,,,,,,,,,,,,,,,,,,,,,,,,,,,,,,,,,,,,,,,,,,,,,,,,,,,,,,,,,,,,,,,,,,,,,,,,,,,,,,,,,,,,,,,,,,,,,,,,,,,,,,,,,,,,,,,,,,,,,,
2020-01-08,624915.759796935,3669.5835968904994,,,,,,,,,,,94578.75464494024,22241.95348945218,1039061.7711000025,,90508.29971703782,,,,,,45999.40106474287,13638.681199829814,17009.41836221948,7007.417213206183,33429.68703347913,35854.016063841744,,,,,,,,,,,,,,,,,,,,,,,,,,,,,,,,,,,,,,,,,,,,,,,,,,,,,,,,,,,,,,,,,,,,,,,,,,,,,,,,,,,,,,,,,,,,,,,,0.0,0.0,0.0,0.0,0.0,0.0017591469222679734,0.0,0.0,0.0,0.0,0.0,0.0,0.0,0.0,0.0,0.0,0.0,0.0,0.0,0.0,0.0,0.0,0.0,0.0,0.0013064012164250016,0.0,0.0,0.0036453166976571083,0.0,0.0,0.0,0.0035564147401601076,0.0,0.0,0.0,0.0,0.0,0.0,0.0,0.0,0.0,0.35433509945869446,0.0,0.0,0.0,0.0,0.0,0.0,0.000280939566437155,0.0,0.0,0.0,0.0,0.0,0.0,0.0,0.0,0.0,0.0,0.0,0.0,0.0,0.0,0.0,0.0,0.0,0.0,0.0,0.0,0.0,0.0,0.0,0.0,0.0,0.0,0.0,0.0,0.0,0.0,0.0,0.0,0.0002895304933190346,0.0,0.0,0.0,0.0,0.0,0.0,0.0,0.0004514709289651364,0.0,0.0,0.0,0.0,0.0,0.0,0.0,0.0,0.0,0.0,0.0,0.0,0.0,0.0,0.0,0.23673413693904877,0.0,0.0,0.0,0.0,0.0,0.0,0.0,0.0,0.0,0.0,0.0,0.0,0.0,0.0,0.006112119648605585,0.0,0.0,0.0,0.0,0.0,0.0,0.0,0.0,0.0,0.0,0.0,0.0,0.0,0.0009501978638581932,0.0,0.0,0.0,0.0,0.0,0.0,0.0,0.0,0.0,0.0,0.0,0.0,0.0,0.0,0.0,0.0,0.0,0.0,0.0,0.0,0.0,0.0,0.0,0.0,0.0,0.0,0.0,0.0,0.0,0.0,0.0,0.0,0.0,0.0,0.0,0.0,0.0004413347051013261,0.0014393494930118322,0.0,0.0,0.0,0.0,0.0,0.0,0.0,0.0,0.0,0.0,0.0,0.0,0.0,0.0,0.0,0.0,0.0,0.0,0.0,0.0,0.0,0.0010530672734603286,0.0,0.0,0.0,0.0,0.0,0.0,0.0,0.0,0.0,0.0,0.0,0.0,0.0,0.0,0.0,0.0004487152036745101,0.0,0.0,0.0,0.0,0.0,0.0,0.0,0.0,0.0,0.0,0.0,0.0,0.0,0.0,0.0,0.0,0.0,0.0,0.0,0.0,0.0,0.0,0.0,0.002649371512234211,0.0,0.0,0.0,0.0,0.0,0.0,0.0,1.6639629393466748e-05,0.0,0.0,0.0,0.0,0.0,0.0,0.0,0.0,0.0,0.0,0.0,0.0,0.0,0.0,0.0,0.0,0.0,0.0,0.0,0.0,0.0,0.0,0.0,0.0,0.0,0.0,0.0,0.0,0.0,0.0,0.0,0.0,0.0,0.0,0.0,0.0,0.0,0.0,0.0,0.0,0.0,0.0,0.0,0.0,0.0,0.0,0.0,0.0,0.0,0.0,0.0,0.0,0.0,0.0,0.0,0.0,0.0,0.0,0.0,0.0,0.0,0.0,0.0,0.00022665342839900404,0.0,0.0,0.0,0.0,0.0,0.0,0.0,0.0,0.0,0.0,0.0,0.0,0.0,0.0,0.0,0.0,0.0,0.0,0.0,0.0,0.0,0.0,0.0005905237630940974,0.0,0.0,0.0019058078760281205,0.0,0.0,0.0,0.0,0.0,0.0,0.0,0.0,0.0,0.0,0.0,0.0,0.0,0.0,0.0,0.0,0.0,0.0,0.0,0.0,0.0,0.0,0.0,0.0,0.0,0.0,0.0,0.0,0.0,0.0,0.0,0.0,0.0,0.0,0.0,0.0,0.0020384937524795532,0.0,0.0,0.0,0.0,0.0,0.0,0.0,0.0,0.0,0.0,0.0,0.0,0.0,0.0,0.0,0.0,0.0,0.0,0.0,0.0,0.0,0.0,0.27549755573272705,0.0,0.0,0.0,0.0,0.0,0.0,0.0,0.0,0.0009239051141776145,0.0,0.0,0.0,0.0,0.0,0.0,0.0,0.0,0.0,0.0,0.0,0.0,0.0,0.0,0.0,0.0,0.0,0.0,0.09578496962785721,0.0,0.0,0.0,0.0,0.0,0.0,0.0,0.0,0.0,0.0,0.0,0.0,0.0,0.0,0.0,0.0,0.0,0.0,0.0,0.0,0.0,0.0,0.0,0.0,0.0,0.0,0.0034059735480695963,0.0,0.0,0.0,0.0,0.0,0.0,0.0,0.0,0.0,0.0,0.0,0.0,0.0,0.0,0.0,0.0,0.0,0.0,0.0,0.0,0.0,0.0003127045347355306,0.0,0.0018471716903150082,0.0,0.0,0.0,0.0,0.0,0.0,0.0,0.0,0.0,0.0,0.0,0.0,0.0,0.0,0.0,0.0,0.0,0.0,0.0,0.0,0.0,0.0,0.0,0.0,0.0,0.0,0.0,0.00199695467017591,,,,,,,,,,,,,,,,,,,,,,,,,,,,,,,,,,,,,,,,,,,,,,,,,,,,,,,,,,,,,,,,,,,,,,,,,,,,,,,,,,,,,,,,,,,,,,,,,,,,,,,,,,,,,,,,,,,,,,,,,,,,,,,,,,,,,,,,,,,,,,,,,,,,,,,,,,,,,,,,,,,,,,,,,,,,,,,,,,,,,,,,,,,,,,,,,,,,,,,,,,,,,,,,,,,,,,,,,,,,,,,,,,,,,,,,,,,,,,,,,,,,,,,,,,,,,,,,,,,,,,,,,,,,
2020-01-09,628046.427526332,2783.402750654445,,,,,,,,,,,96661.75074768487,22387.1821879327,1039061.7711000025,,93307.68356075542,,,,,,45999.40106474287,13638.953566614966,16718.509649968702,7007.352221182208,33427.7373932237,34927.530368196,,,,,,,,,,,,,,,,,,,,,,,,,,,,,,,,,,,,,,,,,,,,,,,,,,,,,,,,,,,,,,,,,,,,,,,,,,,,,,,,,,,,,,,,,,,,,,,,0.0,0.0,0.0,0.0,0.0,0.0017591469222679734,0.0,0.0,0.0,0.0,0.0,0.0,0.0,0.0,0.0,0.0,0.0,0.0,0.0,0.0,0.0,0.0,0.0,0.0,0.0013064012164250016,0.0,0.0,0.0036453166976571083,0.0,0.0,0.0,0.0035564147401601076,0.0,0.0,0.0,0.0,0.0,0.0,0.0,0.0,0.0,0.35433509945869446,0.0,0.0,0.0,0.0,0.0,0.0,0.000280939566437155,0.0,0.0,0.0,0.0,0.0,0.0,0.0,0.0,0.0,0.0,0.0,0.0,0.0,0.0,0.0,0.0,0.0,0.0,0.0,0.0,0.0,0.0,0.0,0.0,0.0,0.0,0.0,0.0,0.0,0.0,0.0,0.0,0.0002895304933190346,0.0,0.0,0.0,0.0,0.0,0.0,0.0,0.0004514709289651364,0.0,0.0,0.0,0.0,0.0,0.0,0.0,0.0,0.0,0.0,0.0,0.0,0.0,0.0,0.0,0.23673413693904877,0.0,0.0,0.0,0.0,0.0,0.0,0.0,0.0,0.0,0.0,0.0,0.0,0.0,0.0,0.006112119648605585,0.0,0.0,0.0,0.0,0.0,0.0,0.0,0.0,0.0,0.0,0.0,0.0,0.0,0.0009501978638581932,0.0,0.0,0.0,0.0,0.0,0.0,0.0,0.0,0.0,0.0,0.0,0.0,0.0,0.0,0.0,0.0,0.0,0.0,0.0,0.0,0.0,0.0,0.0,0.0,0.0,0.0,0.0,0.0,0.0,0.0,0.0,0.0,0.0,0.0,0.0,0.0,0.0004413347051013261,0.0014393494930118322,0.0,0.0,0.0,0.0,0.0,0.0,0.0,0.0,0.0,0.0,0.0,0.0,0.0,0.0,0.0,0.0,0.0,0.0,0.0,0.0,0.0,0.0010530672734603286,0.0,0.0,0.0,0.0,0.0,0.0,0.0,0.0,0.0,0.0,0.0,0.0,0.0,0.0,0.0,0.0004487152036745101,0.0,0.0,0.0,0.0,0.0,0.0,0.0,0.0,0.0,0.0,0.0,0.0,0.0,0.0,0.0,0.0,0.0,0.0,0.0,0.0,0.0,0.0,0.0,0.002649371512234211,0.0,0.0,0.0,0.0,0.0,0.0,0.0,1.6639629393466748e-05,0.0,0.0,0.0,0.0,0.0,0.0,0.0,0.0,0.0,0.0,0.0,0.0,0.0,0.0,0.0,0.0,0.0,0.0,0.0,0.0,0.0,0.0,0.0,0.0,0.0,0.0,0.0,0.0,0.0,0.0,0.0,0.0,0.0,0.0,0.0,0.0,0.0,0.0,0.0,0.0,0.0,0.0,0.0,0.0,0.0,0.0,0.0,0.0,0.0,0.0,0.0,0.0,0.0,0.0,0.0,0.0,0.0,0.0,0.0,0.0,0.0,0.0,0.0,0.00022665342839900404,0.0,0.0,0.0,0.0,0.0,0.0,0.0,0.0,0.0,0.0,0.0,0.0,0.0,0.0,0.0,0.0,0.0,0.0,0.0,0.0,0.0,0.0,0.0005905237630940974,0.0,0.0,0.0019058078760281205,0.0,0.0,0.0,0.0,0.0,0.0,0.0,0.0,0.0,0.0,0.0,0.0,0.0,0.0,0.0,0.0,0.0,0.0,0.0,0.0,0.0,0.0,0.0,0.0,0.0,0.0,0.0,0.0,0.0,0.0,0.0,0.0,0.0,0.0,0.0,0.0,0.0020384937524795532,0.0,0.0,0.0,0.0,0.0,0.0,0.0,0.0,0.0,0.0,0.0,0.0,0.0,0.0,0.0,0.0,0.0,0.0,0.0,0.0,0.0,0.0,0.27549755573272705,0.0,0.0,0.0,0.0,0.0,0.0,0.0,0.0,0.0009239051141776145,0.0,0.0,0.0,0.0,0.0,0.0,0.0,0.0,0.0,0.0,0.0,0.0,0.0,0.0,0.0,0.0,0.0,0.0,0.09578496962785721,0.0,0.0,0.0,0.0,0.0,0.0,0.0,0.0,0.0,0.0,0.0,0.0,0.0,0.0,0.0,0.0,0.0,0.0,0.0,0.0,0.0,0.0,0.0,0.0,0.0,0.0,0.0034059735480695963,0.0,0.0,0.0,0.0,0.0,0.0,0.0,0.0,0.0,0.0,0.0,0.0,0.0,0.0,0.0,0.0,0.0,0.0,0.0,0.0,0.0,0.0003127045347355306,0.0,0.0018471716903150082,0.0,0.0,0.0,0.0,0.0,0.0,0.0,0.0,0.0,0.0,0.0,0.0,0.0,0.0,0.0,0.0,0.0,0.0,0.0,0.0,0.0,0.0,0.0,0.0,0.0,0.0,0.0,0.00199695467017591,,,,,,,,,,,,,,,,,,,,,,,,,,,,,,,,,,,,,,,,,,,,,,,,,,,,,,,,,,,,,,,,,,,,,,,,,,,,,,,,,,,,,,,,,,,,,,,,,,,,,,,,,,,,,,,,,,,,,,,,,,,,,,,,,,,,,,,,,,,,,,,,,,,,,,,,,,,,,,,,,,,,,,,,,,,,,,,,,,,,,,,,,,,,,,,,,,,,,,,,,,,,,,,,,,,,,,,,,,,,,,,,,,,,,,,,,,,,,,,,,,,,,,,,,,,,,,,,,,,,,,,,,,,,
2020-01-10,628136.3292451139,539.3295029117074,,,,,,,,,,,94131.51430609667,24131.46857630707,1039061.7711000025,,89826.41063372725,,,,,,46555.65479830164,13342.77880537306,16834.992533340457,6595.025405858958,36215.18233988584,35387.79745976864,,,,,,,,,,,,,,,,,,,,,,,,,,,,,,,,,,,,,,,,,,,,,,,,,,,,,,,,,,,,,,,,,,,,,,,,,,,,,,,,,,,,,,,,,,,,,,,,0.0,0.0,0.0,0.0,0.0,0.0017591469222679734,0.0,0.0,0.0,0.0,0.0,0.0,0.0,0.0,0.0,0.0,0.0,0.0,0.0,0.0,0.0,0.0,0.0,0.0,0.0013064012164250016,0.0,0.0,0.0036453166976571083,0.0,0.0,0.0,0.0035564147401601076,0.0,0.0,0.0,0.0,0.0,0.0,0.0,0.0,0.0,0.35433509945869446,0.0,0.0,0.0,0.0,0.0,0.0,0.000280939566437155,0.0,0.0,0.0,0.0,0.0,0.0,0.0,0.0,0.0,0.0,0.0,0.0,0.0,0.0,0.0,0.0,0.0,0.0,0.0,0.0,0.0,0.0,0.0,0.0,0.0,0.0,0.0,0.0,0.0,0.0,0.0,0.0,0.0002895304933190346,0.0,0.0,0.0,0.0,0.0,0.0,0.0,0.0004514709289651364,0.0,0.0,0.0,0.0,0.0,0.0,0.0,0.0,0.0,0.0,0.0,0.0,0.0,0.0,0.0,0.23673413693904877,0.0,0.0,0.0,0.0,0.0,0.0,0.0,0.0,0.0,0.0,0.0,0.0,0.0,0.0,0.006112119648605585,0.0,0.0,0.0,0.0,0.0,0.0,0.0,0.0,0.0,0.0,0.0,0.0,0.0,0.0009501978638581932,0.0,0.0,0.0,0.0,0.0,0.0,0.0,0.0,0.0,0.0,0.0,0.0,0.0,0.0,0.0,0.0,0.0,0.0,0.0,0.0,0.0,0.0,0.0,0.0,0.0,0.0,0.0,0.0,0.0,0.0,0.0,0.0,0.0,0.0,0.0,0.0,0.0004413347051013261,0.0014393494930118322,0.0,0.0,0.0,0.0,0.0,0.0,0.0,0.0,0.0,0.0,0.0,0.0,0.0,0.0,0.0,0.0,0.0,0.0,0.0,0.0,0.0,0.0010530672734603286,0.0,0.0,0.0,0.0,0.0,0.0,0.0,0.0,0.0,0.0,0.0,0.0,0.0,0.0,0.0,0.0004487152036745101,0.0,0.0,0.0,0.0,0.0,0.0,0.0,0.0,0.0,0.0,0.0,0.0,0.0,0.0,0.0,0.0,0.0,0.0,0.0,0.0,0.0,0.0,0.0,0.002649371512234211,0.0,0.0,0.0,0.0,0.0,0.0,0.0,1.6639629393466748e-05,0.0,0.0,0.0,0.0,0.0,0.0,0.0,0.0,0.0,0.0,0.0,0.0,0.0,0.0,0.0,0.0,0.0,0.0,0.0,0.0,0.0,0.0,0.0,0.0,0.0,0.0,0.0,0.0,0.0,0.0,0.0,0.0,0.0,0.0,0.0,0.0,0.0,0.0,0.0,0.0,0.0,0.0,0.0,0.0,0.0,0.0,0.0,0.0,0.0,0.0,0.0,0.0,0.0,0.0,0.0,0.0,0.0,0.0,0.0,0.0,0.0,0.0,0.0,0.00022665342839900404,0.0,0.0,0.0,0.0,0.0,0.0,0.0,0.0,0.0,0.0,0.0,0.0,0.0,0.0,0.0,0.0,0.0,0.0,0.0,0.0,0.0,0.0,0.0005905237630940974,0.0,0.0,0.0019058078760281205,0.0,0.0,0.0,0.0,0.0,0.0,0.0,0.0,0.0,0.0,0.0,0.0,0.0,0.0,0.0,0.0,0.0,0.0,0.0,0.0,0.0,0.0,0.0,0.0,0.0,0.0,0.0,0.0,0.0,0.0,0.0,0.0,0.0,0.0,0.0,0.0,0.0020384937524795532,0.0,0.0,0.0,0.0,0.0,0.0,0.0,0.0,0.0,0.0,0.0,0.0,0.0,0.0,0.0,0.0,0.0,0.0,0.0,0.0,0.0,0.0,0.27549755573272705,0.0,0.0,0.0,0.0,0.0,0.0,0.0,0.0,0.0009239051141776145,0.0,0.0,0.0,0.0,0.0,0.0,0.0,0.0,0.0,0.0,0.0,0.0,0.0,0.0,0.0,0.0,0.0,0.0,0.09578496962785721,0.0,0.0,0.0,0.0,0.0,0.0,0.0,0.0,0.0,0.0,0.0,0.0,0.0,0.0,0.0,0.0,0.0,0.0,0.0,0.0,0.0,0.0,0.0,0.0,0.0,0.0,0.0034059735480695963,0.0,0.0,0.0,0.0,0.0,0.0,0.0,0.0,0.0,0.0,0.0,0.0,0.0,0.0,0.0,0.0,0.0,0.0,0.0,0.0,0.0,0.0003127045347355306,0.0,0.0018471716903150082,0.0,0.0,0.0,0.0,0.0,0.0,0.0,0.0,0.0,0.0,0.0,0.0,0.0,0.0,0.0,0.0,0.0,0.0,0.0,0.0,0.0,0.0,0.0,0.0,0.0,0.0,0.0,0.00199695467017591,,,,,,,,,,,,,,,,,,,,,,,,,,,,,,,,,,,,,,,,,,,,,,,,,,,,,,,,,,,,,,,,,,,,,,,,,,,,,,,,,,,,,,,,,,,,,,,,,,,,,,,,,,,,,,,,,,,,,,,,,,,,,,,,,,,,,,,,,,,,,,,,,,,,,,,,,,,,,,,,,,,,,,,,,,,,,,,,,,,,,,,,,,,,,,,,,,,,,,,,,,,,,,,,,,,,,,,,,,,,,,,,,,,,,,,,,,,,,,,,,,,,,,,,,,,,,,,,,,,,,,,,,,,,
2020-01-13,629522.0017109817,2001.2385253189486,,,,,,,,,,,86372.30054550736,24567.958371845107,1039061.7711000025,,88063.94539685926,,,,,,47510.74295099882,13638.890897187586,17067.869037839617,6595.025405858958,36216.22719349481,35849.130198298895,,,,,,,,,,,,,,,,,,,,,,,,,,,,,,,,,,,,,,,,,,,,,,,,,,,,,,,,,,,,,,,,,,,,,,,,,,,,,,,,,,,,,,,,,,,,,,,,0.0,0.0,0.0,0.0,0.0,0.0017591469222679734,0.0,0.0,0.0,0.0,0.0,0.0,0.0,0.0,0.0,0.0,0.0,0.0,0.0,0.0,0.0,0.0,0.0,0.0,0.0013064012164250016,0.0,0.0,0.0036453166976571083,0.0,0.0,0.0,0.0035564147401601076,0.0,0.0,0.0,0.0,0.0,0.0,0.0,0.0,0.0,0.35433509945869446,0.0,0.0,0.0,0.0,0.0,0.0,0.000280939566437155,0.0,0.0,0.0,0.0,0.0,0.0,0.0,0.0,0.0,0.0,0.0,0.0,0.0,0.0,0.0,0.0,0.0,0.0,0.0,0.0,0.0,0.0,0.0,0.0,0.0,0.0,0.0,0.0,0.0,0.0,0.0,0.0,0.0002895304933190346,0.0,0.0,0.0,0.0,0.0,0.0,0.0,0.0004514709289651364,0.0,0.0,0.0,0.0,0.0,0.0,0.0,0.0,0.0,0.0,0.0,0.0,0.0,0.0,0.0,0.23673413693904877,0.0,0.0,0.0,0.0,0.0,0.0,0.0,0.0,0.0,0.0,0.0,0.0,0.0,0.0,0.006112119648605585,0.0,0.0,0.0,0.0,0.0,0.0,0.0,0.0,0.0,0.0,0.0,0.0,0.0,0.0009501978638581932,0.0,0.0,0.0,0.0,0.0,0.0,0.0,0.0,0.0,0.0,0.0,0.0,0.0,0.0,0.0,0.0,0.0,0.0,0.0,0.0,0.0,0.0,0.0,0.0,0.0,0.0,0.0,0.0,0.0,0.0,0.0,0.0,0.0,0.0,0.0,0.0,0.0004413347051013261,0.0014393494930118322,0.0,0.0,0.0,0.0,0.0,0.0,0.0,0.0,0.0,0.0,0.0,0.0,0.0,0.0,0.0,0.0,0.0,0.0,0.0,0.0,0.0,0.0010530672734603286,0.0,0.0,0.0,0.0,0.0,0.0,0.0,0.0,0.0,0.0,0.0,0.0,0.0,0.0,0.0,0.0004487152036745101,0.0,0.0,0.0,0.0,0.0,0.0,0.0,0.0,0.0,0.0,0.0,0.0,0.0,0.0,0.0,0.0,0.0,0.0,0.0,0.0,0.0,0.0,0.0,0.002649371512234211,0.0,0.0,0.0,0.0,0.0,0.0,0.0,1.6639629393466748e-05,0.0,0.0,0.0,0.0,0.0,0.0,0.0,0.0,0.0,0.0,0.0,0.0,0.0,0.0,0.0,0.0,0.0,0.0,0.0,0.0,0.0,0.0,0.0,0.0,0.0,0.0,0.0,0.0,0.0,0.0,0.0,0.0,0.0,0.0,0.0,0.0,0.0,0.0,0.0,0.0,0.0,0.0,0.0,0.0,0.0,0.0,0.0,0.0,0.0,0.0,0.0,0.0,0.0,0.0,0.0,0.0,0.0,0.0,0.0,0.0,0.0,0.0,0.0,0.00022665342839900404,0.0,0.0,0.0,0.0,0.0,0.0,0.0,0.0,0.0,0.0,0.0,0.0,0.0,0.0,0.0,0.0,0.0,0.0,0.0,0.0,0.0,0.0,0.0005905237630940974,0.0,0.0,0.0019058078760281205,0.0,0.0,0.0,0.0,0.0,0.0,0.0,0.0,0.0,0.0,0.0,0.0,0.0,0.0,0.0,0.0,0.0,0.0,0.0,0.0,0.0,0.0,0.0,0.0,0.0,0.0,0.0,0.0,0.0,0.0,0.0,0.0,0.0,0.0,0.0,0.0,0.0020384937524795532,0.0,0.0,0.0,0.0,0.0,0.0,0.0,0.0,0.0,0.0,0.0,0.0,0.0,0.0,0.0,0.0,0.0,0.0,0.0,0.0,0.0,0.0,0.27549755573272705,0.0,0.0,0.0,0.0,0.0,0.0,0.0,0.0,0.0009239051141776145,0.0,0.0,0.0,0.0,0.0,0.0,0.0,0.0,0.0,0.0,0.0,0.0,0.0,0.0,0.0,0.0,0.0,0.0,0.09578496962785721,0.0,0.0,0.0,0.0,0.0,0.0,0.0,0.0,0.0,0.0,0.0,0.0,0.0,0.0,0.0,0.0,0.0,0.0,0.0,0.0,0.0,0.0,0.0,0.0,0.0,0.0,0.0034059735480695963,0.0,0.0,0.0,0.0,0.0,0.0,0.0,0.0,0.0,0.0,0.0,0.0,0.0,0.0,0.0,0.0,0.0,0.0,0.0,0.0,0.0,0.0003127045347355306,0.0,0.0018471716903150082,0.0,0.0,0.0,0.0,0.0,0.0,0.0,0.0,0.0,0.0,0.0,0.0,0.0,0.0,0.0,0.0,0.0,0.0,0.0,0.0,0.0,0.0,0.0,0.0,0.0,0.0,0.0,0.00199695467017591,,,,,,,,,,,,,,,,,,,,,,,,,,,,,,,,,,,,,,,,,,,,,,,,,,,,,,,,,,,,,,,,,,,,,,,,,,,,,,,,,,,,,,,,,,,,,,,,,,,,,,,,,,,,,,,,,,,,,,,,,,,,,,,,,,,,,,,,,,,,,,,,,,,,,,,,,,,,,,,,,,,,,,,,,,,,,,,,,,,,,,,,,,,,,,,,,,,,,,,,,,,,,,,,,,,,,,,,,,,,,,,,,,,,,,,,,,,,,,,,,,,,,,,,,,,,,,,,,,,,,,,,,,,,
2020-01-14,625332.3468769294,4682.232102462356,,,,,,,,,,,86890.95505608404,22096.705696597663,1039061.7711000025,,90510.41579957103,,,,,,49158.51438282537,13340.629753586783,17183.302723685432,6594.830976649852,36214.55846324104,36547.96476185158,,,,,,,,,,,,,,,,,,,,,,,,,,,,,,,,,,,,,,,,,,,,,,,,,,,,,,,,,,,,,,,,,,,,,,,,,,,,,,,,,,,,,,,,,,,,,,,,0.0,0.0,0.0,0.0,0.0,0.0017591469222679734,0.0,0.0,0.0,0.0,0.0,0.0,0.0,0.0,0.0,0.0,0.0,0.0,0.0,0.0,0.0,0.0,0.0,0.0,0.0013064012164250016,0.0,0.0,0.0036453166976571083,0.0,0.0,0.0,0.0035564147401601076,0.0,0.0,0.0,0.0,0.0,0.0,0.0,0.0,0.0,0.35433509945869446,0.0,0.0,0.0,0.0,0.0,0.0,0.000280939566437155,0.0,0.0,0.0,0.0,0.0,0.0,0.0,0.0,0.0,0.0,0.0,0.0,0.0,0.0,0.0,0.0,0.0,0.0,0.0,0.0,0.0,0.0,0.0,0.0,0.0,0.0,0.0,0.0,0.0,0.0,0.0,0.0,0.0002895304933190346,0.0,0.0,0.0,0.0,0.0,0.0,0.0,0.0004514709289651364,0.0,0.0,0.0,0.0,0.0,0.0,0.0,0.0,0.0,0.0,0.0,0.0,0.0,0.0,0.0,0.23673413693904877,0.0,0.0,0.0,0.0,0.0,0.0,0.0,0.0,0.0,0.0,0.0,0.0,0.0,0.0,0.006112119648605585,0.0,0.0,0.0,0.0,0.0,0.0,0.0,0.0,0.0,0.0,0.0,0.0,0.0,0.0009501978638581932,0.0,0.0,0.0,0.0,0.0,0.0,0.0,0.0,0.0,0.0,0.0,0.0,0.0,0.0,0.0,0.0,0.0,0.0,0.0,0.0,0.0,0.0,0.0,0.0,0.0,0.0,0.0,0.0,0.0,0.0,0.0,0.0,0.0,0.0,0.0,0.0,0.0004413347051013261,0.0014393494930118322,0.0,0.0,0.0,0.0,0.0,0.0,0.0,0.0,0.0,0.0,0.0,0.0,0.0,0.0,0.0,0.0,0.0,0.0,0.0,0.0,0.0,0.0010530672734603286,0.0,0.0,0.0,0.0,0.0,0.0,0.0,0.0,0.0,0.0,0.0,0.0,0.0,0.0,0.0,0.0004487152036745101,0.0,0.0,0.0,0.0,0.0,0.0,0.0,0.0,0.0,0.0,0.0,0.0,0.0,0.0,0.0,0.0,0.0,0.0,0.0,0.0,0.0,0.0,0.0,0.002649371512234211,0.0,0.0,0.0,0.0,0.0,0.0,0.0,1.6639629393466748e-05,0.0,0.0,0.0,0.0,0.0,0.0,0.0,0.0,0.0,0.0,0.0,0.0,0.0,0.0,0.0,0.0,0.0,0.0,0.0,0.0,0.0,0.0,0.0,0.0,0.0,0.0,0.0,0.0,0.0,0.0,0.0,0.0,0.0,0.0,0.0,0.0,0.0,0.0,0.0,0.0,0.0,0.0,0.0,0.0,0.0,0.0,0.0,0.0,0.0,0.0,0.0,0.0,0.0,0.0,0.0,0.0,0.0,0.0,0.0,0.0,0.0,0.0,0.0,0.00022665342839900404,0.0,0.0,0.0,0.0,0.0,0.0,0.0,0.0,0.0,0.0,0.0,0.0,0.0,0.0,0.0,0.0,0.0,0.0,0.0,0.0,0.0,0.0,0.0005905237630940974,0.0,0.0,0.0019058078760281205,0.0,0.0,0.0,0.0,0.0,0.0,0.0,0.0,0.0,0.0,0.0,0.0,0.0,0.0,0.0,0.0,0.0,0.0,0.0,0.0,0.0,0.0,0.0,0.0,0.0,0.0,0.0,0.0,0.0,0.0,0.0,0.0,0.0,0.0,0.0,0.0,0.0020384937524795532,0.0,0.0,0.0,0.0,0.0,0.0,0.0,0.0,0.0,0.0,0.0,0.0,0.0,0.0,0.0,0.0,0.0,0.0,0.0,0.0,0.0,0.0,0.27549755573272705,0.0,0.0,0.0,0.0,0.0,0.0,0.0,0.0,0.0009239051141776145,0.0,0.0,0.0,0.0,0.0,0.0,0.0,0.0,0.0,0.0,0.0,0.0,0.0,0.0,0.0,0.0,0.0,0.0,0.09578496962785721,0.0,0.0,0.0,0.0,0.0,0.0,0.0,0.0,0.0,0.0,0.0,0.0,0.0,0.0,0.0,0.0,0.0,0.0,0.0,0.0,0.0,0.0,0.0,0.0,0.0,0.0,0.0034059735480695963,0.0,0.0,0.0,0.0,0.0,0.0,0.0,0.0,0.0,0.0,0.0,0.0,0.0,0.0,0.0,0.0,0.0,0.0,0.0,0.0,0.0,0.0003127045347355306,0.0,0.0018471716903150082,0.0,0.0,0.0,0.0,0.0,0.0,0.0,0.0,0.0,0.0,0.0,0.0,0.0,0.0,0.0,0.0,0.0,0.0,0.0,0.0,0.0,0.0,0.0,0.0,0.0,0.0,0.0,0.00199695467017591,,,,,,,,,,,,,,,,,,,,,,,,,,,,,,,,,,,,,,,,,,,,,,,,,,,,,,,,,,,,,,,,,,,,,,,,,,,,,,,,,,,,,,,,,,,,,,,,,,,,,,,,,,,,,,,,,,,,,,,,,,,,,,,,,,,,,,,,,,,,,,,,,,,,,,,,,,,,,,,,,,,,,,,,,,,,,,,,,,,,,,,,,,,,,,,,,,,,,,,,,,,,,,,,,,,,,,,,,,,,,,,,,,,,,,,,,,,,,,,,,,,,,,,,,,,,,,,,,,,,,,,,,,,,
2020-01-15,622201.9252908712,1796.1141363129334,,,,,,,,,,,86491.14846118413,22532.814647308653,1039061.7711000025,,96099.54603160387,,,,,,48327.991442080194,13341.621084213542,17241.066876818884,6594.830976649852,36214.94556489337,36080.47210939421,,,,,,,,,,,,,,,,,,,,,,,,,,,,,,,,,,,,,,,,,,,,,,,,,,,,,,,,,,,,,,,,,,,,,,,,,,,,,,,,,,,,,,,,,,,,,,,,0.0,0.0,0.0,0.0,0.0,0.0017591469222679734,0.0,0.0,0.0,0.0,0.0,0.0,0.0,0.0,0.0,0.0,0.0,0.0,0.0,0.0,0.0,0.0,0.0,0.0,0.0013064012164250016,0.0,0.0,0.0036453166976571083,0.0,0.0,0.0,0.0035564147401601076,0.0,0.0,0.0,0.0,0.0,0.0,0.0,0.0,0.0,0.35433509945869446,0.0,0.0,0.0,0.0,0.0,0.0,0.000280939566437155,0.0,0.0,0.0,0.0,0.0,0.0,0.0,0.0,0.0,0.0,0.0,0.0,0.0,0.0,0.0,0.0,0.0,0.0,0.0,0.0,0.0,0.0,0.0,0.0,0.0,0.0,0.0,0.0,0.0,0.0,0.0,0.0,0.0002895304933190346,0.0,0.0,0.0,0.0,0.0,0.0,0.0,0.0004514709289651364,0.0,0.0,0.0,0.0,0.0,0.0,0.0,0.0,0.0,0.0,0.0,0.0,0.0,0.0,0.0,0.23673413693904877,0.0,0.0,0.0,0.0,0.0,0.0,0.0,0.0,0.0,0.0,0.0,0.0,0.0,0.0,0.006112119648605585,0.0,0.0,0.0,0.0,0.0,0.0,0.0,0.0,0.0,0.0,0.0,0.0,0.0,0.0009501978638581932,0.0,0.0,0.0,0.0,0.0,0.0,0.0,0.0,0.0,0.0,0.0,0.0,0.0,0.0,0.0,0.0,0.0,0.0,0.0,0.0,0.0,0.0,0.0,0.0,0.0,0.0,0.0,0.0,0.0,0.0,0.0,0.0,0.0,0.0,0.0,0.0,0.0004413347051013261,0.0014393494930118322,0.0,0.0,0.0,0.0,0.0,0.0,0.0,0.0,0.0,0.0,0.0,0.0,0.0,0.0,0.0,0.0,0.0,0.0,0.0,0.0,0.0,0.0010530672734603286,0.0,0.0,0.0,0.0,0.0,0.0,0.0,0.0,0.0,0.0,0.0,0.0,0.0,0.0,0.0,0.0004487152036745101,0.0,0.0,0.0,0.0,0.0,0.0,0.0,0.0,0.0,0.0,0.0,0.0,0.0,0.0,0.0,0.0,0.0,0.0,0.0,0.0,0.0,0.0,0.0,0.002649371512234211,0.0,0.0,0.0,0.0,0.0,0.0,0.0,1.6639629393466748e-05,0.0,0.0,0.0,0.0,0.0,0.0,0.0,0.0,0.0,0.0,0.0,0.0,0.0,0.0,0.0,0.0,0.0,0.0,0.0,0.0,0.0,0.0,0.0,0.0,0.0,0.0,0.0,0.0,0.0,0.0,0.0,0.0,0.0,0.0,0.0,0.0,0.0,0.0,0.0,0.0,0.0,0.0,0.0,0.0,0.0,0.0,0.0,0.0,0.0,0.0,0.0,0.0,0.0,0.0,0.0,0.0,0.0,0.0,0.0,0.0,0.0,0.0,0.0,0.00022665342839900404,0.0,0.0,0.0,0.0,0.0,0.0,0.0,0.0,0.0,0.0,0.0,0.0,0.0,0.0,0.0,0.0,0.0,0.0,0.0,0.0,0.0,0.0,0.0005905237630940974,0.0,0.0,0.0019058078760281205,0.0,0.0,0.0,0.0,0.0,0.0,0.0,0.0,0.0,0.0,0.0,0.0,0.0,0.0,0.0,0.0,0.0,0.0,0.0,0.0,0.0,0.0,0.0,0.0,0.0,0.0,0.0,0.0,0.0,0.0,0.0,0.0,0.0,0.0,0.0,0.0,0.0020384937524795532,0.0,0.0,0.0,0.0,0.0,0.0,0.0,0.0,0.0,0.0,0.0,0.0,0.0,0.0,0.0,0.0,0.0,0.0,0.0,0.0,0.0,0.0,0.27549755573272705,0.0,0.0,0.0,0.0,0.0,0.0,0.0,0.0,0.0009239051141776145,0.0,0.0,0.0,0.0,0.0,0.0,0.0,0.0,0.0,0.0,0.0,0.0,0.0,0.0,0.0,0.0,0.0,0.0,0.09578496962785721,0.0,0.0,0.0,0.0,0.0,0.0,0.0,0.0,0.0,0.0,0.0,0.0,0.0,0.0,0.0,0.0,0.0,0.0,0.0,0.0,0.0,0.0,0.0,0.0,0.0,0.0,0.0034059735480695963,0.0,0.0,0.0,0.0,0.0,0.0,0.0,0.0,0.0,0.0,0.0,0.0,0.0,0.0,0.0,0.0,0.0,0.0,0.0,0.0,0.0,0.0003127045347355306,0.0,0.0018471716903150082,0.0,0.0,0.0,0.0,0.0,0.0,0.0,0.0,0.0,0.0,0.0,0.0,0.0,0.0,0.0,0.0,0.0,0.0,0.0,0.0,0.0,0.0,0.0,0.0,0.0,0.0,0.0,0.00199695467017591,,,,,,,,,,,,,,,,,,,,,,,,,,,,,,,,,,,,,,,,,,,,,,,,,,,,,,,,,,,,,,,,,,,,,,,,,,,,,,,,,,,,,,,,,,,,,,,,,,,,,,,,,,,,,,,,,,,,,,,,,,,,,,,,,,,,,,,,,,,,,,,,,,,,,,,,,,,,,,,,,,,,,,,,,,,,,,,,,,,,,,,,,,,,,,,,,,,,,,,,,,,,,,,,,,,,,,,,,,,,,,,,,,,,,,,,,,,,,,,,,,,,,,,,,,,,,,,,,,,,,,,,,,,,
2020-01-16,618303.9519539418,5580.878430327981,,,,,,,,,,,89094.81397696573,22096.62528118613,1039061.7711000025,,92977.79676008776,,,,,,48884.950082862386,13343.631308954204,17473.269797718804,6594.990569782656,33427.9802185794,36777.3566691476,,,,,,,,,,,,,,,,,,,,,,,,,,,,,,,,,,,,,,,,,,,,,,,,,,,,,,,,,,,,,,,,,,,,,,,,,,,,,,,,,,,,,,,,,,,,,,,,0.0,0.0,0.0,0.0,0.0,0.0017591469222679734,0.0,0.0,0.0,0.0,0.0,0.0,0.0,0.0,0.0,0.0,0.0,0.0,0.0,0.0,0.0,0.0,0.0,0.0,0.0013064012164250016,0.0,0.0,0.0036453166976571083,0.0,0.0,0.0,0.0035564147401601076,0.0,0.0,0.0,0.0,0.0,0.0,0.0,0.0,0.0,0.35433509945869446,0.0,0.0,0.0,0.0,0.0,0.0,0.000280939566437155,0.0,0.0,0.0,0.0,0.0,0.0,0.0,0.0,0.0,0.0,0.0,0.0,0.0,0.0,0.0,0.0,0.0,0.0,0.0,0.0,0.0,0.0,0.0,0.0,0.0,0.0,0.0,0.0,0.0,0.0,0.0,0.0,0.0002895304933190346,0.0,0.0,0.0,0.0,0.0,0.0,0.0,0.0004514709289651364,0.0,0.0,0.0,0.0,0.0,0.0,0.0,0.0,0.0,0.0,0.0,0.0,0.0,0.0,0.0,0.23673413693904877,0.0,0.0,0.0,0.0,0.0,0.0,0.0,0.0,0.0,0.0,0.0,0.0,0.0,0.0,0.006112119648605585,0.0,0.0,0.0,0.0,0.0,0.0,0.0,0.0,0.0,0.0,0.0,0.0,0.0,0.0009501978638581932,0.0,0.0,0.0,0.0,0.0,0.0,0.0,0.0,0.0,0.0,0.0,0.0,0.0,0.0,0.0,0.0,0.0,0.0,0.0,0.0,0.0,0.0,0.0,0.0,0.0,0.0,0.0,0.0,0.0,0.0,0.0,0.0,0.0,0.0,0.0,0.0,0.0004413347051013261,0.0014393494930118322,0.0,0.0,0.0,0.0,0.0,0.0,0.0,0.0,0.0,0.0,0.0,0.0,0.0,0.0,0.0,0.0,0.0,0.0,0.0,0.0,0.0,0.0010530672734603286,0.0,0.0,0.0,0.0,0.0,0.0,0.0,0.0,0.0,0.0,0.0,0.0,0.0,0.0,0.0,0.0004487152036745101,0.0,0.0,0.0,0.0,0.0,0.0,0.0,0.0,0.0,0.0,0.0,0.0,0.0,0.0,0.0,0.0,0.0,0.0,0.0,0.0,0.0,0.0,0.0,0.002649371512234211,0.0,0.0,0.0,0.0,0.0,0.0,0.0,1.6639629393466748e-05,0.0,0.0,0.0,0.0,0.0,0.0,0.0,0.0,0.0,0.0,0.0,0.0,0.0,0.0,0.0,0.0,0.0,0.0,0.0,0.0,0.0,0.0,0.0,0.0,0.0,0.0,0.0,0.0,0.0,0.0,0.0,0.0,0.0,0.0,0.0,0.0,0.0,0.0,0.0,0.0,0.0,0.0,0.0,0.0,0.0,0.0,0.0,0.0,0.0,0.0,0.0,0.0,0.0,0.0,0.0,0.0,0.0,0.0,0.0,0.0,0.0,0.0,0.0,0.00022665342839900404,0.0,0.0,0.0,0.0,0.0,0.0,0.0,0.0,0.0,0.0,0.0,0.0,0.0,0.0,0.0,0.0,0.0,0.0,0.0,0.0,0.0,0.0,0.0005905237630940974,0.0,0.0,0.0019058078760281205,0.0,0.0,0.0,0.0,0.0,0.0,0.0,0.0,0.0,0.0,0.0,0.0,0.0,0.0,0.0,0.0,0.0,0.0,0.0,0.0,0.0,0.0,0.0,0.0,0.0,0.0,0.0,0.0,0.0,0.0,0.0,0.0,0.0,0.0,0.0,0.0,0.0020384937524795532,0.0,0.0,0.0,0.0,0.0,0.0,0.0,0.0,0.0,0.0,0.0,0.0,0.0,0.0,0.0,0.0,0.0,0.0,0.0,0.0,0.0,0.0,0.27549755573272705,0.0,0.0,0.0,0.0,0.0,0.0,0.0,0.0,0.0009239051141776145,0.0,0.0,0.0,0.0,0.0,0.0,0.0,0.0,0.0,0.0,0.0,0.0,0.0,0.0,0.0,0.0,0.0,0.0,0.09578496962785721,0.0,0.0,0.0,0.0,0.0,0.0,0.0,0.0,0.0,0.0,0.0,0.0,0.0,0.0,0.0,0.0,0.0,0.0,0.0,0.0,0.0,0.0,0.0,0.0,0.0,0.0,0.0034059735480695963,0.0,0.0,0.0,0.0,0.0,0.0,0.0,0.0,0.0,0.0,0.0,0.0,0.0,0.0,0.0,0.0,0.0,0.0,0.0,0.0,0.0,0.0003127045347355306,0.0,0.0018471716903150082,0.0,0.0,0.0,0.0,0.0,0.0,0.0,0.0,0.0,0.0,0.0,0.0,0.0,0.0,0.0,0.0,0.0,0.0,0.0,0.0,0.0,0.0,0.0,0.0,0.0,0.0,0.0,0.00199695467017591,,,,,,,,,,,,,,,,,,,,,,,,,,,,,,,,,,,,,,,,,,,,,,,,,,,,,,,,,,,,,,,,,,,,,,,,,,,,,,,,,,,,,,,,,,,,,,,,,,,,,,,,,,,,,,,,,,,,,,,,,,,,,,,,,,,,,,,,,,,,,,,,,,,,,,,,,,,,,,,,,,,,,,,,,,,,,,,,,,,,,,,,,,,,,,,,,,,,,,,,,,,,,,,,,,,,,,,,,,,,,,,,,,,,,,,,,,,,,,,,,,,,,,,,,,,,,,,,,,,,,,,,,,,,
2020-01-17,612671.3721992569,4686.553803277272,,,,,,,,,,,87903.72431404472,23113.87652790858,1039061.7711000025,,95394.07332412685,,,,,,50532.75738902629,13343.631308954204,17473.269797718804,6594.911582368263,33427.9802185794,34236.01083130799,,,,,,,,,,,,,,,,,,,,,,,,,,,,,,,,,,,,,,,,,,,,,,,,,,,,,,,,,,,,,,,,,,,,,,,,,,,,,,,,,,,,,,,,,,,,,,,,0.0,0.0,0.0,0.0,0.0,0.0017591469222679734,0.0,0.0,0.0,0.0,0.0,0.0,0.0,0.0,0.0,0.0,0.0,0.0,0.0,0.0,0.0,0.0,0.0,0.0,0.0013064012164250016,0.0,0.0,0.0036453166976571083,0.0,0.0,0.0,0.0035564147401601076,0.0,0.0,0.0,0.0,0.0,0.0,0.0,0.0,0.0,0.35433509945869446,0.0,0.0,0.0,0.0,0.0,0.0,0.000280939566437155,0.0,0.0,0.0,0.0,0.0,0.0,0.0,0.0,0.0,0.0,0.0,0.0,0.0,0.0,0.0,0.0,0.0,0.0,0.0,0.0,0.0,0.0,0.0,0.0,0.0,0.0,0.0,0.0,0.0,0.0,0.0,0.0,0.0002895304933190346,0.0,0.0,0.0,0.0,0.0,0.0,0.0,0.0004514709289651364,0.0,0.0,0.0,0.0,0.0,0.0,0.0,0.0,0.0,0.0,0.0,0.0,0.0,0.0,0.0,0.23673413693904877,0.0,0.0,0.0,0.0,0.0,0.0,0.0,0.0,0.0,0.0,0.0,0.0,0.0,0.0,0.006112119648605585,0.0,0.0,0.0,0.0,0.0,0.0,0.0,0.0,0.0,0.0,0.0,0.0,0.0,0.0009501978638581932,0.0,0.0,0.0,0.0,0.0,0.0,0.0,0.0,0.0,0.0,0.0,0.0,0.0,0.0,0.0,0.0,0.0,0.0,0.0,0.0,0.0,0.0,0.0,0.0,0.0,0.0,0.0,0.0,0.0,0.0,0.0,0.0,0.0,0.0,0.0,0.0,0.0004413347051013261,0.0014393494930118322,0.0,0.0,0.0,0.0,0.0,0.0,0.0,0.0,0.0,0.0,0.0,0.0,0.0,0.0,0.0,0.0,0.0,0.0,0.0,0.0,0.0,0.0010530672734603286,0.0,0.0,0.0,0.0,0.0,0.0,0.0,0.0,0.0,0.0,0.0,0.0,0.0,0.0,0.0,0.0004487152036745101,0.0,0.0,0.0,0.0,0.0,0.0,0.0,0.0,0.0,0.0,0.0,0.0,0.0,0.0,0.0,0.0,0.0,0.0,0.0,0.0,0.0,0.0,0.0,0.002649371512234211,0.0,0.0,0.0,0.0,0.0,0.0,0.0,1.6639629393466748e-05,0.0,0.0,0.0,0.0,0.0,0.0,0.0,0.0,0.0,0.0,0.0,0.0,0.0,0.0,0.0,0.0,0.0,0.0,0.0,0.0,0.0,0.0,0.0,0.0,0.0,0.0,0.0,0.0,0.0,0.0,0.0,0.0,0.0,0.0,0.0,0.0,0.0,0.0,0.0,0.0,0.0,0.0,0.0,0.0,0.0,0.0,0.0,0.0,0.0,0.0,0.0,0.0,0.0,0.0,0.0,0.0,0.0,0.0,0.0,0.0,0.0,0.0,0.0,0.00022665342839900404,0.0,0.0,0.0,0.0,0.0,0.0,0.0,0.0,0.0,0.0,0.0,0.0,0.0,0.0,0.0,0.0,0.0,0.0,0.0,0.0,0.0,0.0,0.0005905237630940974,0.0,0.0,0.0019058078760281205,0.0,0.0,0.0,0.0,0.0,0.0,0.0,0.0,0.0,0.0,0.0,0.0,0.0,0.0,0.0,0.0,0.0,0.0,0.0,0.0,0.0,0.0,0.0,0.0,0.0,0.0,0.0,0.0,0.0,0.0,0.0,0.0,0.0,0.0,0.0,0.0,0.0020384937524795532,0.0,0.0,0.0,0.0,0.0,0.0,0.0,0.0,0.0,0.0,0.0,0.0,0.0,0.0,0.0,0.0,0.0,0.0,0.0,0.0,0.0,0.0,0.27549755573272705,0.0,0.0,0.0,0.0,0.0,0.0,0.0,0.0,0.0009239051141776145,0.0,0.0,0.0,0.0,0.0,0.0,0.0,0.0,0.0,0.0,0.0,0.0,0.0,0.0,0.0,0.0,0.0,0.0,0.09578496962785721,0.0,0.0,0.0,0.0,0.0,0.0,0.0,0.0,0.0,0.0,0.0,0.0,0.0,0.0,0.0,0.0,0.0,0.0,0.0,0.0,0.0,0.0,0.0,0.0,0.0,0.0,0.0034059735480695963,0.0,0.0,0.0,0.0,0.0,0.0,0.0,0.0,0.0,0.0,0.0,0.0,0.0,0.0,0.0,0.0,0.0,0.0,0.0,0.0,0.0,0.0003127045347355306,0.0,0.0018471716903150082,0.0,0.0,0.0,0.0,0.0,0.0,0.0,0.0,0.0,0.0,0.0,0.0,0.0,0.0,0.0,0.0,0.0,0.0,0.0,0.0,0.0,0.0,0.0,0.0,0.0,0.0,0.0,0.00199695467017591,,,,,,,,,,,,,,,,,,,,,,,,,,,,,,,,,,,,,,,,,,,,,,,,,,,,,,,,,,,,,,,,,,,,,,,,,,,,,,,,,,,,,,,,,,,,,,,,,,,,,,,,,,,,,,,,,,,,,,,,,,,,,,,,,,,,,,,,,,,,,,,,,,,,,,,,,,,,,,,,,,,,,,,,,,,,,,,,,,,,,,,,,,,,,,,,,,,,,,,,,,,,,,,,,,,,,,,,,,,,,,,,,,,,,,,,,,,,,,,,,,,,,,,,,,,,,,,,,,,,,,,,,,,,
2020-01-20,619052.8491715175,3255.9445313056744,,,,,,,,,,,82682.50849242897,23767.993418273647,1039061.7711000025,,99617.49061145763,,,,,,49703.77671146867,13341.484340195562,17591.224057987303,6594.924544275727,33427.9802185794,35157.6218702865,,,,,,,,,,,,,,,,,,,,,,,,,,,,,,,,,,,,,,,,,,,,,,,,,,,,,,,,,,,,,,,,,,,,,,,,,,,,,,,,,,,,,,,,,,,,,,,,0.0,0.0,0.0,0.0,0.0,0.0017591469222679734,0.0,0.0,0.0,0.0,0.0,0.0,0.0,0.0,0.0,0.0,0.0,0.0,0.0,0.0,0.0,0.0,0.0,0.0,0.0013064012164250016,0.0,0.0,0.0036453166976571083,0.0,0.0,0.0,0.0035564147401601076,0.0,0.0,0.0,0.0,0.0,0.0,0.0,0.0,0.0,0.35433509945869446,0.0,0.0,0.0,0.0,0.0,0.0,0.000280939566437155,0.0,0.0,0.0,0.0,0.0,0.0,0.0,0.0,0.0,0.0,0.0,0.0,0.0,0.0,0.0,0.0,0.0,0.0,0.0,0.0,0.0,0.0,0.0,0.0,0.0,0.0,0.0,0.0,0.0,0.0,0.0,0.0,0.0002895304933190346,0.0,0.0,0.0,0.0,0.0,0.0,0.0,0.0004514709289651364,0.0,0.0,0.0,0.0,0.0,0.0,0.0,0.0,0.0,0.0,0.0,0.0,0.0,0.0,0.0,0.23673413693904877,0.0,0.0,0.0,0.0,0.0,0.0,0.0,0.0,0.0,0.0,0.0,0.0,0.0,0.0,0.006112119648605585,0.0,0.0,0.0,0.0,0.0,0.0,0.0,0.0,0.0,0.0,0.0,0.0,0.0,0.0009501978638581932,0.0,0.0,0.0,0.0,0.0,0.0,0.0,0.0,0.0,0.0,0.0,0.0,0.0,0.0,0.0,0.0,0.0,0.0,0.0,0.0,0.0,0.0,0.0,0.0,0.0,0.0,0.0,0.0,0.0,0.0,0.0,0.0,0.0,0.0,0.0,0.0,0.0004413347051013261,0.0014393494930118322,0.0,0.0,0.0,0.0,0.0,0.0,0.0,0.0,0.0,0.0,0.0,0.0,0.0,0.0,0.0,0.0,0.0,0.0,0.0,0.0,0.0,0.0010530672734603286,0.0,0.0,0.0,0.0,0.0,0.0,0.0,0.0,0.0,0.0,0.0,0.0,0.0,0.0,0.0,0.0004487152036745101,0.0,0.0,0.0,0.0,0.0,0.0,0.0,0.0,0.0,0.0,0.0,0.0,0.0,0.0,0.0,0.0,0.0,0.0,0.0,0.0,0.0,0.0,0.0,0.002649371512234211,0.0,0.0,0.0,0.0,0.0,0.0,0.0,1.6639629393466748e-05,0.0,0.0,0.0,0.0,0.0,0.0,0.0,0.0,0.0,0.0,0.0,0.0,0.0,0.0,0.0,0.0,0.0,0.0,0.0,0.0,0.0,0.0,0.0,0.0,0.0,0.0,0.0,0.0,0.0,0.0,0.0,0.0,0.0,0.0,0.0,0.0,0.0,0.0,0.0,0.0,0.0,0.0,0.0,0.0,0.0,0.0,0.0,0.0,0.0,0.0,0.0,0.0,0.0,0.0,0.0,0.0,0.0,0.0,0.0,0.0,0.0,0.0,0.0,0.00022665342839900404,0.0,0.0,0.0,0.0,0.0,0.0,0.0,0.0,0.0,0.0,0.0,0.0,0.0,0.0,0.0,0.0,0.0,0.0,0.0,0.0,0.0,0.0,0.0005905237630940974,0.0,0.0,0.0019058078760281205,0.0,0.0,0.0,0.0,0.0,0.0,0.0,0.0,0.0,0.0,0.0,0.0,0.0,0.0,0.0,0.0,0.0,0.0,0.0,0.0,0.0,0.0,0.0,0.0,0.0,0.0,0.0,0.0,0.0,0.0,0.0,0.0,0.0,0.0,0.0,0.0,0.0020384937524795532,0.0,0.0,0.0,0.0,0.0,0.0,0.0,0.0,0.0,0.0,0.0,0.0,0.0,0.0,0.0,0.0,0.0,0.0,0.0,0.0,0.0,0.0,0.27549755573272705,0.0,0.0,0.0,0.0,0.0,0.0,0.0,0.0,0.0009239051141776145,0.0,0.0,0.0,0.0,0.0,0.0,0.0,0.0,0.0,0.0,0.0,0.0,0.0,0.0,0.0,0.0,0.0,0.0,0.09578496962785721,0.0,0.0,0.0,0.0,0.0,0.0,0.0,0.0,0.0,0.0,0.0,0.0,0.0,0.0,0.0,0.0,0.0,0.0,0.0,0.0,0.0,0.0,0.0,0.0,0.0,0.0,0.0034059735480695963,0.0,0.0,0.0,0.0,0.0,0.0,0.0,0.0,0.0,0.0,0.0,0.0,0.0,0.0,0.0,0.0,0.0,0.0,0.0,0.0,0.0,0.0003127045347355306,0.0,0.0018471716903150082,0.0,0.0,0.0,0.0,0.0,0.0,0.0,0.0,0.0,0.0,0.0,0.0,0.0,0.0,0.0,0.0,0.0,0.0,0.0,0.0,0.0,0.0,0.0,0.0,0.0,0.0,0.0,0.00199695467017591,,,,,,,,,,,,,,,,,,,,,,,,,,,,,,,,,,,,,,,,,,,,,,,,,,,,,,,,,,,,,,,,,,,,,,,,,,,,,,,,,,,,,,,,,,,,,,,,,,,,,,,,,,,,,,,,,,,,,,,,,,,,,,,,,,,,,,,,,,,,,,,,,,,,,,,,,,,,,,,,,,,,,,,,,,,,,,,,,,,,,,,,,,,,,,,,,,,,,,,,,,,,,,,,,,,,,,,,,,,,,,,,,,,,,,,,,,,,,,,,,,,,,,,,,,,,,,,,,,,,,,,,,,,,
2020-01-21,612994.4548580026,1127.3925003632044,,,,,,,,,,,80545.7046656637,25585.548379404605,1039061.7711000025,,96444.68994739762,,,,,,51763.89229682768,13342.847190299937,17533.87104543791,6595.080901298757,33427.55701095748,34697.43490049201,,,,,,,,,,,,,,,,,,,,,,,,,,,,,,,,,,,,,,,,,,,,,,,,,,,,,,,,,,,,,,,,,,,,,,,,,,,,,,,,,,,,,,,,,,,,,,,,0.0,0.0,0.0,0.0,0.0,0.0017591469222679734,0.0,0.0,0.0,0.0,0.0,0.0,0.0,0.0,0.0,0.0,0.0,0.0,0.0,0.0,0.0,0.0,0.0,0.0,0.0013064012164250016,0.0,0.0,0.0036453166976571083,0.0,0.0,0.0,0.0035564147401601076,0.0,0.0,0.0,0.0,0.0,0.0,0.0,0.0,0.0,0.35433509945869446,0.0,0.0,0.0,0.0,0.0,0.0,0.000280939566437155,0.0,0.0,0.0,0.0,0.0,0.0,0.0,0.0,0.0,0.0,0.0,0.0,0.0,0.0,0.0,0.0,0.0,0.0,0.0,0.0,0.0,0.0,0.0,0.0,0.0,0.0,0.0,0.0,0.0,0.0,0.0,0.0,0.0002895304933190346,0.0,0.0,0.0,0.0,0.0,0.0,0.0,0.0004514709289651364,0.0,0.0,0.0,0.0,0.0,0.0,0.0,0.0,0.0,0.0,0.0,0.0,0.0,0.0,0.0,0.23673413693904877,0.0,0.0,0.0,0.0,0.0,0.0,0.0,0.0,0.0,0.0,0.0,0.0,0.0,0.0,0.006112119648605585,0.0,0.0,0.0,0.0,0.0,0.0,0.0,0.0,0.0,0.0,0.0,0.0,0.0,0.0009501978638581932,0.0,0.0,0.0,0.0,0.0,0.0,0.0,0.0,0.0,0.0,0.0,0.0,0.0,0.0,0.0,0.0,0.0,0.0,0.0,0.0,0.0,0.0,0.0,0.0,0.0,0.0,0.0,0.0,0.0,0.0,0.0,0.0,0.0,0.0,0.0,0.0,0.0004413347051013261,0.0014393494930118322,0.0,0.0,0.0,0.0,0.0,0.0,0.0,0.0,0.0,0.0,0.0,0.0,0.0,0.0,0.0,0.0,0.0,0.0,0.0,0.0,0.0,0.0010530672734603286,0.0,0.0,0.0,0.0,0.0,0.0,0.0,0.0,0.0,0.0,0.0,0.0,0.0,0.0,0.0,0.0004487152036745101,0.0,0.0,0.0,0.0,0.0,0.0,0.0,0.0,0.0,0.0,0.0,0.0,0.0,0.0,0.0,0.0,0.0,0.0,0.0,0.0,0.0,0.0,0.0,0.002649371512234211,0.0,0.0,0.0,0.0,0.0,0.0,0.0,1.6639629393466748e-05,0.0,0.0,0.0,0.0,0.0,0.0,0.0,0.0,0.0,0.0,0.0,0.0,0.0,0.0,0.0,0.0,0.0,0.0,0.0,0.0,0.0,0.0,0.0,0.0,0.0,0.0,0.0,0.0,0.0,0.0,0.0,0.0,0.0,0.0,0.0,0.0,0.0,0.0,0.0,0.0,0.0,0.0,0.0,0.0,0.0,0.0,0.0,0.0,0.0,0.0,0.0,0.0,0.0,0.0,0.0,0.0,0.0,0.0,0.0,0.0,0.0,0.0,0.0,0.00022665342839900404,0.0,0.0,0.0,0.0,0.0,0.0,0.0,0.0,0.0,0.0,0.0,0.0,0.0,0.0,0.0,0.0,0.0,0.0,0.0,0.0,0.0,0.0,0.0005905237630940974,0.0,0.0,0.0019058078760281205,0.0,0.0,0.0,0.0,0.0,0.0,0.0,0.0,0.0,0.0,0.0,0.0,0.0,0.0,0.0,0.0,0.0,0.0,0.0,0.0,0.0,0.0,0.0,0.0,0.0,0.0,0.0,0.0,0.0,0.0,0.0,0.0,0.0,0.0,0.0,0.0,0.0020384937524795532,0.0,0.0,0.0,0.0,0.0,0.0,0.0,0.0,0.0,0.0,0.0,0.0,0.0,0.0,0.0,0.0,0.0,0.0,0.0,0.0,0.0,0.0,0.27549755573272705,0.0,0.0,0.0,0.0,0.0,0.0,0.0,0.0,0.0009239051141776145,0.0,0.0,0.0,0.0,0.0,0.0,0.0,0.0,0.0,0.0,0.0,0.0,0.0,0.0,0.0,0.0,0.0,0.0,0.09578496962785721,0.0,0.0,0.0,0.0,0.0,0.0,0.0,0.0,0.0,0.0,0.0,0.0,0.0,0.0,0.0,0.0,0.0,0.0,0.0,0.0,0.0,0.0,0.0,0.0,0.0,0.0,0.0034059735480695963,0.0,0.0,0.0,0.0,0.0,0.0,0.0,0.0,0.0,0.0,0.0,0.0,0.0,0.0,0.0,0.0,0.0,0.0,0.0,0.0,0.0,0.0003127045347355306,0.0,0.0018471716903150082,0.0,0.0,0.0,0.0,0.0,0.0,0.0,0.0,0.0,0.0,0.0,0.0,0.0,0.0,0.0,0.0,0.0,0.0,0.0,0.0,0.0,0.0,0.0,0.0,0.0,0.0,0.0,0.00199695467017591,,,,,,,,,,,,,,,,,,,,,,,,,,,,,,,,,,,,,,,,,,,,,,,,,,,,,,,,,,,,,,,,,,,,,,,,,,,,,,,,,,,,,,,,,,,,,,,,,,,,,,,,,,,,,,,,,,,,,,,,,,,,,,,,,,,,,,,,,,,,,,,,,,,,,,,,,,,,,,,,,,,,,,,,,,,,,,,,,,,,,,,,,,,,,,,,,,,,,,,,,,,,,,,,,,,,,,,,,,,,,,,,,,,,,,,,,,,,,,,,,,,,,,,,,,,,,,,,,,,,,,,,,,,,
2020-01-22,607991.1589436575,1854.5516864992846,,,,,,,,,,,81304.46668422183,26021.655818618434,1039061.7711000025,,95756.09659770025,,,,,,51763.89229682768,13342.847190299937,17124.965416368927,6594.956544202944,33431.49117365588,34467.335228816824,,,,,,,,,,,,,,,,,,,,,,,,,,,,,,,,,,,,,,,,,,,,,,,,,,,,,,,,,,,,,,,,,,,,,,,,,,,,,,,,,,,,,,,,,,,,,,,,0.0,0.0,0.0,0.0,0.0,0.0017591469222679734,0.0,0.0,0.0,0.0,0.0,0.0,0.0,0.0,0.0,0.0,0.0,0.0,0.0,0.0,0.0,0.0,0.0,0.0,0.0013064012164250016,0.0,0.0,0.0036453166976571083,0.0,0.0,0.0,0.0035564147401601076,0.0,0.0,0.0,0.0,0.0,0.0,0.0,0.0,0.0,0.35433509945869446,0.0,0.0,0.0,0.0,0.0,0.0,0.000280939566437155,0.0,0.0,0.0,0.0,0.0,0.0,0.0,0.0,0.0,0.0,0.0,0.0,0.0,0.0,0.0,0.0,0.0,0.0,0.0,0.0,0.0,0.0,0.0,0.0,0.0,0.0,0.0,0.0,0.0,0.0,0.0,0.0,0.0002895304933190346,0.0,0.0,0.0,0.0,0.0,0.0,0.0,0.0004514709289651364,0.0,0.0,0.0,0.0,0.0,0.0,0.0,0.0,0.0,0.0,0.0,0.0,0.0,0.0,0.0,0.23673413693904877,0.0,0.0,0.0,0.0,0.0,0.0,0.0,0.0,0.0,0.0,0.0,0.0,0.0,0.0,0.006112119648605585,0.0,0.0,0.0,0.0,0.0,0.0,0.0,0.0,0.0,0.0,0.0,0.0,0.0,0.0009501978638581932,0.0,0.0,0.0,0.0,0.0,0.0,0.0,0.0,0.0,0.0,0.0,0.0,0.0,0.0,0.0,0.0,0.0,0.0,0.0,0.0,0.0,0.0,0.0,0.0,0.0,0.0,0.0,0.0,0.0,0.0,0.0,0.0,0.0,0.0,0.0,0.0,0.0004413347051013261,0.0014393494930118322,0.0,0.0,0.0,0.0,0.0,0.0,0.0,0.0,0.0,0.0,0.0,0.0,0.0,0.0,0.0,0.0,0.0,0.0,0.0,0.0,0.0,0.0010530672734603286,0.0,0.0,0.0,0.0,0.0,0.0,0.0,0.0,0.0,0.0,0.0,0.0,0.0,0.0,0.0,0.0004487152036745101,0.0,0.0,0.0,0.0,0.0,0.0,0.0,0.0,0.0,0.0,0.0,0.0,0.0,0.0,0.0,0.0,0.0,0.0,0.0,0.0,0.0,0.0,0.0,0.002649371512234211,0.0,0.0,0.0,0.0,0.0,0.0,0.0,1.6639629393466748e-05,0.0,0.0,0.0,0.0,0.0,0.0,0.0,0.0,0.0,0.0,0.0,0.0,0.0,0.0,0.0,0.0,0.0,0.0,0.0,0.0,0.0,0.0,0.0,0.0,0.0,0.0,0.0,0.0,0.0,0.0,0.0,0.0,0.0,0.0,0.0,0.0,0.0,0.0,0.0,0.0,0.0,0.0,0.0,0.0,0.0,0.0,0.0,0.0,0.0,0.0,0.0,0.0,0.0,0.0,0.0,0.0,0.0,0.0,0.0,0.0,0.0,0.0,0.0,0.00022665342839900404,0.0,0.0,0.0,0.0,0.0,0.0,0.0,0.0,0.0,0.0,0.0,0.0,0.0,0.0,0.0,0.0,0.0,0.0,0.0,0.0,0.0,0.0,0.0005905237630940974,0.0,0.0,0.0019058078760281205,0.0,0.0,0.0,0.0,0.0,0.0,0.0,0.0,0.0,0.0,0.0,0.0,0.0,0.0,0.0,0.0,0.0,0.0,0.0,0.0,0.0,0.0,0.0,0.0,0.0,0.0,0.0,0.0,0.0,0.0,0.0,0.0,0.0,0.0,0.0,0.0,0.0020384937524795532,0.0,0.0,0.0,0.0,0.0,0.0,0.0,0.0,0.0,0.0,0.0,0.0,0.0,0.0,0.0,0.0,0.0,0.0,0.0,0.0,0.0,0.0,0.27549755573272705,0.0,0.0,0.0,0.0,0.0,0.0,0.0,0.0,0.0009239051141776145,0.0,0.0,0.0,0.0,0.0,0.0,0.0,0.0,0.0,0.0,0.0,0.0,0.0,0.0,0.0,0.0,0.0,0.0,0.09578496962785721,0.0,0.0,0.0,0.0,0.0,0.0,0.0,0.0,0.0,0.0,0.0,0.0,0.0,0.0,0.0,0.0,0.0,0.0,0.0,0.0,0.0,0.0,0.0,0.0,0.0,0.0,0.0034059735480695963,0.0,0.0,0.0,0.0,0.0,0.0,0.0,0.0,0.0,0.0,0.0,0.0,0.0,0.0,0.0,0.0,0.0,0.0,0.0,0.0,0.0,0.0003127045347355306,0.0,0.0018471716903150082,0.0,0.0,0.0,0.0,0.0,0.0,0.0,0.0,0.0,0.0,0.0,0.0,0.0,0.0,0.0,0.0,0.0,0.0,0.0,0.0,0.0,0.0,0.0,0.0,0.0,0.0,0.0,0.00199695467017591,,,,,,,,,,,,,,,,,,,,,,,,,,,,,,,,,,,,,,,,,,,,,,,,,,,,,,,,,,,,,,,,,,,,,,,,,,,,,,,,,,,,,,,,,,,,,,,,,,,,,,,,,,,,,,,,,,,,,,,,,,,,,,,,,,,,,,,,,,,,,,,,,,,,,,,,,,,,,,,,,,,,,,,,,,,,,,,,,,,,,,,,,,,,,,,,,,,,,,,,,,,,,,,,,,,,,,,,,,,,,,,,,,,,,,,,,,,,,,,,,,,,,,,,,,,,,,,,,,,,,,,,,,,,
2020-01-23,593337.3343027264,1976.6313282083088,,,,,,,,,,,76494.84123570709,25222.156632887763,1039061.7711000025,,104854.93493707036,,,,,,53824.00788218669,13341.537387111131,16953.04227170314,6594.980443085331,33431.49117365588,33773.199053485354,,,,,,,,,,,,,,,,,,,,,,,,,,,,,,,,,,,,,,,,,,,,,,,,,,,,,,,,,,,,,,,,,,,,,,,,,,,,,,,,,,,,,,,,,,,,,,,,0.0,0.0,0.0,0.0,0.0,0.0017591469222679734,0.0,0.0,0.0,0.0,0.0,0.0,0.0,0.0,0.0,0.0,0.0,0.0,0.0,0.0,0.0,0.0,0.0,0.0,0.0013064012164250016,0.0,0.0,0.0036453166976571083,0.0,0.0,0.0,0.0035564147401601076,0.0,0.0,0.0,0.0,0.0,0.0,0.0,0.0,0.0,0.35433509945869446,0.0,0.0,0.0,0.0,0.0,0.0,0.000280939566437155,0.0,0.0,0.0,0.0,0.0,0.0,0.0,0.0,0.0,0.0,0.0,0.0,0.0,0.0,0.0,0.0,0.0,0.0,0.0,0.0,0.0,0.0,0.0,0.0,0.0,0.0,0.0,0.0,0.0,0.0,0.0,0.0,0.0002895304933190346,0.0,0.0,0.0,0.0,0.0,0.0,0.0,0.0004514709289651364,0.0,0.0,0.0,0.0,0.0,0.0,0.0,0.0,0.0,0.0,0.0,0.0,0.0,0.0,0.0,0.23673413693904877,0.0,0.0,0.0,0.0,0.0,0.0,0.0,0.0,0.0,0.0,0.0,0.0,0.0,0.0,0.006112119648605585,0.0,0.0,0.0,0.0,0.0,0.0,0.0,0.0,0.0,0.0,0.0,0.0,0.0,0.0009501978638581932,0.0,0.0,0.0,0.0,0.0,0.0,0.0,0.0,0.0,0.0,0.0,0.0,0.0,0.0,0.0,0.0,0.0,0.0,0.0,0.0,0.0,0.0,0.0,0.0,0.0,0.0,0.0,0.0,0.0,0.0,0.0,0.0,0.0,0.0,0.0,0.0,0.0004413347051013261,0.0014393494930118322,0.0,0.0,0.0,0.0,0.0,0.0,0.0,0.0,0.0,0.0,0.0,0.0,0.0,0.0,0.0,0.0,0.0,0.0,0.0,0.0,0.0,0.0010530672734603286,0.0,0.0,0.0,0.0,0.0,0.0,0.0,0.0,0.0,0.0,0.0,0.0,0.0,0.0,0.0,0.0004487152036745101,0.0,0.0,0.0,0.0,0.0,0.0,0.0,0.0,0.0,0.0,0.0,0.0,0.0,0.0,0.0,0.0,0.0,0.0,0.0,0.0,0.0,0.0,0.0,0.002649371512234211,0.0,0.0,0.0,0.0,0.0,0.0,0.0,1.6639629393466748e-05,0.0,0.0,0.0,0.0,0.0,0.0,0.0,0.0,0.0,0.0,0.0,0.0,0.0,0.0,0.0,0.0,0.0,0.0,0.0,0.0,0.0,0.0,0.0,0.0,0.0,0.0,0.0,0.0,0.0,0.0,0.0,0.0,0.0,0.0,0.0,0.0,0.0,0.0,0.0,0.0,0.0,0.0,0.0,0.0,0.0,0.0,0.0,0.0,0.0,0.0,0.0,0.0,0.0,0.0,0.0,0.0,0.0,0.0,0.0,0.0,0.0,0.0,0.0,0.00022665342839900404,0.0,0.0,0.0,0.0,0.0,0.0,0.0,0.0,0.0,0.0,0.0,0.0,0.0,0.0,0.0,0.0,0.0,0.0,0.0,0.0,0.0,0.0,0.0005905237630940974,0.0,0.0,0.0019058078760281205,0.0,0.0,0.0,0.0,0.0,0.0,0.0,0.0,0.0,0.0,0.0,0.0,0.0,0.0,0.0,0.0,0.0,0.0,0.0,0.0,0.0,0.0,0.0,0.0,0.0,0.0,0.0,0.0,0.0,0.0,0.0,0.0,0.0,0.0,0.0,0.0,0.0020384937524795532,0.0,0.0,0.0,0.0,0.0,0.0,0.0,0.0,0.0,0.0,0.0,0.0,0.0,0.0,0.0,0.0,0.0,0.0,0.0,0.0,0.0,0.0,0.27549755573272705,0.0,0.0,0.0,0.0,0.0,0.0,0.0,0.0,0.0009239051141776145,0.0,0.0,0.0,0.0,0.0,0.0,0.0,0.0,0.0,0.0,0.0,0.0,0.0,0.0,0.0,0.0,0.0,0.0,0.09578496962785721,0.0,0.0,0.0,0.0,0.0,0.0,0.0,0.0,0.0,0.0,0.0,0.0,0.0,0.0,0.0,0.0,0.0,0.0,0.0,0.0,0.0,0.0,0.0,0.0,0.0,0.0,0.0034059735480695963,0.0,0.0,0.0,0.0,0.0,0.0,0.0,0.0,0.0,0.0,0.0,0.0,0.0,0.0,0.0,0.0,0.0,0.0,0.0,0.0,0.0,0.0003127045347355306,0.0,0.0018471716903150082,0.0,0.0,0.0,0.0,0.0,0.0,0.0,0.0,0.0,0.0,0.0,0.0,0.0,0.0,0.0,0.0,0.0,0.0,0.0,0.0,0.0,0.0,0.0,0.0,0.0,0.0,0.0,0.00199695467017591,,,,,,,,,,,,,,,,,,,,,,,,,,,,,,,,,,,,,,,,,,,,,,,,,,,,,,,,,,,,,,,,,,,,,,,,,,,,,,,,,,,,,,,,,,,,,,,,,,,,,,,,,,,,,,,,,,,,,,,,,,,,,,,,,,,,,,,,,,,,,,,,,,,,,,,,,,,,,,,,,,,,,,,,,,,,,,,,,,,,,,,,,,,,,,,,,,,,,,,,,,,,,,,,,,,,,,,,,,,,,,,,,,,,,,,,,,,,,,,,,,,,,,,,,,,,,,,,,,,,,,,,,,,,
2020-02-03,556382.4590162459,0.8076399907980658,,,,,,,,,,,76494.84123570709,,1039061.7711000025,,,,,,,,,13341.537387111131,16953.04227170314,6594.980443085331,33431.49117365588,33773.199053485354,24203.601978888975,54150.431169314616,56449.88875120824,8357.929176217547,817.2137608900763,,,,,,,,,,,,,,,,,,,,,,,,,,,,,,,,,,,,,,,,,,,,,,,,,,,,,,,,,,,,,,,,,,,,,,,,,,,,,,,,,,,,,,,,,,,0.0,0.0,0.0,0.0,0.0,0.0,0.016566568985581398,0.0,0.0,0.0,0.0,0.0,0.0,0.0,0.0,0.0,,0.0,0.0,0.0,,0.0,0.0,0.0,0.010230093263089657,0.0,,0.0,0.0,0.0,0.0,0.0,0.0,,0.0,,,,0.0,0.0,0.0,,0.0,0.0,0.0,0.0,0.0,,,0.0,,0.0,0.0,0.0,0.0,0.0,0.0,0.0,0.0,0.0,0.0,0.0,0.0,0.0,,0.0,0.0,0.015153433196246624,0.0,0.0,,0.0,0.0,,0.0,0.0,0.0,0.0,,0.0,0.0,0.0,0.0,0.0,,0.0,0.0,,0.0,0.0,0.0,0.0,0.0,0.0,0.0035521937534213066,0.0,0.0,0.0,0.0,0.0,,0.0,0.0,,,,,0.0,0.0,0.0,0.0,0.0,0.0,0.04958990216255188,0.0,0.0,,0.0,0.0,0.0,,0.0,0.0,0.0,0.0,0.0,0.0,,0.0,,0.0,0.0,0.0,0.0,0.0,0.0,0.0,,0.0,0.0,0.0,0.0,0.0,0.0,0.0,0.0,0.0,0.0,0.0,0.0,0.0,,0.0,0.0,0.0,0.0,,0.0,0.0,0.0,0.006933318916708231,0.0,0.0,0.0,0.0,0.0,0.0,0.0,0.0,0.004178963601589203,0.0,,,,0.04862954467535019,0.0,0.0,0.0,0.0,0.0,0.0,,0.05286644771695137,0.0,0.0,0.0,0.0,0.0,0.0,0.0,0.01076394971460104,,0.0,0.0,0.0,0.0,0.01872165873646736,0.0,,0.0,0.0,0.0,0.0,0.0,0.0,0.0,0.0,0.0,0.0,,0.05875247344374657,0.0,0.0,0.0,,0.0,0.02836628071963787,0.035846877843141556,0.0,0.0,0.0,,0.0,0.0,0.0,0.0,0.0,0.0,,0.0,,0.0,0.0,0.0,0.04937520995736122,0.012986619956791401,0.0,0.0,0.05033097416162491,0.0,0.0,0.0,,0.0,0.0,0.0,0.0,0.0,0.0,0.0,0.0,0.0,0.0,,0.0,0.0,0.0,0.0,0.0,0.0,0.0,0.0,0.0,0.0,0.0,,0.0,0.0,0.0,0.0,0.0,0.0,0.0,0.0,,0.0,0.0,,0.0,0.0,0.0,0.0,,,0.0,0.0,,0.0,0.0,,,0.0,0.0,0.0,0.0,0.0,0.0,0.0,,0.0,0.0,0.0,0.0,0.0,0.0,0.0,0.0,0.0,0.0,0.0,,0.0,0.0,,0.0,0.0,0.0,,0.0,0.0,0.0,0.0,,0.0,0.0,0.0,0.0,0.04810266196727753,0.0,0.0,0.0,0.0,0.0,0.0045168730430305,0.0,0.0,0.034544721245765686,0.0,0.0,,0.0,0.0,0.0,0.0,0.0,0.0,0.0,0.0,0.0,0.0,0.0,0.0,0.0,0.0,0.0,,0.02824731543660164,0.0,0.0,0.018002012744545937,0.0,0.0,0.0,0.0,0.0,0.0,0.0,0.0,0.0,0.0,0.0,,,0.0,0.0,0.03745090216398239,,,0.0495956726372242,0.0,0.0,,0.0,,0.0,,0.0,,,0.0,,0.0,,0.0,0.0,0.0,0.0,0.0,0.0,0.0,0.0,0.0,0.0,,0.0,0.0,,0.0,0.0,0.0,0.0,,0.04725136607885361,0.0,0.0,0.0,0.0,0.0,0.0,0.0,,0.0,,0.0,0.0,0.0,0.0,,0.0,,,,0.0,,0.0,0.0,,0.0,0.0,0.0,0.0,,,0.0,0.0,0.014547069557011127,0.0,0.0,,0.005410092882812023,,0.0,0.0,0.0,0.0,0.0,0.0,0.0,,0.037761371582746506,0.0,0.0,0.0,0.0,0.0,,0.0,0.0,0.0,0.0,0.0,0.0,,,0.0,0.0,0.0,0.0,0.0,0.0,,0.0,0.0,0.0,,0.0,,,0.0,0.0,0.0,0.0,0.0,,0.0,0.020443882793188095,,0.0,,0.0,0.0,0.0,0.0,0.0,0.0,0.0,0.0,0.0,0.0,0.0,0.013247683644294739,0.0,0.0,0.0,0.0,0.0,0.0,0.0,0.0,0.0,0.0,0.0,0.0,0.0,0.0,0.0,0.0,0.0,0.01453132089227438,0.0,0.0,0.0,0.0,0.0,0.0,0.0,0.0,0.0,0.0,0.0,0.0,0.0,0.0,0.0,0.0,0.0,0.0,0.0,0.0,0.0,0.0,0.0,0.0,0.0,0.0,0.0,0.0,0.0,0.03312885761260986,0.0,0.0,0.0,0.0,0.0,0.0,0.0,0.0,0.0,0.0,0.028267797082662582,0.0,0.0,0.0,0.03578022122383118,0.0,0.0,0.0,0.0,0.0,0.0,0.0,0.0,0.0,0.05632562190294266,0.0,0.0,0.0,0.0,0.0,0.0,0.0,0.0,0.0,0.0,,,,,,,,,,,,,,,,,,,,,,,,,,,,,,,,,,,,,,,,,,,,,,,,,,,,,,,,,,,,,,,,,,,,,,,,,,,,,,,,,,,,,,,,,,,,,,,,,,,,,,,,,,,,,,,,,,,,,,,,,,,,,,,,,,,,,,,,,,,,,,,,,,,,,,,,,,,,,,,,,,,,,,,,,,,,,,
2020-02-04,560177.3835911343,23.788332427786372,,,,,,,,,,,76494.84123570709,,1039061.7711000025,,,,,8792.392882600143,,,,,,,,33773.199053485354,24203.601978888975,,,,817.2137608900763,76315.85520903359,14243.428267010579,14487.271406999012,12529.322963655522,10733.722976969795,,,,,,,,,,,,,,,,,,,,,,,,,,,,,,,,,,,,,,,,,,,,,,,,,,,,,,,,,,,,,,,,,,,,,,,,,,,,,,,,,,,,,,0.0,0.0,0.0,0.0,0.0,0.0,0.0,0.0,0.01400788500905037,0.0,0.0,0.006755533162504435,0.0,0.0,0.0,0.0,,0.0,0.0,0.0059602162800729275,,0.0,0.0,0.0,0.0,0.012088259682059288,,0.0,0.0,0.0,0.0,0.0,0.0,,0.013908792287111282,,,,0.0,0.005655551329255104,0.005660973023623228,,0.0,0.0,0.0,0.0016973780002444983,0.0,,,0.0,,0.0,0.0,0.0,0.0,0.0,0.0,0.0026790201663970947,0.0,0.0,0.0,0.0014407046837732196,0.0,0.0,,0.0,0.0,0.0,0.0,0.0,,0.0,0.005397642496973276,,0.0,0.0,0.0,0.0,,0.006514901760965586,0.0,0.03677298501133919,0.0,0.0,,0.0,0.008262738585472107,,0.0,0.005343404598534107,0.0,0.0,0.0,0.0,0.0,0.0,0.0,0.0,0.0,0.005802440457046032,,0.0,0.0,,,,,0.0,0.0,0.0,0.0,0.0,0.0,0.0,0.0,0.0,,0.0,0.0,0.001619524322450161,,0.0,0.0006970272515900433,0.0,0.0,0.0,0.0,,0.0,,0.0,0.0,0.0,0.0,0.0,0.0,0.0,,0.0,0.0,0.0,0.0,0.0,0.003150783944875002,0.0,0.0,0.0,0.0,0.0,0.0,0.0,,0.0,0.0,0.0,0.0,,0.0,0.0,0.0,0.0,0.0,0.0023656822741031647,0.0,0.0,0.0,0.0,0.0,0.0,0.0,0.0,,,,0.003950681537389755,0.0,0.0,0.0,0.0,0.0,0.0,,0.0,0.0,0.0,0.0,0.0,0.0,0.0,0.0,0.0,,0.0,0.0,0.0,0.010494839400053024,0.0,0.0,,0.0,0.0,0.0,0.0,0.011800293810665607,0.0,0.0,0.0,0.0,0.0,,0.012905335985124111,0.0,0.0,0.0,,0.0,0.0,0.0,0.0,0.0006854412495158613,0.0,,0.0,0.0009571660775691271,0.0,0.0,0.0,0.0,,0.0,,0.0,0.0,0.0,0.0,0.0,0.0,0.0,0.0,0.0,0.0,0.030282961204648018,,0.0,0.0,0.0,0.0,0.03545810282230377,0.0,0.0,0.0,0.0,0.0,,0.0,0.0,0.0,0.009176494553685188,0.0,0.0,0.0,0.0,0.0,0.0018552365945652127,0.0,,0.0,0.0,0.0015082163736224174,0.0,0.0,0.0,0.0,0.0,,0.0,0.003136595943942666,,0.0009018598357215524,0.0,0.0,0.0,,,0.0,0.0,,0.0,0.03053285926580429,,,0.0,0.0,0.0,0.0,0.0003834605449810624,0.0014257329748943448,0.0,,0.0,0.0,0.0,0.0,0.0,0.012874082662165165,0.0,0.0,0.0,0.0,0.0,,0.0,0.0,,0.0,0.0027867136523127556,0.0,,0.0,0.0,0.0,0.0,,0.0036148971412330866,0.0,0.0,0.0,0.0016134498873725533,0.0,0.006073783617466688,0.017465269193053246,0.0,0.0,0.0,0.0,0.0,0.004658758174628019,0.0,0.0,,0.001567200873978436,0.008791406638920307,0.0,0.03208427503705025,0.007459334097802639,0.0,0.0,0.0,0.0,0.0,0.0,0.0,0.0,0.001263424870558083,0.019270867109298706,,0.012638569809496403,0.0,0.0,0.04796735942363739,0.0,0.0,0.0,0.003962913528084755,0.0,0.0,0.0,0.014285732060670853,0.0,7.188183371908963e-05,0.0,,,0.0,0.0,0.008479606360197067,,,0.027673866599798203,0.0,0.0,,0.0,,0.005528351292014122,,0.0,,,0.009899425320327282,,0.0,,0.0,0.0,0.006719983648508787,0.0,0.0,0.0,0.0,0.029469922184944153,0.0,0.0,,0.0,0.0,,0.0,0.01218173373490572,0.0,0.0,,0.0,0.0,0.012416129931807518,0.0,0.0005847893189638853,0.008936198428273201,0.004496152978390455,0.0,,0.0,,0.0,0.0,0.0,0.0,,0.0,,,,0.0,,0.0,0.0,,0.0,0.0,0.0,0.022489914670586586,,,0.0,0.0015349360182881355,0.0,0.0345919094979763,0.0,,0.0,,0.008162029087543488,0.0015154157299548388,0.0,0.002339689526706934,0.0,0.008237440139055252,0.0,,0.00500503508374095,0.0032292657997459173,0.0,0.0038584512658417225,0.0,0.0,,0.013967854902148247,0.02509658969938755,0.0,0.013289302587509155,0.0,0.008271316066384315,,,0.0,0.0,0.0,0.0,0.0,0.0,,0.0,0.0,0.0,,0.0,,,0.0,0.007422753144055605,0.0,0.00254578934982419,0.020829403772950172,,0.0,0.0,,0.0,,0.0,0.0,0.0,0.0,0.012296860106289387,0.004609333351254463,0.0,0.0,0.0,0.0059877922758460045,0.0,0.0,0.0,0.0,0.01756264455616474,0.0,0.0,0.00998642947524786,0.0,0.0,0.0,0.0,0.0,0.0,0.0,0.0,0.0,0.0004922160296700895,0.0004513967433013022,0.0,0.0,0.0,0.0,0.012846742756664753,0.0,0.0,0.0,0.0,0.0,0.016144491732120514,0.0,0.014379970729351044,0.0,0.0,0.0,0.0,0.0,0.0,0.009943991899490356,0.0,0.0,0.0,0.0,0.0,0.0,0.0002816672495100647,0.00997861847281456,0.011747351847589016,0.0,0.006749462801963091,0.0,0.0,0.0,0.0,0.0,0.028417233377695084,0.0,0.0001566706196172163,0.0,0.0,0.0,0.0,7.250764610944316e-05,0.0,0.0,0.0,0.0,0.0,0.004639218561351299,0.006250390782952309,0.0052277944050729275,0.0,0.0,0.0,0.0,0.0,0.0,0.0,0.0,0.013317298144102097,0.0,0.0,0.0,0.0,0.0,,,,,,,,,,,,,,,,,,,,,,,,,,,,,,,,,,,,,,,,,,,,,,,,,,,,,,,,,,,,,,,,,,,,,,,,,,,,,,,,,,,,,,,,,,,,,,,,,,,,,,,,,,,,,,,,,,,,,,,,,,,,,,,,,,,,,,,,,,,,,,,,,,,,,,,,,,,,,,,,,,,,,,,,,,,,,,
2020-02-05,575097.5553732987,183.55745082570138,,,,,,,,,,,76494.84123570709,,1039061.7711000025,,,,,,,,,,,,,,,,,,,,13919.713988214884,,,,12643.684660551231,7887.051312097392,1746.0451399844742,27636.293516998543,39625.60119893863,11668.477389070338,27517.25357679325,497.64793411804,,,,,,,,,,,,,,,,,,,,,,,,,,,,,,,,,,,,,,,,,,,,,,,,,,,,,,,,,,,,,,,,,,,,,,,,,,,,,,0.0,0.0,0.0,0.0,0.0,0.0,0.0,0.0,0.0,0.0,0.0,0.0,0.0,0.0,0.0,0.0,,0.0,0.0,0.0,,0.0,0.0,0.0,0.0,0.0,,0.0,0.0,0.0,0.0,0.0,0.0,,0.0,,,,0.0,0.0,0.0,,0.0,0.0,0.0,0.0,0.0,,,0.0,,0.0,0.0,0.0,0.0,0.0,0.0,0.0,0.0,0.0,0.0,0.0,0.0,0.0,,0.0,0.0,0.0,0.0,0.0,,0.0,0.0,,0.0,0.0,0.0,0.0,,0.0,0.0,0.0,0.0,0.0,,0.0,0.0,,0.0,0.0,0.0,0.0,0.0,0.0,0.0,0.0,0.0,0.0,0.0,0.0,,0.0,0.0,,,,,0.0,0.0,0.0,0.0,0.0,0.0,0.0,0.0,0.0,,0.0,0.0,0.0,,0.0,0.0,0.0,0.0,0.0,0.0,,0.0,,0.0,0.0,0.0,0.0,0.0,0.0,0.0,,0.0,0.0,0.0,0.0,0.0,0.0,0.0,0.0,0.0,0.0,0.0,0.0,0.0,,0.0,0.0,0.0,0.0,,0.0,0.0,0.0,0.0,0.0,0.0,0.0,0.0,0.0,0.0,0.0,0.0,0.0,0.0,,,,0.0,0.0,0.0,0.0,0.0,0.0,0.0,,0.0,0.16256678104400635,0.0,0.0,0.0,0.0,0.0,0.0,0.0,,0.0,0.0,0.0,0.0,0.0,0.0,,0.0,0.0,0.0,0.0,0.0,0.0,0.0,0.0,0.0,0.0,,0.0,0.0,0.0,0.0,,0.0,0.0,0.0,0.0,0.0,0.0,,0.0,0.0,0.0,0.0,0.0,0.0,,0.0,,0.0,0.0,0.0,0.0,0.0,0.0,0.0,0.0,0.0,0.0,0.06631564348936081,,0.0,0.0,0.0,0.0,0.2114010602235794,0.0,0.0,0.0,0.0,0.0,,0.0,0.0,0.0,0.0,0.0,0.0,0.0,0.0,0.07473663240671158,0.002394676674157381,0.0,,0.0,0.0,0.0,0.0,0.0,0.0,0.0,0.0,,0.0,0.0,,0.0,0.0,0.0,0.0,,,0.0,0.0,,0.0,0.0,,,0.0,0.0,0.0,0.0,0.0,0.0,0.0,,0.0,0.0,0.0,0.0,0.0,0.0,0.0,0.0,0.0,0.0,0.0,,0.0,0.0,,0.0,0.0,0.0,,0.0,0.0,0.0,0.0,,0.0,0.0,0.0,0.0,0.0,0.0,0.0,0.0,0.0,0.0,0.0,0.0,0.0,0.0,0.0,0.0,,0.0,0.11432407796382904,0.0,0.0,0.15972954034805298,0.0,0.0,0.0,0.0,0.0,0.0,0.0,0.0,0.0,0.0,,0.0,0.0,0.0,0.0,0.0,0.0,0.0,0.0,0.0,0.0,0.0,0.0,0.0,0.0,0.0,,,0.0,0.0,0.0,,,0.0,0.0,0.0,,0.0,,0.0,,0.0,,,0.0,,0.0,,0.0,0.0,0.0,0.0,0.0,0.0,0.0,0.0,0.0,0.0,,0.0,0.0,,0.0,0.0,0.0,0.0,,0.0,0.0,0.0,0.0,0.0,0.0,0.07511357963085175,0.0,,0.0,,0.0,0.0,0.0,0.0,,0.0,,,,0.0,,0.0,0.0,,0.0,0.0,0.0,0.0,,,0.0,0.0,0.0,0.0,0.0,,0.0,,0.0,0.0,0.0,0.008292756043374538,0.0,0.0,0.0,,0.0,0.0,0.0,0.0,0.0,0.0,,0.0,0.0,0.0,0.0,0.0,0.0,,,0.0,0.0,0.0,0.0,0.0,0.0,,0.0,0.0,0.0,,0.0,,,0.0,0.0,0.0,0.0,0.0,,0.0,0.0,,0.0,,0.0,0.0,0.0,0.0,0.0,0.0,0.0,0.0,0.0,0.0,0.0,0.0,0.0,0.0,0.0,0.0,0.0,0.0,0.0,0.0,0.0,0.0,0.0,0.0,0.0,0.0,0.0,0.0,0.0,0.0,0.0,0.0,0.0,0.0,0.0,0.0,0.0,0.0,0.0,0.0,0.0,0.01570284366607666,0.0,0.0,0.0,0.0,0.0,0.0,0.0,0.0,0.0,0.0,0.0,0.0,0.0,0.0,0.0,0.0,0.0,0.0,0.0,0.0,0.0,0.0,0.0,0.0,0.0,0.0,0.0,0.0,0.0,0.0,0.0,0.0,0.0,0.0,0.0,0.0,0.0,0.10942241549491882,0.0,0.0,0.0,0.0,0.0,0.0,0.0,0.0,0.0,0.0,0.0,0.0,0.0,0.0,0.0,,,,,,,,,,,,,,,,,,,,,,,,,,,,,,,,,,,,,,,,,,,,,,,,,,,,,,,,,,,,,,,,,,,,,,,,,,,,,,,,,,,,,,,,,,,,,,,,,,,,,,,,,,,,,,,,,,,,,,,,,,,,,,,,,,,,,,,,,,,,,,,,,,,,,,,,,,,,,,,,,,,,,,,,,,,,,,
2020-02-06,588569.9873682547,82.4184159816823,,,,,,,,,,,76494.84123570709,,1039061.7711000025,,,,,,,,,,,,,,,,,,,,13919.713988214884,,,,12643.391862527398,7222.4403970373905,1746.0614944974513,27219.77821197759,38133.60501651224,11806.925439349625,32103.397733546222,497.64793411804,,,,,,,,,,,,,,,,,,,,,,,,,,,,,,,,,,,,,,,,,,,,,,,,,,,,,,,,,,,,,,,,,,,,,,,,,,,,,,0.0,0.0,0.0,0.0,0.0,0.0,0.0,0.0,0.0,0.0,0.0,0.0,0.0,0.0,0.0,0.0,,0.0,0.0,0.0,,0.0,0.0,0.0,0.0,0.0,,0.0,0.0,0.0,0.0,0.0,0.0,,0.0,,,,0.0,0.0,0.0,,0.0,0.0,0.0,0.0,0.0,,,0.0,,0.0,0.0,0.0,0.0,0.0,0.0,0.0,0.0,0.0,0.0,0.0,0.0,0.0,,0.0,0.0,0.0,0.0,0.0,,0.0,0.0,,0.0,0.0,0.0,0.0,,0.0,0.0,0.0,0.0,0.0,,0.0,0.0,,0.0,0.0,0.0,0.0,0.0,0.0,0.0,0.0,0.0,0.0,0.0,0.0,,0.0,0.0,,,,,0.0,0.0,0.0,0.0,0.0,0.0,0.0,0.0,0.0,,0.0,0.0,0.0,,0.0,0.0,0.0,0.0,0.0,0.0,,0.0,,0.0,0.0,0.0,0.0,0.0,0.0,0.0,,0.0,0.0,0.0,0.0,0.0,0.0,0.0,0.0,0.0,0.0,0.0,0.0,0.0,,0.0,0.0,0.0,0.0,,0.0,0.0,0.0,0.0,0.0,0.0,0.0,0.0,0.0,0.0,0.0,0.0,0.0,0.0,,,,0.0,0.0,0.0,0.0,0.0,0.0,0.0,,0.0,0.16256678104400635,0.0,0.0,0.0,0.0,0.0,0.0,0.0,,0.0,0.0,0.0,0.0,0.0,0.0,,0.0,0.0,0.0,0.0,0.0,0.0,0.0,0.0,0.0,0.0,,0.0,0.0,0.0,0.0,,0.0,0.0,0.0,0.0,0.0,0.0,,0.0,0.0,0.0,0.0,0.0,0.0,,0.0,,0.0,0.0,0.0,0.0,0.0,0.0,0.0,0.0,0.0,0.0,0.06631564348936081,,0.0,0.0,0.0,0.0,0.2114010602235794,0.0,0.0,0.0,0.0,0.0,,0.0,0.0,0.0,0.0,0.0,0.0,0.0,0.0,0.07473663240671158,0.002394676674157381,0.0,,0.0,0.0,0.0,0.0,0.0,0.0,0.0,0.0,,0.0,0.0,,0.0,0.0,0.0,0.0,,,0.0,0.0,,0.0,0.0,,,0.0,0.0,0.0,0.0,0.0,0.0,0.0,,0.0,0.0,0.0,0.0,0.0,0.0,0.0,0.0,0.0,0.0,0.0,,0.0,0.0,,0.0,0.0,0.0,,0.0,0.0,0.0,0.0,,0.0,0.0,0.0,0.0,0.0,0.0,0.0,0.0,0.0,0.0,0.0,0.0,0.0,0.0,0.0,0.0,,0.0,0.11432407796382904,0.0,0.0,0.15972954034805298,0.0,0.0,0.0,0.0,0.0,0.0,0.0,0.0,0.0,0.0,,0.0,0.0,0.0,0.0,0.0,0.0,0.0,0.0,0.0,0.0,0.0,0.0,0.0,0.0,0.0,,,0.0,0.0,0.0,,,0.0,0.0,0.0,,0.0,,0.0,,0.0,,,0.0,,0.0,,0.0,0.0,0.0,0.0,0.0,0.0,0.0,0.0,0.0,0.0,,0.0,0.0,,0.0,0.0,0.0,0.0,,0.0,0.0,0.0,0.0,0.0,0.0,0.07511357963085175,0.0,,0.0,,0.0,0.0,0.0,0.0,,0.0,,,,0.0,,0.0,0.0,,0.0,0.0,0.0,0.0,,,0.0,0.0,0.0,0.0,0.0,,0.0,,0.0,0.0,0.0,0.008292756043374538,0.0,0.0,0.0,,0.0,0.0,0.0,0.0,0.0,0.0,,0.0,0.0,0.0,0.0,0.0,0.0,,,0.0,0.0,0.0,0.0,0.0,0.0,,0.0,0.0,0.0,,0.0,,,0.0,0.0,0.0,0.0,0.0,,0.0,0.0,,0.0,,0.0,0.0,0.0,0.0,0.0,0.0,0.0,0.0,0.0,0.0,0.0,0.0,0.0,0.0,0.0,0.0,0.0,0.0,0.0,0.0,0.0,0.0,0.0,0.0,0.0,0.0,0.0,0.0,0.0,0.0,0.0,0.0,0.0,0.0,0.0,0.0,0.0,0.0,0.0,0.0,0.0,0.01570284366607666,0.0,0.0,0.0,0.0,0.0,0.0,0.0,0.0,0.0,0.0,0.0,0.0,0.0,0.0,0.0,0.0,0.0,0.0,0.0,0.0,0.0,0.0,0.0,0.0,0.0,0.0,0.0,0.0,0.0,0.0,0.0,0.0,0.0,0.0,0.0,0.0,0.0,0.10942241549491882,0.0,0.0,0.0,0.0,0.0,0.0,0.0,0.0,0.0,0.0,0.0,0.0,0.0,0.0,0.0,,,,,,,,,,,,,,,,,,,,,,,,,,,,,,,,,,,,,,,,,,,,,,,,,,,,,,,,,,,,,,,,,,,,,,,,,,,,,,,,,,,,,,,,,,,,,,,,,,,,,,,,,,,,,,,,,,,,,,,,,,,,,,,,,,,,,,,,,,,,,,,,,,,,,,,,,,,,,,,,,,,,,,,,,,,,,,
2020-02-07,597175.9956237803,509.74865329752765,,,,,,,,,,,76494.84123570709,,1039061.7711000025,,,,,,,,,,,,,,,,,,,,13919.713988214884,,,,12643.391862527398,7139.148300007194,1746.007311022334,27429.26543750441,38130.13831587785,11250.197928155767,33634.6008355142,497.64793411804,,,,,,,,,,,,,,,,,,,,,,,,,,,,,,,,,,,,,,,,,,,,,,,,,,,,,,,,,,,,,,,,,,,,,,,,,,,,,,0.0,0.0,0.0,0.0,0.0,0.0,0.0,0.0,0.0,0.0,0.0,0.0,0.0,0.0,0.0,0.0,,0.0,0.0,0.0,,0.0,0.0,0.0,0.0,0.0,,0.0,0.0,0.0,0.0,0.0,0.0,,0.0,,,,0.0,0.0,0.0,,0.0,0.0,0.0,0.0,0.0,,,0.0,,0.0,0.0,0.0,0.0,0.0,0.0,0.0,0.0,0.0,0.0,0.0,0.0,0.0,,0.0,0.0,0.0,0.0,0.0,,0.0,0.0,,0.0,0.0,0.0,0.0,,0.0,0.0,0.0,0.0,0.0,,0.0,0.0,,0.0,0.0,0.0,0.0,0.0,0.0,0.0,0.0,0.0,0.0,0.0,0.0,,0.0,0.0,,,,,0.0,0.0,0.0,0.0,0.0,0.0,0.0,0.0,0.0,,0.0,0.0,0.0,,0.0,0.0,0.0,0.0,0.0,0.0,,0.0,,0.0,0.0,0.0,0.0,0.0,0.0,0.0,,0.0,0.0,0.0,0.0,0.0,0.0,0.0,0.0,0.0,0.0,0.0,0.0,0.0,,0.0,0.0,0.0,0.0,,0.0,0.0,0.0,0.0,0.0,0.0,0.0,0.0,0.0,0.0,0.0,0.0,0.0,0.0,,,,0.0,0.0,0.0,0.0,0.0,0.0,0.0,,0.0,0.16256678104400635,0.0,0.0,0.0,0.0,0.0,0.0,0.0,,0.0,0.0,0.0,0.0,0.0,0.0,,0.0,0.0,0.0,0.0,0.0,0.0,0.0,0.0,0.0,0.0,,0.0,0.0,0.0,0.0,,0.0,0.0,0.0,0.0,0.0,0.0,,0.0,0.0,0.0,0.0,0.0,0.0,,0.0,,0.0,0.0,0.0,0.0,0.0,0.0,0.0,0.0,0.0,0.0,0.06631564348936081,,0.0,0.0,0.0,0.0,0.2114010602235794,0.0,0.0,0.0,0.0,0.0,,0.0,0.0,0.0,0.0,0.0,0.0,0.0,0.0,0.07473663240671158,0.002394676674157381,0.0,,0.0,0.0,0.0,0.0,0.0,0.0,0.0,0.0,,0.0,0.0,,0.0,0.0,0.0,0.0,,,0.0,0.0,,0.0,0.0,,,0.0,0.0,0.0,0.0,0.0,0.0,0.0,,0.0,0.0,0.0,0.0,0.0,0.0,0.0,0.0,0.0,0.0,0.0,,0.0,0.0,,0.0,0.0,0.0,,0.0,0.0,0.0,0.0,,0.0,0.0,0.0,0.0,0.0,0.0,0.0,0.0,0.0,0.0,0.0,0.0,0.0,0.0,0.0,0.0,,0.0,0.11432407796382904,0.0,0.0,0.15972954034805298,0.0,0.0,0.0,0.0,0.0,0.0,0.0,0.0,0.0,0.0,,0.0,0.0,0.0,0.0,0.0,0.0,0.0,0.0,0.0,0.0,0.0,0.0,0.0,0.0,0.0,,,0.0,0.0,0.0,,,0.0,0.0,0.0,,0.0,,0.0,,0.0,,,0.0,,0.0,,0.0,0.0,0.0,0.0,0.0,0.0,0.0,0.0,0.0,0.0,,0.0,0.0,,0.0,0.0,0.0,0.0,,0.0,0.0,0.0,0.0,0.0,0.0,0.07511357963085175,0.0,,0.0,,0.0,0.0,0.0,0.0,,0.0,,,,0.0,,0.0,0.0,,0.0,0.0,0.0,0.0,,,0.0,0.0,0.0,0.0,0.0,,0.0,,0.0,0.0,0.0,0.008292756043374538,0.0,0.0,0.0,,0.0,0.0,0.0,0.0,0.0,0.0,,0.0,0.0,0.0,0.0,0.0,0.0,,,0.0,0.0,0.0,0.0,0.0,0.0,,0.0,0.0,0.0,,0.0,,,0.0,0.0,0.0,0.0,0.0,,0.0,0.0,,0.0,,0.0,0.0,0.0,0.0,0.0,0.0,0.0,0.0,0.0,0.0,0.0,0.0,0.0,0.0,0.0,0.0,0.0,0.0,0.0,0.0,0.0,0.0,0.0,0.0,0.0,0.0,0.0,0.0,0.0,0.0,0.0,0.0,0.0,0.0,0.0,0.0,0.0,0.0,0.0,0.0,0.0,0.01570284366607666,0.0,0.0,0.0,0.0,0.0,0.0,0.0,0.0,0.0,0.0,0.0,0.0,0.0,0.0,0.0,0.0,0.0,0.0,0.0,0.0,0.0,0.0,0.0,0.0,0.0,0.0,0.0,0.0,0.0,0.0,0.0,0.0,0.0,0.0,0.0,0.0,0.0,0.10942241549491882,0.0,0.0,0.0,0.0,0.0,0.0,0.0,0.0,0.0,0.0,0.0,0.0,0.0,0.0,0.0,,,,,,,,,,,,,,,,,,,,,,,,,,,,,,,,,,,,,,,,,,,,,,,,,,,,,,,,,,,,,,,,,,,,,,,,,,,,,,,,,,,,,,,,,,,,,,,,,,,,,,,,,,,,,,,,,,,,,,,,,,,,,,,,,,,,,,,,,,,,,,,,,,,,,,,,,,,,,,,,,,,,,,,,,,,,,,
2020-02-10,604386.7882955787,149.86233851767383,,,,,,,,,,,76494.84123570709,,1039061.7711000025,,,,,,,,,,,,,,,,,,,,13919.713988214884,,,,12643.391862527398,7139.148300007194,1746.0482787056321,27638.648346827315,38132.721287862514,10834.676519432116,33632.93432625697,2488.802825729776,,,,,,,,,,,,,,,,,,,,,,,,,,,,,,,,,,,,,,,,,,,,,,,,,,,,,,,,,,,,,,,,,,,,,,,,,,,,,,0.0,0.0,0.0,0.0,0.0,0.0,0.0,0.0,0.0,0.0,0.0,0.0,0.0,0.0,0.0,0.0,,0.0,0.0,0.0,,0.0,0.0,0.0,0.0,0.0,,0.0,0.0,0.0,0.0,0.0,0.0,,0.0,,,,0.0,0.0,0.0,,0.0,0.0,0.0,0.0,0.0,,,0.0,,0.0,0.0,0.0,0.0,0.0,0.0,0.0,0.0,0.0,0.0,0.0,0.0,0.0,,0.0,0.0,0.0,0.0,0.0,,0.0,0.0,,0.0,0.0,0.0,0.0,,0.0,0.0,0.0,0.0,0.0,,0.0,0.0,,0.0,0.0,0.0,0.0,0.0,0.0,0.0,0.0,0.0,0.0,0.0,0.0,,0.0,0.0,,,,,0.0,0.0,0.0,0.0,0.0,0.0,0.0,0.0,0.0,,0.0,0.0,0.0,,0.0,0.0,0.0,0.0,0.0,0.0,,0.0,,0.0,0.0,0.0,0.0,0.0,0.0,0.0,,0.0,0.0,0.0,0.0,0.0,0.0,0.0,0.0,0.0,0.0,0.0,0.0,0.0,,0.0,0.0,0.0,0.0,,0.0,0.0,0.0,0.0,0.0,0.0,0.0,0.0,0.0,0.0,0.0,0.0,0.0,0.0,,,,0.0,0.0,0.0,0.0,0.0,0.0,0.0,,0.0,0.16256678104400635,0.0,0.0,0.0,0.0,0.0,0.0,0.0,,0.0,0.0,0.0,0.0,0.0,0.0,,0.0,0.0,0.0,0.0,0.0,0.0,0.0,0.0,0.0,0.0,,0.0,0.0,0.0,0.0,,0.0,0.0,0.0,0.0,0.0,0.0,,0.0,0.0,0.0,0.0,0.0,0.0,,0.0,,0.0,0.0,0.0,0.0,0.0,0.0,0.0,0.0,0.0,0.0,0.06631564348936081,,0.0,0.0,0.0,0.0,0.2114010602235794,0.0,0.0,0.0,0.0,0.0,,0.0,0.0,0.0,0.0,0.0,0.0,0.0,0.0,0.07473663240671158,0.002394676674157381,0.0,,0.0,0.0,0.0,0.0,0.0,0.0,0.0,0.0,,0.0,0.0,,0.0,0.0,0.0,0.0,,,0.0,0.0,,0.0,0.0,,,0.0,0.0,0.0,0.0,0.0,0.0,0.0,,0.0,0.0,0.0,0.0,0.0,0.0,0.0,0.0,0.0,0.0,0.0,,0.0,0.0,,0.0,0.0,0.0,,0.0,0.0,0.0,0.0,,0.0,0.0,0.0,0.0,0.0,0.0,0.0,0.0,0.0,0.0,0.0,0.0,0.0,0.0,0.0,0.0,,0.0,0.11432407796382904,0.0,0.0,0.15972954034805298,0.0,0.0,0.0,0.0,0.0,0.0,0.0,0.0,0.0,0.0,,0.0,0.0,0.0,0.0,0.0,0.0,0.0,0.0,0.0,0.0,0.0,0.0,0.0,0.0,0.0,,,0.0,0.0,0.0,,,0.0,0.0,0.0,,0.0,,0.0,,0.0,,,0.0,,0.0,,0.0,0.0,0.0,0.0,0.0,0.0,0.0,0.0,0.0,0.0,,0.0,0.0,,0.0,0.0,0.0,0.0,,0.0,0.0,0.0,0.0,0.0,0.0,0.07511357963085175,0.0,,0.0,,0.0,0.0,0.0,0.0,,0.0,,,,0.0,,0.0,0.0,,0.0,0.0,0.0,0.0,,,0.0,0.0,0.0,0.0,0.0,,0.0,,0.0,0.0,0.0,0.008292756043374538,0.0,0.0,0.0,,0.0,0.0,0.0,0.0,0.0,0.0,,0.0,0.0,0.0,0.0,0.0,0.0,,,0.0,0.0,0.0,0.0,0.0,0.0,,0.0,0.0,0.0,,0.0,,,0.0,0.0,0.0,0.0,0.0,,0.0,0.0,,0.0,,0.0,0.0,0.0,0.0,0.0,0.0,0.0,0.0,0.0,0.0,0.0,0.0,0.0,0.0,0.0,0.0,0.0,0.0,0.0,0.0,0.0,0.0,0.0,0.0,0.0,0.0,0.0,0.0,0.0,0.0,0.0,0.0,0.0,0.0,0.0,0.0,0.0,0.0,0.0,0.0,0.0,0.01570284366607666,0.0,0.0,0.0,0.0,0.0,0.0,0.0,0.0,0.0,0.0,0.0,0.0,0.0,0.0,0.0,0.0,0.0,0.0,0.0,0.0,0.0,0.0,0.0,0.0,0.0,0.0,0.0,0.0,0.0,0.0,0.0,0.0,0.0,0.0,0.0,0.0,0.0,0.10942241549491882,0.0,0.0,0.0,0.0,0.0,0.0,0.0,0.0,0.0,0.0,0.0,0.0,0.0,0.0,0.0,,,,,,,,,,,,,,,,,,,,,,,,,,,,,,,,,,,,,,,,,,,,,,,,,,,,,,,,,,,,,,,,,,,,,,,,,,,,,,,,,,,,,,,,,,,,,,,,,,,,,,,,,,,,,,,,,,,,,,,,,,,,,,,,,,,,,,,,,,,,,,,,,,,,,,,,,,,,,,,,,,,,,,,,,,,,,,
2020-02-11,601936.1798733537,237.84135886847918,,,,,,,,,,,76494.84123570709,,1039061.7711000025,,,,,,,,,,,,,,,,,,,,12948.571151827799,,,,12643.391862527398,7637.840642631999,1746.0535649983528,27848.014206804575,38132.721287862514,10834.515949584531,33634.69278565978,2488.802825729776,,,,,,,,,,,,,,,,,,,,,,,,,,,,,,,,,,,,,,,,,,,,,,,,,,,,,,,,,,,,,,,,,,,,,,,,,,,,,,0.0,0.0,0.0,0.0,0.0,0.0,0.0,0.0,0.0,0.0,0.0,0.0,0.0,0.0,0.0,0.0,,0.0,0.0,0.0,,0.0,0.0,0.0,0.0,0.0,,0.0,0.0,0.0,0.0,0.0,0.0,,0.0,,,,0.0,0.0,0.0,,0.0,0.0,0.0,0.0,0.0,,,0.0,,0.0,0.0,0.0,0.0,0.0,0.0,0.0,0.0,0.0,0.0,0.0,0.0,0.0,,0.0,0.0,0.0,0.0,0.0,,0.0,0.0,,0.0,0.0,0.0,0.0,,0.0,0.0,0.0,0.0,0.0,,0.0,0.0,,0.0,0.0,0.0,0.0,0.0,0.0,0.0,0.0,0.0,0.0,0.0,0.0,,0.0,0.0,,,,,0.0,0.0,0.0,0.0,0.0,0.0,0.0,0.0,0.0,,0.0,0.0,0.0,,0.0,0.0,0.0,0.0,0.0,0.0,,0.0,,0.0,0.0,0.0,0.0,0.0,0.0,0.0,,0.0,0.0,0.0,0.0,0.0,0.0,0.0,0.0,0.0,0.0,0.0,0.0,0.0,,0.0,0.0,0.0,0.0,,0.0,0.0,0.0,0.0,0.0,0.0,0.0,0.0,0.0,0.0,0.0,0.0,0.0,0.0,,,,0.0,0.0,0.0,0.0,0.0,0.0,0.0,,0.0,0.16256678104400635,0.0,0.0,0.0,0.0,0.0,0.0,0.0,,0.0,0.0,0.0,0.0,0.0,0.0,,0.0,0.0,0.0,0.0,0.0,0.0,0.0,0.0,0.0,0.0,,0.0,0.0,0.0,0.0,,0.0,0.0,0.0,0.0,0.0,0.0,,0.0,0.0,0.0,0.0,0.0,0.0,,0.0,,0.0,0.0,0.0,0.0,0.0,0.0,0.0,0.0,0.0,0.0,0.06631564348936081,,0.0,0.0,0.0,0.0,0.2114010602235794,0.0,0.0,0.0,0.0,0.0,,0.0,0.0,0.0,0.0,0.0,0.0,0.0,0.0,0.07473663240671158,0.002394676674157381,0.0,,0.0,0.0,0.0,0.0,0.0,0.0,0.0,0.0,,0.0,0.0,,0.0,0.0,0.0,0.0,,,0.0,0.0,,0.0,0.0,,,0.0,0.0,0.0,0.0,0.0,0.0,0.0,,0.0,0.0,0.0,0.0,0.0,0.0,0.0,0.0,0.0,0.0,0.0,,0.0,0.0,,0.0,0.0,0.0,,0.0,0.0,0.0,0.0,,0.0,0.0,0.0,0.0,0.0,0.0,0.0,0.0,0.0,0.0,0.0,0.0,0.0,0.0,0.0,0.0,,0.0,0.11432407796382904,0.0,0.0,0.15972954034805298,0.0,0.0,0.0,0.0,0.0,0.0,0.0,0.0,0.0,0.0,,0.0,0.0,0.0,0.0,0.0,0.0,0.0,0.0,0.0,0.0,0.0,0.0,0.0,0.0,0.0,,,0.0,0.0,0.0,,,0.0,0.0,0.0,,0.0,,0.0,,0.0,,,0.0,,0.0,,0.0,0.0,0.0,0.0,0.0,0.0,0.0,0.0,0.0,0.0,,0.0,0.0,,0.0,0.0,0.0,0.0,,0.0,0.0,0.0,0.0,0.0,0.0,0.07511357963085175,0.0,,0.0,,0.0,0.0,0.0,0.0,,0.0,,,,0.0,,0.0,0.0,,0.0,0.0,0.0,0.0,,,0.0,0.0,0.0,0.0,0.0,,0.0,,0.0,0.0,0.0,0.008292756043374538,0.0,0.0,0.0,,0.0,0.0,0.0,0.0,0.0,0.0,,0.0,0.0,0.0,0.0,0.0,0.0,,,0.0,0.0,0.0,0.0,0.0,0.0,,0.0,0.0,0.0,,0.0,,,0.0,0.0,0.0,0.0,0.0,,0.0,0.0,,0.0,,0.0,0.0,0.0,0.0,0.0,0.0,0.0,0.0,0.0,0.0,0.0,0.0,0.0,0.0,0.0,0.0,0.0,0.0,0.0,0.0,0.0,0.0,0.0,0.0,0.0,0.0,0.0,0.0,0.0,0.0,0.0,0.0,0.0,0.0,0.0,0.0,0.0,0.0,0.0,0.0,0.0,0.01570284366607666,0.0,0.0,0.0,0.0,0.0,0.0,0.0,0.0,0.0,0.0,0.0,0.0,0.0,0.0,0.0,0.0,0.0,0.0,0.0,0.0,0.0,0.0,0.0,0.0,0.0,0.0,0.0,0.0,0.0,0.0,0.0,0.0,0.0,0.0,0.0,0.0,0.0,0.10942241549491882,0.0,0.0,0.0,0.0,0.0,0.0,0.0,0.0,0.0,0.0,0.0,0.0,0.0,0.0,0.0,,,,,,,,,,,,,,,,,,,,,,,,,,,,,,,,,,,,,,,,,,,,,,,,,,,,,,,,,,,,,,,,,,,,,,,,,,,,,,,,,,,,,,,,,,,,,,,,,,,,,,,,,,,,,,,,,,,,,,,,,,,,,,,,,,,,,,,,,,,,,,,,,,,,,,,,,,,,,,,,,,,,,,,,,,,,,,
2020-02-12,615234.3326054371,434.27750997989807,,,,,,,,,,,76494.84123570709,,1039061.7711000025,,,,,,,,,,,,,,,,,,,,12948.571151827799,,,,12643.450421047277,7554.760821546967,1746.0598425125334,28063.38995576061,38132.721287862514,10834.515949584531,33633.88057676696,2488.802825729776,,,,,,,,,,,,,,,,,,,,,,,,,,,,,,,,,,,,,,,,,,,,,,,,,,,,,,,,,,,,,,,,,,,,,,,,,,,,,,0.0,0.0,0.0,0.0,0.0,0.0,0.0,0.0,0.0,0.0,0.0,0.0,0.0,0.0,0.0,0.0,,0.0,0.0,0.0,,0.0,0.0,0.0,0.0,0.0,,0.0,0.0,0.0,0.0,0.0,0.0,,0.0,,,,0.0,0.0,0.0,,0.0,0.0,0.0,0.0,0.0,,,0.0,,0.0,0.0,0.0,0.0,0.0,0.0,0.0,0.0,0.0,0.0,0.0,0.0,0.0,,0.0,0.0,0.0,0.0,0.0,,0.0,0.0,,0.0,0.0,0.0,0.0,,0.0,0.0,0.0,0.0,0.0,,0.0,0.0,,0.0,0.0,0.0,0.0,0.0,0.0,0.0,0.0,0.0,0.0,0.0,0.0,,0.0,0.0,,,,,0.0,0.0,0.0,0.0,0.0,0.0,0.0,0.0,0.0,,0.0,0.0,0.0,,0.0,0.0,0.0,0.0,0.0,0.0,,0.0,,0.0,0.0,0.0,0.0,0.0,0.0,0.0,,0.0,0.0,0.0,0.0,0.0,0.0,0.0,0.0,0.0,0.0,0.0,0.0,0.0,,0.0,0.0,0.0,0.0,,0.0,0.0,0.0,0.0,0.0,0.0,0.0,0.0,0.0,0.0,0.0,0.0,0.0,0.0,,,,0.0,0.0,0.0,0.0,0.0,0.0,0.0,,0.0,0.16256678104400635,0.0,0.0,0.0,0.0,0.0,0.0,0.0,,0.0,0.0,0.0,0.0,0.0,0.0,,0.0,0.0,0.0,0.0,0.0,0.0,0.0,0.0,0.0,0.0,,0.0,0.0,0.0,0.0,,0.0,0.0,0.0,0.0,0.0,0.0,,0.0,0.0,0.0,0.0,0.0,0.0,,0.0,,0.0,0.0,0.0,0.0,0.0,0.0,0.0,0.0,0.0,0.0,0.06631564348936081,,0.0,0.0,0.0,0.0,0.2114010602235794,0.0,0.0,0.0,0.0,0.0,,0.0,0.0,0.0,0.0,0.0,0.0,0.0,0.0,0.07473663240671158,0.002394676674157381,0.0,,0.0,0.0,0.0,0.0,0.0,0.0,0.0,0.0,,0.0,0.0,,0.0,0.0,0.0,0.0,,,0.0,0.0,,0.0,0.0,,,0.0,0.0,0.0,0.0,0.0,0.0,0.0,,0.0,0.0,0.0,0.0,0.0,0.0,0.0,0.0,0.0,0.0,0.0,,0.0,0.0,,0.0,0.0,0.0,,0.0,0.0,0.0,0.0,,0.0,0.0,0.0,0.0,0.0,0.0,0.0,0.0,0.0,0.0,0.0,0.0,0.0,0.0,0.0,0.0,,0.0,0.11432407796382904,0.0,0.0,0.15972954034805298,0.0,0.0,0.0,0.0,0.0,0.0,0.0,0.0,0.0,0.0,,0.0,0.0,0.0,0.0,0.0,0.0,0.0,0.0,0.0,0.0,0.0,0.0,0.0,0.0,0.0,,,0.0,0.0,0.0,,,0.0,0.0,0.0,,0.0,,0.0,,0.0,,,0.0,,0.0,,0.0,0.0,0.0,0.0,0.0,0.0,0.0,0.0,0.0,0.0,,0.0,0.0,,0.0,0.0,0.0,0.0,,0.0,0.0,0.0,0.0,0.0,0.0,0.07511357963085175,0.0,,0.0,,0.0,0.0,0.0,0.0,,0.0,,,,0.0,,0.0,0.0,,0.0,0.0,0.0,0.0,,,0.0,0.0,0.0,0.0,0.0,,0.0,,0.0,0.0,0.0,0.008292756043374538,0.0,0.0,0.0,,0.0,0.0,0.0,0.0,0.0,0.0,,0.0,0.0,0.0,0.0,0.0,0.0,,,0.0,0.0,0.0,0.0,0.0,0.0,,0.0,0.0,0.0,,0.0,,,0.0,0.0,0.0,0.0,0.0,,0.0,0.0,,0.0,,0.0,0.0,0.0,0.0,0.0,0.0,0.0,0.0,0.0,0.0,0.0,0.0,0.0,0.0,0.0,0.0,0.0,0.0,0.0,0.0,0.0,0.0,0.0,0.0,0.0,0.0,0.0,0.0,0.0,0.0,0.0,0.0,0.0,0.0,0.0,0.0,0.0,0.0,0.0,0.0,0.0,0.01570284366607666,0.0,0.0,0.0,0.0,0.0,0.0,0.0,0.0,0.0,0.0,0.0,0.0,0.0,0.0,0.0,0.0,0.0,0.0,0.0,0.0,0.0,0.0,0.0,0.0,0.0,0.0,0.0,0.0,0.0,0.0,0.0,0.0,0.0,0.0,0.0,0.0,0.0,0.10942241549491882,0.0,0.0,0.0,0.0,0.0,0.0,0.0,0.0,0.0,0.0,0.0,0.0,0.0,0.0,0.0,,,,,,,,,,,,,,,,,,,,,,,,,,,,,,,,,,,,,,,,,,,,,,,,,,,,,,,,,,,,,,,,,,,,,,,,,,,,,,,,,,,,,,,,,,,,,,,,,,,,,,,,,,,,,,,,,,,,,,,,,,,,,,,,,,,,,,,,,,,,,,,,,,,,,,,,,,,,,,,,,,,,,,,,,,,,,,
2020-02-13,611318.5711932901,335.51721023708393,,,,,,,,,,,76494.84123570709,,1039061.7711000025,,,,,,,,,,,,,,,,,,,,12301.14259423641,,,,12643.103047932414,7720.738393194069,1746.0456355712754,28471.38355654746,38880.40137920336,10834.515949584531,33631.14540701762,2488.802825729776,,,,,,,,,,,,,,,,,,,,,,,,,,,,,,,,,,,,,,,,,,,,,,,,,,,,,,,,,,,,,,,,,,,,,,,,,,,,,,0.0,0.0,0.0,0.0,0.0,0.0,0.0,0.0,0.0,0.0,0.0,0.0,0.0,0.0,0.0,0.0,,0.0,0.0,0.0,,0.0,0.0,0.0,0.0,0.0,,0.0,0.0,0.0,0.0,0.0,0.0,,0.0,,,,0.0,0.0,0.0,,0.0,0.0,0.0,0.0,0.0,,,0.0,,0.0,0.0,0.0,0.0,0.0,0.0,0.0,0.0,0.0,0.0,0.0,0.0,0.0,,0.0,0.0,0.0,0.0,0.0,,0.0,0.0,,0.0,0.0,0.0,0.0,,0.0,0.0,0.0,0.0,0.0,,0.0,0.0,,0.0,0.0,0.0,0.0,0.0,0.0,0.0,0.0,0.0,0.0,0.0,0.0,,0.0,0.0,,,,,0.0,0.0,0.0,0.0,0.0,0.0,0.0,0.0,0.0,,0.0,0.0,0.0,,0.0,0.0,0.0,0.0,0.0,0.0,,0.0,,0.0,0.0,0.0,0.0,0.0,0.0,0.0,,0.0,0.0,0.0,0.0,0.0,0.0,0.0,0.0,0.0,0.0,0.0,0.0,0.0,,0.0,0.0,0.0,0.0,,0.0,0.0,0.0,0.0,0.0,0.0,0.0,0.0,0.0,0.0,0.0,0.0,0.0,0.0,,,,0.0,0.0,0.0,0.0,0.0,0.0,0.0,,0.0,0.16256678104400635,0.0,0.0,0.0,0.0,0.0,0.0,0.0,,0.0,0.0,0.0,0.0,0.0,0.0,,0.0,0.0,0.0,0.0,0.0,0.0,0.0,0.0,0.0,0.0,,0.0,0.0,0.0,0.0,,0.0,0.0,0.0,0.0,0.0,0.0,,0.0,0.0,0.0,0.0,0.0,0.0,,0.0,,0.0,0.0,0.0,0.0,0.0,0.0,0.0,0.0,0.0,0.0,0.06631564348936081,,0.0,0.0,0.0,0.0,0.2114010602235794,0.0,0.0,0.0,0.0,0.0,,0.0,0.0,0.0,0.0,0.0,0.0,0.0,0.0,0.07473663240671158,0.002394676674157381,0.0,,0.0,0.0,0.0,0.0,0.0,0.0,0.0,0.0,,0.0,0.0,,0.0,0.0,0.0,0.0,,,0.0,0.0,,0.0,0.0,,,0.0,0.0,0.0,0.0,0.0,0.0,0.0,,0.0,0.0,0.0,0.0,0.0,0.0,0.0,0.0,0.0,0.0,0.0,,0.0,0.0,,0.0,0.0,0.0,,0.0,0.0,0.0,0.0,,0.0,0.0,0.0,0.0,0.0,0.0,0.0,0.0,0.0,0.0,0.0,0.0,0.0,0.0,0.0,0.0,,0.0,0.11432407796382904,0.0,0.0,0.15972954034805298,0.0,0.0,0.0,0.0,0.0,0.0,0.0,0.0,0.0,0.0,,0.0,0.0,0.0,0.0,0.0,0.0,0.0,0.0,0.0,0.0,0.0,0.0,0.0,0.0,0.0,,,0.0,0.0,0.0,,,0.0,0.0,0.0,,0.0,,0.0,,0.0,,,0.0,,0.0,,0.0,0.0,0.0,0.0,0.0,0.0,0.0,0.0,0.0,0.0,,0.0,0.0,,0.0,0.0,0.0,0.0,,0.0,0.0,0.0,0.0,0.0,0.0,0.07511357963085175,0.0,,0.0,,0.0,0.0,0.0,0.0,,0.0,,,,0.0,,0.0,0.0,,0.0,0.0,0.0,0.0,,,0.0,0.0,0.0,0.0,0.0,,0.0,,0.0,0.0,0.0,0.008292756043374538,0.0,0.0,0.0,,0.0,0.0,0.0,0.0,0.0,0.0,,0.0,0.0,0.0,0.0,0.0,0.0,,,0.0,0.0,0.0,0.0,0.0,0.0,,0.0,0.0,0.0,,0.0,,,0.0,0.0,0.0,0.0,0.0,,0.0,0.0,,0.0,,0.0,0.0,0.0,0.0,0.0,0.0,0.0,0.0,0.0,0.0,0.0,0.0,0.0,0.0,0.0,0.0,0.0,0.0,0.0,0.0,0.0,0.0,0.0,0.0,0.0,0.0,0.0,0.0,0.0,0.0,0.0,0.0,0.0,0.0,0.0,0.0,0.0,0.0,0.0,0.0,0.0,0.01570284366607666,0.0,0.0,0.0,0.0,0.0,0.0,0.0,0.0,0.0,0.0,0.0,0.0,0.0,0.0,0.0,0.0,0.0,0.0,0.0,0.0,0.0,0.0,0.0,0.0,0.0,0.0,0.0,0.0,0.0,0.0,0.0,0.0,0.0,0.0,0.0,0.0,0.0,0.10942241549491882,0.0,0.0,0.0,0.0,0.0,0.0,0.0,0.0,0.0,0.0,0.0,0.0,0.0,0.0,0.0,,,,,,,,,,,,,,,,,,,,,,,,,,,,,,,,,,,,,,,,,,,,,,,,,,,,,,,,,,,,,,,,,,,,,,,,,,,,,,,,,,,,,,,,,,,,,,,,,,,,,,,,,,,,,,,,,,,,,,,,,,,,,,,,,,,,,,,,,,,,,,,,,,,,,,,,,,,,,,,,,,,,,,,,,,,,,,
2020-02-14,619058.6318027071,107.04704802767264,,,,,,,,,,,76494.84123570709,,1039061.7711000025,,,,,,,,,,,,,,,,,,,,11653.714036645018,,,,12643.717415071842,7720.241766286849,1746.0593469176674,29116.81199895321,40373.168591029505,10834.515949584531,33631.14540701762,2488.802825729776,,,,,,,,,,,,,,,,,,,,,,,,,,,,,,,,,,,,,,,,,,,,,,,,,,,,,,,,,,,,,,,,,,,,,,,,,,,,,,0.0,0.0,0.0,0.0,0.0,0.0,0.0,0.0,0.0,0.0,0.0,0.0,0.0,0.0,0.0,0.0,,0.0,0.0,0.0,,0.0,0.0,0.0,0.0,0.0,,0.0,0.0,0.0,0.0,0.0,0.0,,0.0,,,,0.0,0.0,0.0,,0.0,0.0,0.0,0.0,0.0,,,0.0,,0.0,0.0,0.0,0.0,0.0,0.0,0.0,0.0,0.0,0.0,0.0,0.0,0.0,,0.0,0.0,0.0,0.0,0.0,,0.0,0.0,,0.0,0.0,0.0,0.0,,0.0,0.0,0.0,0.0,0.0,,0.0,0.0,,0.0,0.0,0.0,0.0,0.0,0.0,0.0,0.0,0.0,0.0,0.0,0.0,,0.0,0.0,,,,,0.0,0.0,0.0,0.0,0.0,0.0,0.0,0.0,0.0,,0.0,0.0,0.0,,0.0,0.0,0.0,0.0,0.0,0.0,,0.0,,0.0,0.0,0.0,0.0,0.0,0.0,0.0,,0.0,0.0,0.0,0.0,0.0,0.0,0.0,0.0,0.0,0.0,0.0,0.0,0.0,,0.0,0.0,0.0,0.0,,0.0,0.0,0.0,0.0,0.0,0.0,0.0,0.0,0.0,0.0,0.0,0.0,0.0,0.0,,,,0.0,0.0,0.0,0.0,0.0,0.0,0.0,,0.0,0.16256678104400635,0.0,0.0,0.0,0.0,0.0,0.0,0.0,,0.0,0.0,0.0,0.0,0.0,0.0,,0.0,0.0,0.0,0.0,0.0,0.0,0.0,0.0,0.0,0.0,,0.0,0.0,0.0,0.0,,0.0,0.0,0.0,0.0,0.0,0.0,,0.0,0.0,0.0,0.0,0.0,0.0,,0.0,,0.0,0.0,0.0,0.0,0.0,0.0,0.0,0.0,0.0,0.0,0.06631564348936081,,0.0,0.0,0.0,0.0,0.2114010602235794,0.0,0.0,0.0,0.0,0.0,,0.0,0.0,0.0,0.0,0.0,0.0,0.0,0.0,0.07473663240671158,0.002394676674157381,0.0,,0.0,0.0,0.0,0.0,0.0,0.0,0.0,0.0,,0.0,0.0,,0.0,0.0,0.0,0.0,,,0.0,0.0,,0.0,0.0,,,0.0,0.0,0.0,0.0,0.0,0.0,0.0,,0.0,0.0,0.0,0.0,0.0,0.0,0.0,0.0,0.0,0.0,0.0,,0.0,0.0,,0.0,0.0,0.0,,0.0,0.0,0.0,0.0,,0.0,0.0,0.0,0.0,0.0,0.0,0.0,0.0,0.0,0.0,0.0,0.0,0.0,0.0,0.0,0.0,,0.0,0.11432407796382904,0.0,0.0,0.15972954034805298,0.0,0.0,0.0,0.0,0.0,0.0,0.0,0.0,0.0,0.0,,0.0,0.0,0.0,0.0,0.0,0.0,0.0,0.0,0.0,0.0,0.0,0.0,0.0,0.0,0.0,,,0.0,0.0,0.0,,,0.0,0.0,0.0,,0.0,,0.0,,0.0,,,0.0,,0.0,,0.0,0.0,0.0,0.0,0.0,0.0,0.0,0.0,0.0,0.0,,0.0,0.0,,0.0,0.0,0.0,0.0,,0.0,0.0,0.0,0.0,0.0,0.0,0.07511357963085175,0.0,,0.0,,0.0,0.0,0.0,0.0,,0.0,,,,0.0,,0.0,0.0,,0.0,0.0,0.0,0.0,,,0.0,0.0,0.0,0.0,0.0,,0.0,,0.0,0.0,0.0,0.008292756043374538,0.0,0.0,0.0,,0.0,0.0,0.0,0.0,0.0,0.0,,0.0,0.0,0.0,0.0,0.0,0.0,,,0.0,0.0,0.0,0.0,0.0,0.0,,0.0,0.0,0.0,,0.0,,,0.0,0.0,0.0,0.0,0.0,,0.0,0.0,,0.0,,0.0,0.0,0.0,0.0,0.0,0.0,0.0,0.0,0.0,0.0,0.0,0.0,0.0,0.0,0.0,0.0,0.0,0.0,0.0,0.0,0.0,0.0,0.0,0.0,0.0,0.0,0.0,0.0,0.0,0.0,0.0,0.0,0.0,0.0,0.0,0.0,0.0,0.0,0.0,0.0,0.0,0.01570284366607666,0.0,0.0,0.0,0.0,0.0,0.0,0.0,0.0,0.0,0.0,0.0,0.0,0.0,0.0,0.0,0.0,0.0,0.0,0.0,0.0,0.0,0.0,0.0,0.0,0.0,0.0,0.0,0.0,0.0,0.0,0.0,0.0,0.0,0.0,0.0,0.0,0.0,0.10942241549491882,0.0,0.0,0.0,0.0,0.0,0.0,0.0,0.0,0.0,0.0,0.0,0.0,0.0,0.0,0.0,,,,,,,,,,,,,,,,,,,,,,,,,,,,,,,,,,,,,,,,,,,,,,,,,,,,,,,,,,,,,,,,,,,,,,,,,,,,,,,,,,,,,,,,,,,,,,,,,,,,,,,,,,,,,,,,,,,,,,,,,,,,,,,,,,,,,,,,,,,,,,,,,,,,,,,,,,,,,,,,,,,,,,,,,,,,,,
2020-02-17,645997.4216903885,434.20028072106936,,,,,,,,,,,76494.84123570709,,1039061.7711000025,,,,,,,,,,,,,,,,,,,,11653.714036645018,,,,12642.972043600246,7720.241766286849,1746.0081369647019,28698.465245223084,40375.82254008972,10834.142800052952,33631.14540701762,2986.532772365488,,,,,,,,,,,,,,,,,,,,,,,,,,,,,,,,,,,,,,,,,,,,,,,,,,,,,,,,,,,,,,,,,,,,,,,,,,,,,,0.0,0.0,0.0,0.0,0.0,0.0,0.0,0.0,0.0,0.0,0.0,0.0,0.0,0.0,0.0,0.0,,0.0,0.0,0.0,,0.0,0.0,0.0,0.0,0.0,,0.0,0.0,0.0,0.0,0.0,0.0,,0.0,,,,0.0,0.0,0.0,,0.0,0.0,0.0,0.0,0.0,,,0.0,,0.0,0.0,0.0,0.0,0.0,0.0,0.0,0.0,0.0,0.0,0.0,0.0,0.0,,0.0,0.0,0.0,0.0,0.0,,0.0,0.0,,0.0,0.0,0.0,0.0,,0.0,0.0,0.0,0.0,0.0,,0.0,0.0,,0.0,0.0,0.0,0.0,0.0,0.0,0.0,0.0,0.0,0.0,0.0,0.0,,0.0,0.0,,,,,0.0,0.0,0.0,0.0,0.0,0.0,0.0,0.0,0.0,,0.0,0.0,0.0,,0.0,0.0,0.0,0.0,0.0,0.0,,0.0,,0.0,0.0,0.0,0.0,0.0,0.0,0.0,,0.0,0.0,0.0,0.0,0.0,0.0,0.0,0.0,0.0,0.0,0.0,0.0,0.0,,0.0,0.0,0.0,0.0,,0.0,0.0,0.0,0.0,0.0,0.0,0.0,0.0,0.0,0.0,0.0,0.0,0.0,0.0,,,,0.0,0.0,0.0,0.0,0.0,0.0,0.0,,0.0,0.16256678104400635,0.0,0.0,0.0,0.0,0.0,0.0,0.0,,0.0,0.0,0.0,0.0,0.0,0.0,,0.0,0.0,0.0,0.0,0.0,0.0,0.0,0.0,0.0,0.0,,0.0,0.0,0.0,0.0,,0.0,0.0,0.0,0.0,0.0,0.0,,0.0,0.0,0.0,0.0,0.0,0.0,,0.0,,0.0,0.0,0.0,0.0,0.0,0.0,0.0,0.0,0.0,0.0,0.06631564348936081,,0.0,0.0,0.0,0.0,0.2114010602235794,0.0,0.0,0.0,0.0,0.0,,0.0,0.0,0.0,0.0,0.0,0.0,0.0,0.0,0.07473663240671158,0.002394676674157381,0.0,,0.0,0.0,0.0,0.0,0.0,0.0,0.0,0.0,,0.0,0.0,,0.0,0.0,0.0,0.0,,,0.0,0.0,,0.0,0.0,,,0.0,0.0,0.0,0.0,0.0,0.0,0.0,,0.0,0.0,0.0,0.0,0.0,0.0,0.0,0.0,0.0,0.0,0.0,,0.0,0.0,,0.0,0.0,0.0,,0.0,0.0,0.0,0.0,,0.0,0.0,0.0,0.0,0.0,0.0,0.0,0.0,0.0,0.0,0.0,0.0,0.0,0.0,0.0,0.0,,0.0,0.11432407796382904,0.0,0.0,0.15972954034805298,0.0,0.0,0.0,0.0,0.0,0.0,0.0,0.0,0.0,0.0,,0.0,0.0,0.0,0.0,0.0,0.0,0.0,0.0,0.0,0.0,0.0,0.0,0.0,0.0,0.0,,,0.0,0.0,0.0,,,0.0,0.0,0.0,,0.0,,0.0,,0.0,,,0.0,,0.0,,0.0,0.0,0.0,0.0,0.0,0.0,0.0,0.0,0.0,0.0,,0.0,0.0,,0.0,0.0,0.0,0.0,,0.0,0.0,0.0,0.0,0.0,0.0,0.07511357963085175,0.0,,0.0,,0.0,0.0,0.0,0.0,,0.0,,,,0.0,,0.0,0.0,,0.0,0.0,0.0,0.0,,,0.0,0.0,0.0,0.0,0.0,,0.0,,0.0,0.0,0.0,0.008292756043374538,0.0,0.0,0.0,,0.0,0.0,0.0,0.0,0.0,0.0,,0.0,0.0,0.0,0.0,0.0,0.0,,,0.0,0.0,0.0,0.0,0.0,0.0,,0.0,0.0,0.0,,0.0,,,0.0,0.0,0.0,0.0,0.0,,0.0,0.0,,0.0,,0.0,0.0,0.0,0.0,0.0,0.0,0.0,0.0,0.0,0.0,0.0,0.0,0.0,0.0,0.0,0.0,0.0,0.0,0.0,0.0,0.0,0.0,0.0,0.0,0.0,0.0,0.0,0.0,0.0,0.0,0.0,0.0,0.0,0.0,0.0,0.0,0.0,0.0,0.0,0.0,0.0,0.01570284366607666,0.0,0.0,0.0,0.0,0.0,0.0,0.0,0.0,0.0,0.0,0.0,0.0,0.0,0.0,0.0,0.0,0.0,0.0,0.0,0.0,0.0,0.0,0.0,0.0,0.0,0.0,0.0,0.0,0.0,0.0,0.0,0.0,0.0,0.0,0.0,0.0,0.0,0.10942241549491882,0.0,0.0,0.0,0.0,0.0,0.0,0.0,0.0,0.0,0.0,0.0,0.0,0.0,0.0,0.0,,,,,,,,,,,,,,,,,,,,,,,,,,,,,,,,,,,,,,,,,,,,,,,,,,,,,,,,,,,,,,,,,,,,,,,,,,,,,,,,,,,,,,,,,,,,,,,,,,,,,,,,,,,,,,,,,,,,,,,,,,,,,,,,,,,,,,,,,,,,,,,,,,,,,,,,,,,,,,,,,,,,,,,,,,,,,,
2020-02-18,660859.1606015906,322.00108982852817,,,,,,,,,,,76494.84123570709,,1039061.7711000025,,,,,,,,,,,,,,,,,,,,11006.28547905363,,,,12642.964104031005,7886.817145908704,1746.0543909844819,28477.395991637633,40375.23774168297,10278.63338353235,35160.53464835909,5972.952764347869,,,,,,,,,,,,,,,,,,,,,,,,,,,,,,,,,,,,,,,,,,,,,,,,,,,,,,,,,,,,,,,,,,,,,,,,,,,,,,0.0,0.0,0.0,0.0,0.0,0.0,0.0,0.0,0.0,0.0,0.0,0.0,0.0,0.0,0.0,0.0,,0.0,0.0,0.0,,0.0,0.0,0.0,0.0,0.0,,0.0,0.0,0.0,0.0,0.0,0.0,,0.0,,,,0.0,0.0,0.0,,0.0,0.0,0.0,0.0,0.0,,,0.0,,0.0,0.0,0.0,0.0,0.0,0.0,0.0,0.0,0.0,0.0,0.0,0.0,0.0,,0.0,0.0,0.0,0.0,0.0,,0.0,0.0,,0.0,0.0,0.0,0.0,,0.0,0.0,0.0,0.0,0.0,,0.0,0.0,,0.0,0.0,0.0,0.0,0.0,0.0,0.0,0.0,0.0,0.0,0.0,0.0,,0.0,0.0,,,,,0.0,0.0,0.0,0.0,0.0,0.0,0.0,0.0,0.0,,0.0,0.0,0.0,,0.0,0.0,0.0,0.0,0.0,0.0,,0.0,,0.0,0.0,0.0,0.0,0.0,0.0,0.0,,0.0,0.0,0.0,0.0,0.0,0.0,0.0,0.0,0.0,0.0,0.0,0.0,0.0,,0.0,0.0,0.0,0.0,,0.0,0.0,0.0,0.0,0.0,0.0,0.0,0.0,0.0,0.0,0.0,0.0,0.0,0.0,,,,0.0,0.0,0.0,0.0,0.0,0.0,0.0,,0.0,0.16256678104400635,0.0,0.0,0.0,0.0,0.0,0.0,0.0,,0.0,0.0,0.0,0.0,0.0,0.0,,0.0,0.0,0.0,0.0,0.0,0.0,0.0,0.0,0.0,0.0,,0.0,0.0,0.0,0.0,,0.0,0.0,0.0,0.0,0.0,0.0,,0.0,0.0,0.0,0.0,0.0,0.0,,0.0,,0.0,0.0,0.0,0.0,0.0,0.0,0.0,0.0,0.0,0.0,0.06631564348936081,,0.0,0.0,0.0,0.0,0.2114010602235794,0.0,0.0,0.0,0.0,0.0,,0.0,0.0,0.0,0.0,0.0,0.0,0.0,0.0,0.07473663240671158,0.002394676674157381,0.0,,0.0,0.0,0.0,0.0,0.0,0.0,0.0,0.0,,0.0,0.0,,0.0,0.0,0.0,0.0,,,0.0,0.0,,0.0,0.0,,,0.0,0.0,0.0,0.0,0.0,0.0,0.0,,0.0,0.0,0.0,0.0,0.0,0.0,0.0,0.0,0.0,0.0,0.0,,0.0,0.0,,0.0,0.0,0.0,,0.0,0.0,0.0,0.0,,0.0,0.0,0.0,0.0,0.0,0.0,0.0,0.0,0.0,0.0,0.0,0.0,0.0,0.0,0.0,0.0,,0.0,0.11432407796382904,0.0,0.0,0.15972954034805298,0.0,0.0,0.0,0.0,0.0,0.0,0.0,0.0,0.0,0.0,,0.0,0.0,0.0,0.0,0.0,0.0,0.0,0.0,0.0,0.0,0.0,0.0,0.0,0.0,0.0,,,0.0,0.0,0.0,,,0.0,0.0,0.0,,0.0,,0.0,,0.0,,,0.0,,0.0,,0.0,0.0,0.0,0.0,0.0,0.0,0.0,0.0,0.0,0.0,,0.0,0.0,,0.0,0.0,0.0,0.0,,0.0,0.0,0.0,0.0,0.0,0.0,0.07511357963085175,0.0,,0.0,,0.0,0.0,0.0,0.0,,0.0,,,,0.0,,0.0,0.0,,0.0,0.0,0.0,0.0,,,0.0,0.0,0.0,0.0,0.0,,0.0,,0.0,0.0,0.0,0.008292756043374538,0.0,0.0,0.0,,0.0,0.0,0.0,0.0,0.0,0.0,,0.0,0.0,0.0,0.0,0.0,0.0,,,0.0,0.0,0.0,0.0,0.0,0.0,,0.0,0.0,0.0,,0.0,,,0.0,0.0,0.0,0.0,0.0,,0.0,0.0,,0.0,,0.0,0.0,0.0,0.0,0.0,0.0,0.0,0.0,0.0,0.0,0.0,0.0,0.0,0.0,0.0,0.0,0.0,0.0,0.0,0.0,0.0,0.0,0.0,0.0,0.0,0.0,0.0,0.0,0.0,0.0,0.0,0.0,0.0,0.0,0.0,0.0,0.0,0.0,0.0,0.0,0.0,0.01570284366607666,0.0,0.0,0.0,0.0,0.0,0.0,0.0,0.0,0.0,0.0,0.0,0.0,0.0,0.0,0.0,0.0,0.0,0.0,0.0,0.0,0.0,0.0,0.0,0.0,0.0,0.0,0.0,0.0,0.0,0.0,0.0,0.0,0.0,0.0,0.0,0.0,0.0,0.10942241549491882,0.0,0.0,0.0,0.0,0.0,0.0,0.0,0.0,0.0,0.0,0.0,0.0,0.0,0.0,0.0,,,,,,,,,,,,,,,,,,,,,,,,,,,,,,,,,,,,,,,,,,,,,,,,,,,,,,,,,,,,,,,,,,,,,,,,,,,,,,,,,,,,,,,,,,,,,,,,,,,,,,,,,,,,,,,,,,,,,,,,,,,,,,,,,,,,,,,,,,,,,,,,,,,,,,,,,,,,,,,,,,,,,,,,,,,,,,
2020-02-19,668748.2275638994,116.18975593299729,,,,,,,,,,,76494.84123570709,,1039061.7711000025,,,,,,,,,,,,,,,,,,,,11006.28547905363,,,,12643.35116963811,7886.817145908704,1746.0236648266578,28477.395991637633,40373.55991412978,9721.749413895468,35161.19544119786,8959.607563114645,,,,,,,,,,,,,,,,,,,,,,,,,,,,,,,,,,,,,,,,,,,,,,,,,,,,,,,,,,,,,,,,,,,,,,,,,,,,,,0.0,0.0,0.0,0.0,0.0,0.0,0.0,0.0,0.0,0.0,0.0,0.0,0.0,0.0,0.0,0.0,,0.0,0.0,0.0,,0.0,0.0,0.0,0.0,0.0,,0.0,0.0,0.0,0.0,0.0,0.0,,0.0,,,,0.0,0.0,0.0,,0.0,0.0,0.0,0.0,0.0,,,0.0,,0.0,0.0,0.0,0.0,0.0,0.0,0.0,0.0,0.0,0.0,0.0,0.0,0.0,,0.0,0.0,0.0,0.0,0.0,,0.0,0.0,,0.0,0.0,0.0,0.0,,0.0,0.0,0.0,0.0,0.0,,0.0,0.0,,0.0,0.0,0.0,0.0,0.0,0.0,0.0,0.0,0.0,0.0,0.0,0.0,,0.0,0.0,,,,,0.0,0.0,0.0,0.0,0.0,0.0,0.0,0.0,0.0,,0.0,0.0,0.0,,0.0,0.0,0.0,0.0,0.0,0.0,,0.0,,0.0,0.0,0.0,0.0,0.0,0.0,0.0,,0.0,0.0,0.0,0.0,0.0,0.0,0.0,0.0,0.0,0.0,0.0,0.0,0.0,,0.0,0.0,0.0,0.0,,0.0,0.0,0.0,0.0,0.0,0.0,0.0,0.0,0.0,0.0,0.0,0.0,0.0,0.0,,,,0.0,0.0,0.0,0.0,0.0,0.0,0.0,,0.0,0.16256678104400635,0.0,0.0,0.0,0.0,0.0,0.0,0.0,,0.0,0.0,0.0,0.0,0.0,0.0,,0.0,0.0,0.0,0.0,0.0,0.0,0.0,0.0,0.0,0.0,,0.0,0.0,0.0,0.0,,0.0,0.0,0.0,0.0,0.0,0.0,,0.0,0.0,0.0,0.0,0.0,0.0,,0.0,,0.0,0.0,0.0,0.0,0.0,0.0,0.0,0.0,0.0,0.0,0.06631564348936081,,0.0,0.0,0.0,0.0,0.2114010602235794,0.0,0.0,0.0,0.0,0.0,,0.0,0.0,0.0,0.0,0.0,0.0,0.0,0.0,0.07473663240671158,0.002394676674157381,0.0,,0.0,0.0,0.0,0.0,0.0,0.0,0.0,0.0,,0.0,0.0,,0.0,0.0,0.0,0.0,,,0.0,0.0,,0.0,0.0,,,0.0,0.0,0.0,0.0,0.0,0.0,0.0,,0.0,0.0,0.0,0.0,0.0,0.0,0.0,0.0,0.0,0.0,0.0,,0.0,0.0,,0.0,0.0,0.0,,0.0,0.0,0.0,0.0,,0.0,0.0,0.0,0.0,0.0,0.0,0.0,0.0,0.0,0.0,0.0,0.0,0.0,0.0,0.0,0.0,,0.0,0.11432407796382904,0.0,0.0,0.15972954034805298,0.0,0.0,0.0,0.0,0.0,0.0,0.0,0.0,0.0,0.0,,0.0,0.0,0.0,0.0,0.0,0.0,0.0,0.0,0.0,0.0,0.0,0.0,0.0,0.0,0.0,,,0.0,0.0,0.0,,,0.0,0.0,0.0,,0.0,,0.0,,0.0,,,0.0,,0.0,,0.0,0.0,0.0,0.0,0.0,0.0,0.0,0.0,0.0,0.0,,0.0,0.0,,0.0,0.0,0.0,0.0,,0.0,0.0,0.0,0.0,0.0,0.0,0.07511357963085175,0.0,,0.0,,0.0,0.0,0.0,0.0,,0.0,,,,0.0,,0.0,0.0,,0.0,0.0,0.0,0.0,,,0.0,0.0,0.0,0.0,0.0,,0.0,,0.0,0.0,0.0,0.008292756043374538,0.0,0.0,0.0,,0.0,0.0,0.0,0.0,0.0,0.0,,0.0,0.0,0.0,0.0,0.0,0.0,,,0.0,0.0,0.0,0.0,0.0,0.0,,0.0,0.0,0.0,,0.0,,,0.0,0.0,0.0,0.0,0.0,,0.0,0.0,,0.0,,0.0,0.0,0.0,0.0,0.0,0.0,0.0,0.0,0.0,0.0,0.0,0.0,0.0,0.0,0.0,0.0,0.0,0.0,0.0,0.0,0.0,0.0,0.0,0.0,0.0,0.0,0.0,0.0,0.0,0.0,0.0,0.0,0.0,0.0,0.0,0.0,0.0,0.0,0.0,0.0,0.0,0.01570284366607666,0.0,0.0,0.0,0.0,0.0,0.0,0.0,0.0,0.0,0.0,0.0,0.0,0.0,0.0,0.0,0.0,0.0,0.0,0.0,0.0,0.0,0.0,0.0,0.0,0.0,0.0,0.0,0.0,0.0,0.0,0.0,0.0,0.0,0.0,0.0,0.0,0.0,0.10942241549491882,0.0,0.0,0.0,0.0,0.0,0.0,0.0,0.0,0.0,0.0,0.0,0.0,0.0,0.0,0.0,,,,,,,,,,,,,,,,,,,,,,,,,,,,,,,,,,,,,,,,,,,,,,,,,,,,,,,,,,,,,,,,,,,,,,,,,,,,,,,,,,,,,,,,,,,,,,,,,,,,,,,,,,,,,,,,,,,,,,,,,,,,,,,,,,,,,,,,,,,,,,,,,,,,,,,,,,,,,,,,,,,,,,,,,,,,,,
2020-02-20,679377.175430729,297.3150953556142,,,,,,,,,,,76494.84123570709,,1039061.7711000025,,,,,,,,,,,,,,,,,,,,11006.28547905363,,,,12643.693593585476,7886.817145908704,1587.3211223673818,27437.57967226315,42618.61514647817,9306.383389158325,36692.488260022976,12940.88669156105,,,,,,,,,,,,,,,,,,,,,,,,,,,,,,,,,,,,,,,,,,,,,,,,,,,,,,,,,,,,,,,,,,,,,,,,,,,,,,0.0,0.0,0.0,0.0,0.0,0.0,0.0,0.0,0.0,0.0,0.0,0.0,0.0,0.0,0.0,0.0,,0.0,0.0,0.0,,0.0,0.0,0.0,0.0,0.0,,0.0,0.0,0.0,0.0,0.0,0.0,,0.0,,,,0.0,0.0,0.0,,0.0,0.0,0.0,0.0,0.0,,,0.0,,0.0,0.0,0.0,0.0,0.0,0.0,0.0,0.0,0.0,0.0,0.0,0.0,0.0,,0.0,0.0,0.0,0.0,0.0,,0.0,0.0,,0.0,0.0,0.0,0.0,,0.0,0.0,0.0,0.0,0.0,,0.0,0.0,,0.0,0.0,0.0,0.0,0.0,0.0,0.0,0.0,0.0,0.0,0.0,0.0,,0.0,0.0,,,,,0.0,0.0,0.0,0.0,0.0,0.0,0.0,0.0,0.0,,0.0,0.0,0.0,,0.0,0.0,0.0,0.0,0.0,0.0,,0.0,,0.0,0.0,0.0,0.0,0.0,0.0,0.0,,0.0,0.0,0.0,0.0,0.0,0.0,0.0,0.0,0.0,0.0,0.0,0.0,0.0,,0.0,0.0,0.0,0.0,,0.0,0.0,0.0,0.0,0.0,0.0,0.0,0.0,0.0,0.0,0.0,0.0,0.0,0.0,,,,0.0,0.0,0.0,0.0,0.0,0.0,0.0,,0.0,0.16256678104400635,0.0,0.0,0.0,0.0,0.0,0.0,0.0,,0.0,0.0,0.0,0.0,0.0,0.0,,0.0,0.0,0.0,0.0,0.0,0.0,0.0,0.0,0.0,0.0,,0.0,0.0,0.0,0.0,,0.0,0.0,0.0,0.0,0.0,0.0,,0.0,0.0,0.0,0.0,0.0,0.0,,0.0,,0.0,0.0,0.0,0.0,0.0,0.0,0.0,0.0,0.0,0.0,0.06631564348936081,,0.0,0.0,0.0,0.0,0.2114010602235794,0.0,0.0,0.0,0.0,0.0,,0.0,0.0,0.0,0.0,0.0,0.0,0.0,0.0,0.07473663240671158,0.002394676674157381,0.0,,0.0,0.0,0.0,0.0,0.0,0.0,0.0,0.0,,0.0,0.0,,0.0,0.0,0.0,0.0,,,0.0,0.0,,0.0,0.0,,,0.0,0.0,0.0,0.0,0.0,0.0,0.0,,0.0,0.0,0.0,0.0,0.0,0.0,0.0,0.0,0.0,0.0,0.0,,0.0,0.0,,0.0,0.0,0.0,,0.0,0.0,0.0,0.0,,0.0,0.0,0.0,0.0,0.0,0.0,0.0,0.0,0.0,0.0,0.0,0.0,0.0,0.0,0.0,0.0,,0.0,0.11432407796382904,0.0,0.0,0.15972954034805298,0.0,0.0,0.0,0.0,0.0,0.0,0.0,0.0,0.0,0.0,,0.0,0.0,0.0,0.0,0.0,0.0,0.0,0.0,0.0,0.0,0.0,0.0,0.0,0.0,0.0,,,0.0,0.0,0.0,,,0.0,0.0,0.0,,0.0,,0.0,,0.0,,,0.0,,0.0,,0.0,0.0,0.0,0.0,0.0,0.0,0.0,0.0,0.0,0.0,,0.0,0.0,,0.0,0.0,0.0,0.0,,0.0,0.0,0.0,0.0,0.0,0.0,0.07511357963085175,0.0,,0.0,,0.0,0.0,0.0,0.0,,0.0,,,,0.0,,0.0,0.0,,0.0,0.0,0.0,0.0,,,0.0,0.0,0.0,0.0,0.0,,0.0,,0.0,0.0,0.0,0.008292756043374538,0.0,0.0,0.0,,0.0,0.0,0.0,0.0,0.0,0.0,,0.0,0.0,0.0,0.0,0.0,0.0,,,0.0,0.0,0.0,0.0,0.0,0.0,,0.0,0.0,0.0,,0.0,,,0.0,0.0,0.0,0.0,0.0,,0.0,0.0,,0.0,,0.0,0.0,0.0,0.0,0.0,0.0,0.0,0.0,0.0,0.0,0.0,0.0,0.0,0.0,0.0,0.0,0.0,0.0,0.0,0.0,0.0,0.0,0.0,0.0,0.0,0.0,0.0,0.0,0.0,0.0,0.0,0.0,0.0,0.0,0.0,0.0,0.0,0.0,0.0,0.0,0.0,0.01570284366607666,0.0,0.0,0.0,0.0,0.0,0.0,0.0,0.0,0.0,0.0,0.0,0.0,0.0,0.0,0.0,0.0,0.0,0.0,0.0,0.0,0.0,0.0,0.0,0.0,0.0,0.0,0.0,0.0,0.0,0.0,0.0,0.0,0.0,0.0,0.0,0.0,0.0,0.10942241549491882,0.0,0.0,0.0,0.0,0.0,0.0,0.0,0.0,0.0,0.0,0.0,0.0,0.0,0.0,0.0,,,,,,,,,,,,,,,,,,,,,,,,,,,,,,,,,,,,,,,,,,,,,,,,,,,,,,,,,,,,,,,,,,,,,,,,,,,,,,,,,,,,,,,,,,,,,,,,,,,,,,,,,,,,,,,,,,,,,,,,,,,,,,,,,,,,,,,,,,,,,,,,,,,,,,,,,,,,,,,,,,,,,,,,,,,,,,
2020-02-21,699814.3372316178,26.78195919208156,,,,,,,,,,,76494.84123570709,,1039061.7711000025,,,,,,,,,,,,,,,,,,,,11006.28547905363,,,,12643.693593585476,7886.817145908704,1587.3211223673818,27419.741964532615,41121.54828779031,8611.827969986563,36688.78969979372,18913.798441875882,,,,,,,,,,,,,,,,,,,,,,,,,,,,,,,,,,,,,,,,,,,,,,,,,,,,,,,,,,,,,,,,,,,,,,,,,,,,,,0.0,0.0,0.0,0.0,0.0,0.0,0.0,0.0,0.0,0.0,0.0,0.0,0.0,0.0,0.0,0.0,,0.0,0.0,0.0,,0.0,0.0,0.0,0.0,0.0,,0.0,0.0,0.0,0.0,0.0,0.0,,0.0,,,,0.0,0.0,0.0,,0.0,0.0,0.0,0.0,0.0,,,0.0,,0.0,0.0,0.0,0.0,0.0,0.0,0.0,0.0,0.0,0.0,0.0,0.0,0.0,,0.0,0.0,0.0,0.0,0.0,,0.0,0.0,,0.0,0.0,0.0,0.0,,0.0,0.0,0.0,0.0,0.0,,0.0,0.0,,0.0,0.0,0.0,0.0,0.0,0.0,0.0,0.0,0.0,0.0,0.0,0.0,,0.0,0.0,,,,,0.0,0.0,0.0,0.0,0.0,0.0,0.0,0.0,0.0,,0.0,0.0,0.0,,0.0,0.0,0.0,0.0,0.0,0.0,,0.0,,0.0,0.0,0.0,0.0,0.0,0.0,0.0,,0.0,0.0,0.0,0.0,0.0,0.0,0.0,0.0,0.0,0.0,0.0,0.0,0.0,,0.0,0.0,0.0,0.0,,0.0,0.0,0.0,0.0,0.0,0.0,0.0,0.0,0.0,0.0,0.0,0.0,0.0,0.0,,,,0.0,0.0,0.0,0.0,0.0,0.0,0.0,,0.0,0.16256678104400635,0.0,0.0,0.0,0.0,0.0,0.0,0.0,,0.0,0.0,0.0,0.0,0.0,0.0,,0.0,0.0,0.0,0.0,0.0,0.0,0.0,0.0,0.0,0.0,,0.0,0.0,0.0,0.0,,0.0,0.0,0.0,0.0,0.0,0.0,,0.0,0.0,0.0,0.0,0.0,0.0,,0.0,,0.0,0.0,0.0,0.0,0.0,0.0,0.0,0.0,0.0,0.0,0.06631564348936081,,0.0,0.0,0.0,0.0,0.2114010602235794,0.0,0.0,0.0,0.0,0.0,,0.0,0.0,0.0,0.0,0.0,0.0,0.0,0.0,0.07473663240671158,0.002394676674157381,0.0,,0.0,0.0,0.0,0.0,0.0,0.0,0.0,0.0,,0.0,0.0,,0.0,0.0,0.0,0.0,,,0.0,0.0,,0.0,0.0,,,0.0,0.0,0.0,0.0,0.0,0.0,0.0,,0.0,0.0,0.0,0.0,0.0,0.0,0.0,0.0,0.0,0.0,0.0,,0.0,0.0,,0.0,0.0,0.0,,0.0,0.0,0.0,0.0,,0.0,0.0,0.0,0.0,0.0,0.0,0.0,0.0,0.0,0.0,0.0,0.0,0.0,0.0,0.0,0.0,,0.0,0.11432407796382904,0.0,0.0,0.15972954034805298,0.0,0.0,0.0,0.0,0.0,0.0,0.0,0.0,0.0,0.0,,0.0,0.0,0.0,0.0,0.0,0.0,0.0,0.0,0.0,0.0,0.0,0.0,0.0,0.0,0.0,,,0.0,0.0,0.0,,,0.0,0.0,0.0,,0.0,,0.0,,0.0,,,0.0,,0.0,,0.0,0.0,0.0,0.0,0.0,0.0,0.0,0.0,0.0,0.0,,0.0,0.0,,0.0,0.0,0.0,0.0,,0.0,0.0,0.0,0.0,0.0,0.0,0.07511357963085175,0.0,,0.0,,0.0,0.0,0.0,0.0,,0.0,,,,0.0,,0.0,0.0,,0.0,0.0,0.0,0.0,,,0.0,0.0,0.0,0.0,0.0,,0.0,,0.0,0.0,0.0,0.008292756043374538,0.0,0.0,0.0,,0.0,0.0,0.0,0.0,0.0,0.0,,0.0,0.0,0.0,0.0,0.0,0.0,,,0.0,0.0,0.0,0.0,0.0,0.0,,0.0,0.0,0.0,,0.0,,,0.0,0.0,0.0,0.0,0.0,,0.0,0.0,,0.0,,0.0,0.0,0.0,0.0,0.0,0.0,0.0,0.0,0.0,0.0,0.0,0.0,0.0,0.0,0.0,0.0,0.0,0.0,0.0,0.0,0.0,0.0,0.0,0.0,0.0,0.0,0.0,0.0,0.0,0.0,0.0,0.0,0.0,0.0,0.0,0.0,0.0,0.0,0.0,0.0,0.0,0.01570284366607666,0.0,0.0,0.0,0.0,0.0,0.0,0.0,0.0,0.0,0.0,0.0,0.0,0.0,0.0,0.0,0.0,0.0,0.0,0.0,0.0,0.0,0.0,0.0,0.0,0.0,0.0,0.0,0.0,0.0,0.0,0.0,0.0,0.0,0.0,0.0,0.0,0.0,0.10942241549491882,0.0,0.0,0.0,0.0,0.0,0.0,0.0,0.0,0.0,0.0,0.0,0.0,0.0,0.0,0.0,,,,,,,,,,,,,,,,,,,,,,,,,,,,,,,,,,,,,,,,,,,,,,,,,,,,,,,,,,,,,,,,,,,,,,,,,,,,,,,,,,,,,,,,,,,,,,,,,,,,,,,,,,,,,,,,,,,,,,,,,,,,,,,,,,,,,,,,,,,,,,,,,,,,,,,,,,,,,,,,,,,,,,,,,,,,,,
2020-02-24,712328.3686725522,59.46963099621826,,,,,,,,,,,76494.84123570709,,1039061.7711000025,,,,,,,,,,,,,,,,,,,,10358.534136875505,,,,12643.693593585476,8384.91254017645,1587.3211223673818,27419.741964532615,40374.76091859668,7916.9383420945505,36692.20822993845,24388.617518963034,,,,,,,,,,,,,,,,,,,,,,,,,,,,,,,,,,,,,,,,,,,,,,,,,,,,,,,,,,,,,,,,,,,,,,,,,,,,,,0.0,0.0,0.0,0.0,0.0,0.0,0.0,0.0,0.0,0.0,0.0,0.0,0.0,0.0,0.0,0.0,,0.0,0.0,0.0,,0.0,0.0,0.0,0.0,0.0,,0.0,0.0,0.0,0.0,0.0,0.0,,0.0,,,,0.0,0.0,0.0,,0.0,0.0,0.0,0.0,0.0,,,0.0,,0.0,0.0,0.0,0.0,0.0,0.0,0.0,0.0,0.0,0.0,0.0,0.0,0.0,,0.0,0.0,0.0,0.0,0.0,,0.0,0.0,,0.0,0.0,0.0,0.0,,0.0,0.0,0.0,0.0,0.0,,0.0,0.0,,0.0,0.0,0.0,0.0,0.0,0.0,0.0,0.0,0.0,0.0,0.0,0.0,,0.0,0.0,,,,,0.0,0.0,0.0,0.0,0.0,0.0,0.0,0.0,0.0,,0.0,0.0,0.0,,0.0,0.0,0.0,0.0,0.0,0.0,,0.0,,0.0,0.0,0.0,0.0,0.0,0.0,0.0,,0.0,0.0,0.0,0.0,0.0,0.0,0.0,0.0,0.0,0.0,0.0,0.0,0.0,,0.0,0.0,0.0,0.0,,0.0,0.0,0.0,0.0,0.0,0.0,0.0,0.0,0.0,0.0,0.0,0.0,0.0,0.0,,,,0.0,0.0,0.0,0.0,0.0,0.0,0.0,,0.0,0.16256678104400635,0.0,0.0,0.0,0.0,0.0,0.0,0.0,,0.0,0.0,0.0,0.0,0.0,0.0,,0.0,0.0,0.0,0.0,0.0,0.0,0.0,0.0,0.0,0.0,,0.0,0.0,0.0,0.0,,0.0,0.0,0.0,0.0,0.0,0.0,,0.0,0.0,0.0,0.0,0.0,0.0,,0.0,,0.0,0.0,0.0,0.0,0.0,0.0,0.0,0.0,0.0,0.0,0.06631564348936081,,0.0,0.0,0.0,0.0,0.2114010602235794,0.0,0.0,0.0,0.0,0.0,,0.0,0.0,0.0,0.0,0.0,0.0,0.0,0.0,0.07473663240671158,0.002394676674157381,0.0,,0.0,0.0,0.0,0.0,0.0,0.0,0.0,0.0,,0.0,0.0,,0.0,0.0,0.0,0.0,,,0.0,0.0,,0.0,0.0,,,0.0,0.0,0.0,0.0,0.0,0.0,0.0,,0.0,0.0,0.0,0.0,0.0,0.0,0.0,0.0,0.0,0.0,0.0,,0.0,0.0,,0.0,0.0,0.0,,0.0,0.0,0.0,0.0,,0.0,0.0,0.0,0.0,0.0,0.0,0.0,0.0,0.0,0.0,0.0,0.0,0.0,0.0,0.0,0.0,,0.0,0.11432407796382904,0.0,0.0,0.15972954034805298,0.0,0.0,0.0,0.0,0.0,0.0,0.0,0.0,0.0,0.0,,0.0,0.0,0.0,0.0,0.0,0.0,0.0,0.0,0.0,0.0,0.0,0.0,0.0,0.0,0.0,,,0.0,0.0,0.0,,,0.0,0.0,0.0,,0.0,,0.0,,0.0,,,0.0,,0.0,,0.0,0.0,0.0,0.0,0.0,0.0,0.0,0.0,0.0,0.0,,0.0,0.0,,0.0,0.0,0.0,0.0,,0.0,0.0,0.0,0.0,0.0,0.0,0.07511357963085175,0.0,,0.0,,0.0,0.0,0.0,0.0,,0.0,,,,0.0,,0.0,0.0,,0.0,0.0,0.0,0.0,,,0.0,0.0,0.0,0.0,0.0,,0.0,,0.0,0.0,0.0,0.008292756043374538,0.0,0.0,0.0,,0.0,0.0,0.0,0.0,0.0,0.0,,0.0,0.0,0.0,0.0,0.0,0.0,,,0.0,0.0,0.0,0.0,0.0,0.0,,0.0,0.0,0.0,,0.0,,,0.0,0.0,0.0,0.0,0.0,,0.0,0.0,,0.0,,0.0,0.0,0.0,0.0,0.0,0.0,0.0,0.0,0.0,0.0,0.0,0.0,0.0,0.0,0.0,0.0,0.0,0.0,0.0,0.0,0.0,0.0,0.0,0.0,0.0,0.0,0.0,0.0,0.0,0.0,0.0,0.0,0.0,0.0,0.0,0.0,0.0,0.0,0.0,0.0,0.0,0.01570284366607666,0.0,0.0,0.0,0.0,0.0,0.0,0.0,0.0,0.0,0.0,0.0,0.0,0.0,0.0,0.0,0.0,0.0,0.0,0.0,0.0,0.0,0.0,0.0,0.0,0.0,0.0,0.0,0.0,0.0,0.0,0.0,0.0,0.0,0.0,0.0,0.0,0.0,0.10942241549491882,0.0,0.0,0.0,0.0,0.0,0.0,0.0,0.0,0.0,0.0,0.0,0.0,0.0,0.0,0.0,,,,,,,,,,,,,,,,,,,,,,,,,,,,,,,,,,,,,,,,,,,,,,,,,,,,,,,,,,,,,,,,,,,,,,,,,,,,,,,,,,,,,,,,,,,,,,,,,,,,,,,,,,,,,,,,,,,,,,,,,,,,,,,,,,,,,,,,,,,,,,,,,,,,,,,,,,,,,,,,,,,,,,,,,,,,,,
2020-02-25,717163.8469319122,215.79248503281036,,,,,,,,,,,76494.84123570709,,1039061.7711000025,,,,,,,,,,,,,,,,,,,,10358.529140368182,,,,12643.693593585476,8384.91254017645,1587.3232248785232,27419.741964532615,39625.967618018825,8055.841955719464,36688.26736437453,24388.617518963034,,,,,,,,,,,,,,,,,,,,,,,,,,,,,,,,,,,,,,,,,,,,,,,,,,,,,,,,,,,,,,,,,,,,,,,,,,,,,,0.0,0.0,0.0,0.0,0.0,0.0,0.0,0.0,0.0,0.0,0.0,0.0,0.0,0.0,0.0,0.0,,0.0,0.0,0.0,,0.0,0.0,0.0,0.0,0.0,,0.0,0.0,0.0,0.0,0.0,0.0,,0.0,,,,0.0,0.0,0.0,,0.0,0.0,0.0,0.0,0.0,,,0.0,,0.0,0.0,0.0,0.0,0.0,0.0,0.0,0.0,0.0,0.0,0.0,0.0,0.0,,0.0,0.0,0.0,0.0,0.0,,0.0,0.0,,0.0,0.0,0.0,0.0,,0.0,0.0,0.0,0.0,0.0,,0.0,0.0,,0.0,0.0,0.0,0.0,0.0,0.0,0.0,0.0,0.0,0.0,0.0,0.0,,0.0,0.0,,,,,0.0,0.0,0.0,0.0,0.0,0.0,0.0,0.0,0.0,,0.0,0.0,0.0,,0.0,0.0,0.0,0.0,0.0,0.0,,0.0,,0.0,0.0,0.0,0.0,0.0,0.0,0.0,,0.0,0.0,0.0,0.0,0.0,0.0,0.0,0.0,0.0,0.0,0.0,0.0,0.0,,0.0,0.0,0.0,0.0,,0.0,0.0,0.0,0.0,0.0,0.0,0.0,0.0,0.0,0.0,0.0,0.0,0.0,0.0,,,,0.0,0.0,0.0,0.0,0.0,0.0,0.0,,0.0,0.16256678104400635,0.0,0.0,0.0,0.0,0.0,0.0,0.0,,0.0,0.0,0.0,0.0,0.0,0.0,,0.0,0.0,0.0,0.0,0.0,0.0,0.0,0.0,0.0,0.0,,0.0,0.0,0.0,0.0,,0.0,0.0,0.0,0.0,0.0,0.0,,0.0,0.0,0.0,0.0,0.0,0.0,,0.0,,0.0,0.0,0.0,0.0,0.0,0.0,0.0,0.0,0.0,0.0,0.06631564348936081,,0.0,0.0,0.0,0.0,0.2114010602235794,0.0,0.0,0.0,0.0,0.0,,0.0,0.0,0.0,0.0,0.0,0.0,0.0,0.0,0.07473663240671158,0.002394676674157381,0.0,,0.0,0.0,0.0,0.0,0.0,0.0,0.0,0.0,,0.0,0.0,,0.0,0.0,0.0,0.0,,,0.0,0.0,,0.0,0.0,,,0.0,0.0,0.0,0.0,0.0,0.0,0.0,,0.0,0.0,0.0,0.0,0.0,0.0,0.0,0.0,0.0,0.0,0.0,,0.0,0.0,,0.0,0.0,0.0,,0.0,0.0,0.0,0.0,,0.0,0.0,0.0,0.0,0.0,0.0,0.0,0.0,0.0,0.0,0.0,0.0,0.0,0.0,0.0,0.0,,0.0,0.11432407796382904,0.0,0.0,0.15972954034805298,0.0,0.0,0.0,0.0,0.0,0.0,0.0,0.0,0.0,0.0,,0.0,0.0,0.0,0.0,0.0,0.0,0.0,0.0,0.0,0.0,0.0,0.0,0.0,0.0,0.0,,,0.0,0.0,0.0,,,0.0,0.0,0.0,,0.0,,0.0,,0.0,,,0.0,,0.0,,0.0,0.0,0.0,0.0,0.0,0.0,0.0,0.0,0.0,0.0,,0.0,0.0,,0.0,0.0,0.0,0.0,,0.0,0.0,0.0,0.0,0.0,0.0,0.07511357963085175,0.0,,0.0,,0.0,0.0,0.0,0.0,,0.0,,,,0.0,,0.0,0.0,,0.0,0.0,0.0,0.0,,,0.0,0.0,0.0,0.0,0.0,,0.0,,0.0,0.0,0.0,0.008292756043374538,0.0,0.0,0.0,,0.0,0.0,0.0,0.0,0.0,0.0,,0.0,0.0,0.0,0.0,0.0,0.0,,,0.0,0.0,0.0,0.0,0.0,0.0,,0.0,0.0,0.0,,0.0,,,0.0,0.0,0.0,0.0,0.0,,0.0,0.0,,0.0,,0.0,0.0,0.0,0.0,0.0,0.0,0.0,0.0,0.0,0.0,0.0,0.0,0.0,0.0,0.0,0.0,0.0,0.0,0.0,0.0,0.0,0.0,0.0,0.0,0.0,0.0,0.0,0.0,0.0,0.0,0.0,0.0,0.0,0.0,0.0,0.0,0.0,0.0,0.0,0.0,0.0,0.01570284366607666,0.0,0.0,0.0,0.0,0.0,0.0,0.0,0.0,0.0,0.0,0.0,0.0,0.0,0.0,0.0,0.0,0.0,0.0,0.0,0.0,0.0,0.0,0.0,0.0,0.0,0.0,0.0,0.0,0.0,0.0,0.0,0.0,0.0,0.0,0.0,0.0,0.0,0.10942241549491882,0.0,0.0,0.0,0.0,0.0,0.0,0.0,0.0,0.0,0.0,0.0,0.0,0.0,0.0,0.0,,,,,,,,,,,,,,,,,,,,,,,,,,,,,,,,,,,,,,,,,,,,,,,,,,,,,,,,,,,,,,,,,,,,,,,,,,,,,,,,,,,,,,,,,,,,,,,,,,,,,,,,,,,,,,,,,,,,,,,,,,,,,,,,,,,,,,,,,,,,,,,,,,,,,,,,,,,,,,,,,,,,,,,,,,,,,,
2020-02-26,685718.0949509791,282.8562915524567,,,,,,,,,,,76494.84123570709,,1039061.7711000025,,,,,,,,,,,,,,,,,,,,10358.529140368182,,,,12643.693593585476,8384.91254017645,1587.3232248785232,27419.741964532615,39628.8109071964,7499.238578302039,38218.77340661864,25881.722089150706,,,,,,,,,,,,,,,,,,,,,,,,,,,,,,,,,,,,,,,,,,,,,,,,,,,,,,,,,,,,,,,,,,,,,,,,,,,,,,0.0,0.0,0.0,0.0,0.0,0.0,0.0,0.0,0.0,0.0,0.0,0.0,0.0,0.0,0.0,0.0,,0.0,0.0,0.0,,0.0,0.0,0.0,0.0,0.0,,0.0,0.0,0.0,0.0,0.0,0.0,,0.0,,,,0.0,0.0,0.0,,0.0,0.0,0.0,0.0,0.0,,,0.0,,0.0,0.0,0.0,0.0,0.0,0.0,0.0,0.0,0.0,0.0,0.0,0.0,0.0,,0.0,0.0,0.0,0.0,0.0,,0.0,0.0,,0.0,0.0,0.0,0.0,,0.0,0.0,0.0,0.0,0.0,,0.0,0.0,,0.0,0.0,0.0,0.0,0.0,0.0,0.0,0.0,0.0,0.0,0.0,0.0,,0.0,0.0,,,,,0.0,0.0,0.0,0.0,0.0,0.0,0.0,0.0,0.0,,0.0,0.0,0.0,,0.0,0.0,0.0,0.0,0.0,0.0,,0.0,,0.0,0.0,0.0,0.0,0.0,0.0,0.0,,0.0,0.0,0.0,0.0,0.0,0.0,0.0,0.0,0.0,0.0,0.0,0.0,0.0,,0.0,0.0,0.0,0.0,,0.0,0.0,0.0,0.0,0.0,0.0,0.0,0.0,0.0,0.0,0.0,0.0,0.0,0.0,,,,0.0,0.0,0.0,0.0,0.0,0.0,0.0,,0.0,0.16256678104400635,0.0,0.0,0.0,0.0,0.0,0.0,0.0,,0.0,0.0,0.0,0.0,0.0,0.0,,0.0,0.0,0.0,0.0,0.0,0.0,0.0,0.0,0.0,0.0,,0.0,0.0,0.0,0.0,,0.0,0.0,0.0,0.0,0.0,0.0,,0.0,0.0,0.0,0.0,0.0,0.0,,0.0,,0.0,0.0,0.0,0.0,0.0,0.0,0.0,0.0,0.0,0.0,0.06631564348936081,,0.0,0.0,0.0,0.0,0.2114010602235794,0.0,0.0,0.0,0.0,0.0,,0.0,0.0,0.0,0.0,0.0,0.0,0.0,0.0,0.07473663240671158,0.002394676674157381,0.0,,0.0,0.0,0.0,0.0,0.0,0.0,0.0,0.0,,0.0,0.0,,0.0,0.0,0.0,0.0,,,0.0,0.0,,0.0,0.0,,,0.0,0.0,0.0,0.0,0.0,0.0,0.0,,0.0,0.0,0.0,0.0,0.0,0.0,0.0,0.0,0.0,0.0,0.0,,0.0,0.0,,0.0,0.0,0.0,,0.0,0.0,0.0,0.0,,0.0,0.0,0.0,0.0,0.0,0.0,0.0,0.0,0.0,0.0,0.0,0.0,0.0,0.0,0.0,0.0,,0.0,0.11432407796382904,0.0,0.0,0.15972954034805298,0.0,0.0,0.0,0.0,0.0,0.0,0.0,0.0,0.0,0.0,,0.0,0.0,0.0,0.0,0.0,0.0,0.0,0.0,0.0,0.0,0.0,0.0,0.0,0.0,0.0,,,0.0,0.0,0.0,,,0.0,0.0,0.0,,0.0,,0.0,,0.0,,,0.0,,0.0,,0.0,0.0,0.0,0.0,0.0,0.0,0.0,0.0,0.0,0.0,,0.0,0.0,,0.0,0.0,0.0,0.0,,0.0,0.0,0.0,0.0,0.0,0.0,0.07511357963085175,0.0,,0.0,,0.0,0.0,0.0,0.0,,0.0,,,,0.0,,0.0,0.0,,0.0,0.0,0.0,0.0,,,0.0,0.0,0.0,0.0,0.0,,0.0,,0.0,0.0,0.0,0.008292756043374538,0.0,0.0,0.0,,0.0,0.0,0.0,0.0,0.0,0.0,,0.0,0.0,0.0,0.0,0.0,0.0,,,0.0,0.0,0.0,0.0,0.0,0.0,,0.0,0.0,0.0,,0.0,,,0.0,0.0,0.0,0.0,0.0,,0.0,0.0,,0.0,,0.0,0.0,0.0,0.0,0.0,0.0,0.0,0.0,0.0,0.0,0.0,0.0,0.0,0.0,0.0,0.0,0.0,0.0,0.0,0.0,0.0,0.0,0.0,0.0,0.0,0.0,0.0,0.0,0.0,0.0,0.0,0.0,0.0,0.0,0.0,0.0,0.0,0.0,0.0,0.0,0.0,0.01570284366607666,0.0,0.0,0.0,0.0,0.0,0.0,0.0,0.0,0.0,0.0,0.0,0.0,0.0,0.0,0.0,0.0,0.0,0.0,0.0,0.0,0.0,0.0,0.0,0.0,0.0,0.0,0.0,0.0,0.0,0.0,0.0,0.0,0.0,0.0,0.0,0.0,0.0,0.10942241549491882,0.0,0.0,0.0,0.0,0.0,0.0,0.0,0.0,0.0,0.0,0.0,0.0,0.0,0.0,0.0,,,,,,,,,,,,,,,,,,,,,,,,,,,,,,,,,,,,,,,,,,,,,,,,,,,,,,,,,,,,,,,,,,,,,,,,,,,,,,,,,,,,,,,,,,,,,,,,,,,,,,,,,,,,,,,,,,,,,,,,,,,,,,,,,,,,,,,,,,,,,,,,,,,,,,,,,,,,,,,,,,,,,,,,,,,,,,
2020-02-27,691475.3181134354,3.3210200600515236,,,,,,,,,,,76494.84123570709,,1039061.7711000025,,,,,,,,,,,,,,,,,,,,10358.529140368182,,,,12643.693593585476,8384.91254017645,1587.3232248785232,27229.578921452838,39628.943368502165,7499.238578302039,38219.487336498016,26379.474961309792,,,,,,,,,,,,,,,,,,,,,,,,,,,,,,,,,,,,,,,,,,,,,,,,,,,,,,,,,,,,,,,,,,,,,,,,,,,,,,0.0,0.0,0.0,0.0,0.0,0.0,0.0,0.0,0.0,0.0,0.0,0.0,0.0,0.0,0.0,0.0,,0.0,0.0,0.0,,0.0,0.0,0.0,0.0,0.0,,0.0,0.0,0.0,0.0,0.0,0.0,,0.0,,,,0.0,0.0,0.0,,0.0,0.0,0.0,0.0,0.0,,,0.0,,0.0,0.0,0.0,0.0,0.0,0.0,0.0,0.0,0.0,0.0,0.0,0.0,0.0,,0.0,0.0,0.0,0.0,0.0,,0.0,0.0,,0.0,0.0,0.0,0.0,,0.0,0.0,0.0,0.0,0.0,,0.0,0.0,,0.0,0.0,0.0,0.0,0.0,0.0,0.0,0.0,0.0,0.0,0.0,0.0,,0.0,0.0,,,,,0.0,0.0,0.0,0.0,0.0,0.0,0.0,0.0,0.0,,0.0,0.0,0.0,,0.0,0.0,0.0,0.0,0.0,0.0,,0.0,,0.0,0.0,0.0,0.0,0.0,0.0,0.0,,0.0,0.0,0.0,0.0,0.0,0.0,0.0,0.0,0.0,0.0,0.0,0.0,0.0,,0.0,0.0,0.0,0.0,,0.0,0.0,0.0,0.0,0.0,0.0,0.0,0.0,0.0,0.0,0.0,0.0,0.0,0.0,,,,0.0,0.0,0.0,0.0,0.0,0.0,0.0,,0.0,0.16256678104400635,0.0,0.0,0.0,0.0,0.0,0.0,0.0,,0.0,0.0,0.0,0.0,0.0,0.0,,0.0,0.0,0.0,0.0,0.0,0.0,0.0,0.0,0.0,0.0,,0.0,0.0,0.0,0.0,,0.0,0.0,0.0,0.0,0.0,0.0,,0.0,0.0,0.0,0.0,0.0,0.0,,0.0,,0.0,0.0,0.0,0.0,0.0,0.0,0.0,0.0,0.0,0.0,0.06631564348936081,,0.0,0.0,0.0,0.0,0.2114010602235794,0.0,0.0,0.0,0.0,0.0,,0.0,0.0,0.0,0.0,0.0,0.0,0.0,0.0,0.07473663240671158,0.002394676674157381,0.0,,0.0,0.0,0.0,0.0,0.0,0.0,0.0,0.0,,0.0,0.0,,0.0,0.0,0.0,0.0,,,0.0,0.0,,0.0,0.0,,,0.0,0.0,0.0,0.0,0.0,0.0,0.0,,0.0,0.0,0.0,0.0,0.0,0.0,0.0,0.0,0.0,0.0,0.0,,0.0,0.0,,0.0,0.0,0.0,,0.0,0.0,0.0,0.0,,0.0,0.0,0.0,0.0,0.0,0.0,0.0,0.0,0.0,0.0,0.0,0.0,0.0,0.0,0.0,0.0,,0.0,0.11432407796382904,0.0,0.0,0.15972954034805298,0.0,0.0,0.0,0.0,0.0,0.0,0.0,0.0,0.0,0.0,,0.0,0.0,0.0,0.0,0.0,0.0,0.0,0.0,0.0,0.0,0.0,0.0,0.0,0.0,0.0,,,0.0,0.0,0.0,,,0.0,0.0,0.0,,0.0,,0.0,,0.0,,,0.0,,0.0,,0.0,0.0,0.0,0.0,0.0,0.0,0.0,0.0,0.0,0.0,,0.0,0.0,,0.0,0.0,0.0,0.0,,0.0,0.0,0.0,0.0,0.0,0.0,0.07511357963085175,0.0,,0.0,,0.0,0.0,0.0,0.0,,0.0,,,,0.0,,0.0,0.0,,0.0,0.0,0.0,0.0,,,0.0,0.0,0.0,0.0,0.0,,0.0,,0.0,0.0,0.0,0.008292756043374538,0.0,0.0,0.0,,0.0,0.0,0.0,0.0,0.0,0.0,,0.0,0.0,0.0,0.0,0.0,0.0,,,0.0,0.0,0.0,0.0,0.0,0.0,,0.0,0.0,0.0,,0.0,,,0.0,0.0,0.0,0.0,0.0,,0.0,0.0,,0.0,,0.0,0.0,0.0,0.0,0.0,0.0,0.0,0.0,0.0,0.0,0.0,0.0,0.0,0.0,0.0,0.0,0.0,0.0,0.0,0.0,0.0,0.0,0.0,0.0,0.0,0.0,0.0,0.0,0.0,0.0,0.0,0.0,0.0,0.0,0.0,0.0,0.0,0.0,0.0,0.0,0.0,0.01570284366607666,0.0,0.0,0.0,0.0,0.0,0.0,0.0,0.0,0.0,0.0,0.0,0.0,0.0,0.0,0.0,0.0,0.0,0.0,0.0,0.0,0.0,0.0,0.0,0.0,0.0,0.0,0.0,0.0,0.0,0.0,0.0,0.0,0.0,0.0,0.0,0.0,0.0,0.10942241549491882,0.0,0.0,0.0,0.0,0.0,0.0,0.0,0.0,0.0,0.0,0.0,0.0,0.0,0.0,0.0,,,,,,,,,,,,,,,,,,,,,,,,,,,,,,,,,,,,,,,,,,,,,,,,,,,,,,,,,,,,,,,,,,,,,,,,,,,,,,,,,,,,,,,,,,,,,,,,,,,,,,,,,,,,,,,,,,,,,,,,,,,,,,,,,,,,,,,,,,,,,,,,,,,,,,,,,,,,,,,,,,,,,,,,,,,,,,
2020-02-28,660645.4149367264,8.816705625646543,,,,,,,,,,,76494.84123570709,,1039061.7711000025,,,,,,,,,,,,,,,,,,,,10358.529140368182,,,,12642.945247594025,8384.91254017645,1587.3232248785232,27229.578921452838,39628.943368502165,7499.238578302039,38218.616693873664,26379.474961309792,,,,,,,,,,,,,,,,,,,,,,,,,,,,,,,,,,,,,,,,,,,,,,,,,,,,,,,,,,,,,,,,,,,,,,,,,,,,,,0.0,0.0,0.0,0.0,0.0,0.0,0.0,0.0,0.0,0.0,0.0,0.0,0.0,0.0,0.0,0.0,,0.0,0.0,0.0,,0.0,0.0,0.0,0.0,0.0,,0.0,0.0,0.0,0.0,0.0,0.0,,0.0,,,,0.0,0.0,0.0,,0.0,0.0,0.0,0.0,0.0,,,0.0,,0.0,0.0,0.0,0.0,0.0,0.0,0.0,0.0,0.0,0.0,0.0,0.0,0.0,,0.0,0.0,0.0,0.0,0.0,,0.0,0.0,,0.0,0.0,0.0,0.0,,0.0,0.0,0.0,0.0,0.0,,0.0,0.0,,0.0,0.0,0.0,0.0,0.0,0.0,0.0,0.0,0.0,0.0,0.0,0.0,,0.0,0.0,,,,,0.0,0.0,0.0,0.0,0.0,0.0,0.0,0.0,0.0,,0.0,0.0,0.0,,0.0,0.0,0.0,0.0,0.0,0.0,,0.0,,0.0,0.0,0.0,0.0,0.0,0.0,0.0,,0.0,0.0,0.0,0.0,0.0,0.0,0.0,0.0,0.0,0.0,0.0,0.0,0.0,,0.0,0.0,0.0,0.0,,0.0,0.0,0.0,0.0,0.0,0.0,0.0,0.0,0.0,0.0,0.0,0.0,0.0,0.0,,,,0.0,0.0,0.0,0.0,0.0,0.0,0.0,,0.0,0.16256678104400635,0.0,0.0,0.0,0.0,0.0,0.0,0.0,,0.0,0.0,0.0,0.0,0.0,0.0,,0.0,0.0,0.0,0.0,0.0,0.0,0.0,0.0,0.0,0.0,,0.0,0.0,0.0,0.0,,0.0,0.0,0.0,0.0,0.0,0.0,,0.0,0.0,0.0,0.0,0.0,0.0,,0.0,,0.0,0.0,0.0,0.0,0.0,0.0,0.0,0.0,0.0,0.0,0.06631564348936081,,0.0,0.0,0.0,0.0,0.2114010602235794,0.0,0.0,0.0,0.0,0.0,,0.0,0.0,0.0,0.0,0.0,0.0,0.0,0.0,0.07473663240671158,0.002394676674157381,0.0,,0.0,0.0,0.0,0.0,0.0,0.0,0.0,0.0,,0.0,0.0,,0.0,0.0,0.0,0.0,,,0.0,0.0,,0.0,0.0,,,0.0,0.0,0.0,0.0,0.0,0.0,0.0,,0.0,0.0,0.0,0.0,0.0,0.0,0.0,0.0,0.0,0.0,0.0,,0.0,0.0,,0.0,0.0,0.0,,0.0,0.0,0.0,0.0,,0.0,0.0,0.0,0.0,0.0,0.0,0.0,0.0,0.0,0.0,0.0,0.0,0.0,0.0,0.0,0.0,,0.0,0.11432407796382904,0.0,0.0,0.15972954034805298,0.0,0.0,0.0,0.0,0.0,0.0,0.0,0.0,0.0,0.0,,0.0,0.0,0.0,0.0,0.0,0.0,0.0,0.0,0.0,0.0,0.0,0.0,0.0,0.0,0.0,,,0.0,0.0,0.0,,,0.0,0.0,0.0,,0.0,,0.0,,0.0,,,0.0,,0.0,,0.0,0.0,0.0,0.0,0.0,0.0,0.0,0.0,0.0,0.0,,0.0,0.0,,0.0,0.0,0.0,0.0,,0.0,0.0,0.0,0.0,0.0,0.0,0.07511357963085175,0.0,,0.0,,0.0,0.0,0.0,0.0,,0.0,,,,0.0,,0.0,0.0,,0.0,0.0,0.0,0.0,,,0.0,0.0,0.0,0.0,0.0,,0.0,,0.0,0.0,0.0,0.008292756043374538,0.0,0.0,0.0,,0.0,0.0,0.0,0.0,0.0,0.0,,0.0,0.0,0.0,0.0,0.0,0.0,,,0.0,0.0,0.0,0.0,0.0,0.0,,0.0,0.0,0.0,,0.0,,,0.0,0.0,0.0,0.0,0.0,,0.0,0.0,,0.0,,0.0,0.0,0.0,0.0,0.0,0.0,0.0,0.0,0.0,0.0,0.0,0.0,0.0,0.0,0.0,0.0,0.0,0.0,0.0,0.0,0.0,0.0,0.0,0.0,0.0,0.0,0.0,0.0,0.0,0.0,0.0,0.0,0.0,0.0,0.0,0.0,0.0,0.0,0.0,0.0,0.0,0.01570284366607666,0.0,0.0,0.0,0.0,0.0,0.0,0.0,0.0,0.0,0.0,0.0,0.0,0.0,0.0,0.0,0.0,0.0,0.0,0.0,0.0,0.0,0.0,0.0,0.0,0.0,0.0,0.0,0.0,0.0,0.0,0.0,0.0,0.0,0.0,0.0,0.0,0.0,0.10942241549491882,0.0,0.0,0.0,0.0,0.0,0.0,0.0,0.0,0.0,0.0,0.0,0.0,0.0,0.0,0.0,,,,,,,,,,,,,,,,,,,,,,,,,,,,,,,,,,,,,,,,,,,,,,,,,,,,,,,,,,,,,,,,,,,,,,,,,,,,,,,,,,,,,,,,,,,,,,,,,,,,,,,,,,,,,,,,,,,,,,,,,,,,,,,,,,,,,,,,,,,,,,,,,,,,,,,,,,,,,,,,,,,,,,,,,,,,,,
2020-03-02,690119.1326998256,33.97122977376429,,,,,,,,,,,76494.84123570709,,1039061.7711000025,,,,,,,,,,,,,,,,,,,,10358.529140368182,,,,12643.178475900671,8384.91254017645,1587.3232248785232,27218.864427836637,39628.943368502165,7499.238578302039,38218.616693873664,26379.474961309792,,,,,,,,,,,,,,,,,,,,,,,,,,,,,,,,,,,,,,,,,,,,,,,,,,,,,,,,,,,,,,,,,,,,,,,,,,,,,,0.0,0.0,0.0,0.0,0.0,0.0,0.0,0.0,0.0,0.0,0.0,0.0,0.0,0.0,0.0,0.0,,0.0,0.0,0.0,,0.0,0.0,0.0,0.0,0.0,,0.0,0.0,0.0,0.0,0.0,0.0,,0.0,,,,0.0,0.0,0.0,,0.0,0.0,0.0,0.0,0.0,,,0.0,,0.0,0.0,0.0,0.0,0.0,0.0,0.0,0.0,0.0,0.0,0.0,0.0,0.0,,0.0,0.0,0.0,0.0,0.0,,0.0,0.0,,0.0,0.0,0.0,0.0,,0.0,0.0,0.0,0.0,0.0,,0.0,0.0,,0.0,0.0,0.0,0.0,0.0,0.0,0.0,0.0,0.0,0.0,0.0,0.0,,0.0,0.0,,,,,0.0,0.0,0.0,0.0,0.0,0.0,0.0,0.0,0.0,,0.0,0.0,0.0,,0.0,0.0,0.0,0.0,0.0,0.0,,0.0,,0.0,0.0,0.0,0.0,0.0,0.0,0.0,,0.0,0.0,0.0,0.0,0.0,0.0,0.0,0.0,0.0,0.0,0.0,0.0,0.0,,0.0,0.0,0.0,0.0,,0.0,0.0,0.0,0.0,0.0,0.0,0.0,0.0,0.0,0.0,0.0,0.0,0.0,0.0,,,,0.0,0.0,0.0,0.0,0.0,0.0,0.0,,0.0,0.16256678104400635,0.0,0.0,0.0,0.0,0.0,0.0,0.0,,0.0,0.0,0.0,0.0,0.0,0.0,,0.0,0.0,0.0,0.0,0.0,0.0,0.0,0.0,0.0,0.0,,0.0,0.0,0.0,0.0,,0.0,0.0,0.0,0.0,0.0,0.0,,0.0,0.0,0.0,0.0,0.0,0.0,,0.0,,0.0,0.0,0.0,0.0,0.0,0.0,0.0,0.0,0.0,0.0,0.06631564348936081,,0.0,0.0,0.0,0.0,0.2114010602235794,0.0,0.0,0.0,0.0,0.0,,0.0,0.0,0.0,0.0,0.0,0.0,0.0,0.0,0.07473663240671158,0.002394676674157381,0.0,,0.0,0.0,0.0,0.0,0.0,0.0,0.0,0.0,,0.0,0.0,,0.0,0.0,0.0,0.0,,,0.0,0.0,,0.0,0.0,,,0.0,0.0,0.0,0.0,0.0,0.0,0.0,,0.0,0.0,0.0,0.0,0.0,0.0,0.0,0.0,0.0,0.0,0.0,,0.0,0.0,,0.0,0.0,0.0,,0.0,0.0,0.0,0.0,,0.0,0.0,0.0,0.0,0.0,0.0,0.0,0.0,0.0,0.0,0.0,0.0,0.0,0.0,0.0,0.0,,0.0,0.11432407796382904,0.0,0.0,0.15972954034805298,0.0,0.0,0.0,0.0,0.0,0.0,0.0,0.0,0.0,0.0,,0.0,0.0,0.0,0.0,0.0,0.0,0.0,0.0,0.0,0.0,0.0,0.0,0.0,0.0,0.0,,,0.0,0.0,0.0,,,0.0,0.0,0.0,,0.0,,0.0,,0.0,,,0.0,,0.0,,0.0,0.0,0.0,0.0,0.0,0.0,0.0,0.0,0.0,0.0,,0.0,0.0,,0.0,0.0,0.0,0.0,,0.0,0.0,0.0,0.0,0.0,0.0,0.07511357963085175,0.0,,0.0,,0.0,0.0,0.0,0.0,,0.0,,,,0.0,,0.0,0.0,,0.0,0.0,0.0,0.0,,,0.0,0.0,0.0,0.0,0.0,,0.0,,0.0,0.0,0.0,0.008292756043374538,0.0,0.0,0.0,,0.0,0.0,0.0,0.0,0.0,0.0,,0.0,0.0,0.0,0.0,0.0,0.0,,,0.0,0.0,0.0,0.0,0.0,0.0,,0.0,0.0,0.0,,0.0,,,0.0,0.0,0.0,0.0,0.0,,0.0,0.0,,0.0,,0.0,0.0,0.0,0.0,0.0,0.0,0.0,0.0,0.0,0.0,0.0,0.0,0.0,0.0,0.0,0.0,0.0,0.0,0.0,0.0,0.0,0.0,0.0,0.0,0.0,0.0,0.0,0.0,0.0,0.0,0.0,0.0,0.0,0.0,0.0,0.0,0.0,0.0,0.0,0.0,0.0,0.01570284366607666,0.0,0.0,0.0,0.0,0.0,0.0,0.0,0.0,0.0,0.0,0.0,0.0,0.0,0.0,0.0,0.0,0.0,0.0,0.0,0.0,0.0,0.0,0.0,0.0,0.0,0.0,0.0,0.0,0.0,0.0,0.0,0.0,0.0,0.0,0.0,0.0,0.0,0.10942241549491882,0.0,0.0,0.0,0.0,0.0,0.0,0.0,0.0,0.0,0.0,0.0,0.0,0.0,0.0,0.0,,,,,,,,,,,,,,,,,,,,,,,,,,,,,,,,,,,,,,,,,,,,,,,,,,,,,,,,,,,,,,,,,,,,,,,,,,,,,,,,,,,,,,,,,,,,,,,,,,,,,,,,,,,,,,,,,,,,,,,,,,,,,,,,,,,,,,,,,,,,,,,,,,,,,,,,,,,,,,,,,,,,,,,,,,,,,,
2020-03-03,694631.7790830316,53.533575245240854,,,,,,,,,,,76494.84123570709,,1039061.7711000025,,,,,,,,,,,,,,,,,,,,10358.529140368182,,,,11590.13707714972,9215.120415574329,1587.3232248785232,27218.864427836637,39628.943368502165,7082.5872445589175,39745.817633253966,27374.815484472354,,,,,,,,,,,,,,,,,,,,,,,,,,,,,,,,,,,,,,,,,,,,,,,,,,,,,,,,,,,,,,,,,,,,,,,,,,,,,,0.0,0.0,0.0,0.0,0.0,0.0,0.0,0.0,0.0,0.0,0.0,0.0,0.0,0.0,0.0,0.0,,0.0,0.0,0.0,,0.0,0.0,0.0,0.0,0.0,,0.0,0.0,0.0,0.0,0.0,0.0,,0.0,,,,0.0,0.0,0.0,,0.0,0.0,0.0,0.0,0.0,,,0.0,,0.0,0.0,0.0,0.0,0.0,0.0,0.0,0.0,0.0,0.0,0.0,0.0,0.0,,0.0,0.0,0.0,0.0,0.0,,0.0,0.0,,0.0,0.0,0.0,0.0,,0.0,0.0,0.0,0.0,0.0,,0.0,0.0,,0.0,0.0,0.0,0.0,0.0,0.0,0.0,0.0,0.0,0.0,0.0,0.0,,0.0,0.0,,,,,0.0,0.0,0.0,0.0,0.0,0.0,0.0,0.0,0.0,,0.0,0.0,0.0,,0.0,0.0,0.0,0.0,0.0,0.0,,0.0,,0.0,0.0,0.0,0.0,0.0,0.0,0.0,,0.0,0.0,0.0,0.0,0.0,0.0,0.0,0.0,0.0,0.0,0.0,0.0,0.0,,0.0,0.0,0.0,0.0,,0.0,0.0,0.0,0.0,0.0,0.0,0.0,0.0,0.0,0.0,0.0,0.0,0.0,0.0,,,,0.0,0.0,0.0,0.0,0.0,0.0,0.0,,0.0,0.16256678104400635,0.0,0.0,0.0,0.0,0.0,0.0,0.0,,0.0,0.0,0.0,0.0,0.0,0.0,,0.0,0.0,0.0,0.0,0.0,0.0,0.0,0.0,0.0,0.0,,0.0,0.0,0.0,0.0,,0.0,0.0,0.0,0.0,0.0,0.0,,0.0,0.0,0.0,0.0,0.0,0.0,,0.0,,0.0,0.0,0.0,0.0,0.0,0.0,0.0,0.0,0.0,0.0,0.06631564348936081,,0.0,0.0,0.0,0.0,0.2114010602235794,0.0,0.0,0.0,0.0,0.0,,0.0,0.0,0.0,0.0,0.0,0.0,0.0,0.0,0.07473663240671158,0.002394676674157381,0.0,,0.0,0.0,0.0,0.0,0.0,0.0,0.0,0.0,,0.0,0.0,,0.0,0.0,0.0,0.0,,,0.0,0.0,,0.0,0.0,,,0.0,0.0,0.0,0.0,0.0,0.0,0.0,,0.0,0.0,0.0,0.0,0.0,0.0,0.0,0.0,0.0,0.0,0.0,,0.0,0.0,,0.0,0.0,0.0,,0.0,0.0,0.0,0.0,,0.0,0.0,0.0,0.0,0.0,0.0,0.0,0.0,0.0,0.0,0.0,0.0,0.0,0.0,0.0,0.0,,0.0,0.11432407796382904,0.0,0.0,0.15972954034805298,0.0,0.0,0.0,0.0,0.0,0.0,0.0,0.0,0.0,0.0,,0.0,0.0,0.0,0.0,0.0,0.0,0.0,0.0,0.0,0.0,0.0,0.0,0.0,0.0,0.0,,,0.0,0.0,0.0,,,0.0,0.0,0.0,,0.0,,0.0,,0.0,,,0.0,,0.0,,0.0,0.0,0.0,0.0,0.0,0.0,0.0,0.0,0.0,0.0,,0.0,0.0,,0.0,0.0,0.0,0.0,,0.0,0.0,0.0,0.0,0.0,0.0,0.07511357963085175,0.0,,0.0,,0.0,0.0,0.0,0.0,,0.0,,,,0.0,,0.0,0.0,,0.0,0.0,0.0,0.0,,,0.0,0.0,0.0,0.0,0.0,,0.0,,0.0,0.0,0.0,0.008292756043374538,0.0,0.0,0.0,,0.0,0.0,0.0,0.0,0.0,0.0,,0.0,0.0,0.0,0.0,0.0,0.0,,,0.0,0.0,0.0,0.0,0.0,0.0,,0.0,0.0,0.0,,0.0,,,0.0,0.0,0.0,0.0,0.0,,0.0,0.0,,0.0,,0.0,0.0,0.0,0.0,0.0,0.0,0.0,0.0,0.0,0.0,0.0,0.0,0.0,0.0,0.0,0.0,0.0,0.0,0.0,0.0,0.0,0.0,0.0,0.0,0.0,0.0,0.0,0.0,0.0,0.0,0.0,0.0,0.0,0.0,0.0,0.0,0.0,0.0,0.0,0.0,0.0,0.01570284366607666,0.0,0.0,0.0,0.0,0.0,0.0,0.0,0.0,0.0,0.0,0.0,0.0,0.0,0.0,0.0,0.0,0.0,0.0,0.0,0.0,0.0,0.0,0.0,0.0,0.0,0.0,0.0,0.0,0.0,0.0,0.0,0.0,0.0,0.0,0.0,0.0,0.0,0.10942241549491882,0.0,0.0,0.0,0.0,0.0,0.0,0.0,0.0,0.0,0.0,0.0,0.0,0.0,0.0,0.0,,,,,,,,,,,,,,,,,,,,,,,,,,,,,,,,,,,,,,,,,,,,,,,,,,,,,,,,,,,,,,,,,,,,,,,,,,,,,,,,,,,,,,,,,,,,,,,,,,,,,,,,,,,,,,,,,,,,,,,,,,,,,,,,,,,,,,,,,,,,,,,,,,,,,,,,,,,,,,,,,,,,,,,,,,,,,,
2020-03-04,683744.7595443658,46.550319384716765,,,,,,,,,,,76494.84123570709,,1039061.7711000025,,,,,,,,,,,,,,,,,,,,10358.529140368182,,,,11590.13707714972,9215.120415574329,1587.3232248785232,27218.864427836637,39628.943368502165,7082.882148014567,39748.19891840223,27374.815484472354,,,,,,,,,,,,,,,,,,,,,,,,,,,,,,,,,,,,,,,,,,,,,,,,,,,,,,,,,,,,,,,,,,,,,,,,,,,,,,0.0,0.0,0.0,0.0,0.0,0.0,0.0,0.0,0.0,0.0,0.0,0.0,0.0,0.0,0.0,0.0,,0.0,0.0,0.0,,0.0,0.0,0.0,0.0,0.0,,0.0,0.0,0.0,0.0,0.0,0.0,,0.0,,,,0.0,0.0,0.0,,0.0,0.0,0.0,0.0,0.0,,,0.0,,0.0,0.0,0.0,0.0,0.0,0.0,0.0,0.0,0.0,0.0,0.0,0.0,0.0,,0.0,0.0,0.0,0.0,0.0,,0.0,0.0,,0.0,0.0,0.0,0.0,,0.0,0.0,0.0,0.0,0.0,,0.0,0.0,,0.0,0.0,0.0,0.0,0.0,0.0,0.0,0.0,0.0,0.0,0.0,0.0,,0.0,0.0,,,,,0.0,0.0,0.0,0.0,0.0,0.0,0.0,0.0,0.0,,0.0,0.0,0.0,,0.0,0.0,0.0,0.0,0.0,0.0,,0.0,,0.0,0.0,0.0,0.0,0.0,0.0,0.0,,0.0,0.0,0.0,0.0,0.0,0.0,0.0,0.0,0.0,0.0,0.0,0.0,0.0,,0.0,0.0,0.0,0.0,,0.0,0.0,0.0,0.0,0.0,0.0,0.0,0.0,0.0,0.0,0.0,0.0,0.0,0.0,,,,0.0,0.0,0.0,0.0,0.0,0.0,0.0,,0.0,0.16256678104400635,0.0,0.0,0.0,0.0,0.0,0.0,0.0,,0.0,0.0,0.0,0.0,0.0,0.0,,0.0,0.0,0.0,0.0,0.0,0.0,0.0,0.0,0.0,0.0,,0.0,0.0,0.0,0.0,,0.0,0.0,0.0,0.0,0.0,0.0,,0.0,0.0,0.0,0.0,0.0,0.0,,0.0,,0.0,0.0,0.0,0.0,0.0,0.0,0.0,0.0,0.0,0.0,0.06631564348936081,,0.0,0.0,0.0,0.0,0.2114010602235794,0.0,0.0,0.0,0.0,0.0,,0.0,0.0,0.0,0.0,0.0,0.0,0.0,0.0,0.07473663240671158,0.002394676674157381,0.0,,0.0,0.0,0.0,0.0,0.0,0.0,0.0,0.0,,0.0,0.0,,0.0,0.0,0.0,0.0,,,0.0,0.0,,0.0,0.0,,,0.0,0.0,0.0,0.0,0.0,0.0,0.0,,0.0,0.0,0.0,0.0,0.0,0.0,0.0,0.0,0.0,0.0,0.0,,0.0,0.0,,0.0,0.0,0.0,,0.0,0.0,0.0,0.0,,0.0,0.0,0.0,0.0,0.0,0.0,0.0,0.0,0.0,0.0,0.0,0.0,0.0,0.0,0.0,0.0,,0.0,0.11432407796382904,0.0,0.0,0.15972954034805298,0.0,0.0,0.0,0.0,0.0,0.0,0.0,0.0,0.0,0.0,,0.0,0.0,0.0,0.0,0.0,0.0,0.0,0.0,0.0,0.0,0.0,0.0,0.0,0.0,0.0,,,0.0,0.0,0.0,,,0.0,0.0,0.0,,0.0,,0.0,,0.0,,,0.0,,0.0,,0.0,0.0,0.0,0.0,0.0,0.0,0.0,0.0,0.0,0.0,,0.0,0.0,,0.0,0.0,0.0,0.0,,0.0,0.0,0.0,0.0,0.0,0.0,0.07511357963085175,0.0,,0.0,,0.0,0.0,0.0,0.0,,0.0,,,,0.0,,0.0,0.0,,0.0,0.0,0.0,0.0,,,0.0,0.0,0.0,0.0,0.0,,0.0,,0.0,0.0,0.0,0.008292756043374538,0.0,0.0,0.0,,0.0,0.0,0.0,0.0,0.0,0.0,,0.0,0.0,0.0,0.0,0.0,0.0,,,0.0,0.0,0.0,0.0,0.0,0.0,,0.0,0.0,0.0,,0.0,,,0.0,0.0,0.0,0.0,0.0,,0.0,0.0,,0.0,,0.0,0.0,0.0,0.0,0.0,0.0,0.0,0.0,0.0,0.0,0.0,0.0,0.0,0.0,0.0,0.0,0.0,0.0,0.0,0.0,0.0,0.0,0.0,0.0,0.0,0.0,0.0,0.0,0.0,0.0,0.0,0.0,0.0,0.0,0.0,0.0,0.0,0.0,0.0,0.0,0.0,0.01570284366607666,0.0,0.0,0.0,0.0,0.0,0.0,0.0,0.0,0.0,0.0,0.0,0.0,0.0,0.0,0.0,0.0,0.0,0.0,0.0,0.0,0.0,0.0,0.0,0.0,0.0,0.0,0.0,0.0,0.0,0.0,0.0,0.0,0.0,0.0,0.0,0.0,0.0,0.10942241549491882,0.0,0.0,0.0,0.0,0.0,0.0,0.0,0.0,0.0,0.0,0.0,0.0,0.0,0.0,0.0,,,,,,,,,,,,,,,,,,,,,,,,,,,,,,,,,,,,,,,,,,,,,,,,,,,,,,,,,,,,,,,,,,,,,,,,,,,,,,,,,,,,,,,,,,,,,,,,,,,,,,,,,,,,,,,,,,,,,,,,,,,,,,,,,,,,,,,,,,,,,,,,,,,,,,,,,,,,,,,,,,,,,,,,,,,,,,
2020-03-05,686322.4310152992,421.01370235821514,,,,,,,,,,,76494.84123570709,,1039061.7711000025,,,,,,,,,,,,,,,,,,,,10358.529140368182,,,,11590.13707714972,9215.120415574329,1587.3232248785232,27218.864427836637,39624.72711813556,7082.882148014567,38221.24180188611,28867.91119602686,,,,,,,,,,,,,,,,,,,,,,,,,,,,,,,,,,,,,,,,,,,,,,,,,,,,,,,,,,,,,,,,,,,,,,,,,,,,,,0.0,0.0,0.0,0.0,0.0,0.0,0.0,0.0,0.0,0.0,0.0,0.0,0.0,0.0,0.0,0.0,,0.0,0.0,0.0,,0.0,0.0,0.0,0.0,0.0,,0.0,0.0,0.0,0.0,0.0,0.0,,0.0,,,,0.0,0.0,0.0,,0.0,0.0,0.0,0.0,0.0,,,0.0,,0.0,0.0,0.0,0.0,0.0,0.0,0.0,0.0,0.0,0.0,0.0,0.0,0.0,,0.0,0.0,0.0,0.0,0.0,,0.0,0.0,,0.0,0.0,0.0,0.0,,0.0,0.0,0.0,0.0,0.0,,0.0,0.0,,0.0,0.0,0.0,0.0,0.0,0.0,0.0,0.0,0.0,0.0,0.0,0.0,,0.0,0.0,,,,,0.0,0.0,0.0,0.0,0.0,0.0,0.0,0.0,0.0,,0.0,0.0,0.0,,0.0,0.0,0.0,0.0,0.0,0.0,,0.0,,0.0,0.0,0.0,0.0,0.0,0.0,0.0,,0.0,0.0,0.0,0.0,0.0,0.0,0.0,0.0,0.0,0.0,0.0,0.0,0.0,,0.0,0.0,0.0,0.0,,0.0,0.0,0.0,0.0,0.0,0.0,0.0,0.0,0.0,0.0,0.0,0.0,0.0,0.0,,,,0.0,0.0,0.0,0.0,0.0,0.0,0.0,,0.0,0.16256678104400635,0.0,0.0,0.0,0.0,0.0,0.0,0.0,,0.0,0.0,0.0,0.0,0.0,0.0,,0.0,0.0,0.0,0.0,0.0,0.0,0.0,0.0,0.0,0.0,,0.0,0.0,0.0,0.0,,0.0,0.0,0.0,0.0,0.0,0.0,,0.0,0.0,0.0,0.0,0.0,0.0,,0.0,,0.0,0.0,0.0,0.0,0.0,0.0,0.0,0.0,0.0,0.0,0.06631564348936081,,0.0,0.0,0.0,0.0,0.2114010602235794,0.0,0.0,0.0,0.0,0.0,,0.0,0.0,0.0,0.0,0.0,0.0,0.0,0.0,0.07473663240671158,0.002394676674157381,0.0,,0.0,0.0,0.0,0.0,0.0,0.0,0.0,0.0,,0.0,0.0,,0.0,0.0,0.0,0.0,,,0.0,0.0,,0.0,0.0,,,0.0,0.0,0.0,0.0,0.0,0.0,0.0,,0.0,0.0,0.0,0.0,0.0,0.0,0.0,0.0,0.0,0.0,0.0,,0.0,0.0,,0.0,0.0,0.0,,0.0,0.0,0.0,0.0,,0.0,0.0,0.0,0.0,0.0,0.0,0.0,0.0,0.0,0.0,0.0,0.0,0.0,0.0,0.0,0.0,,0.0,0.11432407796382904,0.0,0.0,0.15972954034805298,0.0,0.0,0.0,0.0,0.0,0.0,0.0,0.0,0.0,0.0,,0.0,0.0,0.0,0.0,0.0,0.0,0.0,0.0,0.0,0.0,0.0,0.0,0.0,0.0,0.0,,,0.0,0.0,0.0,,,0.0,0.0,0.0,,0.0,,0.0,,0.0,,,0.0,,0.0,,0.0,0.0,0.0,0.0,0.0,0.0,0.0,0.0,0.0,0.0,,0.0,0.0,,0.0,0.0,0.0,0.0,,0.0,0.0,0.0,0.0,0.0,0.0,0.07511357963085175,0.0,,0.0,,0.0,0.0,0.0,0.0,,0.0,,,,0.0,,0.0,0.0,,0.0,0.0,0.0,0.0,,,0.0,0.0,0.0,0.0,0.0,,0.0,,0.0,0.0,0.0,0.008292756043374538,0.0,0.0,0.0,,0.0,0.0,0.0,0.0,0.0,0.0,,0.0,0.0,0.0,0.0,0.0,0.0,,,0.0,0.0,0.0,0.0,0.0,0.0,,0.0,0.0,0.0,,0.0,,,0.0,0.0,0.0,0.0,0.0,,0.0,0.0,,0.0,,0.0,0.0,0.0,0.0,0.0,0.0,0.0,0.0,0.0,0.0,0.0,0.0,0.0,0.0,0.0,0.0,0.0,0.0,0.0,0.0,0.0,0.0,0.0,0.0,0.0,0.0,0.0,0.0,0.0,0.0,0.0,0.0,0.0,0.0,0.0,0.0,0.0,0.0,0.0,0.0,0.0,0.01570284366607666,0.0,0.0,0.0,0.0,0.0,0.0,0.0,0.0,0.0,0.0,0.0,0.0,0.0,0.0,0.0,0.0,0.0,0.0,0.0,0.0,0.0,0.0,0.0,0.0,0.0,0.0,0.0,0.0,0.0,0.0,0.0,0.0,0.0,0.0,0.0,0.0,0.0,0.10942241549491882,0.0,0.0,0.0,0.0,0.0,0.0,0.0,0.0,0.0,0.0,0.0,0.0,0.0,0.0,0.0,,,,,,,,,,,,,,,,,,,,,,,,,,,,,,,,,,,,,,,,,,,,,,,,,,,,,,,,,,,,,,,,,,,,,,,,,,,,,,,,,,,,,,,,,,,,,,,,,,,,,,,,,,,,,,,,,,,,,,,,,,,,,,,,,,,,,,,,,,,,,,,,,,,,,,,,,,,,,,,,,,,,,,,,,,,,,,
2020-03-06,684062.9080806137,424.3995761325499,,,,,,,,,,,76494.84123570709,,1039061.7711000025,,,,,,,,,,,,,,,,,,,,10358.529140368182,,,,11590.13707714972,9215.120415574329,1587.3232248785232,27218.864427836637,39627.8439664903,7082.882148014567,38216.231336314,28867.91119602686,,,,,,,,,,,,,,,,,,,,,,,,,,,,,,,,,,,,,,,,,,,,,,,,,,,,,,,,,,,,,,,,,,,,,,,,,,,,,,0.0,0.0,0.0,0.0,0.0,0.0,0.0,0.0,0.0,0.0,0.0,0.0,0.0,0.0,0.0,0.0,,0.0,0.0,0.0,,0.0,0.0,0.0,0.0,0.0,,0.0,0.0,0.0,0.0,0.0,0.0,,0.0,,,,0.0,0.0,0.0,,0.0,0.0,0.0,0.0,0.0,,,0.0,,0.0,0.0,0.0,0.0,0.0,0.0,0.0,0.0,0.0,0.0,0.0,0.0,0.0,,0.0,0.0,0.0,0.0,0.0,,0.0,0.0,,0.0,0.0,0.0,0.0,,0.0,0.0,0.0,0.0,0.0,,0.0,0.0,,0.0,0.0,0.0,0.0,0.0,0.0,0.0,0.0,0.0,0.0,0.0,0.0,,0.0,0.0,,,,,0.0,0.0,0.0,0.0,0.0,0.0,0.0,0.0,0.0,,0.0,0.0,0.0,,0.0,0.0,0.0,0.0,0.0,0.0,,0.0,,0.0,0.0,0.0,0.0,0.0,0.0,0.0,,0.0,0.0,0.0,0.0,0.0,0.0,0.0,0.0,0.0,0.0,0.0,0.0,0.0,,0.0,0.0,0.0,0.0,,0.0,0.0,0.0,0.0,0.0,0.0,0.0,0.0,0.0,0.0,0.0,0.0,0.0,0.0,,,,0.0,0.0,0.0,0.0,0.0,0.0,0.0,,0.0,0.16256678104400635,0.0,0.0,0.0,0.0,0.0,0.0,0.0,,0.0,0.0,0.0,0.0,0.0,0.0,,0.0,0.0,0.0,0.0,0.0,0.0,0.0,0.0,0.0,0.0,,0.0,0.0,0.0,0.0,,0.0,0.0,0.0,0.0,0.0,0.0,,0.0,0.0,0.0,0.0,0.0,0.0,,0.0,,0.0,0.0,0.0,0.0,0.0,0.0,0.0,0.0,0.0,0.0,0.06631564348936081,,0.0,0.0,0.0,0.0,0.2114010602235794,0.0,0.0,0.0,0.0,0.0,,0.0,0.0,0.0,0.0,0.0,0.0,0.0,0.0,0.07473663240671158,0.002394676674157381,0.0,,0.0,0.0,0.0,0.0,0.0,0.0,0.0,0.0,,0.0,0.0,,0.0,0.0,0.0,0.0,,,0.0,0.0,,0.0,0.0,,,0.0,0.0,0.0,0.0,0.0,0.0,0.0,,0.0,0.0,0.0,0.0,0.0,0.0,0.0,0.0,0.0,0.0,0.0,,0.0,0.0,,0.0,0.0,0.0,,0.0,0.0,0.0,0.0,,0.0,0.0,0.0,0.0,0.0,0.0,0.0,0.0,0.0,0.0,0.0,0.0,0.0,0.0,0.0,0.0,,0.0,0.11432407796382904,0.0,0.0,0.15972954034805298,0.0,0.0,0.0,0.0,0.0,0.0,0.0,0.0,0.0,0.0,,0.0,0.0,0.0,0.0,0.0,0.0,0.0,0.0,0.0,0.0,0.0,0.0,0.0,0.0,0.0,,,0.0,0.0,0.0,,,0.0,0.0,0.0,,0.0,,0.0,,0.0,,,0.0,,0.0,,0.0,0.0,0.0,0.0,0.0,0.0,0.0,0.0,0.0,0.0,,0.0,0.0,,0.0,0.0,0.0,0.0,,0.0,0.0,0.0,0.0,0.0,0.0,0.07511357963085175,0.0,,0.0,,0.0,0.0,0.0,0.0,,0.0,,,,0.0,,0.0,0.0,,0.0,0.0,0.0,0.0,,,0.0,0.0,0.0,0.0,0.0,,0.0,,0.0,0.0,0.0,0.008292756043374538,0.0,0.0,0.0,,0.0,0.0,0.0,0.0,0.0,0.0,,0.0,0.0,0.0,0.0,0.0,0.0,,,0.0,0.0,0.0,0.0,0.0,0.0,,0.0,0.0,0.0,,0.0,,,0.0,0.0,0.0,0.0,0.0,,0.0,0.0,,0.0,,0.0,0.0,0.0,0.0,0.0,0.0,0.0,0.0,0.0,0.0,0.0,0.0,0.0,0.0,0.0,0.0,0.0,0.0,0.0,0.0,0.0,0.0,0.0,0.0,0.0,0.0,0.0,0.0,0.0,0.0,0.0,0.0,0.0,0.0,0.0,0.0,0.0,0.0,0.0,0.0,0.0,0.01570284366607666,0.0,0.0,0.0,0.0,0.0,0.0,0.0,0.0,0.0,0.0,0.0,0.0,0.0,0.0,0.0,0.0,0.0,0.0,0.0,0.0,0.0,0.0,0.0,0.0,0.0,0.0,0.0,0.0,0.0,0.0,0.0,0.0,0.0,0.0,0.0,0.0,0.0,0.10942241549491882,0.0,0.0,0.0,0.0,0.0,0.0,0.0,0.0,0.0,0.0,0.0,0.0,0.0,0.0,0.0,,,,,,,,,,,,,,,,,,,,,,,,,,,,,,,,,,,,,,,,,,,,,,,,,,,,,,,,,,,,,,,,,,,,,,,,,,,,,,,,,,,,,,,,,,,,,,,,,,,,,,,,,,,,,,,,,,,,,,,,,,,,,,,,,,,,,,,,,,,,,,,,,,,,,,,,,,,,,,,,,,,,,,,,,,,,,,
2020-03-09,652767.3172974329,240.97979503151078,,,,,,,,,,,76494.84123570709,,1039061.7711000025,,,,,,,,,,,,,,,,,,,,10358.529140368182,,,,11590.13707714972,9048.400782488843,1587.3232248785232,26801.26325705409,40376.87971866266,7221.785393632531,38216.231336314,28867.91119602686,,,,,,,,,,,,,,,,,,,,,,,,,,,,,,,,,,,,,,,,,,,,,,,,,,,,,,,,,,,,,,,,,,,,,,,,,,,,,,0.0,0.0,0.0,0.0,0.0,0.0,0.0,0.0,0.0,0.0,0.0,0.0,0.0,0.0,0.0,0.0,,0.0,0.0,0.0,,0.0,0.0,0.0,0.0,0.0,,0.0,0.0,0.0,0.0,0.0,0.0,,0.0,,,,0.0,0.0,0.0,,0.0,0.0,0.0,0.0,0.0,,,0.0,,0.0,0.0,0.0,0.0,0.0,0.0,0.0,0.0,0.0,0.0,0.0,0.0,0.0,,0.0,0.0,0.0,0.0,0.0,,0.0,0.0,,0.0,0.0,0.0,0.0,,0.0,0.0,0.0,0.0,0.0,,0.0,0.0,,0.0,0.0,0.0,0.0,0.0,0.0,0.0,0.0,0.0,0.0,0.0,0.0,,0.0,0.0,,,,,0.0,0.0,0.0,0.0,0.0,0.0,0.0,0.0,0.0,,0.0,0.0,0.0,,0.0,0.0,0.0,0.0,0.0,0.0,,0.0,,0.0,0.0,0.0,0.0,0.0,0.0,0.0,,0.0,0.0,0.0,0.0,0.0,0.0,0.0,0.0,0.0,0.0,0.0,0.0,0.0,,0.0,0.0,0.0,0.0,,0.0,0.0,0.0,0.0,0.0,0.0,0.0,0.0,0.0,0.0,0.0,0.0,0.0,0.0,,,,0.0,0.0,0.0,0.0,0.0,0.0,0.0,,0.0,0.16256678104400635,0.0,0.0,0.0,0.0,0.0,0.0,0.0,,0.0,0.0,0.0,0.0,0.0,0.0,,0.0,0.0,0.0,0.0,0.0,0.0,0.0,0.0,0.0,0.0,,0.0,0.0,0.0,0.0,,0.0,0.0,0.0,0.0,0.0,0.0,,0.0,0.0,0.0,0.0,0.0,0.0,,0.0,,0.0,0.0,0.0,0.0,0.0,0.0,0.0,0.0,0.0,0.0,0.06631564348936081,,0.0,0.0,0.0,0.0,0.2114010602235794,0.0,0.0,0.0,0.0,0.0,,0.0,0.0,0.0,0.0,0.0,0.0,0.0,0.0,0.07473663240671158,0.002394676674157381,0.0,,0.0,0.0,0.0,0.0,0.0,0.0,0.0,0.0,,0.0,0.0,,0.0,0.0,0.0,0.0,,,0.0,0.0,,0.0,0.0,,,0.0,0.0,0.0,0.0,0.0,0.0,0.0,,0.0,0.0,0.0,0.0,0.0,0.0,0.0,0.0,0.0,0.0,0.0,,0.0,0.0,,0.0,0.0,0.0,,0.0,0.0,0.0,0.0,,0.0,0.0,0.0,0.0,0.0,0.0,0.0,0.0,0.0,0.0,0.0,0.0,0.0,0.0,0.0,0.0,,0.0,0.11432407796382904,0.0,0.0,0.15972954034805298,0.0,0.0,0.0,0.0,0.0,0.0,0.0,0.0,0.0,0.0,,0.0,0.0,0.0,0.0,0.0,0.0,0.0,0.0,0.0,0.0,0.0,0.0,0.0,0.0,0.0,,,0.0,0.0,0.0,,,0.0,0.0,0.0,,0.0,,0.0,,0.0,,,0.0,,0.0,,0.0,0.0,0.0,0.0,0.0,0.0,0.0,0.0,0.0,0.0,,0.0,0.0,,0.0,0.0,0.0,0.0,,0.0,0.0,0.0,0.0,0.0,0.0,0.07511357963085175,0.0,,0.0,,0.0,0.0,0.0,0.0,,0.0,,,,0.0,,0.0,0.0,,0.0,0.0,0.0,0.0,,,0.0,0.0,0.0,0.0,0.0,,0.0,,0.0,0.0,0.0,0.008292756043374538,0.0,0.0,0.0,,0.0,0.0,0.0,0.0,0.0,0.0,,0.0,0.0,0.0,0.0,0.0,0.0,,,0.0,0.0,0.0,0.0,0.0,0.0,,0.0,0.0,0.0,,0.0,,,0.0,0.0,0.0,0.0,0.0,,0.0,0.0,,0.0,,0.0,0.0,0.0,0.0,0.0,0.0,0.0,0.0,0.0,0.0,0.0,0.0,0.0,0.0,0.0,0.0,0.0,0.0,0.0,0.0,0.0,0.0,0.0,0.0,0.0,0.0,0.0,0.0,0.0,0.0,0.0,0.0,0.0,0.0,0.0,0.0,0.0,0.0,0.0,0.0,0.0,0.01570284366607666,0.0,0.0,0.0,0.0,0.0,0.0,0.0,0.0,0.0,0.0,0.0,0.0,0.0,0.0,0.0,0.0,0.0,0.0,0.0,0.0,0.0,0.0,0.0,0.0,0.0,0.0,0.0,0.0,0.0,0.0,0.0,0.0,0.0,0.0,0.0,0.0,0.0,0.10942241549491882,0.0,0.0,0.0,0.0,0.0,0.0,0.0,0.0,0.0,0.0,0.0,0.0,0.0,0.0,0.0,,,,,,,,,,,,,,,,,,,,,,,,,,,,,,,,,,,,,,,,,,,,,,,,,,,,,,,,,,,,,,,,,,,,,,,,,,,,,,,,,,,,,,,,,,,,,,,,,,,,,,,,,,,,,,,,,,,,,,,,,,,,,,,,,,,,,,,,,,,,,,,,,,,,,,,,,,,,,,,,,,,,,,,,,,,,,,
2020-03-10,676856.7888006025,481.558659075386,,,,,,,,,,,76494.84123570709,,1039061.7711000025,,,,,,,,,,,,,,,,,,,,10358.529140368182,,,,11590.13707714972,9048.400782488843,1587.3232248785232,25764.191053262995,41122.382115903565,7360.658170440604,38216.231336314,28867.91119602686,,,,,,,,,,,,,,,,,,,,,,,,,,,,,,,,,,,,,,,,,,,,,,,,,,,,,,,,,,,,,,,,,,,,,,,,,,,,,,0.0,0.0,0.0,0.0,0.0,0.0,0.0,0.0,0.0,0.0,0.0,0.0,0.0,0.0,0.0,0.0,,0.0,0.0,0.0,,0.0,0.0,0.0,0.0,0.0,,0.0,0.0,0.0,0.0,0.0,0.0,,0.0,,,,0.0,0.0,0.0,,0.0,0.0,0.0,0.0,0.0,,,0.0,,0.0,0.0,0.0,0.0,0.0,0.0,0.0,0.0,0.0,0.0,0.0,0.0,0.0,,0.0,0.0,0.0,0.0,0.0,,0.0,0.0,,0.0,0.0,0.0,0.0,,0.0,0.0,0.0,0.0,0.0,,0.0,0.0,,0.0,0.0,0.0,0.0,0.0,0.0,0.0,0.0,0.0,0.0,0.0,0.0,,0.0,0.0,,,,,0.0,0.0,0.0,0.0,0.0,0.0,0.0,0.0,0.0,,0.0,0.0,0.0,,0.0,0.0,0.0,0.0,0.0,0.0,,0.0,,0.0,0.0,0.0,0.0,0.0,0.0,0.0,,0.0,0.0,0.0,0.0,0.0,0.0,0.0,0.0,0.0,0.0,0.0,0.0,0.0,,0.0,0.0,0.0,0.0,,0.0,0.0,0.0,0.0,0.0,0.0,0.0,0.0,0.0,0.0,0.0,0.0,0.0,0.0,,,,0.0,0.0,0.0,0.0,0.0,0.0,0.0,,0.0,0.16256678104400635,0.0,0.0,0.0,0.0,0.0,0.0,0.0,,0.0,0.0,0.0,0.0,0.0,0.0,,0.0,0.0,0.0,0.0,0.0,0.0,0.0,0.0,0.0,0.0,,0.0,0.0,0.0,0.0,,0.0,0.0,0.0,0.0,0.0,0.0,,0.0,0.0,0.0,0.0,0.0,0.0,,0.0,,0.0,0.0,0.0,0.0,0.0,0.0,0.0,0.0,0.0,0.0,0.06631564348936081,,0.0,0.0,0.0,0.0,0.2114010602235794,0.0,0.0,0.0,0.0,0.0,,0.0,0.0,0.0,0.0,0.0,0.0,0.0,0.0,0.07473663240671158,0.002394676674157381,0.0,,0.0,0.0,0.0,0.0,0.0,0.0,0.0,0.0,,0.0,0.0,,0.0,0.0,0.0,0.0,,,0.0,0.0,,0.0,0.0,,,0.0,0.0,0.0,0.0,0.0,0.0,0.0,,0.0,0.0,0.0,0.0,0.0,0.0,0.0,0.0,0.0,0.0,0.0,,0.0,0.0,,0.0,0.0,0.0,,0.0,0.0,0.0,0.0,,0.0,0.0,0.0,0.0,0.0,0.0,0.0,0.0,0.0,0.0,0.0,0.0,0.0,0.0,0.0,0.0,,0.0,0.11432407796382904,0.0,0.0,0.15972954034805298,0.0,0.0,0.0,0.0,0.0,0.0,0.0,0.0,0.0,0.0,,0.0,0.0,0.0,0.0,0.0,0.0,0.0,0.0,0.0,0.0,0.0,0.0,0.0,0.0,0.0,,,0.0,0.0,0.0,,,0.0,0.0,0.0,,0.0,,0.0,,0.0,,,0.0,,0.0,,0.0,0.0,0.0,0.0,0.0,0.0,0.0,0.0,0.0,0.0,,0.0,0.0,,0.0,0.0,0.0,0.0,,0.0,0.0,0.0,0.0,0.0,0.0,0.07511357963085175,0.0,,0.0,,0.0,0.0,0.0,0.0,,0.0,,,,0.0,,0.0,0.0,,0.0,0.0,0.0,0.0,,,0.0,0.0,0.0,0.0,0.0,,0.0,,0.0,0.0,0.0,0.008292756043374538,0.0,0.0,0.0,,0.0,0.0,0.0,0.0,0.0,0.0,,0.0,0.0,0.0,0.0,0.0,0.0,,,0.0,0.0,0.0,0.0,0.0,0.0,,0.0,0.0,0.0,,0.0,,,0.0,0.0,0.0,0.0,0.0,,0.0,0.0,,0.0,,0.0,0.0,0.0,0.0,0.0,0.0,0.0,0.0,0.0,0.0,0.0,0.0,0.0,0.0,0.0,0.0,0.0,0.0,0.0,0.0,0.0,0.0,0.0,0.0,0.0,0.0,0.0,0.0,0.0,0.0,0.0,0.0,0.0,0.0,0.0,0.0,0.0,0.0,0.0,0.0,0.0,0.01570284366607666,0.0,0.0,0.0,0.0,0.0,0.0,0.0,0.0,0.0,0.0,0.0,0.0,0.0,0.0,0.0,0.0,0.0,0.0,0.0,0.0,0.0,0.0,0.0,0.0,0.0,0.0,0.0,0.0,0.0,0.0,0.0,0.0,0.0,0.0,0.0,0.0,0.0,0.10942241549491882,0.0,0.0,0.0,0.0,0.0,0.0,0.0,0.0,0.0,0.0,0.0,0.0,0.0,0.0,0.0,,,,,,,,,,,,,,,,,,,,,,,,,,,,,,,,,,,,,,,,,,,,,,,,,,,,,,,,,,,,,,,,,,,,,,,,,,,,,,,,,,,,,,,,,,,,,,,,,,,,,,,,,,,,,,,,,,,,,,,,,,,,,,,,,,,,,,,,,,,,,,,,,,,,,,,,,,,,,,,,,,,,,,,,,,,,,,
2020-03-11,676537.5946317263,234.34827902467237,,,,,,,,,,,76494.84123570709,,1039061.7711000025,,,,,,,,,,,,,,,,,,,,10358.529140368182,,,,11590.13707714972,9048.400782488843,1587.3232248785232,25124.89084190151,39628.12212268065,7499.506133534916,39744.91279946756,29365.68112525941,,,,,,,,,,,,,,,,,,,,,,,,,,,,,,,,,,,,,,,,,,,,,,,,,,,,,,,,,,,,,,,,,,,,,,,,,,,,,,0.0,0.0,0.0,0.0,0.0,0.0,0.0,0.0,0.0,0.0,0.0,0.0,0.0,0.0,0.0,0.0,,0.0,0.0,0.0,,0.0,0.0,0.0,0.0,0.0,,0.0,0.0,0.0,0.0,0.0,0.0,,0.0,,,,0.0,0.0,0.0,,0.0,0.0,0.0,0.0,0.0,,,0.0,,0.0,0.0,0.0,0.0,0.0,0.0,0.0,0.0,0.0,0.0,0.0,0.0,0.0,,0.0,0.0,0.0,0.0,0.0,,0.0,0.0,,0.0,0.0,0.0,0.0,,0.0,0.0,0.0,0.0,0.0,,0.0,0.0,,0.0,0.0,0.0,0.0,0.0,0.0,0.0,0.0,0.0,0.0,0.0,0.0,,0.0,0.0,,,,,0.0,0.0,0.0,0.0,0.0,0.0,0.0,0.0,0.0,,0.0,0.0,0.0,,0.0,0.0,0.0,0.0,0.0,0.0,,0.0,,0.0,0.0,0.0,0.0,0.0,0.0,0.0,,0.0,0.0,0.0,0.0,0.0,0.0,0.0,0.0,0.0,0.0,0.0,0.0,0.0,,0.0,0.0,0.0,0.0,,0.0,0.0,0.0,0.0,0.0,0.0,0.0,0.0,0.0,0.0,0.0,0.0,0.0,0.0,,,,0.0,0.0,0.0,0.0,0.0,0.0,0.0,,0.0,0.16256678104400635,0.0,0.0,0.0,0.0,0.0,0.0,0.0,,0.0,0.0,0.0,0.0,0.0,0.0,,0.0,0.0,0.0,0.0,0.0,0.0,0.0,0.0,0.0,0.0,,0.0,0.0,0.0,0.0,,0.0,0.0,0.0,0.0,0.0,0.0,,0.0,0.0,0.0,0.0,0.0,0.0,,0.0,,0.0,0.0,0.0,0.0,0.0,0.0,0.0,0.0,0.0,0.0,0.06631564348936081,,0.0,0.0,0.0,0.0,0.2114010602235794,0.0,0.0,0.0,0.0,0.0,,0.0,0.0,0.0,0.0,0.0,0.0,0.0,0.0,0.07473663240671158,0.002394676674157381,0.0,,0.0,0.0,0.0,0.0,0.0,0.0,0.0,0.0,,0.0,0.0,,0.0,0.0,0.0,0.0,,,0.0,0.0,,0.0,0.0,,,0.0,0.0,0.0,0.0,0.0,0.0,0.0,,0.0,0.0,0.0,0.0,0.0,0.0,0.0,0.0,0.0,0.0,0.0,,0.0,0.0,,0.0,0.0,0.0,,0.0,0.0,0.0,0.0,,0.0,0.0,0.0,0.0,0.0,0.0,0.0,0.0,0.0,0.0,0.0,0.0,0.0,0.0,0.0,0.0,,0.0,0.11432407796382904,0.0,0.0,0.15972954034805298,0.0,0.0,0.0,0.0,0.0,0.0,0.0,0.0,0.0,0.0,,0.0,0.0,0.0,0.0,0.0,0.0,0.0,0.0,0.0,0.0,0.0,0.0,0.0,0.0,0.0,,,0.0,0.0,0.0,,,0.0,0.0,0.0,,0.0,,0.0,,0.0,,,0.0,,0.0,,0.0,0.0,0.0,0.0,0.0,0.0,0.0,0.0,0.0,0.0,,0.0,0.0,,0.0,0.0,0.0,0.0,,0.0,0.0,0.0,0.0,0.0,0.0,0.07511357963085175,0.0,,0.0,,0.0,0.0,0.0,0.0,,0.0,,,,0.0,,0.0,0.0,,0.0,0.0,0.0,0.0,,,0.0,0.0,0.0,0.0,0.0,,0.0,,0.0,0.0,0.0,0.008292756043374538,0.0,0.0,0.0,,0.0,0.0,0.0,0.0,0.0,0.0,,0.0,0.0,0.0,0.0,0.0,0.0,,,0.0,0.0,0.0,0.0,0.0,0.0,,0.0,0.0,0.0,,0.0,,,0.0,0.0,0.0,0.0,0.0,,0.0,0.0,,0.0,,0.0,0.0,0.0,0.0,0.0,0.0,0.0,0.0,0.0,0.0,0.0,0.0,0.0,0.0,0.0,0.0,0.0,0.0,0.0,0.0,0.0,0.0,0.0,0.0,0.0,0.0,0.0,0.0,0.0,0.0,0.0,0.0,0.0,0.0,0.0,0.0,0.0,0.0,0.0,0.0,0.0,0.01570284366607666,0.0,0.0,0.0,0.0,0.0,0.0,0.0,0.0,0.0,0.0,0.0,0.0,0.0,0.0,0.0,0.0,0.0,0.0,0.0,0.0,0.0,0.0,0.0,0.0,0.0,0.0,0.0,0.0,0.0,0.0,0.0,0.0,0.0,0.0,0.0,0.0,0.0,0.10942241549491882,0.0,0.0,0.0,0.0,0.0,0.0,0.0,0.0,0.0,0.0,0.0,0.0,0.0,0.0,0.0,,,,,,,,,,,,,,,,,,,,,,,,,,,,,,,,,,,,,,,,,,,,,,,,,,,,,,,,,,,,,,,,,,,,,,,,,,,,,,,,,,,,,,,,,,,,,,,,,,,,,,,,,,,,,,,,,,,,,,,,,,,,,,,,,,,,,,,,,,,,,,,,,,,,,,,,,,,,,,,,,,,,,,,,,,,,,,
2020-03-12,670948.705865554,259.90655255885486,,,,,,,,,,,76494.84123570709,,1039061.7711000025,,,,,,,,,,,,,,,,,,,,10358.529140368182,,,,11590.13707714972,9048.400782488843,1587.3232248785232,23246.19122515316,38877.09075741602,7361.480733197124,41276.08722393984,33347.08662048996,,,,,,,,,,,,,,,,,,,,,,,,,,,,,,,,,,,,,,,,,,,,,,,,,,,,,,,,,,,,,,,,,,,,,,,,,,,,,,0.0,0.0,0.0,0.0,0.0,0.0,0.0,0.0,0.0,0.0,0.0,0.0,0.0,0.0,0.0,0.0,,0.0,0.0,0.0,,0.0,0.0,0.0,0.0,0.0,,0.0,0.0,0.0,0.0,0.0,0.0,,0.0,,,,0.0,0.0,0.0,,0.0,0.0,0.0,0.0,0.0,,,0.0,,0.0,0.0,0.0,0.0,0.0,0.0,0.0,0.0,0.0,0.0,0.0,0.0,0.0,,0.0,0.0,0.0,0.0,0.0,,0.0,0.0,,0.0,0.0,0.0,0.0,,0.0,0.0,0.0,0.0,0.0,,0.0,0.0,,0.0,0.0,0.0,0.0,0.0,0.0,0.0,0.0,0.0,0.0,0.0,0.0,,0.0,0.0,,,,,0.0,0.0,0.0,0.0,0.0,0.0,0.0,0.0,0.0,,0.0,0.0,0.0,,0.0,0.0,0.0,0.0,0.0,0.0,,0.0,,0.0,0.0,0.0,0.0,0.0,0.0,0.0,,0.0,0.0,0.0,0.0,0.0,0.0,0.0,0.0,0.0,0.0,0.0,0.0,0.0,,0.0,0.0,0.0,0.0,,0.0,0.0,0.0,0.0,0.0,0.0,0.0,0.0,0.0,0.0,0.0,0.0,0.0,0.0,,,,0.0,0.0,0.0,0.0,0.0,0.0,0.0,,0.0,0.16256678104400635,0.0,0.0,0.0,0.0,0.0,0.0,0.0,,0.0,0.0,0.0,0.0,0.0,0.0,,0.0,0.0,0.0,0.0,0.0,0.0,0.0,0.0,0.0,0.0,,0.0,0.0,0.0,0.0,,0.0,0.0,0.0,0.0,0.0,0.0,,0.0,0.0,0.0,0.0,0.0,0.0,,0.0,,0.0,0.0,0.0,0.0,0.0,0.0,0.0,0.0,0.0,0.0,0.06631564348936081,,0.0,0.0,0.0,0.0,0.2114010602235794,0.0,0.0,0.0,0.0,0.0,,0.0,0.0,0.0,0.0,0.0,0.0,0.0,0.0,0.07473663240671158,0.002394676674157381,0.0,,0.0,0.0,0.0,0.0,0.0,0.0,0.0,0.0,,0.0,0.0,,0.0,0.0,0.0,0.0,,,0.0,0.0,,0.0,0.0,,,0.0,0.0,0.0,0.0,0.0,0.0,0.0,,0.0,0.0,0.0,0.0,0.0,0.0,0.0,0.0,0.0,0.0,0.0,,0.0,0.0,,0.0,0.0,0.0,,0.0,0.0,0.0,0.0,,0.0,0.0,0.0,0.0,0.0,0.0,0.0,0.0,0.0,0.0,0.0,0.0,0.0,0.0,0.0,0.0,,0.0,0.11432407796382904,0.0,0.0,0.15972954034805298,0.0,0.0,0.0,0.0,0.0,0.0,0.0,0.0,0.0,0.0,,0.0,0.0,0.0,0.0,0.0,0.0,0.0,0.0,0.0,0.0,0.0,0.0,0.0,0.0,0.0,,,0.0,0.0,0.0,,,0.0,0.0,0.0,,0.0,,0.0,,0.0,,,0.0,,0.0,,0.0,0.0,0.0,0.0,0.0,0.0,0.0,0.0,0.0,0.0,,0.0,0.0,,0.0,0.0,0.0,0.0,,0.0,0.0,0.0,0.0,0.0,0.0,0.07511357963085175,0.0,,0.0,,0.0,0.0,0.0,0.0,,0.0,,,,0.0,,0.0,0.0,,0.0,0.0,0.0,0.0,,,0.0,0.0,0.0,0.0,0.0,,0.0,,0.0,0.0,0.0,0.008292756043374538,0.0,0.0,0.0,,0.0,0.0,0.0,0.0,0.0,0.0,,0.0,0.0,0.0,0.0,0.0,0.0,,,0.0,0.0,0.0,0.0,0.0,0.0,,0.0,0.0,0.0,,0.0,,,0.0,0.0,0.0,0.0,0.0,,0.0,0.0,,0.0,,0.0,0.0,0.0,0.0,0.0,0.0,0.0,0.0,0.0,0.0,0.0,0.0,0.0,0.0,0.0,0.0,0.0,0.0,0.0,0.0,0.0,0.0,0.0,0.0,0.0,0.0,0.0,0.0,0.0,0.0,0.0,0.0,0.0,0.0,0.0,0.0,0.0,0.0,0.0,0.0,0.0,0.01570284366607666,0.0,0.0,0.0,0.0,0.0,0.0,0.0,0.0,0.0,0.0,0.0,0.0,0.0,0.0,0.0,0.0,0.0,0.0,0.0,0.0,0.0,0.0,0.0,0.0,0.0,0.0,0.0,0.0,0.0,0.0,0.0,0.0,0.0,0.0,0.0,0.0,0.0,0.10942241549491882,0.0,0.0,0.0,0.0,0.0,0.0,0.0,0.0,0.0,0.0,0.0,0.0,0.0,0.0,0.0,,,,,,,,,,,,,,,,,,,,,,,,,,,,,,,,,,,,,,,,,,,,,,,,,,,,,,,,,,,,,,,,,,,,,,,,,,,,,,,,,,,,,,,,,,,,,,,,,,,,,,,,,,,,,,,,,,,,,,,,,,,,,,,,,,,,,,,,,,,,,,,,,,,,,,,,,,,,,,,,,,,,,,,,,,,,,,
2020-03-13,670655.311492559,98.80647742380006,,,,,,,,,,,76494.84123570709,,1039061.7711000025,,,,,,,,,,,,,,,,,,,,10358.529140368182,,,,11590.13707714972,9048.400782488843,1587.3232248785232,23246.19122515316,38880.16179284152,6667.059925988189,42806.43041342798,36830.84846469834,,,,,,,,,,,,,,,,,,,,,,,,,,,,,,,,,,,,,,,,,,,,,,,,,,,,,,,,,,,,,,,,,,,,,,,,,,,,,,0.0,0.0,0.0,0.0,0.0,0.0,0.0,0.0,0.0,0.0,0.0,0.0,0.0,0.0,0.0,0.0,,0.0,0.0,0.0,,0.0,0.0,0.0,0.0,0.0,,0.0,0.0,0.0,0.0,0.0,0.0,,0.0,,,,0.0,0.0,0.0,,0.0,0.0,0.0,0.0,0.0,,,0.0,,0.0,0.0,0.0,0.0,0.0,0.0,0.0,0.0,0.0,0.0,0.0,0.0,0.0,,0.0,0.0,0.0,0.0,0.0,,0.0,0.0,,0.0,0.0,0.0,0.0,,0.0,0.0,0.0,0.0,0.0,,0.0,0.0,,0.0,0.0,0.0,0.0,0.0,0.0,0.0,0.0,0.0,0.0,0.0,0.0,,0.0,0.0,,,,,0.0,0.0,0.0,0.0,0.0,0.0,0.0,0.0,0.0,,0.0,0.0,0.0,,0.0,0.0,0.0,0.0,0.0,0.0,,0.0,,0.0,0.0,0.0,0.0,0.0,0.0,0.0,,0.0,0.0,0.0,0.0,0.0,0.0,0.0,0.0,0.0,0.0,0.0,0.0,0.0,,0.0,0.0,0.0,0.0,,0.0,0.0,0.0,0.0,0.0,0.0,0.0,0.0,0.0,0.0,0.0,0.0,0.0,0.0,,,,0.0,0.0,0.0,0.0,0.0,0.0,0.0,,0.0,0.16256678104400635,0.0,0.0,0.0,0.0,0.0,0.0,0.0,,0.0,0.0,0.0,0.0,0.0,0.0,,0.0,0.0,0.0,0.0,0.0,0.0,0.0,0.0,0.0,0.0,,0.0,0.0,0.0,0.0,,0.0,0.0,0.0,0.0,0.0,0.0,,0.0,0.0,0.0,0.0,0.0,0.0,,0.0,,0.0,0.0,0.0,0.0,0.0,0.0,0.0,0.0,0.0,0.0,0.06631564348936081,,0.0,0.0,0.0,0.0,0.2114010602235794,0.0,0.0,0.0,0.0,0.0,,0.0,0.0,0.0,0.0,0.0,0.0,0.0,0.0,0.07473663240671158,0.002394676674157381,0.0,,0.0,0.0,0.0,0.0,0.0,0.0,0.0,0.0,,0.0,0.0,,0.0,0.0,0.0,0.0,,,0.0,0.0,,0.0,0.0,,,0.0,0.0,0.0,0.0,0.0,0.0,0.0,,0.0,0.0,0.0,0.0,0.0,0.0,0.0,0.0,0.0,0.0,0.0,,0.0,0.0,,0.0,0.0,0.0,,0.0,0.0,0.0,0.0,,0.0,0.0,0.0,0.0,0.0,0.0,0.0,0.0,0.0,0.0,0.0,0.0,0.0,0.0,0.0,0.0,,0.0,0.11432407796382904,0.0,0.0,0.15972954034805298,0.0,0.0,0.0,0.0,0.0,0.0,0.0,0.0,0.0,0.0,,0.0,0.0,0.0,0.0,0.0,0.0,0.0,0.0,0.0,0.0,0.0,0.0,0.0,0.0,0.0,,,0.0,0.0,0.0,,,0.0,0.0,0.0,,0.0,,0.0,,0.0,,,0.0,,0.0,,0.0,0.0,0.0,0.0,0.0,0.0,0.0,0.0,0.0,0.0,,0.0,0.0,,0.0,0.0,0.0,0.0,,0.0,0.0,0.0,0.0,0.0,0.0,0.07511357963085175,0.0,,0.0,,0.0,0.0,0.0,0.0,,0.0,,,,0.0,,0.0,0.0,,0.0,0.0,0.0,0.0,,,0.0,0.0,0.0,0.0,0.0,,0.0,,0.0,0.0,0.0,0.008292756043374538,0.0,0.0,0.0,,0.0,0.0,0.0,0.0,0.0,0.0,,0.0,0.0,0.0,0.0,0.0,0.0,,,0.0,0.0,0.0,0.0,0.0,0.0,,0.0,0.0,0.0,,0.0,,,0.0,0.0,0.0,0.0,0.0,,0.0,0.0,,0.0,,0.0,0.0,0.0,0.0,0.0,0.0,0.0,0.0,0.0,0.0,0.0,0.0,0.0,0.0,0.0,0.0,0.0,0.0,0.0,0.0,0.0,0.0,0.0,0.0,0.0,0.0,0.0,0.0,0.0,0.0,0.0,0.0,0.0,0.0,0.0,0.0,0.0,0.0,0.0,0.0,0.0,0.01570284366607666,0.0,0.0,0.0,0.0,0.0,0.0,0.0,0.0,0.0,0.0,0.0,0.0,0.0,0.0,0.0,0.0,0.0,0.0,0.0,0.0,0.0,0.0,0.0,0.0,0.0,0.0,0.0,0.0,0.0,0.0,0.0,0.0,0.0,0.0,0.0,0.0,0.0,0.10942241549491882,0.0,0.0,0.0,0.0,0.0,0.0,0.0,0.0,0.0,0.0,0.0,0.0,0.0,0.0,0.0,,,,,,,,,,,,,,,,,,,,,,,,,,,,,,,,,,,,,,,,,,,,,,,,,,,,,,,,,,,,,,,,,,,,,,,,,,,,,,,,,,,,,,,,,,,,,,,,,,,,,,,,,,,,,,,,,,,,,,,,,,,,,,,,,,,,,,,,,,,,,,,,,,,,,,,,,,,,,,,,,,,,,,,,,,,,,,
2020-03-16,636126.4095175865,88.11690557682948,,,,,,,,,,,76494.84123570709,,1039061.7711000025,,,,,,,,,,,,,,,,,,,,10358.529140368182,,,,11590.13707714972,9048.400782488843,1587.3232248785232,23030.737496501075,38133.558279836674,6805.956064854392,42808.66366808667,37328.528728156685,,,,,,,,,,,,,,,,,,,,,,,,,,,,,,,,,,,,,,,,,,,,,,,,,,,,,,,,,,,,,,,,,,,,,,,,,,,,,,0.0,0.0,0.0,0.0,0.0,0.0,0.0,0.0,0.0,0.0,0.0,0.0,0.0,0.0,0.0,0.0,,0.0,0.0,0.0,,0.0,0.0,0.0,0.0,0.0,,0.0,0.0,0.0,0.0,0.0,0.0,,0.0,,,,0.0,0.0,0.0,,0.0,0.0,0.0,0.0,0.0,,,0.0,,0.0,0.0,0.0,0.0,0.0,0.0,0.0,0.0,0.0,0.0,0.0,0.0,0.0,,0.0,0.0,0.0,0.0,0.0,,0.0,0.0,,0.0,0.0,0.0,0.0,,0.0,0.0,0.0,0.0,0.0,,0.0,0.0,,0.0,0.0,0.0,0.0,0.0,0.0,0.0,0.0,0.0,0.0,0.0,0.0,,0.0,0.0,,,,,0.0,0.0,0.0,0.0,0.0,0.0,0.0,0.0,0.0,,0.0,0.0,0.0,,0.0,0.0,0.0,0.0,0.0,0.0,,0.0,,0.0,0.0,0.0,0.0,0.0,0.0,0.0,,0.0,0.0,0.0,0.0,0.0,0.0,0.0,0.0,0.0,0.0,0.0,0.0,0.0,,0.0,0.0,0.0,0.0,,0.0,0.0,0.0,0.0,0.0,0.0,0.0,0.0,0.0,0.0,0.0,0.0,0.0,0.0,,,,0.0,0.0,0.0,0.0,0.0,0.0,0.0,,0.0,0.16256678104400635,0.0,0.0,0.0,0.0,0.0,0.0,0.0,,0.0,0.0,0.0,0.0,0.0,0.0,,0.0,0.0,0.0,0.0,0.0,0.0,0.0,0.0,0.0,0.0,,0.0,0.0,0.0,0.0,,0.0,0.0,0.0,0.0,0.0,0.0,,0.0,0.0,0.0,0.0,0.0,0.0,,0.0,,0.0,0.0,0.0,0.0,0.0,0.0,0.0,0.0,0.0,0.0,0.06631564348936081,,0.0,0.0,0.0,0.0,0.2114010602235794,0.0,0.0,0.0,0.0,0.0,,0.0,0.0,0.0,0.0,0.0,0.0,0.0,0.0,0.07473663240671158,0.002394676674157381,0.0,,0.0,0.0,0.0,0.0,0.0,0.0,0.0,0.0,,0.0,0.0,,0.0,0.0,0.0,0.0,,,0.0,0.0,,0.0,0.0,,,0.0,0.0,0.0,0.0,0.0,0.0,0.0,,0.0,0.0,0.0,0.0,0.0,0.0,0.0,0.0,0.0,0.0,0.0,,0.0,0.0,,0.0,0.0,0.0,,0.0,0.0,0.0,0.0,,0.0,0.0,0.0,0.0,0.0,0.0,0.0,0.0,0.0,0.0,0.0,0.0,0.0,0.0,0.0,0.0,,0.0,0.11432407796382904,0.0,0.0,0.15972954034805298,0.0,0.0,0.0,0.0,0.0,0.0,0.0,0.0,0.0,0.0,,0.0,0.0,0.0,0.0,0.0,0.0,0.0,0.0,0.0,0.0,0.0,0.0,0.0,0.0,0.0,,,0.0,0.0,0.0,,,0.0,0.0,0.0,,0.0,,0.0,,0.0,,,0.0,,0.0,,0.0,0.0,0.0,0.0,0.0,0.0,0.0,0.0,0.0,0.0,,0.0,0.0,,0.0,0.0,0.0,0.0,,0.0,0.0,0.0,0.0,0.0,0.0,0.07511357963085175,0.0,,0.0,,0.0,0.0,0.0,0.0,,0.0,,,,0.0,,0.0,0.0,,0.0,0.0,0.0,0.0,,,0.0,0.0,0.0,0.0,0.0,,0.0,,0.0,0.0,0.0,0.008292756043374538,0.0,0.0,0.0,,0.0,0.0,0.0,0.0,0.0,0.0,,0.0,0.0,0.0,0.0,0.0,0.0,,,0.0,0.0,0.0,0.0,0.0,0.0,,0.0,0.0,0.0,,0.0,,,0.0,0.0,0.0,0.0,0.0,,0.0,0.0,,0.0,,0.0,0.0,0.0,0.0,0.0,0.0,0.0,0.0,0.0,0.0,0.0,0.0,0.0,0.0,0.0,0.0,0.0,0.0,0.0,0.0,0.0,0.0,0.0,0.0,0.0,0.0,0.0,0.0,0.0,0.0,0.0,0.0,0.0,0.0,0.0,0.0,0.0,0.0,0.0,0.0,0.0,0.01570284366607666,0.0,0.0,0.0,0.0,0.0,0.0,0.0,0.0,0.0,0.0,0.0,0.0,0.0,0.0,0.0,0.0,0.0,0.0,0.0,0.0,0.0,0.0,0.0,0.0,0.0,0.0,0.0,0.0,0.0,0.0,0.0,0.0,0.0,0.0,0.0,0.0,0.0,0.10942241549491882,0.0,0.0,0.0,0.0,0.0,0.0,0.0,0.0,0.0,0.0,0.0,0.0,0.0,0.0,0.0,,,,,,,,,,,,,,,,,,,,,,,,,,,,,,,,,,,,,,,,,,,,,,,,,,,,,,,,,,,,,,,,,,,,,,,,,,,,,,,,,,,,,,,,,,,,,,,,,,,,,,,,,,,,,,,,,,,,,,,,,,,,,,,,,,,,,,,,,,,,,,,,,,,,,,,,,,,,,,,,,,,,,,,,,,,,,,
2020-03-17,634636.7024225774,98.16685747137412,,,,,,,,,,,76494.84123570709,,1039061.7711000025,,,,,,,,,,,,,,,,,,,,10358.529140368182,,,,11590.13707714972,9048.400782488843,1587.3232248785232,23030.737496501075,38133.558279836674,6805.956064854392,42801.842732660145,37328.528728156685,,,,,,,,,,,,,,,,,,,,,,,,,,,,,,,,,,,,,,,,,,,,,,,,,,,,,,,,,,,,,,,,,,,,,,,,,,,,,,0.0,0.0,0.0,0.0,0.0,0.0,0.0,0.0,0.0,0.0,0.0,0.0,0.0,0.0,0.0,0.0,,0.0,0.0,0.0,,0.0,0.0,0.0,0.0,0.0,,0.0,0.0,0.0,0.0,0.0,0.0,,0.0,,,,0.0,0.0,0.0,,0.0,0.0,0.0,0.0,0.0,,,0.0,,0.0,0.0,0.0,0.0,0.0,0.0,0.0,0.0,0.0,0.0,0.0,0.0,0.0,,0.0,0.0,0.0,0.0,0.0,,0.0,0.0,,0.0,0.0,0.0,0.0,,0.0,0.0,0.0,0.0,0.0,,0.0,0.0,,0.0,0.0,0.0,0.0,0.0,0.0,0.0,0.0,0.0,0.0,0.0,0.0,,0.0,0.0,,,,,0.0,0.0,0.0,0.0,0.0,0.0,0.0,0.0,0.0,,0.0,0.0,0.0,,0.0,0.0,0.0,0.0,0.0,0.0,,0.0,,0.0,0.0,0.0,0.0,0.0,0.0,0.0,,0.0,0.0,0.0,0.0,0.0,0.0,0.0,0.0,0.0,0.0,0.0,0.0,0.0,,0.0,0.0,0.0,0.0,,0.0,0.0,0.0,0.0,0.0,0.0,0.0,0.0,0.0,0.0,0.0,0.0,0.0,0.0,,,,0.0,0.0,0.0,0.0,0.0,0.0,0.0,,0.0,0.16256678104400635,0.0,0.0,0.0,0.0,0.0,0.0,0.0,,0.0,0.0,0.0,0.0,0.0,0.0,,0.0,0.0,0.0,0.0,0.0,0.0,0.0,0.0,0.0,0.0,,0.0,0.0,0.0,0.0,,0.0,0.0,0.0,0.0,0.0,0.0,,0.0,0.0,0.0,0.0,0.0,0.0,,0.0,,0.0,0.0,0.0,0.0,0.0,0.0,0.0,0.0,0.0,0.0,0.06631564348936081,,0.0,0.0,0.0,0.0,0.2114010602235794,0.0,0.0,0.0,0.0,0.0,,0.0,0.0,0.0,0.0,0.0,0.0,0.0,0.0,0.07473663240671158,0.002394676674157381,0.0,,0.0,0.0,0.0,0.0,0.0,0.0,0.0,0.0,,0.0,0.0,,0.0,0.0,0.0,0.0,,,0.0,0.0,,0.0,0.0,,,0.0,0.0,0.0,0.0,0.0,0.0,0.0,,0.0,0.0,0.0,0.0,0.0,0.0,0.0,0.0,0.0,0.0,0.0,,0.0,0.0,,0.0,0.0,0.0,,0.0,0.0,0.0,0.0,,0.0,0.0,0.0,0.0,0.0,0.0,0.0,0.0,0.0,0.0,0.0,0.0,0.0,0.0,0.0,0.0,,0.0,0.11432407796382904,0.0,0.0,0.15972954034805298,0.0,0.0,0.0,0.0,0.0,0.0,0.0,0.0,0.0,0.0,,0.0,0.0,0.0,0.0,0.0,0.0,0.0,0.0,0.0,0.0,0.0,0.0,0.0,0.0,0.0,,,0.0,0.0,0.0,,,0.0,0.0,0.0,,0.0,,0.0,,0.0,,,0.0,,0.0,,0.0,0.0,0.0,0.0,0.0,0.0,0.0,0.0,0.0,0.0,,0.0,0.0,,0.0,0.0,0.0,0.0,,0.0,0.0,0.0,0.0,0.0,0.0,0.07511357963085175,0.0,,0.0,,0.0,0.0,0.0,0.0,,0.0,,,,0.0,,0.0,0.0,,0.0,0.0,0.0,0.0,,,0.0,0.0,0.0,0.0,0.0,,0.0,,0.0,0.0,0.0,0.008292756043374538,0.0,0.0,0.0,,0.0,0.0,0.0,0.0,0.0,0.0,,0.0,0.0,0.0,0.0,0.0,0.0,,,0.0,0.0,0.0,0.0,0.0,0.0,,0.0,0.0,0.0,,0.0,,,0.0,0.0,0.0,0.0,0.0,,0.0,0.0,,0.0,,0.0,0.0,0.0,0.0,0.0,0.0,0.0,0.0,0.0,0.0,0.0,0.0,0.0,0.0,0.0,0.0,0.0,0.0,0.0,0.0,0.0,0.0,0.0,0.0,0.0,0.0,0.0,0.0,0.0,0.0,0.0,0.0,0.0,0.0,0.0,0.0,0.0,0.0,0.0,0.0,0.0,0.01570284366607666,0.0,0.0,0.0,0.0,0.0,0.0,0.0,0.0,0.0,0.0,0.0,0.0,0.0,0.0,0.0,0.0,0.0,0.0,0.0,0.0,0.0,0.0,0.0,0.0,0.0,0.0,0.0,0.0,0.0,0.0,0.0,0.0,0.0,0.0,0.0,0.0,0.0,0.10942241549491882,0.0,0.0,0.0,0.0,0.0,0.0,0.0,0.0,0.0,0.0,0.0,0.0,0.0,0.0,0.0,,,,,,,,,,,,,,,,,,,,,,,,,,,,,,,,,,,,,,,,,,,,,,,,,,,,,,,,,,,,,,,,,,,,,,,,,,,,,,,,,,,,,,,,,,,,,,,,,,,,,,,,,,,,,,,,,,,,,,,,,,,,,,,,,,,,,,,,,,,,,,,,,,,,,,,,,,,,,,,,,,,,,,,,,,,,,,
2020-03-18,630362.8309294214,96.40749617087621,,,,,,,,,,,76494.84123570709,,1039061.7711000025,,,,,,,,,,,,,,,,,,,,10358.529140368182,,,,11590.13707714972,9048.400782488843,1587.3232248785232,23030.737496501075,38133.282110910506,6805.956064854392,42803.33934933759,37328.528728156685,,,,,,,,,,,,,,,,,,,,,,,,,,,,,,,,,,,,,,,,,,,,,,,,,,,,,,,,,,,,,,,,,,,,,,,,,,,,,,0.0,0.0,0.0,0.0,0.0,0.0,0.0,0.0,0.0,0.0,0.0,0.0,0.0,0.0,0.0,0.0,,0.0,0.0,0.0,,0.0,0.0,0.0,0.0,0.0,,0.0,0.0,0.0,0.0,0.0,0.0,,0.0,,,,0.0,0.0,0.0,,0.0,0.0,0.0,0.0,0.0,,,0.0,,0.0,0.0,0.0,0.0,0.0,0.0,0.0,0.0,0.0,0.0,0.0,0.0,0.0,,0.0,0.0,0.0,0.0,0.0,,0.0,0.0,,0.0,0.0,0.0,0.0,,0.0,0.0,0.0,0.0,0.0,,0.0,0.0,,0.0,0.0,0.0,0.0,0.0,0.0,0.0,0.0,0.0,0.0,0.0,0.0,,0.0,0.0,,,,,0.0,0.0,0.0,0.0,0.0,0.0,0.0,0.0,0.0,,0.0,0.0,0.0,,0.0,0.0,0.0,0.0,0.0,0.0,,0.0,,0.0,0.0,0.0,0.0,0.0,0.0,0.0,,0.0,0.0,0.0,0.0,0.0,0.0,0.0,0.0,0.0,0.0,0.0,0.0,0.0,,0.0,0.0,0.0,0.0,,0.0,0.0,0.0,0.0,0.0,0.0,0.0,0.0,0.0,0.0,0.0,0.0,0.0,0.0,,,,0.0,0.0,0.0,0.0,0.0,0.0,0.0,,0.0,0.16256678104400635,0.0,0.0,0.0,0.0,0.0,0.0,0.0,,0.0,0.0,0.0,0.0,0.0,0.0,,0.0,0.0,0.0,0.0,0.0,0.0,0.0,0.0,0.0,0.0,,0.0,0.0,0.0,0.0,,0.0,0.0,0.0,0.0,0.0,0.0,,0.0,0.0,0.0,0.0,0.0,0.0,,0.0,,0.0,0.0,0.0,0.0,0.0,0.0,0.0,0.0,0.0,0.0,0.06631564348936081,,0.0,0.0,0.0,0.0,0.2114010602235794,0.0,0.0,0.0,0.0,0.0,,0.0,0.0,0.0,0.0,0.0,0.0,0.0,0.0,0.07473663240671158,0.002394676674157381,0.0,,0.0,0.0,0.0,0.0,0.0,0.0,0.0,0.0,,0.0,0.0,,0.0,0.0,0.0,0.0,,,0.0,0.0,,0.0,0.0,,,0.0,0.0,0.0,0.0,0.0,0.0,0.0,,0.0,0.0,0.0,0.0,0.0,0.0,0.0,0.0,0.0,0.0,0.0,,0.0,0.0,,0.0,0.0,0.0,,0.0,0.0,0.0,0.0,,0.0,0.0,0.0,0.0,0.0,0.0,0.0,0.0,0.0,0.0,0.0,0.0,0.0,0.0,0.0,0.0,,0.0,0.11432407796382904,0.0,0.0,0.15972954034805298,0.0,0.0,0.0,0.0,0.0,0.0,0.0,0.0,0.0,0.0,,0.0,0.0,0.0,0.0,0.0,0.0,0.0,0.0,0.0,0.0,0.0,0.0,0.0,0.0,0.0,,,0.0,0.0,0.0,,,0.0,0.0,0.0,,0.0,,0.0,,0.0,,,0.0,,0.0,,0.0,0.0,0.0,0.0,0.0,0.0,0.0,0.0,0.0,0.0,,0.0,0.0,,0.0,0.0,0.0,0.0,,0.0,0.0,0.0,0.0,0.0,0.0,0.07511357963085175,0.0,,0.0,,0.0,0.0,0.0,0.0,,0.0,,,,0.0,,0.0,0.0,,0.0,0.0,0.0,0.0,,,0.0,0.0,0.0,0.0,0.0,,0.0,,0.0,0.0,0.0,0.008292756043374538,0.0,0.0,0.0,,0.0,0.0,0.0,0.0,0.0,0.0,,0.0,0.0,0.0,0.0,0.0,0.0,,,0.0,0.0,0.0,0.0,0.0,0.0,,0.0,0.0,0.0,,0.0,,,0.0,0.0,0.0,0.0,0.0,,0.0,0.0,,0.0,,0.0,0.0,0.0,0.0,0.0,0.0,0.0,0.0,0.0,0.0,0.0,0.0,0.0,0.0,0.0,0.0,0.0,0.0,0.0,0.0,0.0,0.0,0.0,0.0,0.0,0.0,0.0,0.0,0.0,0.0,0.0,0.0,0.0,0.0,0.0,0.0,0.0,0.0,0.0,0.0,0.0,0.01570284366607666,0.0,0.0,0.0,0.0,0.0,0.0,0.0,0.0,0.0,0.0,0.0,0.0,0.0,0.0,0.0,0.0,0.0,0.0,0.0,0.0,0.0,0.0,0.0,0.0,0.0,0.0,0.0,0.0,0.0,0.0,0.0,0.0,0.0,0.0,0.0,0.0,0.0,0.10942241549491882,0.0,0.0,0.0,0.0,0.0,0.0,0.0,0.0,0.0,0.0,0.0,0.0,0.0,0.0,0.0,,,,,,,,,,,,,,,,,,,,,,,,,,,,,,,,,,,,,,,,,,,,,,,,,,,,,,,,,,,,,,,,,,,,,,,,,,,,,,,,,,,,,,,,,,,,,,,,,,,,,,,,,,,,,,,,,,,,,,,,,,,,,,,,,,,,,,,,,,,,,,,,,,,,,,,,,,,,,,,,,,,,,,,,,,,,,,
2020-03-19,642395.439084766,93.72218497735723,,,,,,,,,,,76494.84123570709,,1039061.7711000025,,,,,,,,,,,,,,,,,,,,10358.529140368182,,,,11590.13707714972,9048.400782488843,1587.3232248785232,23030.737496501075,38133.282110910506,6805.956064854392,42805.15785506327,37328.528728156685,,,,,,,,,,,,,,,,,,,,,,,,,,,,,,,,,,,,,,,,,,,,,,,,,,,,,,,,,,,,,,,,,,,,,,,,,,,,,,0.0,0.0,0.0,0.0,0.0,0.0,0.0,0.0,0.0,0.0,0.0,0.0,0.0,0.0,0.0,0.0,,0.0,0.0,0.0,,0.0,0.0,0.0,0.0,0.0,,0.0,0.0,0.0,0.0,0.0,0.0,,0.0,,,,0.0,0.0,0.0,,0.0,0.0,0.0,0.0,0.0,,,0.0,,0.0,0.0,0.0,0.0,0.0,0.0,0.0,0.0,0.0,0.0,0.0,0.0,0.0,,0.0,0.0,0.0,0.0,0.0,,0.0,0.0,,0.0,0.0,0.0,0.0,,0.0,0.0,0.0,0.0,0.0,,0.0,0.0,,0.0,0.0,0.0,0.0,0.0,0.0,0.0,0.0,0.0,0.0,0.0,0.0,,0.0,0.0,,,,,0.0,0.0,0.0,0.0,0.0,0.0,0.0,0.0,0.0,,0.0,0.0,0.0,,0.0,0.0,0.0,0.0,0.0,0.0,,0.0,,0.0,0.0,0.0,0.0,0.0,0.0,0.0,,0.0,0.0,0.0,0.0,0.0,0.0,0.0,0.0,0.0,0.0,0.0,0.0,0.0,,0.0,0.0,0.0,0.0,,0.0,0.0,0.0,0.0,0.0,0.0,0.0,0.0,0.0,0.0,0.0,0.0,0.0,0.0,,,,0.0,0.0,0.0,0.0,0.0,0.0,0.0,,0.0,0.16256678104400635,0.0,0.0,0.0,0.0,0.0,0.0,0.0,,0.0,0.0,0.0,0.0,0.0,0.0,,0.0,0.0,0.0,0.0,0.0,0.0,0.0,0.0,0.0,0.0,,0.0,0.0,0.0,0.0,,0.0,0.0,0.0,0.0,0.0,0.0,,0.0,0.0,0.0,0.0,0.0,0.0,,0.0,,0.0,0.0,0.0,0.0,0.0,0.0,0.0,0.0,0.0,0.0,0.06631564348936081,,0.0,0.0,0.0,0.0,0.2114010602235794,0.0,0.0,0.0,0.0,0.0,,0.0,0.0,0.0,0.0,0.0,0.0,0.0,0.0,0.07473663240671158,0.002394676674157381,0.0,,0.0,0.0,0.0,0.0,0.0,0.0,0.0,0.0,,0.0,0.0,,0.0,0.0,0.0,0.0,,,0.0,0.0,,0.0,0.0,,,0.0,0.0,0.0,0.0,0.0,0.0,0.0,,0.0,0.0,0.0,0.0,0.0,0.0,0.0,0.0,0.0,0.0,0.0,,0.0,0.0,,0.0,0.0,0.0,,0.0,0.0,0.0,0.0,,0.0,0.0,0.0,0.0,0.0,0.0,0.0,0.0,0.0,0.0,0.0,0.0,0.0,0.0,0.0,0.0,,0.0,0.11432407796382904,0.0,0.0,0.15972954034805298,0.0,0.0,0.0,0.0,0.0,0.0,0.0,0.0,0.0,0.0,,0.0,0.0,0.0,0.0,0.0,0.0,0.0,0.0,0.0,0.0,0.0,0.0,0.0,0.0,0.0,,,0.0,0.0,0.0,,,0.0,0.0,0.0,,0.0,,0.0,,0.0,,,0.0,,0.0,,0.0,0.0,0.0,0.0,0.0,0.0,0.0,0.0,0.0,0.0,,0.0,0.0,,0.0,0.0,0.0,0.0,,0.0,0.0,0.0,0.0,0.0,0.0,0.07511357963085175,0.0,,0.0,,0.0,0.0,0.0,0.0,,0.0,,,,0.0,,0.0,0.0,,0.0,0.0,0.0,0.0,,,0.0,0.0,0.0,0.0,0.0,,0.0,,0.0,0.0,0.0,0.008292756043374538,0.0,0.0,0.0,,0.0,0.0,0.0,0.0,0.0,0.0,,0.0,0.0,0.0,0.0,0.0,0.0,,,0.0,0.0,0.0,0.0,0.0,0.0,,0.0,0.0,0.0,,0.0,,,0.0,0.0,0.0,0.0,0.0,,0.0,0.0,,0.0,,0.0,0.0,0.0,0.0,0.0,0.0,0.0,0.0,0.0,0.0,0.0,0.0,0.0,0.0,0.0,0.0,0.0,0.0,0.0,0.0,0.0,0.0,0.0,0.0,0.0,0.0,0.0,0.0,0.0,0.0,0.0,0.0,0.0,0.0,0.0,0.0,0.0,0.0,0.0,0.0,0.0,0.01570284366607666,0.0,0.0,0.0,0.0,0.0,0.0,0.0,0.0,0.0,0.0,0.0,0.0,0.0,0.0,0.0,0.0,0.0,0.0,0.0,0.0,0.0,0.0,0.0,0.0,0.0,0.0,0.0,0.0,0.0,0.0,0.0,0.0,0.0,0.0,0.0,0.0,0.0,0.10942241549491882,0.0,0.0,0.0,0.0,0.0,0.0,0.0,0.0,0.0,0.0,0.0,0.0,0.0,0.0,0.0,,,,,,,,,,,,,,,,,,,,,,,,,,,,,,,,,,,,,,,,,,,,,,,,,,,,,,,,,,,,,,,,,,,,,,,,,,,,,,,,,,,,,,,,,,,,,,,,,,,,,,,,,,,,,,,,,,,,,,,,,,,,,,,,,,,,,,,,,,,,,,,,,,,,,,,,,,,,,,,,,,,,,,,,,,,,,,
2020-03-20,641031.7218903964,96.20419357405868,,,,,,,,,,,76494.84123570709,,1039061.7711000025,,,,,,,,,,,,,,,,,,,,10358.529140368182,,,,11590.13707714972,9048.400782488843,1587.3232248785232,23030.737496501075,38133.282110910506,6805.956064854392,42803.53435596001,37328.528728156685,,,,,,,,,,,,,,,,,,,,,,,,,,,,,,,,,,,,,,,,,,,,,,,,,,,,,,,,,,,,,,,,,,,,,,,,,,,,,,0.0,0.0,0.0,0.0,0.0,0.0,0.0,0.0,0.0,0.0,0.0,0.0,0.0,0.0,0.0,0.0,,0.0,0.0,0.0,,0.0,0.0,0.0,0.0,0.0,,0.0,0.0,0.0,0.0,0.0,0.0,,0.0,,,,0.0,0.0,0.0,,0.0,0.0,0.0,0.0,0.0,,,0.0,,0.0,0.0,0.0,0.0,0.0,0.0,0.0,0.0,0.0,0.0,0.0,0.0,0.0,,0.0,0.0,0.0,0.0,0.0,,0.0,0.0,,0.0,0.0,0.0,0.0,,0.0,0.0,0.0,0.0,0.0,,0.0,0.0,,0.0,0.0,0.0,0.0,0.0,0.0,0.0,0.0,0.0,0.0,0.0,0.0,,0.0,0.0,,,,,0.0,0.0,0.0,0.0,0.0,0.0,0.0,0.0,0.0,,0.0,0.0,0.0,,0.0,0.0,0.0,0.0,0.0,0.0,,0.0,,0.0,0.0,0.0,0.0,0.0,0.0,0.0,,0.0,0.0,0.0,0.0,0.0,0.0,0.0,0.0,0.0,0.0,0.0,0.0,0.0,,0.0,0.0,0.0,0.0,,0.0,0.0,0.0,0.0,0.0,0.0,0.0,0.0,0.0,0.0,0.0,0.0,0.0,0.0,,,,0.0,0.0,0.0,0.0,0.0,0.0,0.0,,0.0,0.16256678104400635,0.0,0.0,0.0,0.0,0.0,0.0,0.0,,0.0,0.0,0.0,0.0,0.0,0.0,,0.0,0.0,0.0,0.0,0.0,0.0,0.0,0.0,0.0,0.0,,0.0,0.0,0.0,0.0,,0.0,0.0,0.0,0.0,0.0,0.0,,0.0,0.0,0.0,0.0,0.0,0.0,,0.0,,0.0,0.0,0.0,0.0,0.0,0.0,0.0,0.0,0.0,0.0,0.06631564348936081,,0.0,0.0,0.0,0.0,0.2114010602235794,0.0,0.0,0.0,0.0,0.0,,0.0,0.0,0.0,0.0,0.0,0.0,0.0,0.0,0.07473663240671158,0.002394676674157381,0.0,,0.0,0.0,0.0,0.0,0.0,0.0,0.0,0.0,,0.0,0.0,,0.0,0.0,0.0,0.0,,,0.0,0.0,,0.0,0.0,,,0.0,0.0,0.0,0.0,0.0,0.0,0.0,,0.0,0.0,0.0,0.0,0.0,0.0,0.0,0.0,0.0,0.0,0.0,,0.0,0.0,,0.0,0.0,0.0,,0.0,0.0,0.0,0.0,,0.0,0.0,0.0,0.0,0.0,0.0,0.0,0.0,0.0,0.0,0.0,0.0,0.0,0.0,0.0,0.0,,0.0,0.11432407796382904,0.0,0.0,0.15972954034805298,0.0,0.0,0.0,0.0,0.0,0.0,0.0,0.0,0.0,0.0,,0.0,0.0,0.0,0.0,0.0,0.0,0.0,0.0,0.0,0.0,0.0,0.0,0.0,0.0,0.0,,,0.0,0.0,0.0,,,0.0,0.0,0.0,,0.0,,0.0,,0.0,,,0.0,,0.0,,0.0,0.0,0.0,0.0,0.0,0.0,0.0,0.0,0.0,0.0,,0.0,0.0,,0.0,0.0,0.0,0.0,,0.0,0.0,0.0,0.0,0.0,0.0,0.07511357963085175,0.0,,0.0,,0.0,0.0,0.0,0.0,,0.0,,,,0.0,,0.0,0.0,,0.0,0.0,0.0,0.0,,,0.0,0.0,0.0,0.0,0.0,,0.0,,0.0,0.0,0.0,0.008292756043374538,0.0,0.0,0.0,,0.0,0.0,0.0,0.0,0.0,0.0,,0.0,0.0,0.0,0.0,0.0,0.0,,,0.0,0.0,0.0,0.0,0.0,0.0,,0.0,0.0,0.0,,0.0,,,0.0,0.0,0.0,0.0,0.0,,0.0,0.0,,0.0,,0.0,0.0,0.0,0.0,0.0,0.0,0.0,0.0,0.0,0.0,0.0,0.0,0.0,0.0,0.0,0.0,0.0,0.0,0.0,0.0,0.0,0.0,0.0,0.0,0.0,0.0,0.0,0.0,0.0,0.0,0.0,0.0,0.0,0.0,0.0,0.0,0.0,0.0,0.0,0.0,0.0,0.01570284366607666,0.0,0.0,0.0,0.0,0.0,0.0,0.0,0.0,0.0,0.0,0.0,0.0,0.0,0.0,0.0,0.0,0.0,0.0,0.0,0.0,0.0,0.0,0.0,0.0,0.0,0.0,0.0,0.0,0.0,0.0,0.0,0.0,0.0,0.0,0.0,0.0,0.0,0.10942241549491882,0.0,0.0,0.0,0.0,0.0,0.0,0.0,0.0,0.0,0.0,0.0,0.0,0.0,0.0,0.0,,,,,,,,,,,,,,,,,,,,,,,,,,,,,,,,,,,,,,,,,,,,,,,,,,,,,,,,,,,,,,,,,,,,,,,,,,,,,,,,,,,,,,,,,,,,,,,,,,,,,,,,,,,,,,,,,,,,,,,,,,,,,,,,,,,,,,,,,,,,,,,,,,,,,,,,,,,,,,,,,,,,,,,,,,,,,,
2020-03-23,613614.5863854123,517.9362317533119,,,,,,,,,,,76494.84123570709,,1039061.7711000025,,,,,,,,,,,,,,,,,,,,10358.529140368182,,,,11590.13707714972,9048.400782488843,1587.3232248785232,23030.737496501075,38133.282110910506,6805.956064854392,41277.25789547961,38821.639831653665,,,,,,,,,,,,,,,,,,,,,,,,,,,,,,,,,,,,,,,,,,,,,,,,,,,,,,,,,,,,,,,,,,,,,,,,,,,,,,0.0,0.0,0.0,0.0,0.0,0.0,0.0,0.0,0.0,0.0,0.0,0.0,0.0,0.0,0.0,0.0,,0.0,0.0,0.0,,0.0,0.0,0.0,0.0,0.0,,0.0,0.0,0.0,0.0,0.0,0.0,,0.0,,,,0.0,0.0,0.0,,0.0,0.0,0.0,0.0,0.0,,,0.0,,0.0,0.0,0.0,0.0,0.0,0.0,0.0,0.0,0.0,0.0,0.0,0.0,0.0,,0.0,0.0,0.0,0.0,0.0,,0.0,0.0,,0.0,0.0,0.0,0.0,,0.0,0.0,0.0,0.0,0.0,,0.0,0.0,,0.0,0.0,0.0,0.0,0.0,0.0,0.0,0.0,0.0,0.0,0.0,0.0,,0.0,0.0,,,,,0.0,0.0,0.0,0.0,0.0,0.0,0.0,0.0,0.0,,0.0,0.0,0.0,,0.0,0.0,0.0,0.0,0.0,0.0,,0.0,,0.0,0.0,0.0,0.0,0.0,0.0,0.0,,0.0,0.0,0.0,0.0,0.0,0.0,0.0,0.0,0.0,0.0,0.0,0.0,0.0,,0.0,0.0,0.0,0.0,,0.0,0.0,0.0,0.0,0.0,0.0,0.0,0.0,0.0,0.0,0.0,0.0,0.0,0.0,,,,0.0,0.0,0.0,0.0,0.0,0.0,0.0,,0.0,0.16256678104400635,0.0,0.0,0.0,0.0,0.0,0.0,0.0,,0.0,0.0,0.0,0.0,0.0,0.0,,0.0,0.0,0.0,0.0,0.0,0.0,0.0,0.0,0.0,0.0,,0.0,0.0,0.0,0.0,,0.0,0.0,0.0,0.0,0.0,0.0,,0.0,0.0,0.0,0.0,0.0,0.0,,0.0,,0.0,0.0,0.0,0.0,0.0,0.0,0.0,0.0,0.0,0.0,0.06631564348936081,,0.0,0.0,0.0,0.0,0.2114010602235794,0.0,0.0,0.0,0.0,0.0,,0.0,0.0,0.0,0.0,0.0,0.0,0.0,0.0,0.07473663240671158,0.002394676674157381,0.0,,0.0,0.0,0.0,0.0,0.0,0.0,0.0,0.0,,0.0,0.0,,0.0,0.0,0.0,0.0,,,0.0,0.0,,0.0,0.0,,,0.0,0.0,0.0,0.0,0.0,0.0,0.0,,0.0,0.0,0.0,0.0,0.0,0.0,0.0,0.0,0.0,0.0,0.0,,0.0,0.0,,0.0,0.0,0.0,,0.0,0.0,0.0,0.0,,0.0,0.0,0.0,0.0,0.0,0.0,0.0,0.0,0.0,0.0,0.0,0.0,0.0,0.0,0.0,0.0,,0.0,0.11432407796382904,0.0,0.0,0.15972954034805298,0.0,0.0,0.0,0.0,0.0,0.0,0.0,0.0,0.0,0.0,,0.0,0.0,0.0,0.0,0.0,0.0,0.0,0.0,0.0,0.0,0.0,0.0,0.0,0.0,0.0,,,0.0,0.0,0.0,,,0.0,0.0,0.0,,0.0,,0.0,,0.0,,,0.0,,0.0,,0.0,0.0,0.0,0.0,0.0,0.0,0.0,0.0,0.0,0.0,,0.0,0.0,,0.0,0.0,0.0,0.0,,0.0,0.0,0.0,0.0,0.0,0.0,0.07511357963085175,0.0,,0.0,,0.0,0.0,0.0,0.0,,0.0,,,,0.0,,0.0,0.0,,0.0,0.0,0.0,0.0,,,0.0,0.0,0.0,0.0,0.0,,0.0,,0.0,0.0,0.0,0.008292756043374538,0.0,0.0,0.0,,0.0,0.0,0.0,0.0,0.0,0.0,,0.0,0.0,0.0,0.0,0.0,0.0,,,0.0,0.0,0.0,0.0,0.0,0.0,,0.0,0.0,0.0,,0.0,,,0.0,0.0,0.0,0.0,0.0,,0.0,0.0,,0.0,,0.0,0.0,0.0,0.0,0.0,0.0,0.0,0.0,0.0,0.0,0.0,0.0,0.0,0.0,0.0,0.0,0.0,0.0,0.0,0.0,0.0,0.0,0.0,0.0,0.0,0.0,0.0,0.0,0.0,0.0,0.0,0.0,0.0,0.0,0.0,0.0,0.0,0.0,0.0,0.0,0.0,0.01570284366607666,0.0,0.0,0.0,0.0,0.0,0.0,0.0,0.0,0.0,0.0,0.0,0.0,0.0,0.0,0.0,0.0,0.0,0.0,0.0,0.0,0.0,0.0,0.0,0.0,0.0,0.0,0.0,0.0,0.0,0.0,0.0,0.0,0.0,0.0,0.0,0.0,0.0,0.10942241549491882,0.0,0.0,0.0,0.0,0.0,0.0,0.0,0.0,0.0,0.0,0.0,0.0,0.0,0.0,0.0,,,,,,,,,,,,,,,,,,,,,,,,,,,,,,,,,,,,,,,,,,,,,,,,,,,,,,,,,,,,,,,,,,,,,,,,,,,,,,,,,,,,,,,,,,,,,,,,,,,,,,,,,,,,,,,,,,,,,,,,,,,,,,,,,,,,,,,,,,,,,,,,,,,,,,,,,,,,,,,,,,,,,,,,,,,,,,
2020-03-24,629100.7911389243,21.865961803277116,,,,,,,,,,,76494.84123570709,,1039061.7711000025,,,,,,,,,,,,,,,,,,,,10358.529140368182,,,,11589.615750815197,9131.418719021143,1587.3232248785232,23030.737496501075,38133.282110910506,6805.956064854392,41277.25789547961,38821.639831653665,,,,,,,,,,,,,,,,,,,,,,,,,,,,,,,,,,,,,,,,,,,,,,,,,,,,,,,,,,,,,,,,,,,,,,,,,,,,,,0.0,0.0,0.0,0.0,0.0,0.0,0.0,0.0,0.0,0.0,0.0,0.0,0.0,0.0,0.0,0.0,,0.0,0.0,0.0,,0.0,0.0,0.0,0.0,0.0,,0.0,0.0,0.0,0.0,0.0,0.0,,0.0,,,,0.0,0.0,0.0,,0.0,0.0,0.0,0.0,0.0,,,0.0,,0.0,0.0,0.0,0.0,0.0,0.0,0.0,0.0,0.0,0.0,0.0,0.0,0.0,,0.0,0.0,0.0,0.0,0.0,,0.0,0.0,,0.0,0.0,0.0,0.0,,0.0,0.0,0.0,0.0,0.0,,0.0,0.0,,0.0,0.0,0.0,0.0,0.0,0.0,0.0,0.0,0.0,0.0,0.0,0.0,,0.0,0.0,,,,,0.0,0.0,0.0,0.0,0.0,0.0,0.0,0.0,0.0,,0.0,0.0,0.0,,0.0,0.0,0.0,0.0,0.0,0.0,,0.0,,0.0,0.0,0.0,0.0,0.0,0.0,0.0,,0.0,0.0,0.0,0.0,0.0,0.0,0.0,0.0,0.0,0.0,0.0,0.0,0.0,,0.0,0.0,0.0,0.0,,0.0,0.0,0.0,0.0,0.0,0.0,0.0,0.0,0.0,0.0,0.0,0.0,0.0,0.0,,,,0.0,0.0,0.0,0.0,0.0,0.0,0.0,,0.0,0.16256678104400635,0.0,0.0,0.0,0.0,0.0,0.0,0.0,,0.0,0.0,0.0,0.0,0.0,0.0,,0.0,0.0,0.0,0.0,0.0,0.0,0.0,0.0,0.0,0.0,,0.0,0.0,0.0,0.0,,0.0,0.0,0.0,0.0,0.0,0.0,,0.0,0.0,0.0,0.0,0.0,0.0,,0.0,,0.0,0.0,0.0,0.0,0.0,0.0,0.0,0.0,0.0,0.0,0.06631564348936081,,0.0,0.0,0.0,0.0,0.2114010602235794,0.0,0.0,0.0,0.0,0.0,,0.0,0.0,0.0,0.0,0.0,0.0,0.0,0.0,0.07473663240671158,0.002394676674157381,0.0,,0.0,0.0,0.0,0.0,0.0,0.0,0.0,0.0,,0.0,0.0,,0.0,0.0,0.0,0.0,,,0.0,0.0,,0.0,0.0,,,0.0,0.0,0.0,0.0,0.0,0.0,0.0,,0.0,0.0,0.0,0.0,0.0,0.0,0.0,0.0,0.0,0.0,0.0,,0.0,0.0,,0.0,0.0,0.0,,0.0,0.0,0.0,0.0,,0.0,0.0,0.0,0.0,0.0,0.0,0.0,0.0,0.0,0.0,0.0,0.0,0.0,0.0,0.0,0.0,,0.0,0.11432407796382904,0.0,0.0,0.15972954034805298,0.0,0.0,0.0,0.0,0.0,0.0,0.0,0.0,0.0,0.0,,0.0,0.0,0.0,0.0,0.0,0.0,0.0,0.0,0.0,0.0,0.0,0.0,0.0,0.0,0.0,,,0.0,0.0,0.0,,,0.0,0.0,0.0,,0.0,,0.0,,0.0,,,0.0,,0.0,,0.0,0.0,0.0,0.0,0.0,0.0,0.0,0.0,0.0,0.0,,0.0,0.0,,0.0,0.0,0.0,0.0,,0.0,0.0,0.0,0.0,0.0,0.0,0.07511357963085175,0.0,,0.0,,0.0,0.0,0.0,0.0,,0.0,,,,0.0,,0.0,0.0,,0.0,0.0,0.0,0.0,,,0.0,0.0,0.0,0.0,0.0,,0.0,,0.0,0.0,0.0,0.008292756043374538,0.0,0.0,0.0,,0.0,0.0,0.0,0.0,0.0,0.0,,0.0,0.0,0.0,0.0,0.0,0.0,,,0.0,0.0,0.0,0.0,0.0,0.0,,0.0,0.0,0.0,,0.0,,,0.0,0.0,0.0,0.0,0.0,,0.0,0.0,,0.0,,0.0,0.0,0.0,0.0,0.0,0.0,0.0,0.0,0.0,0.0,0.0,0.0,0.0,0.0,0.0,0.0,0.0,0.0,0.0,0.0,0.0,0.0,0.0,0.0,0.0,0.0,0.0,0.0,0.0,0.0,0.0,0.0,0.0,0.0,0.0,0.0,0.0,0.0,0.0,0.0,0.0,0.01570284366607666,0.0,0.0,0.0,0.0,0.0,0.0,0.0,0.0,0.0,0.0,0.0,0.0,0.0,0.0,0.0,0.0,0.0,0.0,0.0,0.0,0.0,0.0,0.0,0.0,0.0,0.0,0.0,0.0,0.0,0.0,0.0,0.0,0.0,0.0,0.0,0.0,0.0,0.10942241549491882,0.0,0.0,0.0,0.0,0.0,0.0,0.0,0.0,0.0,0.0,0.0,0.0,0.0,0.0,0.0,,,,,,,,,,,,,,,,,,,,,,,,,,,,,,,,,,,,,,,,,,,,,,,,,,,,,,,,,,,,,,,,,,,,,,,,,,,,,,,,,,,,,,,,,,,,,,,,,,,,,,,,,,,,,,,,,,,,,,,,,,,,,,,,,,,,,,,,,,,,,,,,,,,,,,,,,,,,,,,,,,,,,,,,,,,,,,
2020-03-25,635679.5647736443,21.507412610556365,,,,,,,,,,,76494.84123570709,,1039061.7711000025,,,,,,,,,,,,,,,,,,,,10358.529140368182,,,,11590.116150407308,9131.418719021143,1587.3232248785232,23030.737496501075,38133.282110910506,6805.956064854392,41275.65000220395,38821.639831653665,,,,,,,,,,,,,,,,,,,,,,,,,,,,,,,,,,,,,,,,,,,,,,,,,,,,,,,,,,,,,,,,,,,,,,,,,,,,,,0.0,0.0,0.0,0.0,0.0,0.0,0.0,0.0,0.0,0.0,0.0,0.0,0.0,0.0,0.0,0.0,,0.0,0.0,0.0,,0.0,0.0,0.0,0.0,0.0,,0.0,0.0,0.0,0.0,0.0,0.0,,0.0,,,,0.0,0.0,0.0,,0.0,0.0,0.0,0.0,0.0,,,0.0,,0.0,0.0,0.0,0.0,0.0,0.0,0.0,0.0,0.0,0.0,0.0,0.0,0.0,,0.0,0.0,0.0,0.0,0.0,,0.0,0.0,,0.0,0.0,0.0,0.0,,0.0,0.0,0.0,0.0,0.0,,0.0,0.0,,0.0,0.0,0.0,0.0,0.0,0.0,0.0,0.0,0.0,0.0,0.0,0.0,,0.0,0.0,,,,,0.0,0.0,0.0,0.0,0.0,0.0,0.0,0.0,0.0,,0.0,0.0,0.0,,0.0,0.0,0.0,0.0,0.0,0.0,,0.0,,0.0,0.0,0.0,0.0,0.0,0.0,0.0,,0.0,0.0,0.0,0.0,0.0,0.0,0.0,0.0,0.0,0.0,0.0,0.0,0.0,,0.0,0.0,0.0,0.0,,0.0,0.0,0.0,0.0,0.0,0.0,0.0,0.0,0.0,0.0,0.0,0.0,0.0,0.0,,,,0.0,0.0,0.0,0.0,0.0,0.0,0.0,,0.0,0.16256678104400635,0.0,0.0,0.0,0.0,0.0,0.0,0.0,,0.0,0.0,0.0,0.0,0.0,0.0,,0.0,0.0,0.0,0.0,0.0,0.0,0.0,0.0,0.0,0.0,,0.0,0.0,0.0,0.0,,0.0,0.0,0.0,0.0,0.0,0.0,,0.0,0.0,0.0,0.0,0.0,0.0,,0.0,,0.0,0.0,0.0,0.0,0.0,0.0,0.0,0.0,0.0,0.0,0.06631564348936081,,0.0,0.0,0.0,0.0,0.2114010602235794,0.0,0.0,0.0,0.0,0.0,,0.0,0.0,0.0,0.0,0.0,0.0,0.0,0.0,0.07473663240671158,0.002394676674157381,0.0,,0.0,0.0,0.0,0.0,0.0,0.0,0.0,0.0,,0.0,0.0,,0.0,0.0,0.0,0.0,,,0.0,0.0,,0.0,0.0,,,0.0,0.0,0.0,0.0,0.0,0.0,0.0,,0.0,0.0,0.0,0.0,0.0,0.0,0.0,0.0,0.0,0.0,0.0,,0.0,0.0,,0.0,0.0,0.0,,0.0,0.0,0.0,0.0,,0.0,0.0,0.0,0.0,0.0,0.0,0.0,0.0,0.0,0.0,0.0,0.0,0.0,0.0,0.0,0.0,,0.0,0.11432407796382904,0.0,0.0,0.15972954034805298,0.0,0.0,0.0,0.0,0.0,0.0,0.0,0.0,0.0,0.0,,0.0,0.0,0.0,0.0,0.0,0.0,0.0,0.0,0.0,0.0,0.0,0.0,0.0,0.0,0.0,,,0.0,0.0,0.0,,,0.0,0.0,0.0,,0.0,,0.0,,0.0,,,0.0,,0.0,,0.0,0.0,0.0,0.0,0.0,0.0,0.0,0.0,0.0,0.0,,0.0,0.0,,0.0,0.0,0.0,0.0,,0.0,0.0,0.0,0.0,0.0,0.0,0.07511357963085175,0.0,,0.0,,0.0,0.0,0.0,0.0,,0.0,,,,0.0,,0.0,0.0,,0.0,0.0,0.0,0.0,,,0.0,0.0,0.0,0.0,0.0,,0.0,,0.0,0.0,0.0,0.008292756043374538,0.0,0.0,0.0,,0.0,0.0,0.0,0.0,0.0,0.0,,0.0,0.0,0.0,0.0,0.0,0.0,,,0.0,0.0,0.0,0.0,0.0,0.0,,0.0,0.0,0.0,,0.0,,,0.0,0.0,0.0,0.0,0.0,,0.0,0.0,,0.0,,0.0,0.0,0.0,0.0,0.0,0.0,0.0,0.0,0.0,0.0,0.0,0.0,0.0,0.0,0.0,0.0,0.0,0.0,0.0,0.0,0.0,0.0,0.0,0.0,0.0,0.0,0.0,0.0,0.0,0.0,0.0,0.0,0.0,0.0,0.0,0.0,0.0,0.0,0.0,0.0,0.0,0.01570284366607666,0.0,0.0,0.0,0.0,0.0,0.0,0.0,0.0,0.0,0.0,0.0,0.0,0.0,0.0,0.0,0.0,0.0,0.0,0.0,0.0,0.0,0.0,0.0,0.0,0.0,0.0,0.0,0.0,0.0,0.0,0.0,0.0,0.0,0.0,0.0,0.0,0.0,0.10942241549491882,0.0,0.0,0.0,0.0,0.0,0.0,0.0,0.0,0.0,0.0,0.0,0.0,0.0,0.0,0.0,,,,,,,,,,,,,,,,,,,,,,,,,,,,,,,,,,,,,,,,,,,,,,,,,,,,,,,,,,,,,,,,,,,,,,,,,,,,,,,,,,,,,,,,,,,,,,,,,,,,,,,,,,,,,,,,,,,,,,,,,,,,,,,,,,,,,,,,,,,,,,,,,,,,,,,,,,,,,,,,,,,,,,,,,,,,,,
2020-03-26,629342.974226661,29.216280767585857,,,,,,,,,,,76494.84123570709,,1039061.7711000025,,,,,,,,,,,,,,,,,,,,10358.529140368182,,,,11589.318260993523,9131.418719021143,1587.3232248785232,23030.737496501075,38133.282110910506,6805.956064854392,41273.49693781172,38821.639831653665,,,,,,,,,,,,,,,,,,,,,,,,,,,,,,,,,,,,,,,,,,,,,,,,,,,,,,,,,,,,,,,,,,,,,,,,,,,,,,0.0,0.0,0.0,0.0,0.0,0.0,0.0,0.0,0.0,0.0,0.0,0.0,0.0,0.0,0.0,0.0,,0.0,0.0,0.0,,0.0,0.0,0.0,0.0,0.0,,0.0,0.0,0.0,0.0,0.0,0.0,,0.0,,,,0.0,0.0,0.0,,0.0,0.0,0.0,0.0,0.0,,,0.0,,0.0,0.0,0.0,0.0,0.0,0.0,0.0,0.0,0.0,0.0,0.0,0.0,0.0,,0.0,0.0,0.0,0.0,0.0,,0.0,0.0,,0.0,0.0,0.0,0.0,,0.0,0.0,0.0,0.0,0.0,,0.0,0.0,,0.0,0.0,0.0,0.0,0.0,0.0,0.0,0.0,0.0,0.0,0.0,0.0,,0.0,0.0,,,,,0.0,0.0,0.0,0.0,0.0,0.0,0.0,0.0,0.0,,0.0,0.0,0.0,,0.0,0.0,0.0,0.0,0.0,0.0,,0.0,,0.0,0.0,0.0,0.0,0.0,0.0,0.0,,0.0,0.0,0.0,0.0,0.0,0.0,0.0,0.0,0.0,0.0,0.0,0.0,0.0,,0.0,0.0,0.0,0.0,,0.0,0.0,0.0,0.0,0.0,0.0,0.0,0.0,0.0,0.0,0.0,0.0,0.0,0.0,,,,0.0,0.0,0.0,0.0,0.0,0.0,0.0,,0.0,0.16256678104400635,0.0,0.0,0.0,0.0,0.0,0.0,0.0,,0.0,0.0,0.0,0.0,0.0,0.0,,0.0,0.0,0.0,0.0,0.0,0.0,0.0,0.0,0.0,0.0,,0.0,0.0,0.0,0.0,,0.0,0.0,0.0,0.0,0.0,0.0,,0.0,0.0,0.0,0.0,0.0,0.0,,0.0,,0.0,0.0,0.0,0.0,0.0,0.0,0.0,0.0,0.0,0.0,0.06631564348936081,,0.0,0.0,0.0,0.0,0.2114010602235794,0.0,0.0,0.0,0.0,0.0,,0.0,0.0,0.0,0.0,0.0,0.0,0.0,0.0,0.07473663240671158,0.002394676674157381,0.0,,0.0,0.0,0.0,0.0,0.0,0.0,0.0,0.0,,0.0,0.0,,0.0,0.0,0.0,0.0,,,0.0,0.0,,0.0,0.0,,,0.0,0.0,0.0,0.0,0.0,0.0,0.0,,0.0,0.0,0.0,0.0,0.0,0.0,0.0,0.0,0.0,0.0,0.0,,0.0,0.0,,0.0,0.0,0.0,,0.0,0.0,0.0,0.0,,0.0,0.0,0.0,0.0,0.0,0.0,0.0,0.0,0.0,0.0,0.0,0.0,0.0,0.0,0.0,0.0,,0.0,0.11432407796382904,0.0,0.0,0.15972954034805298,0.0,0.0,0.0,0.0,0.0,0.0,0.0,0.0,0.0,0.0,,0.0,0.0,0.0,0.0,0.0,0.0,0.0,0.0,0.0,0.0,0.0,0.0,0.0,0.0,0.0,,,0.0,0.0,0.0,,,0.0,0.0,0.0,,0.0,,0.0,,0.0,,,0.0,,0.0,,0.0,0.0,0.0,0.0,0.0,0.0,0.0,0.0,0.0,0.0,,0.0,0.0,,0.0,0.0,0.0,0.0,,0.0,0.0,0.0,0.0,0.0,0.0,0.07511357963085175,0.0,,0.0,,0.0,0.0,0.0,0.0,,0.0,,,,0.0,,0.0,0.0,,0.0,0.0,0.0,0.0,,,0.0,0.0,0.0,0.0,0.0,,0.0,,0.0,0.0,0.0,0.008292756043374538,0.0,0.0,0.0,,0.0,0.0,0.0,0.0,0.0,0.0,,0.0,0.0,0.0,0.0,0.0,0.0,,,0.0,0.0,0.0,0.0,0.0,0.0,,0.0,0.0,0.0,,0.0,,,0.0,0.0,0.0,0.0,0.0,,0.0,0.0,,0.0,,0.0,0.0,0.0,0.0,0.0,0.0,0.0,0.0,0.0,0.0,0.0,0.0,0.0,0.0,0.0,0.0,0.0,0.0,0.0,0.0,0.0,0.0,0.0,0.0,0.0,0.0,0.0,0.0,0.0,0.0,0.0,0.0,0.0,0.0,0.0,0.0,0.0,0.0,0.0,0.0,0.0,0.01570284366607666,0.0,0.0,0.0,0.0,0.0,0.0,0.0,0.0,0.0,0.0,0.0,0.0,0.0,0.0,0.0,0.0,0.0,0.0,0.0,0.0,0.0,0.0,0.0,0.0,0.0,0.0,0.0,0.0,0.0,0.0,0.0,0.0,0.0,0.0,0.0,0.0,0.0,0.10942241549491882,0.0,0.0,0.0,0.0,0.0,0.0,0.0,0.0,0.0,0.0,0.0,0.0,0.0,0.0,0.0,,,,,,,,,,,,,,,,,,,,,,,,,,,,,,,,,,,,,,,,,,,,,,,,,,,,,,,,,,,,,,,,,,,,,,,,,,,,,,,,,,,,,,,,,,,,,,,,,,,,,,,,,,,,,,,,,,,,,,,,,,,,,,,,,,,,,,,,,,,,,,,,,,,,,,,,,,,,,,,,,,,,,,,,,,,,,,
2020-03-27,625432.954505097,14.032054228514426,,,,,,,,,,,76494.84123570709,,1039061.7711000025,,,,,,,,,,,,,,,,,,,,10358.529140368182,,,,11590.091584327858,9131.418719021143,1587.3232248785232,23034.286129736953,38133.282110910506,6805.956064854392,39744.99828362372,40812.70935834683,,,,,,,,,,,,,,,,,,,,,,,,,,,,,,,,,,,,,,,,,,,,,,,,,,,,,,,,,,,,,,,,,,,,,,,,,,,,,,0.0,0.0,0.0,0.0,0.0,0.0,0.0,0.0,0.0,0.0,0.0,0.0,0.0,0.0,0.0,0.0,,0.0,0.0,0.0,,0.0,0.0,0.0,0.0,0.0,,0.0,0.0,0.0,0.0,0.0,0.0,,0.0,,,,0.0,0.0,0.0,,0.0,0.0,0.0,0.0,0.0,,,0.0,,0.0,0.0,0.0,0.0,0.0,0.0,0.0,0.0,0.0,0.0,0.0,0.0,0.0,,0.0,0.0,0.0,0.0,0.0,,0.0,0.0,,0.0,0.0,0.0,0.0,,0.0,0.0,0.0,0.0,0.0,,0.0,0.0,,0.0,0.0,0.0,0.0,0.0,0.0,0.0,0.0,0.0,0.0,0.0,0.0,,0.0,0.0,,,,,0.0,0.0,0.0,0.0,0.0,0.0,0.0,0.0,0.0,,0.0,0.0,0.0,,0.0,0.0,0.0,0.0,0.0,0.0,,0.0,,0.0,0.0,0.0,0.0,0.0,0.0,0.0,,0.0,0.0,0.0,0.0,0.0,0.0,0.0,0.0,0.0,0.0,0.0,0.0,0.0,,0.0,0.0,0.0,0.0,,0.0,0.0,0.0,0.0,0.0,0.0,0.0,0.0,0.0,0.0,0.0,0.0,0.0,0.0,,,,0.0,0.0,0.0,0.0,0.0,0.0,0.0,,0.0,0.16256678104400635,0.0,0.0,0.0,0.0,0.0,0.0,0.0,,0.0,0.0,0.0,0.0,0.0,0.0,,0.0,0.0,0.0,0.0,0.0,0.0,0.0,0.0,0.0,0.0,,0.0,0.0,0.0,0.0,,0.0,0.0,0.0,0.0,0.0,0.0,,0.0,0.0,0.0,0.0,0.0,0.0,,0.0,,0.0,0.0,0.0,0.0,0.0,0.0,0.0,0.0,0.0,0.0,0.06631564348936081,,0.0,0.0,0.0,0.0,0.2114010602235794,0.0,0.0,0.0,0.0,0.0,,0.0,0.0,0.0,0.0,0.0,0.0,0.0,0.0,0.07473663240671158,0.002394676674157381,0.0,,0.0,0.0,0.0,0.0,0.0,0.0,0.0,0.0,,0.0,0.0,,0.0,0.0,0.0,0.0,,,0.0,0.0,,0.0,0.0,,,0.0,0.0,0.0,0.0,0.0,0.0,0.0,,0.0,0.0,0.0,0.0,0.0,0.0,0.0,0.0,0.0,0.0,0.0,,0.0,0.0,,0.0,0.0,0.0,,0.0,0.0,0.0,0.0,,0.0,0.0,0.0,0.0,0.0,0.0,0.0,0.0,0.0,0.0,0.0,0.0,0.0,0.0,0.0,0.0,,0.0,0.11432407796382904,0.0,0.0,0.15972954034805298,0.0,0.0,0.0,0.0,0.0,0.0,0.0,0.0,0.0,0.0,,0.0,0.0,0.0,0.0,0.0,0.0,0.0,0.0,0.0,0.0,0.0,0.0,0.0,0.0,0.0,,,0.0,0.0,0.0,,,0.0,0.0,0.0,,0.0,,0.0,,0.0,,,0.0,,0.0,,0.0,0.0,0.0,0.0,0.0,0.0,0.0,0.0,0.0,0.0,,0.0,0.0,,0.0,0.0,0.0,0.0,,0.0,0.0,0.0,0.0,0.0,0.0,0.07511357963085175,0.0,,0.0,,0.0,0.0,0.0,0.0,,0.0,,,,0.0,,0.0,0.0,,0.0,0.0,0.0,0.0,,,0.0,0.0,0.0,0.0,0.0,,0.0,,0.0,0.0,0.0,0.008292756043374538,0.0,0.0,0.0,,0.0,0.0,0.0,0.0,0.0,0.0,,0.0,0.0,0.0,0.0,0.0,0.0,,,0.0,0.0,0.0,0.0,0.0,0.0,,0.0,0.0,0.0,,0.0,,,0.0,0.0,0.0,0.0,0.0,,0.0,0.0,,0.0,,0.0,0.0,0.0,0.0,0.0,0.0,0.0,0.0,0.0,0.0,0.0,0.0,0.0,0.0,0.0,0.0,0.0,0.0,0.0,0.0,0.0,0.0,0.0,0.0,0.0,0.0,0.0,0.0,0.0,0.0,0.0,0.0,0.0,0.0,0.0,0.0,0.0,0.0,0.0,0.0,0.0,0.01570284366607666,0.0,0.0,0.0,0.0,0.0,0.0,0.0,0.0,0.0,0.0,0.0,0.0,0.0,0.0,0.0,0.0,0.0,0.0,0.0,0.0,0.0,0.0,0.0,0.0,0.0,0.0,0.0,0.0,0.0,0.0,0.0,0.0,0.0,0.0,0.0,0.0,0.0,0.10942241549491882,0.0,0.0,0.0,0.0,0.0,0.0,0.0,0.0,0.0,0.0,0.0,0.0,0.0,0.0,0.0,,,,,,,,,,,,,,,,,,,,,,,,,,,,,,,,,,,,,,,,,,,,,,,,,,,,,,,,,,,,,,,,,,,,,,,,,,,,,,,,,,,,,,,,,,,,,,,,,,,,,,,,,,,,,,,,,,,,,,,,,,,,,,,,,,,,,,,,,,,,,,,,,,,,,,,,,,,,,,,,,,,,,,,,,,,,,,
2020-03-30,614365.2380480294,17.380449679645835,,,,,,,,,,,76494.84123570709,,1039061.7711000025,,,,,,,,,,,,,,,,,,,,10358.529140368182,,,,11589.471097893369,9131.418719021143,1587.3232248785232,23034.286129736953,38133.282110910506,6805.956064854392,39744.99828362372,40812.70935834683,,,,,,,,,,,,,,,,,,,,,,,,,,,,,,,,,,,,,,,,,,,,,,,,,,,,,,,,,,,,,,,,,,,,,,,,,,,,,,0.0,0.0,0.0,0.0,0.0,0.0,0.0,0.0,0.0,0.0,0.0,0.0,0.0,0.0,0.0,0.0,,0.0,0.0,0.0,,0.0,0.0,0.0,0.0,0.0,,0.0,0.0,0.0,0.0,0.0,0.0,,0.0,,,,0.0,0.0,0.0,,0.0,0.0,0.0,0.0,0.0,,,0.0,,0.0,0.0,0.0,0.0,0.0,0.0,0.0,0.0,0.0,0.0,0.0,0.0,0.0,,0.0,0.0,0.0,0.0,0.0,,0.0,0.0,,0.0,0.0,0.0,0.0,,0.0,0.0,0.0,0.0,0.0,,0.0,0.0,,0.0,0.0,0.0,0.0,0.0,0.0,0.0,0.0,0.0,0.0,0.0,0.0,,0.0,0.0,,,,,0.0,0.0,0.0,0.0,0.0,0.0,0.0,0.0,0.0,,0.0,0.0,0.0,,0.0,0.0,0.0,0.0,0.0,0.0,,0.0,,0.0,0.0,0.0,0.0,0.0,0.0,0.0,,0.0,0.0,0.0,0.0,0.0,0.0,0.0,0.0,0.0,0.0,0.0,0.0,0.0,,0.0,0.0,0.0,0.0,,0.0,0.0,0.0,0.0,0.0,0.0,0.0,0.0,0.0,0.0,0.0,0.0,0.0,0.0,,,,0.0,0.0,0.0,0.0,0.0,0.0,0.0,,0.0,0.16256678104400635,0.0,0.0,0.0,0.0,0.0,0.0,0.0,,0.0,0.0,0.0,0.0,0.0,0.0,,0.0,0.0,0.0,0.0,0.0,0.0,0.0,0.0,0.0,0.0,,0.0,0.0,0.0,0.0,,0.0,0.0,0.0,0.0,0.0,0.0,,0.0,0.0,0.0,0.0,0.0,0.0,,0.0,,0.0,0.0,0.0,0.0,0.0,0.0,0.0,0.0,0.0,0.0,0.06631564348936081,,0.0,0.0,0.0,0.0,0.2114010602235794,0.0,0.0,0.0,0.0,0.0,,0.0,0.0,0.0,0.0,0.0,0.0,0.0,0.0,0.07473663240671158,0.002394676674157381,0.0,,0.0,0.0,0.0,0.0,0.0,0.0,0.0,0.0,,0.0,0.0,,0.0,0.0,0.0,0.0,,,0.0,0.0,,0.0,0.0,,,0.0,0.0,0.0,0.0,0.0,0.0,0.0,,0.0,0.0,0.0,0.0,0.0,0.0,0.0,0.0,0.0,0.0,0.0,,0.0,0.0,,0.0,0.0,0.0,,0.0,0.0,0.0,0.0,,0.0,0.0,0.0,0.0,0.0,0.0,0.0,0.0,0.0,0.0,0.0,0.0,0.0,0.0,0.0,0.0,,0.0,0.11432407796382904,0.0,0.0,0.15972954034805298,0.0,0.0,0.0,0.0,0.0,0.0,0.0,0.0,0.0,0.0,,0.0,0.0,0.0,0.0,0.0,0.0,0.0,0.0,0.0,0.0,0.0,0.0,0.0,0.0,0.0,,,0.0,0.0,0.0,,,0.0,0.0,0.0,,0.0,,0.0,,0.0,,,0.0,,0.0,,0.0,0.0,0.0,0.0,0.0,0.0,0.0,0.0,0.0,0.0,,0.0,0.0,,0.0,0.0,0.0,0.0,,0.0,0.0,0.0,0.0,0.0,0.0,0.07511357963085175,0.0,,0.0,,0.0,0.0,0.0,0.0,,0.0,,,,0.0,,0.0,0.0,,0.0,0.0,0.0,0.0,,,0.0,0.0,0.0,0.0,0.0,,0.0,,0.0,0.0,0.0,0.008292756043374538,0.0,0.0,0.0,,0.0,0.0,0.0,0.0,0.0,0.0,,0.0,0.0,0.0,0.0,0.0,0.0,,,0.0,0.0,0.0,0.0,0.0,0.0,,0.0,0.0,0.0,,0.0,,,0.0,0.0,0.0,0.0,0.0,,0.0,0.0,,0.0,,0.0,0.0,0.0,0.0,0.0,0.0,0.0,0.0,0.0,0.0,0.0,0.0,0.0,0.0,0.0,0.0,0.0,0.0,0.0,0.0,0.0,0.0,0.0,0.0,0.0,0.0,0.0,0.0,0.0,0.0,0.0,0.0,0.0,0.0,0.0,0.0,0.0,0.0,0.0,0.0,0.0,0.01570284366607666,0.0,0.0,0.0,0.0,0.0,0.0,0.0,0.0,0.0,0.0,0.0,0.0,0.0,0.0,0.0,0.0,0.0,0.0,0.0,0.0,0.0,0.0,0.0,0.0,0.0,0.0,0.0,0.0,0.0,0.0,0.0,0.0,0.0,0.0,0.0,0.0,0.0,0.10942241549491882,0.0,0.0,0.0,0.0,0.0,0.0,0.0,0.0,0.0,0.0,0.0,0.0,0.0,0.0,0.0,,,,,,,,,,,,,,,,,,,,,,,,,,,,,,,,,,,,,,,,,,,,,,,,,,,,,,,,,,,,,,,,,,,,,,,,,,,,,,,,,,,,,,,,,,,,,,,,,,,,,,,,,,,,,,,,,,,,,,,,,,,,,,,,,,,,,,,,,,,,,,,,,,,,,,,,,,,,,,,,,,,,,,,,,,,,,,
2020-03-31,610280.8096856067,0.34197422975557856,,,,,,,,,,,76494.84123570709,,1039061.7711000025,,,,,,,,,,,,,,,,,,,,10358.529140368182,,,,10535.768684546743,10210.691413760154,1587.3232248785232,23034.286129736953,38133.282110910506,6805.956064854392,39744.99828362372,40812.70935834683,,,,,,,,,,,,,,,,,,,,,,,,,,,,,,,,,,,,,,,,,,,,,,,,,,,,,,,,,,,,,,,,,,,,,,,,,,,,,,0.0,0.0,0.0,0.0,0.0,0.0,0.0,0.0,0.0,0.0,0.0,0.0,0.0,0.0,0.0,0.0,,0.0,0.0,0.0,,0.0,0.0,0.0,0.0,0.0,,0.0,0.0,0.0,0.0,0.0,0.0,,0.0,,,,0.0,0.0,0.0,,0.0,0.0,0.0,0.0,0.0,,,0.0,,0.0,0.0,0.0,0.0,0.0,0.0,0.0,0.0,0.0,0.0,0.0,0.0,0.0,,0.0,0.0,0.0,0.0,0.0,,0.0,0.0,,0.0,0.0,0.0,0.0,,0.0,0.0,0.0,0.0,0.0,,0.0,0.0,,0.0,0.0,0.0,0.0,0.0,0.0,0.0,0.0,0.0,0.0,0.0,0.0,,0.0,0.0,,,,,0.0,0.0,0.0,0.0,0.0,0.0,0.0,0.0,0.0,,0.0,0.0,0.0,,0.0,0.0,0.0,0.0,0.0,0.0,,0.0,,0.0,0.0,0.0,0.0,0.0,0.0,0.0,,0.0,0.0,0.0,0.0,0.0,0.0,0.0,0.0,0.0,0.0,0.0,0.0,0.0,,0.0,0.0,0.0,0.0,,0.0,0.0,0.0,0.0,0.0,0.0,0.0,0.0,0.0,0.0,0.0,0.0,0.0,0.0,,,,0.0,0.0,0.0,0.0,0.0,0.0,0.0,,0.0,0.16256678104400635,0.0,0.0,0.0,0.0,0.0,0.0,0.0,,0.0,0.0,0.0,0.0,0.0,0.0,,0.0,0.0,0.0,0.0,0.0,0.0,0.0,0.0,0.0,0.0,,0.0,0.0,0.0,0.0,,0.0,0.0,0.0,0.0,0.0,0.0,,0.0,0.0,0.0,0.0,0.0,0.0,,0.0,,0.0,0.0,0.0,0.0,0.0,0.0,0.0,0.0,0.0,0.0,0.06631564348936081,,0.0,0.0,0.0,0.0,0.2114010602235794,0.0,0.0,0.0,0.0,0.0,,0.0,0.0,0.0,0.0,0.0,0.0,0.0,0.0,0.07473663240671158,0.002394676674157381,0.0,,0.0,0.0,0.0,0.0,0.0,0.0,0.0,0.0,,0.0,0.0,,0.0,0.0,0.0,0.0,,,0.0,0.0,,0.0,0.0,,,0.0,0.0,0.0,0.0,0.0,0.0,0.0,,0.0,0.0,0.0,0.0,0.0,0.0,0.0,0.0,0.0,0.0,0.0,,0.0,0.0,,0.0,0.0,0.0,,0.0,0.0,0.0,0.0,,0.0,0.0,0.0,0.0,0.0,0.0,0.0,0.0,0.0,0.0,0.0,0.0,0.0,0.0,0.0,0.0,,0.0,0.11432407796382904,0.0,0.0,0.15972954034805298,0.0,0.0,0.0,0.0,0.0,0.0,0.0,0.0,0.0,0.0,,0.0,0.0,0.0,0.0,0.0,0.0,0.0,0.0,0.0,0.0,0.0,0.0,0.0,0.0,0.0,,,0.0,0.0,0.0,,,0.0,0.0,0.0,,0.0,,0.0,,0.0,,,0.0,,0.0,,0.0,0.0,0.0,0.0,0.0,0.0,0.0,0.0,0.0,0.0,,0.0,0.0,,0.0,0.0,0.0,0.0,,0.0,0.0,0.0,0.0,0.0,0.0,0.07511357963085175,0.0,,0.0,,0.0,0.0,0.0,0.0,,0.0,,,,0.0,,0.0,0.0,,0.0,0.0,0.0,0.0,,,0.0,0.0,0.0,0.0,0.0,,0.0,,0.0,0.0,0.0,0.008292756043374538,0.0,0.0,0.0,,0.0,0.0,0.0,0.0,0.0,0.0,,0.0,0.0,0.0,0.0,0.0,0.0,,,0.0,0.0,0.0,0.0,0.0,0.0,,0.0,0.0,0.0,,0.0,,,0.0,0.0,0.0,0.0,0.0,,0.0,0.0,,0.0,,0.0,0.0,0.0,0.0,0.0,0.0,0.0,0.0,0.0,0.0,0.0,0.0,0.0,0.0,0.0,0.0,0.0,0.0,0.0,0.0,0.0,0.0,0.0,0.0,0.0,0.0,0.0,0.0,0.0,0.0,0.0,0.0,0.0,0.0,0.0,0.0,0.0,0.0,0.0,0.0,0.0,0.01570284366607666,0.0,0.0,0.0,0.0,0.0,0.0,0.0,0.0,0.0,0.0,0.0,0.0,0.0,0.0,0.0,0.0,0.0,0.0,0.0,0.0,0.0,0.0,0.0,0.0,0.0,0.0,0.0,0.0,0.0,0.0,0.0,0.0,0.0,0.0,0.0,0.0,0.0,0.10942241549491882,0.0,0.0,0.0,0.0,0.0,0.0,0.0,0.0,0.0,0.0,0.0,0.0,0.0,0.0,0.0,,,,,,,,,,,,,,,,,,,,,,,,,,,,,,,,,,,,,,,,,,,,,,,,,,,,,,,,,,,,,,,,,,,,,,,,,,,,,,,,,,,,,,,,,,,,,,,,,,,,,,,,,,,,,,,,,,,,,,,,,,,,,,,,,,,,,,,,,,,,,,,,,,,,,,,,,,,,,,,,,,,,,,,,,,,,,,
2020-04-01,607691.6104632712,0.34197422975557856,,,,,,,,,,,76494.84123570709,,1039061.7711000025,,,,,,,,,,,,,,,,,,,,10358.529140368182,,,,10535.768684546743,10210.691413760154,1587.3232248785232,23034.286129736953,38133.282110910506,6805.956064854392,39744.99828362372,40812.70935834683,,,,,,,,,,,,,,,,,,,,,,,,,,,,,,,,,,,,,,,,,,,,,,,,,,,,,,,,,,,,,,,,,,,,,,,,,,,,,,0.0,0.0,0.0,0.0,0.0,0.0,0.0,0.0,0.0,0.0,0.0,0.0,0.0,0.0,0.0,0.0,,0.0,0.0,0.0,,0.0,0.0,0.0,0.0,0.0,,0.0,0.0,0.0,0.0,0.0,0.0,,0.0,,,,0.0,0.0,0.0,,0.0,0.0,0.0,0.0,0.0,,,0.0,,0.0,0.0,0.0,0.0,0.0,0.0,0.0,0.0,0.0,0.0,0.0,0.0,0.0,,0.0,0.0,0.0,0.0,0.0,,0.0,0.0,,0.0,0.0,0.0,0.0,,0.0,0.0,0.0,0.0,0.0,,0.0,0.0,,0.0,0.0,0.0,0.0,0.0,0.0,0.0,0.0,0.0,0.0,0.0,0.0,,0.0,0.0,,,,,0.0,0.0,0.0,0.0,0.0,0.0,0.0,0.0,0.0,,0.0,0.0,0.0,,0.0,0.0,0.0,0.0,0.0,0.0,,0.0,,0.0,0.0,0.0,0.0,0.0,0.0,0.0,,0.0,0.0,0.0,0.0,0.0,0.0,0.0,0.0,0.0,0.0,0.0,0.0,0.0,,0.0,0.0,0.0,0.0,,0.0,0.0,0.0,0.0,0.0,0.0,0.0,0.0,0.0,0.0,0.0,0.0,0.0,0.0,,,,0.0,0.0,0.0,0.0,0.0,0.0,0.0,,0.0,0.16256678104400635,0.0,0.0,0.0,0.0,0.0,0.0,0.0,,0.0,0.0,0.0,0.0,0.0,0.0,,0.0,0.0,0.0,0.0,0.0,0.0,0.0,0.0,0.0,0.0,,0.0,0.0,0.0,0.0,,0.0,0.0,0.0,0.0,0.0,0.0,,0.0,0.0,0.0,0.0,0.0,0.0,,0.0,,0.0,0.0,0.0,0.0,0.0,0.0,0.0,0.0,0.0,0.0,0.06631564348936081,,0.0,0.0,0.0,0.0,0.2114010602235794,0.0,0.0,0.0,0.0,0.0,,0.0,0.0,0.0,0.0,0.0,0.0,0.0,0.0,0.07473663240671158,0.002394676674157381,0.0,,0.0,0.0,0.0,0.0,0.0,0.0,0.0,0.0,,0.0,0.0,,0.0,0.0,0.0,0.0,,,0.0,0.0,,0.0,0.0,,,0.0,0.0,0.0,0.0,0.0,0.0,0.0,,0.0,0.0,0.0,0.0,0.0,0.0,0.0,0.0,0.0,0.0,0.0,,0.0,0.0,,0.0,0.0,0.0,,0.0,0.0,0.0,0.0,,0.0,0.0,0.0,0.0,0.0,0.0,0.0,0.0,0.0,0.0,0.0,0.0,0.0,0.0,0.0,0.0,,0.0,0.11432407796382904,0.0,0.0,0.15972954034805298,0.0,0.0,0.0,0.0,0.0,0.0,0.0,0.0,0.0,0.0,,0.0,0.0,0.0,0.0,0.0,0.0,0.0,0.0,0.0,0.0,0.0,0.0,0.0,0.0,0.0,,,0.0,0.0,0.0,,,0.0,0.0,0.0,,0.0,,0.0,,0.0,,,0.0,,0.0,,0.0,0.0,0.0,0.0,0.0,0.0,0.0,0.0,0.0,0.0,,0.0,0.0,,0.0,0.0,0.0,0.0,,0.0,0.0,0.0,0.0,0.0,0.0,0.07511357963085175,0.0,,0.0,,0.0,0.0,0.0,0.0,,0.0,,,,0.0,,0.0,0.0,,0.0,0.0,0.0,0.0,,,0.0,0.0,0.0,0.0,0.0,,0.0,,0.0,0.0,0.0,0.008292756043374538,0.0,0.0,0.0,,0.0,0.0,0.0,0.0,0.0,0.0,,0.0,0.0,0.0,0.0,0.0,0.0,,,0.0,0.0,0.0,0.0,0.0,0.0,,0.0,0.0,0.0,,0.0,,,0.0,0.0,0.0,0.0,0.0,,0.0,0.0,,0.0,,0.0,0.0,0.0,0.0,0.0,0.0,0.0,0.0,0.0,0.0,0.0,0.0,0.0,0.0,0.0,0.0,0.0,0.0,0.0,0.0,0.0,0.0,0.0,0.0,0.0,0.0,0.0,0.0,0.0,0.0,0.0,0.0,0.0,0.0,0.0,0.0,0.0,0.0,0.0,0.0,0.0,0.01570284366607666,0.0,0.0,0.0,0.0,0.0,0.0,0.0,0.0,0.0,0.0,0.0,0.0,0.0,0.0,0.0,0.0,0.0,0.0,0.0,0.0,0.0,0.0,0.0,0.0,0.0,0.0,0.0,0.0,0.0,0.0,0.0,0.0,0.0,0.0,0.0,0.0,0.0,0.10942241549491882,0.0,0.0,0.0,0.0,0.0,0.0,0.0,0.0,0.0,0.0,0.0,0.0,0.0,0.0,0.0,,,,,,,,,,,,,,,,,,,,,,,,,,,,,,,,,,,,,,,,,,,,,,,,,,,,,,,,,,,,,,,,,,,,,,,,,,,,,,,,,,,,,,,,,,,,,,,,,,,,,,,,,,,,,,,,,,,,,,,,,,,,,,,,,,,,,,,,,,,,,,,,,,,,,,,,,,,,,,,,,,,,,,,,,,,,,,
2020-04-02,627312.440986872,0.34197422975557856,,,,,,,,,,,76494.84123570709,,1039061.7711000025,,,,,,,,,,,,,,,,,,,,10358.529140368182,,,,10535.768684546743,10210.691413760154,1587.3232248785232,23034.286129736953,38133.282110910506,6805.956064854392,39744.99828362372,40812.70935834683,,,,,,,,,,,,,,,,,,,,,,,,,,,,,,,,,,,,,,,,,,,,,,,,,,,,,,,,,,,,,,,,,,,,,,,,,,,,,,0.0,0.0,0.0,0.0,0.0,0.0,0.0,0.0,0.0,0.0,0.0,0.0,0.0,0.0,0.0,0.0,,0.0,0.0,0.0,,0.0,0.0,0.0,0.0,0.0,,0.0,0.0,0.0,0.0,0.0,0.0,,0.0,,,,0.0,0.0,0.0,,0.0,0.0,0.0,0.0,0.0,,,0.0,,0.0,0.0,0.0,0.0,0.0,0.0,0.0,0.0,0.0,0.0,0.0,0.0,0.0,,0.0,0.0,0.0,0.0,0.0,,0.0,0.0,,0.0,0.0,0.0,0.0,,0.0,0.0,0.0,0.0,0.0,,0.0,0.0,,0.0,0.0,0.0,0.0,0.0,0.0,0.0,0.0,0.0,0.0,0.0,0.0,,0.0,0.0,,,,,0.0,0.0,0.0,0.0,0.0,0.0,0.0,0.0,0.0,,0.0,0.0,0.0,,0.0,0.0,0.0,0.0,0.0,0.0,,0.0,,0.0,0.0,0.0,0.0,0.0,0.0,0.0,,0.0,0.0,0.0,0.0,0.0,0.0,0.0,0.0,0.0,0.0,0.0,0.0,0.0,,0.0,0.0,0.0,0.0,,0.0,0.0,0.0,0.0,0.0,0.0,0.0,0.0,0.0,0.0,0.0,0.0,0.0,0.0,,,,0.0,0.0,0.0,0.0,0.0,0.0,0.0,,0.0,0.16256678104400635,0.0,0.0,0.0,0.0,0.0,0.0,0.0,,0.0,0.0,0.0,0.0,0.0,0.0,,0.0,0.0,0.0,0.0,0.0,0.0,0.0,0.0,0.0,0.0,,0.0,0.0,0.0,0.0,,0.0,0.0,0.0,0.0,0.0,0.0,,0.0,0.0,0.0,0.0,0.0,0.0,,0.0,,0.0,0.0,0.0,0.0,0.0,0.0,0.0,0.0,0.0,0.0,0.06631564348936081,,0.0,0.0,0.0,0.0,0.2114010602235794,0.0,0.0,0.0,0.0,0.0,,0.0,0.0,0.0,0.0,0.0,0.0,0.0,0.0,0.07473663240671158,0.002394676674157381,0.0,,0.0,0.0,0.0,0.0,0.0,0.0,0.0,0.0,,0.0,0.0,,0.0,0.0,0.0,0.0,,,0.0,0.0,,0.0,0.0,,,0.0,0.0,0.0,0.0,0.0,0.0,0.0,,0.0,0.0,0.0,0.0,0.0,0.0,0.0,0.0,0.0,0.0,0.0,,0.0,0.0,,0.0,0.0,0.0,,0.0,0.0,0.0,0.0,,0.0,0.0,0.0,0.0,0.0,0.0,0.0,0.0,0.0,0.0,0.0,0.0,0.0,0.0,0.0,0.0,,0.0,0.11432407796382904,0.0,0.0,0.15972954034805298,0.0,0.0,0.0,0.0,0.0,0.0,0.0,0.0,0.0,0.0,,0.0,0.0,0.0,0.0,0.0,0.0,0.0,0.0,0.0,0.0,0.0,0.0,0.0,0.0,0.0,,,0.0,0.0,0.0,,,0.0,0.0,0.0,,0.0,,0.0,,0.0,,,0.0,,0.0,,0.0,0.0,0.0,0.0,0.0,0.0,0.0,0.0,0.0,0.0,,0.0,0.0,,0.0,0.0,0.0,0.0,,0.0,0.0,0.0,0.0,0.0,0.0,0.07511357963085175,0.0,,0.0,,0.0,0.0,0.0,0.0,,0.0,,,,0.0,,0.0,0.0,,0.0,0.0,0.0,0.0,,,0.0,0.0,0.0,0.0,0.0,,0.0,,0.0,0.0,0.0,0.008292756043374538,0.0,0.0,0.0,,0.0,0.0,0.0,0.0,0.0,0.0,,0.0,0.0,0.0,0.0,0.0,0.0,,,0.0,0.0,0.0,0.0,0.0,0.0,,0.0,0.0,0.0,,0.0,,,0.0,0.0,0.0,0.0,0.0,,0.0,0.0,,0.0,,0.0,0.0,0.0,0.0,0.0,0.0,0.0,0.0,0.0,0.0,0.0,0.0,0.0,0.0,0.0,0.0,0.0,0.0,0.0,0.0,0.0,0.0,0.0,0.0,0.0,0.0,0.0,0.0,0.0,0.0,0.0,0.0,0.0,0.0,0.0,0.0,0.0,0.0,0.0,0.0,0.0,0.01570284366607666,0.0,0.0,0.0,0.0,0.0,0.0,0.0,0.0,0.0,0.0,0.0,0.0,0.0,0.0,0.0,0.0,0.0,0.0,0.0,0.0,0.0,0.0,0.0,0.0,0.0,0.0,0.0,0.0,0.0,0.0,0.0,0.0,0.0,0.0,0.0,0.0,0.0,0.10942241549491882,0.0,0.0,0.0,0.0,0.0,0.0,0.0,0.0,0.0,0.0,0.0,0.0,0.0,0.0,0.0,,,,,,,,,,,,,,,,,,,,,,,,,,,,,,,,,,,,,,,,,,,,,,,,,,,,,,,,,,,,,,,,,,,,,,,,,,,,,,,,,,,,,,,,,,,,,,,,,,,,,,,,,,,,,,,,,,,,,,,,,,,,,,,,,,,,,,,,,,,,,,,,,,,,,,,,,,,,,,,,,,,,,,,,,,,,,,
2020-04-03,632317.7192768916,0.34197422975557856,,,,,,,,,,,76494.84123570709,,1039061.7711000025,,,,,,,,,,,,,,,,,,,,10358.529140368182,,,,10535.768684546743,10210.691413760154,1587.3232248785232,23034.286129736953,38133.282110910506,6805.956064854392,39744.99828362372,40812.70935834683,,,,,,,,,,,,,,,,,,,,,,,,,,,,,,,,,,,,,,,,,,,,,,,,,,,,,,,,,,,,,,,,,,,,,,,,,,,,,,0.0,0.0,0.0,0.0,0.0,0.0,0.0,0.0,0.0,0.0,0.0,0.0,0.0,0.0,0.0,0.0,,0.0,0.0,0.0,,0.0,0.0,0.0,0.0,0.0,,0.0,0.0,0.0,0.0,0.0,0.0,,0.0,,,,0.0,0.0,0.0,,0.0,0.0,0.0,0.0,0.0,,,0.0,,0.0,0.0,0.0,0.0,0.0,0.0,0.0,0.0,0.0,0.0,0.0,0.0,0.0,,0.0,0.0,0.0,0.0,0.0,,0.0,0.0,,0.0,0.0,0.0,0.0,,0.0,0.0,0.0,0.0,0.0,,0.0,0.0,,0.0,0.0,0.0,0.0,0.0,0.0,0.0,0.0,0.0,0.0,0.0,0.0,,0.0,0.0,,,,,0.0,0.0,0.0,0.0,0.0,0.0,0.0,0.0,0.0,,0.0,0.0,0.0,,0.0,0.0,0.0,0.0,0.0,0.0,,0.0,,0.0,0.0,0.0,0.0,0.0,0.0,0.0,,0.0,0.0,0.0,0.0,0.0,0.0,0.0,0.0,0.0,0.0,0.0,0.0,0.0,,0.0,0.0,0.0,0.0,,0.0,0.0,0.0,0.0,0.0,0.0,0.0,0.0,0.0,0.0,0.0,0.0,0.0,0.0,,,,0.0,0.0,0.0,0.0,0.0,0.0,0.0,,0.0,0.16256678104400635,0.0,0.0,0.0,0.0,0.0,0.0,0.0,,0.0,0.0,0.0,0.0,0.0,0.0,,0.0,0.0,0.0,0.0,0.0,0.0,0.0,0.0,0.0,0.0,,0.0,0.0,0.0,0.0,,0.0,0.0,0.0,0.0,0.0,0.0,,0.0,0.0,0.0,0.0,0.0,0.0,,0.0,,0.0,0.0,0.0,0.0,0.0,0.0,0.0,0.0,0.0,0.0,0.06631564348936081,,0.0,0.0,0.0,0.0,0.2114010602235794,0.0,0.0,0.0,0.0,0.0,,0.0,0.0,0.0,0.0,0.0,0.0,0.0,0.0,0.07473663240671158,0.002394676674157381,0.0,,0.0,0.0,0.0,0.0,0.0,0.0,0.0,0.0,,0.0,0.0,,0.0,0.0,0.0,0.0,,,0.0,0.0,,0.0,0.0,,,0.0,0.0,0.0,0.0,0.0,0.0,0.0,,0.0,0.0,0.0,0.0,0.0,0.0,0.0,0.0,0.0,0.0,0.0,,0.0,0.0,,0.0,0.0,0.0,,0.0,0.0,0.0,0.0,,0.0,0.0,0.0,0.0,0.0,0.0,0.0,0.0,0.0,0.0,0.0,0.0,0.0,0.0,0.0,0.0,,0.0,0.11432407796382904,0.0,0.0,0.15972954034805298,0.0,0.0,0.0,0.0,0.0,0.0,0.0,0.0,0.0,0.0,,0.0,0.0,0.0,0.0,0.0,0.0,0.0,0.0,0.0,0.0,0.0,0.0,0.0,0.0,0.0,,,0.0,0.0,0.0,,,0.0,0.0,0.0,,0.0,,0.0,,0.0,,,0.0,,0.0,,0.0,0.0,0.0,0.0,0.0,0.0,0.0,0.0,0.0,0.0,,0.0,0.0,,0.0,0.0,0.0,0.0,,0.0,0.0,0.0,0.0,0.0,0.0,0.07511357963085175,0.0,,0.0,,0.0,0.0,0.0,0.0,,0.0,,,,0.0,,0.0,0.0,,0.0,0.0,0.0,0.0,,,0.0,0.0,0.0,0.0,0.0,,0.0,,0.0,0.0,0.0,0.008292756043374538,0.0,0.0,0.0,,0.0,0.0,0.0,0.0,0.0,0.0,,0.0,0.0,0.0,0.0,0.0,0.0,,,0.0,0.0,0.0,0.0,0.0,0.0,,0.0,0.0,0.0,,0.0,,,0.0,0.0,0.0,0.0,0.0,,0.0,0.0,,0.0,,0.0,0.0,0.0,0.0,0.0,0.0,0.0,0.0,0.0,0.0,0.0,0.0,0.0,0.0,0.0,0.0,0.0,0.0,0.0,0.0,0.0,0.0,0.0,0.0,0.0,0.0,0.0,0.0,0.0,0.0,0.0,0.0,0.0,0.0,0.0,0.0,0.0,0.0,0.0,0.0,0.0,0.01570284366607666,0.0,0.0,0.0,0.0,0.0,0.0,0.0,0.0,0.0,0.0,0.0,0.0,0.0,0.0,0.0,0.0,0.0,0.0,0.0,0.0,0.0,0.0,0.0,0.0,0.0,0.0,0.0,0.0,0.0,0.0,0.0,0.0,0.0,0.0,0.0,0.0,0.0,0.10942241549491882,0.0,0.0,0.0,0.0,0.0,0.0,0.0,0.0,0.0,0.0,0.0,0.0,0.0,0.0,0.0,,,,,,,,,,,,,,,,,,,,,,,,,,,,,,,,,,,,,,,,,,,,,,,,,,,,,,,,,,,,,,,,,,,,,,,,,,,,,,,,,,,,,,,,,,,,,,,,,,,,,,,,,,,,,,,,,,,,,,,,,,,,,,,,,,,,,,,,,,,,,,,,,,,,,,,,,,,,,,,,,,,,,,,,,,,,,,
2020-04-07,658373.5554282182,11.440478363071634,,,,,,,,,,,76494.84123570709,,1039061.7711000025,,,,,,,,,,,,,,,,,,,,9711.121069095172,,,,10536.01266478106,10957.779054824672,1587.3232248785232,23034.286129736953,38133.282110910506,6805.956064854392,39744.99828362372,40812.70935834683,,,,,,,,,,,,,,,,,,,,,,,,,,,,,,,,,,,,,,,,,,,,,,,,,,,,,,,,,,,,,,,,,,,,,,,,,,,,,,0.0,0.0,0.0,0.0,0.0,0.0,0.0,0.0,0.0,0.0,0.0,0.0,0.0,0.0,0.0,0.0,,0.0,0.0,0.0,,0.0,0.0,0.0,0.0,0.0,,0.0,0.0,0.0,0.0,0.0,0.0,,0.0,,,,0.0,0.0,0.0,,0.0,0.0,0.0,0.0,0.0,,,0.0,,0.0,0.0,0.0,0.0,0.0,0.0,0.0,0.0,0.0,0.0,0.0,0.0,0.0,,0.0,0.0,0.0,0.0,0.0,,0.0,0.0,,0.0,0.0,0.0,0.0,,0.0,0.0,0.0,0.0,0.0,,0.0,0.0,,0.0,0.0,0.0,0.0,0.0,0.0,0.0,0.0,0.0,0.0,0.0,0.0,,0.0,0.0,,,,,0.0,0.0,0.0,0.0,0.0,0.0,0.0,0.0,0.0,,0.0,0.0,0.0,,0.0,0.0,0.0,0.0,0.0,0.0,,0.0,,0.0,0.0,0.0,0.0,0.0,0.0,0.0,,0.0,0.0,0.0,0.0,0.0,0.0,0.0,0.0,0.0,0.0,0.0,0.0,0.0,,0.0,0.0,0.0,0.0,,0.0,0.0,0.0,0.0,0.0,0.0,0.0,0.0,0.0,0.0,0.0,0.0,0.0,0.0,,,,0.0,0.0,0.0,0.0,0.0,0.0,0.0,,0.0,0.16256678104400635,0.0,0.0,0.0,0.0,0.0,0.0,0.0,,0.0,0.0,0.0,0.0,0.0,0.0,,0.0,0.0,0.0,0.0,0.0,0.0,0.0,0.0,0.0,0.0,,0.0,0.0,0.0,0.0,,0.0,0.0,0.0,0.0,0.0,0.0,,0.0,0.0,0.0,0.0,0.0,0.0,,0.0,,0.0,0.0,0.0,0.0,0.0,0.0,0.0,0.0,0.0,0.0,0.06631564348936081,,0.0,0.0,0.0,0.0,0.2114010602235794,0.0,0.0,0.0,0.0,0.0,,0.0,0.0,0.0,0.0,0.0,0.0,0.0,0.0,0.07473663240671158,0.002394676674157381,0.0,,0.0,0.0,0.0,0.0,0.0,0.0,0.0,0.0,,0.0,0.0,,0.0,0.0,0.0,0.0,,,0.0,0.0,,0.0,0.0,,,0.0,0.0,0.0,0.0,0.0,0.0,0.0,,0.0,0.0,0.0,0.0,0.0,0.0,0.0,0.0,0.0,0.0,0.0,,0.0,0.0,,0.0,0.0,0.0,,0.0,0.0,0.0,0.0,,0.0,0.0,0.0,0.0,0.0,0.0,0.0,0.0,0.0,0.0,0.0,0.0,0.0,0.0,0.0,0.0,,0.0,0.11432407796382904,0.0,0.0,0.15972954034805298,0.0,0.0,0.0,0.0,0.0,0.0,0.0,0.0,0.0,0.0,,0.0,0.0,0.0,0.0,0.0,0.0,0.0,0.0,0.0,0.0,0.0,0.0,0.0,0.0,0.0,,,0.0,0.0,0.0,,,0.0,0.0,0.0,,0.0,,0.0,,0.0,,,0.0,,0.0,,0.0,0.0,0.0,0.0,0.0,0.0,0.0,0.0,0.0,0.0,,0.0,0.0,,0.0,0.0,0.0,0.0,,0.0,0.0,0.0,0.0,0.0,0.0,0.07511357963085175,0.0,,0.0,,0.0,0.0,0.0,0.0,,0.0,,,,0.0,,0.0,0.0,,0.0,0.0,0.0,0.0,,,0.0,0.0,0.0,0.0,0.0,,0.0,,0.0,0.0,0.0,0.008292756043374538,0.0,0.0,0.0,,0.0,0.0,0.0,0.0,0.0,0.0,,0.0,0.0,0.0,0.0,0.0,0.0,,,0.0,0.0,0.0,0.0,0.0,0.0,,0.0,0.0,0.0,,0.0,,,0.0,0.0,0.0,0.0,0.0,,0.0,0.0,,0.0,,0.0,0.0,0.0,0.0,0.0,0.0,0.0,0.0,0.0,0.0,0.0,0.0,0.0,0.0,0.0,0.0,0.0,0.0,0.0,0.0,0.0,0.0,0.0,0.0,0.0,0.0,0.0,0.0,0.0,0.0,0.0,0.0,0.0,0.0,0.0,0.0,0.0,0.0,0.0,0.0,0.0,0.01570284366607666,0.0,0.0,0.0,0.0,0.0,0.0,0.0,0.0,0.0,0.0,0.0,0.0,0.0,0.0,0.0,0.0,0.0,0.0,0.0,0.0,0.0,0.0,0.0,0.0,0.0,0.0,0.0,0.0,0.0,0.0,0.0,0.0,0.0,0.0,0.0,0.0,0.0,0.10942241549491882,0.0,0.0,0.0,0.0,0.0,0.0,0.0,0.0,0.0,0.0,0.0,0.0,0.0,0.0,0.0,,,,,,,,,,,,,,,,,,,,,,,,,,,,,,,,,,,,,,,,,,,,,,,,,,,,,,,,,,,,,,,,,,,,,,,,,,,,,,,,,,,,,,,,,,,,,,,,,,,,,,,,,,,,,,,,,,,,,,,,,,,,,,,,,,,,,,,,,,,,,,,,,,,,,,,,,,,,,,,,,,,,,,,,,,,,,,
2020-04-08,650003.4720688426,8.087585177718822,,,,,,,,,,,76494.84123570709,,1039061.7711000025,,,,,,,,,,,,,,,,,,,,9711.42836387085,,,,10536.216955228248,10957.779054824672,1587.3232248785232,23034.286129736953,38133.282110910506,6805.956064854392,39744.99828362372,40812.70935834683,,,,,,,,,,,,,,,,,,,,,,,,,,,,,,,,,,,,,,,,,,,,,,,,,,,,,,,,,,,,,,,,,,,,,,,,,,,,,,0.0,0.0,0.0,0.0,0.0,0.0,0.0,0.0,0.0,0.0,0.0,0.0,0.0,0.0,0.0,0.0,,0.0,0.0,0.0,,0.0,0.0,0.0,0.0,0.0,,0.0,0.0,0.0,0.0,0.0,0.0,,0.0,,,,0.0,0.0,0.0,,0.0,0.0,0.0,0.0,0.0,,,0.0,,0.0,0.0,0.0,0.0,0.0,0.0,0.0,0.0,0.0,0.0,0.0,0.0,0.0,,0.0,0.0,0.0,0.0,0.0,,0.0,0.0,,0.0,0.0,0.0,0.0,,0.0,0.0,0.0,0.0,0.0,,0.0,0.0,,0.0,0.0,0.0,0.0,0.0,0.0,0.0,0.0,0.0,0.0,0.0,0.0,,0.0,0.0,,,,,0.0,0.0,0.0,0.0,0.0,0.0,0.0,0.0,0.0,,0.0,0.0,0.0,,0.0,0.0,0.0,0.0,0.0,0.0,,0.0,,0.0,0.0,0.0,0.0,0.0,0.0,0.0,,0.0,0.0,0.0,0.0,0.0,0.0,0.0,0.0,0.0,0.0,0.0,0.0,0.0,,0.0,0.0,0.0,0.0,,0.0,0.0,0.0,0.0,0.0,0.0,0.0,0.0,0.0,0.0,0.0,0.0,0.0,0.0,,,,0.0,0.0,0.0,0.0,0.0,0.0,0.0,,0.0,0.16256678104400635,0.0,0.0,0.0,0.0,0.0,0.0,0.0,,0.0,0.0,0.0,0.0,0.0,0.0,,0.0,0.0,0.0,0.0,0.0,0.0,0.0,0.0,0.0,0.0,,0.0,0.0,0.0,0.0,,0.0,0.0,0.0,0.0,0.0,0.0,,0.0,0.0,0.0,0.0,0.0,0.0,,0.0,,0.0,0.0,0.0,0.0,0.0,0.0,0.0,0.0,0.0,0.0,0.06631564348936081,,0.0,0.0,0.0,0.0,0.2114010602235794,0.0,0.0,0.0,0.0,0.0,,0.0,0.0,0.0,0.0,0.0,0.0,0.0,0.0,0.07473663240671158,0.002394676674157381,0.0,,0.0,0.0,0.0,0.0,0.0,0.0,0.0,0.0,,0.0,0.0,,0.0,0.0,0.0,0.0,,,0.0,0.0,,0.0,0.0,,,0.0,0.0,0.0,0.0,0.0,0.0,0.0,,0.0,0.0,0.0,0.0,0.0,0.0,0.0,0.0,0.0,0.0,0.0,,0.0,0.0,,0.0,0.0,0.0,,0.0,0.0,0.0,0.0,,0.0,0.0,0.0,0.0,0.0,0.0,0.0,0.0,0.0,0.0,0.0,0.0,0.0,0.0,0.0,0.0,,0.0,0.11432407796382904,0.0,0.0,0.15972954034805298,0.0,0.0,0.0,0.0,0.0,0.0,0.0,0.0,0.0,0.0,,0.0,0.0,0.0,0.0,0.0,0.0,0.0,0.0,0.0,0.0,0.0,0.0,0.0,0.0,0.0,,,0.0,0.0,0.0,,,0.0,0.0,0.0,,0.0,,0.0,,0.0,,,0.0,,0.0,,0.0,0.0,0.0,0.0,0.0,0.0,0.0,0.0,0.0,0.0,,0.0,0.0,,0.0,0.0,0.0,0.0,,0.0,0.0,0.0,0.0,0.0,0.0,0.07511357963085175,0.0,,0.0,,0.0,0.0,0.0,0.0,,0.0,,,,0.0,,0.0,0.0,,0.0,0.0,0.0,0.0,,,0.0,0.0,0.0,0.0,0.0,,0.0,,0.0,0.0,0.0,0.008292756043374538,0.0,0.0,0.0,,0.0,0.0,0.0,0.0,0.0,0.0,,0.0,0.0,0.0,0.0,0.0,0.0,,,0.0,0.0,0.0,0.0,0.0,0.0,,0.0,0.0,0.0,,0.0,,,0.0,0.0,0.0,0.0,0.0,,0.0,0.0,,0.0,,0.0,0.0,0.0,0.0,0.0,0.0,0.0,0.0,0.0,0.0,0.0,0.0,0.0,0.0,0.0,0.0,0.0,0.0,0.0,0.0,0.0,0.0,0.0,0.0,0.0,0.0,0.0,0.0,0.0,0.0,0.0,0.0,0.0,0.0,0.0,0.0,0.0,0.0,0.0,0.0,0.0,0.01570284366607666,0.0,0.0,0.0,0.0,0.0,0.0,0.0,0.0,0.0,0.0,0.0,0.0,0.0,0.0,0.0,0.0,0.0,0.0,0.0,0.0,0.0,0.0,0.0,0.0,0.0,0.0,0.0,0.0,0.0,0.0,0.0,0.0,0.0,0.0,0.0,0.0,0.0,0.10942241549491882,0.0,0.0,0.0,0.0,0.0,0.0,0.0,0.0,0.0,0.0,0.0,0.0,0.0,0.0,0.0,,,,,,,,,,,,,,,,,,,,,,,,,,,,,,,,,,,,,,,,,,,,,,,,,,,,,,,,,,,,,,,,,,,,,,,,,,,,,,,,,,,,,,,,,,,,,,,,,,,,,,,,,,,,,,,,,,,,,,,,,,,,,,,,,,,,,,,,,,,,,,,,,,,,,,,,,,,,,,,,,,,,,,,,,,,,,,
2020-04-09,658041.5775548095,0.41729782384945524,,,,,,,,,,,76494.84123570709,,1039061.7711000025,,,,,,,,,,,,,,,,,,,,9711.42836387085,,,,10536.251693663227,10959.069336018494,1587.318118789699,23034.286129736953,38133.282110910506,6805.956064854392,39744.99828362372,40812.70935834683,,,,,,,,,,,,,,,,,,,,,,,,,,,,,,,,,,,,,,,,,,,,,,,,,,,,,,,,,,,,,,,,,,,,,,,,,,,,,,0.0,0.0,0.0,0.0,0.0,0.0,0.0,0.0,0.0,0.0,0.0,0.0,0.0,0.0,0.0,0.0,,0.0,0.0,0.0,,0.0,0.0,0.0,0.0,0.0,,0.0,0.0,0.0,0.0,0.0,0.0,,0.0,,,,0.0,0.0,0.0,,0.0,0.0,0.0,0.0,0.0,,,0.0,,0.0,0.0,0.0,0.0,0.0,0.0,0.0,0.0,0.0,0.0,0.0,0.0,0.0,,0.0,0.0,0.0,0.0,0.0,,0.0,0.0,,0.0,0.0,0.0,0.0,,0.0,0.0,0.0,0.0,0.0,,0.0,0.0,,0.0,0.0,0.0,0.0,0.0,0.0,0.0,0.0,0.0,0.0,0.0,0.0,,0.0,0.0,,,,,0.0,0.0,0.0,0.0,0.0,0.0,0.0,0.0,0.0,,0.0,0.0,0.0,,0.0,0.0,0.0,0.0,0.0,0.0,,0.0,,0.0,0.0,0.0,0.0,0.0,0.0,0.0,,0.0,0.0,0.0,0.0,0.0,0.0,0.0,0.0,0.0,0.0,0.0,0.0,0.0,,0.0,0.0,0.0,0.0,,0.0,0.0,0.0,0.0,0.0,0.0,0.0,0.0,0.0,0.0,0.0,0.0,0.0,0.0,,,,0.0,0.0,0.0,0.0,0.0,0.0,0.0,,0.0,0.16256678104400635,0.0,0.0,0.0,0.0,0.0,0.0,0.0,,0.0,0.0,0.0,0.0,0.0,0.0,,0.0,0.0,0.0,0.0,0.0,0.0,0.0,0.0,0.0,0.0,,0.0,0.0,0.0,0.0,,0.0,0.0,0.0,0.0,0.0,0.0,,0.0,0.0,0.0,0.0,0.0,0.0,,0.0,,0.0,0.0,0.0,0.0,0.0,0.0,0.0,0.0,0.0,0.0,0.06631564348936081,,0.0,0.0,0.0,0.0,0.2114010602235794,0.0,0.0,0.0,0.0,0.0,,0.0,0.0,0.0,0.0,0.0,0.0,0.0,0.0,0.07473663240671158,0.002394676674157381,0.0,,0.0,0.0,0.0,0.0,0.0,0.0,0.0,0.0,,0.0,0.0,,0.0,0.0,0.0,0.0,,,0.0,0.0,,0.0,0.0,,,0.0,0.0,0.0,0.0,0.0,0.0,0.0,,0.0,0.0,0.0,0.0,0.0,0.0,0.0,0.0,0.0,0.0,0.0,,0.0,0.0,,0.0,0.0,0.0,,0.0,0.0,0.0,0.0,,0.0,0.0,0.0,0.0,0.0,0.0,0.0,0.0,0.0,0.0,0.0,0.0,0.0,0.0,0.0,0.0,,0.0,0.11432407796382904,0.0,0.0,0.15972954034805298,0.0,0.0,0.0,0.0,0.0,0.0,0.0,0.0,0.0,0.0,,0.0,0.0,0.0,0.0,0.0,0.0,0.0,0.0,0.0,0.0,0.0,0.0,0.0,0.0,0.0,,,0.0,0.0,0.0,,,0.0,0.0,0.0,,0.0,,0.0,,0.0,,,0.0,,0.0,,0.0,0.0,0.0,0.0,0.0,0.0,0.0,0.0,0.0,0.0,,0.0,0.0,,0.0,0.0,0.0,0.0,,0.0,0.0,0.0,0.0,0.0,0.0,0.07511357963085175,0.0,,0.0,,0.0,0.0,0.0,0.0,,0.0,,,,0.0,,0.0,0.0,,0.0,0.0,0.0,0.0,,,0.0,0.0,0.0,0.0,0.0,,0.0,,0.0,0.0,0.0,0.008292756043374538,0.0,0.0,0.0,,0.0,0.0,0.0,0.0,0.0,0.0,,0.0,0.0,0.0,0.0,0.0,0.0,,,0.0,0.0,0.0,0.0,0.0,0.0,,0.0,0.0,0.0,,0.0,,,0.0,0.0,0.0,0.0,0.0,,0.0,0.0,,0.0,,0.0,0.0,0.0,0.0,0.0,0.0,0.0,0.0,0.0,0.0,0.0,0.0,0.0,0.0,0.0,0.0,0.0,0.0,0.0,0.0,0.0,0.0,0.0,0.0,0.0,0.0,0.0,0.0,0.0,0.0,0.0,0.0,0.0,0.0,0.0,0.0,0.0,0.0,0.0,0.0,0.0,0.01570284366607666,0.0,0.0,0.0,0.0,0.0,0.0,0.0,0.0,0.0,0.0,0.0,0.0,0.0,0.0,0.0,0.0,0.0,0.0,0.0,0.0,0.0,0.0,0.0,0.0,0.0,0.0,0.0,0.0,0.0,0.0,0.0,0.0,0.0,0.0,0.0,0.0,0.0,0.10942241549491882,0.0,0.0,0.0,0.0,0.0,0.0,0.0,0.0,0.0,0.0,0.0,0.0,0.0,0.0,0.0,,,,,,,,,,,,,,,,,,,,,,,,,,,,,,,,,,,,,,,,,,,,,,,,,,,,,,,,,,,,,,,,,,,,,,,,,,,,,,,,,,,,,,,,,,,,,,,,,,,,,,,,,,,,,,,,,,,,,,,,,,,,,,,,,,,,,,,,,,,,,,,,,,,,,,,,,,,,,,,,,,,,,,,,,,,,,,
2020-04-10,641283.6086499995,2.3462381508516166,,,,,,,,,,,76494.84123570709,,1039061.7711000025,,,,,,,,,,,,,,,,,,,,9711.42836387085,,,,10535.944845412496,10959.069336018494,1587.318118789699,23034.286129736953,38133.282110910506,6805.956064854392,39744.99828362372,40812.70935834683,,,,,,,,,,,,,,,,,,,,,,,,,,,,,,,,,,,,,,,,,,,,,,,,,,,,,,,,,,,,,,,,,,,,,,,,,,,,,,0.0,0.0,0.0,0.0,0.0,0.0,0.0,0.0,0.0,0.0,0.0,0.0,0.0,0.0,0.0,0.0,,0.0,0.0,0.0,,0.0,0.0,0.0,0.0,0.0,,0.0,0.0,0.0,0.0,0.0,0.0,,0.0,,,,0.0,0.0,0.0,,0.0,0.0,0.0,0.0,0.0,,,0.0,,0.0,0.0,0.0,0.0,0.0,0.0,0.0,0.0,0.0,0.0,0.0,0.0,0.0,,0.0,0.0,0.0,0.0,0.0,,0.0,0.0,,0.0,0.0,0.0,0.0,,0.0,0.0,0.0,0.0,0.0,,0.0,0.0,,0.0,0.0,0.0,0.0,0.0,0.0,0.0,0.0,0.0,0.0,0.0,0.0,,0.0,0.0,,,,,0.0,0.0,0.0,0.0,0.0,0.0,0.0,0.0,0.0,,0.0,0.0,0.0,,0.0,0.0,0.0,0.0,0.0,0.0,,0.0,,0.0,0.0,0.0,0.0,0.0,0.0,0.0,,0.0,0.0,0.0,0.0,0.0,0.0,0.0,0.0,0.0,0.0,0.0,0.0,0.0,,0.0,0.0,0.0,0.0,,0.0,0.0,0.0,0.0,0.0,0.0,0.0,0.0,0.0,0.0,0.0,0.0,0.0,0.0,,,,0.0,0.0,0.0,0.0,0.0,0.0,0.0,,0.0,0.16256678104400635,0.0,0.0,0.0,0.0,0.0,0.0,0.0,,0.0,0.0,0.0,0.0,0.0,0.0,,0.0,0.0,0.0,0.0,0.0,0.0,0.0,0.0,0.0,0.0,,0.0,0.0,0.0,0.0,,0.0,0.0,0.0,0.0,0.0,0.0,,0.0,0.0,0.0,0.0,0.0,0.0,,0.0,,0.0,0.0,0.0,0.0,0.0,0.0,0.0,0.0,0.0,0.0,0.06631564348936081,,0.0,0.0,0.0,0.0,0.2114010602235794,0.0,0.0,0.0,0.0,0.0,,0.0,0.0,0.0,0.0,0.0,0.0,0.0,0.0,0.07473663240671158,0.002394676674157381,0.0,,0.0,0.0,0.0,0.0,0.0,0.0,0.0,0.0,,0.0,0.0,,0.0,0.0,0.0,0.0,,,0.0,0.0,,0.0,0.0,,,0.0,0.0,0.0,0.0,0.0,0.0,0.0,,0.0,0.0,0.0,0.0,0.0,0.0,0.0,0.0,0.0,0.0,0.0,,0.0,0.0,,0.0,0.0,0.0,,0.0,0.0,0.0,0.0,,0.0,0.0,0.0,0.0,0.0,0.0,0.0,0.0,0.0,0.0,0.0,0.0,0.0,0.0,0.0,0.0,,0.0,0.11432407796382904,0.0,0.0,0.15972954034805298,0.0,0.0,0.0,0.0,0.0,0.0,0.0,0.0,0.0,0.0,,0.0,0.0,0.0,0.0,0.0,0.0,0.0,0.0,0.0,0.0,0.0,0.0,0.0,0.0,0.0,,,0.0,0.0,0.0,,,0.0,0.0,0.0,,0.0,,0.0,,0.0,,,0.0,,0.0,,0.0,0.0,0.0,0.0,0.0,0.0,0.0,0.0,0.0,0.0,,0.0,0.0,,0.0,0.0,0.0,0.0,,0.0,0.0,0.0,0.0,0.0,0.0,0.07511357963085175,0.0,,0.0,,0.0,0.0,0.0,0.0,,0.0,,,,0.0,,0.0,0.0,,0.0,0.0,0.0,0.0,,,0.0,0.0,0.0,0.0,0.0,,0.0,,0.0,0.0,0.0,0.008292756043374538,0.0,0.0,0.0,,0.0,0.0,0.0,0.0,0.0,0.0,,0.0,0.0,0.0,0.0,0.0,0.0,,,0.0,0.0,0.0,0.0,0.0,0.0,,0.0,0.0,0.0,,0.0,,,0.0,0.0,0.0,0.0,0.0,,0.0,0.0,,0.0,,0.0,0.0,0.0,0.0,0.0,0.0,0.0,0.0,0.0,0.0,0.0,0.0,0.0,0.0,0.0,0.0,0.0,0.0,0.0,0.0,0.0,0.0,0.0,0.0,0.0,0.0,0.0,0.0,0.0,0.0,0.0,0.0,0.0,0.0,0.0,0.0,0.0,0.0,0.0,0.0,0.0,0.01570284366607666,0.0,0.0,0.0,0.0,0.0,0.0,0.0,0.0,0.0,0.0,0.0,0.0,0.0,0.0,0.0,0.0,0.0,0.0,0.0,0.0,0.0,0.0,0.0,0.0,0.0,0.0,0.0,0.0,0.0,0.0,0.0,0.0,0.0,0.0,0.0,0.0,0.0,0.10942241549491882,0.0,0.0,0.0,0.0,0.0,0.0,0.0,0.0,0.0,0.0,0.0,0.0,0.0,0.0,0.0,,,,,,,,,,,,,,,,,,,,,,,,,,,,,,,,,,,,,,,,,,,,,,,,,,,,,,,,,,,,,,,,,,,,,,,,,,,,,,,,,,,,,,,,,,,,,,,,,,,,,,,,,,,,,,,,,,,,,,,,,,,,,,,,,,,,,,,,,,,,,,,,,,,,,,,,,,,,,,,,,,,,,,,,,,,,,,
2020-04-13,639829.1034859483,1.904490246036457,,,,,,,,,,,76494.84123570709,,1039061.7711000025,,,,,,,,,,,,,,,,,,,,9711.42836387085,,,,10536.120185081521,10958.95436594025,1587.318118789699,23034.286129736953,38133.282110910506,6805.956064854392,39744.99828362372,40812.70935834683,,,,,,,,,,,,,,,,,,,,,,,,,,,,,,,,,,,,,,,,,,,,,,,,,,,,,,,,,,,,,,,,,,,,,,,,,,,,,,0.0,0.0,0.0,0.0,0.0,0.0,0.0,0.0,0.0,0.0,0.0,0.0,0.0,0.0,0.0,0.0,,0.0,0.0,0.0,,0.0,0.0,0.0,0.0,0.0,,0.0,0.0,0.0,0.0,0.0,0.0,,0.0,,,,0.0,0.0,0.0,,0.0,0.0,0.0,0.0,0.0,,,0.0,,0.0,0.0,0.0,0.0,0.0,0.0,0.0,0.0,0.0,0.0,0.0,0.0,0.0,,0.0,0.0,0.0,0.0,0.0,,0.0,0.0,,0.0,0.0,0.0,0.0,,0.0,0.0,0.0,0.0,0.0,,0.0,0.0,,0.0,0.0,0.0,0.0,0.0,0.0,0.0,0.0,0.0,0.0,0.0,0.0,,0.0,0.0,,,,,0.0,0.0,0.0,0.0,0.0,0.0,0.0,0.0,0.0,,0.0,0.0,0.0,,0.0,0.0,0.0,0.0,0.0,0.0,,0.0,,0.0,0.0,0.0,0.0,0.0,0.0,0.0,,0.0,0.0,0.0,0.0,0.0,0.0,0.0,0.0,0.0,0.0,0.0,0.0,0.0,,0.0,0.0,0.0,0.0,,0.0,0.0,0.0,0.0,0.0,0.0,0.0,0.0,0.0,0.0,0.0,0.0,0.0,0.0,,,,0.0,0.0,0.0,0.0,0.0,0.0,0.0,,0.0,0.16256678104400635,0.0,0.0,0.0,0.0,0.0,0.0,0.0,,0.0,0.0,0.0,0.0,0.0,0.0,,0.0,0.0,0.0,0.0,0.0,0.0,0.0,0.0,0.0,0.0,,0.0,0.0,0.0,0.0,,0.0,0.0,0.0,0.0,0.0,0.0,,0.0,0.0,0.0,0.0,0.0,0.0,,0.0,,0.0,0.0,0.0,0.0,0.0,0.0,0.0,0.0,0.0,0.0,0.06631564348936081,,0.0,0.0,0.0,0.0,0.2114010602235794,0.0,0.0,0.0,0.0,0.0,,0.0,0.0,0.0,0.0,0.0,0.0,0.0,0.0,0.07473663240671158,0.002394676674157381,0.0,,0.0,0.0,0.0,0.0,0.0,0.0,0.0,0.0,,0.0,0.0,,0.0,0.0,0.0,0.0,,,0.0,0.0,,0.0,0.0,,,0.0,0.0,0.0,0.0,0.0,0.0,0.0,,0.0,0.0,0.0,0.0,0.0,0.0,0.0,0.0,0.0,0.0,0.0,,0.0,0.0,,0.0,0.0,0.0,,0.0,0.0,0.0,0.0,,0.0,0.0,0.0,0.0,0.0,0.0,0.0,0.0,0.0,0.0,0.0,0.0,0.0,0.0,0.0,0.0,,0.0,0.11432407796382904,0.0,0.0,0.15972954034805298,0.0,0.0,0.0,0.0,0.0,0.0,0.0,0.0,0.0,0.0,,0.0,0.0,0.0,0.0,0.0,0.0,0.0,0.0,0.0,0.0,0.0,0.0,0.0,0.0,0.0,,,0.0,0.0,0.0,,,0.0,0.0,0.0,,0.0,,0.0,,0.0,,,0.0,,0.0,,0.0,0.0,0.0,0.0,0.0,0.0,0.0,0.0,0.0,0.0,,0.0,0.0,,0.0,0.0,0.0,0.0,,0.0,0.0,0.0,0.0,0.0,0.0,0.07511357963085175,0.0,,0.0,,0.0,0.0,0.0,0.0,,0.0,,,,0.0,,0.0,0.0,,0.0,0.0,0.0,0.0,,,0.0,0.0,0.0,0.0,0.0,,0.0,,0.0,0.0,0.0,0.008292756043374538,0.0,0.0,0.0,,0.0,0.0,0.0,0.0,0.0,0.0,,0.0,0.0,0.0,0.0,0.0,0.0,,,0.0,0.0,0.0,0.0,0.0,0.0,,0.0,0.0,0.0,,0.0,,,0.0,0.0,0.0,0.0,0.0,,0.0,0.0,,0.0,,0.0,0.0,0.0,0.0,0.0,0.0,0.0,0.0,0.0,0.0,0.0,0.0,0.0,0.0,0.0,0.0,0.0,0.0,0.0,0.0,0.0,0.0,0.0,0.0,0.0,0.0,0.0,0.0,0.0,0.0,0.0,0.0,0.0,0.0,0.0,0.0,0.0,0.0,0.0,0.0,0.0,0.01570284366607666,0.0,0.0,0.0,0.0,0.0,0.0,0.0,0.0,0.0,0.0,0.0,0.0,0.0,0.0,0.0,0.0,0.0,0.0,0.0,0.0,0.0,0.0,0.0,0.0,0.0,0.0,0.0,0.0,0.0,0.0,0.0,0.0,0.0,0.0,0.0,0.0,0.0,0.10942241549491882,0.0,0.0,0.0,0.0,0.0,0.0,0.0,0.0,0.0,0.0,0.0,0.0,0.0,0.0,0.0,,,,,,,,,,,,,,,,,,,,,,,,,,,,,,,,,,,,,,,,,,,,,,,,,,,,,,,,,,,,,,,,,,,,,,,,,,,,,,,,,,,,,,,,,,,,,,,,,,,,,,,,,,,,,,,,,,,,,,,,,,,,,,,,,,,,,,,,,,,,,,,,,,,,,,,,,,,,,,,,,,,,,,,,,,,,,,
2020-04-14,652201.2870939351,367.1197700894643,,,,,,,,,,,76494.84123570709,,1039061.7711000025,,,,,,,,,,,,,,,,,,,,9711.42836387085,,,,9482.653322682261,10709.575601578967,1746.0266382785396,23871.579359817762,38133.282110910506,6805.956064854392,39744.99828362372,40812.70935834683,,,,,,,,,,,,,,,,,,,,,,,,,,,,,,,,,,,,,,,,,,,,,,,,,,,,,,,,,,,,,,,,,,,,,,,,,,,,,,0.0,0.0,0.0,0.0,0.0,0.0,0.0,0.0,0.0,0.0,0.0,0.0,0.0,0.0,0.0,0.0,,0.0,0.0,0.0,,0.0,0.0,0.0,0.0,0.0,,0.0,0.0,0.0,0.0,0.0,0.0,,0.0,,,,0.0,0.0,0.0,,0.0,0.0,0.0,0.0,0.0,,,0.0,,0.0,0.0,0.0,0.0,0.0,0.0,0.0,0.0,0.0,0.0,0.0,0.0,0.0,,0.0,0.0,0.0,0.0,0.0,,0.0,0.0,,0.0,0.0,0.0,0.0,,0.0,0.0,0.0,0.0,0.0,,0.0,0.0,,0.0,0.0,0.0,0.0,0.0,0.0,0.0,0.0,0.0,0.0,0.0,0.0,,0.0,0.0,,,,,0.0,0.0,0.0,0.0,0.0,0.0,0.0,0.0,0.0,,0.0,0.0,0.0,,0.0,0.0,0.0,0.0,0.0,0.0,,0.0,,0.0,0.0,0.0,0.0,0.0,0.0,0.0,,0.0,0.0,0.0,0.0,0.0,0.0,0.0,0.0,0.0,0.0,0.0,0.0,0.0,,0.0,0.0,0.0,0.0,,0.0,0.0,0.0,0.0,0.0,0.0,0.0,0.0,0.0,0.0,0.0,0.0,0.0,0.0,,,,0.0,0.0,0.0,0.0,0.0,0.0,0.0,,0.0,0.16256678104400635,0.0,0.0,0.0,0.0,0.0,0.0,0.0,,0.0,0.0,0.0,0.0,0.0,0.0,,0.0,0.0,0.0,0.0,0.0,0.0,0.0,0.0,0.0,0.0,,0.0,0.0,0.0,0.0,,0.0,0.0,0.0,0.0,0.0,0.0,,0.0,0.0,0.0,0.0,0.0,0.0,,0.0,,0.0,0.0,0.0,0.0,0.0,0.0,0.0,0.0,0.0,0.0,0.06631564348936081,,0.0,0.0,0.0,0.0,0.2114010602235794,0.0,0.0,0.0,0.0,0.0,,0.0,0.0,0.0,0.0,0.0,0.0,0.0,0.0,0.07473663240671158,0.002394676674157381,0.0,,0.0,0.0,0.0,0.0,0.0,0.0,0.0,0.0,,0.0,0.0,,0.0,0.0,0.0,0.0,,,0.0,0.0,,0.0,0.0,,,0.0,0.0,0.0,0.0,0.0,0.0,0.0,,0.0,0.0,0.0,0.0,0.0,0.0,0.0,0.0,0.0,0.0,0.0,,0.0,0.0,,0.0,0.0,0.0,,0.0,0.0,0.0,0.0,,0.0,0.0,0.0,0.0,0.0,0.0,0.0,0.0,0.0,0.0,0.0,0.0,0.0,0.0,0.0,0.0,,0.0,0.11432407796382904,0.0,0.0,0.15972954034805298,0.0,0.0,0.0,0.0,0.0,0.0,0.0,0.0,0.0,0.0,,0.0,0.0,0.0,0.0,0.0,0.0,0.0,0.0,0.0,0.0,0.0,0.0,0.0,0.0,0.0,,,0.0,0.0,0.0,,,0.0,0.0,0.0,,0.0,,0.0,,0.0,,,0.0,,0.0,,0.0,0.0,0.0,0.0,0.0,0.0,0.0,0.0,0.0,0.0,,0.0,0.0,,0.0,0.0,0.0,0.0,,0.0,0.0,0.0,0.0,0.0,0.0,0.07511357963085175,0.0,,0.0,,0.0,0.0,0.0,0.0,,0.0,,,,0.0,,0.0,0.0,,0.0,0.0,0.0,0.0,,,0.0,0.0,0.0,0.0,0.0,,0.0,,0.0,0.0,0.0,0.008292756043374538,0.0,0.0,0.0,,0.0,0.0,0.0,0.0,0.0,0.0,,0.0,0.0,0.0,0.0,0.0,0.0,,,0.0,0.0,0.0,0.0,0.0,0.0,,0.0,0.0,0.0,,0.0,,,0.0,0.0,0.0,0.0,0.0,,0.0,0.0,,0.0,,0.0,0.0,0.0,0.0,0.0,0.0,0.0,0.0,0.0,0.0,0.0,0.0,0.0,0.0,0.0,0.0,0.0,0.0,0.0,0.0,0.0,0.0,0.0,0.0,0.0,0.0,0.0,0.0,0.0,0.0,0.0,0.0,0.0,0.0,0.0,0.0,0.0,0.0,0.0,0.0,0.0,0.01570284366607666,0.0,0.0,0.0,0.0,0.0,0.0,0.0,0.0,0.0,0.0,0.0,0.0,0.0,0.0,0.0,0.0,0.0,0.0,0.0,0.0,0.0,0.0,0.0,0.0,0.0,0.0,0.0,0.0,0.0,0.0,0.0,0.0,0.0,0.0,0.0,0.0,0.0,0.10942241549491882,0.0,0.0,0.0,0.0,0.0,0.0,0.0,0.0,0.0,0.0,0.0,0.0,0.0,0.0,0.0,,,,,,,,,,,,,,,,,,,,,,,,,,,,,,,,,,,,,,,,,,,,,,,,,,,,,,,,,,,,,,,,,,,,,,,,,,,,,,,,,,,,,,,,,,,,,,,,,,,,,,,,,,,,,,,,,,,,,,,,,,,,,,,,,,,,,,,,,,,,,,,,,,,,,,,,,,,,,,,,,,,,,,,,,,,,,,
2020-04-15,646130.36658612,176.70041878814754,,,,,,,,,,,76494.84123570709,,1039061.7711000025,,,,,,,,,,,,,,,,,,,,9711.42836387085,,,,9482.694264952366,10210.819166357578,1746.0317592471877,25337.518327767026,38133.282110910506,6805.956064854392,39744.99828362372,40812.70935834683,,,,,,,,,,,,,,,,,,,,,,,,,,,,,,,,,,,,,,,,,,,,,,,,,,,,,,,,,,,,,,,,,,,,,,,,,,,,,,0.0,0.0,0.0,0.0,0.0,0.0,0.0,0.0,0.0,0.0,0.0,0.0,0.0,0.0,0.0,0.0,,0.0,0.0,0.0,,0.0,0.0,0.0,0.0,0.0,,0.0,0.0,0.0,0.0,0.0,0.0,,0.0,,,,0.0,0.0,0.0,,0.0,0.0,0.0,0.0,0.0,,,0.0,,0.0,0.0,0.0,0.0,0.0,0.0,0.0,0.0,0.0,0.0,0.0,0.0,0.0,,0.0,0.0,0.0,0.0,0.0,,0.0,0.0,,0.0,0.0,0.0,0.0,,0.0,0.0,0.0,0.0,0.0,,0.0,0.0,,0.0,0.0,0.0,0.0,0.0,0.0,0.0,0.0,0.0,0.0,0.0,0.0,,0.0,0.0,,,,,0.0,0.0,0.0,0.0,0.0,0.0,0.0,0.0,0.0,,0.0,0.0,0.0,,0.0,0.0,0.0,0.0,0.0,0.0,,0.0,,0.0,0.0,0.0,0.0,0.0,0.0,0.0,,0.0,0.0,0.0,0.0,0.0,0.0,0.0,0.0,0.0,0.0,0.0,0.0,0.0,,0.0,0.0,0.0,0.0,,0.0,0.0,0.0,0.0,0.0,0.0,0.0,0.0,0.0,0.0,0.0,0.0,0.0,0.0,,,,0.0,0.0,0.0,0.0,0.0,0.0,0.0,,0.0,0.16256678104400635,0.0,0.0,0.0,0.0,0.0,0.0,0.0,,0.0,0.0,0.0,0.0,0.0,0.0,,0.0,0.0,0.0,0.0,0.0,0.0,0.0,0.0,0.0,0.0,,0.0,0.0,0.0,0.0,,0.0,0.0,0.0,0.0,0.0,0.0,,0.0,0.0,0.0,0.0,0.0,0.0,,0.0,,0.0,0.0,0.0,0.0,0.0,0.0,0.0,0.0,0.0,0.0,0.06631564348936081,,0.0,0.0,0.0,0.0,0.2114010602235794,0.0,0.0,0.0,0.0,0.0,,0.0,0.0,0.0,0.0,0.0,0.0,0.0,0.0,0.07473663240671158,0.002394676674157381,0.0,,0.0,0.0,0.0,0.0,0.0,0.0,0.0,0.0,,0.0,0.0,,0.0,0.0,0.0,0.0,,,0.0,0.0,,0.0,0.0,,,0.0,0.0,0.0,0.0,0.0,0.0,0.0,,0.0,0.0,0.0,0.0,0.0,0.0,0.0,0.0,0.0,0.0,0.0,,0.0,0.0,,0.0,0.0,0.0,,0.0,0.0,0.0,0.0,,0.0,0.0,0.0,0.0,0.0,0.0,0.0,0.0,0.0,0.0,0.0,0.0,0.0,0.0,0.0,0.0,,0.0,0.11432407796382904,0.0,0.0,0.15972954034805298,0.0,0.0,0.0,0.0,0.0,0.0,0.0,0.0,0.0,0.0,,0.0,0.0,0.0,0.0,0.0,0.0,0.0,0.0,0.0,0.0,0.0,0.0,0.0,0.0,0.0,,,0.0,0.0,0.0,,,0.0,0.0,0.0,,0.0,,0.0,,0.0,,,0.0,,0.0,,0.0,0.0,0.0,0.0,0.0,0.0,0.0,0.0,0.0,0.0,,0.0,0.0,,0.0,0.0,0.0,0.0,,0.0,0.0,0.0,0.0,0.0,0.0,0.07511357963085175,0.0,,0.0,,0.0,0.0,0.0,0.0,,0.0,,,,0.0,,0.0,0.0,,0.0,0.0,0.0,0.0,,,0.0,0.0,0.0,0.0,0.0,,0.0,,0.0,0.0,0.0,0.008292756043374538,0.0,0.0,0.0,,0.0,0.0,0.0,0.0,0.0,0.0,,0.0,0.0,0.0,0.0,0.0,0.0,,,0.0,0.0,0.0,0.0,0.0,0.0,,0.0,0.0,0.0,,0.0,,,0.0,0.0,0.0,0.0,0.0,,0.0,0.0,,0.0,,0.0,0.0,0.0,0.0,0.0,0.0,0.0,0.0,0.0,0.0,0.0,0.0,0.0,0.0,0.0,0.0,0.0,0.0,0.0,0.0,0.0,0.0,0.0,0.0,0.0,0.0,0.0,0.0,0.0,0.0,0.0,0.0,0.0,0.0,0.0,0.0,0.0,0.0,0.0,0.0,0.0,0.01570284366607666,0.0,0.0,0.0,0.0,0.0,0.0,0.0,0.0,0.0,0.0,0.0,0.0,0.0,0.0,0.0,0.0,0.0,0.0,0.0,0.0,0.0,0.0,0.0,0.0,0.0,0.0,0.0,0.0,0.0,0.0,0.0,0.0,0.0,0.0,0.0,0.0,0.0,0.10942241549491882,0.0,0.0,0.0,0.0,0.0,0.0,0.0,0.0,0.0,0.0,0.0,0.0,0.0,0.0,0.0,,,,,,,,,,,,,,,,,,,,,,,,,,,,,,,,,,,,,,,,,,,,,,,,,,,,,,,,,,,,,,,,,,,,,,,,,,,,,,,,,,,,,,,,,,,,,,,,,,,,,,,,,,,,,,,,,,,,,,,,,,,,,,,,,,,,,,,,,,,,,,,,,,,,,,,,,,,,,,,,,,,,,,,,,,,,,,
2020-04-16,653921.6388477618,445.9881870993713,,,,,,,,,,,76494.84123570709,,1039061.7711000025,,,,,,,,,,,,,,,,,,,,9711.42836387085,,,,9482.765728670933,9879.120759710417,1746.0205261939916,26174.78455423871,38133.282110910506,6805.956064854392,39744.99828362372,40812.70935834683,,,,,,,,,,,,,,,,,,,,,,,,,,,,,,,,,,,,,,,,,,,,,,,,,,,,,,,,,,,,,,,,,,,,,,,,,,,,,,0.0,0.0,0.0,0.0,0.0,0.0,0.0,0.0,0.0,0.0,0.0,0.0,0.0,0.0,0.0,0.0,,0.0,0.0,0.0,,0.0,0.0,0.0,0.0,0.0,,0.0,0.0,0.0,0.0,0.0,0.0,,0.0,,,,0.0,0.0,0.0,,0.0,0.0,0.0,0.0,0.0,,,0.0,,0.0,0.0,0.0,0.0,0.0,0.0,0.0,0.0,0.0,0.0,0.0,0.0,0.0,,0.0,0.0,0.0,0.0,0.0,,0.0,0.0,,0.0,0.0,0.0,0.0,,0.0,0.0,0.0,0.0,0.0,,0.0,0.0,,0.0,0.0,0.0,0.0,0.0,0.0,0.0,0.0,0.0,0.0,0.0,0.0,,0.0,0.0,,,,,0.0,0.0,0.0,0.0,0.0,0.0,0.0,0.0,0.0,,0.0,0.0,0.0,,0.0,0.0,0.0,0.0,0.0,0.0,,0.0,,0.0,0.0,0.0,0.0,0.0,0.0,0.0,,0.0,0.0,0.0,0.0,0.0,0.0,0.0,0.0,0.0,0.0,0.0,0.0,0.0,,0.0,0.0,0.0,0.0,,0.0,0.0,0.0,0.0,0.0,0.0,0.0,0.0,0.0,0.0,0.0,0.0,0.0,0.0,,,,0.0,0.0,0.0,0.0,0.0,0.0,0.0,,0.0,0.16256678104400635,0.0,0.0,0.0,0.0,0.0,0.0,0.0,,0.0,0.0,0.0,0.0,0.0,0.0,,0.0,0.0,0.0,0.0,0.0,0.0,0.0,0.0,0.0,0.0,,0.0,0.0,0.0,0.0,,0.0,0.0,0.0,0.0,0.0,0.0,,0.0,0.0,0.0,0.0,0.0,0.0,,0.0,,0.0,0.0,0.0,0.0,0.0,0.0,0.0,0.0,0.0,0.0,0.06631564348936081,,0.0,0.0,0.0,0.0,0.2114010602235794,0.0,0.0,0.0,0.0,0.0,,0.0,0.0,0.0,0.0,0.0,0.0,0.0,0.0,0.07473663240671158,0.002394676674157381,0.0,,0.0,0.0,0.0,0.0,0.0,0.0,0.0,0.0,,0.0,0.0,,0.0,0.0,0.0,0.0,,,0.0,0.0,,0.0,0.0,,,0.0,0.0,0.0,0.0,0.0,0.0,0.0,,0.0,0.0,0.0,0.0,0.0,0.0,0.0,0.0,0.0,0.0,0.0,,0.0,0.0,,0.0,0.0,0.0,,0.0,0.0,0.0,0.0,,0.0,0.0,0.0,0.0,0.0,0.0,0.0,0.0,0.0,0.0,0.0,0.0,0.0,0.0,0.0,0.0,,0.0,0.11432407796382904,0.0,0.0,0.15972954034805298,0.0,0.0,0.0,0.0,0.0,0.0,0.0,0.0,0.0,0.0,,0.0,0.0,0.0,0.0,0.0,0.0,0.0,0.0,0.0,0.0,0.0,0.0,0.0,0.0,0.0,,,0.0,0.0,0.0,,,0.0,0.0,0.0,,0.0,,0.0,,0.0,,,0.0,,0.0,,0.0,0.0,0.0,0.0,0.0,0.0,0.0,0.0,0.0,0.0,,0.0,0.0,,0.0,0.0,0.0,0.0,,0.0,0.0,0.0,0.0,0.0,0.0,0.07511357963085175,0.0,,0.0,,0.0,0.0,0.0,0.0,,0.0,,,,0.0,,0.0,0.0,,0.0,0.0,0.0,0.0,,,0.0,0.0,0.0,0.0,0.0,,0.0,,0.0,0.0,0.0,0.008292756043374538,0.0,0.0,0.0,,0.0,0.0,0.0,0.0,0.0,0.0,,0.0,0.0,0.0,0.0,0.0,0.0,,,0.0,0.0,0.0,0.0,0.0,0.0,,0.0,0.0,0.0,,0.0,,,0.0,0.0,0.0,0.0,0.0,,0.0,0.0,,0.0,,0.0,0.0,0.0,0.0,0.0,0.0,0.0,0.0,0.0,0.0,0.0,0.0,0.0,0.0,0.0,0.0,0.0,0.0,0.0,0.0,0.0,0.0,0.0,0.0,0.0,0.0,0.0,0.0,0.0,0.0,0.0,0.0,0.0,0.0,0.0,0.0,0.0,0.0,0.0,0.0,0.0,0.01570284366607666,0.0,0.0,0.0,0.0,0.0,0.0,0.0,0.0,0.0,0.0,0.0,0.0,0.0,0.0,0.0,0.0,0.0,0.0,0.0,0.0,0.0,0.0,0.0,0.0,0.0,0.0,0.0,0.0,0.0,0.0,0.0,0.0,0.0,0.0,0.0,0.0,0.0,0.10942241549491882,0.0,0.0,0.0,0.0,0.0,0.0,0.0,0.0,0.0,0.0,0.0,0.0,0.0,0.0,0.0,,,,,,,,,,,,,,,,,,,,,,,,,,,,,,,,,,,,,,,,,,,,,,,,,,,,,,,,,,,,,,,,,,,,,,,,,,,,,,,,,,,,,,,,,,,,,,,,,,,,,,,,,,,,,,,,,,,,,,,,,,,,,,,,,,,,,,,,,,,,,,,,,,,,,,,,,,,,,,,,,,,,,,,,,,,,,,
2020-04-17,655087.5348468228,64.97478830134344,,,,,,,,,,,76494.84123570709,,1039061.7711000025,,,,,,,,,,,,,,,,,,,,9711.42836387085,,,,9482.73222991874,9795.550370964052,1746.0497654722246,26593.48408803375,38133.282110910506,6805.956064854392,39744.99828362372,40812.70935834683,,,,,,,,,,,,,,,,,,,,,,,,,,,,,,,,,,,,,,,,,,,,,,,,,,,,,,,,,,,,,,,,,,,,,,,,,,,,,,0.0,0.0,0.0,0.0,0.0,0.0,0.0,0.0,0.0,0.0,0.0,0.0,0.0,0.0,0.0,0.0,,0.0,0.0,0.0,,0.0,0.0,0.0,0.0,0.0,,0.0,0.0,0.0,0.0,0.0,0.0,,0.0,,,,0.0,0.0,0.0,,0.0,0.0,0.0,0.0,0.0,,,0.0,,0.0,0.0,0.0,0.0,0.0,0.0,0.0,0.0,0.0,0.0,0.0,0.0,0.0,,0.0,0.0,0.0,0.0,0.0,,0.0,0.0,,0.0,0.0,0.0,0.0,,0.0,0.0,0.0,0.0,0.0,,0.0,0.0,,0.0,0.0,0.0,0.0,0.0,0.0,0.0,0.0,0.0,0.0,0.0,0.0,,0.0,0.0,,,,,0.0,0.0,0.0,0.0,0.0,0.0,0.0,0.0,0.0,,0.0,0.0,0.0,,0.0,0.0,0.0,0.0,0.0,0.0,,0.0,,0.0,0.0,0.0,0.0,0.0,0.0,0.0,,0.0,0.0,0.0,0.0,0.0,0.0,0.0,0.0,0.0,0.0,0.0,0.0,0.0,,0.0,0.0,0.0,0.0,,0.0,0.0,0.0,0.0,0.0,0.0,0.0,0.0,0.0,0.0,0.0,0.0,0.0,0.0,,,,0.0,0.0,0.0,0.0,0.0,0.0,0.0,,0.0,0.16256678104400635,0.0,0.0,0.0,0.0,0.0,0.0,0.0,,0.0,0.0,0.0,0.0,0.0,0.0,,0.0,0.0,0.0,0.0,0.0,0.0,0.0,0.0,0.0,0.0,,0.0,0.0,0.0,0.0,,0.0,0.0,0.0,0.0,0.0,0.0,,0.0,0.0,0.0,0.0,0.0,0.0,,0.0,,0.0,0.0,0.0,0.0,0.0,0.0,0.0,0.0,0.0,0.0,0.06631564348936081,,0.0,0.0,0.0,0.0,0.2114010602235794,0.0,0.0,0.0,0.0,0.0,,0.0,0.0,0.0,0.0,0.0,0.0,0.0,0.0,0.07473663240671158,0.002394676674157381,0.0,,0.0,0.0,0.0,0.0,0.0,0.0,0.0,0.0,,0.0,0.0,,0.0,0.0,0.0,0.0,,,0.0,0.0,,0.0,0.0,,,0.0,0.0,0.0,0.0,0.0,0.0,0.0,,0.0,0.0,0.0,0.0,0.0,0.0,0.0,0.0,0.0,0.0,0.0,,0.0,0.0,,0.0,0.0,0.0,,0.0,0.0,0.0,0.0,,0.0,0.0,0.0,0.0,0.0,0.0,0.0,0.0,0.0,0.0,0.0,0.0,0.0,0.0,0.0,0.0,,0.0,0.11432407796382904,0.0,0.0,0.15972954034805298,0.0,0.0,0.0,0.0,0.0,0.0,0.0,0.0,0.0,0.0,,0.0,0.0,0.0,0.0,0.0,0.0,0.0,0.0,0.0,0.0,0.0,0.0,0.0,0.0,0.0,,,0.0,0.0,0.0,,,0.0,0.0,0.0,,0.0,,0.0,,0.0,,,0.0,,0.0,,0.0,0.0,0.0,0.0,0.0,0.0,0.0,0.0,0.0,0.0,,0.0,0.0,,0.0,0.0,0.0,0.0,,0.0,0.0,0.0,0.0,0.0,0.0,0.07511357963085175,0.0,,0.0,,0.0,0.0,0.0,0.0,,0.0,,,,0.0,,0.0,0.0,,0.0,0.0,0.0,0.0,,,0.0,0.0,0.0,0.0,0.0,,0.0,,0.0,0.0,0.0,0.008292756043374538,0.0,0.0,0.0,,0.0,0.0,0.0,0.0,0.0,0.0,,0.0,0.0,0.0,0.0,0.0,0.0,,,0.0,0.0,0.0,0.0,0.0,0.0,,0.0,0.0,0.0,,0.0,,,0.0,0.0,0.0,0.0,0.0,,0.0,0.0,,0.0,,0.0,0.0,0.0,0.0,0.0,0.0,0.0,0.0,0.0,0.0,0.0,0.0,0.0,0.0,0.0,0.0,0.0,0.0,0.0,0.0,0.0,0.0,0.0,0.0,0.0,0.0,0.0,0.0,0.0,0.0,0.0,0.0,0.0,0.0,0.0,0.0,0.0,0.0,0.0,0.0,0.0,0.01570284366607666,0.0,0.0,0.0,0.0,0.0,0.0,0.0,0.0,0.0,0.0,0.0,0.0,0.0,0.0,0.0,0.0,0.0,0.0,0.0,0.0,0.0,0.0,0.0,0.0,0.0,0.0,0.0,0.0,0.0,0.0,0.0,0.0,0.0,0.0,0.0,0.0,0.0,0.10942241549491882,0.0,0.0,0.0,0.0,0.0,0.0,0.0,0.0,0.0,0.0,0.0,0.0,0.0,0.0,0.0,,,,,,,,,,,,,,,,,,,,,,,,,,,,,,,,,,,,,,,,,,,,,,,,,,,,,,,,,,,,,,,,,,,,,,,,,,,,,,,,,,,,,,,,,,,,,,,,,,,,,,,,,,,,,,,,,,,,,,,,,,,,,,,,,,,,,,,,,,,,,,,,,,,,,,,,,,,,,,,,,,,,,,,,,,,,,,
2020-04-20,662506.6538939747,57.3776628054656,,,,,,,,,,,76494.84123570709,,1039061.7711000025,,,,,,,,,,,,,,,,,,,,9711.42836387085,,,,9482.73222991874,9795.550370964052,1746.057199343166,26593.48408803375,38133.282110910506,6805.956064854392,39749.4938053678,40812.70935834683,,,,,,,,,,,,,,,,,,,,,,,,,,,,,,,,,,,,,,,,,,,,,,,,,,,,,,,,,,,,,,,,,,,,,,,,,,,,,,0.0,0.0,0.0,0.0,0.0,0.0,0.0,0.0,0.0,0.0,0.0,0.0,0.0,0.0,0.0,0.0,,0.0,0.0,0.0,,0.0,0.0,0.0,0.0,0.0,,0.0,0.0,0.0,0.0,0.0,0.0,,0.0,,,,0.0,0.0,0.0,,0.0,0.0,0.0,0.0,0.0,,,0.0,,0.0,0.0,0.0,0.0,0.0,0.0,0.0,0.0,0.0,0.0,0.0,0.0,0.0,,0.0,0.0,0.0,0.0,0.0,,0.0,0.0,,0.0,0.0,0.0,0.0,,0.0,0.0,0.0,0.0,0.0,,0.0,0.0,,0.0,0.0,0.0,0.0,0.0,0.0,0.0,0.0,0.0,0.0,0.0,0.0,,0.0,0.0,,,,,0.0,0.0,0.0,0.0,0.0,0.0,0.0,0.0,0.0,,0.0,0.0,0.0,,0.0,0.0,0.0,0.0,0.0,0.0,,0.0,,0.0,0.0,0.0,0.0,0.0,0.0,0.0,,0.0,0.0,0.0,0.0,0.0,0.0,0.0,0.0,0.0,0.0,0.0,0.0,0.0,,0.0,0.0,0.0,0.0,,0.0,0.0,0.0,0.0,0.0,0.0,0.0,0.0,0.0,0.0,0.0,0.0,0.0,0.0,,,,0.0,0.0,0.0,0.0,0.0,0.0,0.0,,0.0,0.16256678104400635,0.0,0.0,0.0,0.0,0.0,0.0,0.0,,0.0,0.0,0.0,0.0,0.0,0.0,,0.0,0.0,0.0,0.0,0.0,0.0,0.0,0.0,0.0,0.0,,0.0,0.0,0.0,0.0,,0.0,0.0,0.0,0.0,0.0,0.0,,0.0,0.0,0.0,0.0,0.0,0.0,,0.0,,0.0,0.0,0.0,0.0,0.0,0.0,0.0,0.0,0.0,0.0,0.06631564348936081,,0.0,0.0,0.0,0.0,0.2114010602235794,0.0,0.0,0.0,0.0,0.0,,0.0,0.0,0.0,0.0,0.0,0.0,0.0,0.0,0.07473663240671158,0.002394676674157381,0.0,,0.0,0.0,0.0,0.0,0.0,0.0,0.0,0.0,,0.0,0.0,,0.0,0.0,0.0,0.0,,,0.0,0.0,,0.0,0.0,,,0.0,0.0,0.0,0.0,0.0,0.0,0.0,,0.0,0.0,0.0,0.0,0.0,0.0,0.0,0.0,0.0,0.0,0.0,,0.0,0.0,,0.0,0.0,0.0,,0.0,0.0,0.0,0.0,,0.0,0.0,0.0,0.0,0.0,0.0,0.0,0.0,0.0,0.0,0.0,0.0,0.0,0.0,0.0,0.0,,0.0,0.11432407796382904,0.0,0.0,0.15972954034805298,0.0,0.0,0.0,0.0,0.0,0.0,0.0,0.0,0.0,0.0,,0.0,0.0,0.0,0.0,0.0,0.0,0.0,0.0,0.0,0.0,0.0,0.0,0.0,0.0,0.0,,,0.0,0.0,0.0,,,0.0,0.0,0.0,,0.0,,0.0,,0.0,,,0.0,,0.0,,0.0,0.0,0.0,0.0,0.0,0.0,0.0,0.0,0.0,0.0,,0.0,0.0,,0.0,0.0,0.0,0.0,,0.0,0.0,0.0,0.0,0.0,0.0,0.07511357963085175,0.0,,0.0,,0.0,0.0,0.0,0.0,,0.0,,,,0.0,,0.0,0.0,,0.0,0.0,0.0,0.0,,,0.0,0.0,0.0,0.0,0.0,,0.0,,0.0,0.0,0.0,0.008292756043374538,0.0,0.0,0.0,,0.0,0.0,0.0,0.0,0.0,0.0,,0.0,0.0,0.0,0.0,0.0,0.0,,,0.0,0.0,0.0,0.0,0.0,0.0,,0.0,0.0,0.0,,0.0,,,0.0,0.0,0.0,0.0,0.0,,0.0,0.0,,0.0,,0.0,0.0,0.0,0.0,0.0,0.0,0.0,0.0,0.0,0.0,0.0,0.0,0.0,0.0,0.0,0.0,0.0,0.0,0.0,0.0,0.0,0.0,0.0,0.0,0.0,0.0,0.0,0.0,0.0,0.0,0.0,0.0,0.0,0.0,0.0,0.0,0.0,0.0,0.0,0.0,0.0,0.01570284366607666,0.0,0.0,0.0,0.0,0.0,0.0,0.0,0.0,0.0,0.0,0.0,0.0,0.0,0.0,0.0,0.0,0.0,0.0,0.0,0.0,0.0,0.0,0.0,0.0,0.0,0.0,0.0,0.0,0.0,0.0,0.0,0.0,0.0,0.0,0.0,0.0,0.0,0.10942241549491882,0.0,0.0,0.0,0.0,0.0,0.0,0.0,0.0,0.0,0.0,0.0,0.0,0.0,0.0,0.0,,,,,,,,,,,,,,,,,,,,,,,,,,,,,,,,,,,,,,,,,,,,,,,,,,,,,,,,,,,,,,,,,,,,,,,,,,,,,,,,,,,,,,,,,,,,,,,,,,,,,,,,,,,,,,,,,,,,,,,,,,,,,,,,,,,,,,,,,,,,,,,,,,,,,,,,,,,,,,,,,,,,,,,,,,,,,,
2020-04-21,659271.7684072766,60.65181094668779,,,,,,,,,,,76494.84123570709,,1039061.7711000025,,,,,,,,,,,,,,,,,,,,9711.42836387085,,,,9482.284858160128,9795.550370964052,1746.0239952097,26593.48408803375,38133.282110910506,6805.956064854392,39750.09147396156,40812.70935834683,,,,,,,,,,,,,,,,,,,,,,,,,,,,,,,,,,,,,,,,,,,,,,,,,,,,,,,,,,,,,,,,,,,,,,,,,,,,,,0.0,0.0,0.0,0.0,0.0,0.0,0.0,0.0,0.0,0.0,0.0,0.0,0.0,0.0,0.0,0.0,,0.0,0.0,0.0,,0.0,0.0,0.0,0.0,0.0,,0.0,0.0,0.0,0.0,0.0,0.0,,0.0,,,,0.0,0.0,0.0,,0.0,0.0,0.0,0.0,0.0,,,0.0,,0.0,0.0,0.0,0.0,0.0,0.0,0.0,0.0,0.0,0.0,0.0,0.0,0.0,,0.0,0.0,0.0,0.0,0.0,,0.0,0.0,,0.0,0.0,0.0,0.0,,0.0,0.0,0.0,0.0,0.0,,0.0,0.0,,0.0,0.0,0.0,0.0,0.0,0.0,0.0,0.0,0.0,0.0,0.0,0.0,,0.0,0.0,,,,,0.0,0.0,0.0,0.0,0.0,0.0,0.0,0.0,0.0,,0.0,0.0,0.0,,0.0,0.0,0.0,0.0,0.0,0.0,,0.0,,0.0,0.0,0.0,0.0,0.0,0.0,0.0,,0.0,0.0,0.0,0.0,0.0,0.0,0.0,0.0,0.0,0.0,0.0,0.0,0.0,,0.0,0.0,0.0,0.0,,0.0,0.0,0.0,0.0,0.0,0.0,0.0,0.0,0.0,0.0,0.0,0.0,0.0,0.0,,,,0.0,0.0,0.0,0.0,0.0,0.0,0.0,,0.0,0.16256678104400635,0.0,0.0,0.0,0.0,0.0,0.0,0.0,,0.0,0.0,0.0,0.0,0.0,0.0,,0.0,0.0,0.0,0.0,0.0,0.0,0.0,0.0,0.0,0.0,,0.0,0.0,0.0,0.0,,0.0,0.0,0.0,0.0,0.0,0.0,,0.0,0.0,0.0,0.0,0.0,0.0,,0.0,,0.0,0.0,0.0,0.0,0.0,0.0,0.0,0.0,0.0,0.0,0.06631564348936081,,0.0,0.0,0.0,0.0,0.2114010602235794,0.0,0.0,0.0,0.0,0.0,,0.0,0.0,0.0,0.0,0.0,0.0,0.0,0.0,0.07473663240671158,0.002394676674157381,0.0,,0.0,0.0,0.0,0.0,0.0,0.0,0.0,0.0,,0.0,0.0,,0.0,0.0,0.0,0.0,,,0.0,0.0,,0.0,0.0,,,0.0,0.0,0.0,0.0,0.0,0.0,0.0,,0.0,0.0,0.0,0.0,0.0,0.0,0.0,0.0,0.0,0.0,0.0,,0.0,0.0,,0.0,0.0,0.0,,0.0,0.0,0.0,0.0,,0.0,0.0,0.0,0.0,0.0,0.0,0.0,0.0,0.0,0.0,0.0,0.0,0.0,0.0,0.0,0.0,,0.0,0.11432407796382904,0.0,0.0,0.15972954034805298,0.0,0.0,0.0,0.0,0.0,0.0,0.0,0.0,0.0,0.0,,0.0,0.0,0.0,0.0,0.0,0.0,0.0,0.0,0.0,0.0,0.0,0.0,0.0,0.0,0.0,,,0.0,0.0,0.0,,,0.0,0.0,0.0,,0.0,,0.0,,0.0,,,0.0,,0.0,,0.0,0.0,0.0,0.0,0.0,0.0,0.0,0.0,0.0,0.0,,0.0,0.0,,0.0,0.0,0.0,0.0,,0.0,0.0,0.0,0.0,0.0,0.0,0.07511357963085175,0.0,,0.0,,0.0,0.0,0.0,0.0,,0.0,,,,0.0,,0.0,0.0,,0.0,0.0,0.0,0.0,,,0.0,0.0,0.0,0.0,0.0,,0.0,,0.0,0.0,0.0,0.008292756043374538,0.0,0.0,0.0,,0.0,0.0,0.0,0.0,0.0,0.0,,0.0,0.0,0.0,0.0,0.0,0.0,,,0.0,0.0,0.0,0.0,0.0,0.0,,0.0,0.0,0.0,,0.0,,,0.0,0.0,0.0,0.0,0.0,,0.0,0.0,,0.0,,0.0,0.0,0.0,0.0,0.0,0.0,0.0,0.0,0.0,0.0,0.0,0.0,0.0,0.0,0.0,0.0,0.0,0.0,0.0,0.0,0.0,0.0,0.0,0.0,0.0,0.0,0.0,0.0,0.0,0.0,0.0,0.0,0.0,0.0,0.0,0.0,0.0,0.0,0.0,0.0,0.0,0.01570284366607666,0.0,0.0,0.0,0.0,0.0,0.0,0.0,0.0,0.0,0.0,0.0,0.0,0.0,0.0,0.0,0.0,0.0,0.0,0.0,0.0,0.0,0.0,0.0,0.0,0.0,0.0,0.0,0.0,0.0,0.0,0.0,0.0,0.0,0.0,0.0,0.0,0.0,0.10942241549491882,0.0,0.0,0.0,0.0,0.0,0.0,0.0,0.0,0.0,0.0,0.0,0.0,0.0,0.0,0.0,,,,,,,,,,,,,,,,,,,,,,,,,,,,,,,,,,,,,,,,,,,,,,,,,,,,,,,,,,,,,,,,,,,,,,,,,,,,,,,,,,,,,,,,,,,,,,,,,,,,,,,,,,,,,,,,,,,,,,,,,,,,,,,,,,,,,,,,,,,,,,,,,,,,,,,,,,,,,,,,,,,,,,,,,,,,,,
2020-04-22,660210.9768436129,60.44115089542976,,,,,,,,,,,76494.84123570709,,1039061.7711000025,,,,,,,,,,,,,,,,,,,,9711.42836387085,,,,9482.59674849082,9795.550370964052,1746.0466267457214,26593.48408803375,38133.282110910506,6805.956064854392,39748.42529115703,40812.70935834683,,,,,,,,,,,,,,,,,,,,,,,,,,,,,,,,,,,,,,,,,,,,,,,,,,,,,,,,,,,,,,,,,,,,,,,,,,,,,,0.0,0.0,0.0,0.0,0.0,0.0,0.0,0.0,0.0,0.0,0.0,0.0,0.0,0.0,0.0,0.0,,0.0,0.0,0.0,,0.0,0.0,0.0,0.0,0.0,,0.0,0.0,0.0,0.0,0.0,0.0,,0.0,,,,0.0,0.0,0.0,,0.0,0.0,0.0,0.0,0.0,,,0.0,,0.0,0.0,0.0,0.0,0.0,0.0,0.0,0.0,0.0,0.0,0.0,0.0,0.0,,0.0,0.0,0.0,0.0,0.0,,0.0,0.0,,0.0,0.0,0.0,0.0,,0.0,0.0,0.0,0.0,0.0,,0.0,0.0,,0.0,0.0,0.0,0.0,0.0,0.0,0.0,0.0,0.0,0.0,0.0,0.0,,0.0,0.0,,,,,0.0,0.0,0.0,0.0,0.0,0.0,0.0,0.0,0.0,,0.0,0.0,0.0,,0.0,0.0,0.0,0.0,0.0,0.0,,0.0,,0.0,0.0,0.0,0.0,0.0,0.0,0.0,,0.0,0.0,0.0,0.0,0.0,0.0,0.0,0.0,0.0,0.0,0.0,0.0,0.0,,0.0,0.0,0.0,0.0,,0.0,0.0,0.0,0.0,0.0,0.0,0.0,0.0,0.0,0.0,0.0,0.0,0.0,0.0,,,,0.0,0.0,0.0,0.0,0.0,0.0,0.0,,0.0,0.16256678104400635,0.0,0.0,0.0,0.0,0.0,0.0,0.0,,0.0,0.0,0.0,0.0,0.0,0.0,,0.0,0.0,0.0,0.0,0.0,0.0,0.0,0.0,0.0,0.0,,0.0,0.0,0.0,0.0,,0.0,0.0,0.0,0.0,0.0,0.0,,0.0,0.0,0.0,0.0,0.0,0.0,,0.0,,0.0,0.0,0.0,0.0,0.0,0.0,0.0,0.0,0.0,0.0,0.06631564348936081,,0.0,0.0,0.0,0.0,0.2114010602235794,0.0,0.0,0.0,0.0,0.0,,0.0,0.0,0.0,0.0,0.0,0.0,0.0,0.0,0.07473663240671158,0.002394676674157381,0.0,,0.0,0.0,0.0,0.0,0.0,0.0,0.0,0.0,,0.0,0.0,,0.0,0.0,0.0,0.0,,,0.0,0.0,,0.0,0.0,,,0.0,0.0,0.0,0.0,0.0,0.0,0.0,,0.0,0.0,0.0,0.0,0.0,0.0,0.0,0.0,0.0,0.0,0.0,,0.0,0.0,,0.0,0.0,0.0,,0.0,0.0,0.0,0.0,,0.0,0.0,0.0,0.0,0.0,0.0,0.0,0.0,0.0,0.0,0.0,0.0,0.0,0.0,0.0,0.0,,0.0,0.11432407796382904,0.0,0.0,0.15972954034805298,0.0,0.0,0.0,0.0,0.0,0.0,0.0,0.0,0.0,0.0,,0.0,0.0,0.0,0.0,0.0,0.0,0.0,0.0,0.0,0.0,0.0,0.0,0.0,0.0,0.0,,,0.0,0.0,0.0,,,0.0,0.0,0.0,,0.0,,0.0,,0.0,,,0.0,,0.0,,0.0,0.0,0.0,0.0,0.0,0.0,0.0,0.0,0.0,0.0,,0.0,0.0,,0.0,0.0,0.0,0.0,,0.0,0.0,0.0,0.0,0.0,0.0,0.07511357963085175,0.0,,0.0,,0.0,0.0,0.0,0.0,,0.0,,,,0.0,,0.0,0.0,,0.0,0.0,0.0,0.0,,,0.0,0.0,0.0,0.0,0.0,,0.0,,0.0,0.0,0.0,0.008292756043374538,0.0,0.0,0.0,,0.0,0.0,0.0,0.0,0.0,0.0,,0.0,0.0,0.0,0.0,0.0,0.0,,,0.0,0.0,0.0,0.0,0.0,0.0,,0.0,0.0,0.0,,0.0,,,0.0,0.0,0.0,0.0,0.0,,0.0,0.0,,0.0,,0.0,0.0,0.0,0.0,0.0,0.0,0.0,0.0,0.0,0.0,0.0,0.0,0.0,0.0,0.0,0.0,0.0,0.0,0.0,0.0,0.0,0.0,0.0,0.0,0.0,0.0,0.0,0.0,0.0,0.0,0.0,0.0,0.0,0.0,0.0,0.0,0.0,0.0,0.0,0.0,0.0,0.01570284366607666,0.0,0.0,0.0,0.0,0.0,0.0,0.0,0.0,0.0,0.0,0.0,0.0,0.0,0.0,0.0,0.0,0.0,0.0,0.0,0.0,0.0,0.0,0.0,0.0,0.0,0.0,0.0,0.0,0.0,0.0,0.0,0.0,0.0,0.0,0.0,0.0,0.0,0.10942241549491882,0.0,0.0,0.0,0.0,0.0,0.0,0.0,0.0,0.0,0.0,0.0,0.0,0.0,0.0,0.0,,,,,,,,,,,,,,,,,,,,,,,,,,,,,,,,,,,,,,,,,,,,,,,,,,,,,,,,,,,,,,,,,,,,,,,,,,,,,,,,,,,,,,,,,,,,,,,,,,,,,,,,,,,,,,,,,,,,,,,,,,,,,,,,,,,,,,,,,,,,,,,,,,,,,,,,,,,,,,,,,,,,,,,,,,,,,,
2020-04-23,651961.1995688878,63.420341379507626,,,,,,,,,,,76494.84123570709,,1039061.7711000025,,,,,,,,,,,,,,,,,,,,9711.42836387085,,,,9482.59674849082,9795.550370964052,1746.0396885482305,26593.48408803375,38133.282110910506,6805.956064854392,39746.76377512946,40812.70935834683,,,,,,,,,,,,,,,,,,,,,,,,,,,,,,,,,,,,,,,,,,,,,,,,,,,,,,,,,,,,,,,,,,,,,,,,,,,,,,0.0,0.0,0.0,0.0,0.0,0.0,0.0,0.0,0.0,0.0,0.0,0.0,0.0,0.0,0.0,0.0,,0.0,0.0,0.0,,0.0,0.0,0.0,0.0,0.0,,0.0,0.0,0.0,0.0,0.0,0.0,,0.0,,,,0.0,0.0,0.0,,0.0,0.0,0.0,0.0,0.0,,,0.0,,0.0,0.0,0.0,0.0,0.0,0.0,0.0,0.0,0.0,0.0,0.0,0.0,0.0,,0.0,0.0,0.0,0.0,0.0,,0.0,0.0,,0.0,0.0,0.0,0.0,,0.0,0.0,0.0,0.0,0.0,,0.0,0.0,,0.0,0.0,0.0,0.0,0.0,0.0,0.0,0.0,0.0,0.0,0.0,0.0,,0.0,0.0,,,,,0.0,0.0,0.0,0.0,0.0,0.0,0.0,0.0,0.0,,0.0,0.0,0.0,,0.0,0.0,0.0,0.0,0.0,0.0,,0.0,,0.0,0.0,0.0,0.0,0.0,0.0,0.0,,0.0,0.0,0.0,0.0,0.0,0.0,0.0,0.0,0.0,0.0,0.0,0.0,0.0,,0.0,0.0,0.0,0.0,,0.0,0.0,0.0,0.0,0.0,0.0,0.0,0.0,0.0,0.0,0.0,0.0,0.0,0.0,,,,0.0,0.0,0.0,0.0,0.0,0.0,0.0,,0.0,0.16256678104400635,0.0,0.0,0.0,0.0,0.0,0.0,0.0,,0.0,0.0,0.0,0.0,0.0,0.0,,0.0,0.0,0.0,0.0,0.0,0.0,0.0,0.0,0.0,0.0,,0.0,0.0,0.0,0.0,,0.0,0.0,0.0,0.0,0.0,0.0,,0.0,0.0,0.0,0.0,0.0,0.0,,0.0,,0.0,0.0,0.0,0.0,0.0,0.0,0.0,0.0,0.0,0.0,0.06631564348936081,,0.0,0.0,0.0,0.0,0.2114010602235794,0.0,0.0,0.0,0.0,0.0,,0.0,0.0,0.0,0.0,0.0,0.0,0.0,0.0,0.07473663240671158,0.002394676674157381,0.0,,0.0,0.0,0.0,0.0,0.0,0.0,0.0,0.0,,0.0,0.0,,0.0,0.0,0.0,0.0,,,0.0,0.0,,0.0,0.0,,,0.0,0.0,0.0,0.0,0.0,0.0,0.0,,0.0,0.0,0.0,0.0,0.0,0.0,0.0,0.0,0.0,0.0,0.0,,0.0,0.0,,0.0,0.0,0.0,,0.0,0.0,0.0,0.0,,0.0,0.0,0.0,0.0,0.0,0.0,0.0,0.0,0.0,0.0,0.0,0.0,0.0,0.0,0.0,0.0,,0.0,0.11432407796382904,0.0,0.0,0.15972954034805298,0.0,0.0,0.0,0.0,0.0,0.0,0.0,0.0,0.0,0.0,,0.0,0.0,0.0,0.0,0.0,0.0,0.0,0.0,0.0,0.0,0.0,0.0,0.0,0.0,0.0,,,0.0,0.0,0.0,,,0.0,0.0,0.0,,0.0,,0.0,,0.0,,,0.0,,0.0,,0.0,0.0,0.0,0.0,0.0,0.0,0.0,0.0,0.0,0.0,,0.0,0.0,,0.0,0.0,0.0,0.0,,0.0,0.0,0.0,0.0,0.0,0.0,0.07511357963085175,0.0,,0.0,,0.0,0.0,0.0,0.0,,0.0,,,,0.0,,0.0,0.0,,0.0,0.0,0.0,0.0,,,0.0,0.0,0.0,0.0,0.0,,0.0,,0.0,0.0,0.0,0.008292756043374538,0.0,0.0,0.0,,0.0,0.0,0.0,0.0,0.0,0.0,,0.0,0.0,0.0,0.0,0.0,0.0,,,0.0,0.0,0.0,0.0,0.0,0.0,,0.0,0.0,0.0,,0.0,,,0.0,0.0,0.0,0.0,0.0,,0.0,0.0,,0.0,,0.0,0.0,0.0,0.0,0.0,0.0,0.0,0.0,0.0,0.0,0.0,0.0,0.0,0.0,0.0,0.0,0.0,0.0,0.0,0.0,0.0,0.0,0.0,0.0,0.0,0.0,0.0,0.0,0.0,0.0,0.0,0.0,0.0,0.0,0.0,0.0,0.0,0.0,0.0,0.0,0.0,0.01570284366607666,0.0,0.0,0.0,0.0,0.0,0.0,0.0,0.0,0.0,0.0,0.0,0.0,0.0,0.0,0.0,0.0,0.0,0.0,0.0,0.0,0.0,0.0,0.0,0.0,0.0,0.0,0.0,0.0,0.0,0.0,0.0,0.0,0.0,0.0,0.0,0.0,0.0,0.10942241549491882,0.0,0.0,0.0,0.0,0.0,0.0,0.0,0.0,0.0,0.0,0.0,0.0,0.0,0.0,0.0,,,,,,,,,,,,,,,,,,,,,,,,,,,,,,,,,,,,,,,,,,,,,,,,,,,,,,,,,,,,,,,,,,,,,,,,,,,,,,,,,,,,,,,,,,,,,,,,,,,,,,,,,,,,,,,,,,,,,,,,,,,,,,,,,,,,,,,,,,,,,,,,,,,,,,,,,,,,,,,,,,,,,,,,,,,,,,
2020-04-24,641394.5210019993,305.9091281894789,,,,,,,,,,,76494.84123570709,,1039061.7711000025,,,,,,,,,,,,,,,,,,,,9711.42836387085,,,,9482.59674849082,9795.550370964052,1746.0175527629272,26593.48408803375,38133.282110910506,6805.956064854392,38218.18574045158,42803.40841523311,,,,,,,,,,,,,,,,,,,,,,,,,,,,,,,,,,,,,,,,,,,,,,,,,,,,,,,,,,,,,,,,,,,,,,,,,,,,,,0.0,0.0,0.0,0.0,0.0,0.0,0.0,0.0,0.0,0.0,0.0,0.0,0.0,0.0,0.0,0.0,,0.0,0.0,0.0,,0.0,0.0,0.0,0.0,0.0,,0.0,0.0,0.0,0.0,0.0,0.0,,0.0,,,,0.0,0.0,0.0,,0.0,0.0,0.0,0.0,0.0,,,0.0,,0.0,0.0,0.0,0.0,0.0,0.0,0.0,0.0,0.0,0.0,0.0,0.0,0.0,,0.0,0.0,0.0,0.0,0.0,,0.0,0.0,,0.0,0.0,0.0,0.0,,0.0,0.0,0.0,0.0,0.0,,0.0,0.0,,0.0,0.0,0.0,0.0,0.0,0.0,0.0,0.0,0.0,0.0,0.0,0.0,,0.0,0.0,,,,,0.0,0.0,0.0,0.0,0.0,0.0,0.0,0.0,0.0,,0.0,0.0,0.0,,0.0,0.0,0.0,0.0,0.0,0.0,,0.0,,0.0,0.0,0.0,0.0,0.0,0.0,0.0,,0.0,0.0,0.0,0.0,0.0,0.0,0.0,0.0,0.0,0.0,0.0,0.0,0.0,,0.0,0.0,0.0,0.0,,0.0,0.0,0.0,0.0,0.0,0.0,0.0,0.0,0.0,0.0,0.0,0.0,0.0,0.0,,,,0.0,0.0,0.0,0.0,0.0,0.0,0.0,,0.0,0.16256678104400635,0.0,0.0,0.0,0.0,0.0,0.0,0.0,,0.0,0.0,0.0,0.0,0.0,0.0,,0.0,0.0,0.0,0.0,0.0,0.0,0.0,0.0,0.0,0.0,,0.0,0.0,0.0,0.0,,0.0,0.0,0.0,0.0,0.0,0.0,,0.0,0.0,0.0,0.0,0.0,0.0,,0.0,,0.0,0.0,0.0,0.0,0.0,0.0,0.0,0.0,0.0,0.0,0.06631564348936081,,0.0,0.0,0.0,0.0,0.2114010602235794,0.0,0.0,0.0,0.0,0.0,,0.0,0.0,0.0,0.0,0.0,0.0,0.0,0.0,0.07473663240671158,0.002394676674157381,0.0,,0.0,0.0,0.0,0.0,0.0,0.0,0.0,0.0,,0.0,0.0,,0.0,0.0,0.0,0.0,,,0.0,0.0,,0.0,0.0,,,0.0,0.0,0.0,0.0,0.0,0.0,0.0,,0.0,0.0,0.0,0.0,0.0,0.0,0.0,0.0,0.0,0.0,0.0,,0.0,0.0,,0.0,0.0,0.0,,0.0,0.0,0.0,0.0,,0.0,0.0,0.0,0.0,0.0,0.0,0.0,0.0,0.0,0.0,0.0,0.0,0.0,0.0,0.0,0.0,,0.0,0.11432407796382904,0.0,0.0,0.15972954034805298,0.0,0.0,0.0,0.0,0.0,0.0,0.0,0.0,0.0,0.0,,0.0,0.0,0.0,0.0,0.0,0.0,0.0,0.0,0.0,0.0,0.0,0.0,0.0,0.0,0.0,,,0.0,0.0,0.0,,,0.0,0.0,0.0,,0.0,,0.0,,0.0,,,0.0,,0.0,,0.0,0.0,0.0,0.0,0.0,0.0,0.0,0.0,0.0,0.0,,0.0,0.0,,0.0,0.0,0.0,0.0,,0.0,0.0,0.0,0.0,0.0,0.0,0.07511357963085175,0.0,,0.0,,0.0,0.0,0.0,0.0,,0.0,,,,0.0,,0.0,0.0,,0.0,0.0,0.0,0.0,,,0.0,0.0,0.0,0.0,0.0,,0.0,,0.0,0.0,0.0,0.008292756043374538,0.0,0.0,0.0,,0.0,0.0,0.0,0.0,0.0,0.0,,0.0,0.0,0.0,0.0,0.0,0.0,,,0.0,0.0,0.0,0.0,0.0,0.0,,0.0,0.0,0.0,,0.0,,,0.0,0.0,0.0,0.0,0.0,,0.0,0.0,,0.0,,0.0,0.0,0.0,0.0,0.0,0.0,0.0,0.0,0.0,0.0,0.0,0.0,0.0,0.0,0.0,0.0,0.0,0.0,0.0,0.0,0.0,0.0,0.0,0.0,0.0,0.0,0.0,0.0,0.0,0.0,0.0,0.0,0.0,0.0,0.0,0.0,0.0,0.0,0.0,0.0,0.0,0.01570284366607666,0.0,0.0,0.0,0.0,0.0,0.0,0.0,0.0,0.0,0.0,0.0,0.0,0.0,0.0,0.0,0.0,0.0,0.0,0.0,0.0,0.0,0.0,0.0,0.0,0.0,0.0,0.0,0.0,0.0,0.0,0.0,0.0,0.0,0.0,0.0,0.0,0.0,0.10942241549491882,0.0,0.0,0.0,0.0,0.0,0.0,0.0,0.0,0.0,0.0,0.0,0.0,0.0,0.0,0.0,,,,,,,,,,,,,,,,,,,,,,,,,,,,,,,,,,,,,,,,,,,,,,,,,,,,,,,,,,,,,,,,,,,,,,,,,,,,,,,,,,,,,,,,,,,,,,,,,,,,,,,,,,,,,,,,,,,,,,,,,,,,,,,,,,,,,,,,,,,,,,,,,,,,,,,,,,,,,,,,,,,,,,,,,,,,,,
2020-04-27,635634.3316377739,99.59106646276769,,,,,,,,,,,76494.84123570709,,1039061.7711000025,,,,,,,,,,,,,,,,,,,,9711.42836387085,,,,9482.24466376271,9795.550370964052,1746.0175527629272,26593.48408803375,38133.282110910506,6805.956064854392,36692.500798783454,45291.87893701907,,,,,,,,,,,,,,,,,,,,,,,,,,,,,,,,,,,,,,,,,,,,,,,,,,,,,,,,,,,,,,,,,,,,,,,,,,,,,,0.0,0.0,0.0,0.0,0.0,0.0,0.0,0.0,0.0,0.0,0.0,0.0,0.0,0.0,0.0,0.0,,0.0,0.0,0.0,,0.0,0.0,0.0,0.0,0.0,,0.0,0.0,0.0,0.0,0.0,0.0,,0.0,,,,0.0,0.0,0.0,,0.0,0.0,0.0,0.0,0.0,,,0.0,,0.0,0.0,0.0,0.0,0.0,0.0,0.0,0.0,0.0,0.0,0.0,0.0,0.0,,0.0,0.0,0.0,0.0,0.0,,0.0,0.0,,0.0,0.0,0.0,0.0,,0.0,0.0,0.0,0.0,0.0,,0.0,0.0,,0.0,0.0,0.0,0.0,0.0,0.0,0.0,0.0,0.0,0.0,0.0,0.0,,0.0,0.0,,,,,0.0,0.0,0.0,0.0,0.0,0.0,0.0,0.0,0.0,,0.0,0.0,0.0,,0.0,0.0,0.0,0.0,0.0,0.0,,0.0,,0.0,0.0,0.0,0.0,0.0,0.0,0.0,,0.0,0.0,0.0,0.0,0.0,0.0,0.0,0.0,0.0,0.0,0.0,0.0,0.0,,0.0,0.0,0.0,0.0,,0.0,0.0,0.0,0.0,0.0,0.0,0.0,0.0,0.0,0.0,0.0,0.0,0.0,0.0,,,,0.0,0.0,0.0,0.0,0.0,0.0,0.0,,0.0,0.16256678104400635,0.0,0.0,0.0,0.0,0.0,0.0,0.0,,0.0,0.0,0.0,0.0,0.0,0.0,,0.0,0.0,0.0,0.0,0.0,0.0,0.0,0.0,0.0,0.0,,0.0,0.0,0.0,0.0,,0.0,0.0,0.0,0.0,0.0,0.0,,0.0,0.0,0.0,0.0,0.0,0.0,,0.0,,0.0,0.0,0.0,0.0,0.0,0.0,0.0,0.0,0.0,0.0,0.06631564348936081,,0.0,0.0,0.0,0.0,0.2114010602235794,0.0,0.0,0.0,0.0,0.0,,0.0,0.0,0.0,0.0,0.0,0.0,0.0,0.0,0.07473663240671158,0.002394676674157381,0.0,,0.0,0.0,0.0,0.0,0.0,0.0,0.0,0.0,,0.0,0.0,,0.0,0.0,0.0,0.0,,,0.0,0.0,,0.0,0.0,,,0.0,0.0,0.0,0.0,0.0,0.0,0.0,,0.0,0.0,0.0,0.0,0.0,0.0,0.0,0.0,0.0,0.0,0.0,,0.0,0.0,,0.0,0.0,0.0,,0.0,0.0,0.0,0.0,,0.0,0.0,0.0,0.0,0.0,0.0,0.0,0.0,0.0,0.0,0.0,0.0,0.0,0.0,0.0,0.0,,0.0,0.11432407796382904,0.0,0.0,0.15972954034805298,0.0,0.0,0.0,0.0,0.0,0.0,0.0,0.0,0.0,0.0,,0.0,0.0,0.0,0.0,0.0,0.0,0.0,0.0,0.0,0.0,0.0,0.0,0.0,0.0,0.0,,,0.0,0.0,0.0,,,0.0,0.0,0.0,,0.0,,0.0,,0.0,,,0.0,,0.0,,0.0,0.0,0.0,0.0,0.0,0.0,0.0,0.0,0.0,0.0,,0.0,0.0,,0.0,0.0,0.0,0.0,,0.0,0.0,0.0,0.0,0.0,0.0,0.07511357963085175,0.0,,0.0,,0.0,0.0,0.0,0.0,,0.0,,,,0.0,,0.0,0.0,,0.0,0.0,0.0,0.0,,,0.0,0.0,0.0,0.0,0.0,,0.0,,0.0,0.0,0.0,0.008292756043374538,0.0,0.0,0.0,,0.0,0.0,0.0,0.0,0.0,0.0,,0.0,0.0,0.0,0.0,0.0,0.0,,,0.0,0.0,0.0,0.0,0.0,0.0,,0.0,0.0,0.0,,0.0,,,0.0,0.0,0.0,0.0,0.0,,0.0,0.0,,0.0,,0.0,0.0,0.0,0.0,0.0,0.0,0.0,0.0,0.0,0.0,0.0,0.0,0.0,0.0,0.0,0.0,0.0,0.0,0.0,0.0,0.0,0.0,0.0,0.0,0.0,0.0,0.0,0.0,0.0,0.0,0.0,0.0,0.0,0.0,0.0,0.0,0.0,0.0,0.0,0.0,0.0,0.01570284366607666,0.0,0.0,0.0,0.0,0.0,0.0,0.0,0.0,0.0,0.0,0.0,0.0,0.0,0.0,0.0,0.0,0.0,0.0,0.0,0.0,0.0,0.0,0.0,0.0,0.0,0.0,0.0,0.0,0.0,0.0,0.0,0.0,0.0,0.0,0.0,0.0,0.0,0.10942241549491882,0.0,0.0,0.0,0.0,0.0,0.0,0.0,0.0,0.0,0.0,0.0,0.0,0.0,0.0,0.0,,,,,,,,,,,,,,,,,,,,,,,,,,,,,,,,,,,,,,,,,,,,,,,,,,,,,,,,,,,,,,,,,,,,,,,,,,,,,,,,,,,,,,,,,,,,,,,,,,,,,,,,,,,,,,,,,,,,,,,,,,,,,,,,,,,,,,,,,,,,,,,,,,,,,,,,,,,,,,,,,,,,,,,,,,,,,,
2020-04-28,638495.7357405314,96.65971698334708,,,,,,,,,,,76494.84123570709,,1039061.7711000025,,,,,,,,,,,,,,,,,,,,9711.42836387085,,,,9482.654811485889,9795.550370964052,1746.0238300181632,26593.48408803375,38133.282110910506,6805.956064854392,36692.500798783454,45291.87893701907,,,,,,,,,,,,,,,,,,,,,,,,,,,,,,,,,,,,,,,,,,,,,,,,,,,,,,,,,,,,,,,,,,,,,,,,,,,,,,0.0,0.0,0.0,0.0,0.0,0.0,0.0,0.0,0.0,0.0,0.0,0.0,0.0,0.0,0.0,0.0,,0.0,0.0,0.0,,0.0,0.0,0.0,0.0,0.0,,0.0,0.0,0.0,0.0,0.0,0.0,,0.0,,,,0.0,0.0,0.0,,0.0,0.0,0.0,0.0,0.0,,,0.0,,0.0,0.0,0.0,0.0,0.0,0.0,0.0,0.0,0.0,0.0,0.0,0.0,0.0,,0.0,0.0,0.0,0.0,0.0,,0.0,0.0,,0.0,0.0,0.0,0.0,,0.0,0.0,0.0,0.0,0.0,,0.0,0.0,,0.0,0.0,0.0,0.0,0.0,0.0,0.0,0.0,0.0,0.0,0.0,0.0,,0.0,0.0,,,,,0.0,0.0,0.0,0.0,0.0,0.0,0.0,0.0,0.0,,0.0,0.0,0.0,,0.0,0.0,0.0,0.0,0.0,0.0,,0.0,,0.0,0.0,0.0,0.0,0.0,0.0,0.0,,0.0,0.0,0.0,0.0,0.0,0.0,0.0,0.0,0.0,0.0,0.0,0.0,0.0,,0.0,0.0,0.0,0.0,,0.0,0.0,0.0,0.0,0.0,0.0,0.0,0.0,0.0,0.0,0.0,0.0,0.0,0.0,,,,0.0,0.0,0.0,0.0,0.0,0.0,0.0,,0.0,0.16256678104400635,0.0,0.0,0.0,0.0,0.0,0.0,0.0,,0.0,0.0,0.0,0.0,0.0,0.0,,0.0,0.0,0.0,0.0,0.0,0.0,0.0,0.0,0.0,0.0,,0.0,0.0,0.0,0.0,,0.0,0.0,0.0,0.0,0.0,0.0,,0.0,0.0,0.0,0.0,0.0,0.0,,0.0,,0.0,0.0,0.0,0.0,0.0,0.0,0.0,0.0,0.0,0.0,0.06631564348936081,,0.0,0.0,0.0,0.0,0.2114010602235794,0.0,0.0,0.0,0.0,0.0,,0.0,0.0,0.0,0.0,0.0,0.0,0.0,0.0,0.07473663240671158,0.002394676674157381,0.0,,0.0,0.0,0.0,0.0,0.0,0.0,0.0,0.0,,0.0,0.0,,0.0,0.0,0.0,0.0,,,0.0,0.0,,0.0,0.0,,,0.0,0.0,0.0,0.0,0.0,0.0,0.0,,0.0,0.0,0.0,0.0,0.0,0.0,0.0,0.0,0.0,0.0,0.0,,0.0,0.0,,0.0,0.0,0.0,,0.0,0.0,0.0,0.0,,0.0,0.0,0.0,0.0,0.0,0.0,0.0,0.0,0.0,0.0,0.0,0.0,0.0,0.0,0.0,0.0,,0.0,0.11432407796382904,0.0,0.0,0.15972954034805298,0.0,0.0,0.0,0.0,0.0,0.0,0.0,0.0,0.0,0.0,,0.0,0.0,0.0,0.0,0.0,0.0,0.0,0.0,0.0,0.0,0.0,0.0,0.0,0.0,0.0,,,0.0,0.0,0.0,,,0.0,0.0,0.0,,0.0,,0.0,,0.0,,,0.0,,0.0,,0.0,0.0,0.0,0.0,0.0,0.0,0.0,0.0,0.0,0.0,,0.0,0.0,,0.0,0.0,0.0,0.0,,0.0,0.0,0.0,0.0,0.0,0.0,0.07511357963085175,0.0,,0.0,,0.0,0.0,0.0,0.0,,0.0,,,,0.0,,0.0,0.0,,0.0,0.0,0.0,0.0,,,0.0,0.0,0.0,0.0,0.0,,0.0,,0.0,0.0,0.0,0.008292756043374538,0.0,0.0,0.0,,0.0,0.0,0.0,0.0,0.0,0.0,,0.0,0.0,0.0,0.0,0.0,0.0,,,0.0,0.0,0.0,0.0,0.0,0.0,,0.0,0.0,0.0,,0.0,,,0.0,0.0,0.0,0.0,0.0,,0.0,0.0,,0.0,,0.0,0.0,0.0,0.0,0.0,0.0,0.0,0.0,0.0,0.0,0.0,0.0,0.0,0.0,0.0,0.0,0.0,0.0,0.0,0.0,0.0,0.0,0.0,0.0,0.0,0.0,0.0,0.0,0.0,0.0,0.0,0.0,0.0,0.0,0.0,0.0,0.0,0.0,0.0,0.0,0.0,0.01570284366607666,0.0,0.0,0.0,0.0,0.0,0.0,0.0,0.0,0.0,0.0,0.0,0.0,0.0,0.0,0.0,0.0,0.0,0.0,0.0,0.0,0.0,0.0,0.0,0.0,0.0,0.0,0.0,0.0,0.0,0.0,0.0,0.0,0.0,0.0,0.0,0.0,0.0,0.10942241549491882,0.0,0.0,0.0,0.0,0.0,0.0,0.0,0.0,0.0,0.0,0.0,0.0,0.0,0.0,0.0,,,,,,,,,,,,,,,,,,,,,,,,,,,,,,,,,,,,,,,,,,,,,,,,,,,,,,,,,,,,,,,,,,,,,,,,,,,,,,,,,,,,,,,,,,,,,,,,,,,,,,,,,,,,,,,,,,,,,,,,,,,,,,,,,,,,,,,,,,,,,,,,,,,,,,,,,,,,,,,,,,,,,,,,,,,,,,
2020-04-29,633914.3561885357,99.081247280468,,,,,,,,,,,76494.84123570709,,1039061.7711000025,,,,,,,,,,,,,,,,,,,,9711.42836387085,,,,9482.271459989794,9795.550370964052,1746.0284553930087,26593.48408803375,38133.282110910506,6805.956064854392,36692.500798783454,45291.87893701907,,,,,,,,,,,,,,,,,,,,,,,,,,,,,,,,,,,,,,,,,,,,,,,,,,,,,,,,,,,,,,,,,,,,,,,,,,,,,,0.0,0.0,0.0,0.0,0.0,0.0,0.0,0.0,0.0,0.0,0.0,0.0,0.0,0.0,0.0,0.0,,0.0,0.0,0.0,,0.0,0.0,0.0,0.0,0.0,,0.0,0.0,0.0,0.0,0.0,0.0,,0.0,,,,0.0,0.0,0.0,,0.0,0.0,0.0,0.0,0.0,,,0.0,,0.0,0.0,0.0,0.0,0.0,0.0,0.0,0.0,0.0,0.0,0.0,0.0,0.0,,0.0,0.0,0.0,0.0,0.0,,0.0,0.0,,0.0,0.0,0.0,0.0,,0.0,0.0,0.0,0.0,0.0,,0.0,0.0,,0.0,0.0,0.0,0.0,0.0,0.0,0.0,0.0,0.0,0.0,0.0,0.0,,0.0,0.0,,,,,0.0,0.0,0.0,0.0,0.0,0.0,0.0,0.0,0.0,,0.0,0.0,0.0,,0.0,0.0,0.0,0.0,0.0,0.0,,0.0,,0.0,0.0,0.0,0.0,0.0,0.0,0.0,,0.0,0.0,0.0,0.0,0.0,0.0,0.0,0.0,0.0,0.0,0.0,0.0,0.0,,0.0,0.0,0.0,0.0,,0.0,0.0,0.0,0.0,0.0,0.0,0.0,0.0,0.0,0.0,0.0,0.0,0.0,0.0,,,,0.0,0.0,0.0,0.0,0.0,0.0,0.0,,0.0,0.16256678104400635,0.0,0.0,0.0,0.0,0.0,0.0,0.0,,0.0,0.0,0.0,0.0,0.0,0.0,,0.0,0.0,0.0,0.0,0.0,0.0,0.0,0.0,0.0,0.0,,0.0,0.0,0.0,0.0,,0.0,0.0,0.0,0.0,0.0,0.0,,0.0,0.0,0.0,0.0,0.0,0.0,,0.0,,0.0,0.0,0.0,0.0,0.0,0.0,0.0,0.0,0.0,0.0,0.06631564348936081,,0.0,0.0,0.0,0.0,0.2114010602235794,0.0,0.0,0.0,0.0,0.0,,0.0,0.0,0.0,0.0,0.0,0.0,0.0,0.0,0.07473663240671158,0.002394676674157381,0.0,,0.0,0.0,0.0,0.0,0.0,0.0,0.0,0.0,,0.0,0.0,,0.0,0.0,0.0,0.0,,,0.0,0.0,,0.0,0.0,,,0.0,0.0,0.0,0.0,0.0,0.0,0.0,,0.0,0.0,0.0,0.0,0.0,0.0,0.0,0.0,0.0,0.0,0.0,,0.0,0.0,,0.0,0.0,0.0,,0.0,0.0,0.0,0.0,,0.0,0.0,0.0,0.0,0.0,0.0,0.0,0.0,0.0,0.0,0.0,0.0,0.0,0.0,0.0,0.0,,0.0,0.11432407796382904,0.0,0.0,0.15972954034805298,0.0,0.0,0.0,0.0,0.0,0.0,0.0,0.0,0.0,0.0,,0.0,0.0,0.0,0.0,0.0,0.0,0.0,0.0,0.0,0.0,0.0,0.0,0.0,0.0,0.0,,,0.0,0.0,0.0,,,0.0,0.0,0.0,,0.0,,0.0,,0.0,,,0.0,,0.0,,0.0,0.0,0.0,0.0,0.0,0.0,0.0,0.0,0.0,0.0,,0.0,0.0,,0.0,0.0,0.0,0.0,,0.0,0.0,0.0,0.0,0.0,0.0,0.07511357963085175,0.0,,0.0,,0.0,0.0,0.0,0.0,,0.0,,,,0.0,,0.0,0.0,,0.0,0.0,0.0,0.0,,,0.0,0.0,0.0,0.0,0.0,,0.0,,0.0,0.0,0.0,0.008292756043374538,0.0,0.0,0.0,,0.0,0.0,0.0,0.0,0.0,0.0,,0.0,0.0,0.0,0.0,0.0,0.0,,,0.0,0.0,0.0,0.0,0.0,0.0,,0.0,0.0,0.0,,0.0,,,0.0,0.0,0.0,0.0,0.0,,0.0,0.0,,0.0,,0.0,0.0,0.0,0.0,0.0,0.0,0.0,0.0,0.0,0.0,0.0,0.0,0.0,0.0,0.0,0.0,0.0,0.0,0.0,0.0,0.0,0.0,0.0,0.0,0.0,0.0,0.0,0.0,0.0,0.0,0.0,0.0,0.0,0.0,0.0,0.0,0.0,0.0,0.0,0.0,0.0,0.01570284366607666,0.0,0.0,0.0,0.0,0.0,0.0,0.0,0.0,0.0,0.0,0.0,0.0,0.0,0.0,0.0,0.0,0.0,0.0,0.0,0.0,0.0,0.0,0.0,0.0,0.0,0.0,0.0,0.0,0.0,0.0,0.0,0.0,0.0,0.0,0.0,0.0,0.0,0.10942241549491882,0.0,0.0,0.0,0.0,0.0,0.0,0.0,0.0,0.0,0.0,0.0,0.0,0.0,0.0,0.0,,,,,,,,,,,,,,,,,,,,,,,,,,,,,,,,,,,,,,,,,,,,,,,,,,,,,,,,,,,,,,,,,,,,,,,,,,,,,,,,,,,,,,,,,,,,,,,,,,,,,,,,,,,,,,,,,,,,,,,,,,,,,,,,,,,,,,,,,,,,,,,,,,,,,,,,,,,,,,,,,,,,,,,,,,,,,,
2020-04-30,649425.5505104949,99.67104024347174,,,,,,,,,,,76494.84123570709,,1039061.7711000025,,,,,,,,,,,,,,,,,,,,9711.42836387085,,,,9482.24466376271,9795.550370964052,1746.0175527629272,26593.48408803375,38133.282110910506,6805.956064854392,36692.500798783454,45291.87893701907,,,,,,,,,,,,,,,,,,,,,,,,,,,,,,,,,,,,,,,,,,,,,,,,,,,,,,,,,,,,,,,,,,,,,,,,,,,,,,0.0,0.0,0.0,0.0,0.0,0.0,0.0,0.0,0.0,0.0,0.0,0.0,0.0,0.0,0.0,0.0,,0.0,0.0,0.0,,0.0,0.0,0.0,0.0,0.0,,0.0,0.0,0.0,0.0,0.0,0.0,,0.0,,,,0.0,0.0,0.0,,0.0,0.0,0.0,0.0,0.0,,,0.0,,0.0,0.0,0.0,0.0,0.0,0.0,0.0,0.0,0.0,0.0,0.0,0.0,0.0,,0.0,0.0,0.0,0.0,0.0,,0.0,0.0,,0.0,0.0,0.0,0.0,,0.0,0.0,0.0,0.0,0.0,,0.0,0.0,,0.0,0.0,0.0,0.0,0.0,0.0,0.0,0.0,0.0,0.0,0.0,0.0,,0.0,0.0,,,,,0.0,0.0,0.0,0.0,0.0,0.0,0.0,0.0,0.0,,0.0,0.0,0.0,,0.0,0.0,0.0,0.0,0.0,0.0,,0.0,,0.0,0.0,0.0,0.0,0.0,0.0,0.0,,0.0,0.0,0.0,0.0,0.0,0.0,0.0,0.0,0.0,0.0,0.0,0.0,0.0,,0.0,0.0,0.0,0.0,,0.0,0.0,0.0,0.0,0.0,0.0,0.0,0.0,0.0,0.0,0.0,0.0,0.0,0.0,,,,0.0,0.0,0.0,0.0,0.0,0.0,0.0,,0.0,0.16256678104400635,0.0,0.0,0.0,0.0,0.0,0.0,0.0,,0.0,0.0,0.0,0.0,0.0,0.0,,0.0,0.0,0.0,0.0,0.0,0.0,0.0,0.0,0.0,0.0,,0.0,0.0,0.0,0.0,,0.0,0.0,0.0,0.0,0.0,0.0,,0.0,0.0,0.0,0.0,0.0,0.0,,0.0,,0.0,0.0,0.0,0.0,0.0,0.0,0.0,0.0,0.0,0.0,0.06631564348936081,,0.0,0.0,0.0,0.0,0.2114010602235794,0.0,0.0,0.0,0.0,0.0,,0.0,0.0,0.0,0.0,0.0,0.0,0.0,0.0,0.07473663240671158,0.002394676674157381,0.0,,0.0,0.0,0.0,0.0,0.0,0.0,0.0,0.0,,0.0,0.0,,0.0,0.0,0.0,0.0,,,0.0,0.0,,0.0,0.0,,,0.0,0.0,0.0,0.0,0.0,0.0,0.0,,0.0,0.0,0.0,0.0,0.0,0.0,0.0,0.0,0.0,0.0,0.0,,0.0,0.0,,0.0,0.0,0.0,,0.0,0.0,0.0,0.0,,0.0,0.0,0.0,0.0,0.0,0.0,0.0,0.0,0.0,0.0,0.0,0.0,0.0,0.0,0.0,0.0,,0.0,0.11432407796382904,0.0,0.0,0.15972954034805298,0.0,0.0,0.0,0.0,0.0,0.0,0.0,0.0,0.0,0.0,,0.0,0.0,0.0,0.0,0.0,0.0,0.0,0.0,0.0,0.0,0.0,0.0,0.0,0.0,0.0,,,0.0,0.0,0.0,,,0.0,0.0,0.0,,0.0,,0.0,,0.0,,,0.0,,0.0,,0.0,0.0,0.0,0.0,0.0,0.0,0.0,0.0,0.0,0.0,,0.0,0.0,,0.0,0.0,0.0,0.0,,0.0,0.0,0.0,0.0,0.0,0.0,0.07511357963085175,0.0,,0.0,,0.0,0.0,0.0,0.0,,0.0,,,,0.0,,0.0,0.0,,0.0,0.0,0.0,0.0,,,0.0,0.0,0.0,0.0,0.0,,0.0,,0.0,0.0,0.0,0.008292756043374538,0.0,0.0,0.0,,0.0,0.0,0.0,0.0,0.0,0.0,,0.0,0.0,0.0,0.0,0.0,0.0,,,0.0,0.0,0.0,0.0,0.0,0.0,,0.0,0.0,0.0,,0.0,,,0.0,0.0,0.0,0.0,0.0,,0.0,0.0,,0.0,,0.0,0.0,0.0,0.0,0.0,0.0,0.0,0.0,0.0,0.0,0.0,0.0,0.0,0.0,0.0,0.0,0.0,0.0,0.0,0.0,0.0,0.0,0.0,0.0,0.0,0.0,0.0,0.0,0.0,0.0,0.0,0.0,0.0,0.0,0.0,0.0,0.0,0.0,0.0,0.0,0.0,0.01570284366607666,0.0,0.0,0.0,0.0,0.0,0.0,0.0,0.0,0.0,0.0,0.0,0.0,0.0,0.0,0.0,0.0,0.0,0.0,0.0,0.0,0.0,0.0,0.0,0.0,0.0,0.0,0.0,0.0,0.0,0.0,0.0,0.0,0.0,0.0,0.0,0.0,0.0,0.10942241549491882,0.0,0.0,0.0,0.0,0.0,0.0,0.0,0.0,0.0,0.0,0.0,0.0,0.0,0.0,0.0,,,,,,,,,,,,,,,,,,,,,,,,,,,,,,,,,,,,,,,,,,,,,,,,,,,,,,,,,,,,,,,,,,,,,,,,,,,,,,,,,,,,,,,,,,,,,,,,,,,,,,,,,,,,,,,,,,,,,,,,,,,,,,,,,,,,,,,,,,,,,,,,,,,,,,,,,,,,,,,,,,,,,,,,,,,,,,
2020-05-06,665608.3553498817,98.27485032452745,,,,,,,,,,,76494.84123570709,,1039061.7711000025,,,,,,,,,,,,,,,,,,,,9711.42836387085,,,,9482.220845021333,9795.550370964052,1746.0578601347577,26593.48408803375,38133.282110910506,6805.956064854392,36692.500798783454,45291.87893701907,,,,,,,,,,,,,,,,,,,,,,,,,,,,,,,,,,,,,,,,,,,,,,,,,,,,,,,,,,,,,,,,,,,,,,,,,,,,,,0.0,0.0,0.0,0.0,0.0,0.0,0.0,0.0,0.0,0.0,0.0,0.0,0.0,0.0,0.0,0.0,,0.0,0.0,0.0,,0.0,0.0,0.0,0.0,0.0,,0.0,0.0,0.0,0.0,0.0,0.0,,0.0,,,,0.0,0.0,0.0,,0.0,0.0,0.0,0.0,0.0,,,0.0,,0.0,0.0,0.0,0.0,0.0,0.0,0.0,0.0,0.0,0.0,0.0,0.0,0.0,,0.0,0.0,0.0,0.0,0.0,,0.0,0.0,,0.0,0.0,0.0,0.0,,0.0,0.0,0.0,0.0,0.0,,0.0,0.0,,0.0,0.0,0.0,0.0,0.0,0.0,0.0,0.0,0.0,0.0,0.0,0.0,,0.0,0.0,,,,,0.0,0.0,0.0,0.0,0.0,0.0,0.0,0.0,0.0,,0.0,0.0,0.0,,0.0,0.0,0.0,0.0,0.0,0.0,,0.0,,0.0,0.0,0.0,0.0,0.0,0.0,0.0,,0.0,0.0,0.0,0.0,0.0,0.0,0.0,0.0,0.0,0.0,0.0,0.0,0.0,,0.0,0.0,0.0,0.0,,0.0,0.0,0.0,0.0,0.0,0.0,0.0,0.0,0.0,0.0,0.0,0.0,0.0,0.0,,,,0.0,0.0,0.0,0.0,0.0,0.0,0.0,,0.0,0.16256678104400635,0.0,0.0,0.0,0.0,0.0,0.0,0.0,,0.0,0.0,0.0,0.0,0.0,0.0,,0.0,0.0,0.0,0.0,0.0,0.0,0.0,0.0,0.0,0.0,,0.0,0.0,0.0,0.0,,0.0,0.0,0.0,0.0,0.0,0.0,,0.0,0.0,0.0,0.0,0.0,0.0,,0.0,,0.0,0.0,0.0,0.0,0.0,0.0,0.0,0.0,0.0,0.0,0.06631564348936081,,0.0,0.0,0.0,0.0,0.2114010602235794,0.0,0.0,0.0,0.0,0.0,,0.0,0.0,0.0,0.0,0.0,0.0,0.0,0.0,0.07473663240671158,0.002394676674157381,0.0,,0.0,0.0,0.0,0.0,0.0,0.0,0.0,0.0,,0.0,0.0,,0.0,0.0,0.0,0.0,,,0.0,0.0,,0.0,0.0,,,0.0,0.0,0.0,0.0,0.0,0.0,0.0,,0.0,0.0,0.0,0.0,0.0,0.0,0.0,0.0,0.0,0.0,0.0,,0.0,0.0,,0.0,0.0,0.0,,0.0,0.0,0.0,0.0,,0.0,0.0,0.0,0.0,0.0,0.0,0.0,0.0,0.0,0.0,0.0,0.0,0.0,0.0,0.0,0.0,,0.0,0.11432407796382904,0.0,0.0,0.15972954034805298,0.0,0.0,0.0,0.0,0.0,0.0,0.0,0.0,0.0,0.0,,0.0,0.0,0.0,0.0,0.0,0.0,0.0,0.0,0.0,0.0,0.0,0.0,0.0,0.0,0.0,,,0.0,0.0,0.0,,,0.0,0.0,0.0,,0.0,,0.0,,0.0,,,0.0,,0.0,,0.0,0.0,0.0,0.0,0.0,0.0,0.0,0.0,0.0,0.0,,0.0,0.0,,0.0,0.0,0.0,0.0,,0.0,0.0,0.0,0.0,0.0,0.0,0.07511357963085175,0.0,,0.0,,0.0,0.0,0.0,0.0,,0.0,,,,0.0,,0.0,0.0,,0.0,0.0,0.0,0.0,,,0.0,0.0,0.0,0.0,0.0,,0.0,,0.0,0.0,0.0,0.008292756043374538,0.0,0.0,0.0,,0.0,0.0,0.0,0.0,0.0,0.0,,0.0,0.0,0.0,0.0,0.0,0.0,,,0.0,0.0,0.0,0.0,0.0,0.0,,0.0,0.0,0.0,,0.0,,,0.0,0.0,0.0,0.0,0.0,,0.0,0.0,,0.0,,0.0,0.0,0.0,0.0,0.0,0.0,0.0,0.0,0.0,0.0,0.0,0.0,0.0,0.0,0.0,0.0,0.0,0.0,0.0,0.0,0.0,0.0,0.0,0.0,0.0,0.0,0.0,0.0,0.0,0.0,0.0,0.0,0.0,0.0,0.0,0.0,0.0,0.0,0.0,0.0,0.0,0.01570284366607666,0.0,0.0,0.0,0.0,0.0,0.0,0.0,0.0,0.0,0.0,0.0,0.0,0.0,0.0,0.0,0.0,0.0,0.0,0.0,0.0,0.0,0.0,0.0,0.0,0.0,0.0,0.0,0.0,0.0,0.0,0.0,0.0,0.0,0.0,0.0,0.0,0.0,0.10942241549491882,0.0,0.0,0.0,0.0,0.0,0.0,0.0,0.0,0.0,0.0,0.0,0.0,0.0,0.0,0.0,,,,,,,,,,,,,,,,,,,,,,,,,,,,,,,,,,,,,,,,,,,,,,,,,,,,,,,,,,,,,,,,,,,,,,,,,,,,,,,,,,,,,,,,,,,,,,,,,,,,,,,,,,,,,,,,,,,,,,,,,,,,,,,,,,,,,,,,,,,,,,,,,,,,,,,,,,,,,,,,,,,,,,,,,,,,,,
2020-05-07,662414.5713448272,13.978016788436152,,,,,,,,,,,76494.84123570709,,1039061.7711000025,,,,,,,,,,,,,,,,,,,,9711.42836387085,,,,9482.69575376885,9795.550370964052,1587.3022000177489,29524.529498823813,38133.282110910506,6805.956064854392,36689.24100957259,45291.87893701907,,,,,,,,,,,,,,,,,,,,,,,,,,,,,,,,,,,,,,,,,,,,,,,,,,,,,,,,,,,,,,,,,,,,,,,,,,,,,,0.0,0.0,0.0,0.0,0.0,0.0,0.0,0.0,0.0,0.0,0.0,0.0,0.0,0.0,0.0,0.0,,0.0,0.0,0.0,,0.0,0.0,0.0,0.0,0.0,,0.0,0.0,0.0,0.0,0.0,0.0,,0.0,,,,0.0,0.0,0.0,,0.0,0.0,0.0,0.0,0.0,,,0.0,,0.0,0.0,0.0,0.0,0.0,0.0,0.0,0.0,0.0,0.0,0.0,0.0,0.0,,0.0,0.0,0.0,0.0,0.0,,0.0,0.0,,0.0,0.0,0.0,0.0,,0.0,0.0,0.0,0.0,0.0,,0.0,0.0,,0.0,0.0,0.0,0.0,0.0,0.0,0.0,0.0,0.0,0.0,0.0,0.0,,0.0,0.0,,,,,0.0,0.0,0.0,0.0,0.0,0.0,0.0,0.0,0.0,,0.0,0.0,0.0,,0.0,0.0,0.0,0.0,0.0,0.0,,0.0,,0.0,0.0,0.0,0.0,0.0,0.0,0.0,,0.0,0.0,0.0,0.0,0.0,0.0,0.0,0.0,0.0,0.0,0.0,0.0,0.0,,0.0,0.0,0.0,0.0,,0.0,0.0,0.0,0.0,0.0,0.0,0.0,0.0,0.0,0.0,0.0,0.0,0.0,0.0,,,,0.0,0.0,0.0,0.0,0.0,0.0,0.0,,0.0,0.16256678104400635,0.0,0.0,0.0,0.0,0.0,0.0,0.0,,0.0,0.0,0.0,0.0,0.0,0.0,,0.0,0.0,0.0,0.0,0.0,0.0,0.0,0.0,0.0,0.0,,0.0,0.0,0.0,0.0,,0.0,0.0,0.0,0.0,0.0,0.0,,0.0,0.0,0.0,0.0,0.0,0.0,,0.0,,0.0,0.0,0.0,0.0,0.0,0.0,0.0,0.0,0.0,0.0,0.06631564348936081,,0.0,0.0,0.0,0.0,0.2114010602235794,0.0,0.0,0.0,0.0,0.0,,0.0,0.0,0.0,0.0,0.0,0.0,0.0,0.0,0.07473663240671158,0.002394676674157381,0.0,,0.0,0.0,0.0,0.0,0.0,0.0,0.0,0.0,,0.0,0.0,,0.0,0.0,0.0,0.0,,,0.0,0.0,,0.0,0.0,,,0.0,0.0,0.0,0.0,0.0,0.0,0.0,,0.0,0.0,0.0,0.0,0.0,0.0,0.0,0.0,0.0,0.0,0.0,,0.0,0.0,,0.0,0.0,0.0,,0.0,0.0,0.0,0.0,,0.0,0.0,0.0,0.0,0.0,0.0,0.0,0.0,0.0,0.0,0.0,0.0,0.0,0.0,0.0,0.0,,0.0,0.11432407796382904,0.0,0.0,0.15972954034805298,0.0,0.0,0.0,0.0,0.0,0.0,0.0,0.0,0.0,0.0,,0.0,0.0,0.0,0.0,0.0,0.0,0.0,0.0,0.0,0.0,0.0,0.0,0.0,0.0,0.0,,,0.0,0.0,0.0,,,0.0,0.0,0.0,,0.0,,0.0,,0.0,,,0.0,,0.0,,0.0,0.0,0.0,0.0,0.0,0.0,0.0,0.0,0.0,0.0,,0.0,0.0,,0.0,0.0,0.0,0.0,,0.0,0.0,0.0,0.0,0.0,0.0,0.07511357963085175,0.0,,0.0,,0.0,0.0,0.0,0.0,,0.0,,,,0.0,,0.0,0.0,,0.0,0.0,0.0,0.0,,,0.0,0.0,0.0,0.0,0.0,,0.0,,0.0,0.0,0.0,0.008292756043374538,0.0,0.0,0.0,,0.0,0.0,0.0,0.0,0.0,0.0,,0.0,0.0,0.0,0.0,0.0,0.0,,,0.0,0.0,0.0,0.0,0.0,0.0,,0.0,0.0,0.0,,0.0,,,0.0,0.0,0.0,0.0,0.0,,0.0,0.0,,0.0,,0.0,0.0,0.0,0.0,0.0,0.0,0.0,0.0,0.0,0.0,0.0,0.0,0.0,0.0,0.0,0.0,0.0,0.0,0.0,0.0,0.0,0.0,0.0,0.0,0.0,0.0,0.0,0.0,0.0,0.0,0.0,0.0,0.0,0.0,0.0,0.0,0.0,0.0,0.0,0.0,0.0,0.01570284366607666,0.0,0.0,0.0,0.0,0.0,0.0,0.0,0.0,0.0,0.0,0.0,0.0,0.0,0.0,0.0,0.0,0.0,0.0,0.0,0.0,0.0,0.0,0.0,0.0,0.0,0.0,0.0,0.0,0.0,0.0,0.0,0.0,0.0,0.0,0.0,0.0,0.0,0.10942241549491882,0.0,0.0,0.0,0.0,0.0,0.0,0.0,0.0,0.0,0.0,0.0,0.0,0.0,0.0,0.0,,,,,,,,,,,,,,,,,,,,,,,,,,,,,,,,,,,,,,,,,,,,,,,,,,,,,,,,,,,,,,,,,,,,,,,,,,,,,,,,,,,,,,,,,,,,,,,,,,,,,,,,,,,,,,,,,,,,,,,,,,,,,,,,,,,,,,,,,,,,,,,,,,,,,,,,,,,,,,,,,,,,,,,,,,,,,,
2020-05-08,674015.8992092859,16.585564061954976,,,,,,,,,,,76494.84123570709,,1039061.7711000025,,,,,,,,,,,,,,,,,,,,9711.42836387085,,,,9482.321331148976,9795.550370964052,1587.3022000177489,29524.529498823813,38133.282110910506,6805.956064854392,36689.24100957259,45291.87893701907,,,,,,,,,,,,,,,,,,,,,,,,,,,,,,,,,,,,,,,,,,,,,,,,,,,,,,,,,,,,,,,,,,,,,,,,,,,,,,0.0,0.0,0.0,0.0,0.0,0.0,0.0,0.0,0.0,0.0,0.0,0.0,0.0,0.0,0.0,0.0,,0.0,0.0,0.0,,0.0,0.0,0.0,0.0,0.0,,0.0,0.0,0.0,0.0,0.0,0.0,,0.0,,,,0.0,0.0,0.0,,0.0,0.0,0.0,0.0,0.0,,,0.0,,0.0,0.0,0.0,0.0,0.0,0.0,0.0,0.0,0.0,0.0,0.0,0.0,0.0,,0.0,0.0,0.0,0.0,0.0,,0.0,0.0,,0.0,0.0,0.0,0.0,,0.0,0.0,0.0,0.0,0.0,,0.0,0.0,,0.0,0.0,0.0,0.0,0.0,0.0,0.0,0.0,0.0,0.0,0.0,0.0,,0.0,0.0,,,,,0.0,0.0,0.0,0.0,0.0,0.0,0.0,0.0,0.0,,0.0,0.0,0.0,,0.0,0.0,0.0,0.0,0.0,0.0,,0.0,,0.0,0.0,0.0,0.0,0.0,0.0,0.0,,0.0,0.0,0.0,0.0,0.0,0.0,0.0,0.0,0.0,0.0,0.0,0.0,0.0,,0.0,0.0,0.0,0.0,,0.0,0.0,0.0,0.0,0.0,0.0,0.0,0.0,0.0,0.0,0.0,0.0,0.0,0.0,,,,0.0,0.0,0.0,0.0,0.0,0.0,0.0,,0.0,0.16256678104400635,0.0,0.0,0.0,0.0,0.0,0.0,0.0,,0.0,0.0,0.0,0.0,0.0,0.0,,0.0,0.0,0.0,0.0,0.0,0.0,0.0,0.0,0.0,0.0,,0.0,0.0,0.0,0.0,,0.0,0.0,0.0,0.0,0.0,0.0,,0.0,0.0,0.0,0.0,0.0,0.0,,0.0,,0.0,0.0,0.0,0.0,0.0,0.0,0.0,0.0,0.0,0.0,0.06631564348936081,,0.0,0.0,0.0,0.0,0.2114010602235794,0.0,0.0,0.0,0.0,0.0,,0.0,0.0,0.0,0.0,0.0,0.0,0.0,0.0,0.07473663240671158,0.002394676674157381,0.0,,0.0,0.0,0.0,0.0,0.0,0.0,0.0,0.0,,0.0,0.0,,0.0,0.0,0.0,0.0,,,0.0,0.0,,0.0,0.0,,,0.0,0.0,0.0,0.0,0.0,0.0,0.0,,0.0,0.0,0.0,0.0,0.0,0.0,0.0,0.0,0.0,0.0,0.0,,0.0,0.0,,0.0,0.0,0.0,,0.0,0.0,0.0,0.0,,0.0,0.0,0.0,0.0,0.0,0.0,0.0,0.0,0.0,0.0,0.0,0.0,0.0,0.0,0.0,0.0,,0.0,0.11432407796382904,0.0,0.0,0.15972954034805298,0.0,0.0,0.0,0.0,0.0,0.0,0.0,0.0,0.0,0.0,,0.0,0.0,0.0,0.0,0.0,0.0,0.0,0.0,0.0,0.0,0.0,0.0,0.0,0.0,0.0,,,0.0,0.0,0.0,,,0.0,0.0,0.0,,0.0,,0.0,,0.0,,,0.0,,0.0,,0.0,0.0,0.0,0.0,0.0,0.0,0.0,0.0,0.0,0.0,,0.0,0.0,,0.0,0.0,0.0,0.0,,0.0,0.0,0.0,0.0,0.0,0.0,0.07511357963085175,0.0,,0.0,,0.0,0.0,0.0,0.0,,0.0,,,,0.0,,0.0,0.0,,0.0,0.0,0.0,0.0,,,0.0,0.0,0.0,0.0,0.0,,0.0,,0.0,0.0,0.0,0.008292756043374538,0.0,0.0,0.0,,0.0,0.0,0.0,0.0,0.0,0.0,,0.0,0.0,0.0,0.0,0.0,0.0,,,0.0,0.0,0.0,0.0,0.0,0.0,,0.0,0.0,0.0,,0.0,,,0.0,0.0,0.0,0.0,0.0,,0.0,0.0,,0.0,,0.0,0.0,0.0,0.0,0.0,0.0,0.0,0.0,0.0,0.0,0.0,0.0,0.0,0.0,0.0,0.0,0.0,0.0,0.0,0.0,0.0,0.0,0.0,0.0,0.0,0.0,0.0,0.0,0.0,0.0,0.0,0.0,0.0,0.0,0.0,0.0,0.0,0.0,0.0,0.0,0.0,0.01570284366607666,0.0,0.0,0.0,0.0,0.0,0.0,0.0,0.0,0.0,0.0,0.0,0.0,0.0,0.0,0.0,0.0,0.0,0.0,0.0,0.0,0.0,0.0,0.0,0.0,0.0,0.0,0.0,0.0,0.0,0.0,0.0,0.0,0.0,0.0,0.0,0.0,0.0,0.10942241549491882,0.0,0.0,0.0,0.0,0.0,0.0,0.0,0.0,0.0,0.0,0.0,0.0,0.0,0.0,0.0,,,,,,,,,,,,,,,,,,,,,,,,,,,,,,,,,,,,,,,,,,,,,,,,,,,,,,,,,,,,,,,,,,,,,,,,,,,,,,,,,,,,,,,,,,,,,,,,,,,,,,,,,,,,,,,,,,,,,,,,,,,,,,,,,,,,,,,,,,,,,,,,,,,,,,,,,,,,,,,,,,,,,,,,,,,,,,
2020-05-11,666826.2809238803,44.10973945387085,,,,,,,,,,,76494.84123570709,,1039061.7711000025,,,,,,,,,,,,,,,,,,,,9711.42836387085,,,,9482.728507849772,9795.550370964052,1587.3022000177489,29511.217322338092,38133.282110910506,6805.956064854392,36689.24100957259,45291.87893701907,,,,,,,,,,,,,,,,,,,,,,,,,,,,,,,,,,,,,,,,,,,,,,,,,,,,,,,,,,,,,,,,,,,,,,,,,,,,,,0.0,0.0,0.0,0.0,0.0,0.0,0.0,0.0,0.0,0.0,0.0,0.0,0.0,0.0,0.0,0.0,,0.0,0.0,0.0,,0.0,0.0,0.0,0.0,0.0,,0.0,0.0,0.0,0.0,0.0,0.0,,0.0,,,,0.0,0.0,0.0,,0.0,0.0,0.0,0.0,0.0,,,0.0,,0.0,0.0,0.0,0.0,0.0,0.0,0.0,0.0,0.0,0.0,0.0,0.0,0.0,,0.0,0.0,0.0,0.0,0.0,,0.0,0.0,,0.0,0.0,0.0,0.0,,0.0,0.0,0.0,0.0,0.0,,0.0,0.0,,0.0,0.0,0.0,0.0,0.0,0.0,0.0,0.0,0.0,0.0,0.0,0.0,,0.0,0.0,,,,,0.0,0.0,0.0,0.0,0.0,0.0,0.0,0.0,0.0,,0.0,0.0,0.0,,0.0,0.0,0.0,0.0,0.0,0.0,,0.0,,0.0,0.0,0.0,0.0,0.0,0.0,0.0,,0.0,0.0,0.0,0.0,0.0,0.0,0.0,0.0,0.0,0.0,0.0,0.0,0.0,,0.0,0.0,0.0,0.0,,0.0,0.0,0.0,0.0,0.0,0.0,0.0,0.0,0.0,0.0,0.0,0.0,0.0,0.0,,,,0.0,0.0,0.0,0.0,0.0,0.0,0.0,,0.0,0.16256678104400635,0.0,0.0,0.0,0.0,0.0,0.0,0.0,,0.0,0.0,0.0,0.0,0.0,0.0,,0.0,0.0,0.0,0.0,0.0,0.0,0.0,0.0,0.0,0.0,,0.0,0.0,0.0,0.0,,0.0,0.0,0.0,0.0,0.0,0.0,,0.0,0.0,0.0,0.0,0.0,0.0,,0.0,,0.0,0.0,0.0,0.0,0.0,0.0,0.0,0.0,0.0,0.0,0.06631564348936081,,0.0,0.0,0.0,0.0,0.2114010602235794,0.0,0.0,0.0,0.0,0.0,,0.0,0.0,0.0,0.0,0.0,0.0,0.0,0.0,0.07473663240671158,0.002394676674157381,0.0,,0.0,0.0,0.0,0.0,0.0,0.0,0.0,0.0,,0.0,0.0,,0.0,0.0,0.0,0.0,,,0.0,0.0,,0.0,0.0,,,0.0,0.0,0.0,0.0,0.0,0.0,0.0,,0.0,0.0,0.0,0.0,0.0,0.0,0.0,0.0,0.0,0.0,0.0,,0.0,0.0,,0.0,0.0,0.0,,0.0,0.0,0.0,0.0,,0.0,0.0,0.0,0.0,0.0,0.0,0.0,0.0,0.0,0.0,0.0,0.0,0.0,0.0,0.0,0.0,,0.0,0.11432407796382904,0.0,0.0,0.15972954034805298,0.0,0.0,0.0,0.0,0.0,0.0,0.0,0.0,0.0,0.0,,0.0,0.0,0.0,0.0,0.0,0.0,0.0,0.0,0.0,0.0,0.0,0.0,0.0,0.0,0.0,,,0.0,0.0,0.0,,,0.0,0.0,0.0,,0.0,,0.0,,0.0,,,0.0,,0.0,,0.0,0.0,0.0,0.0,0.0,0.0,0.0,0.0,0.0,0.0,,0.0,0.0,,0.0,0.0,0.0,0.0,,0.0,0.0,0.0,0.0,0.0,0.0,0.07511357963085175,0.0,,0.0,,0.0,0.0,0.0,0.0,,0.0,,,,0.0,,0.0,0.0,,0.0,0.0,0.0,0.0,,,0.0,0.0,0.0,0.0,0.0,,0.0,,0.0,0.0,0.0,0.008292756043374538,0.0,0.0,0.0,,0.0,0.0,0.0,0.0,0.0,0.0,,0.0,0.0,0.0,0.0,0.0,0.0,,,0.0,0.0,0.0,0.0,0.0,0.0,,0.0,0.0,0.0,,0.0,,,0.0,0.0,0.0,0.0,0.0,,0.0,0.0,,0.0,,0.0,0.0,0.0,0.0,0.0,0.0,0.0,0.0,0.0,0.0,0.0,0.0,0.0,0.0,0.0,0.0,0.0,0.0,0.0,0.0,0.0,0.0,0.0,0.0,0.0,0.0,0.0,0.0,0.0,0.0,0.0,0.0,0.0,0.0,0.0,0.0,0.0,0.0,0.0,0.0,0.0,0.01570284366607666,0.0,0.0,0.0,0.0,0.0,0.0,0.0,0.0,0.0,0.0,0.0,0.0,0.0,0.0,0.0,0.0,0.0,0.0,0.0,0.0,0.0,0.0,0.0,0.0,0.0,0.0,0.0,0.0,0.0,0.0,0.0,0.0,0.0,0.0,0.0,0.0,0.0,0.10942241549491882,0.0,0.0,0.0,0.0,0.0,0.0,0.0,0.0,0.0,0.0,0.0,0.0,0.0,0.0,0.0,,,,,,,,,,,,,,,,,,,,,,,,,,,,,,,,,,,,,,,,,,,,,,,,,,,,,,,,,,,,,,,,,,,,,,,,,,,,,,,,,,,,,,,,,,,,,,,,,,,,,,,,,,,,,,,,,,,,,,,,,,,,,,,,,,,,,,,,,,,,,,,,,,,,,,,,,,,,,,,,,,,,,,,,,,,,,,
2020-05-12,678714.8863821977,47.48675754852907,,,,,,,,,,,76494.84123570709,,1039061.7711000025,,,,,,,,,,,,,,,,,,,,9711.42836387085,,,,9482.770939609212,9795.550370964052,1587.3022000177489,29511.217322338092,38131.15786827955,6805.956064854392,36689.24100957259,45291.87893701907,,,,,,,,,,,,,,,,,,,,,,,,,,,,,,,,,,,,,,,,,,,,,,,,,,,,,,,,,,,,,,,,,,,,,,,,,,,,,,0.0,0.0,0.0,0.0,0.0,0.0,0.0,0.0,0.0,0.0,0.0,0.0,0.0,0.0,0.0,0.0,,0.0,0.0,0.0,,0.0,0.0,0.0,0.0,0.0,,0.0,0.0,0.0,0.0,0.0,0.0,,0.0,,,,0.0,0.0,0.0,,0.0,0.0,0.0,0.0,0.0,,,0.0,,0.0,0.0,0.0,0.0,0.0,0.0,0.0,0.0,0.0,0.0,0.0,0.0,0.0,,0.0,0.0,0.0,0.0,0.0,,0.0,0.0,,0.0,0.0,0.0,0.0,,0.0,0.0,0.0,0.0,0.0,,0.0,0.0,,0.0,0.0,0.0,0.0,0.0,0.0,0.0,0.0,0.0,0.0,0.0,0.0,,0.0,0.0,,,,,0.0,0.0,0.0,0.0,0.0,0.0,0.0,0.0,0.0,,0.0,0.0,0.0,,0.0,0.0,0.0,0.0,0.0,0.0,,0.0,,0.0,0.0,0.0,0.0,0.0,0.0,0.0,,0.0,0.0,0.0,0.0,0.0,0.0,0.0,0.0,0.0,0.0,0.0,0.0,0.0,,0.0,0.0,0.0,0.0,,0.0,0.0,0.0,0.0,0.0,0.0,0.0,0.0,0.0,0.0,0.0,0.0,0.0,0.0,,,,0.0,0.0,0.0,0.0,0.0,0.0,0.0,,0.0,0.16256678104400635,0.0,0.0,0.0,0.0,0.0,0.0,0.0,,0.0,0.0,0.0,0.0,0.0,0.0,,0.0,0.0,0.0,0.0,0.0,0.0,0.0,0.0,0.0,0.0,,0.0,0.0,0.0,0.0,,0.0,0.0,0.0,0.0,0.0,0.0,,0.0,0.0,0.0,0.0,0.0,0.0,,0.0,,0.0,0.0,0.0,0.0,0.0,0.0,0.0,0.0,0.0,0.0,0.06631564348936081,,0.0,0.0,0.0,0.0,0.2114010602235794,0.0,0.0,0.0,0.0,0.0,,0.0,0.0,0.0,0.0,0.0,0.0,0.0,0.0,0.07473663240671158,0.002394676674157381,0.0,,0.0,0.0,0.0,0.0,0.0,0.0,0.0,0.0,,0.0,0.0,,0.0,0.0,0.0,0.0,,,0.0,0.0,,0.0,0.0,,,0.0,0.0,0.0,0.0,0.0,0.0,0.0,,0.0,0.0,0.0,0.0,0.0,0.0,0.0,0.0,0.0,0.0,0.0,,0.0,0.0,,0.0,0.0,0.0,,0.0,0.0,0.0,0.0,,0.0,0.0,0.0,0.0,0.0,0.0,0.0,0.0,0.0,0.0,0.0,0.0,0.0,0.0,0.0,0.0,,0.0,0.11432407796382904,0.0,0.0,0.15972954034805298,0.0,0.0,0.0,0.0,0.0,0.0,0.0,0.0,0.0,0.0,,0.0,0.0,0.0,0.0,0.0,0.0,0.0,0.0,0.0,0.0,0.0,0.0,0.0,0.0,0.0,,,0.0,0.0,0.0,,,0.0,0.0,0.0,,0.0,,0.0,,0.0,,,0.0,,0.0,,0.0,0.0,0.0,0.0,0.0,0.0,0.0,0.0,0.0,0.0,,0.0,0.0,,0.0,0.0,0.0,0.0,,0.0,0.0,0.0,0.0,0.0,0.0,0.07511357963085175,0.0,,0.0,,0.0,0.0,0.0,0.0,,0.0,,,,0.0,,0.0,0.0,,0.0,0.0,0.0,0.0,,,0.0,0.0,0.0,0.0,0.0,,0.0,,0.0,0.0,0.0,0.008292756043374538,0.0,0.0,0.0,,0.0,0.0,0.0,0.0,0.0,0.0,,0.0,0.0,0.0,0.0,0.0,0.0,,,0.0,0.0,0.0,0.0,0.0,0.0,,0.0,0.0,0.0,,0.0,,,0.0,0.0,0.0,0.0,0.0,,0.0,0.0,,0.0,,0.0,0.0,0.0,0.0,0.0,0.0,0.0,0.0,0.0,0.0,0.0,0.0,0.0,0.0,0.0,0.0,0.0,0.0,0.0,0.0,0.0,0.0,0.0,0.0,0.0,0.0,0.0,0.0,0.0,0.0,0.0,0.0,0.0,0.0,0.0,0.0,0.0,0.0,0.0,0.0,0.0,0.01570284366607666,0.0,0.0,0.0,0.0,0.0,0.0,0.0,0.0,0.0,0.0,0.0,0.0,0.0,0.0,0.0,0.0,0.0,0.0,0.0,0.0,0.0,0.0,0.0,0.0,0.0,0.0,0.0,0.0,0.0,0.0,0.0,0.0,0.0,0.0,0.0,0.0,0.0,0.10942241549491882,0.0,0.0,0.0,0.0,0.0,0.0,0.0,0.0,0.0,0.0,0.0,0.0,0.0,0.0,0.0,,,,,,,,,,,,,,,,,,,,,,,,,,,,,,,,,,,,,,,,,,,,,,,,,,,,,,,,,,,,,,,,,,,,,,,,,,,,,,,,,,,,,,,,,,,,,,,,,,,,,,,,,,,,,,,,,,,,,,,,,,,,,,,,,,,,,,,,,,,,,,,,,,,,,,,,,,,,,,,,,,,,,,,,,,,,,,
2020-05-13,685278.6562476291,51.48089535594957,,,,,,,,,,,76494.84123570709,,1039061.7711000025,,,,,,,,,,,,,,,,,,,,9711.123879629999,,,,9482.454571594968,9795.550370964052,1587.3109102496371,29511.217322338092,38131.15786827955,6805.956064854392,36689.24100957259,45291.87893701907,,,,,,,,,,,,,,,,,,,,,,,,,,,,,,,,,,,,,,,,,,,,,,,,,,,,,,,,,,,,,,,,,,,,,,,,,,,,,,0.0,0.0,0.0,0.0,0.0,0.0,0.0,0.0,0.0,0.0,0.0,0.0,0.0,0.0,0.0,0.0,,0.0,0.0,0.0,,0.0,0.0,0.0,0.0,0.0,,0.0,0.0,0.0,0.0,0.0,0.0,,0.0,,,,0.0,0.0,0.0,,0.0,0.0,0.0,0.0,0.0,,,0.0,,0.0,0.0,0.0,0.0,0.0,0.0,0.0,0.0,0.0,0.0,0.0,0.0,0.0,,0.0,0.0,0.0,0.0,0.0,,0.0,0.0,,0.0,0.0,0.0,0.0,,0.0,0.0,0.0,0.0,0.0,,0.0,0.0,,0.0,0.0,0.0,0.0,0.0,0.0,0.0,0.0,0.0,0.0,0.0,0.0,,0.0,0.0,,,,,0.0,0.0,0.0,0.0,0.0,0.0,0.0,0.0,0.0,,0.0,0.0,0.0,,0.0,0.0,0.0,0.0,0.0,0.0,,0.0,,0.0,0.0,0.0,0.0,0.0,0.0,0.0,,0.0,0.0,0.0,0.0,0.0,0.0,0.0,0.0,0.0,0.0,0.0,0.0,0.0,,0.0,0.0,0.0,0.0,,0.0,0.0,0.0,0.0,0.0,0.0,0.0,0.0,0.0,0.0,0.0,0.0,0.0,0.0,,,,0.0,0.0,0.0,0.0,0.0,0.0,0.0,,0.0,0.16256678104400635,0.0,0.0,0.0,0.0,0.0,0.0,0.0,,0.0,0.0,0.0,0.0,0.0,0.0,,0.0,0.0,0.0,0.0,0.0,0.0,0.0,0.0,0.0,0.0,,0.0,0.0,0.0,0.0,,0.0,0.0,0.0,0.0,0.0,0.0,,0.0,0.0,0.0,0.0,0.0,0.0,,0.0,,0.0,0.0,0.0,0.0,0.0,0.0,0.0,0.0,0.0,0.0,0.06631564348936081,,0.0,0.0,0.0,0.0,0.2114010602235794,0.0,0.0,0.0,0.0,0.0,,0.0,0.0,0.0,0.0,0.0,0.0,0.0,0.0,0.07473663240671158,0.002394676674157381,0.0,,0.0,0.0,0.0,0.0,0.0,0.0,0.0,0.0,,0.0,0.0,,0.0,0.0,0.0,0.0,,,0.0,0.0,,0.0,0.0,,,0.0,0.0,0.0,0.0,0.0,0.0,0.0,,0.0,0.0,0.0,0.0,0.0,0.0,0.0,0.0,0.0,0.0,0.0,,0.0,0.0,,0.0,0.0,0.0,,0.0,0.0,0.0,0.0,,0.0,0.0,0.0,0.0,0.0,0.0,0.0,0.0,0.0,0.0,0.0,0.0,0.0,0.0,0.0,0.0,,0.0,0.11432407796382904,0.0,0.0,0.15972954034805298,0.0,0.0,0.0,0.0,0.0,0.0,0.0,0.0,0.0,0.0,,0.0,0.0,0.0,0.0,0.0,0.0,0.0,0.0,0.0,0.0,0.0,0.0,0.0,0.0,0.0,,,0.0,0.0,0.0,,,0.0,0.0,0.0,,0.0,,0.0,,0.0,,,0.0,,0.0,,0.0,0.0,0.0,0.0,0.0,0.0,0.0,0.0,0.0,0.0,,0.0,0.0,,0.0,0.0,0.0,0.0,,0.0,0.0,0.0,0.0,0.0,0.0,0.07511357963085175,0.0,,0.0,,0.0,0.0,0.0,0.0,,0.0,,,,0.0,,0.0,0.0,,0.0,0.0,0.0,0.0,,,0.0,0.0,0.0,0.0,0.0,,0.0,,0.0,0.0,0.0,0.008292756043374538,0.0,0.0,0.0,,0.0,0.0,0.0,0.0,0.0,0.0,,0.0,0.0,0.0,0.0,0.0,0.0,,,0.0,0.0,0.0,0.0,0.0,0.0,,0.0,0.0,0.0,,0.0,,,0.0,0.0,0.0,0.0,0.0,,0.0,0.0,,0.0,,0.0,0.0,0.0,0.0,0.0,0.0,0.0,0.0,0.0,0.0,0.0,0.0,0.0,0.0,0.0,0.0,0.0,0.0,0.0,0.0,0.0,0.0,0.0,0.0,0.0,0.0,0.0,0.0,0.0,0.0,0.0,0.0,0.0,0.0,0.0,0.0,0.0,0.0,0.0,0.0,0.0,0.01570284366607666,0.0,0.0,0.0,0.0,0.0,0.0,0.0,0.0,0.0,0.0,0.0,0.0,0.0,0.0,0.0,0.0,0.0,0.0,0.0,0.0,0.0,0.0,0.0,0.0,0.0,0.0,0.0,0.0,0.0,0.0,0.0,0.0,0.0,0.0,0.0,0.0,0.0,0.10942241549491882,0.0,0.0,0.0,0.0,0.0,0.0,0.0,0.0,0.0,0.0,0.0,0.0,0.0,0.0,0.0,,,,,,,,,,,,,,,,,,,,,,,,,,,,,,,,,,,,,,,,,,,,,,,,,,,,,,,,,,,,,,,,,,,,,,,,,,,,,,,,,,,,,,,,,,,,,,,,,,,,,,,,,,,,,,,,,,,,,,,,,,,,,,,,,,,,,,,,,,,,,,,,,,,,,,,,,,,,,,,,,,,,,,,,,,,,,,
2020-05-14,687012.8707784105,52.100853509321844,,,,,,,,,,,76494.84123570709,,1039061.7711000025,,,,,,,,,,,,,,,,,,,,9711.141679721675,,,,9482.46797028277,9795.550370964052,1587.2916877962239,29511.217322338092,38131.15786827955,6805.956064854392,36689.24100957259,45291.87893701907,,,,,,,,,,,,,,,,,,,,,,,,,,,,,,,,,,,,,,,,,,,,,,,,,,,,,,,,,,,,,,,,,,,,,,,,,,,,,,0.0,0.0,0.0,0.0,0.0,0.0,0.0,0.0,0.0,0.0,0.0,0.0,0.0,0.0,0.0,0.0,,0.0,0.0,0.0,,0.0,0.0,0.0,0.0,0.0,,0.0,0.0,0.0,0.0,0.0,0.0,,0.0,,,,0.0,0.0,0.0,,0.0,0.0,0.0,0.0,0.0,,,0.0,,0.0,0.0,0.0,0.0,0.0,0.0,0.0,0.0,0.0,0.0,0.0,0.0,0.0,,0.0,0.0,0.0,0.0,0.0,,0.0,0.0,,0.0,0.0,0.0,0.0,,0.0,0.0,0.0,0.0,0.0,,0.0,0.0,,0.0,0.0,0.0,0.0,0.0,0.0,0.0,0.0,0.0,0.0,0.0,0.0,,0.0,0.0,,,,,0.0,0.0,0.0,0.0,0.0,0.0,0.0,0.0,0.0,,0.0,0.0,0.0,,0.0,0.0,0.0,0.0,0.0,0.0,,0.0,,0.0,0.0,0.0,0.0,0.0,0.0,0.0,,0.0,0.0,0.0,0.0,0.0,0.0,0.0,0.0,0.0,0.0,0.0,0.0,0.0,,0.0,0.0,0.0,0.0,,0.0,0.0,0.0,0.0,0.0,0.0,0.0,0.0,0.0,0.0,0.0,0.0,0.0,0.0,,,,0.0,0.0,0.0,0.0,0.0,0.0,0.0,,0.0,0.16256678104400635,0.0,0.0,0.0,0.0,0.0,0.0,0.0,,0.0,0.0,0.0,0.0,0.0,0.0,,0.0,0.0,0.0,0.0,0.0,0.0,0.0,0.0,0.0,0.0,,0.0,0.0,0.0,0.0,,0.0,0.0,0.0,0.0,0.0,0.0,,0.0,0.0,0.0,0.0,0.0,0.0,,0.0,,0.0,0.0,0.0,0.0,0.0,0.0,0.0,0.0,0.0,0.0,0.06631564348936081,,0.0,0.0,0.0,0.0,0.2114010602235794,0.0,0.0,0.0,0.0,0.0,,0.0,0.0,0.0,0.0,0.0,0.0,0.0,0.0,0.07473663240671158,0.002394676674157381,0.0,,0.0,0.0,0.0,0.0,0.0,0.0,0.0,0.0,,0.0,0.0,,0.0,0.0,0.0,0.0,,,0.0,0.0,,0.0,0.0,,,0.0,0.0,0.0,0.0,0.0,0.0,0.0,,0.0,0.0,0.0,0.0,0.0,0.0,0.0,0.0,0.0,0.0,0.0,,0.0,0.0,,0.0,0.0,0.0,,0.0,0.0,0.0,0.0,,0.0,0.0,0.0,0.0,0.0,0.0,0.0,0.0,0.0,0.0,0.0,0.0,0.0,0.0,0.0,0.0,,0.0,0.11432407796382904,0.0,0.0,0.15972954034805298,0.0,0.0,0.0,0.0,0.0,0.0,0.0,0.0,0.0,0.0,,0.0,0.0,0.0,0.0,0.0,0.0,0.0,0.0,0.0,0.0,0.0,0.0,0.0,0.0,0.0,,,0.0,0.0,0.0,,,0.0,0.0,0.0,,0.0,,0.0,,0.0,,,0.0,,0.0,,0.0,0.0,0.0,0.0,0.0,0.0,0.0,0.0,0.0,0.0,,0.0,0.0,,0.0,0.0,0.0,0.0,,0.0,0.0,0.0,0.0,0.0,0.0,0.07511357963085175,0.0,,0.0,,0.0,0.0,0.0,0.0,,0.0,,,,0.0,,0.0,0.0,,0.0,0.0,0.0,0.0,,,0.0,0.0,0.0,0.0,0.0,,0.0,,0.0,0.0,0.0,0.008292756043374538,0.0,0.0,0.0,,0.0,0.0,0.0,0.0,0.0,0.0,,0.0,0.0,0.0,0.0,0.0,0.0,,,0.0,0.0,0.0,0.0,0.0,0.0,,0.0,0.0,0.0,,0.0,,,0.0,0.0,0.0,0.0,0.0,,0.0,0.0,,0.0,,0.0,0.0,0.0,0.0,0.0,0.0,0.0,0.0,0.0,0.0,0.0,0.0,0.0,0.0,0.0,0.0,0.0,0.0,0.0,0.0,0.0,0.0,0.0,0.0,0.0,0.0,0.0,0.0,0.0,0.0,0.0,0.0,0.0,0.0,0.0,0.0,0.0,0.0,0.0,0.0,0.0,0.01570284366607666,0.0,0.0,0.0,0.0,0.0,0.0,0.0,0.0,0.0,0.0,0.0,0.0,0.0,0.0,0.0,0.0,0.0,0.0,0.0,0.0,0.0,0.0,0.0,0.0,0.0,0.0,0.0,0.0,0.0,0.0,0.0,0.0,0.0,0.0,0.0,0.0,0.0,0.10942241549491882,0.0,0.0,0.0,0.0,0.0,0.0,0.0,0.0,0.0,0.0,0.0,0.0,0.0,0.0,0.0,,,,,,,,,,,,,,,,,,,,,,,,,,,,,,,,,,,,,,,,,,,,,,,,,,,,,,,,,,,,,,,,,,,,,,,,,,,,,,,,,,,,,,,,,,,,,,,,,,,,,,,,,,,,,,,,,,,,,,,,,,,,,,,,,,,,,,,,,,,,,,,,,,,,,,,,,,,,,,,,,,,,,,,,,,,,,,
2020-05-15,695847.2115077266,376.19932139722835,,,,,,,,,,,76494.84123570709,,1039061.7711000025,,,,,,,,,,,,,,,,,,,,9387.448730143724,,,,9482.362270552316,10127.599837127733,1587.3211223673818,29511.217322338092,38131.15786827955,6805.956064854392,36689.24100957259,45291.87893701907,,,,,,,,,,,,,,,,,,,,,,,,,,,,,,,,,,,,,,,,,,,,,,,,,,,,,,,,,,,,,,,,,,,,,,,,,,,,,,0.0,0.0,0.0,0.0,0.0,0.0,0.0,0.0,0.0,0.0,0.0,0.0,0.0,0.0,0.0,0.0,,0.0,0.0,0.0,,0.0,0.0,0.0,0.0,0.0,,0.0,0.0,0.0,0.0,0.0,0.0,,0.0,,,,0.0,0.0,0.0,,0.0,0.0,0.0,0.0,0.0,,,0.0,,0.0,0.0,0.0,0.0,0.0,0.0,0.0,0.0,0.0,0.0,0.0,0.0,0.0,,0.0,0.0,0.0,0.0,0.0,,0.0,0.0,,0.0,0.0,0.0,0.0,,0.0,0.0,0.0,0.0,0.0,,0.0,0.0,,0.0,0.0,0.0,0.0,0.0,0.0,0.0,0.0,0.0,0.0,0.0,0.0,,0.0,0.0,,,,,0.0,0.0,0.0,0.0,0.0,0.0,0.0,0.0,0.0,,0.0,0.0,0.0,,0.0,0.0,0.0,0.0,0.0,0.0,,0.0,,0.0,0.0,0.0,0.0,0.0,0.0,0.0,,0.0,0.0,0.0,0.0,0.0,0.0,0.0,0.0,0.0,0.0,0.0,0.0,0.0,,0.0,0.0,0.0,0.0,,0.0,0.0,0.0,0.0,0.0,0.0,0.0,0.0,0.0,0.0,0.0,0.0,0.0,0.0,,,,0.0,0.0,0.0,0.0,0.0,0.0,0.0,,0.0,0.16256678104400635,0.0,0.0,0.0,0.0,0.0,0.0,0.0,,0.0,0.0,0.0,0.0,0.0,0.0,,0.0,0.0,0.0,0.0,0.0,0.0,0.0,0.0,0.0,0.0,,0.0,0.0,0.0,0.0,,0.0,0.0,0.0,0.0,0.0,0.0,,0.0,0.0,0.0,0.0,0.0,0.0,,0.0,,0.0,0.0,0.0,0.0,0.0,0.0,0.0,0.0,0.0,0.0,0.06631564348936081,,0.0,0.0,0.0,0.0,0.2114010602235794,0.0,0.0,0.0,0.0,0.0,,0.0,0.0,0.0,0.0,0.0,0.0,0.0,0.0,0.07473663240671158,0.002394676674157381,0.0,,0.0,0.0,0.0,0.0,0.0,0.0,0.0,0.0,,0.0,0.0,,0.0,0.0,0.0,0.0,,,0.0,0.0,,0.0,0.0,,,0.0,0.0,0.0,0.0,0.0,0.0,0.0,,0.0,0.0,0.0,0.0,0.0,0.0,0.0,0.0,0.0,0.0,0.0,,0.0,0.0,,0.0,0.0,0.0,,0.0,0.0,0.0,0.0,,0.0,0.0,0.0,0.0,0.0,0.0,0.0,0.0,0.0,0.0,0.0,0.0,0.0,0.0,0.0,0.0,,0.0,0.11432407796382904,0.0,0.0,0.15972954034805298,0.0,0.0,0.0,0.0,0.0,0.0,0.0,0.0,0.0,0.0,,0.0,0.0,0.0,0.0,0.0,0.0,0.0,0.0,0.0,0.0,0.0,0.0,0.0,0.0,0.0,,,0.0,0.0,0.0,,,0.0,0.0,0.0,,0.0,,0.0,,0.0,,,0.0,,0.0,,0.0,0.0,0.0,0.0,0.0,0.0,0.0,0.0,0.0,0.0,,0.0,0.0,,0.0,0.0,0.0,0.0,,0.0,0.0,0.0,0.0,0.0,0.0,0.07511357963085175,0.0,,0.0,,0.0,0.0,0.0,0.0,,0.0,,,,0.0,,0.0,0.0,,0.0,0.0,0.0,0.0,,,0.0,0.0,0.0,0.0,0.0,,0.0,,0.0,0.0,0.0,0.008292756043374538,0.0,0.0,0.0,,0.0,0.0,0.0,0.0,0.0,0.0,,0.0,0.0,0.0,0.0,0.0,0.0,,,0.0,0.0,0.0,0.0,0.0,0.0,,0.0,0.0,0.0,,0.0,,,0.0,0.0,0.0,0.0,0.0,,0.0,0.0,,0.0,,0.0,0.0,0.0,0.0,0.0,0.0,0.0,0.0,0.0,0.0,0.0,0.0,0.0,0.0,0.0,0.0,0.0,0.0,0.0,0.0,0.0,0.0,0.0,0.0,0.0,0.0,0.0,0.0,0.0,0.0,0.0,0.0,0.0,0.0,0.0,0.0,0.0,0.0,0.0,0.0,0.0,0.01570284366607666,0.0,0.0,0.0,0.0,0.0,0.0,0.0,0.0,0.0,0.0,0.0,0.0,0.0,0.0,0.0,0.0,0.0,0.0,0.0,0.0,0.0,0.0,0.0,0.0,0.0,0.0,0.0,0.0,0.0,0.0,0.0,0.0,0.0,0.0,0.0,0.0,0.0,0.10942241549491882,0.0,0.0,0.0,0.0,0.0,0.0,0.0,0.0,0.0,0.0,0.0,0.0,0.0,0.0,0.0,,,,,,,,,,,,,,,,,,,,,,,,,,,,,,,,,,,,,,,,,,,,,,,,,,,,,,,,,,,,,,,,,,,,,,,,,,,,,,,,,,,,,,,,,,,,,,,,,,,,,,,,,,,,,,,,,,,,,,,,,,,,,,,,,,,,,,,,,,,,,,,,,,,,,,,,,,,,,,,,,,,,,,,,,,,,,,
2020-05-18,679625.201539492,367.54509666326766,,,,,,,,,,,76494.84123570709,,1039061.7711000025,,,,,,,,,,,,,,,,,,,,8740.013177988707,,,,9482.362270552316,10957.757595254634,1587.2753190427727,29511.217322338092,38131.15786827955,6805.956064854392,36689.24100957259,45291.87893701907,,,,,,,,,,,,,,,,,,,,,,,,,,,,,,,,,,,,,,,,,,,,,,,,,,,,,,,,,,,,,,,,,,,,,,,,,,,,,,0.0,0.0,0.0,0.0,0.0,0.0,0.0,0.0,0.0,0.0,0.0,0.0,0.0,0.0,0.0,0.0,,0.0,0.0,0.0,,0.0,0.0,0.0,0.0,0.0,,0.0,0.0,0.0,0.0,0.0,0.0,,0.0,,,,0.0,0.0,0.0,,0.0,0.0,0.0,0.0,0.0,,,0.0,,0.0,0.0,0.0,0.0,0.0,0.0,0.0,0.0,0.0,0.0,0.0,0.0,0.0,,0.0,0.0,0.0,0.0,0.0,,0.0,0.0,,0.0,0.0,0.0,0.0,,0.0,0.0,0.0,0.0,0.0,,0.0,0.0,,0.0,0.0,0.0,0.0,0.0,0.0,0.0,0.0,0.0,0.0,0.0,0.0,,0.0,0.0,,,,,0.0,0.0,0.0,0.0,0.0,0.0,0.0,0.0,0.0,,0.0,0.0,0.0,,0.0,0.0,0.0,0.0,0.0,0.0,,0.0,,0.0,0.0,0.0,0.0,0.0,0.0,0.0,,0.0,0.0,0.0,0.0,0.0,0.0,0.0,0.0,0.0,0.0,0.0,0.0,0.0,,0.0,0.0,0.0,0.0,,0.0,0.0,0.0,0.0,0.0,0.0,0.0,0.0,0.0,0.0,0.0,0.0,0.0,0.0,,,,0.0,0.0,0.0,0.0,0.0,0.0,0.0,,0.0,0.16256678104400635,0.0,0.0,0.0,0.0,0.0,0.0,0.0,,0.0,0.0,0.0,0.0,0.0,0.0,,0.0,0.0,0.0,0.0,0.0,0.0,0.0,0.0,0.0,0.0,,0.0,0.0,0.0,0.0,,0.0,0.0,0.0,0.0,0.0,0.0,,0.0,0.0,0.0,0.0,0.0,0.0,,0.0,,0.0,0.0,0.0,0.0,0.0,0.0,0.0,0.0,0.0,0.0,0.06631564348936081,,0.0,0.0,0.0,0.0,0.2114010602235794,0.0,0.0,0.0,0.0,0.0,,0.0,0.0,0.0,0.0,0.0,0.0,0.0,0.0,0.07473663240671158,0.002394676674157381,0.0,,0.0,0.0,0.0,0.0,0.0,0.0,0.0,0.0,,0.0,0.0,,0.0,0.0,0.0,0.0,,,0.0,0.0,,0.0,0.0,,,0.0,0.0,0.0,0.0,0.0,0.0,0.0,,0.0,0.0,0.0,0.0,0.0,0.0,0.0,0.0,0.0,0.0,0.0,,0.0,0.0,,0.0,0.0,0.0,,0.0,0.0,0.0,0.0,,0.0,0.0,0.0,0.0,0.0,0.0,0.0,0.0,0.0,0.0,0.0,0.0,0.0,0.0,0.0,0.0,,0.0,0.11432407796382904,0.0,0.0,0.15972954034805298,0.0,0.0,0.0,0.0,0.0,0.0,0.0,0.0,0.0,0.0,,0.0,0.0,0.0,0.0,0.0,0.0,0.0,0.0,0.0,0.0,0.0,0.0,0.0,0.0,0.0,,,0.0,0.0,0.0,,,0.0,0.0,0.0,,0.0,,0.0,,0.0,,,0.0,,0.0,,0.0,0.0,0.0,0.0,0.0,0.0,0.0,0.0,0.0,0.0,,0.0,0.0,,0.0,0.0,0.0,0.0,,0.0,0.0,0.0,0.0,0.0,0.0,0.07511357963085175,0.0,,0.0,,0.0,0.0,0.0,0.0,,0.0,,,,0.0,,0.0,0.0,,0.0,0.0,0.0,0.0,,,0.0,0.0,0.0,0.0,0.0,,0.0,,0.0,0.0,0.0,0.008292756043374538,0.0,0.0,0.0,,0.0,0.0,0.0,0.0,0.0,0.0,,0.0,0.0,0.0,0.0,0.0,0.0,,,0.0,0.0,0.0,0.0,0.0,0.0,,0.0,0.0,0.0,,0.0,,,0.0,0.0,0.0,0.0,0.0,,0.0,0.0,,0.0,,0.0,0.0,0.0,0.0,0.0,0.0,0.0,0.0,0.0,0.0,0.0,0.0,0.0,0.0,0.0,0.0,0.0,0.0,0.0,0.0,0.0,0.0,0.0,0.0,0.0,0.0,0.0,0.0,0.0,0.0,0.0,0.0,0.0,0.0,0.0,0.0,0.0,0.0,0.0,0.0,0.0,0.01570284366607666,0.0,0.0,0.0,0.0,0.0,0.0,0.0,0.0,0.0,0.0,0.0,0.0,0.0,0.0,0.0,0.0,0.0,0.0,0.0,0.0,0.0,0.0,0.0,0.0,0.0,0.0,0.0,0.0,0.0,0.0,0.0,0.0,0.0,0.0,0.0,0.0,0.0,0.10942241549491882,0.0,0.0,0.0,0.0,0.0,0.0,0.0,0.0,0.0,0.0,0.0,0.0,0.0,0.0,0.0,,,,,,,,,,,,,,,,,,,,,,,,,,,,,,,,,,,,,,,,,,,,,,,,,,,,,,,,,,,,,,,,,,,,,,,,,,,,,,,,,,,,,,,,,,,,,,,,,,,,,,,,,,,,,,,,,,,,,,,,,,,,,,,,,,,,,,,,,,,,,,,,,,,,,,,,,,,,,,,,,,,,,,,,,,,,,,
2020-05-19,693668.8768643425,292.39145966530566,,,,,,,,,,,76494.84123570709,,1039061.7711000025,,,,,,,,,,,,,,,,,,,,8740.013177988707,,,,9482.305699833685,10959.069336018494,1587.318268968313,29314.07924576481,38131.15786827955,6805.956064854392,36689.24100957259,45789.54727946696,,,,,,,,,,,,,,,,,,,,,,,,,,,,,,,,,,,,,,,,,,,,,,,,,,,,,,,,,,,,,,,,,,,,,,,,,,,,,,0.0,0.0,0.0,0.0,0.0,0.0,0.0,0.0,0.0,0.0,0.0,0.0,0.0,0.0,0.0,0.0,,0.0,0.0,0.0,,0.0,0.0,0.0,0.0,0.0,,0.0,0.0,0.0,0.0,0.0,0.0,,0.0,,,,0.0,0.0,0.0,,0.0,0.0,0.0,0.0,0.0,,,0.0,,0.0,0.0,0.0,0.0,0.0,0.0,0.0,0.0,0.0,0.0,0.0,0.0,0.0,,0.0,0.0,0.0,0.0,0.0,,0.0,0.0,,0.0,0.0,0.0,0.0,,0.0,0.0,0.0,0.0,0.0,,0.0,0.0,,0.0,0.0,0.0,0.0,0.0,0.0,0.0,0.0,0.0,0.0,0.0,0.0,,0.0,0.0,,,,,0.0,0.0,0.0,0.0,0.0,0.0,0.0,0.0,0.0,,0.0,0.0,0.0,,0.0,0.0,0.0,0.0,0.0,0.0,,0.0,,0.0,0.0,0.0,0.0,0.0,0.0,0.0,,0.0,0.0,0.0,0.0,0.0,0.0,0.0,0.0,0.0,0.0,0.0,0.0,0.0,,0.0,0.0,0.0,0.0,,0.0,0.0,0.0,0.0,0.0,0.0,0.0,0.0,0.0,0.0,0.0,0.0,0.0,0.0,,,,0.0,0.0,0.0,0.0,0.0,0.0,0.0,,0.0,0.16256678104400635,0.0,0.0,0.0,0.0,0.0,0.0,0.0,,0.0,0.0,0.0,0.0,0.0,0.0,,0.0,0.0,0.0,0.0,0.0,0.0,0.0,0.0,0.0,0.0,,0.0,0.0,0.0,0.0,,0.0,0.0,0.0,0.0,0.0,0.0,,0.0,0.0,0.0,0.0,0.0,0.0,,0.0,,0.0,0.0,0.0,0.0,0.0,0.0,0.0,0.0,0.0,0.0,0.06631564348936081,,0.0,0.0,0.0,0.0,0.2114010602235794,0.0,0.0,0.0,0.0,0.0,,0.0,0.0,0.0,0.0,0.0,0.0,0.0,0.0,0.07473663240671158,0.002394676674157381,0.0,,0.0,0.0,0.0,0.0,0.0,0.0,0.0,0.0,,0.0,0.0,,0.0,0.0,0.0,0.0,,,0.0,0.0,,0.0,0.0,,,0.0,0.0,0.0,0.0,0.0,0.0,0.0,,0.0,0.0,0.0,0.0,0.0,0.0,0.0,0.0,0.0,0.0,0.0,,0.0,0.0,,0.0,0.0,0.0,,0.0,0.0,0.0,0.0,,0.0,0.0,0.0,0.0,0.0,0.0,0.0,0.0,0.0,0.0,0.0,0.0,0.0,0.0,0.0,0.0,,0.0,0.11432407796382904,0.0,0.0,0.15972954034805298,0.0,0.0,0.0,0.0,0.0,0.0,0.0,0.0,0.0,0.0,,0.0,0.0,0.0,0.0,0.0,0.0,0.0,0.0,0.0,0.0,0.0,0.0,0.0,0.0,0.0,,,0.0,0.0,0.0,,,0.0,0.0,0.0,,0.0,,0.0,,0.0,,,0.0,,0.0,,0.0,0.0,0.0,0.0,0.0,0.0,0.0,0.0,0.0,0.0,,0.0,0.0,,0.0,0.0,0.0,0.0,,0.0,0.0,0.0,0.0,0.0,0.0,0.07511357963085175,0.0,,0.0,,0.0,0.0,0.0,0.0,,0.0,,,,0.0,,0.0,0.0,,0.0,0.0,0.0,0.0,,,0.0,0.0,0.0,0.0,0.0,,0.0,,0.0,0.0,0.0,0.008292756043374538,0.0,0.0,0.0,,0.0,0.0,0.0,0.0,0.0,0.0,,0.0,0.0,0.0,0.0,0.0,0.0,,,0.0,0.0,0.0,0.0,0.0,0.0,,0.0,0.0,0.0,,0.0,,,0.0,0.0,0.0,0.0,0.0,,0.0,0.0,,0.0,,0.0,0.0,0.0,0.0,0.0,0.0,0.0,0.0,0.0,0.0,0.0,0.0,0.0,0.0,0.0,0.0,0.0,0.0,0.0,0.0,0.0,0.0,0.0,0.0,0.0,0.0,0.0,0.0,0.0,0.0,0.0,0.0,0.0,0.0,0.0,0.0,0.0,0.0,0.0,0.0,0.0,0.01570284366607666,0.0,0.0,0.0,0.0,0.0,0.0,0.0,0.0,0.0,0.0,0.0,0.0,0.0,0.0,0.0,0.0,0.0,0.0,0.0,0.0,0.0,0.0,0.0,0.0,0.0,0.0,0.0,0.0,0.0,0.0,0.0,0.0,0.0,0.0,0.0,0.0,0.0,0.10942241549491882,0.0,0.0,0.0,0.0,0.0,0.0,0.0,0.0,0.0,0.0,0.0,0.0,0.0,0.0,0.0,,,,,,,,,,,,,,,,,,,,,,,,,,,,,,,,,,,,,,,,,,,,,,,,,,,,,,,,,,,,,,,,,,,,,,,,,,,,,,,,,,,,,,,,,,,,,,,,,,,,,,,,,,,,,,,,,,,,,,,,,,,,,,,,,,,,,,,,,,,,,,,,,,,,,,,,,,,,,,,,,,,,,,,,,,,,,,
2020-05-20,687080.2445318934,156.75194015099555,,,,,,,,,,,76494.84123570709,,1039061.7711000025,,,,,,,,,,,,,,,,,,,,8740.013177988707,,,,9482.62205791407,10793.022830927304,1428.5886046470043,29116.592058537004,40375.10728896476,7500.287763988867,36689.24100957259,46287.25810465671,,,,,,,,,,,,,,,,,,,,,,,,,,,,,,,,,,,,,,,,,,,,,,,,,,,,,,,,,,,,,,,,,,,,,,,,,,,,,,0.0,0.0,0.0,0.0,0.0,0.0,0.0,0.0,0.0,0.0,0.0,0.0,0.0,0.0,0.0,0.0,,0.0,0.0,0.0,,0.0,0.0,0.0,0.0,0.0,,0.0,0.0,0.0,0.0,0.0,0.0,,0.0,,,,0.0,0.0,0.0,,0.0,0.0,0.0,0.0,0.0,,,0.0,,0.0,0.0,0.0,0.0,0.0,0.0,0.0,0.0,0.0,0.0,0.0,0.0,0.0,,0.0,0.0,0.0,0.0,0.0,,0.0,0.0,,0.0,0.0,0.0,0.0,,0.0,0.0,0.0,0.0,0.0,,0.0,0.0,,0.0,0.0,0.0,0.0,0.0,0.0,0.0,0.0,0.0,0.0,0.0,0.0,,0.0,0.0,,,,,0.0,0.0,0.0,0.0,0.0,0.0,0.0,0.0,0.0,,0.0,0.0,0.0,,0.0,0.0,0.0,0.0,0.0,0.0,,0.0,,0.0,0.0,0.0,0.0,0.0,0.0,0.0,,0.0,0.0,0.0,0.0,0.0,0.0,0.0,0.0,0.0,0.0,0.0,0.0,0.0,,0.0,0.0,0.0,0.0,,0.0,0.0,0.0,0.0,0.0,0.0,0.0,0.0,0.0,0.0,0.0,0.0,0.0,0.0,,,,0.0,0.0,0.0,0.0,0.0,0.0,0.0,,0.0,0.16256678104400635,0.0,0.0,0.0,0.0,0.0,0.0,0.0,,0.0,0.0,0.0,0.0,0.0,0.0,,0.0,0.0,0.0,0.0,0.0,0.0,0.0,0.0,0.0,0.0,,0.0,0.0,0.0,0.0,,0.0,0.0,0.0,0.0,0.0,0.0,,0.0,0.0,0.0,0.0,0.0,0.0,,0.0,,0.0,0.0,0.0,0.0,0.0,0.0,0.0,0.0,0.0,0.0,0.06631564348936081,,0.0,0.0,0.0,0.0,0.2114010602235794,0.0,0.0,0.0,0.0,0.0,,0.0,0.0,0.0,0.0,0.0,0.0,0.0,0.0,0.07473663240671158,0.002394676674157381,0.0,,0.0,0.0,0.0,0.0,0.0,0.0,0.0,0.0,,0.0,0.0,,0.0,0.0,0.0,0.0,,,0.0,0.0,,0.0,0.0,,,0.0,0.0,0.0,0.0,0.0,0.0,0.0,,0.0,0.0,0.0,0.0,0.0,0.0,0.0,0.0,0.0,0.0,0.0,,0.0,0.0,,0.0,0.0,0.0,,0.0,0.0,0.0,0.0,,0.0,0.0,0.0,0.0,0.0,0.0,0.0,0.0,0.0,0.0,0.0,0.0,0.0,0.0,0.0,0.0,,0.0,0.11432407796382904,0.0,0.0,0.15972954034805298,0.0,0.0,0.0,0.0,0.0,0.0,0.0,0.0,0.0,0.0,,0.0,0.0,0.0,0.0,0.0,0.0,0.0,0.0,0.0,0.0,0.0,0.0,0.0,0.0,0.0,,,0.0,0.0,0.0,,,0.0,0.0,0.0,,0.0,,0.0,,0.0,,,0.0,,0.0,,0.0,0.0,0.0,0.0,0.0,0.0,0.0,0.0,0.0,0.0,,0.0,0.0,,0.0,0.0,0.0,0.0,,0.0,0.0,0.0,0.0,0.0,0.0,0.07511357963085175,0.0,,0.0,,0.0,0.0,0.0,0.0,,0.0,,,,0.0,,0.0,0.0,,0.0,0.0,0.0,0.0,,,0.0,0.0,0.0,0.0,0.0,,0.0,,0.0,0.0,0.0,0.008292756043374538,0.0,0.0,0.0,,0.0,0.0,0.0,0.0,0.0,0.0,,0.0,0.0,0.0,0.0,0.0,0.0,,,0.0,0.0,0.0,0.0,0.0,0.0,,0.0,0.0,0.0,,0.0,,,0.0,0.0,0.0,0.0,0.0,,0.0,0.0,,0.0,,0.0,0.0,0.0,0.0,0.0,0.0,0.0,0.0,0.0,0.0,0.0,0.0,0.0,0.0,0.0,0.0,0.0,0.0,0.0,0.0,0.0,0.0,0.0,0.0,0.0,0.0,0.0,0.0,0.0,0.0,0.0,0.0,0.0,0.0,0.0,0.0,0.0,0.0,0.0,0.0,0.0,0.01570284366607666,0.0,0.0,0.0,0.0,0.0,0.0,0.0,0.0,0.0,0.0,0.0,0.0,0.0,0.0,0.0,0.0,0.0,0.0,0.0,0.0,0.0,0.0,0.0,0.0,0.0,0.0,0.0,0.0,0.0,0.0,0.0,0.0,0.0,0.0,0.0,0.0,0.0,0.10942241549491882,0.0,0.0,0.0,0.0,0.0,0.0,0.0,0.0,0.0,0.0,0.0,0.0,0.0,0.0,0.0,,,,,,,,,,,,,,,,,,,,,,,,,,,,,,,,,,,,,,,,,,,,,,,,,,,,,,,,,,,,,,,,,,,,,,,,,,,,,,,,,,,,,,,,,,,,,,,,,,,,,,,,,,,,,,,,,,,,,,,,,,,,,,,,,,,,,,,,,,,,,,,,,,,,,,,,,,,,,,,,,,,,,,,,,,,,,,
2020-05-21,672582.9588628724,205.83178482900303,,,,,,,,,,,76494.84123570709,,1039061.7711000025,,,,,,,,,,,,,,,,,,,,8740.013177988707,,,,9482.62205791407,10793.022830927304,1428.55413937895,27231.07649582742,41119.802856003334,7916.958035939895,36689.24100957259,46784.975795679224,,,,,,,,,,,,,,,,,,,,,,,,,,,,,,,,,,,,,,,,,,,,,,,,,,,,,,,,,,,,,,,,,,,,,,,,,,,,,,0.0,0.0,0.0,0.0,0.0,0.0,0.0,0.0,0.0,0.0,0.0,0.0,0.0,0.0,0.0,0.0,,0.0,0.0,0.0,,0.0,0.0,0.0,0.0,0.0,,0.0,0.0,0.0,0.0,0.0,0.0,,0.0,,,,0.0,0.0,0.0,,0.0,0.0,0.0,0.0,0.0,,,0.0,,0.0,0.0,0.0,0.0,0.0,0.0,0.0,0.0,0.0,0.0,0.0,0.0,0.0,,0.0,0.0,0.0,0.0,0.0,,0.0,0.0,,0.0,0.0,0.0,0.0,,0.0,0.0,0.0,0.0,0.0,,0.0,0.0,,0.0,0.0,0.0,0.0,0.0,0.0,0.0,0.0,0.0,0.0,0.0,0.0,,0.0,0.0,,,,,0.0,0.0,0.0,0.0,0.0,0.0,0.0,0.0,0.0,,0.0,0.0,0.0,,0.0,0.0,0.0,0.0,0.0,0.0,,0.0,,0.0,0.0,0.0,0.0,0.0,0.0,0.0,,0.0,0.0,0.0,0.0,0.0,0.0,0.0,0.0,0.0,0.0,0.0,0.0,0.0,,0.0,0.0,0.0,0.0,,0.0,0.0,0.0,0.0,0.0,0.0,0.0,0.0,0.0,0.0,0.0,0.0,0.0,0.0,,,,0.0,0.0,0.0,0.0,0.0,0.0,0.0,,0.0,0.16256678104400635,0.0,0.0,0.0,0.0,0.0,0.0,0.0,,0.0,0.0,0.0,0.0,0.0,0.0,,0.0,0.0,0.0,0.0,0.0,0.0,0.0,0.0,0.0,0.0,,0.0,0.0,0.0,0.0,,0.0,0.0,0.0,0.0,0.0,0.0,,0.0,0.0,0.0,0.0,0.0,0.0,,0.0,,0.0,0.0,0.0,0.0,0.0,0.0,0.0,0.0,0.0,0.0,0.06631564348936081,,0.0,0.0,0.0,0.0,0.2114010602235794,0.0,0.0,0.0,0.0,0.0,,0.0,0.0,0.0,0.0,0.0,0.0,0.0,0.0,0.07473663240671158,0.002394676674157381,0.0,,0.0,0.0,0.0,0.0,0.0,0.0,0.0,0.0,,0.0,0.0,,0.0,0.0,0.0,0.0,,,0.0,0.0,,0.0,0.0,,,0.0,0.0,0.0,0.0,0.0,0.0,0.0,,0.0,0.0,0.0,0.0,0.0,0.0,0.0,0.0,0.0,0.0,0.0,,0.0,0.0,,0.0,0.0,0.0,,0.0,0.0,0.0,0.0,,0.0,0.0,0.0,0.0,0.0,0.0,0.0,0.0,0.0,0.0,0.0,0.0,0.0,0.0,0.0,0.0,,0.0,0.11432407796382904,0.0,0.0,0.15972954034805298,0.0,0.0,0.0,0.0,0.0,0.0,0.0,0.0,0.0,0.0,,0.0,0.0,0.0,0.0,0.0,0.0,0.0,0.0,0.0,0.0,0.0,0.0,0.0,0.0,0.0,,,0.0,0.0,0.0,,,0.0,0.0,0.0,,0.0,,0.0,,0.0,,,0.0,,0.0,,0.0,0.0,0.0,0.0,0.0,0.0,0.0,0.0,0.0,0.0,,0.0,0.0,,0.0,0.0,0.0,0.0,,0.0,0.0,0.0,0.0,0.0,0.0,0.07511357963085175,0.0,,0.0,,0.0,0.0,0.0,0.0,,0.0,,,,0.0,,0.0,0.0,,0.0,0.0,0.0,0.0,,,0.0,0.0,0.0,0.0,0.0,,0.0,,0.0,0.0,0.0,0.008292756043374538,0.0,0.0,0.0,,0.0,0.0,0.0,0.0,0.0,0.0,,0.0,0.0,0.0,0.0,0.0,0.0,,,0.0,0.0,0.0,0.0,0.0,0.0,,0.0,0.0,0.0,,0.0,,,0.0,0.0,0.0,0.0,0.0,,0.0,0.0,,0.0,,0.0,0.0,0.0,0.0,0.0,0.0,0.0,0.0,0.0,0.0,0.0,0.0,0.0,0.0,0.0,0.0,0.0,0.0,0.0,0.0,0.0,0.0,0.0,0.0,0.0,0.0,0.0,0.0,0.0,0.0,0.0,0.0,0.0,0.0,0.0,0.0,0.0,0.0,0.0,0.0,0.0,0.01570284366607666,0.0,0.0,0.0,0.0,0.0,0.0,0.0,0.0,0.0,0.0,0.0,0.0,0.0,0.0,0.0,0.0,0.0,0.0,0.0,0.0,0.0,0.0,0.0,0.0,0.0,0.0,0.0,0.0,0.0,0.0,0.0,0.0,0.0,0.0,0.0,0.0,0.0,0.10942241549491882,0.0,0.0,0.0,0.0,0.0,0.0,0.0,0.0,0.0,0.0,0.0,0.0,0.0,0.0,0.0,,,,,,,,,,,,,,,,,,,,,,,,,,,,,,,,,,,,,,,,,,,,,,,,,,,,,,,,,,,,,,,,,,,,,,,,,,,,,,,,,,,,,,,,,,,,,,,,,,,,,,,,,,,,,,,,,,,,,,,,,,,,,,,,,,,,,,,,,,,,,,,,,,,,,,,,,,,,,,,,,,,,,,,,,,,,,,
2020-05-22,668691.4386933363,249.3393449237688,,,,,,,,,,,76494.84123570709,,1039061.7711000025,,,,,,,,,,,,,,,,,,,,8740.013177988707,,,,9482.653322682261,10792.858330496196,1428.5758996095694,27211.25251108627,41122.92732949191,7916.958035939895,36689.24100957259,46784.975795679224,,,,,,,,,,,,,,,,,,,,,,,,,,,,,,,,,,,,,,,,,,,,,,,,,,,,,,,,,,,,,,,,,,,,,,,,,,,,,,0.0,0.0,0.0,0.0,0.0,0.0,0.0,0.0,0.0,0.0,0.0,0.0,0.0,0.0,0.0,0.0,,0.0,0.0,0.0,,0.0,0.0,0.0,0.0,0.0,,0.0,0.0,0.0,0.0,0.0,0.0,,0.0,,,,0.0,0.0,0.0,,0.0,0.0,0.0,0.0,0.0,,,0.0,,0.0,0.0,0.0,0.0,0.0,0.0,0.0,0.0,0.0,0.0,0.0,0.0,0.0,,0.0,0.0,0.0,0.0,0.0,,0.0,0.0,,0.0,0.0,0.0,0.0,,0.0,0.0,0.0,0.0,0.0,,0.0,0.0,,0.0,0.0,0.0,0.0,0.0,0.0,0.0,0.0,0.0,0.0,0.0,0.0,,0.0,0.0,,,,,0.0,0.0,0.0,0.0,0.0,0.0,0.0,0.0,0.0,,0.0,0.0,0.0,,0.0,0.0,0.0,0.0,0.0,0.0,,0.0,,0.0,0.0,0.0,0.0,0.0,0.0,0.0,,0.0,0.0,0.0,0.0,0.0,0.0,0.0,0.0,0.0,0.0,0.0,0.0,0.0,,0.0,0.0,0.0,0.0,,0.0,0.0,0.0,0.0,0.0,0.0,0.0,0.0,0.0,0.0,0.0,0.0,0.0,0.0,,,,0.0,0.0,0.0,0.0,0.0,0.0,0.0,,0.0,0.16256678104400635,0.0,0.0,0.0,0.0,0.0,0.0,0.0,,0.0,0.0,0.0,0.0,0.0,0.0,,0.0,0.0,0.0,0.0,0.0,0.0,0.0,0.0,0.0,0.0,,0.0,0.0,0.0,0.0,,0.0,0.0,0.0,0.0,0.0,0.0,,0.0,0.0,0.0,0.0,0.0,0.0,,0.0,,0.0,0.0,0.0,0.0,0.0,0.0,0.0,0.0,0.0,0.0,0.06631564348936081,,0.0,0.0,0.0,0.0,0.2114010602235794,0.0,0.0,0.0,0.0,0.0,,0.0,0.0,0.0,0.0,0.0,0.0,0.0,0.0,0.07473663240671158,0.002394676674157381,0.0,,0.0,0.0,0.0,0.0,0.0,0.0,0.0,0.0,,0.0,0.0,,0.0,0.0,0.0,0.0,,,0.0,0.0,,0.0,0.0,,,0.0,0.0,0.0,0.0,0.0,0.0,0.0,,0.0,0.0,0.0,0.0,0.0,0.0,0.0,0.0,0.0,0.0,0.0,,0.0,0.0,,0.0,0.0,0.0,,0.0,0.0,0.0,0.0,,0.0,0.0,0.0,0.0,0.0,0.0,0.0,0.0,0.0,0.0,0.0,0.0,0.0,0.0,0.0,0.0,,0.0,0.11432407796382904,0.0,0.0,0.15972954034805298,0.0,0.0,0.0,0.0,0.0,0.0,0.0,0.0,0.0,0.0,,0.0,0.0,0.0,0.0,0.0,0.0,0.0,0.0,0.0,0.0,0.0,0.0,0.0,0.0,0.0,,,0.0,0.0,0.0,,,0.0,0.0,0.0,,0.0,,0.0,,0.0,,,0.0,,0.0,,0.0,0.0,0.0,0.0,0.0,0.0,0.0,0.0,0.0,0.0,,0.0,0.0,,0.0,0.0,0.0,0.0,,0.0,0.0,0.0,0.0,0.0,0.0,0.07511357963085175,0.0,,0.0,,0.0,0.0,0.0,0.0,,0.0,,,,0.0,,0.0,0.0,,0.0,0.0,0.0,0.0,,,0.0,0.0,0.0,0.0,0.0,,0.0,,0.0,0.0,0.0,0.008292756043374538,0.0,0.0,0.0,,0.0,0.0,0.0,0.0,0.0,0.0,,0.0,0.0,0.0,0.0,0.0,0.0,,,0.0,0.0,0.0,0.0,0.0,0.0,,0.0,0.0,0.0,,0.0,,,0.0,0.0,0.0,0.0,0.0,,0.0,0.0,,0.0,,0.0,0.0,0.0,0.0,0.0,0.0,0.0,0.0,0.0,0.0,0.0,0.0,0.0,0.0,0.0,0.0,0.0,0.0,0.0,0.0,0.0,0.0,0.0,0.0,0.0,0.0,0.0,0.0,0.0,0.0,0.0,0.0,0.0,0.0,0.0,0.0,0.0,0.0,0.0,0.0,0.0,0.01570284366607666,0.0,0.0,0.0,0.0,0.0,0.0,0.0,0.0,0.0,0.0,0.0,0.0,0.0,0.0,0.0,0.0,0.0,0.0,0.0,0.0,0.0,0.0,0.0,0.0,0.0,0.0,0.0,0.0,0.0,0.0,0.0,0.0,0.0,0.0,0.0,0.0,0.0,0.10942241549491882,0.0,0.0,0.0,0.0,0.0,0.0,0.0,0.0,0.0,0.0,0.0,0.0,0.0,0.0,0.0,,,,,,,,,,,,,,,,,,,,,,,,,,,,,,,,,,,,,,,,,,,,,,,,,,,,,,,,,,,,,,,,,,,,,,,,,,,,,,,,,,,,,,,,,,,,,,,,,,,,,,,,,,,,,,,,,,,,,,,,,,,,,,,,,,,,,,,,,,,,,,,,,,,,,,,,,,,,,,,,,,,,,,,,,,,,,,
2020-05-25,666868.6023898475,376.4797642822517,,,,,,,,,,,76494.84123570709,,1039061.7711000025,,,,,,,,,,,,,,,,,,,,8740.013177988707,,,,9482.350360871247,10792.858330496196,1428.581576300495,26591.324168316947,41120.4991784785,8055.851035647327,36689.24100957259,47282.66894037592,,,,,,,,,,,,,,,,,,,,,,,,,,,,,,,,,,,,,,,,,,,,,,,,,,,,,,,,,,,,,,,,,,,,,,,,,,,,,,0.0,0.0,0.0,0.0,0.0,0.0,0.0,0.0,0.0,0.0,0.0,0.0,0.0,0.0,0.0,0.0,,0.0,0.0,0.0,,0.0,0.0,0.0,0.0,0.0,,0.0,0.0,0.0,0.0,0.0,0.0,,0.0,,,,0.0,0.0,0.0,,0.0,0.0,0.0,0.0,0.0,,,0.0,,0.0,0.0,0.0,0.0,0.0,0.0,0.0,0.0,0.0,0.0,0.0,0.0,0.0,,0.0,0.0,0.0,0.0,0.0,,0.0,0.0,,0.0,0.0,0.0,0.0,,0.0,0.0,0.0,0.0,0.0,,0.0,0.0,,0.0,0.0,0.0,0.0,0.0,0.0,0.0,0.0,0.0,0.0,0.0,0.0,,0.0,0.0,,,,,0.0,0.0,0.0,0.0,0.0,0.0,0.0,0.0,0.0,,0.0,0.0,0.0,,0.0,0.0,0.0,0.0,0.0,0.0,,0.0,,0.0,0.0,0.0,0.0,0.0,0.0,0.0,,0.0,0.0,0.0,0.0,0.0,0.0,0.0,0.0,0.0,0.0,0.0,0.0,0.0,,0.0,0.0,0.0,0.0,,0.0,0.0,0.0,0.0,0.0,0.0,0.0,0.0,0.0,0.0,0.0,0.0,0.0,0.0,,,,0.0,0.0,0.0,0.0,0.0,0.0,0.0,,0.0,0.16256678104400635,0.0,0.0,0.0,0.0,0.0,0.0,0.0,,0.0,0.0,0.0,0.0,0.0,0.0,,0.0,0.0,0.0,0.0,0.0,0.0,0.0,0.0,0.0,0.0,,0.0,0.0,0.0,0.0,,0.0,0.0,0.0,0.0,0.0,0.0,,0.0,0.0,0.0,0.0,0.0,0.0,,0.0,,0.0,0.0,0.0,0.0,0.0,0.0,0.0,0.0,0.0,0.0,0.06631564348936081,,0.0,0.0,0.0,0.0,0.2114010602235794,0.0,0.0,0.0,0.0,0.0,,0.0,0.0,0.0,0.0,0.0,0.0,0.0,0.0,0.07473663240671158,0.002394676674157381,0.0,,0.0,0.0,0.0,0.0,0.0,0.0,0.0,0.0,,0.0,0.0,,0.0,0.0,0.0,0.0,,,0.0,0.0,,0.0,0.0,,,0.0,0.0,0.0,0.0,0.0,0.0,0.0,,0.0,0.0,0.0,0.0,0.0,0.0,0.0,0.0,0.0,0.0,0.0,,0.0,0.0,,0.0,0.0,0.0,,0.0,0.0,0.0,0.0,,0.0,0.0,0.0,0.0,0.0,0.0,0.0,0.0,0.0,0.0,0.0,0.0,0.0,0.0,0.0,0.0,,0.0,0.11432407796382904,0.0,0.0,0.15972954034805298,0.0,0.0,0.0,0.0,0.0,0.0,0.0,0.0,0.0,0.0,,0.0,0.0,0.0,0.0,0.0,0.0,0.0,0.0,0.0,0.0,0.0,0.0,0.0,0.0,0.0,,,0.0,0.0,0.0,,,0.0,0.0,0.0,,0.0,,0.0,,0.0,,,0.0,,0.0,,0.0,0.0,0.0,0.0,0.0,0.0,0.0,0.0,0.0,0.0,,0.0,0.0,,0.0,0.0,0.0,0.0,,0.0,0.0,0.0,0.0,0.0,0.0,0.07511357963085175,0.0,,0.0,,0.0,0.0,0.0,0.0,,0.0,,,,0.0,,0.0,0.0,,0.0,0.0,0.0,0.0,,,0.0,0.0,0.0,0.0,0.0,,0.0,,0.0,0.0,0.0,0.008292756043374538,0.0,0.0,0.0,,0.0,0.0,0.0,0.0,0.0,0.0,,0.0,0.0,0.0,0.0,0.0,0.0,,,0.0,0.0,0.0,0.0,0.0,0.0,,0.0,0.0,0.0,,0.0,,,0.0,0.0,0.0,0.0,0.0,,0.0,0.0,,0.0,,0.0,0.0,0.0,0.0,0.0,0.0,0.0,0.0,0.0,0.0,0.0,0.0,0.0,0.0,0.0,0.0,0.0,0.0,0.0,0.0,0.0,0.0,0.0,0.0,0.0,0.0,0.0,0.0,0.0,0.0,0.0,0.0,0.0,0.0,0.0,0.0,0.0,0.0,0.0,0.0,0.0,0.01570284366607666,0.0,0.0,0.0,0.0,0.0,0.0,0.0,0.0,0.0,0.0,0.0,0.0,0.0,0.0,0.0,0.0,0.0,0.0,0.0,0.0,0.0,0.0,0.0,0.0,0.0,0.0,0.0,0.0,0.0,0.0,0.0,0.0,0.0,0.0,0.0,0.0,0.0,0.10942241549491882,0.0,0.0,0.0,0.0,0.0,0.0,0.0,0.0,0.0,0.0,0.0,0.0,0.0,0.0,0.0,,,,,,,,,,,,,,,,,,,,,,,,,,,,,,,,,,,,,,,,,,,,,,,,,,,,,,,,,,,,,,,,,,,,,,,,,,,,,,,,,,,,,,,,,,,,,,,,,,,,,,,,,,,,,,,,,,,,,,,,,,,,,,,,,,,,,,,,,,,,,,,,,,,,,,,,,,,,,,,,,,,,,,,,,,,,,,
2020-05-26,683622.9721710987,419.5562572020767,,,,,,,,,,,76494.84123570709,,1039061.7711000025,,,,,,,,,,,,,,,,,,,,8740.013177988707,,,,9482.752329141655,10625.671243236256,1428.558194030054,26798.830077089497,41120.4991784785,8055.851035647327,36689.24100957259,47780.43986648658,,,,,,,,,,,,,,,,,,,,,,,,,,,,,,,,,,,,,,,,,,,,,,,,,,,,,,,,,,,,,,,,,,,,,,,,,,,,,,0.0,0.0,0.0,0.0,0.0,0.0,0.0,0.0,0.0,0.0,0.0,0.0,0.0,0.0,0.0,0.0,,0.0,0.0,0.0,,0.0,0.0,0.0,0.0,0.0,,0.0,0.0,0.0,0.0,0.0,0.0,,0.0,,,,0.0,0.0,0.0,,0.0,0.0,0.0,0.0,0.0,,,0.0,,0.0,0.0,0.0,0.0,0.0,0.0,0.0,0.0,0.0,0.0,0.0,0.0,0.0,,0.0,0.0,0.0,0.0,0.0,,0.0,0.0,,0.0,0.0,0.0,0.0,,0.0,0.0,0.0,0.0,0.0,,0.0,0.0,,0.0,0.0,0.0,0.0,0.0,0.0,0.0,0.0,0.0,0.0,0.0,0.0,,0.0,0.0,,,,,0.0,0.0,0.0,0.0,0.0,0.0,0.0,0.0,0.0,,0.0,0.0,0.0,,0.0,0.0,0.0,0.0,0.0,0.0,,0.0,,0.0,0.0,0.0,0.0,0.0,0.0,0.0,,0.0,0.0,0.0,0.0,0.0,0.0,0.0,0.0,0.0,0.0,0.0,0.0,0.0,,0.0,0.0,0.0,0.0,,0.0,0.0,0.0,0.0,0.0,0.0,0.0,0.0,0.0,0.0,0.0,0.0,0.0,0.0,,,,0.0,0.0,0.0,0.0,0.0,0.0,0.0,,0.0,0.16256678104400635,0.0,0.0,0.0,0.0,0.0,0.0,0.0,,0.0,0.0,0.0,0.0,0.0,0.0,,0.0,0.0,0.0,0.0,0.0,0.0,0.0,0.0,0.0,0.0,,0.0,0.0,0.0,0.0,,0.0,0.0,0.0,0.0,0.0,0.0,,0.0,0.0,0.0,0.0,0.0,0.0,,0.0,,0.0,0.0,0.0,0.0,0.0,0.0,0.0,0.0,0.0,0.0,0.06631564348936081,,0.0,0.0,0.0,0.0,0.2114010602235794,0.0,0.0,0.0,0.0,0.0,,0.0,0.0,0.0,0.0,0.0,0.0,0.0,0.0,0.07473663240671158,0.002394676674157381,0.0,,0.0,0.0,0.0,0.0,0.0,0.0,0.0,0.0,,0.0,0.0,,0.0,0.0,0.0,0.0,,,0.0,0.0,,0.0,0.0,,,0.0,0.0,0.0,0.0,0.0,0.0,0.0,,0.0,0.0,0.0,0.0,0.0,0.0,0.0,0.0,0.0,0.0,0.0,,0.0,0.0,,0.0,0.0,0.0,,0.0,0.0,0.0,0.0,,0.0,0.0,0.0,0.0,0.0,0.0,0.0,0.0,0.0,0.0,0.0,0.0,0.0,0.0,0.0,0.0,,0.0,0.11432407796382904,0.0,0.0,0.15972954034805298,0.0,0.0,0.0,0.0,0.0,0.0,0.0,0.0,0.0,0.0,,0.0,0.0,0.0,0.0,0.0,0.0,0.0,0.0,0.0,0.0,0.0,0.0,0.0,0.0,0.0,,,0.0,0.0,0.0,,,0.0,0.0,0.0,,0.0,,0.0,,0.0,,,0.0,,0.0,,0.0,0.0,0.0,0.0,0.0,0.0,0.0,0.0,0.0,0.0,,0.0,0.0,,0.0,0.0,0.0,0.0,,0.0,0.0,0.0,0.0,0.0,0.0,0.07511357963085175,0.0,,0.0,,0.0,0.0,0.0,0.0,,0.0,,,,0.0,,0.0,0.0,,0.0,0.0,0.0,0.0,,,0.0,0.0,0.0,0.0,0.0,,0.0,,0.0,0.0,0.0,0.008292756043374538,0.0,0.0,0.0,,0.0,0.0,0.0,0.0,0.0,0.0,,0.0,0.0,0.0,0.0,0.0,0.0,,,0.0,0.0,0.0,0.0,0.0,0.0,,0.0,0.0,0.0,,0.0,,,0.0,0.0,0.0,0.0,0.0,,0.0,0.0,,0.0,,0.0,0.0,0.0,0.0,0.0,0.0,0.0,0.0,0.0,0.0,0.0,0.0,0.0,0.0,0.0,0.0,0.0,0.0,0.0,0.0,0.0,0.0,0.0,0.0,0.0,0.0,0.0,0.0,0.0,0.0,0.0,0.0,0.0,0.0,0.0,0.0,0.0,0.0,0.0,0.0,0.0,0.01570284366607666,0.0,0.0,0.0,0.0,0.0,0.0,0.0,0.0,0.0,0.0,0.0,0.0,0.0,0.0,0.0,0.0,0.0,0.0,0.0,0.0,0.0,0.0,0.0,0.0,0.0,0.0,0.0,0.0,0.0,0.0,0.0,0.0,0.0,0.0,0.0,0.0,0.0,0.10942241549491882,0.0,0.0,0.0,0.0,0.0,0.0,0.0,0.0,0.0,0.0,0.0,0.0,0.0,0.0,0.0,,,,,,,,,,,,,,,,,,,,,,,,,,,,,,,,,,,,,,,,,,,,,,,,,,,,,,,,,,,,,,,,,,,,,,,,,,,,,,,,,,,,,,,,,,,,,,,,,,,,,,,,,,,,,,,,,,,,,,,,,,,,,,,,,,,,,,,,,,,,,,,,,,,,,,,,,,,,,,,,,,,,,,,,,,,,,,
2020-05-27,675185.9754036405,448.53001770249784,,,,,,,,,,,76494.84123570709,,1039061.7711000025,,,,,,,,,,,,,,,,,,,,8740.013177988707,,,,9482.752329141655,10377.521413900873,1428.5906320675028,26172.956758782264,41868.4664669257,8333.639840722135,36689.24100957259,47780.43986648658,,,,,,,,,,,,,,,,,,,,,,,,,,,,,,,,,,,,,,,,,,,,,,,,,,,,,,,,,,,,,,,,,,,,,,,,,,,,,,0.0,0.0,0.0,0.0,0.0,0.0,0.0,0.0,0.0,0.0,0.0,0.0,0.0,0.0,0.0,0.0,,0.0,0.0,0.0,,0.0,0.0,0.0,0.0,0.0,,0.0,0.0,0.0,0.0,0.0,0.0,,0.0,,,,0.0,0.0,0.0,,0.0,0.0,0.0,0.0,0.0,,,0.0,,0.0,0.0,0.0,0.0,0.0,0.0,0.0,0.0,0.0,0.0,0.0,0.0,0.0,,0.0,0.0,0.0,0.0,0.0,,0.0,0.0,,0.0,0.0,0.0,0.0,,0.0,0.0,0.0,0.0,0.0,,0.0,0.0,,0.0,0.0,0.0,0.0,0.0,0.0,0.0,0.0,0.0,0.0,0.0,0.0,,0.0,0.0,,,,,0.0,0.0,0.0,0.0,0.0,0.0,0.0,0.0,0.0,,0.0,0.0,0.0,,0.0,0.0,0.0,0.0,0.0,0.0,,0.0,,0.0,0.0,0.0,0.0,0.0,0.0,0.0,,0.0,0.0,0.0,0.0,0.0,0.0,0.0,0.0,0.0,0.0,0.0,0.0,0.0,,0.0,0.0,0.0,0.0,,0.0,0.0,0.0,0.0,0.0,0.0,0.0,0.0,0.0,0.0,0.0,0.0,0.0,0.0,,,,0.0,0.0,0.0,0.0,0.0,0.0,0.0,,0.0,0.16256678104400635,0.0,0.0,0.0,0.0,0.0,0.0,0.0,,0.0,0.0,0.0,0.0,0.0,0.0,,0.0,0.0,0.0,0.0,0.0,0.0,0.0,0.0,0.0,0.0,,0.0,0.0,0.0,0.0,,0.0,0.0,0.0,0.0,0.0,0.0,,0.0,0.0,0.0,0.0,0.0,0.0,,0.0,,0.0,0.0,0.0,0.0,0.0,0.0,0.0,0.0,0.0,0.0,0.06631564348936081,,0.0,0.0,0.0,0.0,0.2114010602235794,0.0,0.0,0.0,0.0,0.0,,0.0,0.0,0.0,0.0,0.0,0.0,0.0,0.0,0.07473663240671158,0.002394676674157381,0.0,,0.0,0.0,0.0,0.0,0.0,0.0,0.0,0.0,,0.0,0.0,,0.0,0.0,0.0,0.0,,,0.0,0.0,,0.0,0.0,,,0.0,0.0,0.0,0.0,0.0,0.0,0.0,,0.0,0.0,0.0,0.0,0.0,0.0,0.0,0.0,0.0,0.0,0.0,,0.0,0.0,,0.0,0.0,0.0,,0.0,0.0,0.0,0.0,,0.0,0.0,0.0,0.0,0.0,0.0,0.0,0.0,0.0,0.0,0.0,0.0,0.0,0.0,0.0,0.0,,0.0,0.11432407796382904,0.0,0.0,0.15972954034805298,0.0,0.0,0.0,0.0,0.0,0.0,0.0,0.0,0.0,0.0,,0.0,0.0,0.0,0.0,0.0,0.0,0.0,0.0,0.0,0.0,0.0,0.0,0.0,0.0,0.0,,,0.0,0.0,0.0,,,0.0,0.0,0.0,,0.0,,0.0,,0.0,,,0.0,,0.0,,0.0,0.0,0.0,0.0,0.0,0.0,0.0,0.0,0.0,0.0,,0.0,0.0,,0.0,0.0,0.0,0.0,,0.0,0.0,0.0,0.0,0.0,0.0,0.07511357963085175,0.0,,0.0,,0.0,0.0,0.0,0.0,,0.0,,,,0.0,,0.0,0.0,,0.0,0.0,0.0,0.0,,,0.0,0.0,0.0,0.0,0.0,,0.0,,0.0,0.0,0.0,0.008292756043374538,0.0,0.0,0.0,,0.0,0.0,0.0,0.0,0.0,0.0,,0.0,0.0,0.0,0.0,0.0,0.0,,,0.0,0.0,0.0,0.0,0.0,0.0,,0.0,0.0,0.0,,0.0,,,0.0,0.0,0.0,0.0,0.0,,0.0,0.0,,0.0,,0.0,0.0,0.0,0.0,0.0,0.0,0.0,0.0,0.0,0.0,0.0,0.0,0.0,0.0,0.0,0.0,0.0,0.0,0.0,0.0,0.0,0.0,0.0,0.0,0.0,0.0,0.0,0.0,0.0,0.0,0.0,0.0,0.0,0.0,0.0,0.0,0.0,0.0,0.0,0.0,0.0,0.01570284366607666,0.0,0.0,0.0,0.0,0.0,0.0,0.0,0.0,0.0,0.0,0.0,0.0,0.0,0.0,0.0,0.0,0.0,0.0,0.0,0.0,0.0,0.0,0.0,0.0,0.0,0.0,0.0,0.0,0.0,0.0,0.0,0.0,0.0,0.0,0.0,0.0,0.0,0.10942241549491882,0.0,0.0,0.0,0.0,0.0,0.0,0.0,0.0,0.0,0.0,0.0,0.0,0.0,0.0,0.0,,,,,,,,,,,,,,,,,,,,,,,,,,,,,,,,,,,,,,,,,,,,,,,,,,,,,,,,,,,,,,,,,,,,,,,,,,,,,,,,,,,,,,,,,,,,,,,,,,,,,,,,,,,,,,,,,,,,,,,,,,,,,,,,,,,,,,,,,,,,,,,,,,,,,,,,,,,,,,,,,,,,,,,,,,,,,,
2020-05-28,673160.7947710609,83.7280785935223,,,,,,,,,,,76494.84123570709,,1039061.7711000025,,,,,,,,,,,,,,,,,,,,8740.013177988707,,,,9482.752329141655,9962.552677524036,1428.5906320675028,24703.067507475327,41871.53127549357,9305.685875310566,36689.24100957259,48278.14895679157,,,,,,,,,,,,,,,,,,,,,,,,,,,,,,,,,,,,,,,,,,,,,,,,,,,,,,,,,,,,,,,,,,,,,,,,,,,,,,0.0,0.0,0.0,0.0,0.0,0.0,0.0,0.0,0.0,0.0,0.0,0.0,0.0,0.0,0.0,0.0,,0.0,0.0,0.0,,0.0,0.0,0.0,0.0,0.0,,0.0,0.0,0.0,0.0,0.0,0.0,,0.0,,,,0.0,0.0,0.0,,0.0,0.0,0.0,0.0,0.0,,,0.0,,0.0,0.0,0.0,0.0,0.0,0.0,0.0,0.0,0.0,0.0,0.0,0.0,0.0,,0.0,0.0,0.0,0.0,0.0,,0.0,0.0,,0.0,0.0,0.0,0.0,,0.0,0.0,0.0,0.0,0.0,,0.0,0.0,,0.0,0.0,0.0,0.0,0.0,0.0,0.0,0.0,0.0,0.0,0.0,0.0,,0.0,0.0,,,,,0.0,0.0,0.0,0.0,0.0,0.0,0.0,0.0,0.0,,0.0,0.0,0.0,,0.0,0.0,0.0,0.0,0.0,0.0,,0.0,,0.0,0.0,0.0,0.0,0.0,0.0,0.0,,0.0,0.0,0.0,0.0,0.0,0.0,0.0,0.0,0.0,0.0,0.0,0.0,0.0,,0.0,0.0,0.0,0.0,,0.0,0.0,0.0,0.0,0.0,0.0,0.0,0.0,0.0,0.0,0.0,0.0,0.0,0.0,,,,0.0,0.0,0.0,0.0,0.0,0.0,0.0,,0.0,0.16256678104400635,0.0,0.0,0.0,0.0,0.0,0.0,0.0,,0.0,0.0,0.0,0.0,0.0,0.0,,0.0,0.0,0.0,0.0,0.0,0.0,0.0,0.0,0.0,0.0,,0.0,0.0,0.0,0.0,,0.0,0.0,0.0,0.0,0.0,0.0,,0.0,0.0,0.0,0.0,0.0,0.0,,0.0,,0.0,0.0,0.0,0.0,0.0,0.0,0.0,0.0,0.0,0.0,0.06631564348936081,,0.0,0.0,0.0,0.0,0.2114010602235794,0.0,0.0,0.0,0.0,0.0,,0.0,0.0,0.0,0.0,0.0,0.0,0.0,0.0,0.07473663240671158,0.002394676674157381,0.0,,0.0,0.0,0.0,0.0,0.0,0.0,0.0,0.0,,0.0,0.0,,0.0,0.0,0.0,0.0,,,0.0,0.0,,0.0,0.0,,,0.0,0.0,0.0,0.0,0.0,0.0,0.0,,0.0,0.0,0.0,0.0,0.0,0.0,0.0,0.0,0.0,0.0,0.0,,0.0,0.0,,0.0,0.0,0.0,,0.0,0.0,0.0,0.0,,0.0,0.0,0.0,0.0,0.0,0.0,0.0,0.0,0.0,0.0,0.0,0.0,0.0,0.0,0.0,0.0,,0.0,0.11432407796382904,0.0,0.0,0.15972954034805298,0.0,0.0,0.0,0.0,0.0,0.0,0.0,0.0,0.0,0.0,,0.0,0.0,0.0,0.0,0.0,0.0,0.0,0.0,0.0,0.0,0.0,0.0,0.0,0.0,0.0,,,0.0,0.0,0.0,,,0.0,0.0,0.0,,0.0,,0.0,,0.0,,,0.0,,0.0,,0.0,0.0,0.0,0.0,0.0,0.0,0.0,0.0,0.0,0.0,,0.0,0.0,,0.0,0.0,0.0,0.0,,0.0,0.0,0.0,0.0,0.0,0.0,0.07511357963085175,0.0,,0.0,,0.0,0.0,0.0,0.0,,0.0,,,,0.0,,0.0,0.0,,0.0,0.0,0.0,0.0,,,0.0,0.0,0.0,0.0,0.0,,0.0,,0.0,0.0,0.0,0.008292756043374538,0.0,0.0,0.0,,0.0,0.0,0.0,0.0,0.0,0.0,,0.0,0.0,0.0,0.0,0.0,0.0,,,0.0,0.0,0.0,0.0,0.0,0.0,,0.0,0.0,0.0,,0.0,,,0.0,0.0,0.0,0.0,0.0,,0.0,0.0,,0.0,,0.0,0.0,0.0,0.0,0.0,0.0,0.0,0.0,0.0,0.0,0.0,0.0,0.0,0.0,0.0,0.0,0.0,0.0,0.0,0.0,0.0,0.0,0.0,0.0,0.0,0.0,0.0,0.0,0.0,0.0,0.0,0.0,0.0,0.0,0.0,0.0,0.0,0.0,0.0,0.0,0.0,0.01570284366607666,0.0,0.0,0.0,0.0,0.0,0.0,0.0,0.0,0.0,0.0,0.0,0.0,0.0,0.0,0.0,0.0,0.0,0.0,0.0,0.0,0.0,0.0,0.0,0.0,0.0,0.0,0.0,0.0,0.0,0.0,0.0,0.0,0.0,0.0,0.0,0.0,0.0,0.10942241549491882,0.0,0.0,0.0,0.0,0.0,0.0,0.0,0.0,0.0,0.0,0.0,0.0,0.0,0.0,0.0,,,,,,,,,,,,,,,,,,,,,,,,,,,,,,,,,,,,,,,,,,,,,,,,,,,,,,,,,,,,,,,,,,,,,,,,,,,,,,,,,,,,,,,,,,,,,,,,,,,,,,,,,,,,,,,,,,,,,,,,,,,,,,,,,,,,,,,,,,,,,,,,,,,,,,,,,,,,,,,,,,,,,,,,,,,,,,
2020-05-29,676177.3951300166,98.70105640628958,,,,,,,,,,,76494.84123570709,,1039061.7711000025,,,,,,,,,,,,,,,,,,,,8740.013177988707,,,,9482.752329141655,9962.552677524036,1428.5906320675028,24506.44204547377,42196.48262375895,9305.685875310566,36689.24100957259,48278.14895679157,,,,,,,,,,,,,,,,,,,,,,,,,,,,,,,,,,,,,,,,,,,,,,,,,,,,,,,,,,,,,,,,,,,,,,,,,,,,,,0.0,0.0,0.0,0.0,0.0,0.0,0.0,0.0,0.0,0.0,0.0,0.0,0.0,0.0,0.0,0.0,,0.0,0.0,0.0,,0.0,0.0,0.0,0.0,0.0,,0.0,0.0,0.0,0.0,0.0,0.0,,0.0,,,,0.0,0.0,0.0,,0.0,0.0,0.0,0.0,0.0,,,0.0,,0.0,0.0,0.0,0.0,0.0,0.0,0.0,0.0,0.0,0.0,0.0,0.0,0.0,,0.0,0.0,0.0,0.0,0.0,,0.0,0.0,,0.0,0.0,0.0,0.0,,0.0,0.0,0.0,0.0,0.0,,0.0,0.0,,0.0,0.0,0.0,0.0,0.0,0.0,0.0,0.0,0.0,0.0,0.0,0.0,,0.0,0.0,,,,,0.0,0.0,0.0,0.0,0.0,0.0,0.0,0.0,0.0,,0.0,0.0,0.0,,0.0,0.0,0.0,0.0,0.0,0.0,,0.0,,0.0,0.0,0.0,0.0,0.0,0.0,0.0,,0.0,0.0,0.0,0.0,0.0,0.0,0.0,0.0,0.0,0.0,0.0,0.0,0.0,,0.0,0.0,0.0,0.0,,0.0,0.0,0.0,0.0,0.0,0.0,0.0,0.0,0.0,0.0,0.0,0.0,0.0,0.0,,,,0.0,0.0,0.0,0.0,0.0,0.0,0.0,,0.0,0.16256678104400635,0.0,0.0,0.0,0.0,0.0,0.0,0.0,,0.0,0.0,0.0,0.0,0.0,0.0,,0.0,0.0,0.0,0.0,0.0,0.0,0.0,0.0,0.0,0.0,,0.0,0.0,0.0,0.0,,0.0,0.0,0.0,0.0,0.0,0.0,,0.0,0.0,0.0,0.0,0.0,0.0,,0.0,,0.0,0.0,0.0,0.0,0.0,0.0,0.0,0.0,0.0,0.0,0.06631564348936081,,0.0,0.0,0.0,0.0,0.2114010602235794,0.0,0.0,0.0,0.0,0.0,,0.0,0.0,0.0,0.0,0.0,0.0,0.0,0.0,0.07473663240671158,0.002394676674157381,0.0,,0.0,0.0,0.0,0.0,0.0,0.0,0.0,0.0,,0.0,0.0,,0.0,0.0,0.0,0.0,,,0.0,0.0,,0.0,0.0,,,0.0,0.0,0.0,0.0,0.0,0.0,0.0,,0.0,0.0,0.0,0.0,0.0,0.0,0.0,0.0,0.0,0.0,0.0,,0.0,0.0,,0.0,0.0,0.0,,0.0,0.0,0.0,0.0,,0.0,0.0,0.0,0.0,0.0,0.0,0.0,0.0,0.0,0.0,0.0,0.0,0.0,0.0,0.0,0.0,,0.0,0.11432407796382904,0.0,0.0,0.15972954034805298,0.0,0.0,0.0,0.0,0.0,0.0,0.0,0.0,0.0,0.0,,0.0,0.0,0.0,0.0,0.0,0.0,0.0,0.0,0.0,0.0,0.0,0.0,0.0,0.0,0.0,,,0.0,0.0,0.0,,,0.0,0.0,0.0,,0.0,,0.0,,0.0,,,0.0,,0.0,,0.0,0.0,0.0,0.0,0.0,0.0,0.0,0.0,0.0,0.0,,0.0,0.0,,0.0,0.0,0.0,0.0,,0.0,0.0,0.0,0.0,0.0,0.0,0.07511357963085175,0.0,,0.0,,0.0,0.0,0.0,0.0,,0.0,,,,0.0,,0.0,0.0,,0.0,0.0,0.0,0.0,,,0.0,0.0,0.0,0.0,0.0,,0.0,,0.0,0.0,0.0,0.008292756043374538,0.0,0.0,0.0,,0.0,0.0,0.0,0.0,0.0,0.0,,0.0,0.0,0.0,0.0,0.0,0.0,,,0.0,0.0,0.0,0.0,0.0,0.0,,0.0,0.0,0.0,,0.0,,,0.0,0.0,0.0,0.0,0.0,,0.0,0.0,,0.0,,0.0,0.0,0.0,0.0,0.0,0.0,0.0,0.0,0.0,0.0,0.0,0.0,0.0,0.0,0.0,0.0,0.0,0.0,0.0,0.0,0.0,0.0,0.0,0.0,0.0,0.0,0.0,0.0,0.0,0.0,0.0,0.0,0.0,0.0,0.0,0.0,0.0,0.0,0.0,0.0,0.0,0.01570284366607666,0.0,0.0,0.0,0.0,0.0,0.0,0.0,0.0,0.0,0.0,0.0,0.0,0.0,0.0,0.0,0.0,0.0,0.0,0.0,0.0,0.0,0.0,0.0,0.0,0.0,0.0,0.0,0.0,0.0,0.0,0.0,0.0,0.0,0.0,0.0,0.0,0.0,0.10942241549491882,0.0,0.0,0.0,0.0,0.0,0.0,0.0,0.0,0.0,0.0,0.0,0.0,0.0,0.0,0.0,,,,,,,,,,,,,,,,,,,,,,,,,,,,,,,,,,,,,,,,,,,,,,,,,,,,,,,,,,,,,,,,,,,,,,,,,,,,,,,,,,,,,,,,,,,,,,,,,,,,,,,,,,,,,,,,,,,,,,,,,,,,,,,,,,,,,,,,,,,,,,,,,,,,,,,,,,,,,,,,,,,,,,,,,,,,,,
2020-06-01,693776.9557088519,382.3439928990249,,,,,,,,,,,76494.84123570709,,1039061.7711000025,,,,,,,,,,,,,,,,,,,,8740.013177988707,,,,9482.636945873212,9962.552677524036,1428.5906320675028,24501.30158317659,41453.71040902666,9444.552318584227,36689.24100957259,48278.14895679157,,,,,,,,,,,,,,,,,,,,,,,,,,,,,,,,,,,,,,,,,,,,,,,,,,,,,,,,,,,,,,,,,,,,,,,,,,,,,,0.0,0.0,0.0,0.0,0.0,0.0,0.0,0.0,0.0,0.0,0.0,0.0,0.0,0.0,0.0,0.0,,0.0,0.0,0.0,,0.0,0.0,0.0,0.0,0.0,,0.0,0.0,0.0,0.0,0.0,0.0,,0.0,,,,0.0,0.0,0.0,,0.0,0.0,0.0,0.0,0.0,,,0.0,,0.0,0.0,0.0,0.0,0.0,0.0,0.0,0.0,0.0,0.0,0.0,0.0,0.0,,0.0,0.0,0.0,0.0,0.0,,0.0,0.0,,0.0,0.0,0.0,0.0,,0.0,0.0,0.0,0.0,0.0,,0.0,0.0,,0.0,0.0,0.0,0.0,0.0,0.0,0.0,0.0,0.0,0.0,0.0,0.0,,0.0,0.0,,,,,0.0,0.0,0.0,0.0,0.0,0.0,0.0,0.0,0.0,,0.0,0.0,0.0,,0.0,0.0,0.0,0.0,0.0,0.0,,0.0,,0.0,0.0,0.0,0.0,0.0,0.0,0.0,,0.0,0.0,0.0,0.0,0.0,0.0,0.0,0.0,0.0,0.0,0.0,0.0,0.0,,0.0,0.0,0.0,0.0,,0.0,0.0,0.0,0.0,0.0,0.0,0.0,0.0,0.0,0.0,0.0,0.0,0.0,0.0,,,,0.0,0.0,0.0,0.0,0.0,0.0,0.0,,0.0,0.16256678104400635,0.0,0.0,0.0,0.0,0.0,0.0,0.0,,0.0,0.0,0.0,0.0,0.0,0.0,,0.0,0.0,0.0,0.0,0.0,0.0,0.0,0.0,0.0,0.0,,0.0,0.0,0.0,0.0,,0.0,0.0,0.0,0.0,0.0,0.0,,0.0,0.0,0.0,0.0,0.0,0.0,,0.0,,0.0,0.0,0.0,0.0,0.0,0.0,0.0,0.0,0.0,0.0,0.06631564348936081,,0.0,0.0,0.0,0.0,0.2114010602235794,0.0,0.0,0.0,0.0,0.0,,0.0,0.0,0.0,0.0,0.0,0.0,0.0,0.0,0.07473663240671158,0.002394676674157381,0.0,,0.0,0.0,0.0,0.0,0.0,0.0,0.0,0.0,,0.0,0.0,,0.0,0.0,0.0,0.0,,,0.0,0.0,,0.0,0.0,,,0.0,0.0,0.0,0.0,0.0,0.0,0.0,,0.0,0.0,0.0,0.0,0.0,0.0,0.0,0.0,0.0,0.0,0.0,,0.0,0.0,,0.0,0.0,0.0,,0.0,0.0,0.0,0.0,,0.0,0.0,0.0,0.0,0.0,0.0,0.0,0.0,0.0,0.0,0.0,0.0,0.0,0.0,0.0,0.0,,0.0,0.11432407796382904,0.0,0.0,0.15972954034805298,0.0,0.0,0.0,0.0,0.0,0.0,0.0,0.0,0.0,0.0,,0.0,0.0,0.0,0.0,0.0,0.0,0.0,0.0,0.0,0.0,0.0,0.0,0.0,0.0,0.0,,,0.0,0.0,0.0,,,0.0,0.0,0.0,,0.0,,0.0,,0.0,,,0.0,,0.0,,0.0,0.0,0.0,0.0,0.0,0.0,0.0,0.0,0.0,0.0,,0.0,0.0,,0.0,0.0,0.0,0.0,,0.0,0.0,0.0,0.0,0.0,0.0,0.07511357963085175,0.0,,0.0,,0.0,0.0,0.0,0.0,,0.0,,,,0.0,,0.0,0.0,,0.0,0.0,0.0,0.0,,,0.0,0.0,0.0,0.0,0.0,,0.0,,0.0,0.0,0.0,0.008292756043374538,0.0,0.0,0.0,,0.0,0.0,0.0,0.0,0.0,0.0,,0.0,0.0,0.0,0.0,0.0,0.0,,,0.0,0.0,0.0,0.0,0.0,0.0,,0.0,0.0,0.0,,0.0,,,0.0,0.0,0.0,0.0,0.0,,0.0,0.0,,0.0,,0.0,0.0,0.0,0.0,0.0,0.0,0.0,0.0,0.0,0.0,0.0,0.0,0.0,0.0,0.0,0.0,0.0,0.0,0.0,0.0,0.0,0.0,0.0,0.0,0.0,0.0,0.0,0.0,0.0,0.0,0.0,0.0,0.0,0.0,0.0,0.0,0.0,0.0,0.0,0.0,0.0,0.01570284366607666,0.0,0.0,0.0,0.0,0.0,0.0,0.0,0.0,0.0,0.0,0.0,0.0,0.0,0.0,0.0,0.0,0.0,0.0,0.0,0.0,0.0,0.0,0.0,0.0,0.0,0.0,0.0,0.0,0.0,0.0,0.0,0.0,0.0,0.0,0.0,0.0,0.0,0.10942241549491882,0.0,0.0,0.0,0.0,0.0,0.0,0.0,0.0,0.0,0.0,0.0,0.0,0.0,0.0,0.0,,,,,,,,,,,,,,,,,,,,,,,,,,,,,,,,,,,,,,,,,,,,,,,,,,,,,,,,,,,,,,,,,,,,,,,,,,,,,,,,,,,,,,,,,,,,,,,,,,,,,,,,,,,,,,,,,,,,,,,,,,,,,,,,,,,,,,,,,,,,,,,,,,,,,,,,,,,,,,,,,,,,,,,,,,,,,,
2020-06-02,692083.2724746616,240.67062708418462,,,,,,,,,,,76494.84123570709,,1039061.7711000025,,,,,,,,,,,,,,,,,,,,8740.013177988707,,,,9482.67342157068,9962.552677524036,1428.5906320675028,23455.711528361302,42193.32692911604,9722.351417926418,36689.24100957259,48278.14895679157,,,,,,,,,,,,,,,,,,,,,,,,,,,,,,,,,,,,,,,,,,,,,,,,,,,,,,,,,,,,,,,,,,,,,,,,,,,,,,0.0,0.0,0.0,0.0,0.0,0.0,0.0,0.0,0.0,0.0,0.0,0.0,0.0,0.0,0.0,0.0,,0.0,0.0,0.0,,0.0,0.0,0.0,0.0,0.0,,0.0,0.0,0.0,0.0,0.0,0.0,,0.0,,,,0.0,0.0,0.0,,0.0,0.0,0.0,0.0,0.0,,,0.0,,0.0,0.0,0.0,0.0,0.0,0.0,0.0,0.0,0.0,0.0,0.0,0.0,0.0,,0.0,0.0,0.0,0.0,0.0,,0.0,0.0,,0.0,0.0,0.0,0.0,,0.0,0.0,0.0,0.0,0.0,,0.0,0.0,,0.0,0.0,0.0,0.0,0.0,0.0,0.0,0.0,0.0,0.0,0.0,0.0,,0.0,0.0,,,,,0.0,0.0,0.0,0.0,0.0,0.0,0.0,0.0,0.0,,0.0,0.0,0.0,,0.0,0.0,0.0,0.0,0.0,0.0,,0.0,,0.0,0.0,0.0,0.0,0.0,0.0,0.0,,0.0,0.0,0.0,0.0,0.0,0.0,0.0,0.0,0.0,0.0,0.0,0.0,0.0,,0.0,0.0,0.0,0.0,,0.0,0.0,0.0,0.0,0.0,0.0,0.0,0.0,0.0,0.0,0.0,0.0,0.0,0.0,,,,0.0,0.0,0.0,0.0,0.0,0.0,0.0,,0.0,0.16256678104400635,0.0,0.0,0.0,0.0,0.0,0.0,0.0,,0.0,0.0,0.0,0.0,0.0,0.0,,0.0,0.0,0.0,0.0,0.0,0.0,0.0,0.0,0.0,0.0,,0.0,0.0,0.0,0.0,,0.0,0.0,0.0,0.0,0.0,0.0,,0.0,0.0,0.0,0.0,0.0,0.0,,0.0,,0.0,0.0,0.0,0.0,0.0,0.0,0.0,0.0,0.0,0.0,0.06631564348936081,,0.0,0.0,0.0,0.0,0.2114010602235794,0.0,0.0,0.0,0.0,0.0,,0.0,0.0,0.0,0.0,0.0,0.0,0.0,0.0,0.07473663240671158,0.002394676674157381,0.0,,0.0,0.0,0.0,0.0,0.0,0.0,0.0,0.0,,0.0,0.0,,0.0,0.0,0.0,0.0,,,0.0,0.0,,0.0,0.0,,,0.0,0.0,0.0,0.0,0.0,0.0,0.0,,0.0,0.0,0.0,0.0,0.0,0.0,0.0,0.0,0.0,0.0,0.0,,0.0,0.0,,0.0,0.0,0.0,,0.0,0.0,0.0,0.0,,0.0,0.0,0.0,0.0,0.0,0.0,0.0,0.0,0.0,0.0,0.0,0.0,0.0,0.0,0.0,0.0,,0.0,0.11432407796382904,0.0,0.0,0.15972954034805298,0.0,0.0,0.0,0.0,0.0,0.0,0.0,0.0,0.0,0.0,,0.0,0.0,0.0,0.0,0.0,0.0,0.0,0.0,0.0,0.0,0.0,0.0,0.0,0.0,0.0,,,0.0,0.0,0.0,,,0.0,0.0,0.0,,0.0,,0.0,,0.0,,,0.0,,0.0,,0.0,0.0,0.0,0.0,0.0,0.0,0.0,0.0,0.0,0.0,,0.0,0.0,,0.0,0.0,0.0,0.0,,0.0,0.0,0.0,0.0,0.0,0.0,0.07511357963085175,0.0,,0.0,,0.0,0.0,0.0,0.0,,0.0,,,,0.0,,0.0,0.0,,0.0,0.0,0.0,0.0,,,0.0,0.0,0.0,0.0,0.0,,0.0,,0.0,0.0,0.0,0.008292756043374538,0.0,0.0,0.0,,0.0,0.0,0.0,0.0,0.0,0.0,,0.0,0.0,0.0,0.0,0.0,0.0,,,0.0,0.0,0.0,0.0,0.0,0.0,,0.0,0.0,0.0,,0.0,,,0.0,0.0,0.0,0.0,0.0,,0.0,0.0,,0.0,,0.0,0.0,0.0,0.0,0.0,0.0,0.0,0.0,0.0,0.0,0.0,0.0,0.0,0.0,0.0,0.0,0.0,0.0,0.0,0.0,0.0,0.0,0.0,0.0,0.0,0.0,0.0,0.0,0.0,0.0,0.0,0.0,0.0,0.0,0.0,0.0,0.0,0.0,0.0,0.0,0.0,0.01570284366607666,0.0,0.0,0.0,0.0,0.0,0.0,0.0,0.0,0.0,0.0,0.0,0.0,0.0,0.0,0.0,0.0,0.0,0.0,0.0,0.0,0.0,0.0,0.0,0.0,0.0,0.0,0.0,0.0,0.0,0.0,0.0,0.0,0.0,0.0,0.0,0.0,0.0,0.10942241549491882,0.0,0.0,0.0,0.0,0.0,0.0,0.0,0.0,0.0,0.0,0.0,0.0,0.0,0.0,0.0,,,,,,,,,,,,,,,,,,,,,,,,,,,,,,,,,,,,,,,,,,,,,,,,,,,,,,,,,,,,,,,,,,,,,,,,,,,,,,,,,,,,,,,,,,,,,,,,,,,,,,,,,,,,,,,,,,,,,,,,,,,,,,,,,,,,,,,,,,,,,,,,,,,,,,,,,,,,,,,,,,,,,,,,,,,,,,
2020-06-03,692162.9473006779,173.46072400002913,,,,,,,,,,,76494.84123570709,,1039061.7711000025,,,,,,,,,,,,,,,,,,,,8740.013177988707,,,,9482.67342157068,9962.552677524036,1428.5665737152735,23455.711528361302,40713.22307303697,9306.972851579383,39746.89995181018,49273.55746646953,,,,,,,,,,,,,,,,,,,,,,,,,,,,,,,,,,,,,,,,,,,,,,,,,,,,,,,,,,,,,,,,,,,,,,,,,,,,,,0.0,0.0,0.0,0.0,0.0,0.0,0.0,0.0,0.0,0.0,0.0,0.0,0.0,0.0,0.0,0.0,,0.0,0.0,0.0,,0.0,0.0,0.0,0.0,0.0,,0.0,0.0,0.0,0.0,0.0,0.0,,0.0,,,,0.0,0.0,0.0,,0.0,0.0,0.0,0.0,0.0,,,0.0,,0.0,0.0,0.0,0.0,0.0,0.0,0.0,0.0,0.0,0.0,0.0,0.0,0.0,,0.0,0.0,0.0,0.0,0.0,,0.0,0.0,,0.0,0.0,0.0,0.0,,0.0,0.0,0.0,0.0,0.0,,0.0,0.0,,0.0,0.0,0.0,0.0,0.0,0.0,0.0,0.0,0.0,0.0,0.0,0.0,,0.0,0.0,,,,,0.0,0.0,0.0,0.0,0.0,0.0,0.0,0.0,0.0,,0.0,0.0,0.0,,0.0,0.0,0.0,0.0,0.0,0.0,,0.0,,0.0,0.0,0.0,0.0,0.0,0.0,0.0,,0.0,0.0,0.0,0.0,0.0,0.0,0.0,0.0,0.0,0.0,0.0,0.0,0.0,,0.0,0.0,0.0,0.0,,0.0,0.0,0.0,0.0,0.0,0.0,0.0,0.0,0.0,0.0,0.0,0.0,0.0,0.0,,,,0.0,0.0,0.0,0.0,0.0,0.0,0.0,,0.0,0.16256678104400635,0.0,0.0,0.0,0.0,0.0,0.0,0.0,,0.0,0.0,0.0,0.0,0.0,0.0,,0.0,0.0,0.0,0.0,0.0,0.0,0.0,0.0,0.0,0.0,,0.0,0.0,0.0,0.0,,0.0,0.0,0.0,0.0,0.0,0.0,,0.0,0.0,0.0,0.0,0.0,0.0,,0.0,,0.0,0.0,0.0,0.0,0.0,0.0,0.0,0.0,0.0,0.0,0.06631564348936081,,0.0,0.0,0.0,0.0,0.2114010602235794,0.0,0.0,0.0,0.0,0.0,,0.0,0.0,0.0,0.0,0.0,0.0,0.0,0.0,0.07473663240671158,0.002394676674157381,0.0,,0.0,0.0,0.0,0.0,0.0,0.0,0.0,0.0,,0.0,0.0,,0.0,0.0,0.0,0.0,,,0.0,0.0,,0.0,0.0,,,0.0,0.0,0.0,0.0,0.0,0.0,0.0,,0.0,0.0,0.0,0.0,0.0,0.0,0.0,0.0,0.0,0.0,0.0,,0.0,0.0,,0.0,0.0,0.0,,0.0,0.0,0.0,0.0,,0.0,0.0,0.0,0.0,0.0,0.0,0.0,0.0,0.0,0.0,0.0,0.0,0.0,0.0,0.0,0.0,,0.0,0.11432407796382904,0.0,0.0,0.15972954034805298,0.0,0.0,0.0,0.0,0.0,0.0,0.0,0.0,0.0,0.0,,0.0,0.0,0.0,0.0,0.0,0.0,0.0,0.0,0.0,0.0,0.0,0.0,0.0,0.0,0.0,,,0.0,0.0,0.0,,,0.0,0.0,0.0,,0.0,,0.0,,0.0,,,0.0,,0.0,,0.0,0.0,0.0,0.0,0.0,0.0,0.0,0.0,0.0,0.0,,0.0,0.0,,0.0,0.0,0.0,0.0,,0.0,0.0,0.0,0.0,0.0,0.0,0.07511357963085175,0.0,,0.0,,0.0,0.0,0.0,0.0,,0.0,,,,0.0,,0.0,0.0,,0.0,0.0,0.0,0.0,,,0.0,0.0,0.0,0.0,0.0,,0.0,,0.0,0.0,0.0,0.008292756043374538,0.0,0.0,0.0,,0.0,0.0,0.0,0.0,0.0,0.0,,0.0,0.0,0.0,0.0,0.0,0.0,,,0.0,0.0,0.0,0.0,0.0,0.0,,0.0,0.0,0.0,,0.0,,,0.0,0.0,0.0,0.0,0.0,,0.0,0.0,,0.0,,0.0,0.0,0.0,0.0,0.0,0.0,0.0,0.0,0.0,0.0,0.0,0.0,0.0,0.0,0.0,0.0,0.0,0.0,0.0,0.0,0.0,0.0,0.0,0.0,0.0,0.0,0.0,0.0,0.0,0.0,0.0,0.0,0.0,0.0,0.0,0.0,0.0,0.0,0.0,0.0,0.0,0.01570284366607666,0.0,0.0,0.0,0.0,0.0,0.0,0.0,0.0,0.0,0.0,0.0,0.0,0.0,0.0,0.0,0.0,0.0,0.0,0.0,0.0,0.0,0.0,0.0,0.0,0.0,0.0,0.0,0.0,0.0,0.0,0.0,0.0,0.0,0.0,0.0,0.0,0.0,0.10942241549491882,0.0,0.0,0.0,0.0,0.0,0.0,0.0,0.0,0.0,0.0,0.0,0.0,0.0,0.0,0.0,,,,,,,,,,,,,,,,,,,,,,,,,,,,,,,,,,,,,,,,,,,,,,,,,,,,,,,,,,,,,,,,,,,,,,,,,,,,,,,,,,,,,,,,,,,,,,,,,,,,,,,,,,,,,,,,,,,,,,,,,,,,,,,,,,,,,,,,,,,,,,,,,,,,,,,,,,,,,,,,,,,,,,,,,,,,,,
2020-06-04,688122.1097839514,181.22164001233023,,,,,,,,,,,76494.84123570709,,1039061.7711000025,,,,,,,,,,,,,,,,,,,,8740.013177988707,,,,9482.67342157068,9962.552677524036,1428.5669791864068,23455.711528361302,40713.22307303697,9166.220875958585,39746.89995181018,50269.00923841777,,,,,,,,,,,,,,,,,,,,,,,,,,,,,,,,,,,,,,,,,,,,,,,,,,,,,,,,,,,,,,,,,,,,,,,,,,,,,,0.0,0.0,0.0,0.0,0.0,0.0,0.0,0.0,0.0,0.0,0.0,0.0,0.0,0.0,0.0,0.0,,0.0,0.0,0.0,,0.0,0.0,0.0,0.0,0.0,,0.0,0.0,0.0,0.0,0.0,0.0,,0.0,,,,0.0,0.0,0.0,,0.0,0.0,0.0,0.0,0.0,,,0.0,,0.0,0.0,0.0,0.0,0.0,0.0,0.0,0.0,0.0,0.0,0.0,0.0,0.0,,0.0,0.0,0.0,0.0,0.0,,0.0,0.0,,0.0,0.0,0.0,0.0,,0.0,0.0,0.0,0.0,0.0,,0.0,0.0,,0.0,0.0,0.0,0.0,0.0,0.0,0.0,0.0,0.0,0.0,0.0,0.0,,0.0,0.0,,,,,0.0,0.0,0.0,0.0,0.0,0.0,0.0,0.0,0.0,,0.0,0.0,0.0,,0.0,0.0,0.0,0.0,0.0,0.0,,0.0,,0.0,0.0,0.0,0.0,0.0,0.0,0.0,,0.0,0.0,0.0,0.0,0.0,0.0,0.0,0.0,0.0,0.0,0.0,0.0,0.0,,0.0,0.0,0.0,0.0,,0.0,0.0,0.0,0.0,0.0,0.0,0.0,0.0,0.0,0.0,0.0,0.0,0.0,0.0,,,,0.0,0.0,0.0,0.0,0.0,0.0,0.0,,0.0,0.16256678104400635,0.0,0.0,0.0,0.0,0.0,0.0,0.0,,0.0,0.0,0.0,0.0,0.0,0.0,,0.0,0.0,0.0,0.0,0.0,0.0,0.0,0.0,0.0,0.0,,0.0,0.0,0.0,0.0,,0.0,0.0,0.0,0.0,0.0,0.0,,0.0,0.0,0.0,0.0,0.0,0.0,,0.0,,0.0,0.0,0.0,0.0,0.0,0.0,0.0,0.0,0.0,0.0,0.06631564348936081,,0.0,0.0,0.0,0.0,0.2114010602235794,0.0,0.0,0.0,0.0,0.0,,0.0,0.0,0.0,0.0,0.0,0.0,0.0,0.0,0.07473663240671158,0.002394676674157381,0.0,,0.0,0.0,0.0,0.0,0.0,0.0,0.0,0.0,,0.0,0.0,,0.0,0.0,0.0,0.0,,,0.0,0.0,,0.0,0.0,,,0.0,0.0,0.0,0.0,0.0,0.0,0.0,,0.0,0.0,0.0,0.0,0.0,0.0,0.0,0.0,0.0,0.0,0.0,,0.0,0.0,,0.0,0.0,0.0,,0.0,0.0,0.0,0.0,,0.0,0.0,0.0,0.0,0.0,0.0,0.0,0.0,0.0,0.0,0.0,0.0,0.0,0.0,0.0,0.0,,0.0,0.11432407796382904,0.0,0.0,0.15972954034805298,0.0,0.0,0.0,0.0,0.0,0.0,0.0,0.0,0.0,0.0,,0.0,0.0,0.0,0.0,0.0,0.0,0.0,0.0,0.0,0.0,0.0,0.0,0.0,0.0,0.0,,,0.0,0.0,0.0,,,0.0,0.0,0.0,,0.0,,0.0,,0.0,,,0.0,,0.0,,0.0,0.0,0.0,0.0,0.0,0.0,0.0,0.0,0.0,0.0,,0.0,0.0,,0.0,0.0,0.0,0.0,,0.0,0.0,0.0,0.0,0.0,0.0,0.07511357963085175,0.0,,0.0,,0.0,0.0,0.0,0.0,,0.0,,,,0.0,,0.0,0.0,,0.0,0.0,0.0,0.0,,,0.0,0.0,0.0,0.0,0.0,,0.0,,0.0,0.0,0.0,0.008292756043374538,0.0,0.0,0.0,,0.0,0.0,0.0,0.0,0.0,0.0,,0.0,0.0,0.0,0.0,0.0,0.0,,,0.0,0.0,0.0,0.0,0.0,0.0,,0.0,0.0,0.0,,0.0,,,0.0,0.0,0.0,0.0,0.0,,0.0,0.0,,0.0,,0.0,0.0,0.0,0.0,0.0,0.0,0.0,0.0,0.0,0.0,0.0,0.0,0.0,0.0,0.0,0.0,0.0,0.0,0.0,0.0,0.0,0.0,0.0,0.0,0.0,0.0,0.0,0.0,0.0,0.0,0.0,0.0,0.0,0.0,0.0,0.0,0.0,0.0,0.0,0.0,0.0,0.01570284366607666,0.0,0.0,0.0,0.0,0.0,0.0,0.0,0.0,0.0,0.0,0.0,0.0,0.0,0.0,0.0,0.0,0.0,0.0,0.0,0.0,0.0,0.0,0.0,0.0,0.0,0.0,0.0,0.0,0.0,0.0,0.0,0.0,0.0,0.0,0.0,0.0,0.0,0.10942241549491882,0.0,0.0,0.0,0.0,0.0,0.0,0.0,0.0,0.0,0.0,0.0,0.0,0.0,0.0,0.0,,,,,,,,,,,,,,,,,,,,,,,,,,,,,,,,,,,,,,,,,,,,,,,,,,,,,,,,,,,,,,,,,,,,,,,,,,,,,,,,,,,,,,,,,,,,,,,,,,,,,,,,,,,,,,,,,,,,,,,,,,,,,,,,,,,,,,,,,,,,,,,,,,,,,,,,,,,,,,,,,,,,,,,,,,,,,,
2020-06-05,692305.4474351598,179.67886567220464,,,,,,,,,,,76494.84123570709,,1039061.7711000025,,,,,,,,,,,,,,,,,,,,8740.013177988707,,,,9482.622802310918,9962.552677524036,1428.5669791864068,23455.711528361302,40714.3458160932,9166.220875958585,39746.89995181018,50269.00923841777,,,,,,,,,,,,,,,,,,,,,,,,,,,,,,,,,,,,,,,,,,,,,,,,,,,,,,,,,,,,,,,,,,,,,,,,,,,,,,0.0,0.0,0.0,0.0,0.0,0.0,0.0,0.0,0.0,0.0,0.0,0.0,0.0,0.0,0.0,0.0,,0.0,0.0,0.0,,0.0,0.0,0.0,0.0,0.0,,0.0,0.0,0.0,0.0,0.0,0.0,,0.0,,,,0.0,0.0,0.0,,0.0,0.0,0.0,0.0,0.0,,,0.0,,0.0,0.0,0.0,0.0,0.0,0.0,0.0,0.0,0.0,0.0,0.0,0.0,0.0,,0.0,0.0,0.0,0.0,0.0,,0.0,0.0,,0.0,0.0,0.0,0.0,,0.0,0.0,0.0,0.0,0.0,,0.0,0.0,,0.0,0.0,0.0,0.0,0.0,0.0,0.0,0.0,0.0,0.0,0.0,0.0,,0.0,0.0,,,,,0.0,0.0,0.0,0.0,0.0,0.0,0.0,0.0,0.0,,0.0,0.0,0.0,,0.0,0.0,0.0,0.0,0.0,0.0,,0.0,,0.0,0.0,0.0,0.0,0.0,0.0,0.0,,0.0,0.0,0.0,0.0,0.0,0.0,0.0,0.0,0.0,0.0,0.0,0.0,0.0,,0.0,0.0,0.0,0.0,,0.0,0.0,0.0,0.0,0.0,0.0,0.0,0.0,0.0,0.0,0.0,0.0,0.0,0.0,,,,0.0,0.0,0.0,0.0,0.0,0.0,0.0,,0.0,0.16256678104400635,0.0,0.0,0.0,0.0,0.0,0.0,0.0,,0.0,0.0,0.0,0.0,0.0,0.0,,0.0,0.0,0.0,0.0,0.0,0.0,0.0,0.0,0.0,0.0,,0.0,0.0,0.0,0.0,,0.0,0.0,0.0,0.0,0.0,0.0,,0.0,0.0,0.0,0.0,0.0,0.0,,0.0,,0.0,0.0,0.0,0.0,0.0,0.0,0.0,0.0,0.0,0.0,0.06631564348936081,,0.0,0.0,0.0,0.0,0.2114010602235794,0.0,0.0,0.0,0.0,0.0,,0.0,0.0,0.0,0.0,0.0,0.0,0.0,0.0,0.07473663240671158,0.002394676674157381,0.0,,0.0,0.0,0.0,0.0,0.0,0.0,0.0,0.0,,0.0,0.0,,0.0,0.0,0.0,0.0,,,0.0,0.0,,0.0,0.0,,,0.0,0.0,0.0,0.0,0.0,0.0,0.0,,0.0,0.0,0.0,0.0,0.0,0.0,0.0,0.0,0.0,0.0,0.0,,0.0,0.0,,0.0,0.0,0.0,,0.0,0.0,0.0,0.0,,0.0,0.0,0.0,0.0,0.0,0.0,0.0,0.0,0.0,0.0,0.0,0.0,0.0,0.0,0.0,0.0,,0.0,0.11432407796382904,0.0,0.0,0.15972954034805298,0.0,0.0,0.0,0.0,0.0,0.0,0.0,0.0,0.0,0.0,,0.0,0.0,0.0,0.0,0.0,0.0,0.0,0.0,0.0,0.0,0.0,0.0,0.0,0.0,0.0,,,0.0,0.0,0.0,,,0.0,0.0,0.0,,0.0,,0.0,,0.0,,,0.0,,0.0,,0.0,0.0,0.0,0.0,0.0,0.0,0.0,0.0,0.0,0.0,,0.0,0.0,,0.0,0.0,0.0,0.0,,0.0,0.0,0.0,0.0,0.0,0.0,0.07511357963085175,0.0,,0.0,,0.0,0.0,0.0,0.0,,0.0,,,,0.0,,0.0,0.0,,0.0,0.0,0.0,0.0,,,0.0,0.0,0.0,0.0,0.0,,0.0,,0.0,0.0,0.0,0.008292756043374538,0.0,0.0,0.0,,0.0,0.0,0.0,0.0,0.0,0.0,,0.0,0.0,0.0,0.0,0.0,0.0,,,0.0,0.0,0.0,0.0,0.0,0.0,,0.0,0.0,0.0,,0.0,,,0.0,0.0,0.0,0.0,0.0,,0.0,0.0,,0.0,,0.0,0.0,0.0,0.0,0.0,0.0,0.0,0.0,0.0,0.0,0.0,0.0,0.0,0.0,0.0,0.0,0.0,0.0,0.0,0.0,0.0,0.0,0.0,0.0,0.0,0.0,0.0,0.0,0.0,0.0,0.0,0.0,0.0,0.0,0.0,0.0,0.0,0.0,0.0,0.0,0.0,0.01570284366607666,0.0,0.0,0.0,0.0,0.0,0.0,0.0,0.0,0.0,0.0,0.0,0.0,0.0,0.0,0.0,0.0,0.0,0.0,0.0,0.0,0.0,0.0,0.0,0.0,0.0,0.0,0.0,0.0,0.0,0.0,0.0,0.0,0.0,0.0,0.0,0.0,0.0,0.10942241549491882,0.0,0.0,0.0,0.0,0.0,0.0,0.0,0.0,0.0,0.0,0.0,0.0,0.0,0.0,0.0,,,,,,,,,,,,,,,,,,,,,,,,,,,,,,,,,,,,,,,,,,,,,,,,,,,,,,,,,,,,,,,,,,,,,,,,,,,,,,,,,,,,,,,,,,,,,,,,,,,,,,,,,,,,,,,,,,,,,,,,,,,,,,,,,,,,,,,,,,,,,,,,,,,,,,,,,,,,,,,,,,,,,,,,,,,,,,
2020-06-08,685475.0759548411,176.01048010159073,,,,,,,,,,,76494.84123570709,,1039061.7711000025,,,,,,,,,,,,,,,,,,,,8740.013177988707,,,,9482.556551449223,9962.552677524036,1428.5669791864068,23455.711528361302,40713.22307303697,9167.018424833837,39746.89995181018,50269.00923841777,,,,,,,,,,,,,,,,,,,,,,,,,,,,,,,,,,,,,,,,,,,,,,,,,,,,,,,,,,,,,,,,,,,,,,,,,,,,,,0.0,0.0,0.0,0.0,0.0,0.0,0.0,0.0,0.0,0.0,0.0,0.0,0.0,0.0,0.0,0.0,,0.0,0.0,0.0,,0.0,0.0,0.0,0.0,0.0,,0.0,0.0,0.0,0.0,0.0,0.0,,0.0,,,,0.0,0.0,0.0,,0.0,0.0,0.0,0.0,0.0,,,0.0,,0.0,0.0,0.0,0.0,0.0,0.0,0.0,0.0,0.0,0.0,0.0,0.0,0.0,,0.0,0.0,0.0,0.0,0.0,,0.0,0.0,,0.0,0.0,0.0,0.0,,0.0,0.0,0.0,0.0,0.0,,0.0,0.0,,0.0,0.0,0.0,0.0,0.0,0.0,0.0,0.0,0.0,0.0,0.0,0.0,,0.0,0.0,,,,,0.0,0.0,0.0,0.0,0.0,0.0,0.0,0.0,0.0,,0.0,0.0,0.0,,0.0,0.0,0.0,0.0,0.0,0.0,,0.0,,0.0,0.0,0.0,0.0,0.0,0.0,0.0,,0.0,0.0,0.0,0.0,0.0,0.0,0.0,0.0,0.0,0.0,0.0,0.0,0.0,,0.0,0.0,0.0,0.0,,0.0,0.0,0.0,0.0,0.0,0.0,0.0,0.0,0.0,0.0,0.0,0.0,0.0,0.0,,,,0.0,0.0,0.0,0.0,0.0,0.0,0.0,,0.0,0.16256678104400635,0.0,0.0,0.0,0.0,0.0,0.0,0.0,,0.0,0.0,0.0,0.0,0.0,0.0,,0.0,0.0,0.0,0.0,0.0,0.0,0.0,0.0,0.0,0.0,,0.0,0.0,0.0,0.0,,0.0,0.0,0.0,0.0,0.0,0.0,,0.0,0.0,0.0,0.0,0.0,0.0,,0.0,,0.0,0.0,0.0,0.0,0.0,0.0,0.0,0.0,0.0,0.0,0.06631564348936081,,0.0,0.0,0.0,0.0,0.2114010602235794,0.0,0.0,0.0,0.0,0.0,,0.0,0.0,0.0,0.0,0.0,0.0,0.0,0.0,0.07473663240671158,0.002394676674157381,0.0,,0.0,0.0,0.0,0.0,0.0,0.0,0.0,0.0,,0.0,0.0,,0.0,0.0,0.0,0.0,,,0.0,0.0,,0.0,0.0,,,0.0,0.0,0.0,0.0,0.0,0.0,0.0,,0.0,0.0,0.0,0.0,0.0,0.0,0.0,0.0,0.0,0.0,0.0,,0.0,0.0,,0.0,0.0,0.0,,0.0,0.0,0.0,0.0,,0.0,0.0,0.0,0.0,0.0,0.0,0.0,0.0,0.0,0.0,0.0,0.0,0.0,0.0,0.0,0.0,,0.0,0.11432407796382904,0.0,0.0,0.15972954034805298,0.0,0.0,0.0,0.0,0.0,0.0,0.0,0.0,0.0,0.0,,0.0,0.0,0.0,0.0,0.0,0.0,0.0,0.0,0.0,0.0,0.0,0.0,0.0,0.0,0.0,,,0.0,0.0,0.0,,,0.0,0.0,0.0,,0.0,,0.0,,0.0,,,0.0,,0.0,,0.0,0.0,0.0,0.0,0.0,0.0,0.0,0.0,0.0,0.0,,0.0,0.0,,0.0,0.0,0.0,0.0,,0.0,0.0,0.0,0.0,0.0,0.0,0.07511357963085175,0.0,,0.0,,0.0,0.0,0.0,0.0,,0.0,,,,0.0,,0.0,0.0,,0.0,0.0,0.0,0.0,,,0.0,0.0,0.0,0.0,0.0,,0.0,,0.0,0.0,0.0,0.008292756043374538,0.0,0.0,0.0,,0.0,0.0,0.0,0.0,0.0,0.0,,0.0,0.0,0.0,0.0,0.0,0.0,,,0.0,0.0,0.0,0.0,0.0,0.0,,0.0,0.0,0.0,,0.0,,,0.0,0.0,0.0,0.0,0.0,,0.0,0.0,,0.0,,0.0,0.0,0.0,0.0,0.0,0.0,0.0,0.0,0.0,0.0,0.0,0.0,0.0,0.0,0.0,0.0,0.0,0.0,0.0,0.0,0.0,0.0,0.0,0.0,0.0,0.0,0.0,0.0,0.0,0.0,0.0,0.0,0.0,0.0,0.0,0.0,0.0,0.0,0.0,0.0,0.0,0.01570284366607666,0.0,0.0,0.0,0.0,0.0,0.0,0.0,0.0,0.0,0.0,0.0,0.0,0.0,0.0,0.0,0.0,0.0,0.0,0.0,0.0,0.0,0.0,0.0,0.0,0.0,0.0,0.0,0.0,0.0,0.0,0.0,0.0,0.0,0.0,0.0,0.0,0.0,0.10942241549491882,0.0,0.0,0.0,0.0,0.0,0.0,0.0,0.0,0.0,0.0,0.0,0.0,0.0,0.0,0.0,,,,,,,,,,,,,,,,,,,,,,,,,,,,,,,,,,,,,,,,,,,,,,,,,,,,,,,,,,,,,,,,,,,,,,,,,,,,,,,,,,,,,,,,,,,,,,,,,,,,,,,,,,,,,,,,,,,,,,,,,,,,,,,,,,,,,,,,,,,,,,,,,,,,,,,,,,,,,,,,,,,,,,,,,,,,,,
2020-06-09,684016.1247240169,179.398423543626,,,,,,,,,,,76494.84123570709,,1039061.7711000025,,,,,,,,,,,,,,,,,,,,8740.013177988707,,,,9482.633223879044,9962.552677524036,1428.5669791864068,23455.711528361302,40714.09431626674,9026.474215608534,39746.89995181018,51264.34592331355,,,,,,,,,,,,,,,,,,,,,,,,,,,,,,,,,,,,,,,,,,,,,,,,,,,,,,,,,,,,,,,,,,,,,,,,,,,,,,0.0,0.0,0.0,0.0,0.0,0.0,0.0,0.0,0.0,0.0,0.0,0.0,0.0,0.0,0.0,0.0,,0.0,0.0,0.0,,0.0,0.0,0.0,0.0,0.0,,0.0,0.0,0.0,0.0,0.0,0.0,,0.0,,,,0.0,0.0,0.0,,0.0,0.0,0.0,0.0,0.0,,,0.0,,0.0,0.0,0.0,0.0,0.0,0.0,0.0,0.0,0.0,0.0,0.0,0.0,0.0,,0.0,0.0,0.0,0.0,0.0,,0.0,0.0,,0.0,0.0,0.0,0.0,,0.0,0.0,0.0,0.0,0.0,,0.0,0.0,,0.0,0.0,0.0,0.0,0.0,0.0,0.0,0.0,0.0,0.0,0.0,0.0,,0.0,0.0,,,,,0.0,0.0,0.0,0.0,0.0,0.0,0.0,0.0,0.0,,0.0,0.0,0.0,,0.0,0.0,0.0,0.0,0.0,0.0,,0.0,,0.0,0.0,0.0,0.0,0.0,0.0,0.0,,0.0,0.0,0.0,0.0,0.0,0.0,0.0,0.0,0.0,0.0,0.0,0.0,0.0,,0.0,0.0,0.0,0.0,,0.0,0.0,0.0,0.0,0.0,0.0,0.0,0.0,0.0,0.0,0.0,0.0,0.0,0.0,,,,0.0,0.0,0.0,0.0,0.0,0.0,0.0,,0.0,0.16256678104400635,0.0,0.0,0.0,0.0,0.0,0.0,0.0,,0.0,0.0,0.0,0.0,0.0,0.0,,0.0,0.0,0.0,0.0,0.0,0.0,0.0,0.0,0.0,0.0,,0.0,0.0,0.0,0.0,,0.0,0.0,0.0,0.0,0.0,0.0,,0.0,0.0,0.0,0.0,0.0,0.0,,0.0,,0.0,0.0,0.0,0.0,0.0,0.0,0.0,0.0,0.0,0.0,0.06631564348936081,,0.0,0.0,0.0,0.0,0.2114010602235794,0.0,0.0,0.0,0.0,0.0,,0.0,0.0,0.0,0.0,0.0,0.0,0.0,0.0,0.07473663240671158,0.002394676674157381,0.0,,0.0,0.0,0.0,0.0,0.0,0.0,0.0,0.0,,0.0,0.0,,0.0,0.0,0.0,0.0,,,0.0,0.0,,0.0,0.0,,,0.0,0.0,0.0,0.0,0.0,0.0,0.0,,0.0,0.0,0.0,0.0,0.0,0.0,0.0,0.0,0.0,0.0,0.0,,0.0,0.0,,0.0,0.0,0.0,,0.0,0.0,0.0,0.0,,0.0,0.0,0.0,0.0,0.0,0.0,0.0,0.0,0.0,0.0,0.0,0.0,0.0,0.0,0.0,0.0,,0.0,0.11432407796382904,0.0,0.0,0.15972954034805298,0.0,0.0,0.0,0.0,0.0,0.0,0.0,0.0,0.0,0.0,,0.0,0.0,0.0,0.0,0.0,0.0,0.0,0.0,0.0,0.0,0.0,0.0,0.0,0.0,0.0,,,0.0,0.0,0.0,,,0.0,0.0,0.0,,0.0,,0.0,,0.0,,,0.0,,0.0,,0.0,0.0,0.0,0.0,0.0,0.0,0.0,0.0,0.0,0.0,,0.0,0.0,,0.0,0.0,0.0,0.0,,0.0,0.0,0.0,0.0,0.0,0.0,0.07511357963085175,0.0,,0.0,,0.0,0.0,0.0,0.0,,0.0,,,,0.0,,0.0,0.0,,0.0,0.0,0.0,0.0,,,0.0,0.0,0.0,0.0,0.0,,0.0,,0.0,0.0,0.0,0.008292756043374538,0.0,0.0,0.0,,0.0,0.0,0.0,0.0,0.0,0.0,,0.0,0.0,0.0,0.0,0.0,0.0,,,0.0,0.0,0.0,0.0,0.0,0.0,,0.0,0.0,0.0,,0.0,,,0.0,0.0,0.0,0.0,0.0,,0.0,0.0,,0.0,,0.0,0.0,0.0,0.0,0.0,0.0,0.0,0.0,0.0,0.0,0.0,0.0,0.0,0.0,0.0,0.0,0.0,0.0,0.0,0.0,0.0,0.0,0.0,0.0,0.0,0.0,0.0,0.0,0.0,0.0,0.0,0.0,0.0,0.0,0.0,0.0,0.0,0.0,0.0,0.0,0.0,0.01570284366607666,0.0,0.0,0.0,0.0,0.0,0.0,0.0,0.0,0.0,0.0,0.0,0.0,0.0,0.0,0.0,0.0,0.0,0.0,0.0,0.0,0.0,0.0,0.0,0.0,0.0,0.0,0.0,0.0,0.0,0.0,0.0,0.0,0.0,0.0,0.0,0.0,0.0,0.10942241549491882,0.0,0.0,0.0,0.0,0.0,0.0,0.0,0.0,0.0,0.0,0.0,0.0,0.0,0.0,0.0,,,,,,,,,,,,,,,,,,,,,,,,,,,,,,,,,,,,,,,,,,,,,,,,,,,,,,,,,,,,,,,,,,,,,,,,,,,,,,,,,,,,,,,,,,,,,,,,,,,,,,,,,,,,,,,,,,,,,,,,,,,,,,,,,,,,,,,,,,,,,,,,,,,,,,,,,,,,,,,,,,,,,,,,,,,,,,
2020-06-10,680856.7408480904,178.20915725079905,,,,,,,,,,,76494.84123570709,,1039061.7711000025,,,,,,,,,,,,,,,,,,,,8740.013177988707,,,,9482.49848965745,9962.552677524036,1428.5669791864068,23455.711528361302,40714.09431626674,9026.754402483577,39746.89995181018,51264.34592331355,,,,,,,,,,,,,,,,,,,,,,,,,,,,,,,,,,,,,,,,,,,,,,,,,,,,,,,,,,,,,,,,,,,,,,,,,,,,,,0.0,0.0,0.0,0.0,0.0,0.0,0.0,0.0,0.0,0.0,0.0,0.0,0.0,0.0,0.0,0.0,,0.0,0.0,0.0,,0.0,0.0,0.0,0.0,0.0,,0.0,0.0,0.0,0.0,0.0,0.0,,0.0,,,,0.0,0.0,0.0,,0.0,0.0,0.0,0.0,0.0,,,0.0,,0.0,0.0,0.0,0.0,0.0,0.0,0.0,0.0,0.0,0.0,0.0,0.0,0.0,,0.0,0.0,0.0,0.0,0.0,,0.0,0.0,,0.0,0.0,0.0,0.0,,0.0,0.0,0.0,0.0,0.0,,0.0,0.0,,0.0,0.0,0.0,0.0,0.0,0.0,0.0,0.0,0.0,0.0,0.0,0.0,,0.0,0.0,,,,,0.0,0.0,0.0,0.0,0.0,0.0,0.0,0.0,0.0,,0.0,0.0,0.0,,0.0,0.0,0.0,0.0,0.0,0.0,,0.0,,0.0,0.0,0.0,0.0,0.0,0.0,0.0,,0.0,0.0,0.0,0.0,0.0,0.0,0.0,0.0,0.0,0.0,0.0,0.0,0.0,,0.0,0.0,0.0,0.0,,0.0,0.0,0.0,0.0,0.0,0.0,0.0,0.0,0.0,0.0,0.0,0.0,0.0,0.0,,,,0.0,0.0,0.0,0.0,0.0,0.0,0.0,,0.0,0.16256678104400635,0.0,0.0,0.0,0.0,0.0,0.0,0.0,,0.0,0.0,0.0,0.0,0.0,0.0,,0.0,0.0,0.0,0.0,0.0,0.0,0.0,0.0,0.0,0.0,,0.0,0.0,0.0,0.0,,0.0,0.0,0.0,0.0,0.0,0.0,,0.0,0.0,0.0,0.0,0.0,0.0,,0.0,,0.0,0.0,0.0,0.0,0.0,0.0,0.0,0.0,0.0,0.0,0.06631564348936081,,0.0,0.0,0.0,0.0,0.2114010602235794,0.0,0.0,0.0,0.0,0.0,,0.0,0.0,0.0,0.0,0.0,0.0,0.0,0.0,0.07473663240671158,0.002394676674157381,0.0,,0.0,0.0,0.0,0.0,0.0,0.0,0.0,0.0,,0.0,0.0,,0.0,0.0,0.0,0.0,,,0.0,0.0,,0.0,0.0,,,0.0,0.0,0.0,0.0,0.0,0.0,0.0,,0.0,0.0,0.0,0.0,0.0,0.0,0.0,0.0,0.0,0.0,0.0,,0.0,0.0,,0.0,0.0,0.0,,0.0,0.0,0.0,0.0,,0.0,0.0,0.0,0.0,0.0,0.0,0.0,0.0,0.0,0.0,0.0,0.0,0.0,0.0,0.0,0.0,,0.0,0.11432407796382904,0.0,0.0,0.15972954034805298,0.0,0.0,0.0,0.0,0.0,0.0,0.0,0.0,0.0,0.0,,0.0,0.0,0.0,0.0,0.0,0.0,0.0,0.0,0.0,0.0,0.0,0.0,0.0,0.0,0.0,,,0.0,0.0,0.0,,,0.0,0.0,0.0,,0.0,,0.0,,0.0,,,0.0,,0.0,,0.0,0.0,0.0,0.0,0.0,0.0,0.0,0.0,0.0,0.0,,0.0,0.0,,0.0,0.0,0.0,0.0,,0.0,0.0,0.0,0.0,0.0,0.0,0.07511357963085175,0.0,,0.0,,0.0,0.0,0.0,0.0,,0.0,,,,0.0,,0.0,0.0,,0.0,0.0,0.0,0.0,,,0.0,0.0,0.0,0.0,0.0,,0.0,,0.0,0.0,0.0,0.008292756043374538,0.0,0.0,0.0,,0.0,0.0,0.0,0.0,0.0,0.0,,0.0,0.0,0.0,0.0,0.0,0.0,,,0.0,0.0,0.0,0.0,0.0,0.0,,0.0,0.0,0.0,,0.0,,,0.0,0.0,0.0,0.0,0.0,,0.0,0.0,,0.0,,0.0,0.0,0.0,0.0,0.0,0.0,0.0,0.0,0.0,0.0,0.0,0.0,0.0,0.0,0.0,0.0,0.0,0.0,0.0,0.0,0.0,0.0,0.0,0.0,0.0,0.0,0.0,0.0,0.0,0.0,0.0,0.0,0.0,0.0,0.0,0.0,0.0,0.0,0.0,0.0,0.0,0.01570284366607666,0.0,0.0,0.0,0.0,0.0,0.0,0.0,0.0,0.0,0.0,0.0,0.0,0.0,0.0,0.0,0.0,0.0,0.0,0.0,0.0,0.0,0.0,0.0,0.0,0.0,0.0,0.0,0.0,0.0,0.0,0.0,0.0,0.0,0.0,0.0,0.0,0.0,0.10942241549491882,0.0,0.0,0.0,0.0,0.0,0.0,0.0,0.0,0.0,0.0,0.0,0.0,0.0,0.0,0.0,,,,,,,,,,,,,,,,,,,,,,,,,,,,,,,,,,,,,,,,,,,,,,,,,,,,,,,,,,,,,,,,,,,,,,,,,,,,,,,,,,,,,,,,,,,,,,,,,,,,,,,,,,,,,,,,,,,,,,,,,,,,,,,,,,,,,,,,,,,,,,,,,,,,,,,,,,,,,,,,,,,,,,,,,,,,,,
2020-06-11,685001.4541830305,176.6858872763152,,,,,,,,,,,76494.84123570709,,1039061.7711000025,,,,,,,,,,,,,,,,,,,,8740.013177988707,,,,9482.709153138241,9962.552677524036,1428.5669791864068,23455.711528361302,40714.09431626674,9026.754402483577,39746.89995181018,51264.34592331355,,,,,,,,,,,,,,,,,,,,,,,,,,,,,,,,,,,,,,,,,,,,,,,,,,,,,,,,,,,,,,,,,,,,,,,,,,,,,,0.0,0.0,0.0,0.0,0.0,0.0,0.0,0.0,0.0,0.0,0.0,0.0,0.0,0.0,0.0,0.0,,0.0,0.0,0.0,,0.0,0.0,0.0,0.0,0.0,,0.0,0.0,0.0,0.0,0.0,0.0,,0.0,,,,0.0,0.0,0.0,,0.0,0.0,0.0,0.0,0.0,,,0.0,,0.0,0.0,0.0,0.0,0.0,0.0,0.0,0.0,0.0,0.0,0.0,0.0,0.0,,0.0,0.0,0.0,0.0,0.0,,0.0,0.0,,0.0,0.0,0.0,0.0,,0.0,0.0,0.0,0.0,0.0,,0.0,0.0,,0.0,0.0,0.0,0.0,0.0,0.0,0.0,0.0,0.0,0.0,0.0,0.0,,0.0,0.0,,,,,0.0,0.0,0.0,0.0,0.0,0.0,0.0,0.0,0.0,,0.0,0.0,0.0,,0.0,0.0,0.0,0.0,0.0,0.0,,0.0,,0.0,0.0,0.0,0.0,0.0,0.0,0.0,,0.0,0.0,0.0,0.0,0.0,0.0,0.0,0.0,0.0,0.0,0.0,0.0,0.0,,0.0,0.0,0.0,0.0,,0.0,0.0,0.0,0.0,0.0,0.0,0.0,0.0,0.0,0.0,0.0,0.0,0.0,0.0,,,,0.0,0.0,0.0,0.0,0.0,0.0,0.0,,0.0,0.16256678104400635,0.0,0.0,0.0,0.0,0.0,0.0,0.0,,0.0,0.0,0.0,0.0,0.0,0.0,,0.0,0.0,0.0,0.0,0.0,0.0,0.0,0.0,0.0,0.0,,0.0,0.0,0.0,0.0,,0.0,0.0,0.0,0.0,0.0,0.0,,0.0,0.0,0.0,0.0,0.0,0.0,,0.0,,0.0,0.0,0.0,0.0,0.0,0.0,0.0,0.0,0.0,0.0,0.06631564348936081,,0.0,0.0,0.0,0.0,0.2114010602235794,0.0,0.0,0.0,0.0,0.0,,0.0,0.0,0.0,0.0,0.0,0.0,0.0,0.0,0.07473663240671158,0.002394676674157381,0.0,,0.0,0.0,0.0,0.0,0.0,0.0,0.0,0.0,,0.0,0.0,,0.0,0.0,0.0,0.0,,,0.0,0.0,,0.0,0.0,,,0.0,0.0,0.0,0.0,0.0,0.0,0.0,,0.0,0.0,0.0,0.0,0.0,0.0,0.0,0.0,0.0,0.0,0.0,,0.0,0.0,,0.0,0.0,0.0,,0.0,0.0,0.0,0.0,,0.0,0.0,0.0,0.0,0.0,0.0,0.0,0.0,0.0,0.0,0.0,0.0,0.0,0.0,0.0,0.0,,0.0,0.11432407796382904,0.0,0.0,0.15972954034805298,0.0,0.0,0.0,0.0,0.0,0.0,0.0,0.0,0.0,0.0,,0.0,0.0,0.0,0.0,0.0,0.0,0.0,0.0,0.0,0.0,0.0,0.0,0.0,0.0,0.0,,,0.0,0.0,0.0,,,0.0,0.0,0.0,,0.0,,0.0,,0.0,,,0.0,,0.0,,0.0,0.0,0.0,0.0,0.0,0.0,0.0,0.0,0.0,0.0,,0.0,0.0,,0.0,0.0,0.0,0.0,,0.0,0.0,0.0,0.0,0.0,0.0,0.07511357963085175,0.0,,0.0,,0.0,0.0,0.0,0.0,,0.0,,,,0.0,,0.0,0.0,,0.0,0.0,0.0,0.0,,,0.0,0.0,0.0,0.0,0.0,,0.0,,0.0,0.0,0.0,0.008292756043374538,0.0,0.0,0.0,,0.0,0.0,0.0,0.0,0.0,0.0,,0.0,0.0,0.0,0.0,0.0,0.0,,,0.0,0.0,0.0,0.0,0.0,0.0,,0.0,0.0,0.0,,0.0,,,0.0,0.0,0.0,0.0,0.0,,0.0,0.0,,0.0,,0.0,0.0,0.0,0.0,0.0,0.0,0.0,0.0,0.0,0.0,0.0,0.0,0.0,0.0,0.0,0.0,0.0,0.0,0.0,0.0,0.0,0.0,0.0,0.0,0.0,0.0,0.0,0.0,0.0,0.0,0.0,0.0,0.0,0.0,0.0,0.0,0.0,0.0,0.0,0.0,0.0,0.01570284366607666,0.0,0.0,0.0,0.0,0.0,0.0,0.0,0.0,0.0,0.0,0.0,0.0,0.0,0.0,0.0,0.0,0.0,0.0,0.0,0.0,0.0,0.0,0.0,0.0,0.0,0.0,0.0,0.0,0.0,0.0,0.0,0.0,0.0,0.0,0.0,0.0,0.0,0.10942241549491882,0.0,0.0,0.0,0.0,0.0,0.0,0.0,0.0,0.0,0.0,0.0,0.0,0.0,0.0,0.0,,,,,,,,,,,,,,,,,,,,,,,,,,,,,,,,,,,,,,,,,,,,,,,,,,,,,,,,,,,,,,,,,,,,,,,,,,,,,,,,,,,,,,,,,,,,,,,,,,,,,,,,,,,,,,,,,,,,,,,,,,,,,,,,,,,,,,,,,,,,,,,,,,,,,,,,,,,,,,,,,,,,,,,,,,,,,,
2020-06-12,685825.1019323723,212.11899875220297,,,,,,,,,,,76494.84123570709,,1039061.7711000025,,,,,,,,,,,,,,,,,,,,8740.013177988707,,,,9482.220100687593,9962.552677524036,1428.5669791864068,23455.711528361302,37754.347795152054,9304.647028025935,41275.76947707004,52259.871973389905,,,,,,,,,,,,,,,,,,,,,,,,,,,,,,,,,,,,,,,,,,,,,,,,,,,,,,,,,,,,,,,,,,,,,,,,,,,,,,0.0,0.0,0.0,0.0,0.0,0.0,0.0,0.0,0.0,0.0,0.0,0.0,0.0,0.0,0.0,0.0,,0.0,0.0,0.0,,0.0,0.0,0.0,0.0,0.0,,0.0,0.0,0.0,0.0,0.0,0.0,,0.0,,,,0.0,0.0,0.0,,0.0,0.0,0.0,0.0,0.0,,,0.0,,0.0,0.0,0.0,0.0,0.0,0.0,0.0,0.0,0.0,0.0,0.0,0.0,0.0,,0.0,0.0,0.0,0.0,0.0,,0.0,0.0,,0.0,0.0,0.0,0.0,,0.0,0.0,0.0,0.0,0.0,,0.0,0.0,,0.0,0.0,0.0,0.0,0.0,0.0,0.0,0.0,0.0,0.0,0.0,0.0,,0.0,0.0,,,,,0.0,0.0,0.0,0.0,0.0,0.0,0.0,0.0,0.0,,0.0,0.0,0.0,,0.0,0.0,0.0,0.0,0.0,0.0,,0.0,,0.0,0.0,0.0,0.0,0.0,0.0,0.0,,0.0,0.0,0.0,0.0,0.0,0.0,0.0,0.0,0.0,0.0,0.0,0.0,0.0,,0.0,0.0,0.0,0.0,,0.0,0.0,0.0,0.0,0.0,0.0,0.0,0.0,0.0,0.0,0.0,0.0,0.0,0.0,,,,0.0,0.0,0.0,0.0,0.0,0.0,0.0,,0.0,0.16256678104400635,0.0,0.0,0.0,0.0,0.0,0.0,0.0,,0.0,0.0,0.0,0.0,0.0,0.0,,0.0,0.0,0.0,0.0,0.0,0.0,0.0,0.0,0.0,0.0,,0.0,0.0,0.0,0.0,,0.0,0.0,0.0,0.0,0.0,0.0,,0.0,0.0,0.0,0.0,0.0,0.0,,0.0,,0.0,0.0,0.0,0.0,0.0,0.0,0.0,0.0,0.0,0.0,0.06631564348936081,,0.0,0.0,0.0,0.0,0.2114010602235794,0.0,0.0,0.0,0.0,0.0,,0.0,0.0,0.0,0.0,0.0,0.0,0.0,0.0,0.07473663240671158,0.002394676674157381,0.0,,0.0,0.0,0.0,0.0,0.0,0.0,0.0,0.0,,0.0,0.0,,0.0,0.0,0.0,0.0,,,0.0,0.0,,0.0,0.0,,,0.0,0.0,0.0,0.0,0.0,0.0,0.0,,0.0,0.0,0.0,0.0,0.0,0.0,0.0,0.0,0.0,0.0,0.0,,0.0,0.0,,0.0,0.0,0.0,,0.0,0.0,0.0,0.0,,0.0,0.0,0.0,0.0,0.0,0.0,0.0,0.0,0.0,0.0,0.0,0.0,0.0,0.0,0.0,0.0,,0.0,0.11432407796382904,0.0,0.0,0.15972954034805298,0.0,0.0,0.0,0.0,0.0,0.0,0.0,0.0,0.0,0.0,,0.0,0.0,0.0,0.0,0.0,0.0,0.0,0.0,0.0,0.0,0.0,0.0,0.0,0.0,0.0,,,0.0,0.0,0.0,,,0.0,0.0,0.0,,0.0,,0.0,,0.0,,,0.0,,0.0,,0.0,0.0,0.0,0.0,0.0,0.0,0.0,0.0,0.0,0.0,,0.0,0.0,,0.0,0.0,0.0,0.0,,0.0,0.0,0.0,0.0,0.0,0.0,0.07511357963085175,0.0,,0.0,,0.0,0.0,0.0,0.0,,0.0,,,,0.0,,0.0,0.0,,0.0,0.0,0.0,0.0,,,0.0,0.0,0.0,0.0,0.0,,0.0,,0.0,0.0,0.0,0.008292756043374538,0.0,0.0,0.0,,0.0,0.0,0.0,0.0,0.0,0.0,,0.0,0.0,0.0,0.0,0.0,0.0,,,0.0,0.0,0.0,0.0,0.0,0.0,,0.0,0.0,0.0,,0.0,,,0.0,0.0,0.0,0.0,0.0,,0.0,0.0,,0.0,,0.0,0.0,0.0,0.0,0.0,0.0,0.0,0.0,0.0,0.0,0.0,0.0,0.0,0.0,0.0,0.0,0.0,0.0,0.0,0.0,0.0,0.0,0.0,0.0,0.0,0.0,0.0,0.0,0.0,0.0,0.0,0.0,0.0,0.0,0.0,0.0,0.0,0.0,0.0,0.0,0.0,0.01570284366607666,0.0,0.0,0.0,0.0,0.0,0.0,0.0,0.0,0.0,0.0,0.0,0.0,0.0,0.0,0.0,0.0,0.0,0.0,0.0,0.0,0.0,0.0,0.0,0.0,0.0,0.0,0.0,0.0,0.0,0.0,0.0,0.0,0.0,0.0,0.0,0.0,0.0,0.10942241549491882,0.0,0.0,0.0,0.0,0.0,0.0,0.0,0.0,0.0,0.0,0.0,0.0,0.0,0.0,0.0,,,,,,,,,,,,,,,,,,,,,,,,,,,,,,,,,,,,,,,,,,,,,,,,,,,,,,,,,,,,,,,,,,,,,,,,,,,,,,,,,,,,,,,,,,,,,,,,,,,,,,,,,,,,,,,,,,,,,,,,,,,,,,,,,,,,,,,,,,,,,,,,,,,,,,,,,,,,,,,,,,,,,,,,,,,,,,
2020-06-15,678826.426465099,62.42169409272685,,,,,,,,,,,76494.84123570709,,1039061.7711000025,,,,,,,,,,,,,,,,,,,,8740.013177988707,,,,9482.629501887797,9962.552677524036,1428.5669791864068,23455.711528361302,37012.9273325378,9443.68026251735,41275.76947707004,52757.604947107364,,,,,,,,,,,,,,,,,,,,,,,,,,,,,,,,,,,,,,,,,,,,,,,,,,,,,,,,,,,,,,,,,,,,,,,,,,,,,,0.0,0.0,0.0,0.0,0.0,0.0,0.0,0.0,0.0,0.0,0.0,0.0,0.0,0.0,0.0,0.0,,0.0,0.0,0.0,,0.0,0.0,0.0,0.0,0.0,,0.0,0.0,0.0,0.0,0.0,0.0,,0.0,,,,0.0,0.0,0.0,,0.0,0.0,0.0,0.0,0.0,,,0.0,,0.0,0.0,0.0,0.0,0.0,0.0,0.0,0.0,0.0,0.0,0.0,0.0,0.0,,0.0,0.0,0.0,0.0,0.0,,0.0,0.0,,0.0,0.0,0.0,0.0,,0.0,0.0,0.0,0.0,0.0,,0.0,0.0,,0.0,0.0,0.0,0.0,0.0,0.0,0.0,0.0,0.0,0.0,0.0,0.0,,0.0,0.0,,,,,0.0,0.0,0.0,0.0,0.0,0.0,0.0,0.0,0.0,,0.0,0.0,0.0,,0.0,0.0,0.0,0.0,0.0,0.0,,0.0,,0.0,0.0,0.0,0.0,0.0,0.0,0.0,,0.0,0.0,0.0,0.0,0.0,0.0,0.0,0.0,0.0,0.0,0.0,0.0,0.0,,0.0,0.0,0.0,0.0,,0.0,0.0,0.0,0.0,0.0,0.0,0.0,0.0,0.0,0.0,0.0,0.0,0.0,0.0,,,,0.0,0.0,0.0,0.0,0.0,0.0,0.0,,0.0,0.16256678104400635,0.0,0.0,0.0,0.0,0.0,0.0,0.0,,0.0,0.0,0.0,0.0,0.0,0.0,,0.0,0.0,0.0,0.0,0.0,0.0,0.0,0.0,0.0,0.0,,0.0,0.0,0.0,0.0,,0.0,0.0,0.0,0.0,0.0,0.0,,0.0,0.0,0.0,0.0,0.0,0.0,,0.0,,0.0,0.0,0.0,0.0,0.0,0.0,0.0,0.0,0.0,0.0,0.06631564348936081,,0.0,0.0,0.0,0.0,0.2114010602235794,0.0,0.0,0.0,0.0,0.0,,0.0,0.0,0.0,0.0,0.0,0.0,0.0,0.0,0.07473663240671158,0.002394676674157381,0.0,,0.0,0.0,0.0,0.0,0.0,0.0,0.0,0.0,,0.0,0.0,,0.0,0.0,0.0,0.0,,,0.0,0.0,,0.0,0.0,,,0.0,0.0,0.0,0.0,0.0,0.0,0.0,,0.0,0.0,0.0,0.0,0.0,0.0,0.0,0.0,0.0,0.0,0.0,,0.0,0.0,,0.0,0.0,0.0,,0.0,0.0,0.0,0.0,,0.0,0.0,0.0,0.0,0.0,0.0,0.0,0.0,0.0,0.0,0.0,0.0,0.0,0.0,0.0,0.0,,0.0,0.11432407796382904,0.0,0.0,0.15972954034805298,0.0,0.0,0.0,0.0,0.0,0.0,0.0,0.0,0.0,0.0,,0.0,0.0,0.0,0.0,0.0,0.0,0.0,0.0,0.0,0.0,0.0,0.0,0.0,0.0,0.0,,,0.0,0.0,0.0,,,0.0,0.0,0.0,,0.0,,0.0,,0.0,,,0.0,,0.0,,0.0,0.0,0.0,0.0,0.0,0.0,0.0,0.0,0.0,0.0,,0.0,0.0,,0.0,0.0,0.0,0.0,,0.0,0.0,0.0,0.0,0.0,0.0,0.07511357963085175,0.0,,0.0,,0.0,0.0,0.0,0.0,,0.0,,,,0.0,,0.0,0.0,,0.0,0.0,0.0,0.0,,,0.0,0.0,0.0,0.0,0.0,,0.0,,0.0,0.0,0.0,0.008292756043374538,0.0,0.0,0.0,,0.0,0.0,0.0,0.0,0.0,0.0,,0.0,0.0,0.0,0.0,0.0,0.0,,,0.0,0.0,0.0,0.0,0.0,0.0,,0.0,0.0,0.0,,0.0,,,0.0,0.0,0.0,0.0,0.0,,0.0,0.0,,0.0,,0.0,0.0,0.0,0.0,0.0,0.0,0.0,0.0,0.0,0.0,0.0,0.0,0.0,0.0,0.0,0.0,0.0,0.0,0.0,0.0,0.0,0.0,0.0,0.0,0.0,0.0,0.0,0.0,0.0,0.0,0.0,0.0,0.0,0.0,0.0,0.0,0.0,0.0,0.0,0.0,0.0,0.01570284366607666,0.0,0.0,0.0,0.0,0.0,0.0,0.0,0.0,0.0,0.0,0.0,0.0,0.0,0.0,0.0,0.0,0.0,0.0,0.0,0.0,0.0,0.0,0.0,0.0,0.0,0.0,0.0,0.0,0.0,0.0,0.0,0.0,0.0,0.0,0.0,0.0,0.0,0.10942241549491882,0.0,0.0,0.0,0.0,0.0,0.0,0.0,0.0,0.0,0.0,0.0,0.0,0.0,0.0,0.0,,,,,,,,,,,,,,,,,,,,,,,,,,,,,,,,,,,,,,,,,,,,,,,,,,,,,,,,,,,,,,,,,,,,,,,,,,,,,,,,,,,,,,,,,,,,,,,,,,,,,,,,,,,,,,,,,,,,,,,,,,,,,,,,,,,,,,,,,,,,,,,,,,,,,,,,,,,,,,,,,,,,,,,,,,,,,,
2020-06-16,686670.1561746125,84.78409503713783,,,,,,,,,,,76494.84123570709,,1039061.7711000025,,,,,,,,,,,,,,,,,,,,8740.013177988707,,,,9482.337706867891,9962.552677524036,1428.5669791864068,23455.711528361302,37013.44993695859,9165.191324946985,41275.76947707004,54748.62662538666,,,,,,,,,,,,,,,,,,,,,,,,,,,,,,,,,,,,,,,,,,,,,,,,,,,,,,,,,,,,,,,,,,,,,,,,,,,,,,0.0,0.0,0.0,0.0,0.0,0.0,0.0,0.0,0.0,0.0,0.0,0.0,0.0,0.0,0.0,0.0,,0.0,0.0,0.0,,0.0,0.0,0.0,0.0,0.0,,0.0,0.0,0.0,0.0,0.0,0.0,,0.0,,,,0.0,0.0,0.0,,0.0,0.0,0.0,0.0,0.0,,,0.0,,0.0,0.0,0.0,0.0,0.0,0.0,0.0,0.0,0.0,0.0,0.0,0.0,0.0,,0.0,0.0,0.0,0.0,0.0,,0.0,0.0,,0.0,0.0,0.0,0.0,,0.0,0.0,0.0,0.0,0.0,,0.0,0.0,,0.0,0.0,0.0,0.0,0.0,0.0,0.0,0.0,0.0,0.0,0.0,0.0,,0.0,0.0,,,,,0.0,0.0,0.0,0.0,0.0,0.0,0.0,0.0,0.0,,0.0,0.0,0.0,,0.0,0.0,0.0,0.0,0.0,0.0,,0.0,,0.0,0.0,0.0,0.0,0.0,0.0,0.0,,0.0,0.0,0.0,0.0,0.0,0.0,0.0,0.0,0.0,0.0,0.0,0.0,0.0,,0.0,0.0,0.0,0.0,,0.0,0.0,0.0,0.0,0.0,0.0,0.0,0.0,0.0,0.0,0.0,0.0,0.0,0.0,,,,0.0,0.0,0.0,0.0,0.0,0.0,0.0,,0.0,0.16256678104400635,0.0,0.0,0.0,0.0,0.0,0.0,0.0,,0.0,0.0,0.0,0.0,0.0,0.0,,0.0,0.0,0.0,0.0,0.0,0.0,0.0,0.0,0.0,0.0,,0.0,0.0,0.0,0.0,,0.0,0.0,0.0,0.0,0.0,0.0,,0.0,0.0,0.0,0.0,0.0,0.0,,0.0,,0.0,0.0,0.0,0.0,0.0,0.0,0.0,0.0,0.0,0.0,0.06631564348936081,,0.0,0.0,0.0,0.0,0.2114010602235794,0.0,0.0,0.0,0.0,0.0,,0.0,0.0,0.0,0.0,0.0,0.0,0.0,0.0,0.07473663240671158,0.002394676674157381,0.0,,0.0,0.0,0.0,0.0,0.0,0.0,0.0,0.0,,0.0,0.0,,0.0,0.0,0.0,0.0,,,0.0,0.0,,0.0,0.0,,,0.0,0.0,0.0,0.0,0.0,0.0,0.0,,0.0,0.0,0.0,0.0,0.0,0.0,0.0,0.0,0.0,0.0,0.0,,0.0,0.0,,0.0,0.0,0.0,,0.0,0.0,0.0,0.0,,0.0,0.0,0.0,0.0,0.0,0.0,0.0,0.0,0.0,0.0,0.0,0.0,0.0,0.0,0.0,0.0,,0.0,0.11432407796382904,0.0,0.0,0.15972954034805298,0.0,0.0,0.0,0.0,0.0,0.0,0.0,0.0,0.0,0.0,,0.0,0.0,0.0,0.0,0.0,0.0,0.0,0.0,0.0,0.0,0.0,0.0,0.0,0.0,0.0,,,0.0,0.0,0.0,,,0.0,0.0,0.0,,0.0,,0.0,,0.0,,,0.0,,0.0,,0.0,0.0,0.0,0.0,0.0,0.0,0.0,0.0,0.0,0.0,,0.0,0.0,,0.0,0.0,0.0,0.0,,0.0,0.0,0.0,0.0,0.0,0.0,0.07511357963085175,0.0,,0.0,,0.0,0.0,0.0,0.0,,0.0,,,,0.0,,0.0,0.0,,0.0,0.0,0.0,0.0,,,0.0,0.0,0.0,0.0,0.0,,0.0,,0.0,0.0,0.0,0.008292756043374538,0.0,0.0,0.0,,0.0,0.0,0.0,0.0,0.0,0.0,,0.0,0.0,0.0,0.0,0.0,0.0,,,0.0,0.0,0.0,0.0,0.0,0.0,,0.0,0.0,0.0,,0.0,,,0.0,0.0,0.0,0.0,0.0,,0.0,0.0,,0.0,,0.0,0.0,0.0,0.0,0.0,0.0,0.0,0.0,0.0,0.0,0.0,0.0,0.0,0.0,0.0,0.0,0.0,0.0,0.0,0.0,0.0,0.0,0.0,0.0,0.0,0.0,0.0,0.0,0.0,0.0,0.0,0.0,0.0,0.0,0.0,0.0,0.0,0.0,0.0,0.0,0.0,0.01570284366607666,0.0,0.0,0.0,0.0,0.0,0.0,0.0,0.0,0.0,0.0,0.0,0.0,0.0,0.0,0.0,0.0,0.0,0.0,0.0,0.0,0.0,0.0,0.0,0.0,0.0,0.0,0.0,0.0,0.0,0.0,0.0,0.0,0.0,0.0,0.0,0.0,0.0,0.10942241549491882,0.0,0.0,0.0,0.0,0.0,0.0,0.0,0.0,0.0,0.0,0.0,0.0,0.0,0.0,0.0,,,,,,,,,,,,,,,,,,,,,,,,,,,,,,,,,,,,,,,,,,,,,,,,,,,,,,,,,,,,,,,,,,,,,,,,,,,,,,,,,,,,,,,,,,,,,,,,,,,,,,,,,,,,,,,,,,,,,,,,,,,,,,,,,,,,,,,,,,,,,,,,,,,,,,,,,,,,,,,,,,,,,,,,,,,,,,
2020-06-17,683618.9266751894,84.12835417162292,,,,,,,,,,,76494.84123570709,,1039061.7711000025,,,,,,,,,,,,,,,,,,,,8740.013177988707,,,,9482.430751799033,9962.552677524036,1428.5669791864068,23455.711528361302,37013.44993695859,9165.191324946985,41275.76947707004,54748.62662538666,,,,,,,,,,,,,,,,,,,,,,,,,,,,,,,,,,,,,,,,,,,,,,,,,,,,,,,,,,,,,,,,,,,,,,,,,,,,,,0.0,0.0,0.0,0.0,0.0,0.0,0.0,0.0,0.0,0.0,0.0,0.0,0.0,0.0,0.0,0.0,,0.0,0.0,0.0,,0.0,0.0,0.0,0.0,0.0,,0.0,0.0,0.0,0.0,0.0,0.0,,0.0,,,,0.0,0.0,0.0,,0.0,0.0,0.0,0.0,0.0,,,0.0,,0.0,0.0,0.0,0.0,0.0,0.0,0.0,0.0,0.0,0.0,0.0,0.0,0.0,,0.0,0.0,0.0,0.0,0.0,,0.0,0.0,,0.0,0.0,0.0,0.0,,0.0,0.0,0.0,0.0,0.0,,0.0,0.0,,0.0,0.0,0.0,0.0,0.0,0.0,0.0,0.0,0.0,0.0,0.0,0.0,,0.0,0.0,,,,,0.0,0.0,0.0,0.0,0.0,0.0,0.0,0.0,0.0,,0.0,0.0,0.0,,0.0,0.0,0.0,0.0,0.0,0.0,,0.0,,0.0,0.0,0.0,0.0,0.0,0.0,0.0,,0.0,0.0,0.0,0.0,0.0,0.0,0.0,0.0,0.0,0.0,0.0,0.0,0.0,,0.0,0.0,0.0,0.0,,0.0,0.0,0.0,0.0,0.0,0.0,0.0,0.0,0.0,0.0,0.0,0.0,0.0,0.0,,,,0.0,0.0,0.0,0.0,0.0,0.0,0.0,,0.0,0.16256678104400635,0.0,0.0,0.0,0.0,0.0,0.0,0.0,,0.0,0.0,0.0,0.0,0.0,0.0,,0.0,0.0,0.0,0.0,0.0,0.0,0.0,0.0,0.0,0.0,,0.0,0.0,0.0,0.0,,0.0,0.0,0.0,0.0,0.0,0.0,,0.0,0.0,0.0,0.0,0.0,0.0,,0.0,,0.0,0.0,0.0,0.0,0.0,0.0,0.0,0.0,0.0,0.0,0.06631564348936081,,0.0,0.0,0.0,0.0,0.2114010602235794,0.0,0.0,0.0,0.0,0.0,,0.0,0.0,0.0,0.0,0.0,0.0,0.0,0.0,0.07473663240671158,0.002394676674157381,0.0,,0.0,0.0,0.0,0.0,0.0,0.0,0.0,0.0,,0.0,0.0,,0.0,0.0,0.0,0.0,,,0.0,0.0,,0.0,0.0,,,0.0,0.0,0.0,0.0,0.0,0.0,0.0,,0.0,0.0,0.0,0.0,0.0,0.0,0.0,0.0,0.0,0.0,0.0,,0.0,0.0,,0.0,0.0,0.0,,0.0,0.0,0.0,0.0,,0.0,0.0,0.0,0.0,0.0,0.0,0.0,0.0,0.0,0.0,0.0,0.0,0.0,0.0,0.0,0.0,,0.0,0.11432407796382904,0.0,0.0,0.15972954034805298,0.0,0.0,0.0,0.0,0.0,0.0,0.0,0.0,0.0,0.0,,0.0,0.0,0.0,0.0,0.0,0.0,0.0,0.0,0.0,0.0,0.0,0.0,0.0,0.0,0.0,,,0.0,0.0,0.0,,,0.0,0.0,0.0,,0.0,,0.0,,0.0,,,0.0,,0.0,,0.0,0.0,0.0,0.0,0.0,0.0,0.0,0.0,0.0,0.0,,0.0,0.0,,0.0,0.0,0.0,0.0,,0.0,0.0,0.0,0.0,0.0,0.0,0.07511357963085175,0.0,,0.0,,0.0,0.0,0.0,0.0,,0.0,,,,0.0,,0.0,0.0,,0.0,0.0,0.0,0.0,,,0.0,0.0,0.0,0.0,0.0,,0.0,,0.0,0.0,0.0,0.008292756043374538,0.0,0.0,0.0,,0.0,0.0,0.0,0.0,0.0,0.0,,0.0,0.0,0.0,0.0,0.0,0.0,,,0.0,0.0,0.0,0.0,0.0,0.0,,0.0,0.0,0.0,,0.0,,,0.0,0.0,0.0,0.0,0.0,,0.0,0.0,,0.0,,0.0,0.0,0.0,0.0,0.0,0.0,0.0,0.0,0.0,0.0,0.0,0.0,0.0,0.0,0.0,0.0,0.0,0.0,0.0,0.0,0.0,0.0,0.0,0.0,0.0,0.0,0.0,0.0,0.0,0.0,0.0,0.0,0.0,0.0,0.0,0.0,0.0,0.0,0.0,0.0,0.0,0.01570284366607666,0.0,0.0,0.0,0.0,0.0,0.0,0.0,0.0,0.0,0.0,0.0,0.0,0.0,0.0,0.0,0.0,0.0,0.0,0.0,0.0,0.0,0.0,0.0,0.0,0.0,0.0,0.0,0.0,0.0,0.0,0.0,0.0,0.0,0.0,0.0,0.0,0.0,0.10942241549491882,0.0,0.0,0.0,0.0,0.0,0.0,0.0,0.0,0.0,0.0,0.0,0.0,0.0,0.0,0.0,,,,,,,,,,,,,,,,,,,,,,,,,,,,,,,,,,,,,,,,,,,,,,,,,,,,,,,,,,,,,,,,,,,,,,,,,,,,,,,,,,,,,,,,,,,,,,,,,,,,,,,,,,,,,,,,,,,,,,,,,,,,,,,,,,,,,,,,,,,,,,,,,,,,,,,,,,,,,,,,,,,,,,,,,,,,,,
2020-06-18,682400.9401896097,84.59128441798836,,,,,,,,,,,76494.84123570709,,1039061.7711000025,,,,,,,,,,,,,,,,,,,,8740.013177988707,,,,9482.364503620845,9962.552677524036,1428.5669791864068,23455.711528361302,37013.44993695859,9165.191324946985,41275.76947707004,54748.62662538666,,,,,,,,,,,,,,,,,,,,,,,,,,,,,,,,,,,,,,,,,,,,,,,,,,,,,,,,,,,,,,,,,,,,,,,,,,,,,,0.0,0.0,0.0,0.0,0.0,0.0,0.0,0.0,0.0,0.0,0.0,0.0,0.0,0.0,0.0,0.0,,0.0,0.0,0.0,,0.0,0.0,0.0,0.0,0.0,,0.0,0.0,0.0,0.0,0.0,0.0,,0.0,,,,0.0,0.0,0.0,,0.0,0.0,0.0,0.0,0.0,,,0.0,,0.0,0.0,0.0,0.0,0.0,0.0,0.0,0.0,0.0,0.0,0.0,0.0,0.0,,0.0,0.0,0.0,0.0,0.0,,0.0,0.0,,0.0,0.0,0.0,0.0,,0.0,0.0,0.0,0.0,0.0,,0.0,0.0,,0.0,0.0,0.0,0.0,0.0,0.0,0.0,0.0,0.0,0.0,0.0,0.0,,0.0,0.0,,,,,0.0,0.0,0.0,0.0,0.0,0.0,0.0,0.0,0.0,,0.0,0.0,0.0,,0.0,0.0,0.0,0.0,0.0,0.0,,0.0,,0.0,0.0,0.0,0.0,0.0,0.0,0.0,,0.0,0.0,0.0,0.0,0.0,0.0,0.0,0.0,0.0,0.0,0.0,0.0,0.0,,0.0,0.0,0.0,0.0,,0.0,0.0,0.0,0.0,0.0,0.0,0.0,0.0,0.0,0.0,0.0,0.0,0.0,0.0,,,,0.0,0.0,0.0,0.0,0.0,0.0,0.0,,0.0,0.16256678104400635,0.0,0.0,0.0,0.0,0.0,0.0,0.0,,0.0,0.0,0.0,0.0,0.0,0.0,,0.0,0.0,0.0,0.0,0.0,0.0,0.0,0.0,0.0,0.0,,0.0,0.0,0.0,0.0,,0.0,0.0,0.0,0.0,0.0,0.0,,0.0,0.0,0.0,0.0,0.0,0.0,,0.0,,0.0,0.0,0.0,0.0,0.0,0.0,0.0,0.0,0.0,0.0,0.06631564348936081,,0.0,0.0,0.0,0.0,0.2114010602235794,0.0,0.0,0.0,0.0,0.0,,0.0,0.0,0.0,0.0,0.0,0.0,0.0,0.0,0.07473663240671158,0.002394676674157381,0.0,,0.0,0.0,0.0,0.0,0.0,0.0,0.0,0.0,,0.0,0.0,,0.0,0.0,0.0,0.0,,,0.0,0.0,,0.0,0.0,,,0.0,0.0,0.0,0.0,0.0,0.0,0.0,,0.0,0.0,0.0,0.0,0.0,0.0,0.0,0.0,0.0,0.0,0.0,,0.0,0.0,,0.0,0.0,0.0,,0.0,0.0,0.0,0.0,,0.0,0.0,0.0,0.0,0.0,0.0,0.0,0.0,0.0,0.0,0.0,0.0,0.0,0.0,0.0,0.0,,0.0,0.11432407796382904,0.0,0.0,0.15972954034805298,0.0,0.0,0.0,0.0,0.0,0.0,0.0,0.0,0.0,0.0,,0.0,0.0,0.0,0.0,0.0,0.0,0.0,0.0,0.0,0.0,0.0,0.0,0.0,0.0,0.0,,,0.0,0.0,0.0,,,0.0,0.0,0.0,,0.0,,0.0,,0.0,,,0.0,,0.0,,0.0,0.0,0.0,0.0,0.0,0.0,0.0,0.0,0.0,0.0,,0.0,0.0,,0.0,0.0,0.0,0.0,,0.0,0.0,0.0,0.0,0.0,0.0,0.07511357963085175,0.0,,0.0,,0.0,0.0,0.0,0.0,,0.0,,,,0.0,,0.0,0.0,,0.0,0.0,0.0,0.0,,,0.0,0.0,0.0,0.0,0.0,,0.0,,0.0,0.0,0.0,0.008292756043374538,0.0,0.0,0.0,,0.0,0.0,0.0,0.0,0.0,0.0,,0.0,0.0,0.0,0.0,0.0,0.0,,,0.0,0.0,0.0,0.0,0.0,0.0,,0.0,0.0,0.0,,0.0,,,0.0,0.0,0.0,0.0,0.0,,0.0,0.0,,0.0,,0.0,0.0,0.0,0.0,0.0,0.0,0.0,0.0,0.0,0.0,0.0,0.0,0.0,0.0,0.0,0.0,0.0,0.0,0.0,0.0,0.0,0.0,0.0,0.0,0.0,0.0,0.0,0.0,0.0,0.0,0.0,0.0,0.0,0.0,0.0,0.0,0.0,0.0,0.0,0.0,0.0,0.01570284366607666,0.0,0.0,0.0,0.0,0.0,0.0,0.0,0.0,0.0,0.0,0.0,0.0,0.0,0.0,0.0,0.0,0.0,0.0,0.0,0.0,0.0,0.0,0.0,0.0,0.0,0.0,0.0,0.0,0.0,0.0,0.0,0.0,0.0,0.0,0.0,0.0,0.0,0.10942241549491882,0.0,0.0,0.0,0.0,0.0,0.0,0.0,0.0,0.0,0.0,0.0,0.0,0.0,0.0,0.0,,,,,,,,,,,,,,,,,,,,,,,,,,,,,,,,,,,,,,,,,,,,,,,,,,,,,,,,,,,,,,,,,,,,,,,,,,,,,,,,,,,,,,,,,,,,,,,,,,,,,,,,,,,,,,,,,,,,,,,,,,,,,,,,,,,,,,,,,,,,,,,,,,,,,,,,,,,,,,,,,,,,,,,,,,,,,,
2020-06-19,684172.3471053578,83.33341881486673,,,,,,,,,,,76494.84123570709,,1039061.7711000025,,,,,,,,,,,,,,,,,,,,8740.013177988707,,,,9482.54687443455,9962.552677524036,1428.5669791864068,23455.711528361302,37013.44993695859,9165.191324946985,41275.76947707004,54748.62662538666,,,,,,,,,,,,,,,,,,,,,,,,,,,,,,,,,,,,,,,,,,,,,,,,,,,,,,,,,,,,,,,,,,,,,,,,,,,,,,0.0,0.0,0.0,0.0,0.0,0.0,0.0,0.0,0.0,0.0,0.0,0.0,0.0,0.0,0.0,0.0,,0.0,0.0,0.0,,0.0,0.0,0.0,0.0,0.0,,0.0,0.0,0.0,0.0,0.0,0.0,,0.0,,,,0.0,0.0,0.0,,0.0,0.0,0.0,0.0,0.0,,,0.0,,0.0,0.0,0.0,0.0,0.0,0.0,0.0,0.0,0.0,0.0,0.0,0.0,0.0,,0.0,0.0,0.0,0.0,0.0,,0.0,0.0,,0.0,0.0,0.0,0.0,,0.0,0.0,0.0,0.0,0.0,,0.0,0.0,,0.0,0.0,0.0,0.0,0.0,0.0,0.0,0.0,0.0,0.0,0.0,0.0,,0.0,0.0,,,,,0.0,0.0,0.0,0.0,0.0,0.0,0.0,0.0,0.0,,0.0,0.0,0.0,,0.0,0.0,0.0,0.0,0.0,0.0,,0.0,,0.0,0.0,0.0,0.0,0.0,0.0,0.0,,0.0,0.0,0.0,0.0,0.0,0.0,0.0,0.0,0.0,0.0,0.0,0.0,0.0,,0.0,0.0,0.0,0.0,,0.0,0.0,0.0,0.0,0.0,0.0,0.0,0.0,0.0,0.0,0.0,0.0,0.0,0.0,,,,0.0,0.0,0.0,0.0,0.0,0.0,0.0,,0.0,0.16256678104400635,0.0,0.0,0.0,0.0,0.0,0.0,0.0,,0.0,0.0,0.0,0.0,0.0,0.0,,0.0,0.0,0.0,0.0,0.0,0.0,0.0,0.0,0.0,0.0,,0.0,0.0,0.0,0.0,,0.0,0.0,0.0,0.0,0.0,0.0,,0.0,0.0,0.0,0.0,0.0,0.0,,0.0,,0.0,0.0,0.0,0.0,0.0,0.0,0.0,0.0,0.0,0.0,0.06631564348936081,,0.0,0.0,0.0,0.0,0.2114010602235794,0.0,0.0,0.0,0.0,0.0,,0.0,0.0,0.0,0.0,0.0,0.0,0.0,0.0,0.07473663240671158,0.002394676674157381,0.0,,0.0,0.0,0.0,0.0,0.0,0.0,0.0,0.0,,0.0,0.0,,0.0,0.0,0.0,0.0,,,0.0,0.0,,0.0,0.0,,,0.0,0.0,0.0,0.0,0.0,0.0,0.0,,0.0,0.0,0.0,0.0,0.0,0.0,0.0,0.0,0.0,0.0,0.0,,0.0,0.0,,0.0,0.0,0.0,,0.0,0.0,0.0,0.0,,0.0,0.0,0.0,0.0,0.0,0.0,0.0,0.0,0.0,0.0,0.0,0.0,0.0,0.0,0.0,0.0,,0.0,0.11432407796382904,0.0,0.0,0.15972954034805298,0.0,0.0,0.0,0.0,0.0,0.0,0.0,0.0,0.0,0.0,,0.0,0.0,0.0,0.0,0.0,0.0,0.0,0.0,0.0,0.0,0.0,0.0,0.0,0.0,0.0,,,0.0,0.0,0.0,,,0.0,0.0,0.0,,0.0,,0.0,,0.0,,,0.0,,0.0,,0.0,0.0,0.0,0.0,0.0,0.0,0.0,0.0,0.0,0.0,,0.0,0.0,,0.0,0.0,0.0,0.0,,0.0,0.0,0.0,0.0,0.0,0.0,0.07511357963085175,0.0,,0.0,,0.0,0.0,0.0,0.0,,0.0,,,,0.0,,0.0,0.0,,0.0,0.0,0.0,0.0,,,0.0,0.0,0.0,0.0,0.0,,0.0,,0.0,0.0,0.0,0.008292756043374538,0.0,0.0,0.0,,0.0,0.0,0.0,0.0,0.0,0.0,,0.0,0.0,0.0,0.0,0.0,0.0,,,0.0,0.0,0.0,0.0,0.0,0.0,,0.0,0.0,0.0,,0.0,,,0.0,0.0,0.0,0.0,0.0,,0.0,0.0,,0.0,,0.0,0.0,0.0,0.0,0.0,0.0,0.0,0.0,0.0,0.0,0.0,0.0,0.0,0.0,0.0,0.0,0.0,0.0,0.0,0.0,0.0,0.0,0.0,0.0,0.0,0.0,0.0,0.0,0.0,0.0,0.0,0.0,0.0,0.0,0.0,0.0,0.0,0.0,0.0,0.0,0.0,0.01570284366607666,0.0,0.0,0.0,0.0,0.0,0.0,0.0,0.0,0.0,0.0,0.0,0.0,0.0,0.0,0.0,0.0,0.0,0.0,0.0,0.0,0.0,0.0,0.0,0.0,0.0,0.0,0.0,0.0,0.0,0.0,0.0,0.0,0.0,0.0,0.0,0.0,0.0,0.10942241549491882,0.0,0.0,0.0,0.0,0.0,0.0,0.0,0.0,0.0,0.0,0.0,0.0,0.0,0.0,0.0,,,,,,,,,,,,,,,,,,,,,,,,,,,,,,,,,,,,,,,,,,,,,,,,,,,,,,,,,,,,,,,,,,,,,,,,,,,,,,,,,,,,,,,,,,,,,,,,,,,,,,,,,,,,,,,,,,,,,,,,,,,,,,,,,,,,,,,,,,,,,,,,,,,,,,,,,,,,,,,,,,,,,,,,,,,,,,
2020-06-22,683558.0772698673,81.85411129514344,,,,,,,,,,,76494.84123570709,,1039061.7711000025,,,,,,,,,,,,,,,,,,,,8740.013177988707,,,,9482.756051229322,9962.552677524036,1428.5669791864068,23455.711528361302,37013.44993695859,9165.191324946985,41275.76947707004,54748.62662538666,,,,,,,,,,,,,,,,,,,,,,,,,,,,,,,,,,,,,,,,,,,,,,,,,,,,,,,,,,,,,,,,,,,,,,,,,,,,,,0.0,0.0,0.0,0.0,0.0,0.0,0.0,0.0,0.0,0.0,0.0,0.0,0.0,0.0,0.0,0.0,,0.0,0.0,0.0,,0.0,0.0,0.0,0.0,0.0,,0.0,0.0,0.0,0.0,0.0,0.0,,0.0,,,,0.0,0.0,0.0,,0.0,0.0,0.0,0.0,0.0,,,0.0,,0.0,0.0,0.0,0.0,0.0,0.0,0.0,0.0,0.0,0.0,0.0,0.0,0.0,,0.0,0.0,0.0,0.0,0.0,,0.0,0.0,,0.0,0.0,0.0,0.0,,0.0,0.0,0.0,0.0,0.0,,0.0,0.0,,0.0,0.0,0.0,0.0,0.0,0.0,0.0,0.0,0.0,0.0,0.0,0.0,,0.0,0.0,,,,,0.0,0.0,0.0,0.0,0.0,0.0,0.0,0.0,0.0,,0.0,0.0,0.0,,0.0,0.0,0.0,0.0,0.0,0.0,,0.0,,0.0,0.0,0.0,0.0,0.0,0.0,0.0,,0.0,0.0,0.0,0.0,0.0,0.0,0.0,0.0,0.0,0.0,0.0,0.0,0.0,,0.0,0.0,0.0,0.0,,0.0,0.0,0.0,0.0,0.0,0.0,0.0,0.0,0.0,0.0,0.0,0.0,0.0,0.0,,,,0.0,0.0,0.0,0.0,0.0,0.0,0.0,,0.0,0.16256678104400635,0.0,0.0,0.0,0.0,0.0,0.0,0.0,,0.0,0.0,0.0,0.0,0.0,0.0,,0.0,0.0,0.0,0.0,0.0,0.0,0.0,0.0,0.0,0.0,,0.0,0.0,0.0,0.0,,0.0,0.0,0.0,0.0,0.0,0.0,,0.0,0.0,0.0,0.0,0.0,0.0,,0.0,,0.0,0.0,0.0,0.0,0.0,0.0,0.0,0.0,0.0,0.0,0.06631564348936081,,0.0,0.0,0.0,0.0,0.2114010602235794,0.0,0.0,0.0,0.0,0.0,,0.0,0.0,0.0,0.0,0.0,0.0,0.0,0.0,0.07473663240671158,0.002394676674157381,0.0,,0.0,0.0,0.0,0.0,0.0,0.0,0.0,0.0,,0.0,0.0,,0.0,0.0,0.0,0.0,,,0.0,0.0,,0.0,0.0,,,0.0,0.0,0.0,0.0,0.0,0.0,0.0,,0.0,0.0,0.0,0.0,0.0,0.0,0.0,0.0,0.0,0.0,0.0,,0.0,0.0,,0.0,0.0,0.0,,0.0,0.0,0.0,0.0,,0.0,0.0,0.0,0.0,0.0,0.0,0.0,0.0,0.0,0.0,0.0,0.0,0.0,0.0,0.0,0.0,,0.0,0.11432407796382904,0.0,0.0,0.15972954034805298,0.0,0.0,0.0,0.0,0.0,0.0,0.0,0.0,0.0,0.0,,0.0,0.0,0.0,0.0,0.0,0.0,0.0,0.0,0.0,0.0,0.0,0.0,0.0,0.0,0.0,,,0.0,0.0,0.0,,,0.0,0.0,0.0,,0.0,,0.0,,0.0,,,0.0,,0.0,,0.0,0.0,0.0,0.0,0.0,0.0,0.0,0.0,0.0,0.0,,0.0,0.0,,0.0,0.0,0.0,0.0,,0.0,0.0,0.0,0.0,0.0,0.0,0.07511357963085175,0.0,,0.0,,0.0,0.0,0.0,0.0,,0.0,,,,0.0,,0.0,0.0,,0.0,0.0,0.0,0.0,,,0.0,0.0,0.0,0.0,0.0,,0.0,,0.0,0.0,0.0,0.008292756043374538,0.0,0.0,0.0,,0.0,0.0,0.0,0.0,0.0,0.0,,0.0,0.0,0.0,0.0,0.0,0.0,,,0.0,0.0,0.0,0.0,0.0,0.0,,0.0,0.0,0.0,,0.0,,,0.0,0.0,0.0,0.0,0.0,,0.0,0.0,,0.0,,0.0,0.0,0.0,0.0,0.0,0.0,0.0,0.0,0.0,0.0,0.0,0.0,0.0,0.0,0.0,0.0,0.0,0.0,0.0,0.0,0.0,0.0,0.0,0.0,0.0,0.0,0.0,0.0,0.0,0.0,0.0,0.0,0.0,0.0,0.0,0.0,0.0,0.0,0.0,0.0,0.0,0.01570284366607666,0.0,0.0,0.0,0.0,0.0,0.0,0.0,0.0,0.0,0.0,0.0,0.0,0.0,0.0,0.0,0.0,0.0,0.0,0.0,0.0,0.0,0.0,0.0,0.0,0.0,0.0,0.0,0.0,0.0,0.0,0.0,0.0,0.0,0.0,0.0,0.0,0.0,0.10942241549491882,0.0,0.0,0.0,0.0,0.0,0.0,0.0,0.0,0.0,0.0,0.0,0.0,0.0,0.0,0.0,,,,,,,,,,,,,,,,,,,,,,,,,,,,,,,,,,,,,,,,,,,,,,,,,,,,,,,,,,,,,,,,,,,,,,,,,,,,,,,,,,,,,,,,,,,,,,,,,,,,,,,,,,,,,,,,,,,,,,,,,,,,,,,,,,,,,,,,,,,,,,,,,,,,,,,,,,,,,,,,,,,,,,,,,,,,,,
2020-06-23,683780.3583389219,84.06354552480737,,,,,,,,,,,76494.84123570709,,1039061.7711000025,,,,,,,,,,,,,,,,,,,,8740.013177988707,,,,9482.436706736798,9962.552677524036,1428.5669791864068,23455.711528361302,37013.44993695859,9165.191324946985,41275.76947707004,54748.62662538666,,,,,,,,,,,,,,,,,,,,,,,,,,,,,,,,,,,,,,,,,,,,,,,,,,,,,,,,,,,,,,,,,,,,,,,,,,,,,,0.0,0.0,0.0,0.0,0.0,0.0,0.0,0.0,0.0,0.0,0.0,0.0,0.0,0.0,0.0,0.0,,0.0,0.0,0.0,,0.0,0.0,0.0,0.0,0.0,,0.0,0.0,0.0,0.0,0.0,0.0,,0.0,,,,0.0,0.0,0.0,,0.0,0.0,0.0,0.0,0.0,,,0.0,,0.0,0.0,0.0,0.0,0.0,0.0,0.0,0.0,0.0,0.0,0.0,0.0,0.0,,0.0,0.0,0.0,0.0,0.0,,0.0,0.0,,0.0,0.0,0.0,0.0,,0.0,0.0,0.0,0.0,0.0,,0.0,0.0,,0.0,0.0,0.0,0.0,0.0,0.0,0.0,0.0,0.0,0.0,0.0,0.0,,0.0,0.0,,,,,0.0,0.0,0.0,0.0,0.0,0.0,0.0,0.0,0.0,,0.0,0.0,0.0,,0.0,0.0,0.0,0.0,0.0,0.0,,0.0,,0.0,0.0,0.0,0.0,0.0,0.0,0.0,,0.0,0.0,0.0,0.0,0.0,0.0,0.0,0.0,0.0,0.0,0.0,0.0,0.0,,0.0,0.0,0.0,0.0,,0.0,0.0,0.0,0.0,0.0,0.0,0.0,0.0,0.0,0.0,0.0,0.0,0.0,0.0,,,,0.0,0.0,0.0,0.0,0.0,0.0,0.0,,0.0,0.16256678104400635,0.0,0.0,0.0,0.0,0.0,0.0,0.0,,0.0,0.0,0.0,0.0,0.0,0.0,,0.0,0.0,0.0,0.0,0.0,0.0,0.0,0.0,0.0,0.0,,0.0,0.0,0.0,0.0,,0.0,0.0,0.0,0.0,0.0,0.0,,0.0,0.0,0.0,0.0,0.0,0.0,,0.0,,0.0,0.0,0.0,0.0,0.0,0.0,0.0,0.0,0.0,0.0,0.06631564348936081,,0.0,0.0,0.0,0.0,0.2114010602235794,0.0,0.0,0.0,0.0,0.0,,0.0,0.0,0.0,0.0,0.0,0.0,0.0,0.0,0.07473663240671158,0.002394676674157381,0.0,,0.0,0.0,0.0,0.0,0.0,0.0,0.0,0.0,,0.0,0.0,,0.0,0.0,0.0,0.0,,,0.0,0.0,,0.0,0.0,,,0.0,0.0,0.0,0.0,0.0,0.0,0.0,,0.0,0.0,0.0,0.0,0.0,0.0,0.0,0.0,0.0,0.0,0.0,,0.0,0.0,,0.0,0.0,0.0,,0.0,0.0,0.0,0.0,,0.0,0.0,0.0,0.0,0.0,0.0,0.0,0.0,0.0,0.0,0.0,0.0,0.0,0.0,0.0,0.0,,0.0,0.11432407796382904,0.0,0.0,0.15972954034805298,0.0,0.0,0.0,0.0,0.0,0.0,0.0,0.0,0.0,0.0,,0.0,0.0,0.0,0.0,0.0,0.0,0.0,0.0,0.0,0.0,0.0,0.0,0.0,0.0,0.0,,,0.0,0.0,0.0,,,0.0,0.0,0.0,,0.0,,0.0,,0.0,,,0.0,,0.0,,0.0,0.0,0.0,0.0,0.0,0.0,0.0,0.0,0.0,0.0,,0.0,0.0,,0.0,0.0,0.0,0.0,,0.0,0.0,0.0,0.0,0.0,0.0,0.07511357963085175,0.0,,0.0,,0.0,0.0,0.0,0.0,,0.0,,,,0.0,,0.0,0.0,,0.0,0.0,0.0,0.0,,,0.0,0.0,0.0,0.0,0.0,,0.0,,0.0,0.0,0.0,0.008292756043374538,0.0,0.0,0.0,,0.0,0.0,0.0,0.0,0.0,0.0,,0.0,0.0,0.0,0.0,0.0,0.0,,,0.0,0.0,0.0,0.0,0.0,0.0,,0.0,0.0,0.0,,0.0,,,0.0,0.0,0.0,0.0,0.0,,0.0,0.0,,0.0,,0.0,0.0,0.0,0.0,0.0,0.0,0.0,0.0,0.0,0.0,0.0,0.0,0.0,0.0,0.0,0.0,0.0,0.0,0.0,0.0,0.0,0.0,0.0,0.0,0.0,0.0,0.0,0.0,0.0,0.0,0.0,0.0,0.0,0.0,0.0,0.0,0.0,0.0,0.0,0.0,0.0,0.01570284366607666,0.0,0.0,0.0,0.0,0.0,0.0,0.0,0.0,0.0,0.0,0.0,0.0,0.0,0.0,0.0,0.0,0.0,0.0,0.0,0.0,0.0,0.0,0.0,0.0,0.0,0.0,0.0,0.0,0.0,0.0,0.0,0.0,0.0,0.0,0.0,0.0,0.0,0.10942241549491882,0.0,0.0,0.0,0.0,0.0,0.0,0.0,0.0,0.0,0.0,0.0,0.0,0.0,0.0,0.0,,,,,,,,,,,,,,,,,,,,,,,,,,,,,,,,,,,,,,,,,,,,,,,,,,,,,,,,,,,,,,,,,,,,,,,,,,,,,,,,,,,,,,,,,,,,,,,,,,,,,,,,,,,,,,,,,,,,,,,,,,,,,,,,,,,,,,,,,,,,,,,,,,,,,,,,,,,,,,,,,,,,,,,,,,,,,,
2020-06-24,686939.399879932,84.08515757994415,,,,,,,,,,,76494.84123570709,,1039061.7711000025,,,,,,,,,,,,,,,,,,,,8740.013177988707,,,,9482.43372926698,9962.552677524036,1428.5669791864068,23455.711528361302,37013.44993695859,9165.191324946985,41275.76947707004,54748.62662538666,,,,,,,,,,,,,,,,,,,,,,,,,,,,,,,,,,,,,,,,,,,,,,,,,,,,,,,,,,,,,,,,,,,,,,,,,,,,,,0.0,0.0,0.0,0.0,0.0,0.0,0.0,0.0,0.0,0.0,0.0,0.0,0.0,0.0,0.0,0.0,,0.0,0.0,0.0,,0.0,0.0,0.0,0.0,0.0,,0.0,0.0,0.0,0.0,0.0,0.0,,0.0,,,,0.0,0.0,0.0,,0.0,0.0,0.0,0.0,0.0,,,0.0,,0.0,0.0,0.0,0.0,0.0,0.0,0.0,0.0,0.0,0.0,0.0,0.0,0.0,,0.0,0.0,0.0,0.0,0.0,,0.0,0.0,,0.0,0.0,0.0,0.0,,0.0,0.0,0.0,0.0,0.0,,0.0,0.0,,0.0,0.0,0.0,0.0,0.0,0.0,0.0,0.0,0.0,0.0,0.0,0.0,,0.0,0.0,,,,,0.0,0.0,0.0,0.0,0.0,0.0,0.0,0.0,0.0,,0.0,0.0,0.0,,0.0,0.0,0.0,0.0,0.0,0.0,,0.0,,0.0,0.0,0.0,0.0,0.0,0.0,0.0,,0.0,0.0,0.0,0.0,0.0,0.0,0.0,0.0,0.0,0.0,0.0,0.0,0.0,,0.0,0.0,0.0,0.0,,0.0,0.0,0.0,0.0,0.0,0.0,0.0,0.0,0.0,0.0,0.0,0.0,0.0,0.0,,,,0.0,0.0,0.0,0.0,0.0,0.0,0.0,,0.0,0.16256678104400635,0.0,0.0,0.0,0.0,0.0,0.0,0.0,,0.0,0.0,0.0,0.0,0.0,0.0,,0.0,0.0,0.0,0.0,0.0,0.0,0.0,0.0,0.0,0.0,,0.0,0.0,0.0,0.0,,0.0,0.0,0.0,0.0,0.0,0.0,,0.0,0.0,0.0,0.0,0.0,0.0,,0.0,,0.0,0.0,0.0,0.0,0.0,0.0,0.0,0.0,0.0,0.0,0.06631564348936081,,0.0,0.0,0.0,0.0,0.2114010602235794,0.0,0.0,0.0,0.0,0.0,,0.0,0.0,0.0,0.0,0.0,0.0,0.0,0.0,0.07473663240671158,0.002394676674157381,0.0,,0.0,0.0,0.0,0.0,0.0,0.0,0.0,0.0,,0.0,0.0,,0.0,0.0,0.0,0.0,,,0.0,0.0,,0.0,0.0,,,0.0,0.0,0.0,0.0,0.0,0.0,0.0,,0.0,0.0,0.0,0.0,0.0,0.0,0.0,0.0,0.0,0.0,0.0,,0.0,0.0,,0.0,0.0,0.0,,0.0,0.0,0.0,0.0,,0.0,0.0,0.0,0.0,0.0,0.0,0.0,0.0,0.0,0.0,0.0,0.0,0.0,0.0,0.0,0.0,,0.0,0.11432407796382904,0.0,0.0,0.15972954034805298,0.0,0.0,0.0,0.0,0.0,0.0,0.0,0.0,0.0,0.0,,0.0,0.0,0.0,0.0,0.0,0.0,0.0,0.0,0.0,0.0,0.0,0.0,0.0,0.0,0.0,,,0.0,0.0,0.0,,,0.0,0.0,0.0,,0.0,,0.0,,0.0,,,0.0,,0.0,,0.0,0.0,0.0,0.0,0.0,0.0,0.0,0.0,0.0,0.0,,0.0,0.0,,0.0,0.0,0.0,0.0,,0.0,0.0,0.0,0.0,0.0,0.0,0.07511357963085175,0.0,,0.0,,0.0,0.0,0.0,0.0,,0.0,,,,0.0,,0.0,0.0,,0.0,0.0,0.0,0.0,,,0.0,0.0,0.0,0.0,0.0,,0.0,,0.0,0.0,0.0,0.008292756043374538,0.0,0.0,0.0,,0.0,0.0,0.0,0.0,0.0,0.0,,0.0,0.0,0.0,0.0,0.0,0.0,,,0.0,0.0,0.0,0.0,0.0,0.0,,0.0,0.0,0.0,,0.0,,,0.0,0.0,0.0,0.0,0.0,,0.0,0.0,,0.0,,0.0,0.0,0.0,0.0,0.0,0.0,0.0,0.0,0.0,0.0,0.0,0.0,0.0,0.0,0.0,0.0,0.0,0.0,0.0,0.0,0.0,0.0,0.0,0.0,0.0,0.0,0.0,0.0,0.0,0.0,0.0,0.0,0.0,0.0,0.0,0.0,0.0,0.0,0.0,0.0,0.0,0.01570284366607666,0.0,0.0,0.0,0.0,0.0,0.0,0.0,0.0,0.0,0.0,0.0,0.0,0.0,0.0,0.0,0.0,0.0,0.0,0.0,0.0,0.0,0.0,0.0,0.0,0.0,0.0,0.0,0.0,0.0,0.0,0.0,0.0,0.0,0.0,0.0,0.0,0.0,0.10942241549491882,0.0,0.0,0.0,0.0,0.0,0.0,0.0,0.0,0.0,0.0,0.0,0.0,0.0,0.0,0.0,,,,,,,,,,,,,,,,,,,,,,,,,,,,,,,,,,,,,,,,,,,,,,,,,,,,,,,,,,,,,,,,,,,,,,,,,,,,,,,,,,,,,,,,,,,,,,,,,,,,,,,,,,,,,,,,,,,,,,,,,,,,,,,,,,,,,,,,,,,,,,,,,,,,,,,,,,,,,,,,,,,,,,,,,,,,,,
2020-06-29,679462.0423868281,82.06192796400265,,,,,,,,,,,76494.84123570709,,1039061.7711000025,,,,,,,,,,,,,,,,,,,,8740.013177988707,,,,9482.712875192015,9962.552677524036,1428.5669791864068,23455.711528361302,37013.44993695859,9165.191324946985,41275.76947707004,54748.62662538666,,,,,,,,,,,,,,,,,,,,,,,,,,,,,,,,,,,,,,,,,,,,,,,,,,,,,,,,,,,,,,,,,,,,,,,,,,,,,,0.0,0.0,0.0,0.0,0.0,0.0,0.0,0.0,0.0,0.0,0.0,0.0,0.0,0.0,0.0,0.0,,0.0,0.0,0.0,,0.0,0.0,0.0,0.0,0.0,,0.0,0.0,0.0,0.0,0.0,0.0,,0.0,,,,0.0,0.0,0.0,,0.0,0.0,0.0,0.0,0.0,,,0.0,,0.0,0.0,0.0,0.0,0.0,0.0,0.0,0.0,0.0,0.0,0.0,0.0,0.0,,0.0,0.0,0.0,0.0,0.0,,0.0,0.0,,0.0,0.0,0.0,0.0,,0.0,0.0,0.0,0.0,0.0,,0.0,0.0,,0.0,0.0,0.0,0.0,0.0,0.0,0.0,0.0,0.0,0.0,0.0,0.0,,0.0,0.0,,,,,0.0,0.0,0.0,0.0,0.0,0.0,0.0,0.0,0.0,,0.0,0.0,0.0,,0.0,0.0,0.0,0.0,0.0,0.0,,0.0,,0.0,0.0,0.0,0.0,0.0,0.0,0.0,,0.0,0.0,0.0,0.0,0.0,0.0,0.0,0.0,0.0,0.0,0.0,0.0,0.0,,0.0,0.0,0.0,0.0,,0.0,0.0,0.0,0.0,0.0,0.0,0.0,0.0,0.0,0.0,0.0,0.0,0.0,0.0,,,,0.0,0.0,0.0,0.0,0.0,0.0,0.0,,0.0,0.16256678104400635,0.0,0.0,0.0,0.0,0.0,0.0,0.0,,0.0,0.0,0.0,0.0,0.0,0.0,,0.0,0.0,0.0,0.0,0.0,0.0,0.0,0.0,0.0,0.0,,0.0,0.0,0.0,0.0,,0.0,0.0,0.0,0.0,0.0,0.0,,0.0,0.0,0.0,0.0,0.0,0.0,,0.0,,0.0,0.0,0.0,0.0,0.0,0.0,0.0,0.0,0.0,0.0,0.06631564348936081,,0.0,0.0,0.0,0.0,0.2114010602235794,0.0,0.0,0.0,0.0,0.0,,0.0,0.0,0.0,0.0,0.0,0.0,0.0,0.0,0.07473663240671158,0.002394676674157381,0.0,,0.0,0.0,0.0,0.0,0.0,0.0,0.0,0.0,,0.0,0.0,,0.0,0.0,0.0,0.0,,,0.0,0.0,,0.0,0.0,,,0.0,0.0,0.0,0.0,0.0,0.0,0.0,,0.0,0.0,0.0,0.0,0.0,0.0,0.0,0.0,0.0,0.0,0.0,,0.0,0.0,,0.0,0.0,0.0,,0.0,0.0,0.0,0.0,,0.0,0.0,0.0,0.0,0.0,0.0,0.0,0.0,0.0,0.0,0.0,0.0,0.0,0.0,0.0,0.0,,0.0,0.11432407796382904,0.0,0.0,0.15972954034805298,0.0,0.0,0.0,0.0,0.0,0.0,0.0,0.0,0.0,0.0,,0.0,0.0,0.0,0.0,0.0,0.0,0.0,0.0,0.0,0.0,0.0,0.0,0.0,0.0,0.0,,,0.0,0.0,0.0,,,0.0,0.0,0.0,,0.0,,0.0,,0.0,,,0.0,,0.0,,0.0,0.0,0.0,0.0,0.0,0.0,0.0,0.0,0.0,0.0,,0.0,0.0,,0.0,0.0,0.0,0.0,,0.0,0.0,0.0,0.0,0.0,0.0,0.07511357963085175,0.0,,0.0,,0.0,0.0,0.0,0.0,,0.0,,,,0.0,,0.0,0.0,,0.0,0.0,0.0,0.0,,,0.0,0.0,0.0,0.0,0.0,,0.0,,0.0,0.0,0.0,0.008292756043374538,0.0,0.0,0.0,,0.0,0.0,0.0,0.0,0.0,0.0,,0.0,0.0,0.0,0.0,0.0,0.0,,,0.0,0.0,0.0,0.0,0.0,0.0,,0.0,0.0,0.0,,0.0,,,0.0,0.0,0.0,0.0,0.0,,0.0,0.0,,0.0,,0.0,0.0,0.0,0.0,0.0,0.0,0.0,0.0,0.0,0.0,0.0,0.0,0.0,0.0,0.0,0.0,0.0,0.0,0.0,0.0,0.0,0.0,0.0,0.0,0.0,0.0,0.0,0.0,0.0,0.0,0.0,0.0,0.0,0.0,0.0,0.0,0.0,0.0,0.0,0.0,0.0,0.01570284366607666,0.0,0.0,0.0,0.0,0.0,0.0,0.0,0.0,0.0,0.0,0.0,0.0,0.0,0.0,0.0,0.0,0.0,0.0,0.0,0.0,0.0,0.0,0.0,0.0,0.0,0.0,0.0,0.0,0.0,0.0,0.0,0.0,0.0,0.0,0.0,0.0,0.0,0.10942241549491882,0.0,0.0,0.0,0.0,0.0,0.0,0.0,0.0,0.0,0.0,0.0,0.0,0.0,0.0,0.0,,,,,,,,,,,,,,,,,,,,,,,,,,,,,,,,,,,,,,,,,,,,,,,,,,,,,,,,,,,,,,,,,,,,,,,,,,,,,,,,,,,,,,,,,,,,,,,,,,,,,,,,,,,,,,,,,,,,,,,,,,,,,,,,,,,,,,,,,,,,,,,,,,,,,,,,,,,,,,,,,,,,,,,,,,,,,,
2020-06-30,691830.3329278912,83.37005367240126,,,,,,,,,,,76494.84123570709,,1039061.7711000025,,,,,,,,,,,,,,,,,,,,8740.013177988707,,,,9482.57218359157,9962.552677524036,1428.5603565200543,23455.711528361302,37013.44993695859,9165.191324946985,41275.76947707004,54748.62662538666,,,,,,,,,,,,,,,,,,,,,,,,,,,,,,,,,,,,,,,,,,,,,,,,,,,,,,,,,,,,,,,,,,,,,,,,,,,,,,0.0,0.0,0.0,0.0,0.0,0.0,0.0,0.0,0.0,0.0,0.0,0.0,0.0,0.0,0.0,0.0,,0.0,0.0,0.0,,0.0,0.0,0.0,0.0,0.0,,0.0,0.0,0.0,0.0,0.0,0.0,,0.0,,,,0.0,0.0,0.0,,0.0,0.0,0.0,0.0,0.0,,,0.0,,0.0,0.0,0.0,0.0,0.0,0.0,0.0,0.0,0.0,0.0,0.0,0.0,0.0,,0.0,0.0,0.0,0.0,0.0,,0.0,0.0,,0.0,0.0,0.0,0.0,,0.0,0.0,0.0,0.0,0.0,,0.0,0.0,,0.0,0.0,0.0,0.0,0.0,0.0,0.0,0.0,0.0,0.0,0.0,0.0,,0.0,0.0,,,,,0.0,0.0,0.0,0.0,0.0,0.0,0.0,0.0,0.0,,0.0,0.0,0.0,,0.0,0.0,0.0,0.0,0.0,0.0,,0.0,,0.0,0.0,0.0,0.0,0.0,0.0,0.0,,0.0,0.0,0.0,0.0,0.0,0.0,0.0,0.0,0.0,0.0,0.0,0.0,0.0,,0.0,0.0,0.0,0.0,,0.0,0.0,0.0,0.0,0.0,0.0,0.0,0.0,0.0,0.0,0.0,0.0,0.0,0.0,,,,0.0,0.0,0.0,0.0,0.0,0.0,0.0,,0.0,0.16256678104400635,0.0,0.0,0.0,0.0,0.0,0.0,0.0,,0.0,0.0,0.0,0.0,0.0,0.0,,0.0,0.0,0.0,0.0,0.0,0.0,0.0,0.0,0.0,0.0,,0.0,0.0,0.0,0.0,,0.0,0.0,0.0,0.0,0.0,0.0,,0.0,0.0,0.0,0.0,0.0,0.0,,0.0,,0.0,0.0,0.0,0.0,0.0,0.0,0.0,0.0,0.0,0.0,0.06631564348936081,,0.0,0.0,0.0,0.0,0.2114010602235794,0.0,0.0,0.0,0.0,0.0,,0.0,0.0,0.0,0.0,0.0,0.0,0.0,0.0,0.07473663240671158,0.002394676674157381,0.0,,0.0,0.0,0.0,0.0,0.0,0.0,0.0,0.0,,0.0,0.0,,0.0,0.0,0.0,0.0,,,0.0,0.0,,0.0,0.0,,,0.0,0.0,0.0,0.0,0.0,0.0,0.0,,0.0,0.0,0.0,0.0,0.0,0.0,0.0,0.0,0.0,0.0,0.0,,0.0,0.0,,0.0,0.0,0.0,,0.0,0.0,0.0,0.0,,0.0,0.0,0.0,0.0,0.0,0.0,0.0,0.0,0.0,0.0,0.0,0.0,0.0,0.0,0.0,0.0,,0.0,0.11432407796382904,0.0,0.0,0.15972954034805298,0.0,0.0,0.0,0.0,0.0,0.0,0.0,0.0,0.0,0.0,,0.0,0.0,0.0,0.0,0.0,0.0,0.0,0.0,0.0,0.0,0.0,0.0,0.0,0.0,0.0,,,0.0,0.0,0.0,,,0.0,0.0,0.0,,0.0,,0.0,,0.0,,,0.0,,0.0,,0.0,0.0,0.0,0.0,0.0,0.0,0.0,0.0,0.0,0.0,,0.0,0.0,,0.0,0.0,0.0,0.0,,0.0,0.0,0.0,0.0,0.0,0.0,0.07511357963085175,0.0,,0.0,,0.0,0.0,0.0,0.0,,0.0,,,,0.0,,0.0,0.0,,0.0,0.0,0.0,0.0,,,0.0,0.0,0.0,0.0,0.0,,0.0,,0.0,0.0,0.0,0.008292756043374538,0.0,0.0,0.0,,0.0,0.0,0.0,0.0,0.0,0.0,,0.0,0.0,0.0,0.0,0.0,0.0,,,0.0,0.0,0.0,0.0,0.0,0.0,,0.0,0.0,0.0,,0.0,,,0.0,0.0,0.0,0.0,0.0,,0.0,0.0,,0.0,,0.0,0.0,0.0,0.0,0.0,0.0,0.0,0.0,0.0,0.0,0.0,0.0,0.0,0.0,0.0,0.0,0.0,0.0,0.0,0.0,0.0,0.0,0.0,0.0,0.0,0.0,0.0,0.0,0.0,0.0,0.0,0.0,0.0,0.0,0.0,0.0,0.0,0.0,0.0,0.0,0.0,0.01570284366607666,0.0,0.0,0.0,0.0,0.0,0.0,0.0,0.0,0.0,0.0,0.0,0.0,0.0,0.0,0.0,0.0,0.0,0.0,0.0,0.0,0.0,0.0,0.0,0.0,0.0,0.0,0.0,0.0,0.0,0.0,0.0,0.0,0.0,0.0,0.0,0.0,0.0,0.10942241549491882,0.0,0.0,0.0,0.0,0.0,0.0,0.0,0.0,0.0,0.0,0.0,0.0,0.0,0.0,0.0,,,,,,,,,,,,,,,,,,,,,,,,,,,,,,,,,,,,,,,,,,,,,,,,,,,,,,,,,,,,,,,,,,,,,,,,,,,,,,,,,,,,,,,,,,,,,,,,,,,,,,,,,,,,,,,,,,,,,,,,,,,,,,,,,,,,,,,,,,,,,,,,,,,,,,,,,,,,,,,,,,,,,,,,,,,,,,
2020-07-01,702483.8281832907,320.1862697390916,,,,,,,,,,,76494.84123570709,,1039061.7711000025,,,,,,,,,,,,,,,,,,,,8740.013177988707,,,,9184.168975652481,10291.53040470291,1428.5603565200543,23455.711528361302,37013.44993695859,9165.191324946985,41275.76947707004,54748.62662538666,,,,,,,,,,,,,,,,,,,,,,,,,,,,,,,,,,,,,,,,,,,,,,,,,,,,,,,,,,,,,,,,,,,,,,,,,,,,,,0.0,0.0,0.0,0.0,0.0,0.0,0.0,0.0,0.0,0.0,0.0,0.0,0.0,0.0,0.0,0.0,,0.0,0.0,0.0,,0.0,0.0,0.0,0.0,0.0,,0.0,0.0,0.0,0.0,0.0,0.0,,0.0,,,,0.0,0.0,0.0,,0.0,0.0,0.0,0.0,0.0,,,0.0,,0.0,0.0,0.0,0.0,0.0,0.0,0.0,0.0,0.0,0.0,0.0,0.0,0.0,,0.0,0.0,0.0,0.0,0.0,,0.0,0.0,,0.0,0.0,0.0,0.0,,0.0,0.0,0.0,0.0,0.0,,0.0,0.0,,0.0,0.0,0.0,0.0,0.0,0.0,0.0,0.0,0.0,0.0,0.0,0.0,,0.0,0.0,,,,,0.0,0.0,0.0,0.0,0.0,0.0,0.0,0.0,0.0,,0.0,0.0,0.0,,0.0,0.0,0.0,0.0,0.0,0.0,,0.0,,0.0,0.0,0.0,0.0,0.0,0.0,0.0,,0.0,0.0,0.0,0.0,0.0,0.0,0.0,0.0,0.0,0.0,0.0,0.0,0.0,,0.0,0.0,0.0,0.0,,0.0,0.0,0.0,0.0,0.0,0.0,0.0,0.0,0.0,0.0,0.0,0.0,0.0,0.0,,,,0.0,0.0,0.0,0.0,0.0,0.0,0.0,,0.0,0.16256678104400635,0.0,0.0,0.0,0.0,0.0,0.0,0.0,,0.0,0.0,0.0,0.0,0.0,0.0,,0.0,0.0,0.0,0.0,0.0,0.0,0.0,0.0,0.0,0.0,,0.0,0.0,0.0,0.0,,0.0,0.0,0.0,0.0,0.0,0.0,,0.0,0.0,0.0,0.0,0.0,0.0,,0.0,,0.0,0.0,0.0,0.0,0.0,0.0,0.0,0.0,0.0,0.0,0.06631564348936081,,0.0,0.0,0.0,0.0,0.2114010602235794,0.0,0.0,0.0,0.0,0.0,,0.0,0.0,0.0,0.0,0.0,0.0,0.0,0.0,0.07473663240671158,0.002394676674157381,0.0,,0.0,0.0,0.0,0.0,0.0,0.0,0.0,0.0,,0.0,0.0,,0.0,0.0,0.0,0.0,,,0.0,0.0,,0.0,0.0,,,0.0,0.0,0.0,0.0,0.0,0.0,0.0,,0.0,0.0,0.0,0.0,0.0,0.0,0.0,0.0,0.0,0.0,0.0,,0.0,0.0,,0.0,0.0,0.0,,0.0,0.0,0.0,0.0,,0.0,0.0,0.0,0.0,0.0,0.0,0.0,0.0,0.0,0.0,0.0,0.0,0.0,0.0,0.0,0.0,,0.0,0.11432407796382904,0.0,0.0,0.15972954034805298,0.0,0.0,0.0,0.0,0.0,0.0,0.0,0.0,0.0,0.0,,0.0,0.0,0.0,0.0,0.0,0.0,0.0,0.0,0.0,0.0,0.0,0.0,0.0,0.0,0.0,,,0.0,0.0,0.0,,,0.0,0.0,0.0,,0.0,,0.0,,0.0,,,0.0,,0.0,,0.0,0.0,0.0,0.0,0.0,0.0,0.0,0.0,0.0,0.0,,0.0,0.0,,0.0,0.0,0.0,0.0,,0.0,0.0,0.0,0.0,0.0,0.0,0.07511357963085175,0.0,,0.0,,0.0,0.0,0.0,0.0,,0.0,,,,0.0,,0.0,0.0,,0.0,0.0,0.0,0.0,,,0.0,0.0,0.0,0.0,0.0,,0.0,,0.0,0.0,0.0,0.008292756043374538,0.0,0.0,0.0,,0.0,0.0,0.0,0.0,0.0,0.0,,0.0,0.0,0.0,0.0,0.0,0.0,,,0.0,0.0,0.0,0.0,0.0,0.0,,0.0,0.0,0.0,,0.0,,,0.0,0.0,0.0,0.0,0.0,,0.0,0.0,,0.0,,0.0,0.0,0.0,0.0,0.0,0.0,0.0,0.0,0.0,0.0,0.0,0.0,0.0,0.0,0.0,0.0,0.0,0.0,0.0,0.0,0.0,0.0,0.0,0.0,0.0,0.0,0.0,0.0,0.0,0.0,0.0,0.0,0.0,0.0,0.0,0.0,0.0,0.0,0.0,0.0,0.0,0.01570284366607666,0.0,0.0,0.0,0.0,0.0,0.0,0.0,0.0,0.0,0.0,0.0,0.0,0.0,0.0,0.0,0.0,0.0,0.0,0.0,0.0,0.0,0.0,0.0,0.0,0.0,0.0,0.0,0.0,0.0,0.0,0.0,0.0,0.0,0.0,0.0,0.0,0.0,0.10942241549491882,0.0,0.0,0.0,0.0,0.0,0.0,0.0,0.0,0.0,0.0,0.0,0.0,0.0,0.0,0.0,,,,,,,,,,,,,,,,,,,,,,,,,,,,,,,,,,,,,,,,,,,,,,,,,,,,,,,,,,,,,,,,,,,,,,,,,,,,,,,,,,,,,,,,,,,,,,,,,,,,,,,,,,,,,,,,,,,,,,,,,,,,,,,,,,,,,,,,,,,,,,,,,,,,,,,,,,,,,,,,,,,,,,,,,,,,,,
2020-07-02,715679.8648905472,95.80289614022513,,,,,,,,,,,76494.84123570709,,1039061.7711000025,,,,,,,,,,,,,,,,,,,,8740.013177988707,,,,9184.052955815412,10291.53040470291,1269.84884834151,27015.724819152787,37013.44993695859,9165.191324946985,41275.76947707004,54748.62662538666,,,,,,,,,,,,,,,,,,,,,,,,,,,,,,,,,,,,,,,,,,,,,,,,,,,,,,,,,,,,,,,,,,,,,,,,,,,,,,0.0,0.0,0.0,0.0,0.0,0.0,0.0,0.0,0.0,0.0,0.0,0.0,0.0,0.0,0.0,0.0,,0.0,0.0,0.0,,0.0,0.0,0.0,0.0,0.0,,0.0,0.0,0.0,0.0,0.0,0.0,,0.0,,,,0.0,0.0,0.0,,0.0,0.0,0.0,0.0,0.0,,,0.0,,0.0,0.0,0.0,0.0,0.0,0.0,0.0,0.0,0.0,0.0,0.0,0.0,0.0,,0.0,0.0,0.0,0.0,0.0,,0.0,0.0,,0.0,0.0,0.0,0.0,,0.0,0.0,0.0,0.0,0.0,,0.0,0.0,,0.0,0.0,0.0,0.0,0.0,0.0,0.0,0.0,0.0,0.0,0.0,0.0,,0.0,0.0,,,,,0.0,0.0,0.0,0.0,0.0,0.0,0.0,0.0,0.0,,0.0,0.0,0.0,,0.0,0.0,0.0,0.0,0.0,0.0,,0.0,,0.0,0.0,0.0,0.0,0.0,0.0,0.0,,0.0,0.0,0.0,0.0,0.0,0.0,0.0,0.0,0.0,0.0,0.0,0.0,0.0,,0.0,0.0,0.0,0.0,,0.0,0.0,0.0,0.0,0.0,0.0,0.0,0.0,0.0,0.0,0.0,0.0,0.0,0.0,,,,0.0,0.0,0.0,0.0,0.0,0.0,0.0,,0.0,0.16256678104400635,0.0,0.0,0.0,0.0,0.0,0.0,0.0,,0.0,0.0,0.0,0.0,0.0,0.0,,0.0,0.0,0.0,0.0,0.0,0.0,0.0,0.0,0.0,0.0,,0.0,0.0,0.0,0.0,,0.0,0.0,0.0,0.0,0.0,0.0,,0.0,0.0,0.0,0.0,0.0,0.0,,0.0,,0.0,0.0,0.0,0.0,0.0,0.0,0.0,0.0,0.0,0.0,0.06631564348936081,,0.0,0.0,0.0,0.0,0.2114010602235794,0.0,0.0,0.0,0.0,0.0,,0.0,0.0,0.0,0.0,0.0,0.0,0.0,0.0,0.07473663240671158,0.002394676674157381,0.0,,0.0,0.0,0.0,0.0,0.0,0.0,0.0,0.0,,0.0,0.0,,0.0,0.0,0.0,0.0,,,0.0,0.0,,0.0,0.0,,,0.0,0.0,0.0,0.0,0.0,0.0,0.0,,0.0,0.0,0.0,0.0,0.0,0.0,0.0,0.0,0.0,0.0,0.0,,0.0,0.0,,0.0,0.0,0.0,,0.0,0.0,0.0,0.0,,0.0,0.0,0.0,0.0,0.0,0.0,0.0,0.0,0.0,0.0,0.0,0.0,0.0,0.0,0.0,0.0,,0.0,0.11432407796382904,0.0,0.0,0.15972954034805298,0.0,0.0,0.0,0.0,0.0,0.0,0.0,0.0,0.0,0.0,,0.0,0.0,0.0,0.0,0.0,0.0,0.0,0.0,0.0,0.0,0.0,0.0,0.0,0.0,0.0,,,0.0,0.0,0.0,,,0.0,0.0,0.0,,0.0,,0.0,,0.0,,,0.0,,0.0,,0.0,0.0,0.0,0.0,0.0,0.0,0.0,0.0,0.0,0.0,,0.0,0.0,,0.0,0.0,0.0,0.0,,0.0,0.0,0.0,0.0,0.0,0.0,0.07511357963085175,0.0,,0.0,,0.0,0.0,0.0,0.0,,0.0,,,,0.0,,0.0,0.0,,0.0,0.0,0.0,0.0,,,0.0,0.0,0.0,0.0,0.0,,0.0,,0.0,0.0,0.0,0.008292756043374538,0.0,0.0,0.0,,0.0,0.0,0.0,0.0,0.0,0.0,,0.0,0.0,0.0,0.0,0.0,0.0,,,0.0,0.0,0.0,0.0,0.0,0.0,,0.0,0.0,0.0,,0.0,,,0.0,0.0,0.0,0.0,0.0,,0.0,0.0,,0.0,,0.0,0.0,0.0,0.0,0.0,0.0,0.0,0.0,0.0,0.0,0.0,0.0,0.0,0.0,0.0,0.0,0.0,0.0,0.0,0.0,0.0,0.0,0.0,0.0,0.0,0.0,0.0,0.0,0.0,0.0,0.0,0.0,0.0,0.0,0.0,0.0,0.0,0.0,0.0,0.0,0.0,0.01570284366607666,0.0,0.0,0.0,0.0,0.0,0.0,0.0,0.0,0.0,0.0,0.0,0.0,0.0,0.0,0.0,0.0,0.0,0.0,0.0,0.0,0.0,0.0,0.0,0.0,0.0,0.0,0.0,0.0,0.0,0.0,0.0,0.0,0.0,0.0,0.0,0.0,0.0,0.10942241549491882,0.0,0.0,0.0,0.0,0.0,0.0,0.0,0.0,0.0,0.0,0.0,0.0,0.0,0.0,0.0,,,,,,,,,,,,,,,,,,,,,,,,,,,,,,,,,,,,,,,,,,,,,,,,,,,,,,,,,,,,,,,,,,,,,,,,,,,,,,,,,,,,,,,,,,,,,,,,,,,,,,,,,,,,,,,,,,,,,,,,,,,,,,,,,,,,,,,,,,,,,,,,,,,,,,,,,,,,,,,,,,,,,,,,,,,,,,
2020-07-03,731864.5857227049,96.18763147862798,,,,,,,,,,,76494.84123570709,,1039061.7711000025,,,,,,,,,,,,,,,,,,,,8740.013177988707,,,,9184.052955815412,10291.53040470291,1269.842120435712,27015.724819152787,37013.44993695859,9165.191324946985,41275.76947707004,54748.62662538666,,,,,,,,,,,,,,,,,,,,,,,,,,,,,,,,,,,,,,,,,,,,,,,,,,,,,,,,,,,,,,,,,,,,,,,,,,,,,,0.0,0.0,0.0,0.0,0.0,0.0,0.0,0.0,0.0,0.0,0.0,0.0,0.0,0.0,0.0,0.0,,0.0,0.0,0.0,,0.0,0.0,0.0,0.0,0.0,,0.0,0.0,0.0,0.0,0.0,0.0,,0.0,,,,0.0,0.0,0.0,,0.0,0.0,0.0,0.0,0.0,,,0.0,,0.0,0.0,0.0,0.0,0.0,0.0,0.0,0.0,0.0,0.0,0.0,0.0,0.0,,0.0,0.0,0.0,0.0,0.0,,0.0,0.0,,0.0,0.0,0.0,0.0,,0.0,0.0,0.0,0.0,0.0,,0.0,0.0,,0.0,0.0,0.0,0.0,0.0,0.0,0.0,0.0,0.0,0.0,0.0,0.0,,0.0,0.0,,,,,0.0,0.0,0.0,0.0,0.0,0.0,0.0,0.0,0.0,,0.0,0.0,0.0,,0.0,0.0,0.0,0.0,0.0,0.0,,0.0,,0.0,0.0,0.0,0.0,0.0,0.0,0.0,,0.0,0.0,0.0,0.0,0.0,0.0,0.0,0.0,0.0,0.0,0.0,0.0,0.0,,0.0,0.0,0.0,0.0,,0.0,0.0,0.0,0.0,0.0,0.0,0.0,0.0,0.0,0.0,0.0,0.0,0.0,0.0,,,,0.0,0.0,0.0,0.0,0.0,0.0,0.0,,0.0,0.16256678104400635,0.0,0.0,0.0,0.0,0.0,0.0,0.0,,0.0,0.0,0.0,0.0,0.0,0.0,,0.0,0.0,0.0,0.0,0.0,0.0,0.0,0.0,0.0,0.0,,0.0,0.0,0.0,0.0,,0.0,0.0,0.0,0.0,0.0,0.0,,0.0,0.0,0.0,0.0,0.0,0.0,,0.0,,0.0,0.0,0.0,0.0,0.0,0.0,0.0,0.0,0.0,0.0,0.06631564348936081,,0.0,0.0,0.0,0.0,0.2114010602235794,0.0,0.0,0.0,0.0,0.0,,0.0,0.0,0.0,0.0,0.0,0.0,0.0,0.0,0.07473663240671158,0.002394676674157381,0.0,,0.0,0.0,0.0,0.0,0.0,0.0,0.0,0.0,,0.0,0.0,,0.0,0.0,0.0,0.0,,,0.0,0.0,,0.0,0.0,,,0.0,0.0,0.0,0.0,0.0,0.0,0.0,,0.0,0.0,0.0,0.0,0.0,0.0,0.0,0.0,0.0,0.0,0.0,,0.0,0.0,,0.0,0.0,0.0,,0.0,0.0,0.0,0.0,,0.0,0.0,0.0,0.0,0.0,0.0,0.0,0.0,0.0,0.0,0.0,0.0,0.0,0.0,0.0,0.0,,0.0,0.11432407796382904,0.0,0.0,0.15972954034805298,0.0,0.0,0.0,0.0,0.0,0.0,0.0,0.0,0.0,0.0,,0.0,0.0,0.0,0.0,0.0,0.0,0.0,0.0,0.0,0.0,0.0,0.0,0.0,0.0,0.0,,,0.0,0.0,0.0,,,0.0,0.0,0.0,,0.0,,0.0,,0.0,,,0.0,,0.0,,0.0,0.0,0.0,0.0,0.0,0.0,0.0,0.0,0.0,0.0,,0.0,0.0,,0.0,0.0,0.0,0.0,,0.0,0.0,0.0,0.0,0.0,0.0,0.07511357963085175,0.0,,0.0,,0.0,0.0,0.0,0.0,,0.0,,,,0.0,,0.0,0.0,,0.0,0.0,0.0,0.0,,,0.0,0.0,0.0,0.0,0.0,,0.0,,0.0,0.0,0.0,0.008292756043374538,0.0,0.0,0.0,,0.0,0.0,0.0,0.0,0.0,0.0,,0.0,0.0,0.0,0.0,0.0,0.0,,,0.0,0.0,0.0,0.0,0.0,0.0,,0.0,0.0,0.0,,0.0,,,0.0,0.0,0.0,0.0,0.0,,0.0,0.0,,0.0,,0.0,0.0,0.0,0.0,0.0,0.0,0.0,0.0,0.0,0.0,0.0,0.0,0.0,0.0,0.0,0.0,0.0,0.0,0.0,0.0,0.0,0.0,0.0,0.0,0.0,0.0,0.0,0.0,0.0,0.0,0.0,0.0,0.0,0.0,0.0,0.0,0.0,0.0,0.0,0.0,0.0,0.01570284366607666,0.0,0.0,0.0,0.0,0.0,0.0,0.0,0.0,0.0,0.0,0.0,0.0,0.0,0.0,0.0,0.0,0.0,0.0,0.0,0.0,0.0,0.0,0.0,0.0,0.0,0.0,0.0,0.0,0.0,0.0,0.0,0.0,0.0,0.0,0.0,0.0,0.0,0.10942241549491882,0.0,0.0,0.0,0.0,0.0,0.0,0.0,0.0,0.0,0.0,0.0,0.0,0.0,0.0,0.0,,,,,,,,,,,,,,,,,,,,,,,,,,,,,,,,,,,,,,,,,,,,,,,,,,,,,,,,,,,,,,,,,,,,,,,,,,,,,,,,,,,,,,,,,,,,,,,,,,,,,,,,,,,,,,,,,,,,,,,,,,,,,,,,,,,,,,,,,,,,,,,,,,,,,,,,,,,,,,,,,,,,,,,,,,,,,,
2020-07-06,763468.0410470209,279.75910497855557,,,,,,,,,,,76494.84123570709,,1039061.7711000025,,,,,,,,,,,,,,,,,,,,8740.013177988707,,,,9184.052955815412,10291.53040470291,1111.1090170682783,27008.195937066757,41455.99681244875,9445.821891574267,41275.76947707004,54748.62662538666,,,,,,,,,,,,,,,,,,,,,,,,,,,,,,,,,,,,,,,,,,,,,,,,,,,,,,,,,,,,,,,,,,,,,,,,,,,,,,0.0,0.0,0.0,0.0,0.0,0.0,0.0,0.0,0.0,0.0,0.0,0.0,0.0,0.0,0.0,0.0,,0.0,0.0,0.0,,0.0,0.0,0.0,0.0,0.0,,0.0,0.0,0.0,0.0,0.0,0.0,,0.0,,,,0.0,0.0,0.0,,0.0,0.0,0.0,0.0,0.0,,,0.0,,0.0,0.0,0.0,0.0,0.0,0.0,0.0,0.0,0.0,0.0,0.0,0.0,0.0,,0.0,0.0,0.0,0.0,0.0,,0.0,0.0,,0.0,0.0,0.0,0.0,,0.0,0.0,0.0,0.0,0.0,,0.0,0.0,,0.0,0.0,0.0,0.0,0.0,0.0,0.0,0.0,0.0,0.0,0.0,0.0,,0.0,0.0,,,,,0.0,0.0,0.0,0.0,0.0,0.0,0.0,0.0,0.0,,0.0,0.0,0.0,,0.0,0.0,0.0,0.0,0.0,0.0,,0.0,,0.0,0.0,0.0,0.0,0.0,0.0,0.0,,0.0,0.0,0.0,0.0,0.0,0.0,0.0,0.0,0.0,0.0,0.0,0.0,0.0,,0.0,0.0,0.0,0.0,,0.0,0.0,0.0,0.0,0.0,0.0,0.0,0.0,0.0,0.0,0.0,0.0,0.0,0.0,,,,0.0,0.0,0.0,0.0,0.0,0.0,0.0,,0.0,0.16256678104400635,0.0,0.0,0.0,0.0,0.0,0.0,0.0,,0.0,0.0,0.0,0.0,0.0,0.0,,0.0,0.0,0.0,0.0,0.0,0.0,0.0,0.0,0.0,0.0,,0.0,0.0,0.0,0.0,,0.0,0.0,0.0,0.0,0.0,0.0,,0.0,0.0,0.0,0.0,0.0,0.0,,0.0,,0.0,0.0,0.0,0.0,0.0,0.0,0.0,0.0,0.0,0.0,0.06631564348936081,,0.0,0.0,0.0,0.0,0.2114010602235794,0.0,0.0,0.0,0.0,0.0,,0.0,0.0,0.0,0.0,0.0,0.0,0.0,0.0,0.07473663240671158,0.002394676674157381,0.0,,0.0,0.0,0.0,0.0,0.0,0.0,0.0,0.0,,0.0,0.0,,0.0,0.0,0.0,0.0,,,0.0,0.0,,0.0,0.0,,,0.0,0.0,0.0,0.0,0.0,0.0,0.0,,0.0,0.0,0.0,0.0,0.0,0.0,0.0,0.0,0.0,0.0,0.0,,0.0,0.0,,0.0,0.0,0.0,,0.0,0.0,0.0,0.0,,0.0,0.0,0.0,0.0,0.0,0.0,0.0,0.0,0.0,0.0,0.0,0.0,0.0,0.0,0.0,0.0,,0.0,0.11432407796382904,0.0,0.0,0.15972954034805298,0.0,0.0,0.0,0.0,0.0,0.0,0.0,0.0,0.0,0.0,,0.0,0.0,0.0,0.0,0.0,0.0,0.0,0.0,0.0,0.0,0.0,0.0,0.0,0.0,0.0,,,0.0,0.0,0.0,,,0.0,0.0,0.0,,0.0,,0.0,,0.0,,,0.0,,0.0,,0.0,0.0,0.0,0.0,0.0,0.0,0.0,0.0,0.0,0.0,,0.0,0.0,,0.0,0.0,0.0,0.0,,0.0,0.0,0.0,0.0,0.0,0.0,0.07511357963085175,0.0,,0.0,,0.0,0.0,0.0,0.0,,0.0,,,,0.0,,0.0,0.0,,0.0,0.0,0.0,0.0,,,0.0,0.0,0.0,0.0,0.0,,0.0,,0.0,0.0,0.0,0.008292756043374538,0.0,0.0,0.0,,0.0,0.0,0.0,0.0,0.0,0.0,,0.0,0.0,0.0,0.0,0.0,0.0,,,0.0,0.0,0.0,0.0,0.0,0.0,,0.0,0.0,0.0,,0.0,,,0.0,0.0,0.0,0.0,0.0,,0.0,0.0,,0.0,,0.0,0.0,0.0,0.0,0.0,0.0,0.0,0.0,0.0,0.0,0.0,0.0,0.0,0.0,0.0,0.0,0.0,0.0,0.0,0.0,0.0,0.0,0.0,0.0,0.0,0.0,0.0,0.0,0.0,0.0,0.0,0.0,0.0,0.0,0.0,0.0,0.0,0.0,0.0,0.0,0.0,0.01570284366607666,0.0,0.0,0.0,0.0,0.0,0.0,0.0,0.0,0.0,0.0,0.0,0.0,0.0,0.0,0.0,0.0,0.0,0.0,0.0,0.0,0.0,0.0,0.0,0.0,0.0,0.0,0.0,0.0,0.0,0.0,0.0,0.0,0.0,0.0,0.0,0.0,0.0,0.10942241549491882,0.0,0.0,0.0,0.0,0.0,0.0,0.0,0.0,0.0,0.0,0.0,0.0,0.0,0.0,0.0,,,,,,,,,,,,,,,,,,,,,,,,,,,,,,,,,,,,,,,,,,,,,,,,,,,,,,,,,,,,,,,,,,,,,,,,,,,,,,,,,,,,,,,,,,,,,,,,,,,,,,,,,,,,,,,,,,,,,,,,,,,,,,,,,,,,,,,,,,,,,,,,,,,,,,,,,,,,,,,,,,,,,,,,,,,,,,
2020-07-07,785789.9276467748,8.937462374993629,,,,,,,,,,18279.122997175928,76494.84123570709,,1039061.7711000025,,,,,,,,,,,,,,,,,,,,,,,,,,,,,,,,19069.80369126722,9725.020992619597,3122.1024652512315,6986.625394722627,12977.963751349627,33463.08529693382,43249.32001591095,5570.241155410313,,,,,,,,,,,,,,,,,,,,,,,,,,,,,,,,,,,,,,,,,,,,,,,,,,,,,,,,,,,,,,,,,,,,,,0.0,0.0,0.0,0.0,0.0,0.0,0.0,0.0,0.0,0.0,0.0,0.0,0.0,0.0,0.0,0.0,,0.0,,0.0,,0.0,0.0,0.0,0.0,0.0,,0.0,0.0,0.0,0.1543729454278946,0.0,0.0,,0.0,,,,0.0,0.0,0.0,,0.0,0.0,0.0,0.0,0.0,,,0.0,,0.0,0.0,0.0,0.0,0.0,0.0,0.0,0.0,0.0,0.0,0.0,0.0,0.0,,0.0,0.0,0.0,0.0,0.0,,0.0,0.0,,0.0,0.0,0.0,0.0,,0.0,0.0,0.0,,0.0,,0.0,0.0,,0.0,,0.0,0.0,0.0,0.0,0.0,0.0,0.0,0.0,0.0,,,0.0,0.0,,,,,0.0,0.0,0.0,0.0,0.0,0.0,0.0,0.0,0.0,,0.0,0.0,0.0,,0.0,0.0,0.0,0.0,0.0,0.0,,0.0,,0.0,0.0,0.0,0.0,,0.0,0.0,,0.0,0.0,0.0,0.0,0.0,0.0,0.0,0.0,0.0,0.0,0.0,0.0,0.0,,0.0,0.0,0.0,0.0,,0.0,0.0,0.0,0.0,0.0,0.0,0.0,0.0,0.0,0.0,,0.0,0.0,0.0,,,,0.0,0.0,,0.0,0.0,0.0,0.0,,0.0,,0.0,0.0,0.0,0.0,0.0,0.0,,,,0.0,0.0,0.0,0.0,0.0,,0.0,0.0,0.0,0.0,,0.0,0.0,0.0,0.0,0.0,,0.0,0.0,0.0,0.0,,0.0,0.0,0.0,0.0,0.0,0.0,,0.0,0.0,0.0,0.0,0.0,0.0,,0.0,,0.0,0.0,0.0,0.0,0.0,0.0,0.0,,0.13665825128555298,0.0,0.0,,,0.0,0.0,0.0,0.0,0.0,0.0,0.0,0.0,0.0,,0.0,0.0,0.0,,0.0,0.0,0.0,0.0,0.0,0.0,0.0,,,0.0,0.0,0.0,0.0,0.0,,0.0,,0.0,0.0,,0.0,0.0,0.0,0.0,,,0.0,0.0,,0.0,0.0,,,0.0,0.0,0.0,0.0,0.0,0.0,0.0,,,0.0,0.0,0.0,0.0,0.0,,,0.0,0.0,0.0,,0.0,0.0,,0.0,0.0,0.0,,0.0,0.0,0.0,0.0,,0.0,0.0,,0.0,0.0,0.0,0.0,0.0,0.0,0.0,0.0,0.0,0.0,0.0,0.0,0.0,,0.0,,0.0,0.0,0.0,0.0,0.0,0.0,0.0,0.0,0.0,0.0,0.0,,0.0,,0.0,0.0,0.0,,0.0,0.0,0.0,0.0,0.0,0.0,0.0,0.0,0.0,0.0,0.0,,,0.0,0.0,0.0,,,,0.0,0.0,,0.0,,0.0,,0.0,,,0.0,,,,,0.0,,0.0,0.0,0.0,,0.0,0.0,0.0,,0.0,0.0,,0.0,0.0,0.0,,,0.0,,0.0,0.0,0.0,,0.0,0.0,,,,0.0,0.0,0.0,0.0,0.0,0.0,,,,0.0,0.0,,0.0,,0.0,0.0,0.0,0.0,,,0.0,0.0,,,0.0,,0.0,,0.0,0.0,0.0,0.0,0.0,0.0,0.0,,0.0,0.0,0.0,0.0,0.0,,,0.0,0.0,0.0,0.0,0.0,0.0,,,,0.0,0.0,0.0,0.0,,,0.0,0.0,0.0,,0.0,,,,,0.0,0.0,0.0,,0.0,,,0.0,,0.0,0.0,0.0,0.0,,0.0,0.0,,0.0,0.0,0.3061682879924774,0.0,0.0,,0.0,0.0,0.0,,0.0,0.0,0.0,0.0,0.0,0.0,0.0,,0.0,0.0,0.0,0.0,0.0,0.0,0.0,,0.0,0.0,0.2301933765411377,0.0,0.0,0.0,0.0,0.0,0.0,0.0,0.0,0.0,0.0,0.0,,0.0,0.0,0.0,0.0,0.0,0.0,0.0,0.0,0.0,0.0,0.0,0.0,0.0,,0.0,0.0,,0.0,0.0,0.0,0.0,0.0,0.0,0.0,0.0,0.0,0.0,0.0,0.0,0.0,0.0,0.0,0.0,0.0,0.0,0.0,0.0,0.0,0.0,0.0,0.0,0.0,0.0,0.0,0.0,0.0,0.0,0.0,0.0,0.0,0.0,0.0,0.0,0.0,0.0,0.0,0.0,0.0,0.0,0.0,0.0,0.0,0.0,0.0,0.0,0.0,0.0,0.0,0.0,0.0,0.0,0.0,0.0460062101483345,0.0,0.0,0.0,0.0,0.0,0.0,0.1266009509563446,0.0,0.0,0.0,0.0,0.0,0.0,0.0,0.0,0.0,0.0,0.0,0.0,0.0,0.0,,,,,,,,,,,,,,,,,,,,,,,,,,,,,,,,,,,,,,,,,,,,,,,,,,,,,,,,,,,,,,,,,,,,,,,,,,,,,,,,,,,,,,,,,,,,,,,,,,,,,,,,,,,,,,,,,,,,,,,,,,,,,,
2020-07-08,793589.5939571955,37262.581108435275,,,,,,,,,,,76494.84123570709,,1039061.7711000025,,,,,,,,,,,,,,,,,,,,,,,,,,,,,,,,,,,,11356.315363618804,34208.02710603284,,,7918.882719981613,6646.267299305506,58857.4233768742,4673.428174267112,51384.94691893369,3537.9408003019767,,,,,,,,,,,,,,,,,,,,,,,,,,,,,,,,,,,,,,,,,,,,,,,,,,,,,,,,,,,,,,,,0.0,0.0,0.0,0.0,0.0,0.0,0.0,0.0,0.0,0.0,0.0,0.0,0.0,0.0,0.0,0.0,,0.0,,0.0,,0.0,0.0,0.0,0.0,0.0,,0.0,0.0,0.0,0.0,0.0,0.0,,0.0,,,,0.0,0.0,0.0,,0.0,0.0,0.0,0.0,0.0,,,0.0,,0.0,0.0,0.0,0.0,0.0,0.0,0.0,0.0,0.0,0.0,0.0,0.0,0.0,,0.0,0.0,0.0,0.0,0.0,,0.0,0.0,,0.0,0.0,0.0,0.0,,0.0,0.0,0.0,,0.0,,0.0,0.0,,0.0,,0.0,0.0,0.0,0.0,0.0,0.0,0.0,0.0,0.0,,,0.0,0.0,,,,,0.0,0.0,0.0,0.0,0.0,0.0,0.0,0.0,0.0,,0.0,0.0,0.0,,0.0,0.0,0.0,0.0,0.0,0.0,,0.0,,0.0,0.0,0.0,0.0,,0.0,0.0,,0.0,0.0,0.0,0.0,0.0,0.0,0.0,0.0,0.0,0.0,0.5974844098091125,0.0,0.0,,0.0,0.0,0.0,0.0,,0.0,0.0,0.0,0.0,0.0,0.0,0.0,0.0,0.0,0.0,,0.0,0.0,0.0,,,,0.0,0.0,,0.0,0.0,0.0,0.0,,0.0,,0.0,0.0,0.0,0.0,0.0,0.0,,,,0.0,0.0,0.0,0.0,0.0,,0.0,0.0,0.0,0.0,,0.0,0.0,0.0,0.0,0.0,,0.0,0.0,0.0,0.0,,0.0,0.0,0.0,0.0,0.0,0.0,,0.0,0.0,0.0,0.0,0.0,0.0,,0.3759887218475342,,0.0,0.0,0.0,0.0,0.0,0.0,0.0,,0.0,0.0,0.0,,,0.0,0.0,0.0,0.0,0.0,0.0,0.0,0.0,0.0,,0.0,0.0,0.0,,0.0,0.0,0.0,0.0,0.0,0.0,0.0,,,0.0,0.0,0.0,0.0,0.0,,0.0,,0.0,0.0,,0.0,0.0,0.0,0.0,,,0.0,0.0,,0.0,0.0,,,0.0,0.0,0.0,0.0,0.0,0.0,0.0,,,0.0,0.0,0.0,0.0,0.0,,,0.0,0.0,0.0,,0.0,0.0,,0.0,0.0,0.0,,0.0,0.0,0.0,0.0,,0.0,0.0,,0.0,0.0,0.0,0.0,0.0,0.0,0.0,0.0,0.0,0.0,0.0,0.0,0.0,,0.0,,0.0,0.0,0.0,0.0,0.0,0.0,0.0,0.0,0.0,0.0,0.0,,0.0,,0.0,0.0,0.0,,0.0,0.0,0.0,0.0,0.0,0.0,0.0,0.0,0.0,0.0,0.0,,,0.0,0.0,0.0,,,,0.0,0.0,,0.0,,0.0,,0.0,,,0.0,,,,,0.0,,0.0,0.0,0.0,,0.0,0.0,0.0,,0.0,0.0,,0.0,0.0,0.0,,,0.0,,0.0,0.0,0.0,,0.0,0.0,,,,0.0,0.0,0.0,0.0,0.0,0.0,,,,0.0,0.0,,0.0,,0.0,0.0,0.0,0.0,,,0.0,0.0,,,0.0,,0.0,,0.0,0.0,0.0,0.0,0.0,0.0,0.0,,0.0,0.0,0.0,0.0,0.0,,,0.0,0.0,0.0,0.0,0.0,0.0,,,,0.0,0.0,0.0,0.0,,,0.0,0.0,0.0,,0.0,,,,,0.0,0.0,0.0,,0.0,,,0.0,,0.0,0.0,0.0,0.0,,0.0,0.0,,0.0,0.0,0.0,0.0,0.0,,0.0,0.0,0.0,,0.0,0.0,0.0,0.0,0.0,0.0,0.0,,0.0,0.0,0.02652689814567566,0.0,0.0,0.0,0.0,,0.0,0.0,0.0,0.0,0.0,0.0,0.0,0.0,0.0,0.0,0.0,0.0,0.0,0.0,,0.0,0.0,0.0,0.0,0.0,0.0,0.0,0.0,0.0,0.0,0.0,0.0,0.0,,0.0,0.0,,0.0,0.0,0.0,0.0,0.0,0.0,0.0,0.0,0.0,0.0,0.0,0.0,0.0,0.0,0.0,0.0,0.0,0.0,0.0,0.0,0.0,0.0,0.0,0.0,0.0,0.0,0.0,0.0,0.0,0.0,0.0,0.0,0.0,0.0,0.0,0.0,0.0,0.0,0.0,0.0,0.0,0.0,0.0,0.0,0.0,0.0,0.0,0.0,0.0,0.0,0.0,0.0,0.0,0.0,0.0,0.0,0.0,0.0,0.0,0.0,0.0,0.0,0.0,0.0,0.0,0.0,0.0,0.0,0.0,0.0,0.0,0.0,0.0,0.0,0.0,0.0,0.0,,,,,,,,,,,,,,,,,,,,,,,,,,,,,,,,,,,,,,,,,,,,,,,,,,,,,,,,,,,,,,,,,,,,,,,,,,,,,,,,,,,,,,,,,,,,,,,,,,,,,,,,,,,,,,,,,,,,,,,,,,,,,,
2020-07-09,807581.7219239693,3955.706840292367,,,,,,,,,,,76494.84123570709,,1039061.7711000025,,,,,,,,,,,,,,,,,,,,,,,,,,,,,,,,,,,,,33264.5604853525,40811.86766684498,14771.926209809304,,,,,,,8664.987245525846,10833.429290417742,4655.622881919353,4504.900361991306,9096.950338222896,1255.7181941789338,,,,,,,,,,,,,,,,,,,,,,,,,,,,,,,,,,,,,,,,,,,,,,,,,,,,,,,,,,0.0,0.0,0.0,0.0,0.0,0.0,0.0,0.0,0.0,0.0,0.0,0.0,0.0,0.0,0.0,0.0,,0.0,,0.0,,0.0,0.0,0.0,0.0,0.0,,0.0,0.0,0.0,0.0,0.0,0.0,,0.0,,,,0.0,0.0,0.0,,0.0,0.0,0.0,0.0,0.0,,,0.0,,0.0,0.0,0.0,0.0,0.0,0.0,0.0,0.0,0.0,0.0,0.0,0.0,0.0,,0.0,0.0,0.0,0.0,0.0,,0.0,0.0,,0.0,0.0,0.0,0.0,,0.0,0.0,0.0,,0.0,,0.0,0.0,,0.0,,0.0,0.0,0.0,0.0,0.0,0.0,0.0,0.0,0.0,,,0.0,0.0,,,,,0.0,0.0,0.0,0.0,0.0,0.0,0.0,0.0,0.0,,0.0,0.0,0.0,,0.0,0.0,0.0,0.0,0.0,0.0,,0.0,,0.0,0.0,0.0,0.0,,0.0,0.0,,0.0,0.0,0.0,0.0,0.0,0.0,0.0,0.0,0.0,0.0,0.6391124129295349,0.0,0.0,,0.0,0.0,0.0,0.0,,0.0,0.0,0.0,0.0,0.0,0.0,0.0,0.0,0.0,0.0,,0.0,0.0,0.0,,,,0.0,0.0,,0.0,0.0,0.0,0.0,,0.0,,0.0,0.0,0.0,0.0,0.0,0.0,,,,0.0,0.0,0.0,0.0,0.0,,0.0,0.0,0.0,0.0,,0.0,0.0,0.0,0.0,0.0,,0.0,0.0,0.0,0.0,,0.0,0.0,0.0,0.0,0.0,0.0,,0.0,0.0,0.0,0.0,0.0,0.0,,0.0,,0.0,0.0,0.0,0.0,0.0,0.0,0.0,,0.0,0.0,0.0,,,0.0,0.0,0.0,0.0,0.0,0.0,0.0,0.0,0.0,,0.0,0.0,0.0,,0.0,0.0,0.0,0.0,0.0,0.0,0.0,,,0.0,0.0,0.0,0.0,0.0,,0.0,,0.0,0.0,,0.0,0.0,0.0,0.0,,,0.0,0.0,,0.0,0.0,,,0.0,0.0,0.0,0.0,0.0,0.0,0.0,,,0.0,0.0,0.0,0.0,0.0,,,0.0,0.0,0.0,,0.0,0.0,,0.0,0.0,0.0,,0.0,0.0,0.0,0.0,,0.0,0.0,,0.0,0.0,0.0,0.0,0.0,0.0,0.0,0.0,0.0,0.0,0.0,0.0,0.0,,0.0,,0.0,0.0,0.0,0.0,0.0,0.0,0.0,0.0,0.0,0.0,0.0,,0.0,,0.0,0.0,0.0,,0.0,0.0,0.0,0.0,0.0,0.0,0.0,0.0,0.0,0.0,0.0,,,0.0,0.0,0.0,,,,0.0,0.0,,0.0,,0.0,,0.0,,,0.0,,,,,0.0,,0.0,0.0,0.0,,0.0,0.0,0.0,,0.0,0.0,,0.0,0.0,0.0,,,0.0,,0.0,0.0,0.0,,0.0,0.0,,,,0.0,0.0,0.0,0.0,0.0,0.0,,,,0.0,0.0,,0.0,,0.0,0.0,0.0,0.0,,,0.0,0.0,,,0.0,,0.0,,0.0,0.0,0.0,0.0,0.0,0.0,0.0,,0.0,0.0,0.0,0.0,0.0,,,0.0,0.0,0.0,0.0,0.0,0.0,,,,0.0,0.0,0.0,0.0,,,0.0,0.0,0.0,,0.0,,,,,0.0,0.0,0.0,,0.0,,,0.0,,0.0,0.0,0.0,0.0,,0.0,0.0,,0.0,0.0,0.0,0.0,0.0,,0.0,0.0,0.0,,0.0,0.0,0.0,0.0,0.0,0.0,0.0,,0.0,0.0,0.0,0.0,0.0,0.0,0.0,,0.0,0.0,0.0,0.0,0.0,0.0,0.0,0.0,0.0,0.0,0.0,0.0,0.0,0.0,,0.0,0.0,0.0,0.0,0.0,0.0,0.0,0.0,0.0,0.0,0.0,0.0,0.0,,0.0,0.0,,0.0,0.0,0.0,0.0,0.0,0.0,0.0,0.0,0.0,0.0,0.0,0.0,0.0,0.0,0.0,0.0,0.0,0.0,0.0,0.0,0.0,0.0,0.0,0.0,0.0,0.22536954283714294,0.0,0.0,0.0,0.0,0.0,0.0,0.0,0.0,0.0,0.0,0.0,0.0,0.0,0.0,0.0,0.0,0.0,0.0,0.0,0.0,0.0,0.0,0.0,0.0,0.0,0.0,0.0,0.0,0.025919390842318535,0.0,0.0,0.0,0.0,0.10959863662719727,0.0,0.0,0.0,0.0,0.0,0.0,0.0,0.0,0.0,0.0,0.0,0.0,0.0,0.0,0.0,0.0,0.0,,,,,,,,,,,,,,,,,,,,,,,,,,,,,,,,,,,,,,,,,,,,,,,,,,,,,,,,,,,,,,,,,,,,,,,,,,,,,,,,,,,,,,,,,,,,,,,,,,,,,,,,,,,,,,,,,,,,,,,,,,,,,,
2020-07-10,806279.5381158662,263.74182669184506,,,,,,,,,,,76494.84123570709,,1039061.7711000025,,,,,,,,,,,,,,,,,,,,,,,,,,,,,,,,,,,,,33828.36659527373,39179.237292877035,14933.368026309952,,,,,,,8665.159965114748,10833.028819072522,4655.628264926451,4504.975628757529,9030.72294659524,1412.6844810576306,419.4940582233354,,,,,,,,,,,,,,,,,,,,,,,,,,,,,,,,,,,,,,,,,,,,,,,,,,,,,,,,,0.0,0.0,0.0,0.0,0.0,0.0,0.0,0.0,0.0,0.0,0.0,0.0,0.0,0.0,0.0,0.0,,0.0,,0.0,,0.0,0.0,0.0,0.0,0.0,,0.0,0.0,0.0,0.0,0.0,0.0,,0.0,,,,0.0,0.0,0.0,,0.0,0.0,0.0,0.0,0.0,,,0.0,,0.0,0.0,0.0,0.0,0.0,0.0,0.0,0.0,0.0,0.0,0.0,0.0,0.0,,0.0,0.0,0.0,0.0,0.0,,0.0,0.0,,0.0,0.0,0.0,0.0,,0.0,0.0,0.0,,0.0,,0.0,0.0,,0.0,,0.0,0.0,0.0,0.0,0.0,0.0,0.0,0.0,0.0,,,0.0,0.0,,,,,0.0,0.0,0.0,0.0,0.0,0.0,0.0,0.0,0.0,,0.0,0.0,0.0,,0.0,0.0,0.0,0.0,0.0,0.0,,0.0,,0.0,0.0,0.0,0.0,,0.0,0.0,,0.0,0.0,0.0,0.0,0.0,0.0,0.0,0.0,0.0,0.0,0.6391124129295349,0.0,0.0,,0.0,0.0,0.0,0.0,,0.0,0.0,0.0,0.0,0.0,0.0,0.0,0.0,0.0,0.0,,0.0,0.0,0.0,,,,0.0,0.0,,0.0,0.0,0.0,0.0,,0.0,,0.0,0.0,0.0,0.0,0.0,0.0,,,,0.0,0.0,0.0,0.0,0.0,,0.0,0.0,0.0,0.0,,0.0,0.0,0.0,0.0,0.0,,0.0,0.0,0.0,0.0,,0.0,0.0,0.0,0.0,0.0,0.0,,0.0,0.0,0.0,0.0,0.0,0.0,,0.0,,0.0,0.0,0.0,0.0,0.0,0.0,0.0,,0.0,0.0,0.0,,,0.0,0.0,0.0,0.0,0.0,0.0,0.0,0.0,0.0,,0.0,0.0,0.0,,0.0,0.0,0.0,0.0,0.0,0.0,0.0,,,0.0,0.0,0.0,0.0,0.0,,0.0,,0.0,0.0,,0.0,0.0,0.0,0.0,,,0.0,0.0,,0.0,0.0,,,0.0,0.0,0.0,0.0,0.0,0.0,0.0,,,0.0,0.0,0.0,0.0,0.0,,,0.0,0.0,0.0,,0.0,0.0,,0.0,0.0,0.0,,0.0,0.0,0.0,0.0,,0.0,0.0,,0.0,0.0,0.0,0.0,0.0,0.0,0.0,0.0,0.0,0.0,0.0,0.0,0.0,,0.0,,0.0,0.0,0.0,0.0,0.0,0.0,0.0,0.0,0.0,0.0,0.0,,0.0,,0.0,0.0,0.0,,0.0,0.0,0.0,0.0,0.0,0.0,0.0,0.0,0.0,0.0,0.0,,,0.0,0.0,0.0,,,,0.0,0.0,,0.0,,0.0,,0.0,,,0.0,,,,,0.0,,0.0,0.0,0.0,,0.0,0.0,0.0,,0.0,0.0,,0.0,0.0,0.0,,,0.0,,0.0,0.0,0.0,,0.0,0.0,,,,0.0,0.0,0.0,0.0,0.0,0.0,,,,0.0,0.0,,0.0,,0.0,0.0,0.0,0.0,,,0.0,0.0,,,0.0,,0.0,,0.0,0.0,0.0,0.0,0.0,0.0,0.0,,0.0,0.0,0.0,0.0,0.0,,,0.0,0.0,0.0,0.0,0.0,0.0,,,,0.0,0.0,0.0,0.0,,,0.0,0.0,0.0,,0.0,,,,,0.0,0.0,0.0,,0.0,,,0.0,,0.0,0.0,0.0,0.0,,0.0,0.0,,0.0,0.0,0.0,0.0,0.0,,0.0,0.0,0.0,,0.0,0.0,0.0,0.0,0.0,0.0,0.0,,0.0,0.0,0.0,0.0,0.0,0.0,0.0,,0.0,0.0,0.0,0.0,0.0,0.0,0.0,0.0,0.0,0.0,0.0,0.0,0.0,0.0,,0.0,0.0,0.0,0.0,0.0,0.0,0.0,0.0,0.0,0.0,0.0,0.0,0.0,,0.0,0.0,,0.0,0.0,0.0,0.0,0.0,0.0,0.0,0.0,0.0,0.0,0.0,0.0,0.0,0.0,0.0,0.0,0.0,0.0,0.0,0.0,0.0,0.0,0.0,0.0,0.0,0.22536954283714294,0.0,0.0,0.0,0.0,0.0,0.0,0.0,0.0,0.0,0.0,0.0,0.0,0.0,0.0,0.0,0.0,0.0,0.0,0.0,0.0,0.0,0.0,0.0,0.0,0.0,0.0,0.0,0.0,0.025919390842318535,0.0,0.0,0.0,0.0,0.10959863662719727,0.0,0.0,0.0,0.0,0.0,0.0,0.0,0.0,0.0,0.0,0.0,0.0,0.0,0.0,0.0,0.0,0.0,,,,,,,,,,,,,,,,,,,,,,,,,,,,,,,,,,,,,,,,,,,,,,,,,,,,,,,,,,,,,,,,,,,,,,,,,,,,,,,,,,,,,,,,,,,,,,,,,,,,,,,,,,,,,,,,,,,,,,,,,,,,,,
2020-07-13,830801.4624311965,1885.5118849104608,,,,,,,,,,,76494.84123570709,,1039061.7711000025,,,,,,,,,,,,,,,,,,,,,,,,,,,,,,,,,,,,,33654.391182211926,40811.381210416366,15337.456654463116,,,,,,,6498.782914202944,10833.34272314263,4655.601350015436,4504.914071107825,9097.368724360103,2354.4764749650926,419.4940582233354,,,,,,,,,,,,,,,,,,,,,,,,,,,,,,,,,,,,,,,,,,,,,,,,,,,,,,,,,0.0,0.0,0.0,0.0,0.0,0.0,0.0,0.0,0.0,0.0,0.0,0.0,0.0,0.0,0.0,0.0,,0.0,,0.0,,0.0,0.0,0.0,0.0,0.0,,0.0,0.0,0.0,0.0,0.0,0.0,,0.0,,,,0.0,0.0,0.0,,0.0,0.0,0.0,0.0,0.0,,,0.0,,0.0,0.0,0.0,0.0,0.0,0.0,0.0,0.0,0.0,0.0,0.0,0.0,0.0,,0.0,0.0,0.0,0.0,0.0,,0.0,0.0,,0.0,0.0,0.0,0.0,,0.0,0.0,0.0,,0.0,,0.0,0.0,,0.0,,0.0,0.0,0.0,0.0,0.0,0.0,0.0,0.0,0.0,,,0.0,0.0,,,,,0.0,0.0,0.0,0.0,0.0,0.0,0.0,0.0,0.0,,0.0,0.0,0.0,,0.0,0.0,0.0,0.0,0.0,0.0,,0.0,,0.0,0.0,0.0,0.0,,0.0,0.0,,0.0,0.0,0.0,0.0,0.0,0.0,0.0,0.0,0.0,0.0,0.6391124129295349,0.0,0.0,,0.0,0.0,0.0,0.0,,0.0,0.0,0.0,0.0,0.0,0.0,0.0,0.0,0.0,0.0,,0.0,0.0,0.0,,,,0.0,0.0,,0.0,0.0,0.0,0.0,,0.0,,0.0,0.0,0.0,0.0,0.0,0.0,,,,0.0,0.0,0.0,0.0,0.0,,0.0,0.0,0.0,0.0,,0.0,0.0,0.0,0.0,0.0,,0.0,0.0,0.0,0.0,,0.0,0.0,0.0,0.0,0.0,0.0,,0.0,0.0,0.0,0.0,0.0,0.0,,0.0,,0.0,0.0,0.0,0.0,0.0,0.0,0.0,,0.0,0.0,0.0,,,0.0,0.0,0.0,0.0,0.0,0.0,0.0,0.0,0.0,,0.0,0.0,0.0,,0.0,0.0,0.0,0.0,0.0,0.0,0.0,,,0.0,0.0,0.0,0.0,0.0,,0.0,,0.0,0.0,,0.0,0.0,0.0,0.0,,,0.0,0.0,,0.0,0.0,,,0.0,0.0,0.0,0.0,0.0,0.0,0.0,,,0.0,0.0,0.0,0.0,0.0,,,0.0,0.0,0.0,,0.0,0.0,,0.0,0.0,0.0,,0.0,0.0,0.0,0.0,,0.0,0.0,,0.0,0.0,0.0,0.0,0.0,0.0,0.0,0.0,0.0,0.0,0.0,0.0,0.0,,0.0,,0.0,0.0,0.0,0.0,0.0,0.0,0.0,0.0,0.0,0.0,0.0,,0.0,,0.0,0.0,0.0,,0.0,0.0,0.0,0.0,0.0,0.0,0.0,0.0,0.0,0.0,0.0,,,0.0,0.0,0.0,,,,0.0,0.0,,0.0,,0.0,,0.0,,,0.0,,,,,0.0,,0.0,0.0,0.0,,0.0,0.0,0.0,,0.0,0.0,,0.0,0.0,0.0,,,0.0,,0.0,0.0,0.0,,0.0,0.0,,,,0.0,0.0,0.0,0.0,0.0,0.0,,,,0.0,0.0,,0.0,,0.0,0.0,0.0,0.0,,,0.0,0.0,,,0.0,,0.0,,0.0,0.0,0.0,0.0,0.0,0.0,0.0,,0.0,0.0,0.0,0.0,0.0,,,0.0,0.0,0.0,0.0,0.0,0.0,,,,0.0,0.0,0.0,0.0,,,0.0,0.0,0.0,,0.0,,,,,0.0,0.0,0.0,,0.0,,,0.0,,0.0,0.0,0.0,0.0,,0.0,0.0,,0.0,0.0,0.0,0.0,0.0,,0.0,0.0,0.0,,0.0,0.0,0.0,0.0,0.0,0.0,0.0,,0.0,0.0,0.0,0.0,0.0,0.0,0.0,,0.0,0.0,0.0,0.0,0.0,0.0,0.0,0.0,0.0,0.0,0.0,0.0,0.0,0.0,,0.0,0.0,0.0,0.0,0.0,0.0,0.0,0.0,0.0,0.0,0.0,0.0,0.0,,0.0,0.0,,0.0,0.0,0.0,0.0,0.0,0.0,0.0,0.0,0.0,0.0,0.0,0.0,0.0,0.0,0.0,0.0,0.0,0.0,0.0,0.0,0.0,0.0,0.0,0.0,0.0,0.22536954283714294,0.0,0.0,0.0,0.0,0.0,0.0,0.0,0.0,0.0,0.0,0.0,0.0,0.0,0.0,0.0,0.0,0.0,0.0,0.0,0.0,0.0,0.0,0.0,0.0,0.0,0.0,0.0,0.0,0.025919390842318535,0.0,0.0,0.0,0.0,0.10959863662719727,0.0,0.0,0.0,0.0,0.0,0.0,0.0,0.0,0.0,0.0,0.0,0.0,0.0,0.0,0.0,0.0,0.0,,,,,,,,,,,,,,,,,,,,,,,,,,,,,,,,,,,,,,,,,,,,,,,,,,,,,,,,,,,,,,,,,,,,,,,,,,,,,,,,,,,,,,,,,,,,,,,,,,,,,,,,,,,,,,,,,,,,,,,,,,,,,,
2020-07-14,815332.5851211578,154.00837548955792,,,,,,,,,,,76494.84123570709,,1039061.7711000025,,,,,,,,,,,,,,,,,,,,,,,,,,,,,,,,,,,,,34218.34682333723,38633.36454989209,15176.935683063406,,,,,,,6498.758789657105,10833.487877136386,4655.601350015436,4404.861379462607,8964.329087146645,2825.3692117689966,419.4940582233354,,,,,,,,,,,,,,,,,,,,,,,,,,,,,,,,,,,,,,,,,,,,,,,,,,,,,,,,,0.0,0.0,0.0,0.0,0.0,0.0,0.0,0.0,0.0,0.0,0.0,0.0,0.0,0.0,0.0,0.0,,0.0,,0.0,,0.0,0.0,0.0,0.0,0.0,,0.0,0.0,0.0,0.0,0.0,0.0,,0.0,,,,0.0,0.0,0.0,,0.0,0.0,0.0,0.0,0.0,,,0.0,,0.0,0.0,0.0,0.0,0.0,0.0,0.0,0.0,0.0,0.0,0.0,0.0,0.0,,0.0,0.0,0.0,0.0,0.0,,0.0,0.0,,0.0,0.0,0.0,0.0,,0.0,0.0,0.0,,0.0,,0.0,0.0,,0.0,,0.0,0.0,0.0,0.0,0.0,0.0,0.0,0.0,0.0,,,0.0,0.0,,,,,0.0,0.0,0.0,0.0,0.0,0.0,0.0,0.0,0.0,,0.0,0.0,0.0,,0.0,0.0,0.0,0.0,0.0,0.0,,0.0,,0.0,0.0,0.0,0.0,,0.0,0.0,,0.0,0.0,0.0,0.0,0.0,0.0,0.0,0.0,0.0,0.0,0.6391124129295349,0.0,0.0,,0.0,0.0,0.0,0.0,,0.0,0.0,0.0,0.0,0.0,0.0,0.0,0.0,0.0,0.0,,0.0,0.0,0.0,,,,0.0,0.0,,0.0,0.0,0.0,0.0,,0.0,,0.0,0.0,0.0,0.0,0.0,0.0,,,,0.0,0.0,0.0,0.0,0.0,,0.0,0.0,0.0,0.0,,0.0,0.0,0.0,0.0,0.0,,0.0,0.0,0.0,0.0,,0.0,0.0,0.0,0.0,0.0,0.0,,0.0,0.0,0.0,0.0,0.0,0.0,,0.0,,0.0,0.0,0.0,0.0,0.0,0.0,0.0,,0.0,0.0,0.0,,,0.0,0.0,0.0,0.0,0.0,0.0,0.0,0.0,0.0,,0.0,0.0,0.0,,0.0,0.0,0.0,0.0,0.0,0.0,0.0,,,0.0,0.0,0.0,0.0,0.0,,0.0,,0.0,0.0,,0.0,0.0,0.0,0.0,,,0.0,0.0,,0.0,0.0,,,0.0,0.0,0.0,0.0,0.0,0.0,0.0,,,0.0,0.0,0.0,0.0,0.0,,,0.0,0.0,0.0,,0.0,0.0,,0.0,0.0,0.0,,0.0,0.0,0.0,0.0,,0.0,0.0,,0.0,0.0,0.0,0.0,0.0,0.0,0.0,0.0,0.0,0.0,0.0,0.0,0.0,,0.0,,0.0,0.0,0.0,0.0,0.0,0.0,0.0,0.0,0.0,0.0,0.0,,0.0,,0.0,0.0,0.0,,0.0,0.0,0.0,0.0,0.0,0.0,0.0,0.0,0.0,0.0,0.0,,,0.0,0.0,0.0,,,,0.0,0.0,,0.0,,0.0,,0.0,,,0.0,,,,,0.0,,0.0,0.0,0.0,,0.0,0.0,0.0,,0.0,0.0,,0.0,0.0,0.0,,,0.0,,0.0,0.0,0.0,,0.0,0.0,,,,0.0,0.0,0.0,0.0,0.0,0.0,,,,0.0,0.0,,0.0,,0.0,0.0,0.0,0.0,,,0.0,0.0,,,0.0,,0.0,,0.0,0.0,0.0,0.0,0.0,0.0,0.0,,0.0,0.0,0.0,0.0,0.0,,,0.0,0.0,0.0,0.0,0.0,0.0,,,,0.0,0.0,0.0,0.0,,,0.0,0.0,0.0,,0.0,,,,,0.0,0.0,0.0,,0.0,,,0.0,,0.0,0.0,0.0,0.0,,0.0,0.0,,0.0,0.0,0.0,0.0,0.0,,0.0,0.0,0.0,,0.0,0.0,0.0,0.0,0.0,0.0,0.0,,0.0,0.0,0.0,0.0,0.0,0.0,0.0,,0.0,0.0,0.0,0.0,0.0,0.0,0.0,0.0,0.0,0.0,0.0,0.0,0.0,0.0,,0.0,0.0,0.0,0.0,0.0,0.0,0.0,0.0,0.0,0.0,0.0,0.0,0.0,,0.0,0.0,,0.0,0.0,0.0,0.0,0.0,0.0,0.0,0.0,0.0,0.0,0.0,0.0,0.0,0.0,0.0,0.0,0.0,0.0,0.0,0.0,0.0,0.0,0.0,0.0,0.0,0.22536954283714294,0.0,0.0,0.0,0.0,0.0,0.0,0.0,0.0,0.0,0.0,0.0,0.0,0.0,0.0,0.0,0.0,0.0,0.0,0.0,0.0,0.0,0.0,0.0,0.0,0.0,0.0,0.0,0.0,0.025919390842318535,0.0,0.0,0.0,0.0,0.10959863662719727,0.0,0.0,0.0,0.0,0.0,0.0,0.0,0.0,0.0,0.0,0.0,0.0,0.0,0.0,0.0,0.0,0.0,,,,,,,,,,,,,,,,,,,,,,,,,,,,,,,,,,,,,,,,,,,,,,,,,,,,,,,,,,,,,,,,,,,,,,,,,,,,,,,,,,,,,,,,,,,,,,,,,,,,,,,,,,,,,,,,,,,,,,,,,,,,,,
2020-07-15,807918.6411044009,1654.6256837723001,,,,,,,,,,,76494.84123570709,,1039061.7711000025,,,,,,,,,,,,,,,,,,,,,,,,,,,,,,,,,,,,,34027.771460933196,38633.09202698227,15096.192773839228,,,,,,,6498.8290660071,10832.997342230607,4655.601350015436,4404.861379462607,8897.86114623716,2825.3692117689966,419.4940582233354,,,,,,,,,,,,,,,,,,,,,,,,,,,,,,,,,,,,,,,,,,,,,,,,,,,,,,,,,0.0,0.0,0.0,0.0,0.0,0.0,0.0,0.0,0.0,0.0,0.0,0.0,0.0,0.0,0.0,0.0,,0.0,,0.0,,0.0,0.0,0.0,0.0,0.0,,0.0,0.0,0.0,0.0,0.0,0.0,,0.0,,,,0.0,0.0,0.0,,0.0,0.0,0.0,0.0,0.0,,,0.0,,0.0,0.0,0.0,0.0,0.0,0.0,0.0,0.0,0.0,0.0,0.0,0.0,0.0,,0.0,0.0,0.0,0.0,0.0,,0.0,0.0,,0.0,0.0,0.0,0.0,,0.0,0.0,0.0,,0.0,,0.0,0.0,,0.0,,0.0,0.0,0.0,0.0,0.0,0.0,0.0,0.0,0.0,,,0.0,0.0,,,,,0.0,0.0,0.0,0.0,0.0,0.0,0.0,0.0,0.0,,0.0,0.0,0.0,,0.0,0.0,0.0,0.0,0.0,0.0,,0.0,,0.0,0.0,0.0,0.0,,0.0,0.0,,0.0,0.0,0.0,0.0,0.0,0.0,0.0,0.0,0.0,0.0,0.6391124129295349,0.0,0.0,,0.0,0.0,0.0,0.0,,0.0,0.0,0.0,0.0,0.0,0.0,0.0,0.0,0.0,0.0,,0.0,0.0,0.0,,,,0.0,0.0,,0.0,0.0,0.0,0.0,,0.0,,0.0,0.0,0.0,0.0,0.0,0.0,,,,0.0,0.0,0.0,0.0,0.0,,0.0,0.0,0.0,0.0,,0.0,0.0,0.0,0.0,0.0,,0.0,0.0,0.0,0.0,,0.0,0.0,0.0,0.0,0.0,0.0,,0.0,0.0,0.0,0.0,0.0,0.0,,0.0,,0.0,0.0,0.0,0.0,0.0,0.0,0.0,,0.0,0.0,0.0,,,0.0,0.0,0.0,0.0,0.0,0.0,0.0,0.0,0.0,,0.0,0.0,0.0,,0.0,0.0,0.0,0.0,0.0,0.0,0.0,,,0.0,0.0,0.0,0.0,0.0,,0.0,,0.0,0.0,,0.0,0.0,0.0,0.0,,,0.0,0.0,,0.0,0.0,,,0.0,0.0,0.0,0.0,0.0,0.0,0.0,,,0.0,0.0,0.0,0.0,0.0,,,0.0,0.0,0.0,,0.0,0.0,,0.0,0.0,0.0,,0.0,0.0,0.0,0.0,,0.0,0.0,,0.0,0.0,0.0,0.0,0.0,0.0,0.0,0.0,0.0,0.0,0.0,0.0,0.0,,0.0,,0.0,0.0,0.0,0.0,0.0,0.0,0.0,0.0,0.0,0.0,0.0,,0.0,,0.0,0.0,0.0,,0.0,0.0,0.0,0.0,0.0,0.0,0.0,0.0,0.0,0.0,0.0,,,0.0,0.0,0.0,,,,0.0,0.0,,0.0,,0.0,,0.0,,,0.0,,,,,0.0,,0.0,0.0,0.0,,0.0,0.0,0.0,,0.0,0.0,,0.0,0.0,0.0,,,0.0,,0.0,0.0,0.0,,0.0,0.0,,,,0.0,0.0,0.0,0.0,0.0,0.0,,,,0.0,0.0,,0.0,,0.0,0.0,0.0,0.0,,,0.0,0.0,,,0.0,,0.0,,0.0,0.0,0.0,0.0,0.0,0.0,0.0,,0.0,0.0,0.0,0.0,0.0,,,0.0,0.0,0.0,0.0,0.0,0.0,,,,0.0,0.0,0.0,0.0,,,0.0,0.0,0.0,,0.0,,,,,0.0,0.0,0.0,,0.0,,,0.0,,0.0,0.0,0.0,0.0,,0.0,0.0,,0.0,0.0,0.0,0.0,0.0,,0.0,0.0,0.0,,0.0,0.0,0.0,0.0,0.0,0.0,0.0,,0.0,0.0,0.0,0.0,0.0,0.0,0.0,,0.0,0.0,0.0,0.0,0.0,0.0,0.0,0.0,0.0,0.0,0.0,0.0,0.0,0.0,,0.0,0.0,0.0,0.0,0.0,0.0,0.0,0.0,0.0,0.0,0.0,0.0,0.0,,0.0,0.0,,0.0,0.0,0.0,0.0,0.0,0.0,0.0,0.0,0.0,0.0,0.0,0.0,0.0,0.0,0.0,0.0,0.0,0.0,0.0,0.0,0.0,0.0,0.0,0.0,0.0,0.22536954283714294,0.0,0.0,0.0,0.0,0.0,0.0,0.0,0.0,0.0,0.0,0.0,0.0,0.0,0.0,0.0,0.0,0.0,0.0,0.0,0.0,0.0,0.0,0.0,0.0,0.0,0.0,0.0,0.0,0.025919390842318535,0.0,0.0,0.0,0.0,0.10959863662719727,0.0,0.0,0.0,0.0,0.0,0.0,0.0,0.0,0.0,0.0,0.0,0.0,0.0,0.0,0.0,0.0,0.0,,,,,,,,,,,,,,,,,,,,,,,,,,,,,,,,,,,,,,,,,,,,,,,,,,,,,,,,,,,,,,,,,,,,,,,,,,,,,,,,,,,,,,,,,,,,,,,,,,,,,,,,,,,,,,,,,,,,,,,,,,,,,,
2020-07-16,781579.1854655785,39419.18786355018,,,,,,,,,,,76494.84123570709,,1039061.7711000025,,,,,,,,,,,,,,,,,,,,10008.631774971824,,,,,,,,,,,,,,,,,,,,,,,,,,,,,,,,,22991.900837881705,66808.03565206588,38776.19810502525,313728.2924161808,71032.84338315268,24680.283047066423,18166.785451280055,,,,,,,,,,,,,,,,,,,,,,,,,,,,,,,,,,,,,,,,,,,,,,,,,,0.0,0.0,0.0,0.0,0.0,0.0,0.0,0.0,0.0,0.0,0.0,0.0,0.0,0.0,0.0,0.0,,0.0,,0.0,,0.0,0.0,0.0,0.0,0.0,,0.0,0.0,0.0,0.0,0.0,0.0,,0.0,,,,0.0,0.0,0.0,,0.0,0.0,0.0,0.0,0.0,,,0.0,,0.0,0.0,0.0,0.0,0.0,0.0,0.0,0.0,0.0,0.0,0.0,0.0,0.0,,0.0,0.0,0.0,0.0,0.0,,0.0,0.0,,0.0,0.0,0.0,0.0,,0.09538888931274414,0.0,0.0,,0.0,,0.0,0.0,,0.0,,0.0,0.0,0.0,0.0,0.0,0.0,0.0,0.0,0.0,,,0.0,0.0,,,,,0.0,0.0,0.0,0.0,0.0,0.0,0.0,0.0,0.0,,0.0,0.0,0.08792193979024887,,0.015484265051782131,0.0,0.0,0.0,0.0,0.0,,0.0,,0.0,0.0,0.0,0.0,,0.0,0.0,,0.0,0.0,0.0,0.0,0.0,0.0,0.0,0.0,0.0,0.0,0.0,0.0,0.0,,0.0,0.0,0.026016423478722572,0.0,,0.0,0.0,0.049098581075668335,0.0,0.0,0.0,0.0,0.0,0.0,0.0,,0.0,0.0,0.0,,,,0.0,0.0,,0.0,0.0,0.0,0.0,,0.0,,0.0,0.0,0.0,0.0,0.0,0.0,,,,0.0,0.0,0.0,0.016492417082190514,0.0,,0.0,0.07761308550834656,0.0,0.0,,0.0,0.0,0.0,0.0,0.0,,0.0,0.0,0.0748593732714653,0.0,,0.0,0.0,0.0,0.0,0.0,0.0,,0.0,0.0,0.0,0.0,0.0,0.0,,0.0,,0.0,0.0,0.0,0.0,0.0,0.0,0.0,,0.0,0.0,0.0,,,0.0,0.0,0.0,0.09195256978273392,0.0,0.0,0.0,0.0,0.0,,0.0,0.0,0.0,,0.0,0.0,0.0,0.0,0.0,0.0,0.0,,,0.0,0.0,0.0,0.0,0.0,,0.0,,0.0,0.0,,0.0,0.0,0.0,0.0,,,0.0,0.0,,0.0,0.0,,,0.02467871643602848,0.0,0.0,0.0,0.0,0.0,0.0,,,0.0,0.0,0.0,0.0,0.0,,,0.0,0.0,0.0,,0.0,0.0,,0.0,0.0,0.0,,0.0,0.0,0.0,0.0,,0.012444144114851952,0.0,,0.0,0.0,0.0,0.0,0.0,0.0,0.0,0.0,0.0,0.0,0.0,0.0,0.0,,0.0,,0.0,0.0,0.0,0.0,0.0,0.0,0.0,0.0,0.0,0.0,0.0,,0.0,,0.0,0.0,0.02563025802373886,,0.0,0.0,0.0,0.05031818524003029,0.0,0.0,0.0,0.0,0.0,0.0,0.0,,,0.0,0.0,0.012117940932512283,,,,0.0,0.0,,0.0,,0.0,,0.0,,,0.0,,,,,0.0,,0.0,0.0,0.0,,0.0,0.0,0.0,,0.0,0.0,,0.0,0.0,0.0,,,0.0,,0.0,0.0,0.0,,0.0,0.07070977985858917,,,,0.0,0.0,0.0,0.0,0.0,0.0,,,,0.0,0.0028534962330013514,,0.0,,0.0,0.0,0.0,0.0,,,0.0,0.0,,,0.0,,0.0,,0.0,0.0,0.0,0.0,0.0,0.0,0.0,,0.0,0.0,0.0,0.0,0.0,,,0.0,0.0,0.0,0.0,0.0,0.001028097583912313,,,,0.0,0.0,0.0,0.0,,,0.0,0.0,0.0,,0.0,,,,,0.0,0.0,0.0393126904964447,,0.0,,,0.0,,0.0,0.0,0.0,0.0,,0.0,0.0,,0.0,0.0,0.0,0.0,0.0,,0.0,0.0,0.0,,0.0,0.0,0.0,0.0,0.0,0.0,0.0,,0.05057965964078903,0.0,0.0,0.0,0.0,0.0,0.0,,0.0,0.0,0.0,0.0,0.0,0.0,0.0,0.0,0.0,0.0,0.0,0.0,0.0,0.04672615975141525,,0.0,0.0,0.0,0.0,0.0,0.0,0.0,0.0,0.0,0.0,0.0,0.0,0.0,,0.0,0.0,,0.0,0.0,0.0,0.0,0.0,0.0,0.0,0.0,0.0,0.0,0.0,0.0,0.0,0.0,0.0,0.0,0.0,0.0,0.0,0.0,0.0,0.0,0.0,0.0,0.0,0.0,0.0,0.0,0.0,0.0,0.0,0.0,0.0,0.0,0.0,0.0,0.0,0.0,0.0,0.0,0.0,0.0,0.0,0.0,0.0,0.0,0.0,0.0,0.0,0.0,0.0,0.0,0.0,0.1287733018398285,0.0,0.0,0.0,0.0,0.0,0.0,0.0,0.0,0.0,0.0,0.0,0.0,0.0,0.0,0.0,0.0,0.0,0.0,0.0,0.0,0.0,0.0,0.0,,,,,,,,,,,,,,,,,,,,,,,,,,,,,,,,,,,,,,,,,,,,,,,,,,,,,,,,,,,,,,,,,,,,,,,,,,,,,,,,,,,,,,,,,,,,,,,,,,,,,,,,,,,,,,,,,,,,,,,,,,,,,,
2020-07-17,770382.7534928067,1185.7444506407373,,,,,,,8030.397037119007,,,,76494.84123570709,,1039061.7711000025,,,,,,,,,,,,,,,,,,,,10654.268967270415,,,,,,,,,,,,,,,,,,,,,,,,,,,,,,,,,,,,,,25530.334952936486,,7669.457955504302,28746.303392607097,12154.723409592563,38673.323986579024,11468.986669704911,6838.933619318209,,,,,,,,,,,,,,,,,,,,,,,,,,,,,,,,,,,,,,,,,,,,0.005518784746527672,0.0,0.0,0.014086286537349224,0.0027218786999583244,0.0,0.0,0.0,0.0037952661514282227,0.0,0.0,0.0,0.0,0.0,0.0,0.0,,0.0,,0.0,,0.009350212290883064,0.0,0.0,0.0,0.007429847959429026,,0.0,0.0,0.0,0.0,0.004152966197580099,0.010524459183216095,,0.004485117271542549,,,,0.0,0.0,0.0,,0.0,0.0,0.0,0.003651193343102932,0.0,,,0.0,,0.0,0.0,0.0,0.0,0.0,0.00900068785995245,0.0,0.019635401666164398,0.0,0.02007741667330265,0.0034417854622006416,0.0,0.0,,0.0,0.0,0.0,0.0,0.0,,0.0,0.007035909220576286,,0.011633742600679398,0.0,0.0,0.0032831672579050064,,0.0,0.0,0.0,,0.0,,0.0023533483035862446,0.0,,0.0,,0.0,0.0,0.0,0.0031382564920932055,0.0,0.0,0.0,0.0,0.0,,,0.0,0.0,,,,,0.0,0.006014818791300058,0.000497810950037092,0.006353982258588076,0.0,0.0,0.0,0.0,0.0,,0.0,0.0,0.010007788427174091,,0.017665904015302658,0.0037488960660994053,0.013272393494844437,0.0,0.0,0.0,,0.0,,0.0,0.0,0.0,0.0015123913763090968,,0.0,0.0,,0.0,0.0,0.006602464243769646,0.0,0.0008971612551249564,0.0,0.0,0.0012068530777469277,0.0,0.0,0.0,0.0,0.015128289349377155,,0.004549070261418819,0.0,0.009381146170198917,0.0,,0.0,0.0015628174878656864,0.00804622657597065,0.0,0.0,0.0,0.0,0.0,0.0,0.014886303804814816,,0.0,0.0,0.0,,,,0.012920034117996693,0.0017176885157823563,,0.0,0.0,0.0,0.0,,0.0,,0.0,0.0010001360205933452,0.0,0.0,0.0,0.0,,,,0.0,0.0021787029691040516,0.0012005503522232175,0.005558730568736792,0.0,,0.0025535032618790865,0.007019125856459141,0.0,0.004960799124091864,,0.0,0.004570778459310532,0.0,0.0,0.0,,0.01603153720498085,0.004908112343400717,0.012145536951720715,0.0,,0.0,0.0,0.0,0.0016349995275959373,0.0,0.0,,0.0,0.0,0.0,0.0,0.0,0.0,,0.0032730393577367067,,0.0016297303372994065,0.0,0.0,0.0,0.0,0.0,0.0,,0.0,0.0,0.0,,,0.010851248167455196,0.0,0.0,0.024641044437885284,0.00875316746532917,0.0,0.0,0.0,0.0,,0.0,0.011045336723327637,0.004455231595784426,,0.0,0.0,0.0,0.007137437351047993,0.014413810335099697,0.0007654329529032111,0.012269658967852592,,,0.0,0.0,0.0,0.0,0.0,,0.02793901227414608,,0.0,0.0,,0.0,0.0,0.015602966770529747,0.0,,,0.0,0.0,,0.0,0.0,,,0.0,0.0,0.0,0.0,0.0,0.0,0.0,,,0.0,0.0,0.0,0.0,0.0,,,0.0,0.0,0.0,,0.0,0.0,,0.0,0.0,0.007529145106673241,,0.0,0.0,0.0,0.0,,0.0,0.0,,0.0,0.0,0.0,0.005524717271327972,0.010120023973286152,0.0,0.0,0.0,0.0,0.0,0.0,0.01001690048724413,0.0,,0.004506079014390707,,0.0,0.0017895230557769537,0.0,0.002346764085814357,0.0,0.0,0.0073829530738294125,0.0,0.0,0.03770408034324646,0.0,,0.0,,0.0,0.0001580761163495481,0.0,,0.0,0.0,0.0,0.028904786333441734,0.0,0.0,0.0,0.0,0.0,0.0,0.0,,,0.0,0.012663069181144238,0.0,,,,0.0,0.0,,0.0,,0.0,,0.0,,,0.0,,,,,0.0,,0.01599038951098919,0.021275805309414864,0.0,,0.0,0.0,0.0,,0.0,0.0,,0.0,0.0,0.0,,,0.0,,0.008008805103600025,0.0,0.0,,0.002925344044342637,0.0011663188925012946,,,,0.0,0.0,0.0,0.0,0.005471829790621996,0.0,,,,0.0,0.0,,0.0,,0.0,0.002376167569309473,0.0,0.0,,,0.0,0.01342617254704237,,,0.0,,0.0,,0.0,0.0,0.0,0.0,0.0,0.0,0.0,,0.012892328202724457,0.0,0.014541083946824074,0.0,0.002457531401887536,,,0.008066865615546703,0.0,0.0,0.004772903863340616,0.0,0.008234557695686817,,,,0.0,0.0,0.014863970689475536,0.0,,,0.015134599059820175,0.0,0.0,,0.0,,,,,0.0,0.025118641555309296,0.010822408832609653,,0.00018857946270145476,,,0.0,,0.0,0.0,0.004979650489985943,0.0,,0.0,0.0,,0.0,0.0,0.0,0.0,0.0,,0.0,0.0,0.0,,0.0,0.0,0.002730411244556308,0.007731756195425987,0.0,0.0,0.0,,0.01037328690290451,0.0,0.0,0.013002823106944561,0.0,0.0,0.0,,0.0,0.0,0.0,0.0,0.011251643300056458,0.0,0.0,0.004730504006147385,0.0,0.0007593443733640015,0.002120788674801588,0.002700894372537732,0.0,0.0,,0.0,0.0031942357309162617,0.0,0.0,0.0,0.0,0.0,0.0,0.0,0.0008688649395480752,0.0,0.0,0.0,,0.014757252298295498,0.0,,0.0,0.0,0.0,0.0,0.0,0.0,0.0,0.0,0.0,0.0,0.0,0.0022100310306996107,0.0,0.0,0.0,0.0,0.0,0.0,0.0,0.0,0.0,0.0,0.0,0.0,0.0,0.013456554152071476,0.002727473620325327,0.0,0.0,0.0,0.0,0.0,0.012077596969902515,0.0008907607407309115,0.0,0.0,0.0068693398497998714,0.0,0.0,0.0,0.0,0.0,0.0,0.0,0.0,0.0,0.0,0.0,0.0,0.0,0.0,0.0,0.007405292708426714,0.006970181595534086,0.0,0.012738359160721302,0.0,0.004314720630645752,0.0,0.00323467911221087,0.0,0.0,0.0012806467711925507,0.0,0.0035925614647567272,0.0,0.007895858958363533,0.0,0.0,0.0,0.0,0.0,0.009291997179389,0.0,0.017591388896107674,0.00404327129945159,0.0,,,,,,,,,,,,,,,,,,,,,,,,,,,,,,,,,,,,,,,,,,,,,,,,,,,,,,,,,,,,,,,,,,,,,,,,,,,,,,,,,,,,,,,,,,,,,,,,,,,,,,,,,,,,,,,,,,,,,,,,,,,,,,
2020-07-20,800497.0796119616,855.7597186643543,,,,,,,,,,,76494.84123570709,,1039061.7711000025,,,,,,,,,,,,,,,,,,,,,,,,,,,,,,,,,,,,,,,,,,,,,,,,,,,,,,,,,,,,,,,,,6838.933619318209,10226.106511969616,3322.768988492303,7031.151441987275,10692.446200098611,91167.07007618775,23793.98500967081,6149.639237130976,33689.71868031391,,,,,,,,,,,,,,,,,,,,,,,,,,,,,,,,,,,,0.007672586012631655,0.0,0.0,0.01092440728098154,0.0,0.0,0.0,0.0,0.0,0.0,0.0,0.0,0.0,0.0,0.0,0.0,,0.0,,0.0,,0.0,0.0,0.0,0.010507198981940746,0.0,,0.0,0.0,0.010712611488997936,0.0,0.012846814468502998,0.0,,0.0,,,,0.0,0.0,0.0,,0.0,0.0,0.0012285824632272124,0.009027548134326935,0.0,,,0.0,,0.0,0.0,0.0,0.0,0.0,0.0,0.0,0.0,0.006439491640776396,0.015234255231916904,0.0,0.0,0.0,,0.011381476186215878,0.0,0.0,0.0,0.015055594965815544,,0.0005889178719371557,0.0,,0.0,0.0,0.0,0.0,,0.0,0.0,0.0,,0.0,,0.0,0.0,,0.0,,0.0,0.0,0.0030229962430894375,0.01743323914706707,0.0,0.012673601508140564,0.0,0.016194811090826988,0.0,,,0.009300514124333858,0.0,,,,,0.0,0.0,0.0,0.0,0.0,0.0,0.0,0.0,0.0,,0.012146583758294582,0.0019998527131974697,0.0,,0.019029388204216957,0.0,0.0015352413756772876,0.0,0.0,0.0,,0.002669151872396469,,0.014855947345495224,0.0,0.0,0.01175154373049736,,0.0,0.0,,0.0,0.0,0.0,0.0,0.0,0.0001421356719220057,0.0011042432161048055,0.0,0.0,0.0046468619257211685,0.003770541399717331,0.0,0.0012880248250439763,,0.02132318913936615,0.0,0.004850889090448618,0.0,,0.0,0.007785265799611807,0.0,0.0,0.0,0.0,0.0061191171407699585,0.0,0.0,0.0,,0.015078713186085224,0.0,0.0,,,,0.006918592378497124,0.002163069089874625,,0.0,0.0,0.0,0.0,,0.0,,0.0,0.0,0.013318006880581379,0.0,0.0,0.0,,,,0.0,0.01897398941218853,0.0,0.0,0.0,,0.0,0.008289680816233158,0.007186546456068754,0.0,,0.0,0.015495573170483112,0.0,0.0,0.0,,0.002988440217450261,0.0071138362400233746,0.006663523148745298,0.0,,0.0029522741679102182,0.007444577291607857,0.00870683416724205,0.0,0.015951599925756454,0.0,,0.0,0.0,0.0,0.0,0.0,0.0,,0.0,,0.005740217864513397,0.007723913062363863,0.0016765532782301307,0.0,0.0,0.0,0.0,,0.0,0.011521018110215664,0.0028374833054840565,,,0.0,0.0,0.0,0.0,0.0,0.0,0.0,0.0,0.0,,0.0,0.0,0.0014217449352145195,,0.0,0.0,0.0,0.015036061406135559,0.0,0.0,0.0,,,0.0,0.002523822244256735,0.0,0.0,0.0,,0.012212172150611877,,0.010441260412335396,0.0,,0.0,0.0001980172237381339,0.0,0.0,,,0.0,0.009777898900210857,,0.011562291532754898,0.0,,,0.0,0.021612513810396194,0.0,0.0,0.0,0.0,0.0,,,0.0,0.0,0.0,0.0,0.0,,,0.0,0.0,0.0,,0.0,0.0,,0.0,0.0,0.010721533559262753,,0.0,0.0,0.0,0.0,,0.0,0.0,,0.0,0.0,0.0,0.000222572882194072,0.004138255026191473,0.0,0.0,0.0,0.0,0.0,0.0,0.0,0.0,,0.01636638306081295,,0.0,0.013081780634820461,0.00596213573589921,0.0,0.0,0.0,0.00783260352909565,0.013072560541331768,0.0,0.01504174992442131,0.0,,0.0,,0.0,0.007702955510467291,0.0,,0.0,0.0,0.0,0.0064319828525185585,0.0,0.0,0.0,0.0,0.006455377209931612,0.002276746090501547,0.0,,,0.0,0.0,0.0,,,,0.0,0.0,,0.0,,0.0,,0.0,,,0.0,,,,,0.0,,0.0,0.009475049562752247,0.0,,0.0,0.0,0.0006172159337438643,,0.011276694014668465,0.0,,0.0,0.008886725641787052,0.0,,,0.0,,0.01935204491019249,0.0,0.0,,0.0,0.0019069688860327005,,,,0.0,0.0,0.0,0.0,0.0,7.387471123365685e-05,,,,0.007764055393636227,0.0,,0.0,,0.0,0.0,0.0,0.0,,,0.0,0.0,,,0.0,,0.0,,0.0,0.0,0.0,0.0,0.0,0.0,0.0,,0.0,0.010640541091561317,0.0,0.0,0.0,,,0.0,0.0,0.0,0.0,0.004161264281719923,0.0073729087598621845,,,,0.007771022617816925,0.0,0.0,0.0,,,0.008342444896697998,0.0,0.0,,0.0,,,,,0.0,0.013751369901001453,0.0,,0.0,,,0.0,,0.006028351373970509,0.0,0.0,0.0,,0.006963010877370834,0.0,,0.0,0.0,0.0,0.0,0.0,,0.0025301980786025524,0.0,0.0,,0.0,0.0,0.0,0.0,0.0,0.0,0.0,,0.0009805925656110048,0.0,0.0,0.007419695612043142,0.0,0.0,0.0,,0.0,0.0,0.0,0.010489208623766899,0.0,0.0,0.0,0.0,0.0,0.0,0.00028485566144809127,0.0,0.0,0.0,,0.0,0.0,0.0,0.0,0.0,0.0,0.0,0.0,0.0,0.004446286242455244,0.0,0.0,0.0,,0.0,0.006903916597366333,,0.0032303640618920326,0.0,0.0,0.0,0.0,0.0,0.007855664007365704,0.0,0.0,0.0,0.011428353376686573,0.0,0.014265907928347588,0.0,0.0,0.0,0.0,0.0,0.0,0.0,0.0,0.0,0.0,0.0,0.0,0.0071387211792171,0.0,0.0,0.0,0.010663309134542942,0.009583434090018272,0.0,0.00991410668939352,0.0,0.0,0.0,0.019269602373242378,0.0,0.0,0.0,0.0,0.0,0.0,0.0,0.0,0.004451911896467209,0.0,0.0,0.0,0.0,0.0,0.015617968514561653,0.0,0.008543897420167923,0.0,0.0,0.017431413754820824,0.0,0.0,0.0,0.0,0.0,0.011158911511301994,0.0,0.006921166554093361,0.0,0.013884417712688446,0.0,0.0,0.0,0.0,0.0,0.017269155010581017,0.0,0.00583390099927783,0.0,0.0,,,,,,,,,,,,,,,,,,,,,,,,,,,,,,,,,,,,,,,,,,,,,,,,,,,,,,,,,,,,,,,,,,,,,,,,,,,,,,,,,,,,,,,,,,,,,,,,,,,,,,,,,,,,,,,,,,,,,,,,,,,,,,
2020-07-21,802050.4921889334,1379.6190240481646,,,,,,,,,,,76494.84123570709,,1039061.7711000025,,,,,,,,,,,,,,,,,,,,,,,,,,,,,,,,,,,,,,,,,,,304.79045509665565,,,,,,,,,,,,,,,,,,,,,,6838.933619318209,10114.45528974722,3322.794371871808,7031.151441987275,10692.742019706753,86372.38508024393,23979.983496575,5879.480307968871,34811.91996407656,,,,,,,,,,,,,,,,,,,,,,,,,,,,,,,,,,,,0.007672586012631655,0.0,0.0,0.01092440728098154,0.0,0.0,0.0,0.0,0.0,0.0,0.0,0.0,0.0,0.0,0.0,0.0,,0.0,,0.0,,0.0,0.0,0.0,0.010507198981940746,0.0,,0.0,0.0,0.010712611488997936,0.0,0.012846814468502998,0.0,,0.0,,,,0.0,0.0,0.0,,0.0,0.0,0.0012285824632272124,0.009027548134326935,0.0,,,0.0,,0.0,0.0,0.0,0.0,0.0,0.0,0.0,0.0,0.006439491640776396,0.015234255231916904,0.0,0.0,0.0,,0.011381476186215878,0.0,0.0,0.0,0.015055594965815544,,0.0005889178719371557,0.0,,0.0,0.0,0.0,0.0,,0.0,0.0,0.0,,0.0,,0.0,0.0,,0.0,,0.0,0.0,0.0030229962430894375,0.01743323914706707,0.0,0.012673601508140564,0.0,0.016194811090826988,0.0,,,0.009300514124333858,0.0,,,,,0.0,0.0,0.0,0.0,0.0,0.0,0.0,0.0,0.0,,0.012146583758294582,0.0019998527131974697,0.0,,0.019029388204216957,0.0,0.0015352413756772876,0.0,0.0,0.0,,0.002669151872396469,,0.014855947345495224,0.0,0.0,0.01175154373049736,,0.0,0.0,,0.0,0.0,0.0,0.0,0.0,0.0001421356719220057,0.0011042432161048055,0.0,0.0,0.0046468619257211685,0.003770541399717331,0.0,0.0012880248250439763,,0.02132318913936615,0.0,0.004850889090448618,0.0,,0.0,0.007785265799611807,0.0,0.0,0.0,0.0,0.0061191171407699585,0.0,0.0,0.0,,0.015078713186085224,0.0,0.0,,,,0.006918592378497124,0.002163069089874625,,0.0,0.0,0.0,0.0,,0.0,,0.0,0.0,0.013318006880581379,0.0,0.0,0.0,,,,0.0,0.01897398941218853,0.0,0.0,0.0,,0.0,0.008289680816233158,0.007186546456068754,0.0,,0.0,0.015495573170483112,0.0,0.0,0.0,,0.002988440217450261,0.0071138362400233746,0.006663523148745298,0.0,,0.0029522741679102182,0.007444577291607857,0.00870683416724205,0.0,0.015951599925756454,0.0,,0.0,0.0,0.0,0.0,0.0,0.0,,0.0,,0.005740217864513397,0.007723913062363863,0.0016765532782301307,0.0,0.0,0.0,0.0,,0.0,0.011521018110215664,0.0028374833054840565,,,0.0,0.0,0.0,0.0,0.0,0.0,0.0,0.0,0.0,,0.0,0.0,0.0014217449352145195,,0.0,0.0,0.0,0.015036061406135559,0.0,0.0,0.0,,,0.0,0.002523822244256735,0.0,0.0,0.0,,0.012212172150611877,,0.010441260412335396,0.0,,0.0,0.0001980172237381339,0.0,0.0,,,0.0,0.009777898900210857,,0.011562291532754898,0.0,,,0.0,0.021612513810396194,0.0,0.0,0.0,0.0,0.0,,,0.0,0.0,0.0,0.0,0.0,,,0.0,0.0,0.0,,0.0,0.0,,0.0,0.0,0.010721533559262753,,0.0,0.0,0.0,0.0,,0.0,0.0,,0.0,0.0,0.0,0.000222572882194072,0.004138255026191473,0.0,0.0,0.0,0.0,0.0,0.0,0.0,0.0,,0.01636638306081295,,0.0,0.013081780634820461,0.00596213573589921,0.0,0.0,0.0,0.00783260352909565,0.013072560541331768,0.0,0.01504174992442131,0.0,,0.0,,0.0,0.007702955510467291,0.0,,0.0,0.0,0.0,0.0064319828525185585,0.0,0.0,0.0,0.0,0.006455377209931612,0.002276746090501547,0.0,,,0.0,0.0,0.0,,,,0.0,0.0,,0.0,,0.0,,0.0,,,0.0,,,,,0.0,,0.0,0.009475049562752247,0.0,,0.0,0.0,0.0006172159337438643,,0.011276694014668465,0.0,,0.0,0.008886725641787052,0.0,,,0.0,,0.01935204491019249,0.0,0.0,,0.0,0.0019069688860327005,,,,0.0,0.0,0.0,0.0,0.0,7.387471123365685e-05,,,,0.007764055393636227,0.0,,0.0,,0.0,0.0,0.0,0.0,,,0.0,0.0,,,0.0,,0.0,,0.0,0.0,0.0,0.0,0.0,0.0,0.0,,0.0,0.010640541091561317,0.0,0.0,0.0,,,0.0,0.0,0.0,0.0,0.004161264281719923,0.0073729087598621845,,,,0.007771022617816925,0.0,0.0,0.0,,,0.008342444896697998,0.0,0.0,,0.0,,,,,0.0,0.013751369901001453,0.0,,0.0,,,0.0,,0.006028351373970509,0.0,0.0,0.0,,0.006963010877370834,0.0,,0.0,0.0,0.0,0.0,0.0,,0.0025301980786025524,0.0,0.0,,0.0,0.0,0.0,0.0,0.0,0.0,0.0,,0.0009805925656110048,0.0,0.0,0.007419695612043142,0.0,0.0,0.0,,0.0,0.0,0.0,0.010489208623766899,0.0,0.0,0.0,0.0,0.0,0.0,0.00028485566144809127,0.0,0.0,0.0,,0.0,0.0,0.0,0.0,0.0,0.0,0.0,0.0,0.0,0.004446286242455244,0.0,0.0,0.0,,0.0,0.006903916597366333,,0.0032303640618920326,0.0,0.0,0.0,0.0,0.0,0.007855664007365704,0.0,0.0,0.0,0.011428353376686573,0.0,0.014265907928347588,0.0,0.0,0.0,0.0,0.0,0.0,0.0,0.0,0.0,0.0,0.0,0.0,0.0071387211792171,0.0,0.0,0.0,0.010663309134542942,0.009583434090018272,0.0,0.00991410668939352,0.0,0.0,0.0,0.019269602373242378,0.0,0.0,0.0,0.0,0.0,0.0,0.0,0.0,0.004451911896467209,0.0,0.0,0.0,0.0,0.0,0.015617968514561653,0.0,0.008543897420167923,0.0,0.0,0.017431413754820824,0.0,0.0,0.0,0.0,0.0,0.011158911511301994,0.0,0.006921166554093361,0.0,0.013884417712688446,0.0,0.0,0.0,0.0,0.0,0.017269155010581017,0.0,0.00583390099927783,0.0,0.0,,,,,,,,,,,,,,,,,,,,,,,,,,,,,,,,,,,,,,,,,,,,,,,,,,,,,,,,,,,,,,,,,,,,,,,,,,,,,,,,,,,,,,,,,,,,,,,,,,,,,,,,,,,,,,,,,,,,,,,,,,,,,,
2020-07-22,805420.5118041101,978.7552252883783,,,,,,,,,,,76494.84123570709,,1039061.7711000025,,,,,,,,,,,,,,,,,,,,,,,,,,,,,,,,,,,,,,,,,,,304.79045509665565,,,,,,,,,,,,,,,,,,,,,,6838.933619318209,10226.195265975814,3322.780034915351,7031.151441987275,10692.385799154254,86905.38509033067,23428.698979675657,5947.013589318412,34816.11464755495,,,,,,,,,,,,,,,,,,,,,,,,,,,,,,,,,,,,0.007672586012631655,0.0,0.0,0.01092440728098154,0.0,0.0,0.0,0.0,0.0,0.0,0.0,0.0,0.0,0.0,0.0,0.0,,0.0,,0.0,,0.0,0.0,0.0,0.010507198981940746,0.0,,0.0,0.0,0.010712611488997936,0.0,0.012846814468502998,0.0,,0.0,,,,0.0,0.0,0.0,,0.0,0.0,0.0012285824632272124,0.009027548134326935,0.0,,,0.0,,0.0,0.0,0.0,0.0,0.0,0.0,0.0,0.0,0.006439491640776396,0.015234255231916904,0.0,0.0,0.0,,0.011381476186215878,0.0,0.0,0.0,0.015055594965815544,,0.0005889178719371557,0.0,,0.0,0.0,0.0,0.0,,0.0,0.0,0.0,,0.0,,0.0,0.0,,0.0,,0.0,0.0,0.0030229962430894375,0.01743323914706707,0.0,0.012673601508140564,0.0,0.016194811090826988,0.0,,,0.009300514124333858,0.0,,,,,0.0,0.0,0.0,0.0,0.0,0.0,0.0,0.0,0.0,,0.012146583758294582,0.0019998527131974697,0.0,,0.019029388204216957,0.0,0.0015352413756772876,0.0,0.0,0.0,,0.002669151872396469,,0.014855947345495224,0.0,0.0,0.01175154373049736,,0.0,0.0,,0.0,0.0,0.0,0.0,0.0,0.0001421356719220057,0.0011042432161048055,0.0,0.0,0.0046468619257211685,0.003770541399717331,0.0,0.0012880248250439763,,0.02132318913936615,0.0,0.004850889090448618,0.0,,0.0,0.007785265799611807,0.0,0.0,0.0,0.0,0.0061191171407699585,0.0,0.0,0.0,,0.015078713186085224,0.0,0.0,,,,0.006918592378497124,0.002163069089874625,,0.0,0.0,0.0,0.0,,0.0,,0.0,0.0,0.013318006880581379,0.0,0.0,0.0,,,,0.0,0.01897398941218853,0.0,0.0,0.0,,0.0,0.008289680816233158,0.007186546456068754,0.0,,0.0,0.015495573170483112,0.0,0.0,0.0,,0.002988440217450261,0.0071138362400233746,0.006663523148745298,0.0,,0.0029522741679102182,0.007444577291607857,0.00870683416724205,0.0,0.015951599925756454,0.0,,0.0,0.0,0.0,0.0,0.0,0.0,,0.0,,0.005740217864513397,0.007723913062363863,0.0016765532782301307,0.0,0.0,0.0,0.0,,0.0,0.011521018110215664,0.0028374833054840565,,,0.0,0.0,0.0,0.0,0.0,0.0,0.0,0.0,0.0,,0.0,0.0,0.0014217449352145195,,0.0,0.0,0.0,0.015036061406135559,0.0,0.0,0.0,,,0.0,0.002523822244256735,0.0,0.0,0.0,,0.012212172150611877,,0.010441260412335396,0.0,,0.0,0.0001980172237381339,0.0,0.0,,,0.0,0.009777898900210857,,0.011562291532754898,0.0,,,0.0,0.021612513810396194,0.0,0.0,0.0,0.0,0.0,,,0.0,0.0,0.0,0.0,0.0,,,0.0,0.0,0.0,,0.0,0.0,,0.0,0.0,0.010721533559262753,,0.0,0.0,0.0,0.0,,0.0,0.0,,0.0,0.0,0.0,0.000222572882194072,0.004138255026191473,0.0,0.0,0.0,0.0,0.0,0.0,0.0,0.0,,0.01636638306081295,,0.0,0.013081780634820461,0.00596213573589921,0.0,0.0,0.0,0.00783260352909565,0.013072560541331768,0.0,0.01504174992442131,0.0,,0.0,,0.0,0.007702955510467291,0.0,,0.0,0.0,0.0,0.0064319828525185585,0.0,0.0,0.0,0.0,0.006455377209931612,0.002276746090501547,0.0,,,0.0,0.0,0.0,,,,0.0,0.0,,0.0,,0.0,,0.0,,,0.0,,,,,0.0,,0.0,0.009475049562752247,0.0,,0.0,0.0,0.0006172159337438643,,0.011276694014668465,0.0,,0.0,0.008886725641787052,0.0,,,0.0,,0.01935204491019249,0.0,0.0,,0.0,0.0019069688860327005,,,,0.0,0.0,0.0,0.0,0.0,7.387471123365685e-05,,,,0.007764055393636227,0.0,,0.0,,0.0,0.0,0.0,0.0,,,0.0,0.0,,,0.0,,0.0,,0.0,0.0,0.0,0.0,0.0,0.0,0.0,,0.0,0.010640541091561317,0.0,0.0,0.0,,,0.0,0.0,0.0,0.0,0.004161264281719923,0.0073729087598621845,,,,0.007771022617816925,0.0,0.0,0.0,,,0.008342444896697998,0.0,0.0,,0.0,,,,,0.0,0.013751369901001453,0.0,,0.0,,,0.0,,0.006028351373970509,0.0,0.0,0.0,,0.006963010877370834,0.0,,0.0,0.0,0.0,0.0,0.0,,0.0025301980786025524,0.0,0.0,,0.0,0.0,0.0,0.0,0.0,0.0,0.0,,0.0009805925656110048,0.0,0.0,0.007419695612043142,0.0,0.0,0.0,,0.0,0.0,0.0,0.010489208623766899,0.0,0.0,0.0,0.0,0.0,0.0,0.00028485566144809127,0.0,0.0,0.0,,0.0,0.0,0.0,0.0,0.0,0.0,0.0,0.0,0.0,0.004446286242455244,0.0,0.0,0.0,,0.0,0.006903916597366333,,0.0032303640618920326,0.0,0.0,0.0,0.0,0.0,0.007855664007365704,0.0,0.0,0.0,0.011428353376686573,0.0,0.014265907928347588,0.0,0.0,0.0,0.0,0.0,0.0,0.0,0.0,0.0,0.0,0.0,0.0,0.0071387211792171,0.0,0.0,0.0,0.010663309134542942,0.009583434090018272,0.0,0.00991410668939352,0.0,0.0,0.0,0.019269602373242378,0.0,0.0,0.0,0.0,0.0,0.0,0.0,0.0,0.004451911896467209,0.0,0.0,0.0,0.0,0.0,0.015617968514561653,0.0,0.008543897420167923,0.0,0.0,0.017431413754820824,0.0,0.0,0.0,0.0,0.0,0.011158911511301994,0.0,0.006921166554093361,0.0,0.013884417712688446,0.0,0.0,0.0,0.0,0.0,0.017269155010581017,0.0,0.00583390099927783,0.0,0.0,,,,,,,,,,,,,,,,,,,,,,,,,,,,,,,,,,,,,,,,,,,,,,,,,,,,,,,,,,,,,,,,,,,,,,,,,,,,,,,,,,,,,,,,,,,,,,,,,,,,,,,,,,,,,,,,,,,,,,,,,,,,,,
2020-07-23,812439.0139792386,297.5853712683868,,,,,,,,,,,76494.84123570709,,1039061.7711000025,,,,,,,,,,,,,,,,,,,,,,,,,,,,,,,,,,,,,,,,,,,304.79045509665565,,,,,,,,,,,,,,,,,,,,,,6838.933619318209,10225.776577379222,3085.4754873791967,7421.928217099368,10692.740470870367,88484.79750375978,23704.33021916732,5947.004486450822,34812.94815060247,,,,,,,,,,,,,,,,,,,,,,,,,,,,,,,,,,,,0.007672586012631655,0.0,0.0,0.01092440728098154,0.0,0.0,0.0,0.0,0.0,0.0,0.0,0.0,0.0,0.0,0.0,0.0,,0.0,,0.0,,0.0,0.0,0.0,0.010507198981940746,0.0,,0.0,0.0,0.010712611488997936,0.0,0.012846814468502998,0.0,,0.0,,,,0.0,0.0,0.0,,0.0,0.0,0.0012285824632272124,0.009027548134326935,0.0,,,0.0,,0.0,0.0,0.0,0.0,0.0,0.0,0.0,0.0,0.006439491640776396,0.015234255231916904,0.0,0.0,0.0,,0.011381476186215878,0.0,0.0,0.0,0.015055594965815544,,0.0005889178719371557,0.0,,0.0,0.0,0.0,0.0,,0.0,0.0,0.0,,0.0,,0.0,0.0,,0.0,,0.0,0.0,0.0030229962430894375,0.01743323914706707,0.0,0.012673601508140564,0.0,0.016194811090826988,0.0,,,0.009300514124333858,0.0,,,,,0.0,0.0,0.0,0.0,0.0,0.0,0.0,0.0,0.0,,0.012146583758294582,0.0019998527131974697,0.0,,0.019029388204216957,0.0,0.0015352413756772876,0.0,0.0,0.0,,0.002669151872396469,,0.014855947345495224,0.0,0.0,0.01175154373049736,,0.0,0.0,,0.0,0.0,0.0,0.0,0.0,0.0001421356719220057,0.0011042432161048055,0.0,0.0,0.0046468619257211685,0.003770541399717331,0.0,0.0012880248250439763,,0.02132318913936615,0.0,0.004850889090448618,0.0,,0.0,0.007785265799611807,0.0,0.0,0.0,0.0,0.0061191171407699585,0.0,0.0,0.0,,0.015078713186085224,0.0,0.0,,,,0.006918592378497124,0.002163069089874625,,0.0,0.0,0.0,0.0,,0.0,,0.0,0.0,0.013318006880581379,0.0,0.0,0.0,,,,0.0,0.01897398941218853,0.0,0.0,0.0,,0.0,0.008289680816233158,0.007186546456068754,0.0,,0.0,0.015495573170483112,0.0,0.0,0.0,,0.002988440217450261,0.0071138362400233746,0.006663523148745298,0.0,,0.0029522741679102182,0.007444577291607857,0.00870683416724205,0.0,0.015951599925756454,0.0,,0.0,0.0,0.0,0.0,0.0,0.0,,0.0,,0.005740217864513397,0.007723913062363863,0.0016765532782301307,0.0,0.0,0.0,0.0,,0.0,0.011521018110215664,0.0028374833054840565,,,0.0,0.0,0.0,0.0,0.0,0.0,0.0,0.0,0.0,,0.0,0.0,0.0014217449352145195,,0.0,0.0,0.0,0.015036061406135559,0.0,0.0,0.0,,,0.0,0.002523822244256735,0.0,0.0,0.0,,0.012212172150611877,,0.010441260412335396,0.0,,0.0,0.0001980172237381339,0.0,0.0,,,0.0,0.009777898900210857,,0.011562291532754898,0.0,,,0.0,0.021612513810396194,0.0,0.0,0.0,0.0,0.0,,,0.0,0.0,0.0,0.0,0.0,,,0.0,0.0,0.0,,0.0,0.0,,0.0,0.0,0.010721533559262753,,0.0,0.0,0.0,0.0,,0.0,0.0,,0.0,0.0,0.0,0.000222572882194072,0.004138255026191473,0.0,0.0,0.0,0.0,0.0,0.0,0.0,0.0,,0.01636638306081295,,0.0,0.013081780634820461,0.00596213573589921,0.0,0.0,0.0,0.00783260352909565,0.013072560541331768,0.0,0.01504174992442131,0.0,,0.0,,0.0,0.007702955510467291,0.0,,0.0,0.0,0.0,0.0064319828525185585,0.0,0.0,0.0,0.0,0.006455377209931612,0.002276746090501547,0.0,,,0.0,0.0,0.0,,,,0.0,0.0,,0.0,,0.0,,0.0,,,0.0,,,,,0.0,,0.0,0.009475049562752247,0.0,,0.0,0.0,0.0006172159337438643,,0.011276694014668465,0.0,,0.0,0.008886725641787052,0.0,,,0.0,,0.01935204491019249,0.0,0.0,,0.0,0.0019069688860327005,,,,0.0,0.0,0.0,0.0,0.0,7.387471123365685e-05,,,,0.007764055393636227,0.0,,0.0,,0.0,0.0,0.0,0.0,,,0.0,0.0,,,0.0,,0.0,,0.0,0.0,0.0,0.0,0.0,0.0,0.0,,0.0,0.010640541091561317,0.0,0.0,0.0,,,0.0,0.0,0.0,0.0,0.004161264281719923,0.0073729087598621845,,,,0.007771022617816925,0.0,0.0,0.0,,,0.008342444896697998,0.0,0.0,,0.0,,,,,0.0,0.013751369901001453,0.0,,0.0,,,0.0,,0.006028351373970509,0.0,0.0,0.0,,0.006963010877370834,0.0,,0.0,0.0,0.0,0.0,0.0,,0.0025301980786025524,0.0,0.0,,0.0,0.0,0.0,0.0,0.0,0.0,0.0,,0.0009805925656110048,0.0,0.0,0.007419695612043142,0.0,0.0,0.0,,0.0,0.0,0.0,0.010489208623766899,0.0,0.0,0.0,0.0,0.0,0.0,0.00028485566144809127,0.0,0.0,0.0,,0.0,0.0,0.0,0.0,0.0,0.0,0.0,0.0,0.0,0.004446286242455244,0.0,0.0,0.0,,0.0,0.006903916597366333,,0.0032303640618920326,0.0,0.0,0.0,0.0,0.0,0.007855664007365704,0.0,0.0,0.0,0.011428353376686573,0.0,0.014265907928347588,0.0,0.0,0.0,0.0,0.0,0.0,0.0,0.0,0.0,0.0,0.0,0.0,0.0071387211792171,0.0,0.0,0.0,0.010663309134542942,0.009583434090018272,0.0,0.00991410668939352,0.0,0.0,0.0,0.019269602373242378,0.0,0.0,0.0,0.0,0.0,0.0,0.0,0.0,0.004451911896467209,0.0,0.0,0.0,0.0,0.0,0.015617968514561653,0.0,0.008543897420167923,0.0,0.0,0.017431413754820824,0.0,0.0,0.0,0.0,0.0,0.011158911511301994,0.0,0.006921166554093361,0.0,0.013884417712688446,0.0,0.0,0.0,0.0,0.0,0.017269155010581017,0.0,0.00583390099927783,0.0,0.0,,,,,,,,,,,,,,,,,,,,,,,,,,,,,,,,,,,,,,,,,,,,,,,,,,,,,,,,,,,,,,,,,,,,,,,,,,,,,,,,,,,,,,,,,,,,,,,,,,,,,,,,,,,,,,,,,,,,,,,,,,,,,,
2020-07-24,774853.1164037142,354.30958237599634,,,,,,,,,,,76494.84123570709,,1039061.7711000025,,,,,,,,,,,,,,,,,,,,,,,,,,,,,,,,,,,,,,,,,,,406.39064505634616,,,,,,,,,,,,,,,,,,,,,,8082.355360427157,10225.776577379222,3085.4754873791967,7421.928217099368,9720.847050507326,89580.06628468854,24163.62486861917,5811.90194741577,34812.94815060247,,,,,,,,,,,,,,,,,,,,,,,,,,,,,,,,,,,,0.007672586012631655,0.0,0.0,0.01092440728098154,0.0,0.0,0.0,0.0,0.0,0.0,0.0,0.0,0.0,0.0,0.0,0.0,,0.0,,0.0,,0.0,0.0,0.0,0.010507198981940746,0.0,,0.0,0.0,0.010712611488997936,0.0,0.012846814468502998,0.0,,0.0,,,,0.0,0.0,0.0,,0.0,0.0,0.0012285824632272124,0.009027548134326935,0.0,,,0.0,,0.0,0.0,0.0,0.0,0.0,0.0,0.0,0.0,0.006439491640776396,0.015234255231916904,0.0,0.0,0.0,,0.011381476186215878,0.0,0.0,0.0,0.015055594965815544,,0.0005889178719371557,0.0,,0.0,0.0,0.0,0.0,,0.0,0.0,0.0,,0.0,,0.0,0.0,,0.0,,0.0,0.0,0.0030229962430894375,0.01743323914706707,0.0,0.012673601508140564,0.0,0.016194811090826988,0.0,,,0.009300514124333858,0.0,,,,,0.0,0.0,0.0,0.0,0.0,0.0,0.0,0.0,0.0,,0.012146583758294582,0.0019998527131974697,0.0,,0.019029388204216957,0.0,0.0015352413756772876,0.0,0.0,0.0,,0.002669151872396469,,0.014855947345495224,0.0,0.0,0.01175154373049736,,0.0,0.0,,0.0,0.0,0.0,0.0,0.0,0.0001421356719220057,0.0011042432161048055,0.0,0.0,0.0046468619257211685,0.003770541399717331,0.0,0.0012880248250439763,,0.02132318913936615,0.0,0.004850889090448618,0.0,,0.0,0.007785265799611807,0.0,0.0,0.0,0.0,0.0061191171407699585,0.0,0.0,0.0,,0.015078713186085224,0.0,0.0,,,,0.006918592378497124,0.002163069089874625,,0.0,0.0,0.0,0.0,,0.0,,0.0,0.0,0.013318006880581379,0.0,0.0,0.0,,,,0.0,0.01897398941218853,0.0,0.0,0.0,,0.0,0.008289680816233158,0.007186546456068754,0.0,,0.0,0.015495573170483112,0.0,0.0,0.0,,0.002988440217450261,0.0071138362400233746,0.006663523148745298,0.0,,0.0029522741679102182,0.007444577291607857,0.00870683416724205,0.0,0.015951599925756454,0.0,,0.0,0.0,0.0,0.0,0.0,0.0,,0.0,,0.005740217864513397,0.007723913062363863,0.0016765532782301307,0.0,0.0,0.0,0.0,,0.0,0.011521018110215664,0.0028374833054840565,,,0.0,0.0,0.0,0.0,0.0,0.0,0.0,0.0,0.0,,0.0,0.0,0.0014217449352145195,,0.0,0.0,0.0,0.015036061406135559,0.0,0.0,0.0,,,0.0,0.002523822244256735,0.0,0.0,0.0,,0.012212172150611877,,0.010441260412335396,0.0,,0.0,0.0001980172237381339,0.0,0.0,,,0.0,0.009777898900210857,,0.011562291532754898,0.0,,,0.0,0.021612513810396194,0.0,0.0,0.0,0.0,0.0,,,0.0,0.0,0.0,0.0,0.0,,,0.0,0.0,0.0,,0.0,0.0,,0.0,0.0,0.010721533559262753,,0.0,0.0,0.0,0.0,,0.0,0.0,,0.0,0.0,0.0,0.000222572882194072,0.004138255026191473,0.0,0.0,0.0,0.0,0.0,0.0,0.0,0.0,,0.01636638306081295,,0.0,0.013081780634820461,0.00596213573589921,0.0,0.0,0.0,0.00783260352909565,0.013072560541331768,0.0,0.01504174992442131,0.0,,0.0,,0.0,0.007702955510467291,0.0,,0.0,0.0,0.0,0.0064319828525185585,0.0,0.0,0.0,0.0,0.006455377209931612,0.002276746090501547,0.0,,,0.0,0.0,0.0,,,,0.0,0.0,,0.0,,0.0,,0.0,,,0.0,,,,,0.0,,0.0,0.009475049562752247,0.0,,0.0,0.0,0.0006172159337438643,,0.011276694014668465,0.0,,0.0,0.008886725641787052,0.0,,,0.0,,0.01935204491019249,0.0,0.0,,0.0,0.0019069688860327005,,,,0.0,0.0,0.0,0.0,0.0,7.387471123365685e-05,,,,0.007764055393636227,0.0,,0.0,,0.0,0.0,0.0,0.0,,,0.0,0.0,,,0.0,,0.0,,0.0,0.0,0.0,0.0,0.0,0.0,0.0,,0.0,0.010640541091561317,0.0,0.0,0.0,,,0.0,0.0,0.0,0.0,0.004161264281719923,0.0073729087598621845,,,,0.007771022617816925,0.0,0.0,0.0,,,0.008342444896697998,0.0,0.0,,0.0,,,,,0.0,0.013751369901001453,0.0,,0.0,,,0.0,,0.006028351373970509,0.0,0.0,0.0,,0.006963010877370834,0.0,,0.0,0.0,0.0,0.0,0.0,,0.0025301980786025524,0.0,0.0,,0.0,0.0,0.0,0.0,0.0,0.0,0.0,,0.0009805925656110048,0.0,0.0,0.007419695612043142,0.0,0.0,0.0,,0.0,0.0,0.0,0.010489208623766899,0.0,0.0,0.0,0.0,0.0,0.0,0.00028485566144809127,0.0,0.0,0.0,,0.0,0.0,0.0,0.0,0.0,0.0,0.0,0.0,0.0,0.004446286242455244,0.0,0.0,0.0,,0.0,0.006903916597366333,,0.0032303640618920326,0.0,0.0,0.0,0.0,0.0,0.007855664007365704,0.0,0.0,0.0,0.011428353376686573,0.0,0.014265907928347588,0.0,0.0,0.0,0.0,0.0,0.0,0.0,0.0,0.0,0.0,0.0,0.0,0.0071387211792171,0.0,0.0,0.0,0.010663309134542942,0.009583434090018272,0.0,0.00991410668939352,0.0,0.0,0.0,0.019269602373242378,0.0,0.0,0.0,0.0,0.0,0.0,0.0,0.0,0.004451911896467209,0.0,0.0,0.0,0.0,0.0,0.015617968514561653,0.0,0.008543897420167923,0.0,0.0,0.017431413754820824,0.0,0.0,0.0,0.0,0.0,0.011158911511301994,0.0,0.006921166554093361,0.0,0.013884417712688446,0.0,0.0,0.0,0.0,0.0,0.017269155010581017,0.0,0.00583390099927783,0.0,0.0,,,,,,,,,,,,,,,,,,,,,,,,,,,,,,,,,,,,,,,,,,,,,,,,,,,,,,,,,,,,,,,,,,,,,,,,,,,,,,,,,,,,,,,,,,,,,,,,,,,,,,,,,,,,,,,,,,,,,,,,,,,,,,
2020-07-27,771265.94479866,883.6293791395169,,,,,,,,,,,76494.84123570709,,1039061.7711000025,,,,,,,,,,,,,,,,,,,,,,,,,,,,,,,,,,,,,,,,,,,507.99083501603667,,,,,,,,,,,,,,,,,,,,,,8082.355360427157,10225.776577379222,3085.4754873791967,7421.928217099368,9720.794247672242,89547.49375907941,24071.702638887764,5676.627564295599,34816.094254287425,,,,,,,,,,,,,,,,,,,,,,,,,,,,,,,,,,,,0.007672586012631655,0.0,0.0,0.01092440728098154,0.0,0.0,0.0,0.0,0.0,0.0,0.0,0.0,0.0,0.0,0.0,0.0,,0.0,,0.0,,0.0,0.0,0.0,0.010507198981940746,0.0,,0.0,0.0,0.010712611488997936,0.0,0.012846814468502998,0.0,,0.0,,,,0.0,0.0,0.0,,0.0,0.0,0.0012285824632272124,0.009027548134326935,0.0,,,0.0,,0.0,0.0,0.0,0.0,0.0,0.0,0.0,0.0,0.006439491640776396,0.015234255231916904,0.0,0.0,0.0,,0.011381476186215878,0.0,0.0,0.0,0.015055594965815544,,0.0005889178719371557,0.0,,0.0,0.0,0.0,0.0,,0.0,0.0,0.0,,0.0,,0.0,0.0,,0.0,,0.0,0.0,0.0030229962430894375,0.01743323914706707,0.0,0.012673601508140564,0.0,0.016194811090826988,0.0,,,0.009300514124333858,0.0,,,,,0.0,0.0,0.0,0.0,0.0,0.0,0.0,0.0,0.0,,0.012146583758294582,0.0019998527131974697,0.0,,0.019029388204216957,0.0,0.0015352413756772876,0.0,0.0,0.0,,0.002669151872396469,,0.014855947345495224,0.0,0.0,0.01175154373049736,,0.0,0.0,,0.0,0.0,0.0,0.0,0.0,0.0001421356719220057,0.0011042432161048055,0.0,0.0,0.0046468619257211685,0.003770541399717331,0.0,0.0012880248250439763,,0.02132318913936615,0.0,0.004850889090448618,0.0,,0.0,0.007785265799611807,0.0,0.0,0.0,0.0,0.0061191171407699585,0.0,0.0,0.0,,0.015078713186085224,0.0,0.0,,,,0.006918592378497124,0.002163069089874625,,0.0,0.0,0.0,0.0,,0.0,,0.0,0.0,0.013318006880581379,0.0,0.0,0.0,,,,0.0,0.01897398941218853,0.0,0.0,0.0,,0.0,0.008289680816233158,0.007186546456068754,0.0,,0.0,0.015495573170483112,0.0,0.0,0.0,,0.002988440217450261,0.0071138362400233746,0.006663523148745298,0.0,,0.0029522741679102182,0.007444577291607857,0.00870683416724205,0.0,0.015951599925756454,0.0,,0.0,0.0,0.0,0.0,0.0,0.0,,0.0,,0.005740217864513397,0.007723913062363863,0.0016765532782301307,0.0,0.0,0.0,0.0,,0.0,0.011521018110215664,0.0028374833054840565,,,0.0,0.0,0.0,0.0,0.0,0.0,0.0,0.0,0.0,,0.0,0.0,0.0014217449352145195,,0.0,0.0,0.0,0.015036061406135559,0.0,0.0,0.0,,,0.0,0.002523822244256735,0.0,0.0,0.0,,0.012212172150611877,,0.010441260412335396,0.0,,0.0,0.0001980172237381339,0.0,0.0,,,0.0,0.009777898900210857,,0.011562291532754898,0.0,,,0.0,0.021612513810396194,0.0,0.0,0.0,0.0,0.0,,,0.0,0.0,0.0,0.0,0.0,,,0.0,0.0,0.0,,0.0,0.0,,0.0,0.0,0.010721533559262753,,0.0,0.0,0.0,0.0,,0.0,0.0,,0.0,0.0,0.0,0.000222572882194072,0.004138255026191473,0.0,0.0,0.0,0.0,0.0,0.0,0.0,0.0,,0.01636638306081295,,0.0,0.013081780634820461,0.00596213573589921,0.0,0.0,0.0,0.00783260352909565,0.013072560541331768,0.0,0.01504174992442131,0.0,,0.0,,0.0,0.007702955510467291,0.0,,0.0,0.0,0.0,0.0064319828525185585,0.0,0.0,0.0,0.0,0.006455377209931612,0.002276746090501547,0.0,,,0.0,0.0,0.0,,,,0.0,0.0,,0.0,,0.0,,0.0,,,0.0,,,,,0.0,,0.0,0.009475049562752247,0.0,,0.0,0.0,0.0006172159337438643,,0.011276694014668465,0.0,,0.0,0.008886725641787052,0.0,,,0.0,,0.01935204491019249,0.0,0.0,,0.0,0.0019069688860327005,,,,0.0,0.0,0.0,0.0,0.0,7.387471123365685e-05,,,,0.007764055393636227,0.0,,0.0,,0.0,0.0,0.0,0.0,,,0.0,0.0,,,0.0,,0.0,,0.0,0.0,0.0,0.0,0.0,0.0,0.0,,0.0,0.010640541091561317,0.0,0.0,0.0,,,0.0,0.0,0.0,0.0,0.004161264281719923,0.0073729087598621845,,,,0.007771022617816925,0.0,0.0,0.0,,,0.008342444896697998,0.0,0.0,,0.0,,,,,0.0,0.013751369901001453,0.0,,0.0,,,0.0,,0.006028351373970509,0.0,0.0,0.0,,0.006963010877370834,0.0,,0.0,0.0,0.0,0.0,0.0,,0.0025301980786025524,0.0,0.0,,0.0,0.0,0.0,0.0,0.0,0.0,0.0,,0.0009805925656110048,0.0,0.0,0.007419695612043142,0.0,0.0,0.0,,0.0,0.0,0.0,0.010489208623766899,0.0,0.0,0.0,0.0,0.0,0.0,0.00028485566144809127,0.0,0.0,0.0,,0.0,0.0,0.0,0.0,0.0,0.0,0.0,0.0,0.0,0.004446286242455244,0.0,0.0,0.0,,0.0,0.006903916597366333,,0.0032303640618920326,0.0,0.0,0.0,0.0,0.0,0.007855664007365704,0.0,0.0,0.0,0.011428353376686573,0.0,0.014265907928347588,0.0,0.0,0.0,0.0,0.0,0.0,0.0,0.0,0.0,0.0,0.0,0.0,0.0071387211792171,0.0,0.0,0.0,0.010663309134542942,0.009583434090018272,0.0,0.00991410668939352,0.0,0.0,0.0,0.019269602373242378,0.0,0.0,0.0,0.0,0.0,0.0,0.0,0.0,0.004451911896467209,0.0,0.0,0.0,0.0,0.0,0.015617968514561653,0.0,0.008543897420167923,0.0,0.0,0.017431413754820824,0.0,0.0,0.0,0.0,0.0,0.011158911511301994,0.0,0.006921166554093361,0.0,0.013884417712688446,0.0,0.0,0.0,0.0,0.0,0.017269155010581017,0.0,0.00583390099927783,0.0,0.0,,,,,,,,,,,,,,,,,,,,,,,,,,,,,,,,,,,,,,,,,,,,,,,,,,,,,,,,,,,,,,,,,,,,,,,,,,,,,,,,,,,,,,,,,,,,,,,,,,,,,,,,,,,,,,,,,,,,,,,,,,,,,,
2020-07-28,778991.2957081076,1041.6374153128218,,,,,,,,,,,76494.84123570709,,1039061.7711000025,,,,,,,,,,,,,,,,,,,,,,,,,,,,,,,,,,,,,,,,,,,812.7821022237199,,,,,,,,,,,,,,,,,,,,,,8082.355360427157,10336.927184347003,3085.4754873791967,7421.928217099368,9720.794247672242,83684.17859363671,24526.334280728708,5946.993946323163,32566.89972321206,,,,,,,,,,,,,,,,,,,,,,,,,,,,,,,,,,,,0.007672586012631655,0.0,0.0,0.01092440728098154,0.0,0.0,0.0,0.0,0.0,0.0,0.0,0.0,0.0,0.0,0.0,0.0,,0.0,,0.0,,0.0,0.0,0.0,0.010507198981940746,0.0,,0.0,0.0,0.010712611488997936,0.0,0.012846814468502998,0.0,,0.0,,,,0.0,0.0,0.0,,0.0,0.0,0.0012285824632272124,0.009027548134326935,0.0,,,0.0,,0.0,0.0,0.0,0.0,0.0,0.0,0.0,0.0,0.006439491640776396,0.015234255231916904,0.0,0.0,0.0,,0.011381476186215878,0.0,0.0,0.0,0.015055594965815544,,0.0005889178719371557,0.0,,0.0,0.0,0.0,0.0,,0.0,0.0,0.0,,0.0,,0.0,0.0,,0.0,,0.0,0.0,0.0030229962430894375,0.01743323914706707,0.0,0.012673601508140564,0.0,0.016194811090826988,0.0,,,0.009300514124333858,0.0,,,,,0.0,0.0,0.0,0.0,0.0,0.0,0.0,0.0,0.0,,0.012146583758294582,0.0019998527131974697,0.0,,0.019029388204216957,0.0,0.0015352413756772876,0.0,0.0,0.0,,0.002669151872396469,,0.014855947345495224,0.0,0.0,0.01175154373049736,,0.0,0.0,,0.0,0.0,0.0,0.0,0.0,0.0001421356719220057,0.0011042432161048055,0.0,0.0,0.0046468619257211685,0.003770541399717331,0.0,0.0012880248250439763,,0.02132318913936615,0.0,0.004850889090448618,0.0,,0.0,0.007785265799611807,0.0,0.0,0.0,0.0,0.0061191171407699585,0.0,0.0,0.0,,0.015078713186085224,0.0,0.0,,,,0.006918592378497124,0.002163069089874625,,0.0,0.0,0.0,0.0,,0.0,,0.0,0.0,0.013318006880581379,0.0,0.0,0.0,,,,0.0,0.01897398941218853,0.0,0.0,0.0,,0.0,0.008289680816233158,0.007186546456068754,0.0,,0.0,0.015495573170483112,0.0,0.0,0.0,,0.002988440217450261,0.0071138362400233746,0.006663523148745298,0.0,,0.0029522741679102182,0.007444577291607857,0.00870683416724205,0.0,0.015951599925756454,0.0,,0.0,0.0,0.0,0.0,0.0,0.0,,0.0,,0.005740217864513397,0.007723913062363863,0.0016765532782301307,0.0,0.0,0.0,0.0,,0.0,0.011521018110215664,0.0028374833054840565,,,0.0,0.0,0.0,0.0,0.0,0.0,0.0,0.0,0.0,,0.0,0.0,0.0014217449352145195,,0.0,0.0,0.0,0.015036061406135559,0.0,0.0,0.0,,,0.0,0.002523822244256735,0.0,0.0,0.0,,0.012212172150611877,,0.010441260412335396,0.0,,0.0,0.0001980172237381339,0.0,0.0,,,0.0,0.009777898900210857,,0.011562291532754898,0.0,,,0.0,0.021612513810396194,0.0,0.0,0.0,0.0,0.0,,,0.0,0.0,0.0,0.0,0.0,,,0.0,0.0,0.0,,0.0,0.0,,0.0,0.0,0.010721533559262753,,0.0,0.0,0.0,0.0,,0.0,0.0,,0.0,0.0,0.0,0.000222572882194072,0.004138255026191473,0.0,0.0,0.0,0.0,0.0,0.0,0.0,0.0,,0.01636638306081295,,0.0,0.013081780634820461,0.00596213573589921,0.0,0.0,0.0,0.00783260352909565,0.013072560541331768,0.0,0.01504174992442131,0.0,,0.0,,0.0,0.007702955510467291,0.0,,0.0,0.0,0.0,0.0064319828525185585,0.0,0.0,0.0,0.0,0.006455377209931612,0.002276746090501547,0.0,,,0.0,0.0,0.0,,,,0.0,0.0,,0.0,,0.0,,0.0,,,0.0,,,,,0.0,,0.0,0.009475049562752247,0.0,,0.0,0.0,0.0006172159337438643,,0.011276694014668465,0.0,,0.0,0.008886725641787052,0.0,,,0.0,,0.01935204491019249,0.0,0.0,,0.0,0.0019069688860327005,,,,0.0,0.0,0.0,0.0,0.0,7.387471123365685e-05,,,,0.007764055393636227,0.0,,0.0,,0.0,0.0,0.0,0.0,,,0.0,0.0,,,0.0,,0.0,,0.0,0.0,0.0,0.0,0.0,0.0,0.0,,0.0,0.010640541091561317,0.0,0.0,0.0,,,0.0,0.0,0.0,0.0,0.004161264281719923,0.0073729087598621845,,,,0.007771022617816925,0.0,0.0,0.0,,,0.008342444896697998,0.0,0.0,,0.0,,,,,0.0,0.013751369901001453,0.0,,0.0,,,0.0,,0.006028351373970509,0.0,0.0,0.0,,0.006963010877370834,0.0,,0.0,0.0,0.0,0.0,0.0,,0.0025301980786025524,0.0,0.0,,0.0,0.0,0.0,0.0,0.0,0.0,0.0,,0.0009805925656110048,0.0,0.0,0.007419695612043142,0.0,0.0,0.0,,0.0,0.0,0.0,0.010489208623766899,0.0,0.0,0.0,0.0,0.0,0.0,0.00028485566144809127,0.0,0.0,0.0,,0.0,0.0,0.0,0.0,0.0,0.0,0.0,0.0,0.0,0.004446286242455244,0.0,0.0,0.0,,0.0,0.006903916597366333,,0.0032303640618920326,0.0,0.0,0.0,0.0,0.0,0.007855664007365704,0.0,0.0,0.0,0.011428353376686573,0.0,0.014265907928347588,0.0,0.0,0.0,0.0,0.0,0.0,0.0,0.0,0.0,0.0,0.0,0.0,0.0071387211792171,0.0,0.0,0.0,0.010663309134542942,0.009583434090018272,0.0,0.00991410668939352,0.0,0.0,0.0,0.019269602373242378,0.0,0.0,0.0,0.0,0.0,0.0,0.0,0.0,0.004451911896467209,0.0,0.0,0.0,0.0,0.0,0.015617968514561653,0.0,0.008543897420167923,0.0,0.0,0.017431413754820824,0.0,0.0,0.0,0.0,0.0,0.011158911511301994,0.0,0.006921166554093361,0.0,0.013884417712688446,0.0,0.0,0.0,0.0,0.0,0.017269155010581017,0.0,0.00583390099927783,0.0,0.0,,,,,,,,,,,,,,,,,,,,,,,,,,,,,,,,,,,,,,,,,,,,,,,,,,,,,,,,,,,,,,,,,,,,,,,,,,,,,,,,,,,,,,,,,,,,,,,,,,,,,,,,,,,,,,,,,,,,,,,,,,,,,,
2020-07-29,797534.8879380643,52.069517541732694,,,,,,,,,,,76494.84123570709,,1039061.7711000025,,,,,,,,,,,,,,,,,,,,,,,,,,,,,,,,,,,,,,,,,,,914.3831781868814,,,,,,,,,,,,,,,,,,,,,,8082.355360427157,10447.723755701898,3085.4754873791967,7421.928217099368,9720.794247672242,83684.17859363671,24347.38082168015,5879.527674570419,32566.89972321206,,,,,,,,,,,,,,,,,,,,,,,,,,,,,,,,,,,,0.007672586012631655,0.0,0.0,0.01092440728098154,0.0,0.0,0.0,0.0,0.0,0.0,0.0,0.0,0.0,0.0,0.0,0.0,,0.0,,0.0,,0.0,0.0,0.0,0.010507198981940746,0.0,,0.0,0.0,0.010712611488997936,0.0,0.012846814468502998,0.0,,0.0,,,,0.0,0.0,0.0,,0.0,0.0,0.0012285824632272124,0.009027548134326935,0.0,,,0.0,,0.0,0.0,0.0,0.0,0.0,0.0,0.0,0.0,0.006439491640776396,0.015234255231916904,0.0,0.0,0.0,,0.011381476186215878,0.0,0.0,0.0,0.015055594965815544,,0.0005889178719371557,0.0,,0.0,0.0,0.0,0.0,,0.0,0.0,0.0,,0.0,,0.0,0.0,,0.0,,0.0,0.0,0.0030229962430894375,0.01743323914706707,0.0,0.012673601508140564,0.0,0.016194811090826988,0.0,,,0.009300514124333858,0.0,,,,,0.0,0.0,0.0,0.0,0.0,0.0,0.0,0.0,0.0,,0.012146583758294582,0.0019998527131974697,0.0,,0.019029388204216957,0.0,0.0015352413756772876,0.0,0.0,0.0,,0.002669151872396469,,0.014855947345495224,0.0,0.0,0.01175154373049736,,0.0,0.0,,0.0,0.0,0.0,0.0,0.0,0.0001421356719220057,0.0011042432161048055,0.0,0.0,0.0046468619257211685,0.003770541399717331,0.0,0.0012880248250439763,,0.02132318913936615,0.0,0.004850889090448618,0.0,,0.0,0.007785265799611807,0.0,0.0,0.0,0.0,0.0061191171407699585,0.0,0.0,0.0,,0.015078713186085224,0.0,0.0,,,,0.006918592378497124,0.002163069089874625,,0.0,0.0,0.0,0.0,,0.0,,0.0,0.0,0.013318006880581379,0.0,0.0,0.0,,,,0.0,0.01897398941218853,0.0,0.0,0.0,,0.0,0.008289680816233158,0.007186546456068754,0.0,,0.0,0.015495573170483112,0.0,0.0,0.0,,0.002988440217450261,0.0071138362400233746,0.006663523148745298,0.0,,0.0029522741679102182,0.007444577291607857,0.00870683416724205,0.0,0.015951599925756454,0.0,,0.0,0.0,0.0,0.0,0.0,0.0,,0.0,,0.005740217864513397,0.007723913062363863,0.0016765532782301307,0.0,0.0,0.0,0.0,,0.0,0.011521018110215664,0.0028374833054840565,,,0.0,0.0,0.0,0.0,0.0,0.0,0.0,0.0,0.0,,0.0,0.0,0.0014217449352145195,,0.0,0.0,0.0,0.015036061406135559,0.0,0.0,0.0,,,0.0,0.002523822244256735,0.0,0.0,0.0,,0.012212172150611877,,0.010441260412335396,0.0,,0.0,0.0001980172237381339,0.0,0.0,,,0.0,0.009777898900210857,,0.011562291532754898,0.0,,,0.0,0.021612513810396194,0.0,0.0,0.0,0.0,0.0,,,0.0,0.0,0.0,0.0,0.0,,,0.0,0.0,0.0,,0.0,0.0,,0.0,0.0,0.010721533559262753,,0.0,0.0,0.0,0.0,,0.0,0.0,,0.0,0.0,0.0,0.000222572882194072,0.004138255026191473,0.0,0.0,0.0,0.0,0.0,0.0,0.0,0.0,,0.01636638306081295,,0.0,0.013081780634820461,0.00596213573589921,0.0,0.0,0.0,0.00783260352909565,0.013072560541331768,0.0,0.01504174992442131,0.0,,0.0,,0.0,0.007702955510467291,0.0,,0.0,0.0,0.0,0.0064319828525185585,0.0,0.0,0.0,0.0,0.006455377209931612,0.002276746090501547,0.0,,,0.0,0.0,0.0,,,,0.0,0.0,,0.0,,0.0,,0.0,,,0.0,,,,,0.0,,0.0,0.009475049562752247,0.0,,0.0,0.0,0.0006172159337438643,,0.011276694014668465,0.0,,0.0,0.008886725641787052,0.0,,,0.0,,0.01935204491019249,0.0,0.0,,0.0,0.0019069688860327005,,,,0.0,0.0,0.0,0.0,0.0,7.387471123365685e-05,,,,0.007764055393636227,0.0,,0.0,,0.0,0.0,0.0,0.0,,,0.0,0.0,,,0.0,,0.0,,0.0,0.0,0.0,0.0,0.0,0.0,0.0,,0.0,0.010640541091561317,0.0,0.0,0.0,,,0.0,0.0,0.0,0.0,0.004161264281719923,0.0073729087598621845,,,,0.007771022617816925,0.0,0.0,0.0,,,0.008342444896697998,0.0,0.0,,0.0,,,,,0.0,0.013751369901001453,0.0,,0.0,,,0.0,,0.006028351373970509,0.0,0.0,0.0,,0.006963010877370834,0.0,,0.0,0.0,0.0,0.0,0.0,,0.0025301980786025524,0.0,0.0,,0.0,0.0,0.0,0.0,0.0,0.0,0.0,,0.0009805925656110048,0.0,0.0,0.007419695612043142,0.0,0.0,0.0,,0.0,0.0,0.0,0.010489208623766899,0.0,0.0,0.0,0.0,0.0,0.0,0.00028485566144809127,0.0,0.0,0.0,,0.0,0.0,0.0,0.0,0.0,0.0,0.0,0.0,0.0,0.004446286242455244,0.0,0.0,0.0,,0.0,0.006903916597366333,,0.0032303640618920326,0.0,0.0,0.0,0.0,0.0,0.007855664007365704,0.0,0.0,0.0,0.011428353376686573,0.0,0.014265907928347588,0.0,0.0,0.0,0.0,0.0,0.0,0.0,0.0,0.0,0.0,0.0,0.0,0.0071387211792171,0.0,0.0,0.0,0.010663309134542942,0.009583434090018272,0.0,0.00991410668939352,0.0,0.0,0.0,0.019269602373242378,0.0,0.0,0.0,0.0,0.0,0.0,0.0,0.0,0.004451911896467209,0.0,0.0,0.0,0.0,0.0,0.015617968514561653,0.0,0.008543897420167923,0.0,0.0,0.017431413754820824,0.0,0.0,0.0,0.0,0.0,0.011158911511301994,0.0,0.006921166554093361,0.0,0.013884417712688446,0.0,0.0,0.0,0.0,0.0,0.017269155010581017,0.0,0.00583390099927783,0.0,0.0,,,,,,,,,,,,,,,,,,,,,,,,,,,,,,,,,,,,,,,,,,,,,,,,,,,,,,,,,,,,,,,,,,,,,,,,,,,,,,,,,,,,,,,,,,,,,,,,,,,,,,,,,,,,,,,,,,,,,,,,,,,,,,
2020-07-30,792279.7620778605,55.624032862874934,,,,,,,,,,,76494.84123570709,,1039061.7711000025,,,,,,,,,,,,,,,,,,,,,,,,,,,,,,,,,,,,,,,,,,,914.3831781868814,,,,,,,,,,,,,,,,,,,,,,8082.355360427157,10447.723755701898,3085.4582458563664,7421.928217099368,9720.440131482368,83684.17859363671,24347.38082168015,5879.527674570419,32566.766205386,,,,,,,,,,,,,,,,,,,,,,,,,,,,,,,,,,,,0.007672586012631655,0.0,0.0,0.01092440728098154,0.0,0.0,0.0,0.0,0.0,0.0,0.0,0.0,0.0,0.0,0.0,0.0,,0.0,,0.0,,0.0,0.0,0.0,0.010507198981940746,0.0,,0.0,0.0,0.010712611488997936,0.0,0.012846814468502998,0.0,,0.0,,,,0.0,0.0,0.0,,0.0,0.0,0.0012285824632272124,0.009027548134326935,0.0,,,0.0,,0.0,0.0,0.0,0.0,0.0,0.0,0.0,0.0,0.006439491640776396,0.015234255231916904,0.0,0.0,0.0,,0.011381476186215878,0.0,0.0,0.0,0.015055594965815544,,0.0005889178719371557,0.0,,0.0,0.0,0.0,0.0,,0.0,0.0,0.0,,0.0,,0.0,0.0,,0.0,,0.0,0.0,0.0030229962430894375,0.01743323914706707,0.0,0.012673601508140564,0.0,0.016194811090826988,0.0,,,0.009300514124333858,0.0,,,,,0.0,0.0,0.0,0.0,0.0,0.0,0.0,0.0,0.0,,0.012146583758294582,0.0019998527131974697,0.0,,0.019029388204216957,0.0,0.0015352413756772876,0.0,0.0,0.0,,0.002669151872396469,,0.014855947345495224,0.0,0.0,0.01175154373049736,,0.0,0.0,,0.0,0.0,0.0,0.0,0.0,0.0001421356719220057,0.0011042432161048055,0.0,0.0,0.0046468619257211685,0.003770541399717331,0.0,0.0012880248250439763,,0.02132318913936615,0.0,0.004850889090448618,0.0,,0.0,0.007785265799611807,0.0,0.0,0.0,0.0,0.0061191171407699585,0.0,0.0,0.0,,0.015078713186085224,0.0,0.0,,,,0.006918592378497124,0.002163069089874625,,0.0,0.0,0.0,0.0,,0.0,,0.0,0.0,0.013318006880581379,0.0,0.0,0.0,,,,0.0,0.01897398941218853,0.0,0.0,0.0,,0.0,0.008289680816233158,0.007186546456068754,0.0,,0.0,0.015495573170483112,0.0,0.0,0.0,,0.002988440217450261,0.0071138362400233746,0.006663523148745298,0.0,,0.0029522741679102182,0.007444577291607857,0.00870683416724205,0.0,0.015951599925756454,0.0,,0.0,0.0,0.0,0.0,0.0,0.0,,0.0,,0.005740217864513397,0.007723913062363863,0.0016765532782301307,0.0,0.0,0.0,0.0,,0.0,0.011521018110215664,0.0028374833054840565,,,0.0,0.0,0.0,0.0,0.0,0.0,0.0,0.0,0.0,,0.0,0.0,0.0014217449352145195,,0.0,0.0,0.0,0.015036061406135559,0.0,0.0,0.0,,,0.0,0.002523822244256735,0.0,0.0,0.0,,0.012212172150611877,,0.010441260412335396,0.0,,0.0,0.0001980172237381339,0.0,0.0,,,0.0,0.009777898900210857,,0.011562291532754898,0.0,,,0.0,0.021612513810396194,0.0,0.0,0.0,0.0,0.0,,,0.0,0.0,0.0,0.0,0.0,,,0.0,0.0,0.0,,0.0,0.0,,0.0,0.0,0.010721533559262753,,0.0,0.0,0.0,0.0,,0.0,0.0,,0.0,0.0,0.0,0.000222572882194072,0.004138255026191473,0.0,0.0,0.0,0.0,0.0,0.0,0.0,0.0,,0.01636638306081295,,0.0,0.013081780634820461,0.00596213573589921,0.0,0.0,0.0,0.00783260352909565,0.013072560541331768,0.0,0.01504174992442131,0.0,,0.0,,0.0,0.007702955510467291,0.0,,0.0,0.0,0.0,0.0064319828525185585,0.0,0.0,0.0,0.0,0.006455377209931612,0.002276746090501547,0.0,,,0.0,0.0,0.0,,,,0.0,0.0,,0.0,,0.0,,0.0,,,0.0,,,,,0.0,,0.0,0.009475049562752247,0.0,,0.0,0.0,0.0006172159337438643,,0.011276694014668465,0.0,,0.0,0.008886725641787052,0.0,,,0.0,,0.01935204491019249,0.0,0.0,,0.0,0.0019069688860327005,,,,0.0,0.0,0.0,0.0,0.0,7.387471123365685e-05,,,,0.007764055393636227,0.0,,0.0,,0.0,0.0,0.0,0.0,,,0.0,0.0,,,0.0,,0.0,,0.0,0.0,0.0,0.0,0.0,0.0,0.0,,0.0,0.010640541091561317,0.0,0.0,0.0,,,0.0,0.0,0.0,0.0,0.004161264281719923,0.0073729087598621845,,,,0.007771022617816925,0.0,0.0,0.0,,,0.008342444896697998,0.0,0.0,,0.0,,,,,0.0,0.013751369901001453,0.0,,0.0,,,0.0,,0.006028351373970509,0.0,0.0,0.0,,0.006963010877370834,0.0,,0.0,0.0,0.0,0.0,0.0,,0.0025301980786025524,0.0,0.0,,0.0,0.0,0.0,0.0,0.0,0.0,0.0,,0.0009805925656110048,0.0,0.0,0.007419695612043142,0.0,0.0,0.0,,0.0,0.0,0.0,0.010489208623766899,0.0,0.0,0.0,0.0,0.0,0.0,0.00028485566144809127,0.0,0.0,0.0,,0.0,0.0,0.0,0.0,0.0,0.0,0.0,0.0,0.0,0.004446286242455244,0.0,0.0,0.0,,0.0,0.006903916597366333,,0.0032303640618920326,0.0,0.0,0.0,0.0,0.0,0.007855664007365704,0.0,0.0,0.0,0.011428353376686573,0.0,0.014265907928347588,0.0,0.0,0.0,0.0,0.0,0.0,0.0,0.0,0.0,0.0,0.0,0.0,0.0071387211792171,0.0,0.0,0.0,0.010663309134542942,0.009583434090018272,0.0,0.00991410668939352,0.0,0.0,0.0,0.019269602373242378,0.0,0.0,0.0,0.0,0.0,0.0,0.0,0.0,0.004451911896467209,0.0,0.0,0.0,0.0,0.0,0.015617968514561653,0.0,0.008543897420167923,0.0,0.0,0.017431413754820824,0.0,0.0,0.0,0.0,0.0,0.011158911511301994,0.0,0.006921166554093361,0.0,0.013884417712688446,0.0,0.0,0.0,0.0,0.0,0.017269155010581017,0.0,0.00583390099927783,0.0,0.0,,,,,,,,,,,,,,,,,,,,,,,,,,,,,,,,,,,,,,,,,,,,,,,,,,,,,,,,,,,,,,,,,,,,,,,,,,,,,,,,,,,,,,,,,,,,,,,,,,,,,,,,,,,,,,,,,,,,,,,,,,,,,,
2020-07-31,795753.1019575875,53.69467416322538,,,,,,,,,,,76494.84123570709,,1039061.7711000025,,,,,,,,,,,,,,,,,,,,,,,,,,,,,,,,,,,,,,,,,,,914.3831781868814,,,,,,,,,,,,,,,,,,,,,,8082.355360427157,10447.723755701898,3085.5200106838333,7421.928217099368,9720.48377860474,83684.17859363671,24347.38082168015,5879.527674570419,32566.766205386,,,,,,,,,,,,,,,,,,,,,,,,,,,,,,,,,,,,0.007672586012631655,0.0,0.0,0.01092440728098154,0.0,0.0,0.0,0.0,0.0,0.0,0.0,0.0,0.0,0.0,0.0,0.0,,0.0,,0.0,,0.0,0.0,0.0,0.010507198981940746,0.0,,0.0,0.0,0.010712611488997936,0.0,0.012846814468502998,0.0,,0.0,,,,0.0,0.0,0.0,,0.0,0.0,0.0012285824632272124,0.009027548134326935,0.0,,,0.0,,0.0,0.0,0.0,0.0,0.0,0.0,0.0,0.0,0.006439491640776396,0.015234255231916904,0.0,0.0,0.0,,0.011381476186215878,0.0,0.0,0.0,0.015055594965815544,,0.0005889178719371557,0.0,,0.0,0.0,0.0,0.0,,0.0,0.0,0.0,,0.0,,0.0,0.0,,0.0,,0.0,0.0,0.0030229962430894375,0.01743323914706707,0.0,0.012673601508140564,0.0,0.016194811090826988,0.0,,,0.009300514124333858,0.0,,,,,0.0,0.0,0.0,0.0,0.0,0.0,0.0,0.0,0.0,,0.012146583758294582,0.0019998527131974697,0.0,,0.019029388204216957,0.0,0.0015352413756772876,0.0,0.0,0.0,,0.002669151872396469,,0.014855947345495224,0.0,0.0,0.01175154373049736,,0.0,0.0,,0.0,0.0,0.0,0.0,0.0,0.0001421356719220057,0.0011042432161048055,0.0,0.0,0.0046468619257211685,0.003770541399717331,0.0,0.0012880248250439763,,0.02132318913936615,0.0,0.004850889090448618,0.0,,0.0,0.007785265799611807,0.0,0.0,0.0,0.0,0.0061191171407699585,0.0,0.0,0.0,,0.015078713186085224,0.0,0.0,,,,0.006918592378497124,0.002163069089874625,,0.0,0.0,0.0,0.0,,0.0,,0.0,0.0,0.013318006880581379,0.0,0.0,0.0,,,,0.0,0.01897398941218853,0.0,0.0,0.0,,0.0,0.008289680816233158,0.007186546456068754,0.0,,0.0,0.015495573170483112,0.0,0.0,0.0,,0.002988440217450261,0.0071138362400233746,0.006663523148745298,0.0,,0.0029522741679102182,0.007444577291607857,0.00870683416724205,0.0,0.015951599925756454,0.0,,0.0,0.0,0.0,0.0,0.0,0.0,,0.0,,0.005740217864513397,0.007723913062363863,0.0016765532782301307,0.0,0.0,0.0,0.0,,0.0,0.011521018110215664,0.0028374833054840565,,,0.0,0.0,0.0,0.0,0.0,0.0,0.0,0.0,0.0,,0.0,0.0,0.0014217449352145195,,0.0,0.0,0.0,0.015036061406135559,0.0,0.0,0.0,,,0.0,0.002523822244256735,0.0,0.0,0.0,,0.012212172150611877,,0.010441260412335396,0.0,,0.0,0.0001980172237381339,0.0,0.0,,,0.0,0.009777898900210857,,0.011562291532754898,0.0,,,0.0,0.021612513810396194,0.0,0.0,0.0,0.0,0.0,,,0.0,0.0,0.0,0.0,0.0,,,0.0,0.0,0.0,,0.0,0.0,,0.0,0.0,0.010721533559262753,,0.0,0.0,0.0,0.0,,0.0,0.0,,0.0,0.0,0.0,0.000222572882194072,0.004138255026191473,0.0,0.0,0.0,0.0,0.0,0.0,0.0,0.0,,0.01636638306081295,,0.0,0.013081780634820461,0.00596213573589921,0.0,0.0,0.0,0.00783260352909565,0.013072560541331768,0.0,0.01504174992442131,0.0,,0.0,,0.0,0.007702955510467291,0.0,,0.0,0.0,0.0,0.0064319828525185585,0.0,0.0,0.0,0.0,0.006455377209931612,0.002276746090501547,0.0,,,0.0,0.0,0.0,,,,0.0,0.0,,0.0,,0.0,,0.0,,,0.0,,,,,0.0,,0.0,0.009475049562752247,0.0,,0.0,0.0,0.0006172159337438643,,0.011276694014668465,0.0,,0.0,0.008886725641787052,0.0,,,0.0,,0.01935204491019249,0.0,0.0,,0.0,0.0019069688860327005,,,,0.0,0.0,0.0,0.0,0.0,7.387471123365685e-05,,,,0.007764055393636227,0.0,,0.0,,0.0,0.0,0.0,0.0,,,0.0,0.0,,,0.0,,0.0,,0.0,0.0,0.0,0.0,0.0,0.0,0.0,,0.0,0.010640541091561317,0.0,0.0,0.0,,,0.0,0.0,0.0,0.0,0.004161264281719923,0.0073729087598621845,,,,0.007771022617816925,0.0,0.0,0.0,,,0.008342444896697998,0.0,0.0,,0.0,,,,,0.0,0.013751369901001453,0.0,,0.0,,,0.0,,0.006028351373970509,0.0,0.0,0.0,,0.006963010877370834,0.0,,0.0,0.0,0.0,0.0,0.0,,0.0025301980786025524,0.0,0.0,,0.0,0.0,0.0,0.0,0.0,0.0,0.0,,0.0009805925656110048,0.0,0.0,0.007419695612043142,0.0,0.0,0.0,,0.0,0.0,0.0,0.010489208623766899,0.0,0.0,0.0,0.0,0.0,0.0,0.00028485566144809127,0.0,0.0,0.0,,0.0,0.0,0.0,0.0,0.0,0.0,0.0,0.0,0.0,0.004446286242455244,0.0,0.0,0.0,,0.0,0.006903916597366333,,0.0032303640618920326,0.0,0.0,0.0,0.0,0.0,0.007855664007365704,0.0,0.0,0.0,0.011428353376686573,0.0,0.014265907928347588,0.0,0.0,0.0,0.0,0.0,0.0,0.0,0.0,0.0,0.0,0.0,0.0,0.0071387211792171,0.0,0.0,0.0,0.010663309134542942,0.009583434090018272,0.0,0.00991410668939352,0.0,0.0,0.0,0.019269602373242378,0.0,0.0,0.0,0.0,0.0,0.0,0.0,0.0,0.004451911896467209,0.0,0.0,0.0,0.0,0.0,0.015617968514561653,0.0,0.008543897420167923,0.0,0.0,0.017431413754820824,0.0,0.0,0.0,0.0,0.0,0.011158911511301994,0.0,0.006921166554093361,0.0,0.013884417712688446,0.0,0.0,0.0,0.0,0.0,0.017269155010581017,0.0,0.00583390099927783,0.0,0.0,,,,,,,,,,,,,,,,,,,,,,,,,,,,,,,,,,,,,,,,,,,,,,,,,,,,,,,,,,,,,,,,,,,,,,,,,,,,,,,,,,,,,,,,,,,,,,,,,,,,,,,,,,,,,,,,,,,,,,,,,,,,,,
2020-08-03,824525.1227325959,47.12284717986258,,,,,,,,,,,76494.84123570709,,1039061.7711000025,,,,,,,,,,,,,,,,,,,,,,,,,,,,,,,,,,,,,,,,,,,914.3831781868814,,,,,,,,,,,,,,,,,,,,,,8082.355360427157,10447.723755701898,3085.4818165941556,7421.928217099368,9720.904078213536,83684.17859363671,24347.38082168015,5879.527674570419,32568.482946604046,,,,,,,,,,,,,,,,,,,,,,,,,,,,,,,,,,,,0.007672586012631655,0.0,0.0,0.01092440728098154,0.0,0.0,0.0,0.0,0.0,0.0,0.0,0.0,0.0,0.0,0.0,0.0,,0.0,,0.0,,0.0,0.0,0.0,0.010507198981940746,0.0,,0.0,0.0,0.010712611488997936,0.0,0.012846814468502998,0.0,,0.0,,,,0.0,0.0,0.0,,0.0,0.0,0.0012285824632272124,0.009027548134326935,0.0,,,0.0,,0.0,0.0,0.0,0.0,0.0,0.0,0.0,0.0,0.006439491640776396,0.015234255231916904,0.0,0.0,0.0,,0.011381476186215878,0.0,0.0,0.0,0.015055594965815544,,0.0005889178719371557,0.0,,0.0,0.0,0.0,0.0,,0.0,0.0,0.0,,0.0,,0.0,0.0,,0.0,,0.0,0.0,0.0030229962430894375,0.01743323914706707,0.0,0.012673601508140564,0.0,0.016194811090826988,0.0,,,0.009300514124333858,0.0,,,,,0.0,0.0,0.0,0.0,0.0,0.0,0.0,0.0,0.0,,0.012146583758294582,0.0019998527131974697,0.0,,0.019029388204216957,0.0,0.0015352413756772876,0.0,0.0,0.0,,0.002669151872396469,,0.014855947345495224,0.0,0.0,0.01175154373049736,,0.0,0.0,,0.0,0.0,0.0,0.0,0.0,0.0001421356719220057,0.0011042432161048055,0.0,0.0,0.0046468619257211685,0.003770541399717331,0.0,0.0012880248250439763,,0.02132318913936615,0.0,0.004850889090448618,0.0,,0.0,0.007785265799611807,0.0,0.0,0.0,0.0,0.0061191171407699585,0.0,0.0,0.0,,0.015078713186085224,0.0,0.0,,,,0.006918592378497124,0.002163069089874625,,0.0,0.0,0.0,0.0,,0.0,,0.0,0.0,0.013318006880581379,0.0,0.0,0.0,,,,0.0,0.01897398941218853,0.0,0.0,0.0,,0.0,0.008289680816233158,0.007186546456068754,0.0,,0.0,0.015495573170483112,0.0,0.0,0.0,,0.002988440217450261,0.0071138362400233746,0.006663523148745298,0.0,,0.0029522741679102182,0.007444577291607857,0.00870683416724205,0.0,0.015951599925756454,0.0,,0.0,0.0,0.0,0.0,0.0,0.0,,0.0,,0.005740217864513397,0.007723913062363863,0.0016765532782301307,0.0,0.0,0.0,0.0,,0.0,0.011521018110215664,0.0028374833054840565,,,0.0,0.0,0.0,0.0,0.0,0.0,0.0,0.0,0.0,,0.0,0.0,0.0014217449352145195,,0.0,0.0,0.0,0.015036061406135559,0.0,0.0,0.0,,,0.0,0.002523822244256735,0.0,0.0,0.0,,0.012212172150611877,,0.010441260412335396,0.0,,0.0,0.0001980172237381339,0.0,0.0,,,0.0,0.009777898900210857,,0.011562291532754898,0.0,,,0.0,0.021612513810396194,0.0,0.0,0.0,0.0,0.0,,,0.0,0.0,0.0,0.0,0.0,,,0.0,0.0,0.0,,0.0,0.0,,0.0,0.0,0.010721533559262753,,0.0,0.0,0.0,0.0,,0.0,0.0,,0.0,0.0,0.0,0.000222572882194072,0.004138255026191473,0.0,0.0,0.0,0.0,0.0,0.0,0.0,0.0,,0.01636638306081295,,0.0,0.013081780634820461,0.00596213573589921,0.0,0.0,0.0,0.00783260352909565,0.013072560541331768,0.0,0.01504174992442131,0.0,,0.0,,0.0,0.007702955510467291,0.0,,0.0,0.0,0.0,0.0064319828525185585,0.0,0.0,0.0,0.0,0.006455377209931612,0.002276746090501547,0.0,,,0.0,0.0,0.0,,,,0.0,0.0,,0.0,,0.0,,0.0,,,0.0,,,,,0.0,,0.0,0.009475049562752247,0.0,,0.0,0.0,0.0006172159337438643,,0.011276694014668465,0.0,,0.0,0.008886725641787052,0.0,,,0.0,,0.01935204491019249,0.0,0.0,,0.0,0.0019069688860327005,,,,0.0,0.0,0.0,0.0,0.0,7.387471123365685e-05,,,,0.007764055393636227,0.0,,0.0,,0.0,0.0,0.0,0.0,,,0.0,0.0,,,0.0,,0.0,,0.0,0.0,0.0,0.0,0.0,0.0,0.0,,0.0,0.010640541091561317,0.0,0.0,0.0,,,0.0,0.0,0.0,0.0,0.004161264281719923,0.0073729087598621845,,,,0.007771022617816925,0.0,0.0,0.0,,,0.008342444896697998,0.0,0.0,,0.0,,,,,0.0,0.013751369901001453,0.0,,0.0,,,0.0,,0.006028351373970509,0.0,0.0,0.0,,0.006963010877370834,0.0,,0.0,0.0,0.0,0.0,0.0,,0.0025301980786025524,0.0,0.0,,0.0,0.0,0.0,0.0,0.0,0.0,0.0,,0.0009805925656110048,0.0,0.0,0.007419695612043142,0.0,0.0,0.0,,0.0,0.0,0.0,0.010489208623766899,0.0,0.0,0.0,0.0,0.0,0.0,0.00028485566144809127,0.0,0.0,0.0,,0.0,0.0,0.0,0.0,0.0,0.0,0.0,0.0,0.0,0.004446286242455244,0.0,0.0,0.0,,0.0,0.006903916597366333,,0.0032303640618920326,0.0,0.0,0.0,0.0,0.0,0.007855664007365704,0.0,0.0,0.0,0.011428353376686573,0.0,0.014265907928347588,0.0,0.0,0.0,0.0,0.0,0.0,0.0,0.0,0.0,0.0,0.0,0.0,0.0071387211792171,0.0,0.0,0.0,0.010663309134542942,0.009583434090018272,0.0,0.00991410668939352,0.0,0.0,0.0,0.019269602373242378,0.0,0.0,0.0,0.0,0.0,0.0,0.0,0.0,0.004451911896467209,0.0,0.0,0.0,0.0,0.0,0.015617968514561653,0.0,0.008543897420167923,0.0,0.0,0.017431413754820824,0.0,0.0,0.0,0.0,0.0,0.011158911511301994,0.0,0.006921166554093361,0.0,0.013884417712688446,0.0,0.0,0.0,0.0,0.0,0.017269155010581017,0.0,0.00583390099927783,0.0,0.0,,,,,,,,,,,,,,,,,,,,,,,,,,,,,,,,,,,,,,,,,,,,,,,,,,,,,,,,,,,,,,,,,,,,,,,,,,,,,,,,,,,,,,,,,,,,,,,,,,,,,,,,,,,,,,,,,,,,,,,,,,,,,,
2020-08-04,815338.8780939612,160.61799367165608,,,,,,,,,,,76494.84123570709,,1039061.7711000025,,,,,,,,,,,,,,,,,,,,,,,,,,,,,,,,,,,,,,,,,,,914.3831781868814,,,,,,,,,,,,,,,,,,,,,,8082.355360427157,10447.723755701898,3085.4519167381077,7421.928217099368,9720.721732713579,81016.00153318528,24571.063848780377,6014.59571191468,32568.646455207334,,,,,,,,,,,,,,,,,,,,,,,,,,,,,,,,,,,,0.007672586012631655,0.0,0.0,0.01092440728098154,0.0,0.0,0.0,0.0,0.0,0.0,0.0,0.0,0.0,0.0,0.0,0.0,,0.0,,0.0,,0.0,0.0,0.0,0.010507198981940746,0.0,,0.0,0.0,0.010712611488997936,0.0,0.012846814468502998,0.0,,0.0,,,,0.0,0.0,0.0,,0.0,0.0,0.0012285824632272124,0.009027548134326935,0.0,,,0.0,,0.0,0.0,0.0,0.0,0.0,0.0,0.0,0.0,0.006439491640776396,0.015234255231916904,0.0,0.0,0.0,,0.011381476186215878,0.0,0.0,0.0,0.015055594965815544,,0.0005889178719371557,0.0,,0.0,0.0,0.0,0.0,,0.0,0.0,0.0,,0.0,,0.0,0.0,,0.0,,0.0,0.0,0.0030229962430894375,0.01743323914706707,0.0,0.012673601508140564,0.0,0.016194811090826988,0.0,,,0.009300514124333858,0.0,,,,,0.0,0.0,0.0,0.0,0.0,0.0,0.0,0.0,0.0,,0.012146583758294582,0.0019998527131974697,0.0,,0.019029388204216957,0.0,0.0015352413756772876,0.0,0.0,0.0,,0.002669151872396469,,0.014855947345495224,0.0,0.0,0.01175154373049736,,0.0,0.0,,0.0,0.0,0.0,0.0,0.0,0.0001421356719220057,0.0011042432161048055,0.0,0.0,0.0046468619257211685,0.003770541399717331,0.0,0.0012880248250439763,,0.02132318913936615,0.0,0.004850889090448618,0.0,,0.0,0.007785265799611807,0.0,0.0,0.0,0.0,0.0061191171407699585,0.0,0.0,0.0,,0.015078713186085224,0.0,0.0,,,,0.006918592378497124,0.002163069089874625,,0.0,0.0,0.0,0.0,,0.0,,0.0,0.0,0.013318006880581379,0.0,0.0,0.0,,,,0.0,0.01897398941218853,0.0,0.0,0.0,,0.0,0.008289680816233158,0.007186546456068754,0.0,,0.0,0.015495573170483112,0.0,0.0,0.0,,0.002988440217450261,0.0071138362400233746,0.006663523148745298,0.0,,0.0029522741679102182,0.007444577291607857,0.00870683416724205,0.0,0.015951599925756454,0.0,,0.0,0.0,0.0,0.0,0.0,0.0,,0.0,,0.005740217864513397,0.007723913062363863,0.0016765532782301307,0.0,0.0,0.0,0.0,,0.0,0.011521018110215664,0.0028374833054840565,,,0.0,0.0,0.0,0.0,0.0,0.0,0.0,0.0,0.0,,0.0,0.0,0.0014217449352145195,,0.0,0.0,0.0,0.015036061406135559,0.0,0.0,0.0,,,0.0,0.002523822244256735,0.0,0.0,0.0,,0.012212172150611877,,0.010441260412335396,0.0,,0.0,0.0001980172237381339,0.0,0.0,,,0.0,0.009777898900210857,,0.011562291532754898,0.0,,,0.0,0.021612513810396194,0.0,0.0,0.0,0.0,0.0,,,0.0,0.0,0.0,0.0,0.0,,,0.0,0.0,0.0,,0.0,0.0,,0.0,0.0,0.010721533559262753,,0.0,0.0,0.0,0.0,,0.0,0.0,,0.0,0.0,0.0,0.000222572882194072,0.004138255026191473,0.0,0.0,0.0,0.0,0.0,0.0,0.0,0.0,,0.01636638306081295,,0.0,0.013081780634820461,0.00596213573589921,0.0,0.0,0.0,0.00783260352909565,0.013072560541331768,0.0,0.01504174992442131,0.0,,0.0,,0.0,0.007702955510467291,0.0,,0.0,0.0,0.0,0.0064319828525185585,0.0,0.0,0.0,0.0,0.006455377209931612,0.002276746090501547,0.0,,,0.0,0.0,0.0,,,,0.0,0.0,,0.0,,0.0,,0.0,,,0.0,,,,,0.0,,0.0,0.009475049562752247,0.0,,0.0,0.0,0.0006172159337438643,,0.011276694014668465,0.0,,0.0,0.008886725641787052,0.0,,,0.0,,0.01935204491019249,0.0,0.0,,0.0,0.0019069688860327005,,,,0.0,0.0,0.0,0.0,0.0,7.387471123365685e-05,,,,0.007764055393636227,0.0,,0.0,,0.0,0.0,0.0,0.0,,,0.0,0.0,,,0.0,,0.0,,0.0,0.0,0.0,0.0,0.0,0.0,0.0,,0.0,0.010640541091561317,0.0,0.0,0.0,,,0.0,0.0,0.0,0.0,0.004161264281719923,0.0073729087598621845,,,,0.007771022617816925,0.0,0.0,0.0,,,0.008342444896697998,0.0,0.0,,0.0,,,,,0.0,0.013751369901001453,0.0,,0.0,,,0.0,,0.006028351373970509,0.0,0.0,0.0,,0.006963010877370834,0.0,,0.0,0.0,0.0,0.0,0.0,,0.0025301980786025524,0.0,0.0,,0.0,0.0,0.0,0.0,0.0,0.0,0.0,,0.0009805925656110048,0.0,0.0,0.007419695612043142,0.0,0.0,0.0,,0.0,0.0,0.0,0.010489208623766899,0.0,0.0,0.0,0.0,0.0,0.0,0.00028485566144809127,0.0,0.0,0.0,,0.0,0.0,0.0,0.0,0.0,0.0,0.0,0.0,0.0,0.004446286242455244,0.0,0.0,0.0,,0.0,0.006903916597366333,,0.0032303640618920326,0.0,0.0,0.0,0.0,0.0,0.007855664007365704,0.0,0.0,0.0,0.011428353376686573,0.0,0.014265907928347588,0.0,0.0,0.0,0.0,0.0,0.0,0.0,0.0,0.0,0.0,0.0,0.0,0.0071387211792171,0.0,0.0,0.0,0.010663309134542942,0.009583434090018272,0.0,0.00991410668939352,0.0,0.0,0.0,0.019269602373242378,0.0,0.0,0.0,0.0,0.0,0.0,0.0,0.0,0.004451911896467209,0.0,0.0,0.0,0.0,0.0,0.015617968514561653,0.0,0.008543897420167923,0.0,0.0,0.017431413754820824,0.0,0.0,0.0,0.0,0.0,0.011158911511301994,0.0,0.006921166554093361,0.0,0.013884417712688446,0.0,0.0,0.0,0.0,0.0,0.017269155010581017,0.0,0.00583390099927783,0.0,0.0,,,,,,,,,,,,,,,,,,,,,,,,,,,,,,,,,,,,,,,,,,,,,,,,,,,,,,,,,,,,,,,,,,,,,,,,,,,,,,,,,,,,,,,,,,,,,,,,,,,,,,,,,,,,,,,,,,,,,,,,,,,,,,
2020-08-05,820328.4743584767,341.17009090539705,,,,,,,,,,,76494.84123570709,,1039061.7711000025,,,,,,,,,,,,,,,,,,,,,,,,,,,,,,,,,,,,,,,,,,,1117.5829551387253,,,,,,,,,,,,,,,,,,,,,,8082.355360427157,10447.723755701898,3085.4519167381077,7421.928217099368,9720.485186582953,81016.00153318528,24392.27563320524,6014.600072811367,31444.937160268677,,,,,,,,,,,,,,,,,,,,,,,,,,,,,,,,,,,,0.007672586012631655,0.0,0.0,0.01092440728098154,0.0,0.0,0.0,0.0,0.0,0.0,0.0,0.0,0.0,0.0,0.0,0.0,,0.0,,0.0,,0.0,0.0,0.0,0.010507198981940746,0.0,,0.0,0.0,0.010712611488997936,0.0,0.012846814468502998,0.0,,0.0,,,,0.0,0.0,0.0,,0.0,0.0,0.0012285824632272124,0.009027548134326935,0.0,,,0.0,,0.0,0.0,0.0,0.0,0.0,0.0,0.0,0.0,0.006439491640776396,0.015234255231916904,0.0,0.0,0.0,,0.011381476186215878,0.0,0.0,0.0,0.015055594965815544,,0.0005889178719371557,0.0,,0.0,0.0,0.0,0.0,,0.0,0.0,0.0,,0.0,,0.0,0.0,,0.0,,0.0,0.0,0.0030229962430894375,0.01743323914706707,0.0,0.012673601508140564,0.0,0.016194811090826988,0.0,,,0.009300514124333858,0.0,,,,,0.0,0.0,0.0,0.0,0.0,0.0,0.0,0.0,0.0,,0.012146583758294582,0.0019998527131974697,0.0,,0.019029388204216957,0.0,0.0015352413756772876,0.0,0.0,0.0,,0.002669151872396469,,0.014855947345495224,0.0,0.0,0.01175154373049736,,0.0,0.0,,0.0,0.0,0.0,0.0,0.0,0.0001421356719220057,0.0011042432161048055,0.0,0.0,0.0046468619257211685,0.003770541399717331,0.0,0.0012880248250439763,,0.02132318913936615,0.0,0.004850889090448618,0.0,,0.0,0.007785265799611807,0.0,0.0,0.0,0.0,0.0061191171407699585,0.0,0.0,0.0,,0.015078713186085224,0.0,0.0,,,,0.006918592378497124,0.002163069089874625,,0.0,0.0,0.0,0.0,,0.0,,0.0,0.0,0.013318006880581379,0.0,0.0,0.0,,,,0.0,0.01897398941218853,0.0,0.0,0.0,,0.0,0.008289680816233158,0.007186546456068754,0.0,,0.0,0.015495573170483112,0.0,0.0,0.0,,0.002988440217450261,0.0071138362400233746,0.006663523148745298,0.0,,0.0029522741679102182,0.007444577291607857,0.00870683416724205,0.0,0.015951599925756454,0.0,,0.0,0.0,0.0,0.0,0.0,0.0,,0.0,,0.005740217864513397,0.007723913062363863,0.0016765532782301307,0.0,0.0,0.0,0.0,,0.0,0.011521018110215664,0.0028374833054840565,,,0.0,0.0,0.0,0.0,0.0,0.0,0.0,0.0,0.0,,0.0,0.0,0.0014217449352145195,,0.0,0.0,0.0,0.015036061406135559,0.0,0.0,0.0,,,0.0,0.002523822244256735,0.0,0.0,0.0,,0.012212172150611877,,0.010441260412335396,0.0,,0.0,0.0001980172237381339,0.0,0.0,,,0.0,0.009777898900210857,,0.011562291532754898,0.0,,,0.0,0.021612513810396194,0.0,0.0,0.0,0.0,0.0,,,0.0,0.0,0.0,0.0,0.0,,,0.0,0.0,0.0,,0.0,0.0,,0.0,0.0,0.010721533559262753,,0.0,0.0,0.0,0.0,,0.0,0.0,,0.0,0.0,0.0,0.000222572882194072,0.004138255026191473,0.0,0.0,0.0,0.0,0.0,0.0,0.0,0.0,,0.01636638306081295,,0.0,0.013081780634820461,0.00596213573589921,0.0,0.0,0.0,0.00783260352909565,0.013072560541331768,0.0,0.01504174992442131,0.0,,0.0,,0.0,0.007702955510467291,0.0,,0.0,0.0,0.0,0.0064319828525185585,0.0,0.0,0.0,0.0,0.006455377209931612,0.002276746090501547,0.0,,,0.0,0.0,0.0,,,,0.0,0.0,,0.0,,0.0,,0.0,,,0.0,,,,,0.0,,0.0,0.009475049562752247,0.0,,0.0,0.0,0.0006172159337438643,,0.011276694014668465,0.0,,0.0,0.008886725641787052,0.0,,,0.0,,0.01935204491019249,0.0,0.0,,0.0,0.0019069688860327005,,,,0.0,0.0,0.0,0.0,0.0,7.387471123365685e-05,,,,0.007764055393636227,0.0,,0.0,,0.0,0.0,0.0,0.0,,,0.0,0.0,,,0.0,,0.0,,0.0,0.0,0.0,0.0,0.0,0.0,0.0,,0.0,0.010640541091561317,0.0,0.0,0.0,,,0.0,0.0,0.0,0.0,0.004161264281719923,0.0073729087598621845,,,,0.007771022617816925,0.0,0.0,0.0,,,0.008342444896697998,0.0,0.0,,0.0,,,,,0.0,0.013751369901001453,0.0,,0.0,,,0.0,,0.006028351373970509,0.0,0.0,0.0,,0.006963010877370834,0.0,,0.0,0.0,0.0,0.0,0.0,,0.0025301980786025524,0.0,0.0,,0.0,0.0,0.0,0.0,0.0,0.0,0.0,,0.0009805925656110048,0.0,0.0,0.007419695612043142,0.0,0.0,0.0,,0.0,0.0,0.0,0.010489208623766899,0.0,0.0,0.0,0.0,0.0,0.0,0.00028485566144809127,0.0,0.0,0.0,,0.0,0.0,0.0,0.0,0.0,0.0,0.0,0.0,0.0,0.004446286242455244,0.0,0.0,0.0,,0.0,0.006903916597366333,,0.0032303640618920326,0.0,0.0,0.0,0.0,0.0,0.007855664007365704,0.0,0.0,0.0,0.011428353376686573,0.0,0.014265907928347588,0.0,0.0,0.0,0.0,0.0,0.0,0.0,0.0,0.0,0.0,0.0,0.0,0.0071387211792171,0.0,0.0,0.0,0.010663309134542942,0.009583434090018272,0.0,0.00991410668939352,0.0,0.0,0.0,0.019269602373242378,0.0,0.0,0.0,0.0,0.0,0.0,0.0,0.0,0.004451911896467209,0.0,0.0,0.0,0.0,0.0,0.015617968514561653,0.0,0.008543897420167923,0.0,0.0,0.017431413754820824,0.0,0.0,0.0,0.0,0.0,0.011158911511301994,0.0,0.006921166554093361,0.0,0.013884417712688446,0.0,0.0,0.0,0.0,0.0,0.017269155010581017,0.0,0.00583390099927783,0.0,0.0,,,,,,,,,,,,,,,,,,,,,,,,,,,,,,,,,,,,,,,,,,,,,,,,,,,,,,,,,,,,,,,,,,,,,,,,,,,,,,,,,,,,,,,,,,,,,,,,,,,,,,,,,,,,,,,,,,,,,,,,,,,,,,
2020-08-06,831212.9597028105,1133.4570796902208,,,,,,,,,,,76494.84123570709,,1039061.7711000025,,,,,,,,,,,,,,,,,,,,,,,,,,,,,,,,,,,,,,,,,,,1117.5829551387253,,,,,,,,,,,,,,,,,,,,,,8082.355360427157,10447.723755701898,3085.4519167381077,7421.928217099368,9720.485186582953,77831.29811583945,24663.552552527097,5744.280968415351,33692.23605314369,,,,,,,,,,,,,,,,,,,,,,,,,,,,,,,,,,,,0.007672586012631655,0.0,0.0,0.01092440728098154,0.0,0.0,0.0,0.0,0.0,0.0,0.0,0.0,0.0,0.0,0.0,0.0,,0.0,,0.0,,0.0,0.0,0.0,0.010507198981940746,0.0,,0.0,0.0,0.010712611488997936,0.0,0.012846814468502998,0.0,,0.0,,,,0.0,0.0,0.0,,0.0,0.0,0.0012285824632272124,0.009027548134326935,0.0,,,0.0,,0.0,0.0,0.0,0.0,0.0,0.0,0.0,0.0,0.006439491640776396,0.015234255231916904,0.0,0.0,0.0,,0.011381476186215878,0.0,0.0,0.0,0.015055594965815544,,0.0005889178719371557,0.0,,0.0,0.0,0.0,0.0,,0.0,0.0,0.0,,0.0,,0.0,0.0,,0.0,,0.0,0.0,0.0030229962430894375,0.01743323914706707,0.0,0.012673601508140564,0.0,0.016194811090826988,0.0,,,0.009300514124333858,0.0,,,,,0.0,0.0,0.0,0.0,0.0,0.0,0.0,0.0,0.0,,0.012146583758294582,0.0019998527131974697,0.0,,0.019029388204216957,0.0,0.0015352413756772876,0.0,0.0,0.0,,0.002669151872396469,,0.014855947345495224,0.0,0.0,0.01175154373049736,,0.0,0.0,,0.0,0.0,0.0,0.0,0.0,0.0001421356719220057,0.0011042432161048055,0.0,0.0,0.0046468619257211685,0.003770541399717331,0.0,0.0012880248250439763,,0.02132318913936615,0.0,0.004850889090448618,0.0,,0.0,0.007785265799611807,0.0,0.0,0.0,0.0,0.0061191171407699585,0.0,0.0,0.0,,0.015078713186085224,0.0,0.0,,,,0.006918592378497124,0.002163069089874625,,0.0,0.0,0.0,0.0,,0.0,,0.0,0.0,0.013318006880581379,0.0,0.0,0.0,,,,0.0,0.01897398941218853,0.0,0.0,0.0,,0.0,0.008289680816233158,0.007186546456068754,0.0,,0.0,0.015495573170483112,0.0,0.0,0.0,,0.002988440217450261,0.0071138362400233746,0.006663523148745298,0.0,,0.0029522741679102182,0.007444577291607857,0.00870683416724205,0.0,0.015951599925756454,0.0,,0.0,0.0,0.0,0.0,0.0,0.0,,0.0,,0.005740217864513397,0.007723913062363863,0.0016765532782301307,0.0,0.0,0.0,0.0,,0.0,0.011521018110215664,0.0028374833054840565,,,0.0,0.0,0.0,0.0,0.0,0.0,0.0,0.0,0.0,,0.0,0.0,0.0014217449352145195,,0.0,0.0,0.0,0.015036061406135559,0.0,0.0,0.0,,,0.0,0.002523822244256735,0.0,0.0,0.0,,0.012212172150611877,,0.010441260412335396,0.0,,0.0,0.0001980172237381339,0.0,0.0,,,0.0,0.009777898900210857,,0.011562291532754898,0.0,,,0.0,0.021612513810396194,0.0,0.0,0.0,0.0,0.0,,,0.0,0.0,0.0,0.0,0.0,,,0.0,0.0,0.0,,0.0,0.0,,0.0,0.0,0.010721533559262753,,0.0,0.0,0.0,0.0,,0.0,0.0,,0.0,0.0,0.0,0.000222572882194072,0.004138255026191473,0.0,0.0,0.0,0.0,0.0,0.0,0.0,0.0,,0.01636638306081295,,0.0,0.013081780634820461,0.00596213573589921,0.0,0.0,0.0,0.00783260352909565,0.013072560541331768,0.0,0.01504174992442131,0.0,,0.0,,0.0,0.007702955510467291,0.0,,0.0,0.0,0.0,0.0064319828525185585,0.0,0.0,0.0,0.0,0.006455377209931612,0.002276746090501547,0.0,,,0.0,0.0,0.0,,,,0.0,0.0,,0.0,,0.0,,0.0,,,0.0,,,,,0.0,,0.0,0.009475049562752247,0.0,,0.0,0.0,0.0006172159337438643,,0.011276694014668465,0.0,,0.0,0.008886725641787052,0.0,,,0.0,,0.01935204491019249,0.0,0.0,,0.0,0.0019069688860327005,,,,0.0,0.0,0.0,0.0,0.0,7.387471123365685e-05,,,,0.007764055393636227,0.0,,0.0,,0.0,0.0,0.0,0.0,,,0.0,0.0,,,0.0,,0.0,,0.0,0.0,0.0,0.0,0.0,0.0,0.0,,0.0,0.010640541091561317,0.0,0.0,0.0,,,0.0,0.0,0.0,0.0,0.004161264281719923,0.0073729087598621845,,,,0.007771022617816925,0.0,0.0,0.0,,,0.008342444896697998,0.0,0.0,,0.0,,,,,0.0,0.013751369901001453,0.0,,0.0,,,0.0,,0.006028351373970509,0.0,0.0,0.0,,0.006963010877370834,0.0,,0.0,0.0,0.0,0.0,0.0,,0.0025301980786025524,0.0,0.0,,0.0,0.0,0.0,0.0,0.0,0.0,0.0,,0.0009805925656110048,0.0,0.0,0.007419695612043142,0.0,0.0,0.0,,0.0,0.0,0.0,0.010489208623766899,0.0,0.0,0.0,0.0,0.0,0.0,0.00028485566144809127,0.0,0.0,0.0,,0.0,0.0,0.0,0.0,0.0,0.0,0.0,0.0,0.0,0.004446286242455244,0.0,0.0,0.0,,0.0,0.006903916597366333,,0.0032303640618920326,0.0,0.0,0.0,0.0,0.0,0.007855664007365704,0.0,0.0,0.0,0.011428353376686573,0.0,0.014265907928347588,0.0,0.0,0.0,0.0,0.0,0.0,0.0,0.0,0.0,0.0,0.0,0.0,0.0071387211792171,0.0,0.0,0.0,0.010663309134542942,0.009583434090018272,0.0,0.00991410668939352,0.0,0.0,0.0,0.019269602373242378,0.0,0.0,0.0,0.0,0.0,0.0,0.0,0.0,0.004451911896467209,0.0,0.0,0.0,0.0,0.0,0.015617968514561653,0.0,0.008543897420167923,0.0,0.0,0.017431413754820824,0.0,0.0,0.0,0.0,0.0,0.011158911511301994,0.0,0.006921166554093361,0.0,0.013884417712688446,0.0,0.0,0.0,0.0,0.0,0.017269155010581017,0.0,0.00583390099927783,0.0,0.0,,,,,,,,,,,,,,,,,,,,,,,,,,,,,,,,,,,,,,,,,,,,,,,,,,,,,,,,,,,,,,,,,,,,,,,,,,,,,,,,,,,,,,,,,,,,,,,,,,,,,,,,,,,,,,,,,,,,,,,,,,,,,,
2020-08-07,832149.8966633867,1468.0100096572496,,,,,,,,,,,76494.84123570709,,1039061.7711000025,,,,,,,,,,,,,,,,,,,,,,,,,,,,,,,,,,,,,,,,,,,1727.2123742395352,,,,,,,,,,,,,,,,,,,,,,8082.355360427157,10558.873780930118,3085.4519167381077,7421.9247609715485,9720.485186582953,77831.29811583945,24663.552552527097,5068.419918002438,33692.99443963299,,,,,,,,,,,,,,,,,,,,,,,,,,,,,,,,,,,,0.007672586012631655,0.0,0.0,0.01092440728098154,0.0,0.0,0.0,0.0,0.0,0.0,0.0,0.0,0.0,0.0,0.0,0.0,,0.0,,0.0,,0.0,0.0,0.0,0.010507198981940746,0.0,,0.0,0.0,0.010712611488997936,0.0,0.012846814468502998,0.0,,0.0,,,,0.0,0.0,0.0,,0.0,0.0,0.0012285824632272124,0.009027548134326935,0.0,,,0.0,,0.0,0.0,0.0,0.0,0.0,0.0,0.0,0.0,0.006439491640776396,0.015234255231916904,0.0,0.0,0.0,,0.011381476186215878,0.0,0.0,0.0,0.015055594965815544,,0.0005889178719371557,0.0,,0.0,0.0,0.0,0.0,,0.0,0.0,0.0,,0.0,,0.0,0.0,,0.0,,0.0,0.0,0.0030229962430894375,0.01743323914706707,0.0,0.012673601508140564,0.0,0.016194811090826988,0.0,,,0.009300514124333858,0.0,,,,,0.0,0.0,0.0,0.0,0.0,0.0,0.0,0.0,0.0,,0.012146583758294582,0.0019998527131974697,0.0,,0.019029388204216957,0.0,0.0015352413756772876,0.0,0.0,0.0,,0.002669151872396469,,0.014855947345495224,0.0,0.0,0.01175154373049736,,0.0,0.0,,0.0,0.0,0.0,0.0,0.0,0.0001421356719220057,0.0011042432161048055,0.0,0.0,0.0046468619257211685,0.003770541399717331,0.0,0.0012880248250439763,,0.02132318913936615,0.0,0.004850889090448618,0.0,,0.0,0.007785265799611807,0.0,0.0,0.0,0.0,0.0061191171407699585,0.0,0.0,0.0,,0.015078713186085224,0.0,0.0,,,,0.006918592378497124,0.002163069089874625,,0.0,0.0,0.0,0.0,,0.0,,0.0,0.0,0.013318006880581379,0.0,0.0,0.0,,,,0.0,0.01897398941218853,0.0,0.0,0.0,,0.0,0.008289680816233158,0.007186546456068754,0.0,,0.0,0.015495573170483112,0.0,0.0,0.0,,0.002988440217450261,0.0071138362400233746,0.006663523148745298,0.0,,0.0029522741679102182,0.007444577291607857,0.00870683416724205,0.0,0.015951599925756454,0.0,,0.0,0.0,0.0,0.0,0.0,0.0,,0.0,,0.005740217864513397,0.007723913062363863,0.0016765532782301307,0.0,0.0,0.0,0.0,,0.0,0.011521018110215664,0.0028374833054840565,,,0.0,0.0,0.0,0.0,0.0,0.0,0.0,0.0,0.0,,0.0,0.0,0.0014217449352145195,,0.0,0.0,0.0,0.015036061406135559,0.0,0.0,0.0,,,0.0,0.002523822244256735,0.0,0.0,0.0,,0.012212172150611877,,0.010441260412335396,0.0,,0.0,0.0001980172237381339,0.0,0.0,,,0.0,0.009777898900210857,,0.011562291532754898,0.0,,,0.0,0.021612513810396194,0.0,0.0,0.0,0.0,0.0,,,0.0,0.0,0.0,0.0,0.0,,,0.0,0.0,0.0,,0.0,0.0,,0.0,0.0,0.010721533559262753,,0.0,0.0,0.0,0.0,,0.0,0.0,,0.0,0.0,0.0,0.000222572882194072,0.004138255026191473,0.0,0.0,0.0,0.0,0.0,0.0,0.0,0.0,,0.01636638306081295,,0.0,0.013081780634820461,0.00596213573589921,0.0,0.0,0.0,0.00783260352909565,0.013072560541331768,0.0,0.01504174992442131,0.0,,0.0,,0.0,0.007702955510467291,0.0,,0.0,0.0,0.0,0.0064319828525185585,0.0,0.0,0.0,0.0,0.006455377209931612,0.002276746090501547,0.0,,,0.0,0.0,0.0,,,,0.0,0.0,,0.0,,0.0,,0.0,,,0.0,,,,,0.0,,0.0,0.009475049562752247,0.0,,0.0,0.0,0.0006172159337438643,,0.011276694014668465,0.0,,0.0,0.008886725641787052,0.0,,,0.0,,0.01935204491019249,0.0,0.0,,0.0,0.0019069688860327005,,,,0.0,0.0,0.0,0.0,0.0,7.387471123365685e-05,,,,0.007764055393636227,0.0,,0.0,,0.0,0.0,0.0,0.0,,,0.0,0.0,,,0.0,,0.0,,0.0,0.0,0.0,0.0,0.0,0.0,0.0,,0.0,0.010640541091561317,0.0,0.0,0.0,,,0.0,0.0,0.0,0.0,0.004161264281719923,0.0073729087598621845,,,,0.007771022617816925,0.0,0.0,0.0,,,0.008342444896697998,0.0,0.0,,0.0,,,,,0.0,0.013751369901001453,0.0,,0.0,,,0.0,,0.006028351373970509,0.0,0.0,0.0,,0.006963010877370834,0.0,,0.0,0.0,0.0,0.0,0.0,,0.0025301980786025524,0.0,0.0,,0.0,0.0,0.0,0.0,0.0,0.0,0.0,,0.0009805925656110048,0.0,0.0,0.007419695612043142,0.0,0.0,0.0,,0.0,0.0,0.0,0.010489208623766899,0.0,0.0,0.0,0.0,0.0,0.0,0.00028485566144809127,0.0,0.0,0.0,,0.0,0.0,0.0,0.0,0.0,0.0,0.0,0.0,0.0,0.004446286242455244,0.0,0.0,0.0,,0.0,0.006903916597366333,,0.0032303640618920326,0.0,0.0,0.0,0.0,0.0,0.007855664007365704,0.0,0.0,0.0,0.011428353376686573,0.0,0.014265907928347588,0.0,0.0,0.0,0.0,0.0,0.0,0.0,0.0,0.0,0.0,0.0,0.0,0.0071387211792171,0.0,0.0,0.0,0.010663309134542942,0.009583434090018272,0.0,0.00991410668939352,0.0,0.0,0.0,0.019269602373242378,0.0,0.0,0.0,0.0,0.0,0.0,0.0,0.0,0.004451911896467209,0.0,0.0,0.0,0.0,0.0,0.015617968514561653,0.0,0.008543897420167923,0.0,0.0,0.017431413754820824,0.0,0.0,0.0,0.0,0.0,0.011158911511301994,0.0,0.006921166554093361,0.0,0.013884417712688446,0.0,0.0,0.0,0.0,0.0,0.017269155010581017,0.0,0.00583390099927783,0.0,0.0,,,,,,,,,,,,,,,,,,,,,,,,,,,,,,,,,,,,,,,,,,,,,,,,,,,,,,,,,,,,,,,,,,,,,,,,,,,,,,,,,,,,,,,,,,,,,,,,,,,,,,,,,,,,,,,,,,,,,,,,,,,,,,
2020-08-10,850740.5272615785,607.7635170198728,,,,,,,,,,,76494.84123570709,,1039061.7711000025,,,,,,,,,,,,,,,,,,,,,,,,,,,,,,,,,,,,,,,,,,,1727.2123742395352,,,,,,,,,,,,,,,,,,,,,,8082.355360427157,10666.749715878752,3085.4519167381077,7421.891063893989,9720.485186582953,75688.47813753513,25291.095023836213,4933.2886811673425,34816.04482396337,,,,,,,,,,,,,,,,,,,,,,,,,,,,,,,,,,,,0.007672586012631655,0.0,0.0,0.01092440728098154,0.0,0.0,0.0,0.0,0.0,0.0,0.0,0.0,0.0,0.0,0.0,0.0,,0.0,,0.0,,0.0,0.0,0.0,0.010507198981940746,0.0,,0.0,0.0,0.010712611488997936,0.0,0.012846814468502998,0.0,,0.0,,,,0.0,0.0,0.0,,0.0,0.0,0.0012285824632272124,0.009027548134326935,0.0,,,0.0,,0.0,0.0,0.0,0.0,0.0,0.0,0.0,0.0,0.006439491640776396,0.015234255231916904,0.0,0.0,0.0,,0.011381476186215878,0.0,0.0,0.0,0.015055594965815544,,0.0005889178719371557,0.0,,0.0,0.0,0.0,0.0,,0.0,0.0,0.0,,0.0,,0.0,0.0,,0.0,,0.0,0.0,0.0030229962430894375,0.01743323914706707,0.0,0.012673601508140564,0.0,0.016194811090826988,0.0,,,0.009300514124333858,0.0,,,,,0.0,0.0,0.0,0.0,0.0,0.0,0.0,0.0,0.0,,0.012146583758294582,0.0019998527131974697,0.0,,0.019029388204216957,0.0,0.0015352413756772876,0.0,0.0,0.0,,0.002669151872396469,,0.014855947345495224,0.0,0.0,0.01175154373049736,,0.0,0.0,,0.0,0.0,0.0,0.0,0.0,0.0001421356719220057,0.0011042432161048055,0.0,0.0,0.0046468619257211685,0.003770541399717331,0.0,0.0012880248250439763,,0.02132318913936615,0.0,0.004850889090448618,0.0,,0.0,0.007785265799611807,0.0,0.0,0.0,0.0,0.0061191171407699585,0.0,0.0,0.0,,0.015078713186085224,0.0,0.0,,,,0.006918592378497124,0.002163069089874625,,0.0,0.0,0.0,0.0,,0.0,,0.0,0.0,0.013318006880581379,0.0,0.0,0.0,,,,0.0,0.01897398941218853,0.0,0.0,0.0,,0.0,0.008289680816233158,0.007186546456068754,0.0,,0.0,0.015495573170483112,0.0,0.0,0.0,,0.002988440217450261,0.0071138362400233746,0.006663523148745298,0.0,,0.0029522741679102182,0.007444577291607857,0.00870683416724205,0.0,0.015951599925756454,0.0,,0.0,0.0,0.0,0.0,0.0,0.0,,0.0,,0.005740217864513397,0.007723913062363863,0.0016765532782301307,0.0,0.0,0.0,0.0,,0.0,0.011521018110215664,0.0028374833054840565,,,0.0,0.0,0.0,0.0,0.0,0.0,0.0,0.0,0.0,,0.0,0.0,0.0014217449352145195,,0.0,0.0,0.0,0.015036061406135559,0.0,0.0,0.0,,,0.0,0.002523822244256735,0.0,0.0,0.0,,0.012212172150611877,,0.010441260412335396,0.0,,0.0,0.0001980172237381339,0.0,0.0,,,0.0,0.009777898900210857,,0.011562291532754898,0.0,,,0.0,0.021612513810396194,0.0,0.0,0.0,0.0,0.0,,,0.0,0.0,0.0,0.0,0.0,,,0.0,0.0,0.0,,0.0,0.0,,0.0,0.0,0.010721533559262753,,0.0,0.0,0.0,0.0,,0.0,0.0,,0.0,0.0,0.0,0.000222572882194072,0.004138255026191473,0.0,0.0,0.0,0.0,0.0,0.0,0.0,0.0,,0.01636638306081295,,0.0,0.013081780634820461,0.00596213573589921,0.0,0.0,0.0,0.00783260352909565,0.013072560541331768,0.0,0.01504174992442131,0.0,,0.0,,0.0,0.007702955510467291,0.0,,0.0,0.0,0.0,0.0064319828525185585,0.0,0.0,0.0,0.0,0.006455377209931612,0.002276746090501547,0.0,,,0.0,0.0,0.0,,,,0.0,0.0,,0.0,,0.0,,0.0,,,0.0,,,,,0.0,,0.0,0.009475049562752247,0.0,,0.0,0.0,0.0006172159337438643,,0.011276694014668465,0.0,,0.0,0.008886725641787052,0.0,,,0.0,,0.01935204491019249,0.0,0.0,,0.0,0.0019069688860327005,,,,0.0,0.0,0.0,0.0,0.0,7.387471123365685e-05,,,,0.007764055393636227,0.0,,0.0,,0.0,0.0,0.0,0.0,,,0.0,0.0,,,0.0,,0.0,,0.0,0.0,0.0,0.0,0.0,0.0,0.0,,0.0,0.010640541091561317,0.0,0.0,0.0,,,0.0,0.0,0.0,0.0,0.004161264281719923,0.0073729087598621845,,,,0.007771022617816925,0.0,0.0,0.0,,,0.008342444896697998,0.0,0.0,,0.0,,,,,0.0,0.013751369901001453,0.0,,0.0,,,0.0,,0.006028351373970509,0.0,0.0,0.0,,0.006963010877370834,0.0,,0.0,0.0,0.0,0.0,0.0,,0.0025301980786025524,0.0,0.0,,0.0,0.0,0.0,0.0,0.0,0.0,0.0,,0.0009805925656110048,0.0,0.0,0.007419695612043142,0.0,0.0,0.0,,0.0,0.0,0.0,0.010489208623766899,0.0,0.0,0.0,0.0,0.0,0.0,0.00028485566144809127,0.0,0.0,0.0,,0.0,0.0,0.0,0.0,0.0,0.0,0.0,0.0,0.0,0.004446286242455244,0.0,0.0,0.0,,0.0,0.006903916597366333,,0.0032303640618920326,0.0,0.0,0.0,0.0,0.0,0.007855664007365704,0.0,0.0,0.0,0.011428353376686573,0.0,0.014265907928347588,0.0,0.0,0.0,0.0,0.0,0.0,0.0,0.0,0.0,0.0,0.0,0.0,0.0071387211792171,0.0,0.0,0.0,0.010663309134542942,0.009583434090018272,0.0,0.00991410668939352,0.0,0.0,0.0,0.019269602373242378,0.0,0.0,0.0,0.0,0.0,0.0,0.0,0.0,0.004451911896467209,0.0,0.0,0.0,0.0,0.0,0.015617968514561653,0.0,0.008543897420167923,0.0,0.0,0.017431413754820824,0.0,0.0,0.0,0.0,0.0,0.011158911511301994,0.0,0.006921166554093361,0.0,0.013884417712688446,0.0,0.0,0.0,0.0,0.0,0.017269155010581017,0.0,0.00583390099927783,0.0,0.0,,,,,,,,,,,,,,,,,,,,,,,,,,,,,,,,,,,,,,,,,,,,,,,,,,,,,,,,,,,,,,,,,,,,,,,,,,,,,,,,,,,,,,,,,,,,,,,,,,,,,,,,,,,,,,,,,,,,,,,,,,,,,,
2020-08-11,834175.5043089867,1099.3419302958455,,,,,,,,,,,76494.84123570709,,1039061.7711000025,,,,,,,,,,,,,,,,,,,,,,,,,,,,,,,,,,,,,,,,,,,2133.6253907224027,,,,,,,,,,,,,,,,,,,,,,8082.355360427157,10666.749715878752,3085.4519167381077,7421.891063893989,9720.485186582953,76221.60242265905,25291.095023836213,4392.670583493563,35934.88512420806,,,,,,,,,,,,,,,,,,,,,,,,,,,,,,,,,,,,0.007672586012631655,0.0,0.0,0.01092440728098154,0.0,0.0,0.0,0.0,0.0,0.0,0.0,0.0,0.0,0.0,0.0,0.0,,0.0,,0.0,,0.0,0.0,0.0,0.010507198981940746,0.0,,0.0,0.0,0.010712611488997936,0.0,0.012846814468502998,0.0,,0.0,,,,0.0,0.0,0.0,,0.0,0.0,0.0012285824632272124,0.009027548134326935,0.0,,,0.0,,0.0,0.0,0.0,0.0,0.0,0.0,0.0,0.0,0.006439491640776396,0.015234255231916904,0.0,0.0,0.0,,0.011381476186215878,0.0,0.0,0.0,0.015055594965815544,,0.0005889178719371557,0.0,,0.0,0.0,0.0,0.0,,0.0,0.0,0.0,,0.0,,0.0,0.0,,0.0,,0.0,0.0,0.0030229962430894375,0.01743323914706707,0.0,0.012673601508140564,0.0,0.016194811090826988,0.0,,,0.009300514124333858,0.0,,,,,0.0,0.0,0.0,0.0,0.0,0.0,0.0,0.0,0.0,,0.012146583758294582,0.0019998527131974697,0.0,,0.019029388204216957,0.0,0.0015352413756772876,0.0,0.0,0.0,,0.002669151872396469,,0.014855947345495224,0.0,0.0,0.01175154373049736,,0.0,0.0,,0.0,0.0,0.0,0.0,0.0,0.0001421356719220057,0.0011042432161048055,0.0,0.0,0.0046468619257211685,0.003770541399717331,0.0,0.0012880248250439763,,0.02132318913936615,0.0,0.004850889090448618,0.0,,0.0,0.007785265799611807,0.0,0.0,0.0,0.0,0.0061191171407699585,0.0,0.0,0.0,,0.015078713186085224,0.0,0.0,,,,0.006918592378497124,0.002163069089874625,,0.0,0.0,0.0,0.0,,0.0,,0.0,0.0,0.013318006880581379,0.0,0.0,0.0,,,,0.0,0.01897398941218853,0.0,0.0,0.0,,0.0,0.008289680816233158,0.007186546456068754,0.0,,0.0,0.015495573170483112,0.0,0.0,0.0,,0.002988440217450261,0.0071138362400233746,0.006663523148745298,0.0,,0.0029522741679102182,0.007444577291607857,0.00870683416724205,0.0,0.015951599925756454,0.0,,0.0,0.0,0.0,0.0,0.0,0.0,,0.0,,0.005740217864513397,0.007723913062363863,0.0016765532782301307,0.0,0.0,0.0,0.0,,0.0,0.011521018110215664,0.0028374833054840565,,,0.0,0.0,0.0,0.0,0.0,0.0,0.0,0.0,0.0,,0.0,0.0,0.0014217449352145195,,0.0,0.0,0.0,0.015036061406135559,0.0,0.0,0.0,,,0.0,0.002523822244256735,0.0,0.0,0.0,,0.012212172150611877,,0.010441260412335396,0.0,,0.0,0.0001980172237381339,0.0,0.0,,,0.0,0.009777898900210857,,0.011562291532754898,0.0,,,0.0,0.021612513810396194,0.0,0.0,0.0,0.0,0.0,,,0.0,0.0,0.0,0.0,0.0,,,0.0,0.0,0.0,,0.0,0.0,,0.0,0.0,0.010721533559262753,,0.0,0.0,0.0,0.0,,0.0,0.0,,0.0,0.0,0.0,0.000222572882194072,0.004138255026191473,0.0,0.0,0.0,0.0,0.0,0.0,0.0,0.0,,0.01636638306081295,,0.0,0.013081780634820461,0.00596213573589921,0.0,0.0,0.0,0.00783260352909565,0.013072560541331768,0.0,0.01504174992442131,0.0,,0.0,,0.0,0.007702955510467291,0.0,,0.0,0.0,0.0,0.0064319828525185585,0.0,0.0,0.0,0.0,0.006455377209931612,0.002276746090501547,0.0,,,0.0,0.0,0.0,,,,0.0,0.0,,0.0,,0.0,,0.0,,,0.0,,,,,0.0,,0.0,0.009475049562752247,0.0,,0.0,0.0,0.0006172159337438643,,0.011276694014668465,0.0,,0.0,0.008886725641787052,0.0,,,0.0,,0.01935204491019249,0.0,0.0,,0.0,0.0019069688860327005,,,,0.0,0.0,0.0,0.0,0.0,7.387471123365685e-05,,,,0.007764055393636227,0.0,,0.0,,0.0,0.0,0.0,0.0,,,0.0,0.0,,,0.0,,0.0,,0.0,0.0,0.0,0.0,0.0,0.0,0.0,,0.0,0.010640541091561317,0.0,0.0,0.0,,,0.0,0.0,0.0,0.0,0.004161264281719923,0.0073729087598621845,,,,0.007771022617816925,0.0,0.0,0.0,,,0.008342444896697998,0.0,0.0,,0.0,,,,,0.0,0.013751369901001453,0.0,,0.0,,,0.0,,0.006028351373970509,0.0,0.0,0.0,,0.006963010877370834,0.0,,0.0,0.0,0.0,0.0,0.0,,0.0025301980786025524,0.0,0.0,,0.0,0.0,0.0,0.0,0.0,0.0,0.0,,0.0009805925656110048,0.0,0.0,0.007419695612043142,0.0,0.0,0.0,,0.0,0.0,0.0,0.010489208623766899,0.0,0.0,0.0,0.0,0.0,0.0,0.00028485566144809127,0.0,0.0,0.0,,0.0,0.0,0.0,0.0,0.0,0.0,0.0,0.0,0.0,0.004446286242455244,0.0,0.0,0.0,,0.0,0.006903916597366333,,0.0032303640618920326,0.0,0.0,0.0,0.0,0.0,0.007855664007365704,0.0,0.0,0.0,0.011428353376686573,0.0,0.014265907928347588,0.0,0.0,0.0,0.0,0.0,0.0,0.0,0.0,0.0,0.0,0.0,0.0,0.0071387211792171,0.0,0.0,0.0,0.010663309134542942,0.009583434090018272,0.0,0.00991410668939352,0.0,0.0,0.0,0.019269602373242378,0.0,0.0,0.0,0.0,0.0,0.0,0.0,0.0,0.004451911896467209,0.0,0.0,0.0,0.0,0.0,0.015617968514561653,0.0,0.008543897420167923,0.0,0.0,0.017431413754820824,0.0,0.0,0.0,0.0,0.0,0.011158911511301994,0.0,0.006921166554093361,0.0,0.013884417712688446,0.0,0.0,0.0,0.0,0.0,0.017269155010581017,0.0,0.00583390099927783,0.0,0.0,,,,,,,,,,,,,,,,,,,,,,,,,,,,,,,,,,,,,,,,,,,,,,,,,,,,,,,,,,,,,,,,,,,,,,,,,,,,,,,,,,,,,,,,,,,,,,,,,,,,,,,,,,,,,,,,,,,,,,,,,,,,,,
2020-08-12,821392.0161037443,843.4030597514852,,,,,,,,,,,76494.84123570709,,1039061.7711000025,,,,,,,,,,,,,,,,,,,,,,,,,,,,,,,,,,,,,,,,,,,2133.6253907224027,,,,,,,,,,,,,,,,,,,,,,8082.355360427157,10774.625650827385,3085.5381259255305,7421.891063893989,9720.485186582953,76221.60242265905,25117.42299596659,4392.670583493563,35935.31807684092,,,,,,,,,,,,,,,,,,,,,,,,,,,,,,,,,,,,0.007672586012631655,0.0,0.0,0.01092440728098154,0.0,0.0,0.0,0.0,0.0,0.0,0.0,0.0,0.0,0.0,0.0,0.0,,0.0,,0.0,,0.0,0.0,0.0,0.010507198981940746,0.0,,0.0,0.0,0.010712611488997936,0.0,0.012846814468502998,0.0,,0.0,,,,0.0,0.0,0.0,,0.0,0.0,0.0012285824632272124,0.009027548134326935,0.0,,,0.0,,0.0,0.0,0.0,0.0,0.0,0.0,0.0,0.0,0.006439491640776396,0.015234255231916904,0.0,0.0,0.0,,0.011381476186215878,0.0,0.0,0.0,0.015055594965815544,,0.0005889178719371557,0.0,,0.0,0.0,0.0,0.0,,0.0,0.0,0.0,,0.0,,0.0,0.0,,0.0,,0.0,0.0,0.0030229962430894375,0.01743323914706707,0.0,0.012673601508140564,0.0,0.016194811090826988,0.0,,,0.009300514124333858,0.0,,,,,0.0,0.0,0.0,0.0,0.0,0.0,0.0,0.0,0.0,,0.012146583758294582,0.0019998527131974697,0.0,,0.019029388204216957,0.0,0.0015352413756772876,0.0,0.0,0.0,,0.002669151872396469,,0.014855947345495224,0.0,0.0,0.01175154373049736,,0.0,0.0,,0.0,0.0,0.0,0.0,0.0,0.0001421356719220057,0.0011042432161048055,0.0,0.0,0.0046468619257211685,0.003770541399717331,0.0,0.0012880248250439763,,0.02132318913936615,0.0,0.004850889090448618,0.0,,0.0,0.007785265799611807,0.0,0.0,0.0,0.0,0.0061191171407699585,0.0,0.0,0.0,,0.015078713186085224,0.0,0.0,,,,0.006918592378497124,0.002163069089874625,,0.0,0.0,0.0,0.0,,0.0,,0.0,0.0,0.013318006880581379,0.0,0.0,0.0,,,,0.0,0.01897398941218853,0.0,0.0,0.0,,0.0,0.008289680816233158,0.007186546456068754,0.0,,0.0,0.015495573170483112,0.0,0.0,0.0,,0.002988440217450261,0.0071138362400233746,0.006663523148745298,0.0,,0.0029522741679102182,0.007444577291607857,0.00870683416724205,0.0,0.015951599925756454,0.0,,0.0,0.0,0.0,0.0,0.0,0.0,,0.0,,0.005740217864513397,0.007723913062363863,0.0016765532782301307,0.0,0.0,0.0,0.0,,0.0,0.011521018110215664,0.0028374833054840565,,,0.0,0.0,0.0,0.0,0.0,0.0,0.0,0.0,0.0,,0.0,0.0,0.0014217449352145195,,0.0,0.0,0.0,0.015036061406135559,0.0,0.0,0.0,,,0.0,0.002523822244256735,0.0,0.0,0.0,,0.012212172150611877,,0.010441260412335396,0.0,,0.0,0.0001980172237381339,0.0,0.0,,,0.0,0.009777898900210857,,0.011562291532754898,0.0,,,0.0,0.021612513810396194,0.0,0.0,0.0,0.0,0.0,,,0.0,0.0,0.0,0.0,0.0,,,0.0,0.0,0.0,,0.0,0.0,,0.0,0.0,0.010721533559262753,,0.0,0.0,0.0,0.0,,0.0,0.0,,0.0,0.0,0.0,0.000222572882194072,0.004138255026191473,0.0,0.0,0.0,0.0,0.0,0.0,0.0,0.0,,0.01636638306081295,,0.0,0.013081780634820461,0.00596213573589921,0.0,0.0,0.0,0.00783260352909565,0.013072560541331768,0.0,0.01504174992442131,0.0,,0.0,,0.0,0.007702955510467291,0.0,,0.0,0.0,0.0,0.0064319828525185585,0.0,0.0,0.0,0.0,0.006455377209931612,0.002276746090501547,0.0,,,0.0,0.0,0.0,,,,0.0,0.0,,0.0,,0.0,,0.0,,,0.0,,,,,0.0,,0.0,0.009475049562752247,0.0,,0.0,0.0,0.0006172159337438643,,0.011276694014668465,0.0,,0.0,0.008886725641787052,0.0,,,0.0,,0.01935204491019249,0.0,0.0,,0.0,0.0019069688860327005,,,,0.0,0.0,0.0,0.0,0.0,7.387471123365685e-05,,,,0.007764055393636227,0.0,,0.0,,0.0,0.0,0.0,0.0,,,0.0,0.0,,,0.0,,0.0,,0.0,0.0,0.0,0.0,0.0,0.0,0.0,,0.0,0.010640541091561317,0.0,0.0,0.0,,,0.0,0.0,0.0,0.0,0.004161264281719923,0.0073729087598621845,,,,0.007771022617816925,0.0,0.0,0.0,,,0.008342444896697998,0.0,0.0,,0.0,,,,,0.0,0.013751369901001453,0.0,,0.0,,,0.0,,0.006028351373970509,0.0,0.0,0.0,,0.006963010877370834,0.0,,0.0,0.0,0.0,0.0,0.0,,0.0025301980786025524,0.0,0.0,,0.0,0.0,0.0,0.0,0.0,0.0,0.0,,0.0009805925656110048,0.0,0.0,0.007419695612043142,0.0,0.0,0.0,,0.0,0.0,0.0,0.010489208623766899,0.0,0.0,0.0,0.0,0.0,0.0,0.00028485566144809127,0.0,0.0,0.0,,0.0,0.0,0.0,0.0,0.0,0.0,0.0,0.0,0.0,0.004446286242455244,0.0,0.0,0.0,,0.0,0.006903916597366333,,0.0032303640618920326,0.0,0.0,0.0,0.0,0.0,0.007855664007365704,0.0,0.0,0.0,0.011428353376686573,0.0,0.014265907928347588,0.0,0.0,0.0,0.0,0.0,0.0,0.0,0.0,0.0,0.0,0.0,0.0,0.0071387211792171,0.0,0.0,0.0,0.010663309134542942,0.009583434090018272,0.0,0.00991410668939352,0.0,0.0,0.0,0.019269602373242378,0.0,0.0,0.0,0.0,0.0,0.0,0.0,0.0,0.004451911896467209,0.0,0.0,0.0,0.0,0.0,0.015617968514561653,0.0,0.008543897420167923,0.0,0.0,0.017431413754820824,0.0,0.0,0.0,0.0,0.0,0.011158911511301994,0.0,0.006921166554093361,0.0,0.013884417712688446,0.0,0.0,0.0,0.0,0.0,0.017269155010581017,0.0,0.00583390099927783,0.0,0.0,,,,,,,,,,,,,,,,,,,,,,,,,,,,,,,,,,,,,,,,,,,,,,,,,,,,,,,,,,,,,,,,,,,,,,,,,,,,,,,,,,,,,,,,,,,,,,,,,,,,,,,,,,,,,,,,,,,,,,,,,,,,,,
2020-08-13,819210.2922175998,1152.4453046770402,,,,,,,,,,,76494.84123570709,,1039061.7711000025,,,,,,,,,,,,,,,,,,,,,,,,,,,,,,,,,,,,,,,,,,,2235.227814178798,,,,,,,,,,,,,,,,,,,,,,8082.355360427157,10679.717559914676,3085.5381259255305,7421.891063893989,9720.485186582953,77287.86319051009,24487.236755924416,4527.829689258854,34815.036750441155,,,,,,,,,,,,,,,,,,,,,,,,,,,,,,,,,,,,0.007672586012631655,0.0,0.0,0.01092440728098154,0.0,0.0,0.0,0.0,0.0,0.0,0.0,0.0,0.0,0.0,0.0,0.0,,0.0,,0.0,,0.0,0.0,0.0,0.010507198981940746,0.0,,0.0,0.0,0.010712611488997936,0.0,0.012846814468502998,0.0,,0.0,,,,0.0,0.0,0.0,,0.0,0.0,0.0012285824632272124,0.009027548134326935,0.0,,,0.0,,0.0,0.0,0.0,0.0,0.0,0.0,0.0,0.0,0.006439491640776396,0.015234255231916904,0.0,0.0,0.0,,0.011381476186215878,0.0,0.0,0.0,0.015055594965815544,,0.0005889178719371557,0.0,,0.0,0.0,0.0,0.0,,0.0,0.0,0.0,,0.0,,0.0,0.0,,0.0,,0.0,0.0,0.0030229962430894375,0.01743323914706707,0.0,0.012673601508140564,0.0,0.016194811090826988,0.0,,,0.009300514124333858,0.0,,,,,0.0,0.0,0.0,0.0,0.0,0.0,0.0,0.0,0.0,,0.012146583758294582,0.0019998527131974697,0.0,,0.019029388204216957,0.0,0.0015352413756772876,0.0,0.0,0.0,,0.002669151872396469,,0.014855947345495224,0.0,0.0,0.01175154373049736,,0.0,0.0,,0.0,0.0,0.0,0.0,0.0,0.0001421356719220057,0.0011042432161048055,0.0,0.0,0.0046468619257211685,0.003770541399717331,0.0,0.0012880248250439763,,0.02132318913936615,0.0,0.004850889090448618,0.0,,0.0,0.007785265799611807,0.0,0.0,0.0,0.0,0.0061191171407699585,0.0,0.0,0.0,,0.015078713186085224,0.0,0.0,,,,0.006918592378497124,0.002163069089874625,,0.0,0.0,0.0,0.0,,0.0,,0.0,0.0,0.013318006880581379,0.0,0.0,0.0,,,,0.0,0.01897398941218853,0.0,0.0,0.0,,0.0,0.008289680816233158,0.007186546456068754,0.0,,0.0,0.015495573170483112,0.0,0.0,0.0,,0.002988440217450261,0.0071138362400233746,0.006663523148745298,0.0,,0.0029522741679102182,0.007444577291607857,0.00870683416724205,0.0,0.015951599925756454,0.0,,0.0,0.0,0.0,0.0,0.0,0.0,,0.0,,0.005740217864513397,0.007723913062363863,0.0016765532782301307,0.0,0.0,0.0,0.0,,0.0,0.011521018110215664,0.0028374833054840565,,,0.0,0.0,0.0,0.0,0.0,0.0,0.0,0.0,0.0,,0.0,0.0,0.0014217449352145195,,0.0,0.0,0.0,0.015036061406135559,0.0,0.0,0.0,,,0.0,0.002523822244256735,0.0,0.0,0.0,,0.012212172150611877,,0.010441260412335396,0.0,,0.0,0.0001980172237381339,0.0,0.0,,,0.0,0.009777898900210857,,0.011562291532754898,0.0,,,0.0,0.021612513810396194,0.0,0.0,0.0,0.0,0.0,,,0.0,0.0,0.0,0.0,0.0,,,0.0,0.0,0.0,,0.0,0.0,,0.0,0.0,0.010721533559262753,,0.0,0.0,0.0,0.0,,0.0,0.0,,0.0,0.0,0.0,0.000222572882194072,0.004138255026191473,0.0,0.0,0.0,0.0,0.0,0.0,0.0,0.0,,0.01636638306081295,,0.0,0.013081780634820461,0.00596213573589921,0.0,0.0,0.0,0.00783260352909565,0.013072560541331768,0.0,0.01504174992442131,0.0,,0.0,,0.0,0.007702955510467291,0.0,,0.0,0.0,0.0,0.0064319828525185585,0.0,0.0,0.0,0.0,0.006455377209931612,0.002276746090501547,0.0,,,0.0,0.0,0.0,,,,0.0,0.0,,0.0,,0.0,,0.0,,,0.0,,,,,0.0,,0.0,0.009475049562752247,0.0,,0.0,0.0,0.0006172159337438643,,0.011276694014668465,0.0,,0.0,0.008886725641787052,0.0,,,0.0,,0.01935204491019249,0.0,0.0,,0.0,0.0019069688860327005,,,,0.0,0.0,0.0,0.0,0.0,7.387471123365685e-05,,,,0.007764055393636227,0.0,,0.0,,0.0,0.0,0.0,0.0,,,0.0,0.0,,,0.0,,0.0,,0.0,0.0,0.0,0.0,0.0,0.0,0.0,,0.0,0.010640541091561317,0.0,0.0,0.0,,,0.0,0.0,0.0,0.0,0.004161264281719923,0.0073729087598621845,,,,0.007771022617816925,0.0,0.0,0.0,,,0.008342444896697998,0.0,0.0,,0.0,,,,,0.0,0.013751369901001453,0.0,,0.0,,,0.0,,0.006028351373970509,0.0,0.0,0.0,,0.006963010877370834,0.0,,0.0,0.0,0.0,0.0,0.0,,0.0025301980786025524,0.0,0.0,,0.0,0.0,0.0,0.0,0.0,0.0,0.0,,0.0009805925656110048,0.0,0.0,0.007419695612043142,0.0,0.0,0.0,,0.0,0.0,0.0,0.010489208623766899,0.0,0.0,0.0,0.0,0.0,0.0,0.00028485566144809127,0.0,0.0,0.0,,0.0,0.0,0.0,0.0,0.0,0.0,0.0,0.0,0.0,0.004446286242455244,0.0,0.0,0.0,,0.0,0.006903916597366333,,0.0032303640618920326,0.0,0.0,0.0,0.0,0.0,0.007855664007365704,0.0,0.0,0.0,0.011428353376686573,0.0,0.014265907928347588,0.0,0.0,0.0,0.0,0.0,0.0,0.0,0.0,0.0,0.0,0.0,0.0,0.0071387211792171,0.0,0.0,0.0,0.010663309134542942,0.009583434090018272,0.0,0.00991410668939352,0.0,0.0,0.0,0.019269602373242378,0.0,0.0,0.0,0.0,0.0,0.0,0.0,0.0,0.004451911896467209,0.0,0.0,0.0,0.0,0.0,0.015617968514561653,0.0,0.008543897420167923,0.0,0.0,0.017431413754820824,0.0,0.0,0.0,0.0,0.0,0.011158911511301994,0.0,0.006921166554093361,0.0,0.013884417712688446,0.0,0.0,0.0,0.0,0.0,0.017269155010581017,0.0,0.00583390099927783,0.0,0.0,,,,,,,,,,,,,,,,,,,,,,,,,,,,,,,,,,,,,,,,,,,,,,,,,,,,,,,,,,,,,,,,,,,,,,,,,,,,,,,,,,,,,,,,,,,,,,,,,,,,,,,,,,,,,,,,,,,,,,,,,,,,,,
2020-08-14,825127.9069216672,1012.0602799720411,,,,,,,,,,,76494.84123570709,,1039061.7711000025,,,,,,,,,,,,,,,,,,,,,,,,,,,,,,,,,,,,,,,,,,,2235.227814178798,,,,,,,,,,,,,,,,,,,,,,8082.355360427157,10571.922516972832,3085.5381259255305,7421.891063893989,9720.485186582953,78886.97689177791,24305.947107844215,4527.829689258854,34814.55317504658,,,,,,,,,,,,,,,,,,,,,,,,,,,,,,,,,,,,0.007672586012631655,0.0,0.0,0.01092440728098154,0.0,0.0,0.0,0.0,0.0,0.0,0.0,0.0,0.0,0.0,0.0,0.0,,0.0,,0.0,,0.0,0.0,0.0,0.010507198981940746,0.0,,0.0,0.0,0.010712611488997936,0.0,0.012846814468502998,0.0,,0.0,,,,0.0,0.0,0.0,,0.0,0.0,0.0012285824632272124,0.009027548134326935,0.0,,,0.0,,0.0,0.0,0.0,0.0,0.0,0.0,0.0,0.0,0.006439491640776396,0.015234255231916904,0.0,0.0,0.0,,0.011381476186215878,0.0,0.0,0.0,0.015055594965815544,,0.0005889178719371557,0.0,,0.0,0.0,0.0,0.0,,0.0,0.0,0.0,,0.0,,0.0,0.0,,0.0,,0.0,0.0,0.0030229962430894375,0.01743323914706707,0.0,0.012673601508140564,0.0,0.016194811090826988,0.0,,,0.009300514124333858,0.0,,,,,0.0,0.0,0.0,0.0,0.0,0.0,0.0,0.0,0.0,,0.012146583758294582,0.0019998527131974697,0.0,,0.019029388204216957,0.0,0.0015352413756772876,0.0,0.0,0.0,,0.002669151872396469,,0.014855947345495224,0.0,0.0,0.01175154373049736,,0.0,0.0,,0.0,0.0,0.0,0.0,0.0,0.0001421356719220057,0.0011042432161048055,0.0,0.0,0.0046468619257211685,0.003770541399717331,0.0,0.0012880248250439763,,0.02132318913936615,0.0,0.004850889090448618,0.0,,0.0,0.007785265799611807,0.0,0.0,0.0,0.0,0.0061191171407699585,0.0,0.0,0.0,,0.015078713186085224,0.0,0.0,,,,0.006918592378497124,0.002163069089874625,,0.0,0.0,0.0,0.0,,0.0,,0.0,0.0,0.013318006880581379,0.0,0.0,0.0,,,,0.0,0.01897398941218853,0.0,0.0,0.0,,0.0,0.008289680816233158,0.007186546456068754,0.0,,0.0,0.015495573170483112,0.0,0.0,0.0,,0.002988440217450261,0.0071138362400233746,0.006663523148745298,0.0,,0.0029522741679102182,0.007444577291607857,0.00870683416724205,0.0,0.015951599925756454,0.0,,0.0,0.0,0.0,0.0,0.0,0.0,,0.0,,0.005740217864513397,0.007723913062363863,0.0016765532782301307,0.0,0.0,0.0,0.0,,0.0,0.011521018110215664,0.0028374833054840565,,,0.0,0.0,0.0,0.0,0.0,0.0,0.0,0.0,0.0,,0.0,0.0,0.0014217449352145195,,0.0,0.0,0.0,0.015036061406135559,0.0,0.0,0.0,,,0.0,0.002523822244256735,0.0,0.0,0.0,,0.012212172150611877,,0.010441260412335396,0.0,,0.0,0.0001980172237381339,0.0,0.0,,,0.0,0.009777898900210857,,0.011562291532754898,0.0,,,0.0,0.021612513810396194,0.0,0.0,0.0,0.0,0.0,,,0.0,0.0,0.0,0.0,0.0,,,0.0,0.0,0.0,,0.0,0.0,,0.0,0.0,0.010721533559262753,,0.0,0.0,0.0,0.0,,0.0,0.0,,0.0,0.0,0.0,0.000222572882194072,0.004138255026191473,0.0,0.0,0.0,0.0,0.0,0.0,0.0,0.0,,0.01636638306081295,,0.0,0.013081780634820461,0.00596213573589921,0.0,0.0,0.0,0.00783260352909565,0.013072560541331768,0.0,0.01504174992442131,0.0,,0.0,,0.0,0.007702955510467291,0.0,,0.0,0.0,0.0,0.0064319828525185585,0.0,0.0,0.0,0.0,0.006455377209931612,0.002276746090501547,0.0,,,0.0,0.0,0.0,,,,0.0,0.0,,0.0,,0.0,,0.0,,,0.0,,,,,0.0,,0.0,0.009475049562752247,0.0,,0.0,0.0,0.0006172159337438643,,0.011276694014668465,0.0,,0.0,0.008886725641787052,0.0,,,0.0,,0.01935204491019249,0.0,0.0,,0.0,0.0019069688860327005,,,,0.0,0.0,0.0,0.0,0.0,7.387471123365685e-05,,,,0.007764055393636227,0.0,,0.0,,0.0,0.0,0.0,0.0,,,0.0,0.0,,,0.0,,0.0,,0.0,0.0,0.0,0.0,0.0,0.0,0.0,,0.0,0.010640541091561317,0.0,0.0,0.0,,,0.0,0.0,0.0,0.0,0.004161264281719923,0.0073729087598621845,,,,0.007771022617816925,0.0,0.0,0.0,,,0.008342444896697998,0.0,0.0,,0.0,,,,,0.0,0.013751369901001453,0.0,,0.0,,,0.0,,0.006028351373970509,0.0,0.0,0.0,,0.006963010877370834,0.0,,0.0,0.0,0.0,0.0,0.0,,0.0025301980786025524,0.0,0.0,,0.0,0.0,0.0,0.0,0.0,0.0,0.0,,0.0009805925656110048,0.0,0.0,0.007419695612043142,0.0,0.0,0.0,,0.0,0.0,0.0,0.010489208623766899,0.0,0.0,0.0,0.0,0.0,0.0,0.00028485566144809127,0.0,0.0,0.0,,0.0,0.0,0.0,0.0,0.0,0.0,0.0,0.0,0.0,0.004446286242455244,0.0,0.0,0.0,,0.0,0.006903916597366333,,0.0032303640618920326,0.0,0.0,0.0,0.0,0.0,0.007855664007365704,0.0,0.0,0.0,0.011428353376686573,0.0,0.014265907928347588,0.0,0.0,0.0,0.0,0.0,0.0,0.0,0.0,0.0,0.0,0.0,0.0,0.0071387211792171,0.0,0.0,0.0,0.010663309134542942,0.009583434090018272,0.0,0.00991410668939352,0.0,0.0,0.0,0.019269602373242378,0.0,0.0,0.0,0.0,0.0,0.0,0.0,0.0,0.004451911896467209,0.0,0.0,0.0,0.0,0.0,0.015617968514561653,0.0,0.008543897420167923,0.0,0.0,0.017431413754820824,0.0,0.0,0.0,0.0,0.0,0.011158911511301994,0.0,0.006921166554093361,0.0,0.013884417712688446,0.0,0.0,0.0,0.0,0.0,0.017269155010581017,0.0,0.00583390099927783,0.0,0.0,,,,,,,,,,,,,,,,,,,,,,,,,,,,,,,,,,,,,,,,,,,,,,,,,,,,,,,,,,,,,,,,,,,,,,,,,,,,,,,,,,,,,,,,,,,,,,,,,,,,,,,,,,,,,,,,,,,,,,,,,,,,,,
2020-08-17,844875.8194233918,192.41317821218388,,,,,,,,,,,76494.84123570709,,1039061.7711000025,,,,,,,,,,,,,,,,,,,,,,,,,,,,,,,,,,,,,,,,,,,2235.227814178798,,,,,,,,,,,,,,,,,,,,,,8082.355360427157,10572.260373441915,3085.5381259255305,7421.891063893989,9720.485186582953,79420.07021916512,24392.34106466665,4527.829689258854,34814.55317504658,,,,,,,,,,,,,,,,,,,,,,,,,,,,,,,,,,,,0.007672586012631655,0.0,0.0,0.01092440728098154,0.0,0.0,0.0,0.0,0.0,0.0,0.0,0.0,0.0,0.0,0.0,0.0,,0.0,,0.0,,0.0,0.0,0.0,0.010507198981940746,0.0,,0.0,0.0,0.010712611488997936,0.0,0.012846814468502998,0.0,,0.0,,,,0.0,0.0,0.0,,0.0,0.0,0.0012285824632272124,0.009027548134326935,0.0,,,0.0,,0.0,0.0,0.0,0.0,0.0,0.0,0.0,0.0,0.006439491640776396,0.015234255231916904,0.0,0.0,0.0,,0.011381476186215878,0.0,0.0,0.0,0.015055594965815544,,0.0005889178719371557,0.0,,0.0,0.0,0.0,0.0,,0.0,0.0,0.0,,0.0,,0.0,0.0,,0.0,,0.0,0.0,0.0030229962430894375,0.01743323914706707,0.0,0.012673601508140564,0.0,0.016194811090826988,0.0,,,0.009300514124333858,0.0,,,,,0.0,0.0,0.0,0.0,0.0,0.0,0.0,0.0,0.0,,0.012146583758294582,0.0019998527131974697,0.0,,0.019029388204216957,0.0,0.0015352413756772876,0.0,0.0,0.0,,0.002669151872396469,,0.014855947345495224,0.0,0.0,0.01175154373049736,,0.0,0.0,,0.0,0.0,0.0,0.0,0.0,0.0001421356719220057,0.0011042432161048055,0.0,0.0,0.0046468619257211685,0.003770541399717331,0.0,0.0012880248250439763,,0.02132318913936615,0.0,0.004850889090448618,0.0,,0.0,0.007785265799611807,0.0,0.0,0.0,0.0,0.0061191171407699585,0.0,0.0,0.0,,0.015078713186085224,0.0,0.0,,,,0.006918592378497124,0.002163069089874625,,0.0,0.0,0.0,0.0,,0.0,,0.0,0.0,0.013318006880581379,0.0,0.0,0.0,,,,0.0,0.01897398941218853,0.0,0.0,0.0,,0.0,0.008289680816233158,0.007186546456068754,0.0,,0.0,0.015495573170483112,0.0,0.0,0.0,,0.002988440217450261,0.0071138362400233746,0.006663523148745298,0.0,,0.0029522741679102182,0.007444577291607857,0.00870683416724205,0.0,0.015951599925756454,0.0,,0.0,0.0,0.0,0.0,0.0,0.0,,0.0,,0.005740217864513397,0.007723913062363863,0.0016765532782301307,0.0,0.0,0.0,0.0,,0.0,0.011521018110215664,0.0028374833054840565,,,0.0,0.0,0.0,0.0,0.0,0.0,0.0,0.0,0.0,,0.0,0.0,0.0014217449352145195,,0.0,0.0,0.0,0.015036061406135559,0.0,0.0,0.0,,,0.0,0.002523822244256735,0.0,0.0,0.0,,0.012212172150611877,,0.010441260412335396,0.0,,0.0,0.0001980172237381339,0.0,0.0,,,0.0,0.009777898900210857,,0.011562291532754898,0.0,,,0.0,0.021612513810396194,0.0,0.0,0.0,0.0,0.0,,,0.0,0.0,0.0,0.0,0.0,,,0.0,0.0,0.0,,0.0,0.0,,0.0,0.0,0.010721533559262753,,0.0,0.0,0.0,0.0,,0.0,0.0,,0.0,0.0,0.0,0.000222572882194072,0.004138255026191473,0.0,0.0,0.0,0.0,0.0,0.0,0.0,0.0,,0.01636638306081295,,0.0,0.013081780634820461,0.00596213573589921,0.0,0.0,0.0,0.00783260352909565,0.013072560541331768,0.0,0.01504174992442131,0.0,,0.0,,0.0,0.007702955510467291,0.0,,0.0,0.0,0.0,0.0064319828525185585,0.0,0.0,0.0,0.0,0.006455377209931612,0.002276746090501547,0.0,,,0.0,0.0,0.0,,,,0.0,0.0,,0.0,,0.0,,0.0,,,0.0,,,,,0.0,,0.0,0.009475049562752247,0.0,,0.0,0.0,0.0006172159337438643,,0.011276694014668465,0.0,,0.0,0.008886725641787052,0.0,,,0.0,,0.01935204491019249,0.0,0.0,,0.0,0.0019069688860327005,,,,0.0,0.0,0.0,0.0,0.0,7.387471123365685e-05,,,,0.007764055393636227,0.0,,0.0,,0.0,0.0,0.0,0.0,,,0.0,0.0,,,0.0,,0.0,,0.0,0.0,0.0,0.0,0.0,0.0,0.0,,0.0,0.010640541091561317,0.0,0.0,0.0,,,0.0,0.0,0.0,0.0,0.004161264281719923,0.0073729087598621845,,,,0.007771022617816925,0.0,0.0,0.0,,,0.008342444896697998,0.0,0.0,,0.0,,,,,0.0,0.013751369901001453,0.0,,0.0,,,0.0,,0.006028351373970509,0.0,0.0,0.0,,0.006963010877370834,0.0,,0.0,0.0,0.0,0.0,0.0,,0.0025301980786025524,0.0,0.0,,0.0,0.0,0.0,0.0,0.0,0.0,0.0,,0.0009805925656110048,0.0,0.0,0.007419695612043142,0.0,0.0,0.0,,0.0,0.0,0.0,0.010489208623766899,0.0,0.0,0.0,0.0,0.0,0.0,0.00028485566144809127,0.0,0.0,0.0,,0.0,0.0,0.0,0.0,0.0,0.0,0.0,0.0,0.0,0.004446286242455244,0.0,0.0,0.0,,0.0,0.006903916597366333,,0.0032303640618920326,0.0,0.0,0.0,0.0,0.0,0.007855664007365704,0.0,0.0,0.0,0.011428353376686573,0.0,0.014265907928347588,0.0,0.0,0.0,0.0,0.0,0.0,0.0,0.0,0.0,0.0,0.0,0.0,0.0071387211792171,0.0,0.0,0.0,0.010663309134542942,0.009583434090018272,0.0,0.00991410668939352,0.0,0.0,0.0,0.019269602373242378,0.0,0.0,0.0,0.0,0.0,0.0,0.0,0.0,0.004451911896467209,0.0,0.0,0.0,0.0,0.0,0.015617968514561653,0.0,0.008543897420167923,0.0,0.0,0.017431413754820824,0.0,0.0,0.0,0.0,0.0,0.011158911511301994,0.0,0.006921166554093361,0.0,0.013884417712688446,0.0,0.0,0.0,0.0,0.0,0.017269155010581017,0.0,0.00583390099927783,0.0,0.0,,,,,,,,,,,,,,,,,,,,,,,,,,,,,,,,,,,,,,,,,,,,,,,,,,,,,,,,,,,,,,,,,,,,,,,,,,,,,,,,,,,,,,,,,,,,,,,,,,,,,,,,,,,,,,,,,,,,,,,,,,,,,,
2020-08-18,849350.43393855,502.8866837739028,,,,,,,,,,,76494.84123570709,,1039061.7711000025,,,,,,,,,,,,,,,,,,,,,,,,,,,,,,,,,,,,,,,,,,,2235.227814178798,,,,,,,,,,,,,,,,,,,,,,8082.355360427157,10571.855220174759,3085.5381259255305,7421.891063893989,9720.466882897968,79420.07021916512,24303.521553331382,4527.829689258854,34814.55317504658,,,,,,,,,,,,,,,,,,,,,,,,,,,,,,,,,,,,0.007672586012631655,0.0,0.0,0.01092440728098154,0.0,0.0,0.0,0.0,0.0,0.0,0.0,0.0,0.0,0.0,0.0,0.0,,0.0,,0.0,,0.0,0.0,0.0,0.010507198981940746,0.0,,0.0,0.0,0.010712611488997936,0.0,0.012846814468502998,0.0,,0.0,,,,0.0,0.0,0.0,,0.0,0.0,0.0012285824632272124,0.009027548134326935,0.0,,,0.0,,0.0,0.0,0.0,0.0,0.0,0.0,0.0,0.0,0.006439491640776396,0.015234255231916904,0.0,0.0,0.0,,0.011381476186215878,0.0,0.0,0.0,0.015055594965815544,,0.0005889178719371557,0.0,,0.0,0.0,0.0,0.0,,0.0,0.0,0.0,,0.0,,0.0,0.0,,0.0,,0.0,0.0,0.0030229962430894375,0.01743323914706707,0.0,0.012673601508140564,0.0,0.016194811090826988,0.0,,,0.009300514124333858,0.0,,,,,0.0,0.0,0.0,0.0,0.0,0.0,0.0,0.0,0.0,,0.012146583758294582,0.0019998527131974697,0.0,,0.019029388204216957,0.0,0.0015352413756772876,0.0,0.0,0.0,,0.002669151872396469,,0.014855947345495224,0.0,0.0,0.01175154373049736,,0.0,0.0,,0.0,0.0,0.0,0.0,0.0,0.0001421356719220057,0.0011042432161048055,0.0,0.0,0.0046468619257211685,0.003770541399717331,0.0,0.0012880248250439763,,0.02132318913936615,0.0,0.004850889090448618,0.0,,0.0,0.007785265799611807,0.0,0.0,0.0,0.0,0.0061191171407699585,0.0,0.0,0.0,,0.015078713186085224,0.0,0.0,,,,0.006918592378497124,0.002163069089874625,,0.0,0.0,0.0,0.0,,0.0,,0.0,0.0,0.013318006880581379,0.0,0.0,0.0,,,,0.0,0.01897398941218853,0.0,0.0,0.0,,0.0,0.008289680816233158,0.007186546456068754,0.0,,0.0,0.015495573170483112,0.0,0.0,0.0,,0.002988440217450261,0.0071138362400233746,0.006663523148745298,0.0,,0.0029522741679102182,0.007444577291607857,0.00870683416724205,0.0,0.015951599925756454,0.0,,0.0,0.0,0.0,0.0,0.0,0.0,,0.0,,0.005740217864513397,0.007723913062363863,0.0016765532782301307,0.0,0.0,0.0,0.0,,0.0,0.011521018110215664,0.0028374833054840565,,,0.0,0.0,0.0,0.0,0.0,0.0,0.0,0.0,0.0,,0.0,0.0,0.0014217449352145195,,0.0,0.0,0.0,0.015036061406135559,0.0,0.0,0.0,,,0.0,0.002523822244256735,0.0,0.0,0.0,,0.012212172150611877,,0.010441260412335396,0.0,,0.0,0.0001980172237381339,0.0,0.0,,,0.0,0.009777898900210857,,0.011562291532754898,0.0,,,0.0,0.021612513810396194,0.0,0.0,0.0,0.0,0.0,,,0.0,0.0,0.0,0.0,0.0,,,0.0,0.0,0.0,,0.0,0.0,,0.0,0.0,0.010721533559262753,,0.0,0.0,0.0,0.0,,0.0,0.0,,0.0,0.0,0.0,0.000222572882194072,0.004138255026191473,0.0,0.0,0.0,0.0,0.0,0.0,0.0,0.0,,0.01636638306081295,,0.0,0.013081780634820461,0.00596213573589921,0.0,0.0,0.0,0.00783260352909565,0.013072560541331768,0.0,0.01504174992442131,0.0,,0.0,,0.0,0.007702955510467291,0.0,,0.0,0.0,0.0,0.0064319828525185585,0.0,0.0,0.0,0.0,0.006455377209931612,0.002276746090501547,0.0,,,0.0,0.0,0.0,,,,0.0,0.0,,0.0,,0.0,,0.0,,,0.0,,,,,0.0,,0.0,0.009475049562752247,0.0,,0.0,0.0,0.0006172159337438643,,0.011276694014668465,0.0,,0.0,0.008886725641787052,0.0,,,0.0,,0.01935204491019249,0.0,0.0,,0.0,0.0019069688860327005,,,,0.0,0.0,0.0,0.0,0.0,7.387471123365685e-05,,,,0.007764055393636227,0.0,,0.0,,0.0,0.0,0.0,0.0,,,0.0,0.0,,,0.0,,0.0,,0.0,0.0,0.0,0.0,0.0,0.0,0.0,,0.0,0.010640541091561317,0.0,0.0,0.0,,,0.0,0.0,0.0,0.0,0.004161264281719923,0.0073729087598621845,,,,0.007771022617816925,0.0,0.0,0.0,,,0.008342444896697998,0.0,0.0,,0.0,,,,,0.0,0.013751369901001453,0.0,,0.0,,,0.0,,0.006028351373970509,0.0,0.0,0.0,,0.006963010877370834,0.0,,0.0,0.0,0.0,0.0,0.0,,0.0025301980786025524,0.0,0.0,,0.0,0.0,0.0,0.0,0.0,0.0,0.0,,0.0009805925656110048,0.0,0.0,0.007419695612043142,0.0,0.0,0.0,,0.0,0.0,0.0,0.010489208623766899,0.0,0.0,0.0,0.0,0.0,0.0,0.00028485566144809127,0.0,0.0,0.0,,0.0,0.0,0.0,0.0,0.0,0.0,0.0,0.0,0.0,0.004446286242455244,0.0,0.0,0.0,,0.0,0.006903916597366333,,0.0032303640618920326,0.0,0.0,0.0,0.0,0.0,0.007855664007365704,0.0,0.0,0.0,0.011428353376686573,0.0,0.014265907928347588,0.0,0.0,0.0,0.0,0.0,0.0,0.0,0.0,0.0,0.0,0.0,0.0,0.0071387211792171,0.0,0.0,0.0,0.010663309134542942,0.009583434090018272,0.0,0.00991410668939352,0.0,0.0,0.0,0.019269602373242378,0.0,0.0,0.0,0.0,0.0,0.0,0.0,0.0,0.004451911896467209,0.0,0.0,0.0,0.0,0.0,0.015617968514561653,0.0,0.008543897420167923,0.0,0.0,0.017431413754820824,0.0,0.0,0.0,0.0,0.0,0.011158911511301994,0.0,0.006921166554093361,0.0,0.013884417712688446,0.0,0.0,0.0,0.0,0.0,0.017269155010581017,0.0,0.00583390099927783,0.0,0.0,,,,,,,,,,,,,,,,,,,,,,,,,,,,,,,,,,,,,,,,,,,,,,,,,,,,,,,,,,,,,,,,,,,,,,,,,,,,,,,,,,,,,,,,,,,,,,,,,,,,,,,,,,,,,,,,,,,,,,,,,,,,,,
2020-08-19,834135.3288414384,201.76090948373303,,,,,,,,,,,76494.84123570709,,1039061.7711000025,,,,,,,,,,,,,,,,,,,,,,,,,,,,,,,,,,,,,,,,,,,2235.227814178798,,,,,,,,,,,,,,,,,,,,,,8082.355360427157,10571.855220174759,3085.5381259255305,7421.891063893989,9720.4176040887,79420.07021916512,24393.532384321792,4527.829689258854,34812.10346033557,,,,,,,,,,,,,,,,,,,,,,,,,,,,,,,,,,,,0.007672586012631655,0.0,0.0,0.01092440728098154,0.0,0.0,0.0,0.0,0.0,0.0,0.0,0.0,0.0,0.0,0.0,0.0,,0.0,,0.0,,0.0,0.0,0.0,0.010507198981940746,0.0,,0.0,0.0,0.010712611488997936,0.0,0.012846814468502998,0.0,,0.0,,,,0.0,0.0,0.0,,0.0,0.0,0.0012285824632272124,0.009027548134326935,0.0,,,0.0,,0.0,0.0,0.0,0.0,0.0,0.0,0.0,0.0,0.006439491640776396,0.015234255231916904,0.0,0.0,0.0,,0.011381476186215878,0.0,0.0,0.0,0.015055594965815544,,0.0005889178719371557,0.0,,0.0,0.0,0.0,0.0,,0.0,0.0,0.0,,0.0,,0.0,0.0,,0.0,,0.0,0.0,0.0030229962430894375,0.01743323914706707,0.0,0.012673601508140564,0.0,0.016194811090826988,0.0,,,0.009300514124333858,0.0,,,,,0.0,0.0,0.0,0.0,0.0,0.0,0.0,0.0,0.0,,0.012146583758294582,0.0019998527131974697,0.0,,0.019029388204216957,0.0,0.0015352413756772876,0.0,0.0,0.0,,0.002669151872396469,,0.014855947345495224,0.0,0.0,0.01175154373049736,,0.0,0.0,,0.0,0.0,0.0,0.0,0.0,0.0001421356719220057,0.0011042432161048055,0.0,0.0,0.0046468619257211685,0.003770541399717331,0.0,0.0012880248250439763,,0.02132318913936615,0.0,0.004850889090448618,0.0,,0.0,0.007785265799611807,0.0,0.0,0.0,0.0,0.0061191171407699585,0.0,0.0,0.0,,0.015078713186085224,0.0,0.0,,,,0.006918592378497124,0.002163069089874625,,0.0,0.0,0.0,0.0,,0.0,,0.0,0.0,0.013318006880581379,0.0,0.0,0.0,,,,0.0,0.01897398941218853,0.0,0.0,0.0,,0.0,0.008289680816233158,0.007186546456068754,0.0,,0.0,0.015495573170483112,0.0,0.0,0.0,,0.002988440217450261,0.0071138362400233746,0.006663523148745298,0.0,,0.0029522741679102182,0.007444577291607857,0.00870683416724205,0.0,0.015951599925756454,0.0,,0.0,0.0,0.0,0.0,0.0,0.0,,0.0,,0.005740217864513397,0.007723913062363863,0.0016765532782301307,0.0,0.0,0.0,0.0,,0.0,0.011521018110215664,0.0028374833054840565,,,0.0,0.0,0.0,0.0,0.0,0.0,0.0,0.0,0.0,,0.0,0.0,0.0014217449352145195,,0.0,0.0,0.0,0.015036061406135559,0.0,0.0,0.0,,,0.0,0.002523822244256735,0.0,0.0,0.0,,0.012212172150611877,,0.010441260412335396,0.0,,0.0,0.0001980172237381339,0.0,0.0,,,0.0,0.009777898900210857,,0.011562291532754898,0.0,,,0.0,0.021612513810396194,0.0,0.0,0.0,0.0,0.0,,,0.0,0.0,0.0,0.0,0.0,,,0.0,0.0,0.0,,0.0,0.0,,0.0,0.0,0.010721533559262753,,0.0,0.0,0.0,0.0,,0.0,0.0,,0.0,0.0,0.0,0.000222572882194072,0.004138255026191473,0.0,0.0,0.0,0.0,0.0,0.0,0.0,0.0,,0.01636638306081295,,0.0,0.013081780634820461,0.00596213573589921,0.0,0.0,0.0,0.00783260352909565,0.013072560541331768,0.0,0.01504174992442131,0.0,,0.0,,0.0,0.007702955510467291,0.0,,0.0,0.0,0.0,0.0064319828525185585,0.0,0.0,0.0,0.0,0.006455377209931612,0.002276746090501547,0.0,,,0.0,0.0,0.0,,,,0.0,0.0,,0.0,,0.0,,0.0,,,0.0,,,,,0.0,,0.0,0.009475049562752247,0.0,,0.0,0.0,0.0006172159337438643,,0.011276694014668465,0.0,,0.0,0.008886725641787052,0.0,,,0.0,,0.01935204491019249,0.0,0.0,,0.0,0.0019069688860327005,,,,0.0,0.0,0.0,0.0,0.0,7.387471123365685e-05,,,,0.007764055393636227,0.0,,0.0,,0.0,0.0,0.0,0.0,,,0.0,0.0,,,0.0,,0.0,,0.0,0.0,0.0,0.0,0.0,0.0,0.0,,0.0,0.010640541091561317,0.0,0.0,0.0,,,0.0,0.0,0.0,0.0,0.004161264281719923,0.0073729087598621845,,,,0.007771022617816925,0.0,0.0,0.0,,,0.008342444896697998,0.0,0.0,,0.0,,,,,0.0,0.013751369901001453,0.0,,0.0,,,0.0,,0.006028351373970509,0.0,0.0,0.0,,0.006963010877370834,0.0,,0.0,0.0,0.0,0.0,0.0,,0.0025301980786025524,0.0,0.0,,0.0,0.0,0.0,0.0,0.0,0.0,0.0,,0.0009805925656110048,0.0,0.0,0.007419695612043142,0.0,0.0,0.0,,0.0,0.0,0.0,0.010489208623766899,0.0,0.0,0.0,0.0,0.0,0.0,0.00028485566144809127,0.0,0.0,0.0,,0.0,0.0,0.0,0.0,0.0,0.0,0.0,0.0,0.0,0.004446286242455244,0.0,0.0,0.0,,0.0,0.006903916597366333,,0.0032303640618920326,0.0,0.0,0.0,0.0,0.0,0.007855664007365704,0.0,0.0,0.0,0.011428353376686573,0.0,0.014265907928347588,0.0,0.0,0.0,0.0,0.0,0.0,0.0,0.0,0.0,0.0,0.0,0.0,0.0071387211792171,0.0,0.0,0.0,0.010663309134542942,0.009583434090018272,0.0,0.00991410668939352,0.0,0.0,0.0,0.019269602373242378,0.0,0.0,0.0,0.0,0.0,0.0,0.0,0.0,0.004451911896467209,0.0,0.0,0.0,0.0,0.0,0.015617968514561653,0.0,0.008543897420167923,0.0,0.0,0.017431413754820824,0.0,0.0,0.0,0.0,0.0,0.011158911511301994,0.0,0.006921166554093361,0.0,0.013884417712688446,0.0,0.0,0.0,0.0,0.0,0.017269155010581017,0.0,0.00583390099927783,0.0,0.0,,,,,,,,,,,,,,,,,,,,,,,,,,,,,,,,,,,,,,,,,,,,,,,,,,,,,,,,,,,,,,,,,,,,,,,,,,,,,,,,,,,,,,,,,,,,,,,,,,,,,,,,,,,,,,,,,,,,,,,,,,,,,,
2020-08-20,818080.9581142317,394.4825840749147,,,,,,,,,,,76494.84123570709,,1039061.7711000025,,,,,,,,,,,,,,,,,,,,,,,,,,,,,,,,,,,,,,,,,,,2235.227814178798,,,,,,,,,,,,,,,,,,,,,,8082.355360427157,10464.563191170051,3085.5381259255305,7421.891063893989,9720.4176040887,80486.10859401921,23945.255128704543,4595.408893709156,34812.10346033557,,,,,,,,,,,,,,,,,,,,,,,,,,,,,,,,,,,,0.007672586012631655,0.0,0.0,0.01092440728098154,0.0,0.0,0.0,0.0,0.0,0.0,0.0,0.0,0.0,0.0,0.0,0.0,,0.0,,0.0,,0.0,0.0,0.0,0.010507198981940746,0.0,,0.0,0.0,0.010712611488997936,0.0,0.012846814468502998,0.0,,0.0,,,,0.0,0.0,0.0,,0.0,0.0,0.0012285824632272124,0.009027548134326935,0.0,,,0.0,,0.0,0.0,0.0,0.0,0.0,0.0,0.0,0.0,0.006439491640776396,0.015234255231916904,0.0,0.0,0.0,,0.011381476186215878,0.0,0.0,0.0,0.015055594965815544,,0.0005889178719371557,0.0,,0.0,0.0,0.0,0.0,,0.0,0.0,0.0,,0.0,,0.0,0.0,,0.0,,0.0,0.0,0.0030229962430894375,0.01743323914706707,0.0,0.012673601508140564,0.0,0.016194811090826988,0.0,,,0.009300514124333858,0.0,,,,,0.0,0.0,0.0,0.0,0.0,0.0,0.0,0.0,0.0,,0.012146583758294582,0.0019998527131974697,0.0,,0.019029388204216957,0.0,0.0015352413756772876,0.0,0.0,0.0,,0.002669151872396469,,0.014855947345495224,0.0,0.0,0.01175154373049736,,0.0,0.0,,0.0,0.0,0.0,0.0,0.0,0.0001421356719220057,0.0011042432161048055,0.0,0.0,0.0046468619257211685,0.003770541399717331,0.0,0.0012880248250439763,,0.02132318913936615,0.0,0.004850889090448618,0.0,,0.0,0.007785265799611807,0.0,0.0,0.0,0.0,0.0061191171407699585,0.0,0.0,0.0,,0.015078713186085224,0.0,0.0,,,,0.006918592378497124,0.002163069089874625,,0.0,0.0,0.0,0.0,,0.0,,0.0,0.0,0.013318006880581379,0.0,0.0,0.0,,,,0.0,0.01897398941218853,0.0,0.0,0.0,,0.0,0.008289680816233158,0.007186546456068754,0.0,,0.0,0.015495573170483112,0.0,0.0,0.0,,0.002988440217450261,0.0071138362400233746,0.006663523148745298,0.0,,0.0029522741679102182,0.007444577291607857,0.00870683416724205,0.0,0.015951599925756454,0.0,,0.0,0.0,0.0,0.0,0.0,0.0,,0.0,,0.005740217864513397,0.007723913062363863,0.0016765532782301307,0.0,0.0,0.0,0.0,,0.0,0.011521018110215664,0.0028374833054840565,,,0.0,0.0,0.0,0.0,0.0,0.0,0.0,0.0,0.0,,0.0,0.0,0.0014217449352145195,,0.0,0.0,0.0,0.015036061406135559,0.0,0.0,0.0,,,0.0,0.002523822244256735,0.0,0.0,0.0,,0.012212172150611877,,0.010441260412335396,0.0,,0.0,0.0001980172237381339,0.0,0.0,,,0.0,0.009777898900210857,,0.011562291532754898,0.0,,,0.0,0.021612513810396194,0.0,0.0,0.0,0.0,0.0,,,0.0,0.0,0.0,0.0,0.0,,,0.0,0.0,0.0,,0.0,0.0,,0.0,0.0,0.010721533559262753,,0.0,0.0,0.0,0.0,,0.0,0.0,,0.0,0.0,0.0,0.000222572882194072,0.004138255026191473,0.0,0.0,0.0,0.0,0.0,0.0,0.0,0.0,,0.01636638306081295,,0.0,0.013081780634820461,0.00596213573589921,0.0,0.0,0.0,0.00783260352909565,0.013072560541331768,0.0,0.01504174992442131,0.0,,0.0,,0.0,0.007702955510467291,0.0,,0.0,0.0,0.0,0.0064319828525185585,0.0,0.0,0.0,0.0,0.006455377209931612,0.002276746090501547,0.0,,,0.0,0.0,0.0,,,,0.0,0.0,,0.0,,0.0,,0.0,,,0.0,,,,,0.0,,0.0,0.009475049562752247,0.0,,0.0,0.0,0.0006172159337438643,,0.011276694014668465,0.0,,0.0,0.008886725641787052,0.0,,,0.0,,0.01935204491019249,0.0,0.0,,0.0,0.0019069688860327005,,,,0.0,0.0,0.0,0.0,0.0,7.387471123365685e-05,,,,0.007764055393636227,0.0,,0.0,,0.0,0.0,0.0,0.0,,,0.0,0.0,,,0.0,,0.0,,0.0,0.0,0.0,0.0,0.0,0.0,0.0,,0.0,0.010640541091561317,0.0,0.0,0.0,,,0.0,0.0,0.0,0.0,0.004161264281719923,0.0073729087598621845,,,,0.007771022617816925,0.0,0.0,0.0,,,0.008342444896697998,0.0,0.0,,0.0,,,,,0.0,0.013751369901001453,0.0,,0.0,,,0.0,,0.006028351373970509,0.0,0.0,0.0,,0.006963010877370834,0.0,,0.0,0.0,0.0,0.0,0.0,,0.0025301980786025524,0.0,0.0,,0.0,0.0,0.0,0.0,0.0,0.0,0.0,,0.0009805925656110048,0.0,0.0,0.007419695612043142,0.0,0.0,0.0,,0.0,0.0,0.0,0.010489208623766899,0.0,0.0,0.0,0.0,0.0,0.0,0.00028485566144809127,0.0,0.0,0.0,,0.0,0.0,0.0,0.0,0.0,0.0,0.0,0.0,0.0,0.004446286242455244,0.0,0.0,0.0,,0.0,0.006903916597366333,,0.0032303640618920326,0.0,0.0,0.0,0.0,0.0,0.007855664007365704,0.0,0.0,0.0,0.011428353376686573,0.0,0.014265907928347588,0.0,0.0,0.0,0.0,0.0,0.0,0.0,0.0,0.0,0.0,0.0,0.0,0.0071387211792171,0.0,0.0,0.0,0.010663309134542942,0.009583434090018272,0.0,0.00991410668939352,0.0,0.0,0.0,0.019269602373242378,0.0,0.0,0.0,0.0,0.0,0.0,0.0,0.0,0.004451911896467209,0.0,0.0,0.0,0.0,0.0,0.015617968514561653,0.0,0.008543897420167923,0.0,0.0,0.017431413754820824,0.0,0.0,0.0,0.0,0.0,0.011158911511301994,0.0,0.006921166554093361,0.0,0.013884417712688446,0.0,0.0,0.0,0.0,0.0,0.017269155010581017,0.0,0.00583390099927783,0.0,0.0,,,,,,,,,,,,,,,,,,,,,,,,,,,,,,,,,,,,,,,,,,,,,,,,,,,,,,,,,,,,,,,,,,,,,,,,,,,,,,,,,,,,,,,,,,,,,,,,,,,,,,,,,,,,,,,,,,,,,,,,,,,,,,
2020-08-21,818297.1801250983,88.26941188846973,,,,,,,,,,,76494.84123570709,,1039061.7711000025,,,,,,,,,,,,,,,,,,,,,,,,,,,,,,,,,,,,,,,,,,,2235.227814178798,,,,,,,,,,,,,,,,,,,,,,8082.355360427157,10464.452163834954,3085.5381259255305,7421.891063893989,9720.49293047043,80486.10859401921,24035.277155029893,4595.408893709156,34812.10346033557,,,,,,,,,,,,,,,,,,,,,,,,,,,,,,,,,,,,0.007672586012631655,0.0,0.0,0.01092440728098154,0.0,0.0,0.0,0.0,0.0,0.0,0.0,0.0,0.0,0.0,0.0,0.0,,0.0,,0.0,,0.0,0.0,0.0,0.010507198981940746,0.0,,0.0,0.0,0.010712611488997936,0.0,0.012846814468502998,0.0,,0.0,,,,0.0,0.0,0.0,,0.0,0.0,0.0012285824632272124,0.009027548134326935,0.0,,,0.0,,0.0,0.0,0.0,0.0,0.0,0.0,0.0,0.0,0.006439491640776396,0.015234255231916904,0.0,0.0,0.0,,0.011381476186215878,0.0,0.0,0.0,0.015055594965815544,,0.0005889178719371557,0.0,,0.0,0.0,0.0,0.0,,0.0,0.0,0.0,,0.0,,0.0,0.0,,0.0,,0.0,0.0,0.0030229962430894375,0.01743323914706707,0.0,0.012673601508140564,0.0,0.016194811090826988,0.0,,,0.009300514124333858,0.0,,,,,0.0,0.0,0.0,0.0,0.0,0.0,0.0,0.0,0.0,,0.012146583758294582,0.0019998527131974697,0.0,,0.019029388204216957,0.0,0.0015352413756772876,0.0,0.0,0.0,,0.002669151872396469,,0.014855947345495224,0.0,0.0,0.01175154373049736,,0.0,0.0,,0.0,0.0,0.0,0.0,0.0,0.0001421356719220057,0.0011042432161048055,0.0,0.0,0.0046468619257211685,0.003770541399717331,0.0,0.0012880248250439763,,0.02132318913936615,0.0,0.004850889090448618,0.0,,0.0,0.007785265799611807,0.0,0.0,0.0,0.0,0.0061191171407699585,0.0,0.0,0.0,,0.015078713186085224,0.0,0.0,,,,0.006918592378497124,0.002163069089874625,,0.0,0.0,0.0,0.0,,0.0,,0.0,0.0,0.013318006880581379,0.0,0.0,0.0,,,,0.0,0.01897398941218853,0.0,0.0,0.0,,0.0,0.008289680816233158,0.007186546456068754,0.0,,0.0,0.015495573170483112,0.0,0.0,0.0,,0.002988440217450261,0.0071138362400233746,0.006663523148745298,0.0,,0.0029522741679102182,0.007444577291607857,0.00870683416724205,0.0,0.015951599925756454,0.0,,0.0,0.0,0.0,0.0,0.0,0.0,,0.0,,0.005740217864513397,0.007723913062363863,0.0016765532782301307,0.0,0.0,0.0,0.0,,0.0,0.011521018110215664,0.0028374833054840565,,,0.0,0.0,0.0,0.0,0.0,0.0,0.0,0.0,0.0,,0.0,0.0,0.0014217449352145195,,0.0,0.0,0.0,0.015036061406135559,0.0,0.0,0.0,,,0.0,0.002523822244256735,0.0,0.0,0.0,,0.012212172150611877,,0.010441260412335396,0.0,,0.0,0.0001980172237381339,0.0,0.0,,,0.0,0.009777898900210857,,0.011562291532754898,0.0,,,0.0,0.021612513810396194,0.0,0.0,0.0,0.0,0.0,,,0.0,0.0,0.0,0.0,0.0,,,0.0,0.0,0.0,,0.0,0.0,,0.0,0.0,0.010721533559262753,,0.0,0.0,0.0,0.0,,0.0,0.0,,0.0,0.0,0.0,0.000222572882194072,0.004138255026191473,0.0,0.0,0.0,0.0,0.0,0.0,0.0,0.0,,0.01636638306081295,,0.0,0.013081780634820461,0.00596213573589921,0.0,0.0,0.0,0.00783260352909565,0.013072560541331768,0.0,0.01504174992442131,0.0,,0.0,,0.0,0.007702955510467291,0.0,,0.0,0.0,0.0,0.0064319828525185585,0.0,0.0,0.0,0.0,0.006455377209931612,0.002276746090501547,0.0,,,0.0,0.0,0.0,,,,0.0,0.0,,0.0,,0.0,,0.0,,,0.0,,,,,0.0,,0.0,0.009475049562752247,0.0,,0.0,0.0,0.0006172159337438643,,0.011276694014668465,0.0,,0.0,0.008886725641787052,0.0,,,0.0,,0.01935204491019249,0.0,0.0,,0.0,0.0019069688860327005,,,,0.0,0.0,0.0,0.0,0.0,7.387471123365685e-05,,,,0.007764055393636227,0.0,,0.0,,0.0,0.0,0.0,0.0,,,0.0,0.0,,,0.0,,0.0,,0.0,0.0,0.0,0.0,0.0,0.0,0.0,,0.0,0.010640541091561317,0.0,0.0,0.0,,,0.0,0.0,0.0,0.0,0.004161264281719923,0.0073729087598621845,,,,0.007771022617816925,0.0,0.0,0.0,,,0.008342444896697998,0.0,0.0,,0.0,,,,,0.0,0.013751369901001453,0.0,,0.0,,,0.0,,0.006028351373970509,0.0,0.0,0.0,,0.006963010877370834,0.0,,0.0,0.0,0.0,0.0,0.0,,0.0025301980786025524,0.0,0.0,,0.0,0.0,0.0,0.0,0.0,0.0,0.0,,0.0009805925656110048,0.0,0.0,0.007419695612043142,0.0,0.0,0.0,,0.0,0.0,0.0,0.010489208623766899,0.0,0.0,0.0,0.0,0.0,0.0,0.00028485566144809127,0.0,0.0,0.0,,0.0,0.0,0.0,0.0,0.0,0.0,0.0,0.0,0.0,0.004446286242455244,0.0,0.0,0.0,,0.0,0.006903916597366333,,0.0032303640618920326,0.0,0.0,0.0,0.0,0.0,0.007855664007365704,0.0,0.0,0.0,0.011428353376686573,0.0,0.014265907928347588,0.0,0.0,0.0,0.0,0.0,0.0,0.0,0.0,0.0,0.0,0.0,0.0,0.0071387211792171,0.0,0.0,0.0,0.010663309134542942,0.009583434090018272,0.0,0.00991410668939352,0.0,0.0,0.0,0.019269602373242378,0.0,0.0,0.0,0.0,0.0,0.0,0.0,0.0,0.004451911896467209,0.0,0.0,0.0,0.0,0.0,0.015617968514561653,0.0,0.008543897420167923,0.0,0.0,0.017431413754820824,0.0,0.0,0.0,0.0,0.0,0.011158911511301994,0.0,0.006921166554093361,0.0,0.013884417712688446,0.0,0.0,0.0,0.0,0.0,0.017269155010581017,0.0,0.00583390099927783,0.0,0.0,,,,,,,,,,,,,,,,,,,,,,,,,,,,,,,,,,,,,,,,,,,,,,,,,,,,,,,,,,,,,,,,,,,,,,,,,,,,,,,,,,,,,,,,,,,,,,,,,,,,,,,,,,,,,,,,,,,,,,,,,,,,,,
2020-08-24,816911.8212642196,420.1065515515332,,,,,,,,,,,76494.84123570709,,1039061.7711000025,,,,,,,,,,,,,,,,,,,,,,,,,,,,,,,,,,,,,,,,,,,2235.227814178798,,,,,,,,,,,,,,,,,,,,,,8082.355360427157,10356.71705854071,3085.5381259255305,7421.891063893989,9720.49293047043,81019.28014850557,24035.881028868167,4595.408893709156,34812.10346033557,,,,,,,,,,,,,,,,,,,,,,,,,,,,,,,,,,,,0.007672586012631655,0.0,0.0,0.01092440728098154,0.0,0.0,0.0,0.0,0.0,0.0,0.0,0.0,0.0,0.0,0.0,0.0,,0.0,,0.0,,0.0,0.0,0.0,0.010507198981940746,0.0,,0.0,0.0,0.010712611488997936,0.0,0.012846814468502998,0.0,,0.0,,,,0.0,0.0,0.0,,0.0,0.0,0.0012285824632272124,0.009027548134326935,0.0,,,0.0,,0.0,0.0,0.0,0.0,0.0,0.0,0.0,0.0,0.006439491640776396,0.015234255231916904,0.0,0.0,0.0,,0.011381476186215878,0.0,0.0,0.0,0.015055594965815544,,0.0005889178719371557,0.0,,0.0,0.0,0.0,0.0,,0.0,0.0,0.0,,0.0,,0.0,0.0,,0.0,,0.0,0.0,0.0030229962430894375,0.01743323914706707,0.0,0.012673601508140564,0.0,0.016194811090826988,0.0,,,0.009300514124333858,0.0,,,,,0.0,0.0,0.0,0.0,0.0,0.0,0.0,0.0,0.0,,0.012146583758294582,0.0019998527131974697,0.0,,0.019029388204216957,0.0,0.0015352413756772876,0.0,0.0,0.0,,0.002669151872396469,,0.014855947345495224,0.0,0.0,0.01175154373049736,,0.0,0.0,,0.0,0.0,0.0,0.0,0.0,0.0001421356719220057,0.0011042432161048055,0.0,0.0,0.0046468619257211685,0.003770541399717331,0.0,0.0012880248250439763,,0.02132318913936615,0.0,0.004850889090448618,0.0,,0.0,0.007785265799611807,0.0,0.0,0.0,0.0,0.0061191171407699585,0.0,0.0,0.0,,0.015078713186085224,0.0,0.0,,,,0.006918592378497124,0.002163069089874625,,0.0,0.0,0.0,0.0,,0.0,,0.0,0.0,0.013318006880581379,0.0,0.0,0.0,,,,0.0,0.01897398941218853,0.0,0.0,0.0,,0.0,0.008289680816233158,0.007186546456068754,0.0,,0.0,0.015495573170483112,0.0,0.0,0.0,,0.002988440217450261,0.0071138362400233746,0.006663523148745298,0.0,,0.0029522741679102182,0.007444577291607857,0.00870683416724205,0.0,0.015951599925756454,0.0,,0.0,0.0,0.0,0.0,0.0,0.0,,0.0,,0.005740217864513397,0.007723913062363863,0.0016765532782301307,0.0,0.0,0.0,0.0,,0.0,0.011521018110215664,0.0028374833054840565,,,0.0,0.0,0.0,0.0,0.0,0.0,0.0,0.0,0.0,,0.0,0.0,0.0014217449352145195,,0.0,0.0,0.0,0.015036061406135559,0.0,0.0,0.0,,,0.0,0.002523822244256735,0.0,0.0,0.0,,0.012212172150611877,,0.010441260412335396,0.0,,0.0,0.0001980172237381339,0.0,0.0,,,0.0,0.009777898900210857,,0.011562291532754898,0.0,,,0.0,0.021612513810396194,0.0,0.0,0.0,0.0,0.0,,,0.0,0.0,0.0,0.0,0.0,,,0.0,0.0,0.0,,0.0,0.0,,0.0,0.0,0.010721533559262753,,0.0,0.0,0.0,0.0,,0.0,0.0,,0.0,0.0,0.0,0.000222572882194072,0.004138255026191473,0.0,0.0,0.0,0.0,0.0,0.0,0.0,0.0,,0.01636638306081295,,0.0,0.013081780634820461,0.00596213573589921,0.0,0.0,0.0,0.00783260352909565,0.013072560541331768,0.0,0.01504174992442131,0.0,,0.0,,0.0,0.007702955510467291,0.0,,0.0,0.0,0.0,0.0064319828525185585,0.0,0.0,0.0,0.0,0.006455377209931612,0.002276746090501547,0.0,,,0.0,0.0,0.0,,,,0.0,0.0,,0.0,,0.0,,0.0,,,0.0,,,,,0.0,,0.0,0.009475049562752247,0.0,,0.0,0.0,0.0006172159337438643,,0.011276694014668465,0.0,,0.0,0.008886725641787052,0.0,,,0.0,,0.01935204491019249,0.0,0.0,,0.0,0.0019069688860327005,,,,0.0,0.0,0.0,0.0,0.0,7.387471123365685e-05,,,,0.007764055393636227,0.0,,0.0,,0.0,0.0,0.0,0.0,,,0.0,0.0,,,0.0,,0.0,,0.0,0.0,0.0,0.0,0.0,0.0,0.0,,0.0,0.010640541091561317,0.0,0.0,0.0,,,0.0,0.0,0.0,0.0,0.004161264281719923,0.0073729087598621845,,,,0.007771022617816925,0.0,0.0,0.0,,,0.008342444896697998,0.0,0.0,,0.0,,,,,0.0,0.013751369901001453,0.0,,0.0,,,0.0,,0.006028351373970509,0.0,0.0,0.0,,0.006963010877370834,0.0,,0.0,0.0,0.0,0.0,0.0,,0.0025301980786025524,0.0,0.0,,0.0,0.0,0.0,0.0,0.0,0.0,0.0,,0.0009805925656110048,0.0,0.0,0.007419695612043142,0.0,0.0,0.0,,0.0,0.0,0.0,0.010489208623766899,0.0,0.0,0.0,0.0,0.0,0.0,0.00028485566144809127,0.0,0.0,0.0,,0.0,0.0,0.0,0.0,0.0,0.0,0.0,0.0,0.0,0.004446286242455244,0.0,0.0,0.0,,0.0,0.006903916597366333,,0.0032303640618920326,0.0,0.0,0.0,0.0,0.0,0.007855664007365704,0.0,0.0,0.0,0.011428353376686573,0.0,0.014265907928347588,0.0,0.0,0.0,0.0,0.0,0.0,0.0,0.0,0.0,0.0,0.0,0.0,0.0071387211792171,0.0,0.0,0.0,0.010663309134542942,0.009583434090018272,0.0,0.00991410668939352,0.0,0.0,0.0,0.019269602373242378,0.0,0.0,0.0,0.0,0.0,0.0,0.0,0.0,0.004451911896467209,0.0,0.0,0.0,0.0,0.0,0.015617968514561653,0.0,0.008543897420167923,0.0,0.0,0.017431413754820824,0.0,0.0,0.0,0.0,0.0,0.011158911511301994,0.0,0.006921166554093361,0.0,0.013884417712688446,0.0,0.0,0.0,0.0,0.0,0.017269155010581017,0.0,0.00583390099927783,0.0,0.0,,,,,,,,,,,,,,,,,,,,,,,,,,,,,,,,,,,,,,,,,,,,,,,,,,,,,,,,,,,,,,,,,,,,,,,,,,,,,,,,,,,,,,,,,,,,,,,,,,,,,,,,,,,,,,,,,,,,,,,,,,,,,,
2020-08-25,812558.2654588744,120.23820831621697,,,,,,,,,,,76494.84123570709,,1039061.7711000025,,,,,,,,,,,,,,,,,,,,,,,,,,,,,,,,,,,,,,,,,,,2235.227814178798,,,,,,,,,,,,,,,,,,,,,,8082.355360427157,10356.535252580175,3085.5381259255305,7421.891063893989,9720.49293047043,81019.28014850557,24124.670724597432,4595.408893709156,34812.10346033557,,,,,,,,,,,,,,,,,,,,,,,,,,,,,,,,,,,,0.007672586012631655,0.0,0.0,0.01092440728098154,0.0,0.0,0.0,0.0,0.0,0.0,0.0,0.0,0.0,0.0,0.0,0.0,,0.0,,0.0,,0.0,0.0,0.0,0.010507198981940746,0.0,,0.0,0.0,0.010712611488997936,0.0,0.012846814468502998,0.0,,0.0,,,,0.0,0.0,0.0,,0.0,0.0,0.0012285824632272124,0.009027548134326935,0.0,,,0.0,,0.0,0.0,0.0,0.0,0.0,0.0,0.0,0.0,0.006439491640776396,0.015234255231916904,0.0,0.0,0.0,,0.011381476186215878,0.0,0.0,0.0,0.015055594965815544,,0.0005889178719371557,0.0,,0.0,0.0,0.0,0.0,,0.0,0.0,0.0,,0.0,,0.0,0.0,,0.0,,0.0,0.0,0.0030229962430894375,0.01743323914706707,0.0,0.012673601508140564,0.0,0.016194811090826988,0.0,,,0.009300514124333858,0.0,,,,,0.0,0.0,0.0,0.0,0.0,0.0,0.0,0.0,0.0,,0.012146583758294582,0.0019998527131974697,0.0,,0.019029388204216957,0.0,0.0015352413756772876,0.0,0.0,0.0,,0.002669151872396469,,0.014855947345495224,0.0,0.0,0.01175154373049736,,0.0,0.0,,0.0,0.0,0.0,0.0,0.0,0.0001421356719220057,0.0011042432161048055,0.0,0.0,0.0046468619257211685,0.003770541399717331,0.0,0.0012880248250439763,,0.02132318913936615,0.0,0.004850889090448618,0.0,,0.0,0.007785265799611807,0.0,0.0,0.0,0.0,0.0061191171407699585,0.0,0.0,0.0,,0.015078713186085224,0.0,0.0,,,,0.006918592378497124,0.002163069089874625,,0.0,0.0,0.0,0.0,,0.0,,0.0,0.0,0.013318006880581379,0.0,0.0,0.0,,,,0.0,0.01897398941218853,0.0,0.0,0.0,,0.0,0.008289680816233158,0.007186546456068754,0.0,,0.0,0.015495573170483112,0.0,0.0,0.0,,0.002988440217450261,0.0071138362400233746,0.006663523148745298,0.0,,0.0029522741679102182,0.007444577291607857,0.00870683416724205,0.0,0.015951599925756454,0.0,,0.0,0.0,0.0,0.0,0.0,0.0,,0.0,,0.005740217864513397,0.007723913062363863,0.0016765532782301307,0.0,0.0,0.0,0.0,,0.0,0.011521018110215664,0.0028374833054840565,,,0.0,0.0,0.0,0.0,0.0,0.0,0.0,0.0,0.0,,0.0,0.0,0.0014217449352145195,,0.0,0.0,0.0,0.015036061406135559,0.0,0.0,0.0,,,0.0,0.002523822244256735,0.0,0.0,0.0,,0.012212172150611877,,0.010441260412335396,0.0,,0.0,0.0001980172237381339,0.0,0.0,,,0.0,0.009777898900210857,,0.011562291532754898,0.0,,,0.0,0.021612513810396194,0.0,0.0,0.0,0.0,0.0,,,0.0,0.0,0.0,0.0,0.0,,,0.0,0.0,0.0,,0.0,0.0,,0.0,0.0,0.010721533559262753,,0.0,0.0,0.0,0.0,,0.0,0.0,,0.0,0.0,0.0,0.000222572882194072,0.004138255026191473,0.0,0.0,0.0,0.0,0.0,0.0,0.0,0.0,,0.01636638306081295,,0.0,0.013081780634820461,0.00596213573589921,0.0,0.0,0.0,0.00783260352909565,0.013072560541331768,0.0,0.01504174992442131,0.0,,0.0,,0.0,0.007702955510467291,0.0,,0.0,0.0,0.0,0.0064319828525185585,0.0,0.0,0.0,0.0,0.006455377209931612,0.002276746090501547,0.0,,,0.0,0.0,0.0,,,,0.0,0.0,,0.0,,0.0,,0.0,,,0.0,,,,,0.0,,0.0,0.009475049562752247,0.0,,0.0,0.0,0.0006172159337438643,,0.011276694014668465,0.0,,0.0,0.008886725641787052,0.0,,,0.0,,0.01935204491019249,0.0,0.0,,0.0,0.0019069688860327005,,,,0.0,0.0,0.0,0.0,0.0,7.387471123365685e-05,,,,0.007764055393636227,0.0,,0.0,,0.0,0.0,0.0,0.0,,,0.0,0.0,,,0.0,,0.0,,0.0,0.0,0.0,0.0,0.0,0.0,0.0,,0.0,0.010640541091561317,0.0,0.0,0.0,,,0.0,0.0,0.0,0.0,0.004161264281719923,0.0073729087598621845,,,,0.007771022617816925,0.0,0.0,0.0,,,0.008342444896697998,0.0,0.0,,0.0,,,,,0.0,0.013751369901001453,0.0,,0.0,,,0.0,,0.006028351373970509,0.0,0.0,0.0,,0.006963010877370834,0.0,,0.0,0.0,0.0,0.0,0.0,,0.0025301980786025524,0.0,0.0,,0.0,0.0,0.0,0.0,0.0,0.0,0.0,,0.0009805925656110048,0.0,0.0,0.007419695612043142,0.0,0.0,0.0,,0.0,0.0,0.0,0.010489208623766899,0.0,0.0,0.0,0.0,0.0,0.0,0.00028485566144809127,0.0,0.0,0.0,,0.0,0.0,0.0,0.0,0.0,0.0,0.0,0.0,0.0,0.004446286242455244,0.0,0.0,0.0,,0.0,0.006903916597366333,,0.0032303640618920326,0.0,0.0,0.0,0.0,0.0,0.007855664007365704,0.0,0.0,0.0,0.011428353376686573,0.0,0.014265907928347588,0.0,0.0,0.0,0.0,0.0,0.0,0.0,0.0,0.0,0.0,0.0,0.0,0.0071387211792171,0.0,0.0,0.0,0.010663309134542942,0.009583434090018272,0.0,0.00991410668939352,0.0,0.0,0.0,0.019269602373242378,0.0,0.0,0.0,0.0,0.0,0.0,0.0,0.0,0.004451911896467209,0.0,0.0,0.0,0.0,0.0,0.015617968514561653,0.0,0.008543897420167923,0.0,0.0,0.017431413754820824,0.0,0.0,0.0,0.0,0.0,0.011158911511301994,0.0,0.006921166554093361,0.0,0.013884417712688446,0.0,0.0,0.0,0.0,0.0,0.017269155010581017,0.0,0.00583390099927783,0.0,0.0,,,,,,,,,,,,,,,,,,,,,,,,,,,,,,,,,,,,,,,,,,,,,,,,,,,,,,,,,,,,,,,,,,,,,,,,,,,,,,,,,,,,,,,,,,,,,,,,,,,,,,,,,,,,,,,,,,,,,,,,,,,,,,
2020-08-26,792555.610119102,878.3186536573694,,,,,,,,,,,76494.84123570709,,1039061.7711000025,,,,,,,,,,,,,,,,,,,,,,,,,,,,,,,,,,,,,,,,,,,2235.227814178798,,,,,,,,,,,,,,,,,,,,,,8082.355360427157,10356.314163822657,3085.5381259255305,7421.891063893989,9720.49293047043,81019.28014850557,22954.99839783591,4798.148777328269,34812.10346033557,,,,,,,,,,,,,,,,,,,,,,,,,,,,,,,,,,,,0.007672586012631655,0.0,0.0,0.01092440728098154,0.0,0.0,0.0,0.0,0.0,0.0,0.0,0.0,0.0,0.0,0.0,0.0,,0.0,,0.0,,0.0,0.0,0.0,0.010507198981940746,0.0,,0.0,0.0,0.010712611488997936,0.0,0.012846814468502998,0.0,,0.0,,,,0.0,0.0,0.0,,0.0,0.0,0.0012285824632272124,0.009027548134326935,0.0,,,0.0,,0.0,0.0,0.0,0.0,0.0,0.0,0.0,0.0,0.006439491640776396,0.015234255231916904,0.0,0.0,0.0,,0.011381476186215878,0.0,0.0,0.0,0.015055594965815544,,0.0005889178719371557,0.0,,0.0,0.0,0.0,0.0,,0.0,0.0,0.0,,0.0,,0.0,0.0,,0.0,,0.0,0.0,0.0030229962430894375,0.01743323914706707,0.0,0.012673601508140564,0.0,0.016194811090826988,0.0,,,0.009300514124333858,0.0,,,,,0.0,0.0,0.0,0.0,0.0,0.0,0.0,0.0,0.0,,0.012146583758294582,0.0019998527131974697,0.0,,0.019029388204216957,0.0,0.0015352413756772876,0.0,0.0,0.0,,0.002669151872396469,,0.014855947345495224,0.0,0.0,0.01175154373049736,,0.0,0.0,,0.0,0.0,0.0,0.0,0.0,0.0001421356719220057,0.0011042432161048055,0.0,0.0,0.0046468619257211685,0.003770541399717331,0.0,0.0012880248250439763,,0.02132318913936615,0.0,0.004850889090448618,0.0,,0.0,0.007785265799611807,0.0,0.0,0.0,0.0,0.0061191171407699585,0.0,0.0,0.0,,0.015078713186085224,0.0,0.0,,,,0.006918592378497124,0.002163069089874625,,0.0,0.0,0.0,0.0,,0.0,,0.0,0.0,0.013318006880581379,0.0,0.0,0.0,,,,0.0,0.01897398941218853,0.0,0.0,0.0,,0.0,0.008289680816233158,0.007186546456068754,0.0,,0.0,0.015495573170483112,0.0,0.0,0.0,,0.002988440217450261,0.0071138362400233746,0.006663523148745298,0.0,,0.0029522741679102182,0.007444577291607857,0.00870683416724205,0.0,0.015951599925756454,0.0,,0.0,0.0,0.0,0.0,0.0,0.0,,0.0,,0.005740217864513397,0.007723913062363863,0.0016765532782301307,0.0,0.0,0.0,0.0,,0.0,0.011521018110215664,0.0028374833054840565,,,0.0,0.0,0.0,0.0,0.0,0.0,0.0,0.0,0.0,,0.0,0.0,0.0014217449352145195,,0.0,0.0,0.0,0.015036061406135559,0.0,0.0,0.0,,,0.0,0.002523822244256735,0.0,0.0,0.0,,0.012212172150611877,,0.010441260412335396,0.0,,0.0,0.0001980172237381339,0.0,0.0,,,0.0,0.009777898900210857,,0.011562291532754898,0.0,,,0.0,0.021612513810396194,0.0,0.0,0.0,0.0,0.0,,,0.0,0.0,0.0,0.0,0.0,,,0.0,0.0,0.0,,0.0,0.0,,0.0,0.0,0.010721533559262753,,0.0,0.0,0.0,0.0,,0.0,0.0,,0.0,0.0,0.0,0.000222572882194072,0.004138255026191473,0.0,0.0,0.0,0.0,0.0,0.0,0.0,0.0,,0.01636638306081295,,0.0,0.013081780634820461,0.00596213573589921,0.0,0.0,0.0,0.00783260352909565,0.013072560541331768,0.0,0.01504174992442131,0.0,,0.0,,0.0,0.007702955510467291,0.0,,0.0,0.0,0.0,0.0064319828525185585,0.0,0.0,0.0,0.0,0.006455377209931612,0.002276746090501547,0.0,,,0.0,0.0,0.0,,,,0.0,0.0,,0.0,,0.0,,0.0,,,0.0,,,,,0.0,,0.0,0.009475049562752247,0.0,,0.0,0.0,0.0006172159337438643,,0.011276694014668465,0.0,,0.0,0.008886725641787052,0.0,,,0.0,,0.01935204491019249,0.0,0.0,,0.0,0.0019069688860327005,,,,0.0,0.0,0.0,0.0,0.0,7.387471123365685e-05,,,,0.007764055393636227,0.0,,0.0,,0.0,0.0,0.0,0.0,,,0.0,0.0,,,0.0,,0.0,,0.0,0.0,0.0,0.0,0.0,0.0,0.0,,0.0,0.010640541091561317,0.0,0.0,0.0,,,0.0,0.0,0.0,0.0,0.004161264281719923,0.0073729087598621845,,,,0.007771022617816925,0.0,0.0,0.0,,,0.008342444896697998,0.0,0.0,,0.0,,,,,0.0,0.013751369901001453,0.0,,0.0,,,0.0,,0.006028351373970509,0.0,0.0,0.0,,0.006963010877370834,0.0,,0.0,0.0,0.0,0.0,0.0,,0.0025301980786025524,0.0,0.0,,0.0,0.0,0.0,0.0,0.0,0.0,0.0,,0.0009805925656110048,0.0,0.0,0.007419695612043142,0.0,0.0,0.0,,0.0,0.0,0.0,0.010489208623766899,0.0,0.0,0.0,0.0,0.0,0.0,0.00028485566144809127,0.0,0.0,0.0,,0.0,0.0,0.0,0.0,0.0,0.0,0.0,0.0,0.0,0.004446286242455244,0.0,0.0,0.0,,0.0,0.006903916597366333,,0.0032303640618920326,0.0,0.0,0.0,0.0,0.0,0.007855664007365704,0.0,0.0,0.0,0.011428353376686573,0.0,0.014265907928347588,0.0,0.0,0.0,0.0,0.0,0.0,0.0,0.0,0.0,0.0,0.0,0.0,0.0071387211792171,0.0,0.0,0.0,0.010663309134542942,0.009583434090018272,0.0,0.00991410668939352,0.0,0.0,0.0,0.019269602373242378,0.0,0.0,0.0,0.0,0.0,0.0,0.0,0.0,0.004451911896467209,0.0,0.0,0.0,0.0,0.0,0.015617968514561653,0.0,0.008543897420167923,0.0,0.0,0.017431413754820824,0.0,0.0,0.0,0.0,0.0,0.011158911511301994,0.0,0.006921166554093361,0.0,0.013884417712688446,0.0,0.0,0.0,0.0,0.0,0.017269155010581017,0.0,0.00583390099927783,0.0,0.0,,,,,,,,,,,,,,,,,,,,,,,,,,,,,,,,,,,,,,,,,,,,,,,,,,,,,,,,,,,,,,,,,,,,,,,,,,,,,,,,,,,,,,,,,,,,,,,,,,,,,,,,,,,,,,,,,,,,,,,,,,,,,,
2020-08-27,795665.8030475853,215.3470627513832,,,,,,,,,,,76494.84123570709,,1039061.7711000025,,,,,,,,,,,,,,,,,,,,,,,,,,,,,,,,,,,,,,,,,,,2235.227814178798,,,,,,,,,,,,,,,,,,,,,,8704.086908857678,10140.415475463738,3085.5381259255305,7421.891063893989,9720.49293047043,81019.28014850557,22593.83135379562,4865.728417319562,34812.10346033557,,,,,,,,,,,,,,,,,,,,,,,,,,,,,,,,,,,,0.007672586012631655,0.0,0.0,0.01092440728098154,0.0,0.0,0.0,0.0,0.0,0.0,0.0,0.0,0.0,0.0,0.0,0.0,,0.0,,0.0,,0.0,0.0,0.0,0.010507198981940746,0.0,,0.0,0.0,0.010712611488997936,0.0,0.012846814468502998,0.0,,0.0,,,,0.0,0.0,0.0,,0.0,0.0,0.0012285824632272124,0.009027548134326935,0.0,,,0.0,,0.0,0.0,0.0,0.0,0.0,0.0,0.0,0.0,0.006439491640776396,0.015234255231916904,0.0,0.0,0.0,,0.011381476186215878,0.0,0.0,0.0,0.015055594965815544,,0.0005889178719371557,0.0,,0.0,0.0,0.0,0.0,,0.0,0.0,0.0,,0.0,,0.0,0.0,,0.0,,0.0,0.0,0.0030229962430894375,0.01743323914706707,0.0,0.012673601508140564,0.0,0.016194811090826988,0.0,,,0.009300514124333858,0.0,,,,,0.0,0.0,0.0,0.0,0.0,0.0,0.0,0.0,0.0,,0.012146583758294582,0.0019998527131974697,0.0,,0.019029388204216957,0.0,0.0015352413756772876,0.0,0.0,0.0,,0.002669151872396469,,0.014855947345495224,0.0,0.0,0.01175154373049736,,0.0,0.0,,0.0,0.0,0.0,0.0,0.0,0.0001421356719220057,0.0011042432161048055,0.0,0.0,0.0046468619257211685,0.003770541399717331,0.0,0.0012880248250439763,,0.02132318913936615,0.0,0.004850889090448618,0.0,,0.0,0.007785265799611807,0.0,0.0,0.0,0.0,0.0061191171407699585,0.0,0.0,0.0,,0.015078713186085224,0.0,0.0,,,,0.006918592378497124,0.002163069089874625,,0.0,0.0,0.0,0.0,,0.0,,0.0,0.0,0.013318006880581379,0.0,0.0,0.0,,,,0.0,0.01897398941218853,0.0,0.0,0.0,,0.0,0.008289680816233158,0.007186546456068754,0.0,,0.0,0.015495573170483112,0.0,0.0,0.0,,0.002988440217450261,0.0071138362400233746,0.006663523148745298,0.0,,0.0029522741679102182,0.007444577291607857,0.00870683416724205,0.0,0.015951599925756454,0.0,,0.0,0.0,0.0,0.0,0.0,0.0,,0.0,,0.005740217864513397,0.007723913062363863,0.0016765532782301307,0.0,0.0,0.0,0.0,,0.0,0.011521018110215664,0.0028374833054840565,,,0.0,0.0,0.0,0.0,0.0,0.0,0.0,0.0,0.0,,0.0,0.0,0.0014217449352145195,,0.0,0.0,0.0,0.015036061406135559,0.0,0.0,0.0,,,0.0,0.002523822244256735,0.0,0.0,0.0,,0.012212172150611877,,0.010441260412335396,0.0,,0.0,0.0001980172237381339,0.0,0.0,,,0.0,0.009777898900210857,,0.011562291532754898,0.0,,,0.0,0.021612513810396194,0.0,0.0,0.0,0.0,0.0,,,0.0,0.0,0.0,0.0,0.0,,,0.0,0.0,0.0,,0.0,0.0,,0.0,0.0,0.010721533559262753,,0.0,0.0,0.0,0.0,,0.0,0.0,,0.0,0.0,0.0,0.000222572882194072,0.004138255026191473,0.0,0.0,0.0,0.0,0.0,0.0,0.0,0.0,,0.01636638306081295,,0.0,0.013081780634820461,0.00596213573589921,0.0,0.0,0.0,0.00783260352909565,0.013072560541331768,0.0,0.01504174992442131,0.0,,0.0,,0.0,0.007702955510467291,0.0,,0.0,0.0,0.0,0.0064319828525185585,0.0,0.0,0.0,0.0,0.006455377209931612,0.002276746090501547,0.0,,,0.0,0.0,0.0,,,,0.0,0.0,,0.0,,0.0,,0.0,,,0.0,,,,,0.0,,0.0,0.009475049562752247,0.0,,0.0,0.0,0.0006172159337438643,,0.011276694014668465,0.0,,0.0,0.008886725641787052,0.0,,,0.0,,0.01935204491019249,0.0,0.0,,0.0,0.0019069688860327005,,,,0.0,0.0,0.0,0.0,0.0,7.387471123365685e-05,,,,0.007764055393636227,0.0,,0.0,,0.0,0.0,0.0,0.0,,,0.0,0.0,,,0.0,,0.0,,0.0,0.0,0.0,0.0,0.0,0.0,0.0,,0.0,0.010640541091561317,0.0,0.0,0.0,,,0.0,0.0,0.0,0.0,0.004161264281719923,0.0073729087598621845,,,,0.007771022617816925,0.0,0.0,0.0,,,0.008342444896697998,0.0,0.0,,0.0,,,,,0.0,0.013751369901001453,0.0,,0.0,,,0.0,,0.006028351373970509,0.0,0.0,0.0,,0.006963010877370834,0.0,,0.0,0.0,0.0,0.0,0.0,,0.0025301980786025524,0.0,0.0,,0.0,0.0,0.0,0.0,0.0,0.0,0.0,,0.0009805925656110048,0.0,0.0,0.007419695612043142,0.0,0.0,0.0,,0.0,0.0,0.0,0.010489208623766899,0.0,0.0,0.0,0.0,0.0,0.0,0.00028485566144809127,0.0,0.0,0.0,,0.0,0.0,0.0,0.0,0.0,0.0,0.0,0.0,0.0,0.004446286242455244,0.0,0.0,0.0,,0.0,0.006903916597366333,,0.0032303640618920326,0.0,0.0,0.0,0.0,0.0,0.007855664007365704,0.0,0.0,0.0,0.011428353376686573,0.0,0.014265907928347588,0.0,0.0,0.0,0.0,0.0,0.0,0.0,0.0,0.0,0.0,0.0,0.0,0.0071387211792171,0.0,0.0,0.0,0.010663309134542942,0.009583434090018272,0.0,0.00991410668939352,0.0,0.0,0.0,0.019269602373242378,0.0,0.0,0.0,0.0,0.0,0.0,0.0,0.0,0.004451911896467209,0.0,0.0,0.0,0.0,0.0,0.015617968514561653,0.0,0.008543897420167923,0.0,0.0,0.017431413754820824,0.0,0.0,0.0,0.0,0.0,0.011158911511301994,0.0,0.006921166554093361,0.0,0.013884417712688446,0.0,0.0,0.0,0.0,0.0,0.017269155010581017,0.0,0.00583390099927783,0.0,0.0,,,,,,,,,,,,,,,,,,,,,,,,,,,,,,,,,,,,,,,,,,,,,,,,,,,,,,,,,,,,,,,,,,,,,,,,,,,,,,,,,,,,,,,,,,,,,,,,,,,,,,,,,,,,,,,,,,,,,,,,,,,,,,
2020-08-28,804977.7075173613,210.87151132767798,,,,,,,,,,,76494.84123570709,,1039061.7711000025,,,,,,,,,,,,,,,,,,,,,,,,,,,,,,,,,,,,,,,,,,,2235.227814178798,,,,,,,,,,,,,,,,,,,,,,8704.086908857678,10140.986680881957,3085.5381259255305,7421.891063893989,9720.49293047043,81019.28014850557,22593.83135379562,4865.728417319562,34812.10346033557,,,,,,,,,,,,,,,,,,,,,,,,,,,,,,,,,,,,0.007672586012631655,0.0,0.0,0.01092440728098154,0.0,0.0,0.0,0.0,0.0,0.0,0.0,0.0,0.0,0.0,0.0,0.0,,0.0,,0.0,,0.0,0.0,0.0,0.010507198981940746,0.0,,0.0,0.0,0.010712611488997936,0.0,0.012846814468502998,0.0,,0.0,,,,0.0,0.0,0.0,,0.0,0.0,0.0012285824632272124,0.009027548134326935,0.0,,,0.0,,0.0,0.0,0.0,0.0,0.0,0.0,0.0,0.0,0.006439491640776396,0.015234255231916904,0.0,0.0,0.0,,0.011381476186215878,0.0,0.0,0.0,0.015055594965815544,,0.0005889178719371557,0.0,,0.0,0.0,0.0,0.0,,0.0,0.0,0.0,,0.0,,0.0,0.0,,0.0,,0.0,0.0,0.0030229962430894375,0.01743323914706707,0.0,0.012673601508140564,0.0,0.016194811090826988,0.0,,,0.009300514124333858,0.0,,,,,0.0,0.0,0.0,0.0,0.0,0.0,0.0,0.0,0.0,,0.012146583758294582,0.0019998527131974697,0.0,,0.019029388204216957,0.0,0.0015352413756772876,0.0,0.0,0.0,,0.002669151872396469,,0.014855947345495224,0.0,0.0,0.01175154373049736,,0.0,0.0,,0.0,0.0,0.0,0.0,0.0,0.0001421356719220057,0.0011042432161048055,0.0,0.0,0.0046468619257211685,0.003770541399717331,0.0,0.0012880248250439763,,0.02132318913936615,0.0,0.004850889090448618,0.0,,0.0,0.007785265799611807,0.0,0.0,0.0,0.0,0.0061191171407699585,0.0,0.0,0.0,,0.015078713186085224,0.0,0.0,,,,0.006918592378497124,0.002163069089874625,,0.0,0.0,0.0,0.0,,0.0,,0.0,0.0,0.013318006880581379,0.0,0.0,0.0,,,,0.0,0.01897398941218853,0.0,0.0,0.0,,0.0,0.008289680816233158,0.007186546456068754,0.0,,0.0,0.015495573170483112,0.0,0.0,0.0,,0.002988440217450261,0.0071138362400233746,0.006663523148745298,0.0,,0.0029522741679102182,0.007444577291607857,0.00870683416724205,0.0,0.015951599925756454,0.0,,0.0,0.0,0.0,0.0,0.0,0.0,,0.0,,0.005740217864513397,0.007723913062363863,0.0016765532782301307,0.0,0.0,0.0,0.0,,0.0,0.011521018110215664,0.0028374833054840565,,,0.0,0.0,0.0,0.0,0.0,0.0,0.0,0.0,0.0,,0.0,0.0,0.0014217449352145195,,0.0,0.0,0.0,0.015036061406135559,0.0,0.0,0.0,,,0.0,0.002523822244256735,0.0,0.0,0.0,,0.012212172150611877,,0.010441260412335396,0.0,,0.0,0.0001980172237381339,0.0,0.0,,,0.0,0.009777898900210857,,0.011562291532754898,0.0,,,0.0,0.021612513810396194,0.0,0.0,0.0,0.0,0.0,,,0.0,0.0,0.0,0.0,0.0,,,0.0,0.0,0.0,,0.0,0.0,,0.0,0.0,0.010721533559262753,,0.0,0.0,0.0,0.0,,0.0,0.0,,0.0,0.0,0.0,0.000222572882194072,0.004138255026191473,0.0,0.0,0.0,0.0,0.0,0.0,0.0,0.0,,0.01636638306081295,,0.0,0.013081780634820461,0.00596213573589921,0.0,0.0,0.0,0.00783260352909565,0.013072560541331768,0.0,0.01504174992442131,0.0,,0.0,,0.0,0.007702955510467291,0.0,,0.0,0.0,0.0,0.0064319828525185585,0.0,0.0,0.0,0.0,0.006455377209931612,0.002276746090501547,0.0,,,0.0,0.0,0.0,,,,0.0,0.0,,0.0,,0.0,,0.0,,,0.0,,,,,0.0,,0.0,0.009475049562752247,0.0,,0.0,0.0,0.0006172159337438643,,0.011276694014668465,0.0,,0.0,0.008886725641787052,0.0,,,0.0,,0.01935204491019249,0.0,0.0,,0.0,0.0019069688860327005,,,,0.0,0.0,0.0,0.0,0.0,7.387471123365685e-05,,,,0.007764055393636227,0.0,,0.0,,0.0,0.0,0.0,0.0,,,0.0,0.0,,,0.0,,0.0,,0.0,0.0,0.0,0.0,0.0,0.0,0.0,,0.0,0.010640541091561317,0.0,0.0,0.0,,,0.0,0.0,0.0,0.0,0.004161264281719923,0.0073729087598621845,,,,0.007771022617816925,0.0,0.0,0.0,,,0.008342444896697998,0.0,0.0,,0.0,,,,,0.0,0.013751369901001453,0.0,,0.0,,,0.0,,0.006028351373970509,0.0,0.0,0.0,,0.006963010877370834,0.0,,0.0,0.0,0.0,0.0,0.0,,0.0025301980786025524,0.0,0.0,,0.0,0.0,0.0,0.0,0.0,0.0,0.0,,0.0009805925656110048,0.0,0.0,0.007419695612043142,0.0,0.0,0.0,,0.0,0.0,0.0,0.010489208623766899,0.0,0.0,0.0,0.0,0.0,0.0,0.00028485566144809127,0.0,0.0,0.0,,0.0,0.0,0.0,0.0,0.0,0.0,0.0,0.0,0.0,0.004446286242455244,0.0,0.0,0.0,,0.0,0.006903916597366333,,0.0032303640618920326,0.0,0.0,0.0,0.0,0.0,0.007855664007365704,0.0,0.0,0.0,0.011428353376686573,0.0,0.014265907928347588,0.0,0.0,0.0,0.0,0.0,0.0,0.0,0.0,0.0,0.0,0.0,0.0,0.0071387211792171,0.0,0.0,0.0,0.010663309134542942,0.009583434090018272,0.0,0.00991410668939352,0.0,0.0,0.0,0.019269602373242378,0.0,0.0,0.0,0.0,0.0,0.0,0.0,0.0,0.004451911896467209,0.0,0.0,0.0,0.0,0.0,0.015617968514561653,0.0,0.008543897420167923,0.0,0.0,0.017431413754820824,0.0,0.0,0.0,0.0,0.0,0.011158911511301994,0.0,0.006921166554093361,0.0,0.013884417712688446,0.0,0.0,0.0,0.0,0.0,0.017269155010581017,0.0,0.00583390099927783,0.0,0.0,,,,,,,,,,,,,,,,,,,,,,,,,,,,,,,,,,,,,,,,,,,,,,,,,,,,,,,,,,,,,,,,,,,,,,,,,,,,,,,,,,,,,,,,,,,,,,,,,,,,,,,,,,,,,,,,,,,,,,,,,,,,,,
2020-08-31,797795.5214538354,60.83125477330282,,,,,,,,,,,76494.84123570709,,1039061.7711000025,,,,,,,,,,,,,,,,,,,,,,,,,,,,,,,,,,,,,,,,,,,2235.227814178798,,,,,,,,,,,,,,,,,,,,,,8704.086908857678,10032.894171070539,3085.5381259255305,7421.891063893989,9720.49293047043,82085.35789692904,22593.83135379562,4865.728417319562,34812.10346033557,,,,,,,,,,,,,,,,,,,,,,,,,,,,,,,,,,,,0.007672586012631655,0.0,0.0,0.01092440728098154,0.0,0.0,0.0,0.0,0.0,0.0,0.0,0.0,0.0,0.0,0.0,0.0,,0.0,,0.0,,0.0,0.0,0.0,0.010507198981940746,0.0,,0.0,0.0,0.010712611488997936,0.0,0.012846814468502998,0.0,,0.0,,,,0.0,0.0,0.0,,0.0,0.0,0.0012285824632272124,0.009027548134326935,0.0,,,0.0,,0.0,0.0,0.0,0.0,0.0,0.0,0.0,0.0,0.006439491640776396,0.015234255231916904,0.0,0.0,0.0,,0.011381476186215878,0.0,0.0,0.0,0.015055594965815544,,0.0005889178719371557,0.0,,0.0,0.0,0.0,0.0,,0.0,0.0,0.0,,0.0,,0.0,0.0,,0.0,,0.0,0.0,0.0030229962430894375,0.01743323914706707,0.0,0.012673601508140564,0.0,0.016194811090826988,0.0,,,0.009300514124333858,0.0,,,,,0.0,0.0,0.0,0.0,0.0,0.0,0.0,0.0,0.0,,0.012146583758294582,0.0019998527131974697,0.0,,0.019029388204216957,0.0,0.0015352413756772876,0.0,0.0,0.0,,0.002669151872396469,,0.014855947345495224,0.0,0.0,0.01175154373049736,,0.0,0.0,,0.0,0.0,0.0,0.0,0.0,0.0001421356719220057,0.0011042432161048055,0.0,0.0,0.0046468619257211685,0.003770541399717331,0.0,0.0012880248250439763,,0.02132318913936615,0.0,0.004850889090448618,0.0,,0.0,0.007785265799611807,0.0,0.0,0.0,0.0,0.0061191171407699585,0.0,0.0,0.0,,0.015078713186085224,0.0,0.0,,,,0.006918592378497124,0.002163069089874625,,0.0,0.0,0.0,0.0,,0.0,,0.0,0.0,0.013318006880581379,0.0,0.0,0.0,,,,0.0,0.01897398941218853,0.0,0.0,0.0,,0.0,0.008289680816233158,0.007186546456068754,0.0,,0.0,0.015495573170483112,0.0,0.0,0.0,,0.002988440217450261,0.0071138362400233746,0.006663523148745298,0.0,,0.0029522741679102182,0.007444577291607857,0.00870683416724205,0.0,0.015951599925756454,0.0,,0.0,0.0,0.0,0.0,0.0,0.0,,0.0,,0.005740217864513397,0.007723913062363863,0.0016765532782301307,0.0,0.0,0.0,0.0,,0.0,0.011521018110215664,0.0028374833054840565,,,0.0,0.0,0.0,0.0,0.0,0.0,0.0,0.0,0.0,,0.0,0.0,0.0014217449352145195,,0.0,0.0,0.0,0.015036061406135559,0.0,0.0,0.0,,,0.0,0.002523822244256735,0.0,0.0,0.0,,0.012212172150611877,,0.010441260412335396,0.0,,0.0,0.0001980172237381339,0.0,0.0,,,0.0,0.009777898900210857,,0.011562291532754898,0.0,,,0.0,0.021612513810396194,0.0,0.0,0.0,0.0,0.0,,,0.0,0.0,0.0,0.0,0.0,,,0.0,0.0,0.0,,0.0,0.0,,0.0,0.0,0.010721533559262753,,0.0,0.0,0.0,0.0,,0.0,0.0,,0.0,0.0,0.0,0.000222572882194072,0.004138255026191473,0.0,0.0,0.0,0.0,0.0,0.0,0.0,0.0,,0.01636638306081295,,0.0,0.013081780634820461,0.00596213573589921,0.0,0.0,0.0,0.00783260352909565,0.013072560541331768,0.0,0.01504174992442131,0.0,,0.0,,0.0,0.007702955510467291,0.0,,0.0,0.0,0.0,0.0064319828525185585,0.0,0.0,0.0,0.0,0.006455377209931612,0.002276746090501547,0.0,,,0.0,0.0,0.0,,,,0.0,0.0,,0.0,,0.0,,0.0,,,0.0,,,,,0.0,,0.0,0.009475049562752247,0.0,,0.0,0.0,0.0006172159337438643,,0.011276694014668465,0.0,,0.0,0.008886725641787052,0.0,,,0.0,,0.01935204491019249,0.0,0.0,,0.0,0.0019069688860327005,,,,0.0,0.0,0.0,0.0,0.0,7.387471123365685e-05,,,,0.007764055393636227,0.0,,0.0,,0.0,0.0,0.0,0.0,,,0.0,0.0,,,0.0,,0.0,,0.0,0.0,0.0,0.0,0.0,0.0,0.0,,0.0,0.010640541091561317,0.0,0.0,0.0,,,0.0,0.0,0.0,0.0,0.004161264281719923,0.0073729087598621845,,,,0.007771022617816925,0.0,0.0,0.0,,,0.008342444896697998,0.0,0.0,,0.0,,,,,0.0,0.013751369901001453,0.0,,0.0,,,0.0,,0.006028351373970509,0.0,0.0,0.0,,0.006963010877370834,0.0,,0.0,0.0,0.0,0.0,0.0,,0.0025301980786025524,0.0,0.0,,0.0,0.0,0.0,0.0,0.0,0.0,0.0,,0.0009805925656110048,0.0,0.0,0.007419695612043142,0.0,0.0,0.0,,0.0,0.0,0.0,0.010489208623766899,0.0,0.0,0.0,0.0,0.0,0.0,0.00028485566144809127,0.0,0.0,0.0,,0.0,0.0,0.0,0.0,0.0,0.0,0.0,0.0,0.0,0.004446286242455244,0.0,0.0,0.0,,0.0,0.006903916597366333,,0.0032303640618920326,0.0,0.0,0.0,0.0,0.0,0.007855664007365704,0.0,0.0,0.0,0.011428353376686573,0.0,0.014265907928347588,0.0,0.0,0.0,0.0,0.0,0.0,0.0,0.0,0.0,0.0,0.0,0.0,0.0071387211792171,0.0,0.0,0.0,0.010663309134542942,0.009583434090018272,0.0,0.00991410668939352,0.0,0.0,0.0,0.019269602373242378,0.0,0.0,0.0,0.0,0.0,0.0,0.0,0.0,0.004451911896467209,0.0,0.0,0.0,0.0,0.0,0.015617968514561653,0.0,0.008543897420167923,0.0,0.0,0.017431413754820824,0.0,0.0,0.0,0.0,0.0,0.011158911511301994,0.0,0.006921166554093361,0.0,0.013884417712688446,0.0,0.0,0.0,0.0,0.0,0.017269155010581017,0.0,0.00583390099927783,0.0,0.0,,,,,,,,,,,,,,,,,,,,,,,,,,,,,,,,,,,,,,,,,,,,,,,,,,,,,,,,,,,,,,,,,,,,,,,,,,,,,,,,,,,,,,,,,,,,,,,,,,,,,,,,,,,,,,,,,,,,,,,,,,,,,,
2020-09-01,803919.1476397439,103.19512099332451,,,,,,,,,,,76494.84123570709,,1039061.7711000025,,,,,,,,,,,,,,,,,,,,,,,,,,,,,,,,,,,,,,,,,,,2235.227814178798,,,,,,,,,,,,,,,,,,,,,,8704.086908857678,9924.912754545081,3085.5381259255305,7421.891063893989,9720.49293047043,82618.47405053455,22683.85756338952,4865.728417319562,34812.10346033557,,,,,,,,,,,,,,,,,,,,,,,,,,,,,,,,,,,,0.007672586012631655,0.0,0.0,0.01092440728098154,0.0,0.0,0.0,0.0,0.0,0.0,0.0,0.0,0.0,0.0,0.0,0.0,,0.0,,0.0,,0.0,0.0,0.0,0.010507198981940746,0.0,,0.0,0.0,0.010712611488997936,0.0,0.012846814468502998,0.0,,0.0,,,,0.0,0.0,0.0,,0.0,0.0,0.0012285824632272124,0.009027548134326935,0.0,,,0.0,,0.0,0.0,0.0,0.0,0.0,0.0,0.0,0.0,0.006439491640776396,0.015234255231916904,0.0,0.0,0.0,,0.011381476186215878,0.0,0.0,0.0,0.015055594965815544,,0.0005889178719371557,0.0,,0.0,0.0,0.0,0.0,,0.0,0.0,0.0,,0.0,,0.0,0.0,,0.0,,0.0,0.0,0.0030229962430894375,0.01743323914706707,0.0,0.012673601508140564,0.0,0.016194811090826988,0.0,,,0.009300514124333858,0.0,,,,,0.0,0.0,0.0,0.0,0.0,0.0,0.0,0.0,0.0,,0.012146583758294582,0.0019998527131974697,0.0,,0.019029388204216957,0.0,0.0015352413756772876,0.0,0.0,0.0,,0.002669151872396469,,0.014855947345495224,0.0,0.0,0.01175154373049736,,0.0,0.0,,0.0,0.0,0.0,0.0,0.0,0.0001421356719220057,0.0011042432161048055,0.0,0.0,0.0046468619257211685,0.003770541399717331,0.0,0.0012880248250439763,,0.02132318913936615,0.0,0.004850889090448618,0.0,,0.0,0.007785265799611807,0.0,0.0,0.0,0.0,0.0061191171407699585,0.0,0.0,0.0,,0.015078713186085224,0.0,0.0,,,,0.006918592378497124,0.002163069089874625,,0.0,0.0,0.0,0.0,,0.0,,0.0,0.0,0.013318006880581379,0.0,0.0,0.0,,,,0.0,0.01897398941218853,0.0,0.0,0.0,,0.0,0.008289680816233158,0.007186546456068754,0.0,,0.0,0.015495573170483112,0.0,0.0,0.0,,0.002988440217450261,0.0071138362400233746,0.006663523148745298,0.0,,0.0029522741679102182,0.007444577291607857,0.00870683416724205,0.0,0.015951599925756454,0.0,,0.0,0.0,0.0,0.0,0.0,0.0,,0.0,,0.005740217864513397,0.007723913062363863,0.0016765532782301307,0.0,0.0,0.0,0.0,,0.0,0.011521018110215664,0.0028374833054840565,,,0.0,0.0,0.0,0.0,0.0,0.0,0.0,0.0,0.0,,0.0,0.0,0.0014217449352145195,,0.0,0.0,0.0,0.015036061406135559,0.0,0.0,0.0,,,0.0,0.002523822244256735,0.0,0.0,0.0,,0.012212172150611877,,0.010441260412335396,0.0,,0.0,0.0001980172237381339,0.0,0.0,,,0.0,0.009777898900210857,,0.011562291532754898,0.0,,,0.0,0.021612513810396194,0.0,0.0,0.0,0.0,0.0,,,0.0,0.0,0.0,0.0,0.0,,,0.0,0.0,0.0,,0.0,0.0,,0.0,0.0,0.010721533559262753,,0.0,0.0,0.0,0.0,,0.0,0.0,,0.0,0.0,0.0,0.000222572882194072,0.004138255026191473,0.0,0.0,0.0,0.0,0.0,0.0,0.0,0.0,,0.01636638306081295,,0.0,0.013081780634820461,0.00596213573589921,0.0,0.0,0.0,0.00783260352909565,0.013072560541331768,0.0,0.01504174992442131,0.0,,0.0,,0.0,0.007702955510467291,0.0,,0.0,0.0,0.0,0.0064319828525185585,0.0,0.0,0.0,0.0,0.006455377209931612,0.002276746090501547,0.0,,,0.0,0.0,0.0,,,,0.0,0.0,,0.0,,0.0,,0.0,,,0.0,,,,,0.0,,0.0,0.009475049562752247,0.0,,0.0,0.0,0.0006172159337438643,,0.011276694014668465,0.0,,0.0,0.008886725641787052,0.0,,,0.0,,0.01935204491019249,0.0,0.0,,0.0,0.0019069688860327005,,,,0.0,0.0,0.0,0.0,0.0,7.387471123365685e-05,,,,0.007764055393636227,0.0,,0.0,,0.0,0.0,0.0,0.0,,,0.0,0.0,,,0.0,,0.0,,0.0,0.0,0.0,0.0,0.0,0.0,0.0,,0.0,0.010640541091561317,0.0,0.0,0.0,,,0.0,0.0,0.0,0.0,0.004161264281719923,0.0073729087598621845,,,,0.007771022617816925,0.0,0.0,0.0,,,0.008342444896697998,0.0,0.0,,0.0,,,,,0.0,0.013751369901001453,0.0,,0.0,,,0.0,,0.006028351373970509,0.0,0.0,0.0,,0.006963010877370834,0.0,,0.0,0.0,0.0,0.0,0.0,,0.0025301980786025524,0.0,0.0,,0.0,0.0,0.0,0.0,0.0,0.0,0.0,,0.0009805925656110048,0.0,0.0,0.007419695612043142,0.0,0.0,0.0,,0.0,0.0,0.0,0.010489208623766899,0.0,0.0,0.0,0.0,0.0,0.0,0.00028485566144809127,0.0,0.0,0.0,,0.0,0.0,0.0,0.0,0.0,0.0,0.0,0.0,0.0,0.004446286242455244,0.0,0.0,0.0,,0.0,0.006903916597366333,,0.0032303640618920326,0.0,0.0,0.0,0.0,0.0,0.007855664007365704,0.0,0.0,0.0,0.011428353376686573,0.0,0.014265907928347588,0.0,0.0,0.0,0.0,0.0,0.0,0.0,0.0,0.0,0.0,0.0,0.0,0.0071387211792171,0.0,0.0,0.0,0.010663309134542942,0.009583434090018272,0.0,0.00991410668939352,0.0,0.0,0.0,0.019269602373242378,0.0,0.0,0.0,0.0,0.0,0.0,0.0,0.0,0.004451911896467209,0.0,0.0,0.0,0.0,0.0,0.015617968514561653,0.0,0.008543897420167923,0.0,0.0,0.017431413754820824,0.0,0.0,0.0,0.0,0.0,0.011158911511301994,0.0,0.006921166554093361,0.0,0.013884417712688446,0.0,0.0,0.0,0.0,0.0,0.017269155010581017,0.0,0.00583390099927783,0.0,0.0,,,,,,,,,,,,,,,,,,,,,,,,,,,,,,,,,,,,,,,,,,,,,,,,,,,,,,,,,,,,,,,,,,,,,,,,,,,,,,,,,,,,,,,,,,,,,,,,,,,,,,,,,,,,,,,,,,,,,,,,,,,,,,
2020-09-02,802377.1075919599,161.2533976617541,,,,,,,,,,,76494.84123570709,,1039061.7711000025,,,,,,,,,,,,,,,,,,,,,,,,,,,,,,,,,,,,,,,,,,,2235.227814178798,,,,,,,,,,,,,,,,,,,,,,8704.086908857678,9816.602776596295,3085.5381259255305,7421.891063893989,9720.49293047043,83151.59020414007,22773.864019393255,4865.728417319562,34812.10346033557,,,,,,,,,,,,,,,,,,,,,,,,,,,,,,,,,,,,0.007672586012631655,0.0,0.0,0.01092440728098154,0.0,0.0,0.0,0.0,0.0,0.0,0.0,0.0,0.0,0.0,0.0,0.0,,0.0,,0.0,,0.0,0.0,0.0,0.010507198981940746,0.0,,0.0,0.0,0.010712611488997936,0.0,0.012846814468502998,0.0,,0.0,,,,0.0,0.0,0.0,,0.0,0.0,0.0012285824632272124,0.009027548134326935,0.0,,,0.0,,0.0,0.0,0.0,0.0,0.0,0.0,0.0,0.0,0.006439491640776396,0.015234255231916904,0.0,0.0,0.0,,0.011381476186215878,0.0,0.0,0.0,0.015055594965815544,,0.0005889178719371557,0.0,,0.0,0.0,0.0,0.0,,0.0,0.0,0.0,,0.0,,0.0,0.0,,0.0,,0.0,0.0,0.0030229962430894375,0.01743323914706707,0.0,0.012673601508140564,0.0,0.016194811090826988,0.0,,,0.009300514124333858,0.0,,,,,0.0,0.0,0.0,0.0,0.0,0.0,0.0,0.0,0.0,,0.012146583758294582,0.0019998527131974697,0.0,,0.019029388204216957,0.0,0.0015352413756772876,0.0,0.0,0.0,,0.002669151872396469,,0.014855947345495224,0.0,0.0,0.01175154373049736,,0.0,0.0,,0.0,0.0,0.0,0.0,0.0,0.0001421356719220057,0.0011042432161048055,0.0,0.0,0.0046468619257211685,0.003770541399717331,0.0,0.0012880248250439763,,0.02132318913936615,0.0,0.004850889090448618,0.0,,0.0,0.007785265799611807,0.0,0.0,0.0,0.0,0.0061191171407699585,0.0,0.0,0.0,,0.015078713186085224,0.0,0.0,,,,0.006918592378497124,0.002163069089874625,,0.0,0.0,0.0,0.0,,0.0,,0.0,0.0,0.013318006880581379,0.0,0.0,0.0,,,,0.0,0.01897398941218853,0.0,0.0,0.0,,0.0,0.008289680816233158,0.007186546456068754,0.0,,0.0,0.015495573170483112,0.0,0.0,0.0,,0.002988440217450261,0.0071138362400233746,0.006663523148745298,0.0,,0.0029522741679102182,0.007444577291607857,0.00870683416724205,0.0,0.015951599925756454,0.0,,0.0,0.0,0.0,0.0,0.0,0.0,,0.0,,0.005740217864513397,0.007723913062363863,0.0016765532782301307,0.0,0.0,0.0,0.0,,0.0,0.011521018110215664,0.0028374833054840565,,,0.0,0.0,0.0,0.0,0.0,0.0,0.0,0.0,0.0,,0.0,0.0,0.0014217449352145195,,0.0,0.0,0.0,0.015036061406135559,0.0,0.0,0.0,,,0.0,0.002523822244256735,0.0,0.0,0.0,,0.012212172150611877,,0.010441260412335396,0.0,,0.0,0.0001980172237381339,0.0,0.0,,,0.0,0.009777898900210857,,0.011562291532754898,0.0,,,0.0,0.021612513810396194,0.0,0.0,0.0,0.0,0.0,,,0.0,0.0,0.0,0.0,0.0,,,0.0,0.0,0.0,,0.0,0.0,,0.0,0.0,0.010721533559262753,,0.0,0.0,0.0,0.0,,0.0,0.0,,0.0,0.0,0.0,0.000222572882194072,0.004138255026191473,0.0,0.0,0.0,0.0,0.0,0.0,0.0,0.0,,0.01636638306081295,,0.0,0.013081780634820461,0.00596213573589921,0.0,0.0,0.0,0.00783260352909565,0.013072560541331768,0.0,0.01504174992442131,0.0,,0.0,,0.0,0.007702955510467291,0.0,,0.0,0.0,0.0,0.0064319828525185585,0.0,0.0,0.0,0.0,0.006455377209931612,0.002276746090501547,0.0,,,0.0,0.0,0.0,,,,0.0,0.0,,0.0,,0.0,,0.0,,,0.0,,,,,0.0,,0.0,0.009475049562752247,0.0,,0.0,0.0,0.0006172159337438643,,0.011276694014668465,0.0,,0.0,0.008886725641787052,0.0,,,0.0,,0.01935204491019249,0.0,0.0,,0.0,0.0019069688860327005,,,,0.0,0.0,0.0,0.0,0.0,7.387471123365685e-05,,,,0.007764055393636227,0.0,,0.0,,0.0,0.0,0.0,0.0,,,0.0,0.0,,,0.0,,0.0,,0.0,0.0,0.0,0.0,0.0,0.0,0.0,,0.0,0.010640541091561317,0.0,0.0,0.0,,,0.0,0.0,0.0,0.0,0.004161264281719923,0.0073729087598621845,,,,0.007771022617816925,0.0,0.0,0.0,,,0.008342444896697998,0.0,0.0,,0.0,,,,,0.0,0.013751369901001453,0.0,,0.0,,,0.0,,0.006028351373970509,0.0,0.0,0.0,,0.006963010877370834,0.0,,0.0,0.0,0.0,0.0,0.0,,0.0025301980786025524,0.0,0.0,,0.0,0.0,0.0,0.0,0.0,0.0,0.0,,0.0009805925656110048,0.0,0.0,0.007419695612043142,0.0,0.0,0.0,,0.0,0.0,0.0,0.010489208623766899,0.0,0.0,0.0,0.0,0.0,0.0,0.00028485566144809127,0.0,0.0,0.0,,0.0,0.0,0.0,0.0,0.0,0.0,0.0,0.0,0.0,0.004446286242455244,0.0,0.0,0.0,,0.0,0.006903916597366333,,0.0032303640618920326,0.0,0.0,0.0,0.0,0.0,0.007855664007365704,0.0,0.0,0.0,0.011428353376686573,0.0,0.014265907928347588,0.0,0.0,0.0,0.0,0.0,0.0,0.0,0.0,0.0,0.0,0.0,0.0,0.0071387211792171,0.0,0.0,0.0,0.010663309134542942,0.009583434090018272,0.0,0.00991410668939352,0.0,0.0,0.0,0.019269602373242378,0.0,0.0,0.0,0.0,0.0,0.0,0.0,0.0,0.004451911896467209,0.0,0.0,0.0,0.0,0.0,0.015617968514561653,0.0,0.008543897420167923,0.0,0.0,0.017431413754820824,0.0,0.0,0.0,0.0,0.0,0.011158911511301994,0.0,0.006921166554093361,0.0,0.013884417712688446,0.0,0.0,0.0,0.0,0.0,0.017269155010581017,0.0,0.00583390099927783,0.0,0.0,,,,,,,,,,,,,,,,,,,,,,,,,,,,,,,,,,,,,,,,,,,,,,,,,,,,,,,,,,,,,,,,,,,,,,,,,,,,,,,,,,,,,,,,,,,,,,,,,,,,,,,,,,,,,,,,,,,,,,,,,,,,,,
2020-09-03,797854.813821175,145.5349896244593,,,,,,,,,,,76494.84123570709,,1039061.7711000025,,,,,,,,,,,,,,,,,,,,,,,,,,,,,,,,,,,,,,,,,,,2235.227814178798,,,,,,,,,,,,,,,,,,,,,,8704.086908857678,9816.935425793057,3085.5381259255305,7421.891063893989,9720.49293047043,83165.67070534678,22773.864019393255,4865.691744884206,34812.10346033557,,,,,,,,,,,,,,,,,,,,,,,,,,,,,,,,,,,,0.007672586012631655,0.0,0.0,0.01092440728098154,0.0,0.0,0.0,0.0,0.0,0.0,0.0,0.0,0.0,0.0,0.0,0.0,,0.0,,0.0,,0.0,0.0,0.0,0.010507198981940746,0.0,,0.0,0.0,0.010712611488997936,0.0,0.012846814468502998,0.0,,0.0,,,,0.0,0.0,0.0,,0.0,0.0,0.0012285824632272124,0.009027548134326935,0.0,,,0.0,,0.0,0.0,0.0,0.0,0.0,0.0,0.0,0.0,0.006439491640776396,0.015234255231916904,0.0,0.0,0.0,,0.011381476186215878,0.0,0.0,0.0,0.015055594965815544,,0.0005889178719371557,0.0,,0.0,0.0,0.0,0.0,,0.0,0.0,0.0,,0.0,,0.0,0.0,,0.0,,0.0,0.0,0.0030229962430894375,0.01743323914706707,0.0,0.012673601508140564,0.0,0.016194811090826988,0.0,,,0.009300514124333858,0.0,,,,,0.0,0.0,0.0,0.0,0.0,0.0,0.0,0.0,0.0,,0.012146583758294582,0.0019998527131974697,0.0,,0.019029388204216957,0.0,0.0015352413756772876,0.0,0.0,0.0,,0.002669151872396469,,0.014855947345495224,0.0,0.0,0.01175154373049736,,0.0,0.0,,0.0,0.0,0.0,0.0,0.0,0.0001421356719220057,0.0011042432161048055,0.0,0.0,0.0046468619257211685,0.003770541399717331,0.0,0.0012880248250439763,,0.02132318913936615,0.0,0.004850889090448618,0.0,,0.0,0.007785265799611807,0.0,0.0,0.0,0.0,0.0061191171407699585,0.0,0.0,0.0,,0.015078713186085224,0.0,0.0,,,,0.006918592378497124,0.002163069089874625,,0.0,0.0,0.0,0.0,,0.0,,0.0,0.0,0.013318006880581379,0.0,0.0,0.0,,,,0.0,0.01897398941218853,0.0,0.0,0.0,,0.0,0.008289680816233158,0.007186546456068754,0.0,,0.0,0.015495573170483112,0.0,0.0,0.0,,0.002988440217450261,0.0071138362400233746,0.006663523148745298,0.0,,0.0029522741679102182,0.007444577291607857,0.00870683416724205,0.0,0.015951599925756454,0.0,,0.0,0.0,0.0,0.0,0.0,0.0,,0.0,,0.005740217864513397,0.007723913062363863,0.0016765532782301307,0.0,0.0,0.0,0.0,,0.0,0.011521018110215664,0.0028374833054840565,,,0.0,0.0,0.0,0.0,0.0,0.0,0.0,0.0,0.0,,0.0,0.0,0.0014217449352145195,,0.0,0.0,0.0,0.015036061406135559,0.0,0.0,0.0,,,0.0,0.002523822244256735,0.0,0.0,0.0,,0.012212172150611877,,0.010441260412335396,0.0,,0.0,0.0001980172237381339,0.0,0.0,,,0.0,0.009777898900210857,,0.011562291532754898,0.0,,,0.0,0.021612513810396194,0.0,0.0,0.0,0.0,0.0,,,0.0,0.0,0.0,0.0,0.0,,,0.0,0.0,0.0,,0.0,0.0,,0.0,0.0,0.010721533559262753,,0.0,0.0,0.0,0.0,,0.0,0.0,,0.0,0.0,0.0,0.000222572882194072,0.004138255026191473,0.0,0.0,0.0,0.0,0.0,0.0,0.0,0.0,,0.01636638306081295,,0.0,0.013081780634820461,0.00596213573589921,0.0,0.0,0.0,0.00783260352909565,0.013072560541331768,0.0,0.01504174992442131,0.0,,0.0,,0.0,0.007702955510467291,0.0,,0.0,0.0,0.0,0.0064319828525185585,0.0,0.0,0.0,0.0,0.006455377209931612,0.002276746090501547,0.0,,,0.0,0.0,0.0,,,,0.0,0.0,,0.0,,0.0,,0.0,,,0.0,,,,,0.0,,0.0,0.009475049562752247,0.0,,0.0,0.0,0.0006172159337438643,,0.011276694014668465,0.0,,0.0,0.008886725641787052,0.0,,,0.0,,0.01935204491019249,0.0,0.0,,0.0,0.0019069688860327005,,,,0.0,0.0,0.0,0.0,0.0,7.387471123365685e-05,,,,0.007764055393636227,0.0,,0.0,,0.0,0.0,0.0,0.0,,,0.0,0.0,,,0.0,,0.0,,0.0,0.0,0.0,0.0,0.0,0.0,0.0,,0.0,0.010640541091561317,0.0,0.0,0.0,,,0.0,0.0,0.0,0.0,0.004161264281719923,0.0073729087598621845,,,,0.007771022617816925,0.0,0.0,0.0,,,0.008342444896697998,0.0,0.0,,0.0,,,,,0.0,0.013751369901001453,0.0,,0.0,,,0.0,,0.006028351373970509,0.0,0.0,0.0,,0.006963010877370834,0.0,,0.0,0.0,0.0,0.0,0.0,,0.0025301980786025524,0.0,0.0,,0.0,0.0,0.0,0.0,0.0,0.0,0.0,,0.0009805925656110048,0.0,0.0,0.007419695612043142,0.0,0.0,0.0,,0.0,0.0,0.0,0.010489208623766899,0.0,0.0,0.0,0.0,0.0,0.0,0.00028485566144809127,0.0,0.0,0.0,,0.0,0.0,0.0,0.0,0.0,0.0,0.0,0.0,0.0,0.004446286242455244,0.0,0.0,0.0,,0.0,0.006903916597366333,,0.0032303640618920326,0.0,0.0,0.0,0.0,0.0,0.007855664007365704,0.0,0.0,0.0,0.011428353376686573,0.0,0.014265907928347588,0.0,0.0,0.0,0.0,0.0,0.0,0.0,0.0,0.0,0.0,0.0,0.0,0.0071387211792171,0.0,0.0,0.0,0.010663309134542942,0.009583434090018272,0.0,0.00991410668939352,0.0,0.0,0.0,0.019269602373242378,0.0,0.0,0.0,0.0,0.0,0.0,0.0,0.0,0.004451911896467209,0.0,0.0,0.0,0.0,0.0,0.015617968514561653,0.0,0.008543897420167923,0.0,0.0,0.017431413754820824,0.0,0.0,0.0,0.0,0.0,0.011158911511301994,0.0,0.006921166554093361,0.0,0.013884417712688446,0.0,0.0,0.0,0.0,0.0,0.017269155010581017,0.0,0.00583390099927783,0.0,0.0,,,,,,,,,,,,,,,,,,,,,,,,,,,,,,,,,,,,,,,,,,,,,,,,,,,,,,,,,,,,,,,,,,,,,,,,,,,,,,,,,,,,,,,,,,,,,,,,,,,,,,,,,,,,,,,,,,,,,,,,,,,,,,
2020-09-04,792582.1606767392,959.9971027509587,,,,,,,,,,,76494.84123570709,,1039061.7711000025,,,,,,,,,,,,,,,,,,,,,,,,,,,,,,,,,,,,,,,,,,,2235.227814178798,,,,,,,,,,,,,,,,,,,,,,8704.086908857678,9708.822284280748,3085.5381259255305,7421.891063893989,9720.49293047043,79981.39496302154,23405.726844590725,4933.270437581016,34812.10346033557,,,,,,,,,,,,,,,,,,,,,,,,,,,,,,,,,,,,0.007672586012631655,0.0,0.0,0.01092440728098154,0.0,0.0,0.0,0.0,0.0,0.0,0.0,0.0,0.0,0.0,0.0,0.0,,0.0,,0.0,,0.0,0.0,0.0,0.010507198981940746,0.0,,0.0,0.0,0.010712611488997936,0.0,0.012846814468502998,0.0,,0.0,,,,0.0,0.0,0.0,,0.0,0.0,0.0012285824632272124,0.009027548134326935,0.0,,,0.0,,0.0,0.0,0.0,0.0,0.0,0.0,0.0,0.0,0.006439491640776396,0.015234255231916904,0.0,0.0,0.0,,0.011381476186215878,0.0,0.0,0.0,0.015055594965815544,,0.0005889178719371557,0.0,,0.0,0.0,0.0,0.0,,0.0,0.0,0.0,,0.0,,0.0,0.0,,0.0,,0.0,0.0,0.0030229962430894375,0.01743323914706707,0.0,0.012673601508140564,0.0,0.016194811090826988,0.0,,,0.009300514124333858,0.0,,,,,0.0,0.0,0.0,0.0,0.0,0.0,0.0,0.0,0.0,,0.012146583758294582,0.0019998527131974697,0.0,,0.019029388204216957,0.0,0.0015352413756772876,0.0,0.0,0.0,,0.002669151872396469,,0.014855947345495224,0.0,0.0,0.01175154373049736,,0.0,0.0,,0.0,0.0,0.0,0.0,0.0,0.0001421356719220057,0.0011042432161048055,0.0,0.0,0.0046468619257211685,0.003770541399717331,0.0,0.0012880248250439763,,0.02132318913936615,0.0,0.004850889090448618,0.0,,0.0,0.007785265799611807,0.0,0.0,0.0,0.0,0.0061191171407699585,0.0,0.0,0.0,,0.015078713186085224,0.0,0.0,,,,0.006918592378497124,0.002163069089874625,,0.0,0.0,0.0,0.0,,0.0,,0.0,0.0,0.013318006880581379,0.0,0.0,0.0,,,,0.0,0.01897398941218853,0.0,0.0,0.0,,0.0,0.008289680816233158,0.007186546456068754,0.0,,0.0,0.015495573170483112,0.0,0.0,0.0,,0.002988440217450261,0.0071138362400233746,0.006663523148745298,0.0,,0.0029522741679102182,0.007444577291607857,0.00870683416724205,0.0,0.015951599925756454,0.0,,0.0,0.0,0.0,0.0,0.0,0.0,,0.0,,0.005740217864513397,0.007723913062363863,0.0016765532782301307,0.0,0.0,0.0,0.0,,0.0,0.011521018110215664,0.0028374833054840565,,,0.0,0.0,0.0,0.0,0.0,0.0,0.0,0.0,0.0,,0.0,0.0,0.0014217449352145195,,0.0,0.0,0.0,0.015036061406135559,0.0,0.0,0.0,,,0.0,0.002523822244256735,0.0,0.0,0.0,,0.012212172150611877,,0.010441260412335396,0.0,,0.0,0.0001980172237381339,0.0,0.0,,,0.0,0.009777898900210857,,0.011562291532754898,0.0,,,0.0,0.021612513810396194,0.0,0.0,0.0,0.0,0.0,,,0.0,0.0,0.0,0.0,0.0,,,0.0,0.0,0.0,,0.0,0.0,,0.0,0.0,0.010721533559262753,,0.0,0.0,0.0,0.0,,0.0,0.0,,0.0,0.0,0.0,0.000222572882194072,0.004138255026191473,0.0,0.0,0.0,0.0,0.0,0.0,0.0,0.0,,0.01636638306081295,,0.0,0.013081780634820461,0.00596213573589921,0.0,0.0,0.0,0.00783260352909565,0.013072560541331768,0.0,0.01504174992442131,0.0,,0.0,,0.0,0.007702955510467291,0.0,,0.0,0.0,0.0,0.0064319828525185585,0.0,0.0,0.0,0.0,0.006455377209931612,0.002276746090501547,0.0,,,0.0,0.0,0.0,,,,0.0,0.0,,0.0,,0.0,,0.0,,,0.0,,,,,0.0,,0.0,0.009475049562752247,0.0,,0.0,0.0,0.0006172159337438643,,0.011276694014668465,0.0,,0.0,0.008886725641787052,0.0,,,0.0,,0.01935204491019249,0.0,0.0,,0.0,0.0019069688860327005,,,,0.0,0.0,0.0,0.0,0.0,7.387471123365685e-05,,,,0.007764055393636227,0.0,,0.0,,0.0,0.0,0.0,0.0,,,0.0,0.0,,,0.0,,0.0,,0.0,0.0,0.0,0.0,0.0,0.0,0.0,,0.0,0.010640541091561317,0.0,0.0,0.0,,,0.0,0.0,0.0,0.0,0.004161264281719923,0.0073729087598621845,,,,0.007771022617816925,0.0,0.0,0.0,,,0.008342444896697998,0.0,0.0,,0.0,,,,,0.0,0.013751369901001453,0.0,,0.0,,,0.0,,0.006028351373970509,0.0,0.0,0.0,,0.006963010877370834,0.0,,0.0,0.0,0.0,0.0,0.0,,0.0025301980786025524,0.0,0.0,,0.0,0.0,0.0,0.0,0.0,0.0,0.0,,0.0009805925656110048,0.0,0.0,0.007419695612043142,0.0,0.0,0.0,,0.0,0.0,0.0,0.010489208623766899,0.0,0.0,0.0,0.0,0.0,0.0,0.00028485566144809127,0.0,0.0,0.0,,0.0,0.0,0.0,0.0,0.0,0.0,0.0,0.0,0.0,0.004446286242455244,0.0,0.0,0.0,,0.0,0.006903916597366333,,0.0032303640618920326,0.0,0.0,0.0,0.0,0.0,0.007855664007365704,0.0,0.0,0.0,0.011428353376686573,0.0,0.014265907928347588,0.0,0.0,0.0,0.0,0.0,0.0,0.0,0.0,0.0,0.0,0.0,0.0,0.0071387211792171,0.0,0.0,0.0,0.010663309134542942,0.009583434090018272,0.0,0.00991410668939352,0.0,0.0,0.0,0.019269602373242378,0.0,0.0,0.0,0.0,0.0,0.0,0.0,0.0,0.004451911896467209,0.0,0.0,0.0,0.0,0.0,0.015617968514561653,0.0,0.008543897420167923,0.0,0.0,0.017431413754820824,0.0,0.0,0.0,0.0,0.0,0.011158911511301994,0.0,0.006921166554093361,0.0,0.013884417712688446,0.0,0.0,0.0,0.0,0.0,0.017269155010581017,0.0,0.00583390099927783,0.0,0.0,,,,,,,,,,,,,,,,,,,,,,,,,,,,,,,,,,,,,,,,,,,,,,,,,,,,,,,,,,,,,,,,,,,,,,,,,,,,,,,,,,,,,,,,,,,,,,,,,,,,,,,,,,,,,,,,,,,,,,,,,,,,,,
2020-09-07,779028.5304063061,146.48571325661248,,,,,,,,,,,76494.84123570709,,1039061.7711000025,,,,,,,,,,,,,,,,,,,,,,,,,,,,,,,,,,,,,,,,,,,2235.227814178798,,,,,,,,,,,,,,,,,,,,,,8704.086908857678,9708.846630772738,3085.5381259255305,7421.891063893989,9720.49293047043,80514.51416591738,23492.19166150025,4933.270437581016,34812.10346033557,,,,,,,,,,,,,,,,,,,,,,,,,,,,,,,,,,,,0.007672586012631655,0.0,0.0,0.01092440728098154,0.0,0.0,0.0,0.0,0.0,0.0,0.0,0.0,0.0,0.0,0.0,0.0,,0.0,,0.0,,0.0,0.0,0.0,0.010507198981940746,0.0,,0.0,0.0,0.010712611488997936,0.0,0.012846814468502998,0.0,,0.0,,,,0.0,0.0,0.0,,0.0,0.0,0.0012285824632272124,0.009027548134326935,0.0,,,0.0,,0.0,0.0,0.0,0.0,0.0,0.0,0.0,0.0,0.006439491640776396,0.015234255231916904,0.0,0.0,0.0,,0.011381476186215878,0.0,0.0,0.0,0.015055594965815544,,0.0005889178719371557,0.0,,0.0,0.0,0.0,0.0,,0.0,0.0,0.0,,0.0,,0.0,0.0,,0.0,,0.0,0.0,0.0030229962430894375,0.01743323914706707,0.0,0.012673601508140564,0.0,0.016194811090826988,0.0,,,0.009300514124333858,0.0,,,,,0.0,0.0,0.0,0.0,0.0,0.0,0.0,0.0,0.0,,0.012146583758294582,0.0019998527131974697,0.0,,0.019029388204216957,0.0,0.0015352413756772876,0.0,0.0,0.0,,0.002669151872396469,,0.014855947345495224,0.0,0.0,0.01175154373049736,,0.0,0.0,,0.0,0.0,0.0,0.0,0.0,0.0001421356719220057,0.0011042432161048055,0.0,0.0,0.0046468619257211685,0.003770541399717331,0.0,0.0012880248250439763,,0.02132318913936615,0.0,0.004850889090448618,0.0,,0.0,0.007785265799611807,0.0,0.0,0.0,0.0,0.0061191171407699585,0.0,0.0,0.0,,0.015078713186085224,0.0,0.0,,,,0.006918592378497124,0.002163069089874625,,0.0,0.0,0.0,0.0,,0.0,,0.0,0.0,0.013318006880581379,0.0,0.0,0.0,,,,0.0,0.01897398941218853,0.0,0.0,0.0,,0.0,0.008289680816233158,0.007186546456068754,0.0,,0.0,0.015495573170483112,0.0,0.0,0.0,,0.002988440217450261,0.0071138362400233746,0.006663523148745298,0.0,,0.0029522741679102182,0.007444577291607857,0.00870683416724205,0.0,0.015951599925756454,0.0,,0.0,0.0,0.0,0.0,0.0,0.0,,0.0,,0.005740217864513397,0.007723913062363863,0.0016765532782301307,0.0,0.0,0.0,0.0,,0.0,0.011521018110215664,0.0028374833054840565,,,0.0,0.0,0.0,0.0,0.0,0.0,0.0,0.0,0.0,,0.0,0.0,0.0014217449352145195,,0.0,0.0,0.0,0.015036061406135559,0.0,0.0,0.0,,,0.0,0.002523822244256735,0.0,0.0,0.0,,0.012212172150611877,,0.010441260412335396,0.0,,0.0,0.0001980172237381339,0.0,0.0,,,0.0,0.009777898900210857,,0.011562291532754898,0.0,,,0.0,0.021612513810396194,0.0,0.0,0.0,0.0,0.0,,,0.0,0.0,0.0,0.0,0.0,,,0.0,0.0,0.0,,0.0,0.0,,0.0,0.0,0.010721533559262753,,0.0,0.0,0.0,0.0,,0.0,0.0,,0.0,0.0,0.0,0.000222572882194072,0.004138255026191473,0.0,0.0,0.0,0.0,0.0,0.0,0.0,0.0,,0.01636638306081295,,0.0,0.013081780634820461,0.00596213573589921,0.0,0.0,0.0,0.00783260352909565,0.013072560541331768,0.0,0.01504174992442131,0.0,,0.0,,0.0,0.007702955510467291,0.0,,0.0,0.0,0.0,0.0064319828525185585,0.0,0.0,0.0,0.0,0.006455377209931612,0.002276746090501547,0.0,,,0.0,0.0,0.0,,,,0.0,0.0,,0.0,,0.0,,0.0,,,0.0,,,,,0.0,,0.0,0.009475049562752247,0.0,,0.0,0.0,0.0006172159337438643,,0.011276694014668465,0.0,,0.0,0.008886725641787052,0.0,,,0.0,,0.01935204491019249,0.0,0.0,,0.0,0.0019069688860327005,,,,0.0,0.0,0.0,0.0,0.0,7.387471123365685e-05,,,,0.007764055393636227,0.0,,0.0,,0.0,0.0,0.0,0.0,,,0.0,0.0,,,0.0,,0.0,,0.0,0.0,0.0,0.0,0.0,0.0,0.0,,0.0,0.010640541091561317,0.0,0.0,0.0,,,0.0,0.0,0.0,0.0,0.004161264281719923,0.0073729087598621845,,,,0.007771022617816925,0.0,0.0,0.0,,,0.008342444896697998,0.0,0.0,,0.0,,,,,0.0,0.013751369901001453,0.0,,0.0,,,0.0,,0.006028351373970509,0.0,0.0,0.0,,0.006963010877370834,0.0,,0.0,0.0,0.0,0.0,0.0,,0.0025301980786025524,0.0,0.0,,0.0,0.0,0.0,0.0,0.0,0.0,0.0,,0.0009805925656110048,0.0,0.0,0.007419695612043142,0.0,0.0,0.0,,0.0,0.0,0.0,0.010489208623766899,0.0,0.0,0.0,0.0,0.0,0.0,0.00028485566144809127,0.0,0.0,0.0,,0.0,0.0,0.0,0.0,0.0,0.0,0.0,0.0,0.0,0.004446286242455244,0.0,0.0,0.0,,0.0,0.006903916597366333,,0.0032303640618920326,0.0,0.0,0.0,0.0,0.0,0.007855664007365704,0.0,0.0,0.0,0.011428353376686573,0.0,0.014265907928347588,0.0,0.0,0.0,0.0,0.0,0.0,0.0,0.0,0.0,0.0,0.0,0.0,0.0071387211792171,0.0,0.0,0.0,0.010663309134542942,0.009583434090018272,0.0,0.00991410668939352,0.0,0.0,0.0,0.019269602373242378,0.0,0.0,0.0,0.0,0.0,0.0,0.0,0.0,0.004451911896467209,0.0,0.0,0.0,0.0,0.0,0.015617968514561653,0.0,0.008543897420167923,0.0,0.0,0.017431413754820824,0.0,0.0,0.0,0.0,0.0,0.011158911511301994,0.0,0.006921166554093361,0.0,0.013884417712688446,0.0,0.0,0.0,0.0,0.0,0.017269155010581017,0.0,0.00583390099927783,0.0,0.0,,,,,,,,,,,,,,,,,,,,,,,,,,,,,,,,,,,,,,,,,,,,,,,,,,,,,,,,,,,,,,,,,,,,,,,,,,,,,,,,,,,,,,,,,,,,,,,,,,,,,,,,,,,,,,,,,,,,,,,,,,,,,,
2020-09-08,783967.0004409278,438.41860349143616,,,,,,,,,,,76494.84123570709,,1039061.7711000025,,,,,,,,,,,,,,,,,,,,,,,,,,,,,,,,,,,,,,,,,,,2235.227814178798,,,,,,,,,,,,,,,,,,,,,,8704.086908857678,9708.846630772738,3085.5381259255305,7421.891063893989,9720.49293047043,80514.51416591738,23404.55139216018,4933.294245189166,34812.10346033557,,,,,,,,,,,,,,,,,,,,,,,,,,,,,,,,,,,,0.007672586012631655,0.0,0.0,0.01092440728098154,0.0,0.0,0.0,0.0,0.0,0.0,0.0,0.0,0.0,0.0,0.0,0.0,,0.0,,0.0,,0.0,0.0,0.0,0.010507198981940746,0.0,,0.0,0.0,0.010712611488997936,0.0,0.012846814468502998,0.0,,0.0,,,,0.0,0.0,0.0,,0.0,0.0,0.0012285824632272124,0.009027548134326935,0.0,,,0.0,,0.0,0.0,0.0,0.0,0.0,0.0,0.0,0.0,0.006439491640776396,0.015234255231916904,0.0,0.0,0.0,,0.011381476186215878,0.0,0.0,0.0,0.015055594965815544,,0.0005889178719371557,0.0,,0.0,0.0,0.0,0.0,,0.0,0.0,0.0,,0.0,,0.0,0.0,,0.0,,0.0,0.0,0.0030229962430894375,0.01743323914706707,0.0,0.012673601508140564,0.0,0.016194811090826988,0.0,,,0.009300514124333858,0.0,,,,,0.0,0.0,0.0,0.0,0.0,0.0,0.0,0.0,0.0,,0.012146583758294582,0.0019998527131974697,0.0,,0.019029388204216957,0.0,0.0015352413756772876,0.0,0.0,0.0,,0.002669151872396469,,0.014855947345495224,0.0,0.0,0.01175154373049736,,0.0,0.0,,0.0,0.0,0.0,0.0,0.0,0.0001421356719220057,0.0011042432161048055,0.0,0.0,0.0046468619257211685,0.003770541399717331,0.0,0.0012880248250439763,,0.02132318913936615,0.0,0.004850889090448618,0.0,,0.0,0.007785265799611807,0.0,0.0,0.0,0.0,0.0061191171407699585,0.0,0.0,0.0,,0.015078713186085224,0.0,0.0,,,,0.006918592378497124,0.002163069089874625,,0.0,0.0,0.0,0.0,,0.0,,0.0,0.0,0.013318006880581379,0.0,0.0,0.0,,,,0.0,0.01897398941218853,0.0,0.0,0.0,,0.0,0.008289680816233158,0.007186546456068754,0.0,,0.0,0.015495573170483112,0.0,0.0,0.0,,0.002988440217450261,0.0071138362400233746,0.006663523148745298,0.0,,0.0029522741679102182,0.007444577291607857,0.00870683416724205,0.0,0.015951599925756454,0.0,,0.0,0.0,0.0,0.0,0.0,0.0,,0.0,,0.005740217864513397,0.007723913062363863,0.0016765532782301307,0.0,0.0,0.0,0.0,,0.0,0.011521018110215664,0.0028374833054840565,,,0.0,0.0,0.0,0.0,0.0,0.0,0.0,0.0,0.0,,0.0,0.0,0.0014217449352145195,,0.0,0.0,0.0,0.015036061406135559,0.0,0.0,0.0,,,0.0,0.002523822244256735,0.0,0.0,0.0,,0.012212172150611877,,0.010441260412335396,0.0,,0.0,0.0001980172237381339,0.0,0.0,,,0.0,0.009777898900210857,,0.011562291532754898,0.0,,,0.0,0.021612513810396194,0.0,0.0,0.0,0.0,0.0,,,0.0,0.0,0.0,0.0,0.0,,,0.0,0.0,0.0,,0.0,0.0,,0.0,0.0,0.010721533559262753,,0.0,0.0,0.0,0.0,,0.0,0.0,,0.0,0.0,0.0,0.000222572882194072,0.004138255026191473,0.0,0.0,0.0,0.0,0.0,0.0,0.0,0.0,,0.01636638306081295,,0.0,0.013081780634820461,0.00596213573589921,0.0,0.0,0.0,0.00783260352909565,0.013072560541331768,0.0,0.01504174992442131,0.0,,0.0,,0.0,0.007702955510467291,0.0,,0.0,0.0,0.0,0.0064319828525185585,0.0,0.0,0.0,0.0,0.006455377209931612,0.002276746090501547,0.0,,,0.0,0.0,0.0,,,,0.0,0.0,,0.0,,0.0,,0.0,,,0.0,,,,,0.0,,0.0,0.009475049562752247,0.0,,0.0,0.0,0.0006172159337438643,,0.011276694014668465,0.0,,0.0,0.008886725641787052,0.0,,,0.0,,0.01935204491019249,0.0,0.0,,0.0,0.0019069688860327005,,,,0.0,0.0,0.0,0.0,0.0,7.387471123365685e-05,,,,0.007764055393636227,0.0,,0.0,,0.0,0.0,0.0,0.0,,,0.0,0.0,,,0.0,,0.0,,0.0,0.0,0.0,0.0,0.0,0.0,0.0,,0.0,0.010640541091561317,0.0,0.0,0.0,,,0.0,0.0,0.0,0.0,0.004161264281719923,0.0073729087598621845,,,,0.007771022617816925,0.0,0.0,0.0,,,0.008342444896697998,0.0,0.0,,0.0,,,,,0.0,0.013751369901001453,0.0,,0.0,,,0.0,,0.006028351373970509,0.0,0.0,0.0,,0.006963010877370834,0.0,,0.0,0.0,0.0,0.0,0.0,,0.0025301980786025524,0.0,0.0,,0.0,0.0,0.0,0.0,0.0,0.0,0.0,,0.0009805925656110048,0.0,0.0,0.007419695612043142,0.0,0.0,0.0,,0.0,0.0,0.0,0.010489208623766899,0.0,0.0,0.0,0.0,0.0,0.0,0.00028485566144809127,0.0,0.0,0.0,,0.0,0.0,0.0,0.0,0.0,0.0,0.0,0.0,0.0,0.004446286242455244,0.0,0.0,0.0,,0.0,0.006903916597366333,,0.0032303640618920326,0.0,0.0,0.0,0.0,0.0,0.007855664007365704,0.0,0.0,0.0,0.011428353376686573,0.0,0.014265907928347588,0.0,0.0,0.0,0.0,0.0,0.0,0.0,0.0,0.0,0.0,0.0,0.0,0.0071387211792171,0.0,0.0,0.0,0.010663309134542942,0.009583434090018272,0.0,0.00991410668939352,0.0,0.0,0.0,0.019269602373242378,0.0,0.0,0.0,0.0,0.0,0.0,0.0,0.0,0.004451911896467209,0.0,0.0,0.0,0.0,0.0,0.015617968514561653,0.0,0.008543897420167923,0.0,0.0,0.017431413754820824,0.0,0.0,0.0,0.0,0.0,0.011158911511301994,0.0,0.006921166554093361,0.0,0.013884417712688446,0.0,0.0,0.0,0.0,0.0,0.017269155010581017,0.0,0.00583390099927783,0.0,0.0,,,,,,,,,,,,,,,,,,,,,,,,,,,,,,,,,,,,,,,,,,,,,,,,,,,,,,,,,,,,,,,,,,,,,,,,,,,,,,,,,,,,,,,,,,,,,,,,,,,,,,,,,,,,,,,,,,,,,,,,,,,,,,
2020-09-09,764884.1294891817,1262.4350967085234,,,,,,,,,,,76494.84123570709,,1039061.7711000025,,,,,,,,,,,,,,,,,,,,,,,,,,,,,,,,,,,,,,,,,,,2235.227814178798,,,,,,,,,,,,,,,,,,,,,,8704.086908857678,9601.50396352338,3085.5381259255305,7421.891063893989,9720.49293047043,81580.59191434085,22771.08608145013,4865.651371011653,35935.165403078194,,,,,,,,,,,,,,,,,,,,,,,,,,,,,,,,,,,,0.007672586012631655,0.0,0.0,0.01092440728098154,0.0,0.0,0.0,0.0,0.0,0.0,0.0,0.0,0.0,0.0,0.0,0.0,,0.0,,0.0,,0.0,0.0,0.0,0.010507198981940746,0.0,,0.0,0.0,0.010712611488997936,0.0,0.012846814468502998,0.0,,0.0,,,,0.0,0.0,0.0,,0.0,0.0,0.0012285824632272124,0.009027548134326935,0.0,,,0.0,,0.0,0.0,0.0,0.0,0.0,0.0,0.0,0.0,0.006439491640776396,0.015234255231916904,0.0,0.0,0.0,,0.011381476186215878,0.0,0.0,0.0,0.015055594965815544,,0.0005889178719371557,0.0,,0.0,0.0,0.0,0.0,,0.0,0.0,0.0,,0.0,,0.0,0.0,,0.0,,0.0,0.0,0.0030229962430894375,0.01743323914706707,0.0,0.012673601508140564,0.0,0.016194811090826988,0.0,,,0.009300514124333858,0.0,,,,,0.0,0.0,0.0,0.0,0.0,0.0,0.0,0.0,0.0,,0.012146583758294582,0.0019998527131974697,0.0,,0.019029388204216957,0.0,0.0015352413756772876,0.0,0.0,0.0,,0.002669151872396469,,0.014855947345495224,0.0,0.0,0.01175154373049736,,0.0,0.0,,0.0,0.0,0.0,0.0,0.0,0.0001421356719220057,0.0011042432161048055,0.0,0.0,0.0046468619257211685,0.003770541399717331,0.0,0.0012880248250439763,,0.02132318913936615,0.0,0.004850889090448618,0.0,,0.0,0.007785265799611807,0.0,0.0,0.0,0.0,0.0061191171407699585,0.0,0.0,0.0,,0.015078713186085224,0.0,0.0,,,,0.006918592378497124,0.002163069089874625,,0.0,0.0,0.0,0.0,,0.0,,0.0,0.0,0.013318006880581379,0.0,0.0,0.0,,,,0.0,0.01897398941218853,0.0,0.0,0.0,,0.0,0.008289680816233158,0.007186546456068754,0.0,,0.0,0.015495573170483112,0.0,0.0,0.0,,0.002988440217450261,0.0071138362400233746,0.006663523148745298,0.0,,0.0029522741679102182,0.007444577291607857,0.00870683416724205,0.0,0.015951599925756454,0.0,,0.0,0.0,0.0,0.0,0.0,0.0,,0.0,,0.005740217864513397,0.007723913062363863,0.0016765532782301307,0.0,0.0,0.0,0.0,,0.0,0.011521018110215664,0.0028374833054840565,,,0.0,0.0,0.0,0.0,0.0,0.0,0.0,0.0,0.0,,0.0,0.0,0.0014217449352145195,,0.0,0.0,0.0,0.015036061406135559,0.0,0.0,0.0,,,0.0,0.002523822244256735,0.0,0.0,0.0,,0.012212172150611877,,0.010441260412335396,0.0,,0.0,0.0001980172237381339,0.0,0.0,,,0.0,0.009777898900210857,,0.011562291532754898,0.0,,,0.0,0.021612513810396194,0.0,0.0,0.0,0.0,0.0,,,0.0,0.0,0.0,0.0,0.0,,,0.0,0.0,0.0,,0.0,0.0,,0.0,0.0,0.010721533559262753,,0.0,0.0,0.0,0.0,,0.0,0.0,,0.0,0.0,0.0,0.000222572882194072,0.004138255026191473,0.0,0.0,0.0,0.0,0.0,0.0,0.0,0.0,,0.01636638306081295,,0.0,0.013081780634820461,0.00596213573589921,0.0,0.0,0.0,0.00783260352909565,0.013072560541331768,0.0,0.01504174992442131,0.0,,0.0,,0.0,0.007702955510467291,0.0,,0.0,0.0,0.0,0.0064319828525185585,0.0,0.0,0.0,0.0,0.006455377209931612,0.002276746090501547,0.0,,,0.0,0.0,0.0,,,,0.0,0.0,,0.0,,0.0,,0.0,,,0.0,,,,,0.0,,0.0,0.009475049562752247,0.0,,0.0,0.0,0.0006172159337438643,,0.011276694014668465,0.0,,0.0,0.008886725641787052,0.0,,,0.0,,0.01935204491019249,0.0,0.0,,0.0,0.0019069688860327005,,,,0.0,0.0,0.0,0.0,0.0,7.387471123365685e-05,,,,0.007764055393636227,0.0,,0.0,,0.0,0.0,0.0,0.0,,,0.0,0.0,,,0.0,,0.0,,0.0,0.0,0.0,0.0,0.0,0.0,0.0,,0.0,0.010640541091561317,0.0,0.0,0.0,,,0.0,0.0,0.0,0.0,0.004161264281719923,0.0073729087598621845,,,,0.007771022617816925,0.0,0.0,0.0,,,0.008342444896697998,0.0,0.0,,0.0,,,,,0.0,0.013751369901001453,0.0,,0.0,,,0.0,,0.006028351373970509,0.0,0.0,0.0,,0.006963010877370834,0.0,,0.0,0.0,0.0,0.0,0.0,,0.0025301980786025524,0.0,0.0,,0.0,0.0,0.0,0.0,0.0,0.0,0.0,,0.0009805925656110048,0.0,0.0,0.007419695612043142,0.0,0.0,0.0,,0.0,0.0,0.0,0.010489208623766899,0.0,0.0,0.0,0.0,0.0,0.0,0.00028485566144809127,0.0,0.0,0.0,,0.0,0.0,0.0,0.0,0.0,0.0,0.0,0.0,0.0,0.004446286242455244,0.0,0.0,0.0,,0.0,0.006903916597366333,,0.0032303640618920326,0.0,0.0,0.0,0.0,0.0,0.007855664007365704,0.0,0.0,0.0,0.011428353376686573,0.0,0.014265907928347588,0.0,0.0,0.0,0.0,0.0,0.0,0.0,0.0,0.0,0.0,0.0,0.0,0.0071387211792171,0.0,0.0,0.0,0.010663309134542942,0.009583434090018272,0.0,0.00991410668939352,0.0,0.0,0.0,0.019269602373242378,0.0,0.0,0.0,0.0,0.0,0.0,0.0,0.0,0.004451911896467209,0.0,0.0,0.0,0.0,0.0,0.015617968514561653,0.0,0.008543897420167923,0.0,0.0,0.017431413754820824,0.0,0.0,0.0,0.0,0.0,0.011158911511301994,0.0,0.006921166554093361,0.0,0.013884417712688446,0.0,0.0,0.0,0.0,0.0,0.017269155010581017,0.0,0.00583390099927783,0.0,0.0,,,,,,,,,,,,,,,,,,,,,,,,,,,,,,,,,,,,,,,,,,,,,,,,,,,,,,,,,,,,,,,,,,,,,,,,,,,,,,,,,,,,,,,,,,,,,,,,,,,,,,,,,,,,,,,,,,,,,,,,,,,,,,
2020-09-10,760685.8315579741,1070.3790769091156,,,,,,,,,,,76494.84123570709,,1039061.7711000025,,,,,,,,,,,,,,,,,,,,,,,,,,,,,,,,,,,,,,,,,,,2235.227814178798,,,,,,,,,,,,,,,,,,,,,,8704.086908857678,9493.225110372618,3085.5381259255305,7421.891063893989,9720.49293047043,79978.9293487238,21966.491795755726,4933.357834901377,38181.36672399479,,,,,,,,,,,,,,,,,,,,,,,,,,,,,,,,,,,,0.007672586012631655,0.0,0.0,0.01092440728098154,0.0,0.0,0.0,0.0,0.0,0.0,0.0,0.0,0.0,0.0,0.0,0.0,,0.0,,0.0,,0.0,0.0,0.0,0.010507198981940746,0.0,,0.0,0.0,0.010712611488997936,0.0,0.012846814468502998,0.0,,0.0,,,,0.0,0.0,0.0,,0.0,0.0,0.0012285824632272124,0.009027548134326935,0.0,,,0.0,,0.0,0.0,0.0,0.0,0.0,0.0,0.0,0.0,0.006439491640776396,0.015234255231916904,0.0,0.0,0.0,,0.011381476186215878,0.0,0.0,0.0,0.015055594965815544,,0.0005889178719371557,0.0,,0.0,0.0,0.0,0.0,,0.0,0.0,0.0,,0.0,,0.0,0.0,,0.0,,0.0,0.0,0.0030229962430894375,0.01743323914706707,0.0,0.012673601508140564,0.0,0.016194811090826988,0.0,,,0.009300514124333858,0.0,,,,,0.0,0.0,0.0,0.0,0.0,0.0,0.0,0.0,0.0,,0.012146583758294582,0.0019998527131974697,0.0,,0.019029388204216957,0.0,0.0015352413756772876,0.0,0.0,0.0,,0.002669151872396469,,0.014855947345495224,0.0,0.0,0.01175154373049736,,0.0,0.0,,0.0,0.0,0.0,0.0,0.0,0.0001421356719220057,0.0011042432161048055,0.0,0.0,0.0046468619257211685,0.003770541399717331,0.0,0.0012880248250439763,,0.02132318913936615,0.0,0.004850889090448618,0.0,,0.0,0.007785265799611807,0.0,0.0,0.0,0.0,0.0061191171407699585,0.0,0.0,0.0,,0.015078713186085224,0.0,0.0,,,,0.006918592378497124,0.002163069089874625,,0.0,0.0,0.0,0.0,,0.0,,0.0,0.0,0.013318006880581379,0.0,0.0,0.0,,,,0.0,0.01897398941218853,0.0,0.0,0.0,,0.0,0.008289680816233158,0.007186546456068754,0.0,,0.0,0.015495573170483112,0.0,0.0,0.0,,0.002988440217450261,0.0071138362400233746,0.006663523148745298,0.0,,0.0029522741679102182,0.007444577291607857,0.00870683416724205,0.0,0.015951599925756454,0.0,,0.0,0.0,0.0,0.0,0.0,0.0,,0.0,,0.005740217864513397,0.007723913062363863,0.0016765532782301307,0.0,0.0,0.0,0.0,,0.0,0.011521018110215664,0.0028374833054840565,,,0.0,0.0,0.0,0.0,0.0,0.0,0.0,0.0,0.0,,0.0,0.0,0.0014217449352145195,,0.0,0.0,0.0,0.015036061406135559,0.0,0.0,0.0,,,0.0,0.002523822244256735,0.0,0.0,0.0,,0.012212172150611877,,0.010441260412335396,0.0,,0.0,0.0001980172237381339,0.0,0.0,,,0.0,0.009777898900210857,,0.011562291532754898,0.0,,,0.0,0.021612513810396194,0.0,0.0,0.0,0.0,0.0,,,0.0,0.0,0.0,0.0,0.0,,,0.0,0.0,0.0,,0.0,0.0,,0.0,0.0,0.010721533559262753,,0.0,0.0,0.0,0.0,,0.0,0.0,,0.0,0.0,0.0,0.000222572882194072,0.004138255026191473,0.0,0.0,0.0,0.0,0.0,0.0,0.0,0.0,,0.01636638306081295,,0.0,0.013081780634820461,0.00596213573589921,0.0,0.0,0.0,0.00783260352909565,0.013072560541331768,0.0,0.01504174992442131,0.0,,0.0,,0.0,0.007702955510467291,0.0,,0.0,0.0,0.0,0.0064319828525185585,0.0,0.0,0.0,0.0,0.006455377209931612,0.002276746090501547,0.0,,,0.0,0.0,0.0,,,,0.0,0.0,,0.0,,0.0,,0.0,,,0.0,,,,,0.0,,0.0,0.009475049562752247,0.0,,0.0,0.0,0.0006172159337438643,,0.011276694014668465,0.0,,0.0,0.008886725641787052,0.0,,,0.0,,0.01935204491019249,0.0,0.0,,0.0,0.0019069688860327005,,,,0.0,0.0,0.0,0.0,0.0,7.387471123365685e-05,,,,0.007764055393636227,0.0,,0.0,,0.0,0.0,0.0,0.0,,,0.0,0.0,,,0.0,,0.0,,0.0,0.0,0.0,0.0,0.0,0.0,0.0,,0.0,0.010640541091561317,0.0,0.0,0.0,,,0.0,0.0,0.0,0.0,0.004161264281719923,0.0073729087598621845,,,,0.007771022617816925,0.0,0.0,0.0,,,0.008342444896697998,0.0,0.0,,0.0,,,,,0.0,0.013751369901001453,0.0,,0.0,,,0.0,,0.006028351373970509,0.0,0.0,0.0,,0.006963010877370834,0.0,,0.0,0.0,0.0,0.0,0.0,,0.0025301980786025524,0.0,0.0,,0.0,0.0,0.0,0.0,0.0,0.0,0.0,,0.0009805925656110048,0.0,0.0,0.007419695612043142,0.0,0.0,0.0,,0.0,0.0,0.0,0.010489208623766899,0.0,0.0,0.0,0.0,0.0,0.0,0.00028485566144809127,0.0,0.0,0.0,,0.0,0.0,0.0,0.0,0.0,0.0,0.0,0.0,0.0,0.004446286242455244,0.0,0.0,0.0,,0.0,0.006903916597366333,,0.0032303640618920326,0.0,0.0,0.0,0.0,0.0,0.007855664007365704,0.0,0.0,0.0,0.011428353376686573,0.0,0.014265907928347588,0.0,0.0,0.0,0.0,0.0,0.0,0.0,0.0,0.0,0.0,0.0,0.0,0.0071387211792171,0.0,0.0,0.0,0.010663309134542942,0.009583434090018272,0.0,0.00991410668939352,0.0,0.0,0.0,0.019269602373242378,0.0,0.0,0.0,0.0,0.0,0.0,0.0,0.0,0.004451911896467209,0.0,0.0,0.0,0.0,0.0,0.015617968514561653,0.0,0.008543897420167923,0.0,0.0,0.017431413754820824,0.0,0.0,0.0,0.0,0.0,0.011158911511301994,0.0,0.006921166554093361,0.0,0.013884417712688446,0.0,0.0,0.0,0.0,0.0,0.017269155010581017,0.0,0.00583390099927783,0.0,0.0,,,,,,,,,,,,,,,,,,,,,,,,,,,,,,,,,,,,,,,,,,,,,,,,,,,,,,,,,,,,,,,,,,,,,,,,,,,,,,,,,,,,,,,,,,,,,,,,,,,,,,,,,,,,,,,,,,,,,,,,,,,,,,
2020-09-11,771882.2960800126,39.59287463894025,,,,,,,,,,,76494.84123570709,,1039061.7711000025,,,,,,,,,,,,,,,,,,,,,,,,,,,,,,,,,,,,,,,,,,,2235.227814178798,,,,,,,,,,,,,,,,,,,,,,8704.086908857678,9601.137857594704,3085.5381259255305,7421.891063893989,9720.49293047043,78909.39006398008,22326.507383283642,4933.3475014615915,38181.36672399479,,,,,,,,,,,,,,,,,,,,,,,,,,,,,,,,,,,,0.007672586012631655,0.0,0.0,0.01092440728098154,0.0,0.0,0.0,0.0,0.0,0.0,0.0,0.0,0.0,0.0,0.0,0.0,,0.0,,0.0,,0.0,0.0,0.0,0.010507198981940746,0.0,,0.0,0.0,0.010712611488997936,0.0,0.012846814468502998,0.0,,0.0,,,,0.0,0.0,0.0,,0.0,0.0,0.0012285824632272124,0.009027548134326935,0.0,,,0.0,,0.0,0.0,0.0,0.0,0.0,0.0,0.0,0.0,0.006439491640776396,0.015234255231916904,0.0,0.0,0.0,,0.011381476186215878,0.0,0.0,0.0,0.015055594965815544,,0.0005889178719371557,0.0,,0.0,0.0,0.0,0.0,,0.0,0.0,0.0,,0.0,,0.0,0.0,,0.0,,0.0,0.0,0.0030229962430894375,0.01743323914706707,0.0,0.012673601508140564,0.0,0.016194811090826988,0.0,,,0.009300514124333858,0.0,,,,,0.0,0.0,0.0,0.0,0.0,0.0,0.0,0.0,0.0,,0.012146583758294582,0.0019998527131974697,0.0,,0.019029388204216957,0.0,0.0015352413756772876,0.0,0.0,0.0,,0.002669151872396469,,0.014855947345495224,0.0,0.0,0.01175154373049736,,0.0,0.0,,0.0,0.0,0.0,0.0,0.0,0.0001421356719220057,0.0011042432161048055,0.0,0.0,0.0046468619257211685,0.003770541399717331,0.0,0.0012880248250439763,,0.02132318913936615,0.0,0.004850889090448618,0.0,,0.0,0.007785265799611807,0.0,0.0,0.0,0.0,0.0061191171407699585,0.0,0.0,0.0,,0.015078713186085224,0.0,0.0,,,,0.006918592378497124,0.002163069089874625,,0.0,0.0,0.0,0.0,,0.0,,0.0,0.0,0.013318006880581379,0.0,0.0,0.0,,,,0.0,0.01897398941218853,0.0,0.0,0.0,,0.0,0.008289680816233158,0.007186546456068754,0.0,,0.0,0.015495573170483112,0.0,0.0,0.0,,0.002988440217450261,0.0071138362400233746,0.006663523148745298,0.0,,0.0029522741679102182,0.007444577291607857,0.00870683416724205,0.0,0.015951599925756454,0.0,,0.0,0.0,0.0,0.0,0.0,0.0,,0.0,,0.005740217864513397,0.007723913062363863,0.0016765532782301307,0.0,0.0,0.0,0.0,,0.0,0.011521018110215664,0.0028374833054840565,,,0.0,0.0,0.0,0.0,0.0,0.0,0.0,0.0,0.0,,0.0,0.0,0.0014217449352145195,,0.0,0.0,0.0,0.015036061406135559,0.0,0.0,0.0,,,0.0,0.002523822244256735,0.0,0.0,0.0,,0.012212172150611877,,0.010441260412335396,0.0,,0.0,0.0001980172237381339,0.0,0.0,,,0.0,0.009777898900210857,,0.011562291532754898,0.0,,,0.0,0.021612513810396194,0.0,0.0,0.0,0.0,0.0,,,0.0,0.0,0.0,0.0,0.0,,,0.0,0.0,0.0,,0.0,0.0,,0.0,0.0,0.010721533559262753,,0.0,0.0,0.0,0.0,,0.0,0.0,,0.0,0.0,0.0,0.000222572882194072,0.004138255026191473,0.0,0.0,0.0,0.0,0.0,0.0,0.0,0.0,,0.01636638306081295,,0.0,0.013081780634820461,0.00596213573589921,0.0,0.0,0.0,0.00783260352909565,0.013072560541331768,0.0,0.01504174992442131,0.0,,0.0,,0.0,0.007702955510467291,0.0,,0.0,0.0,0.0,0.0064319828525185585,0.0,0.0,0.0,0.0,0.006455377209931612,0.002276746090501547,0.0,,,0.0,0.0,0.0,,,,0.0,0.0,,0.0,,0.0,,0.0,,,0.0,,,,,0.0,,0.0,0.009475049562752247,0.0,,0.0,0.0,0.0006172159337438643,,0.011276694014668465,0.0,,0.0,0.008886725641787052,0.0,,,0.0,,0.01935204491019249,0.0,0.0,,0.0,0.0019069688860327005,,,,0.0,0.0,0.0,0.0,0.0,7.387471123365685e-05,,,,0.007764055393636227,0.0,,0.0,,0.0,0.0,0.0,0.0,,,0.0,0.0,,,0.0,,0.0,,0.0,0.0,0.0,0.0,0.0,0.0,0.0,,0.0,0.010640541091561317,0.0,0.0,0.0,,,0.0,0.0,0.0,0.0,0.004161264281719923,0.0073729087598621845,,,,0.007771022617816925,0.0,0.0,0.0,,,0.008342444896697998,0.0,0.0,,0.0,,,,,0.0,0.013751369901001453,0.0,,0.0,,,0.0,,0.006028351373970509,0.0,0.0,0.0,,0.006963010877370834,0.0,,0.0,0.0,0.0,0.0,0.0,,0.0025301980786025524,0.0,0.0,,0.0,0.0,0.0,0.0,0.0,0.0,0.0,,0.0009805925656110048,0.0,0.0,0.007419695612043142,0.0,0.0,0.0,,0.0,0.0,0.0,0.010489208623766899,0.0,0.0,0.0,0.0,0.0,0.0,0.00028485566144809127,0.0,0.0,0.0,,0.0,0.0,0.0,0.0,0.0,0.0,0.0,0.0,0.0,0.004446286242455244,0.0,0.0,0.0,,0.0,0.006903916597366333,,0.0032303640618920326,0.0,0.0,0.0,0.0,0.0,0.007855664007365704,0.0,0.0,0.0,0.011428353376686573,0.0,0.014265907928347588,0.0,0.0,0.0,0.0,0.0,0.0,0.0,0.0,0.0,0.0,0.0,0.0,0.0071387211792171,0.0,0.0,0.0,0.010663309134542942,0.009583434090018272,0.0,0.00991410668939352,0.0,0.0,0.0,0.019269602373242378,0.0,0.0,0.0,0.0,0.0,0.0,0.0,0.0,0.004451911896467209,0.0,0.0,0.0,0.0,0.0,0.015617968514561653,0.0,0.008543897420167923,0.0,0.0,0.017431413754820824,0.0,0.0,0.0,0.0,0.0,0.011158911511301994,0.0,0.006921166554093361,0.0,0.013884417712688446,0.0,0.0,0.0,0.0,0.0,0.017269155010581017,0.0,0.00583390099927783,0.0,0.0,,,,,,,,,,,,,,,,,,,,,,,,,,,,,,,,,,,,,,,,,,,,,,,,,,,,,,,,,,,,,,,,,,,,,,,,,,,,,,,,,,,,,,,,,,,,,,,,,,,,,,,,,,,,,,,,,,,,,,,,,,,,,,
2020-09-14,778111.2874556852,279.48866257959804,,,,,,,,,,,76494.84123570709,,1039061.7711000025,,,,,,,,,,,,,,,,,,,,,,,,,,,,,,,,,,,,,,,,,,,2235.227814178798,,,,,,,,,,,,,,,,,,,,,,8704.086908857678,9601.137857594704,3085.5381259255305,7421.891063893989,9720.49293047043,78356.43443939384,22416.518050083647,4933.273181458442,38181.36672399479,,,,,,,,,,,,,,,,,,,,,,,,,,,,,,,,,,,,0.007672586012631655,0.0,0.0,0.01092440728098154,0.0,0.0,0.0,0.0,0.0,0.0,0.0,0.0,0.0,0.0,0.0,0.0,,0.0,,0.0,,0.0,0.0,0.0,0.010507198981940746,0.0,,0.0,0.0,0.010712611488997936,0.0,0.012846814468502998,0.0,,0.0,,,,0.0,0.0,0.0,,0.0,0.0,0.0012285824632272124,0.009027548134326935,0.0,,,0.0,,0.0,0.0,0.0,0.0,0.0,0.0,0.0,0.0,0.006439491640776396,0.015234255231916904,0.0,0.0,0.0,,0.011381476186215878,0.0,0.0,0.0,0.015055594965815544,,0.0005889178719371557,0.0,,0.0,0.0,0.0,0.0,,0.0,0.0,0.0,,0.0,,0.0,0.0,,0.0,,0.0,0.0,0.0030229962430894375,0.01743323914706707,0.0,0.012673601508140564,0.0,0.016194811090826988,0.0,,,0.009300514124333858,0.0,,,,,0.0,0.0,0.0,0.0,0.0,0.0,0.0,0.0,0.0,,0.012146583758294582,0.0019998527131974697,0.0,,0.019029388204216957,0.0,0.0015352413756772876,0.0,0.0,0.0,,0.002669151872396469,,0.014855947345495224,0.0,0.0,0.01175154373049736,,0.0,0.0,,0.0,0.0,0.0,0.0,0.0,0.0001421356719220057,0.0011042432161048055,0.0,0.0,0.0046468619257211685,0.003770541399717331,0.0,0.0012880248250439763,,0.02132318913936615,0.0,0.004850889090448618,0.0,,0.0,0.007785265799611807,0.0,0.0,0.0,0.0,0.0061191171407699585,0.0,0.0,0.0,,0.015078713186085224,0.0,0.0,,,,0.006918592378497124,0.002163069089874625,,0.0,0.0,0.0,0.0,,0.0,,0.0,0.0,0.013318006880581379,0.0,0.0,0.0,,,,0.0,0.01897398941218853,0.0,0.0,0.0,,0.0,0.008289680816233158,0.007186546456068754,0.0,,0.0,0.015495573170483112,0.0,0.0,0.0,,0.002988440217450261,0.0071138362400233746,0.006663523148745298,0.0,,0.0029522741679102182,0.007444577291607857,0.00870683416724205,0.0,0.015951599925756454,0.0,,0.0,0.0,0.0,0.0,0.0,0.0,,0.0,,0.005740217864513397,0.007723913062363863,0.0016765532782301307,0.0,0.0,0.0,0.0,,0.0,0.011521018110215664,0.0028374833054840565,,,0.0,0.0,0.0,0.0,0.0,0.0,0.0,0.0,0.0,,0.0,0.0,0.0014217449352145195,,0.0,0.0,0.0,0.015036061406135559,0.0,0.0,0.0,,,0.0,0.002523822244256735,0.0,0.0,0.0,,0.012212172150611877,,0.010441260412335396,0.0,,0.0,0.0001980172237381339,0.0,0.0,,,0.0,0.009777898900210857,,0.011562291532754898,0.0,,,0.0,0.021612513810396194,0.0,0.0,0.0,0.0,0.0,,,0.0,0.0,0.0,0.0,0.0,,,0.0,0.0,0.0,,0.0,0.0,,0.0,0.0,0.010721533559262753,,0.0,0.0,0.0,0.0,,0.0,0.0,,0.0,0.0,0.0,0.000222572882194072,0.004138255026191473,0.0,0.0,0.0,0.0,0.0,0.0,0.0,0.0,,0.01636638306081295,,0.0,0.013081780634820461,0.00596213573589921,0.0,0.0,0.0,0.00783260352909565,0.013072560541331768,0.0,0.01504174992442131,0.0,,0.0,,0.0,0.007702955510467291,0.0,,0.0,0.0,0.0,0.0064319828525185585,0.0,0.0,0.0,0.0,0.006455377209931612,0.002276746090501547,0.0,,,0.0,0.0,0.0,,,,0.0,0.0,,0.0,,0.0,,0.0,,,0.0,,,,,0.0,,0.0,0.009475049562752247,0.0,,0.0,0.0,0.0006172159337438643,,0.011276694014668465,0.0,,0.0,0.008886725641787052,0.0,,,0.0,,0.01935204491019249,0.0,0.0,,0.0,0.0019069688860327005,,,,0.0,0.0,0.0,0.0,0.0,7.387471123365685e-05,,,,0.007764055393636227,0.0,,0.0,,0.0,0.0,0.0,0.0,,,0.0,0.0,,,0.0,,0.0,,0.0,0.0,0.0,0.0,0.0,0.0,0.0,,0.0,0.010640541091561317,0.0,0.0,0.0,,,0.0,0.0,0.0,0.0,0.004161264281719923,0.0073729087598621845,,,,0.007771022617816925,0.0,0.0,0.0,,,0.008342444896697998,0.0,0.0,,0.0,,,,,0.0,0.013751369901001453,0.0,,0.0,,,0.0,,0.006028351373970509,0.0,0.0,0.0,,0.006963010877370834,0.0,,0.0,0.0,0.0,0.0,0.0,,0.0025301980786025524,0.0,0.0,,0.0,0.0,0.0,0.0,0.0,0.0,0.0,,0.0009805925656110048,0.0,0.0,0.007419695612043142,0.0,0.0,0.0,,0.0,0.0,0.0,0.010489208623766899,0.0,0.0,0.0,0.0,0.0,0.0,0.00028485566144809127,0.0,0.0,0.0,,0.0,0.0,0.0,0.0,0.0,0.0,0.0,0.0,0.0,0.004446286242455244,0.0,0.0,0.0,,0.0,0.006903916597366333,,0.0032303640618920326,0.0,0.0,0.0,0.0,0.0,0.007855664007365704,0.0,0.0,0.0,0.011428353376686573,0.0,0.014265907928347588,0.0,0.0,0.0,0.0,0.0,0.0,0.0,0.0,0.0,0.0,0.0,0.0,0.0071387211792171,0.0,0.0,0.0,0.010663309134542942,0.009583434090018272,0.0,0.00991410668939352,0.0,0.0,0.0,0.019269602373242378,0.0,0.0,0.0,0.0,0.0,0.0,0.0,0.0,0.004451911896467209,0.0,0.0,0.0,0.0,0.0,0.015617968514561653,0.0,0.008543897420167923,0.0,0.0,0.017431413754820824,0.0,0.0,0.0,0.0,0.0,0.011158911511301994,0.0,0.006921166554093361,0.0,0.013884417712688446,0.0,0.0,0.0,0.0,0.0,0.017269155010581017,0.0,0.00583390099927783,0.0,0.0,,,,,,,,,,,,,,,,,,,,,,,,,,,,,,,,,,,,,,,,,,,,,,,,,,,,,,,,,,,,,,,,,,,,,,,,,,,,,,,,,,,,,,,,,,,,,,,,,,,,,,,,,,,,,,,,,,,,,,,,,,,,,,
2020-09-15,777486.7376884549,1162.0167030319249,,,,,,,,,,,76494.84123570709,,1039061.7711000025,,,,,,,,,,,,,,,,,,,,,,,,,,,,,,,,,,,,,,,,,,,2235.227814178798,,,,,,,,,,,,,,,,,,,,,,8704.086908857678,9601.137857594704,3085.5381259255305,7421.891063893989,9720.49293047043,76778.43013203012,22956.582050883684,4865.759950812287,38181.36672399479,,,,,,,,,,,,,,,,,,,,,,,,,,,,,,,,,,,,0.007672586012631655,0.0,0.0,0.01092440728098154,0.0,0.0,0.0,0.0,0.0,0.0,0.0,0.0,0.0,0.0,0.0,0.0,,0.0,,0.0,,0.0,0.0,0.0,0.010507198981940746,0.0,,0.0,0.0,0.010712611488997936,0.0,0.012846814468502998,0.0,,0.0,,,,0.0,0.0,0.0,,0.0,0.0,0.0012285824632272124,0.009027548134326935,0.0,,,0.0,,0.0,0.0,0.0,0.0,0.0,0.0,0.0,0.0,0.006439491640776396,0.015234255231916904,0.0,0.0,0.0,,0.011381476186215878,0.0,0.0,0.0,0.015055594965815544,,0.0005889178719371557,0.0,,0.0,0.0,0.0,0.0,,0.0,0.0,0.0,,0.0,,0.0,0.0,,0.0,,0.0,0.0,0.0030229962430894375,0.01743323914706707,0.0,0.012673601508140564,0.0,0.016194811090826988,0.0,,,0.009300514124333858,0.0,,,,,0.0,0.0,0.0,0.0,0.0,0.0,0.0,0.0,0.0,,0.012146583758294582,0.0019998527131974697,0.0,,0.019029388204216957,0.0,0.0015352413756772876,0.0,0.0,0.0,,0.002669151872396469,,0.014855947345495224,0.0,0.0,0.01175154373049736,,0.0,0.0,,0.0,0.0,0.0,0.0,0.0,0.0001421356719220057,0.0011042432161048055,0.0,0.0,0.0046468619257211685,0.003770541399717331,0.0,0.0012880248250439763,,0.02132318913936615,0.0,0.004850889090448618,0.0,,0.0,0.007785265799611807,0.0,0.0,0.0,0.0,0.0061191171407699585,0.0,0.0,0.0,,0.015078713186085224,0.0,0.0,,,,0.006918592378497124,0.002163069089874625,,0.0,0.0,0.0,0.0,,0.0,,0.0,0.0,0.013318006880581379,0.0,0.0,0.0,,,,0.0,0.01897398941218853,0.0,0.0,0.0,,0.0,0.008289680816233158,0.007186546456068754,0.0,,0.0,0.015495573170483112,0.0,0.0,0.0,,0.002988440217450261,0.0071138362400233746,0.006663523148745298,0.0,,0.0029522741679102182,0.007444577291607857,0.00870683416724205,0.0,0.015951599925756454,0.0,,0.0,0.0,0.0,0.0,0.0,0.0,,0.0,,0.005740217864513397,0.007723913062363863,0.0016765532782301307,0.0,0.0,0.0,0.0,,0.0,0.011521018110215664,0.0028374833054840565,,,0.0,0.0,0.0,0.0,0.0,0.0,0.0,0.0,0.0,,0.0,0.0,0.0014217449352145195,,0.0,0.0,0.0,0.015036061406135559,0.0,0.0,0.0,,,0.0,0.002523822244256735,0.0,0.0,0.0,,0.012212172150611877,,0.010441260412335396,0.0,,0.0,0.0001980172237381339,0.0,0.0,,,0.0,0.009777898900210857,,0.011562291532754898,0.0,,,0.0,0.021612513810396194,0.0,0.0,0.0,0.0,0.0,,,0.0,0.0,0.0,0.0,0.0,,,0.0,0.0,0.0,,0.0,0.0,,0.0,0.0,0.010721533559262753,,0.0,0.0,0.0,0.0,,0.0,0.0,,0.0,0.0,0.0,0.000222572882194072,0.004138255026191473,0.0,0.0,0.0,0.0,0.0,0.0,0.0,0.0,,0.01636638306081295,,0.0,0.013081780634820461,0.00596213573589921,0.0,0.0,0.0,0.00783260352909565,0.013072560541331768,0.0,0.01504174992442131,0.0,,0.0,,0.0,0.007702955510467291,0.0,,0.0,0.0,0.0,0.0064319828525185585,0.0,0.0,0.0,0.0,0.006455377209931612,0.002276746090501547,0.0,,,0.0,0.0,0.0,,,,0.0,0.0,,0.0,,0.0,,0.0,,,0.0,,,,,0.0,,0.0,0.009475049562752247,0.0,,0.0,0.0,0.0006172159337438643,,0.011276694014668465,0.0,,0.0,0.008886725641787052,0.0,,,0.0,,0.01935204491019249,0.0,0.0,,0.0,0.0019069688860327005,,,,0.0,0.0,0.0,0.0,0.0,7.387471123365685e-05,,,,0.007764055393636227,0.0,,0.0,,0.0,0.0,0.0,0.0,,,0.0,0.0,,,0.0,,0.0,,0.0,0.0,0.0,0.0,0.0,0.0,0.0,,0.0,0.010640541091561317,0.0,0.0,0.0,,,0.0,0.0,0.0,0.0,0.004161264281719923,0.0073729087598621845,,,,0.007771022617816925,0.0,0.0,0.0,,,0.008342444896697998,0.0,0.0,,0.0,,,,,0.0,0.013751369901001453,0.0,,0.0,,,0.0,,0.006028351373970509,0.0,0.0,0.0,,0.006963010877370834,0.0,,0.0,0.0,0.0,0.0,0.0,,0.0025301980786025524,0.0,0.0,,0.0,0.0,0.0,0.0,0.0,0.0,0.0,,0.0009805925656110048,0.0,0.0,0.007419695612043142,0.0,0.0,0.0,,0.0,0.0,0.0,0.010489208623766899,0.0,0.0,0.0,0.0,0.0,0.0,0.00028485566144809127,0.0,0.0,0.0,,0.0,0.0,0.0,0.0,0.0,0.0,0.0,0.0,0.0,0.004446286242455244,0.0,0.0,0.0,,0.0,0.006903916597366333,,0.0032303640618920326,0.0,0.0,0.0,0.0,0.0,0.007855664007365704,0.0,0.0,0.0,0.011428353376686573,0.0,0.014265907928347588,0.0,0.0,0.0,0.0,0.0,0.0,0.0,0.0,0.0,0.0,0.0,0.0,0.0071387211792171,0.0,0.0,0.0,0.010663309134542942,0.009583434090018272,0.0,0.00991410668939352,0.0,0.0,0.0,0.019269602373242378,0.0,0.0,0.0,0.0,0.0,0.0,0.0,0.0,0.004451911896467209,0.0,0.0,0.0,0.0,0.0,0.015617968514561653,0.0,0.008543897420167923,0.0,0.0,0.017431413754820824,0.0,0.0,0.0,0.0,0.0,0.011158911511301994,0.0,0.006921166554093361,0.0,0.013884417712688446,0.0,0.0,0.0,0.0,0.0,0.017269155010581017,0.0,0.00583390099927783,0.0,0.0,,,,,,,,,,,,,,,,,,,,,,,,,,,,,,,,,,,,,,,,,,,,,,,,,,,,,,,,,,,,,,,,,,,,,,,,,,,,,,,,,,,,,,,,,,,,,,,,,,,,,,,,,,,,,,,,,,,,,,,,,,,,,,
2020-09-16,776008.5722427338,1110.0946983516283,,,,,,,,,,,76494.84123570709,,1039061.7711000025,,,,,,,,,,,,,,,,,,,,,,,,,,,,,,,,,,,,,,,,,,,2235.227814178798,,,,,,,,,,,,,,,,,,,,,,8704.086908857678,9709.016920915305,3085.5381259255305,7421.891063893989,9720.49293047043,76775.52050048129,23046.588188196398,4798.077904668608,38181.36672399479,,,,,,,,,,,,,,,,,,,,,,,,,,,,,,,,,,,,0.007672586012631655,0.0,0.0,0.01092440728098154,0.0,0.0,0.0,0.0,0.0,0.0,0.0,0.0,0.0,0.0,0.0,0.0,,0.0,,0.0,,0.0,0.0,0.0,0.010507198981940746,0.0,,0.0,0.0,0.010712611488997936,0.0,0.012846814468502998,0.0,,0.0,,,,0.0,0.0,0.0,,0.0,0.0,0.0012285824632272124,0.009027548134326935,0.0,,,0.0,,0.0,0.0,0.0,0.0,0.0,0.0,0.0,0.0,0.006439491640776396,0.015234255231916904,0.0,0.0,0.0,,0.011381476186215878,0.0,0.0,0.0,0.015055594965815544,,0.0005889178719371557,0.0,,0.0,0.0,0.0,0.0,,0.0,0.0,0.0,,0.0,,0.0,0.0,,0.0,,0.0,0.0,0.0030229962430894375,0.01743323914706707,0.0,0.012673601508140564,0.0,0.016194811090826988,0.0,,,0.009300514124333858,0.0,,,,,0.0,0.0,0.0,0.0,0.0,0.0,0.0,0.0,0.0,,0.012146583758294582,0.0019998527131974697,0.0,,0.019029388204216957,0.0,0.0015352413756772876,0.0,0.0,0.0,,0.002669151872396469,,0.014855947345495224,0.0,0.0,0.01175154373049736,,0.0,0.0,,0.0,0.0,0.0,0.0,0.0,0.0001421356719220057,0.0011042432161048055,0.0,0.0,0.0046468619257211685,0.003770541399717331,0.0,0.0012880248250439763,,0.02132318913936615,0.0,0.004850889090448618,0.0,,0.0,0.007785265799611807,0.0,0.0,0.0,0.0,0.0061191171407699585,0.0,0.0,0.0,,0.015078713186085224,0.0,0.0,,,,0.006918592378497124,0.002163069089874625,,0.0,0.0,0.0,0.0,,0.0,,0.0,0.0,0.013318006880581379,0.0,0.0,0.0,,,,0.0,0.01897398941218853,0.0,0.0,0.0,,0.0,0.008289680816233158,0.007186546456068754,0.0,,0.0,0.015495573170483112,0.0,0.0,0.0,,0.002988440217450261,0.0071138362400233746,0.006663523148745298,0.0,,0.0029522741679102182,0.007444577291607857,0.00870683416724205,0.0,0.015951599925756454,0.0,,0.0,0.0,0.0,0.0,0.0,0.0,,0.0,,0.005740217864513397,0.007723913062363863,0.0016765532782301307,0.0,0.0,0.0,0.0,,0.0,0.011521018110215664,0.0028374833054840565,,,0.0,0.0,0.0,0.0,0.0,0.0,0.0,0.0,0.0,,0.0,0.0,0.0014217449352145195,,0.0,0.0,0.0,0.015036061406135559,0.0,0.0,0.0,,,0.0,0.002523822244256735,0.0,0.0,0.0,,0.012212172150611877,,0.010441260412335396,0.0,,0.0,0.0001980172237381339,0.0,0.0,,,0.0,0.009777898900210857,,0.011562291532754898,0.0,,,0.0,0.021612513810396194,0.0,0.0,0.0,0.0,0.0,,,0.0,0.0,0.0,0.0,0.0,,,0.0,0.0,0.0,,0.0,0.0,,0.0,0.0,0.010721533559262753,,0.0,0.0,0.0,0.0,,0.0,0.0,,0.0,0.0,0.0,0.000222572882194072,0.004138255026191473,0.0,0.0,0.0,0.0,0.0,0.0,0.0,0.0,,0.01636638306081295,,0.0,0.013081780634820461,0.00596213573589921,0.0,0.0,0.0,0.00783260352909565,0.013072560541331768,0.0,0.01504174992442131,0.0,,0.0,,0.0,0.007702955510467291,0.0,,0.0,0.0,0.0,0.0064319828525185585,0.0,0.0,0.0,0.0,0.006455377209931612,0.002276746090501547,0.0,,,0.0,0.0,0.0,,,,0.0,0.0,,0.0,,0.0,,0.0,,,0.0,,,,,0.0,,0.0,0.009475049562752247,0.0,,0.0,0.0,0.0006172159337438643,,0.011276694014668465,0.0,,0.0,0.008886725641787052,0.0,,,0.0,,0.01935204491019249,0.0,0.0,,0.0,0.0019069688860327005,,,,0.0,0.0,0.0,0.0,0.0,7.387471123365685e-05,,,,0.007764055393636227,0.0,,0.0,,0.0,0.0,0.0,0.0,,,0.0,0.0,,,0.0,,0.0,,0.0,0.0,0.0,0.0,0.0,0.0,0.0,,0.0,0.010640541091561317,0.0,0.0,0.0,,,0.0,0.0,0.0,0.0,0.004161264281719923,0.0073729087598621845,,,,0.007771022617816925,0.0,0.0,0.0,,,0.008342444896697998,0.0,0.0,,0.0,,,,,0.0,0.013751369901001453,0.0,,0.0,,,0.0,,0.006028351373970509,0.0,0.0,0.0,,0.006963010877370834,0.0,,0.0,0.0,0.0,0.0,0.0,,0.0025301980786025524,0.0,0.0,,0.0,0.0,0.0,0.0,0.0,0.0,0.0,,0.0009805925656110048,0.0,0.0,0.007419695612043142,0.0,0.0,0.0,,0.0,0.0,0.0,0.010489208623766899,0.0,0.0,0.0,0.0,0.0,0.0,0.00028485566144809127,0.0,0.0,0.0,,0.0,0.0,0.0,0.0,0.0,0.0,0.0,0.0,0.0,0.004446286242455244,0.0,0.0,0.0,,0.0,0.006903916597366333,,0.0032303640618920326,0.0,0.0,0.0,0.0,0.0,0.007855664007365704,0.0,0.0,0.0,0.011428353376686573,0.0,0.014265907928347588,0.0,0.0,0.0,0.0,0.0,0.0,0.0,0.0,0.0,0.0,0.0,0.0,0.0071387211792171,0.0,0.0,0.0,0.010663309134542942,0.009583434090018272,0.0,0.00991410668939352,0.0,0.0,0.0,0.019269602373242378,0.0,0.0,0.0,0.0,0.0,0.0,0.0,0.0,0.004451911896467209,0.0,0.0,0.0,0.0,0.0,0.015617968514561653,0.0,0.008543897420167923,0.0,0.0,0.017431413754820824,0.0,0.0,0.0,0.0,0.0,0.011158911511301994,0.0,0.006921166554093361,0.0,0.013884417712688446,0.0,0.0,0.0,0.0,0.0,0.017269155010581017,0.0,0.00583390099927783,0.0,0.0,,,,,,,,,,,,,,,,,,,,,,,,,,,,,,,,,,,,,,,,,,,,,,,,,,,,,,,,,,,,,,,,,,,,,,,,,,,,,,,,,,,,,,,,,,,,,,,,,,,,,,,,,,,,,,,,,,,,,,,,,,,,,,
2020-09-17,785554.6274375145,78.17561554558665,,,,,,,,,,,76494.84123570709,,1039061.7711000025,,,,,,,,,,,,,,,,,,,,,,,,,,,,,,,,,,,,,,,,,,,2336.828047207744,,,,,,,,,,,,,,,,,,,,,,8704.086908857678,9816.648222595282,3085.5381259255305,7421.891063893989,9720.49293047043,75688.47813753513,23221.583426680572,4730.52716226725,38181.36672399479,,,,,,,,,,,,,,,,,,,,,,,,,,,,,,,,,,,,0.007672586012631655,0.0,0.0,0.01092440728098154,0.0,0.0,0.0,0.0,0.0,0.0,0.0,0.0,0.0,0.0,0.0,0.0,,0.0,,0.0,,0.0,0.0,0.0,0.010507198981940746,0.0,,0.0,0.0,0.010712611488997936,0.0,0.012846814468502998,0.0,,0.0,,,,0.0,0.0,0.0,,0.0,0.0,0.0012285824632272124,0.009027548134326935,0.0,,,0.0,,0.0,0.0,0.0,0.0,0.0,0.0,0.0,0.0,0.006439491640776396,0.015234255231916904,0.0,0.0,0.0,,0.011381476186215878,0.0,0.0,0.0,0.015055594965815544,,0.0005889178719371557,0.0,,0.0,0.0,0.0,0.0,,0.0,0.0,0.0,,0.0,,0.0,0.0,,0.0,,0.0,0.0,0.0030229962430894375,0.01743323914706707,0.0,0.012673601508140564,0.0,0.016194811090826988,0.0,,,0.009300514124333858,0.0,,,,,0.0,0.0,0.0,0.0,0.0,0.0,0.0,0.0,0.0,,0.012146583758294582,0.0019998527131974697,0.0,,0.019029388204216957,0.0,0.0015352413756772876,0.0,0.0,0.0,,0.002669151872396469,,0.014855947345495224,0.0,0.0,0.01175154373049736,,0.0,0.0,,0.0,0.0,0.0,0.0,0.0,0.0001421356719220057,0.0011042432161048055,0.0,0.0,0.0046468619257211685,0.003770541399717331,0.0,0.0012880248250439763,,0.02132318913936615,0.0,0.004850889090448618,0.0,,0.0,0.007785265799611807,0.0,0.0,0.0,0.0,0.0061191171407699585,0.0,0.0,0.0,,0.015078713186085224,0.0,0.0,,,,0.006918592378497124,0.002163069089874625,,0.0,0.0,0.0,0.0,,0.0,,0.0,0.0,0.013318006880581379,0.0,0.0,0.0,,,,0.0,0.01897398941218853,0.0,0.0,0.0,,0.0,0.008289680816233158,0.007186546456068754,0.0,,0.0,0.015495573170483112,0.0,0.0,0.0,,0.002988440217450261,0.0071138362400233746,0.006663523148745298,0.0,,0.0029522741679102182,0.007444577291607857,0.00870683416724205,0.0,0.015951599925756454,0.0,,0.0,0.0,0.0,0.0,0.0,0.0,,0.0,,0.005740217864513397,0.007723913062363863,0.0016765532782301307,0.0,0.0,0.0,0.0,,0.0,0.011521018110215664,0.0028374833054840565,,,0.0,0.0,0.0,0.0,0.0,0.0,0.0,0.0,0.0,,0.0,0.0,0.0014217449352145195,,0.0,0.0,0.0,0.015036061406135559,0.0,0.0,0.0,,,0.0,0.002523822244256735,0.0,0.0,0.0,,0.012212172150611877,,0.010441260412335396,0.0,,0.0,0.0001980172237381339,0.0,0.0,,,0.0,0.009777898900210857,,0.011562291532754898,0.0,,,0.0,0.021612513810396194,0.0,0.0,0.0,0.0,0.0,,,0.0,0.0,0.0,0.0,0.0,,,0.0,0.0,0.0,,0.0,0.0,,0.0,0.0,0.010721533559262753,,0.0,0.0,0.0,0.0,,0.0,0.0,,0.0,0.0,0.0,0.000222572882194072,0.004138255026191473,0.0,0.0,0.0,0.0,0.0,0.0,0.0,0.0,,0.01636638306081295,,0.0,0.013081780634820461,0.00596213573589921,0.0,0.0,0.0,0.00783260352909565,0.013072560541331768,0.0,0.01504174992442131,0.0,,0.0,,0.0,0.007702955510467291,0.0,,0.0,0.0,0.0,0.0064319828525185585,0.0,0.0,0.0,0.0,0.006455377209931612,0.002276746090501547,0.0,,,0.0,0.0,0.0,,,,0.0,0.0,,0.0,,0.0,,0.0,,,0.0,,,,,0.0,,0.0,0.009475049562752247,0.0,,0.0,0.0,0.0006172159337438643,,0.011276694014668465,0.0,,0.0,0.008886725641787052,0.0,,,0.0,,0.01935204491019249,0.0,0.0,,0.0,0.0019069688860327005,,,,0.0,0.0,0.0,0.0,0.0,7.387471123365685e-05,,,,0.007764055393636227,0.0,,0.0,,0.0,0.0,0.0,0.0,,,0.0,0.0,,,0.0,,0.0,,0.0,0.0,0.0,0.0,0.0,0.0,0.0,,0.0,0.010640541091561317,0.0,0.0,0.0,,,0.0,0.0,0.0,0.0,0.004161264281719923,0.0073729087598621845,,,,0.007771022617816925,0.0,0.0,0.0,,,0.008342444896697998,0.0,0.0,,0.0,,,,,0.0,0.013751369901001453,0.0,,0.0,,,0.0,,0.006028351373970509,0.0,0.0,0.0,,0.006963010877370834,0.0,,0.0,0.0,0.0,0.0,0.0,,0.0025301980786025524,0.0,0.0,,0.0,0.0,0.0,0.0,0.0,0.0,0.0,,0.0009805925656110048,0.0,0.0,0.007419695612043142,0.0,0.0,0.0,,0.0,0.0,0.0,0.010489208623766899,0.0,0.0,0.0,0.0,0.0,0.0,0.00028485566144809127,0.0,0.0,0.0,,0.0,0.0,0.0,0.0,0.0,0.0,0.0,0.0,0.0,0.004446286242455244,0.0,0.0,0.0,,0.0,0.006903916597366333,,0.0032303640618920326,0.0,0.0,0.0,0.0,0.0,0.007855664007365704,0.0,0.0,0.0,0.011428353376686573,0.0,0.014265907928347588,0.0,0.0,0.0,0.0,0.0,0.0,0.0,0.0,0.0,0.0,0.0,0.0,0.0071387211792171,0.0,0.0,0.0,0.010663309134542942,0.009583434090018272,0.0,0.00991410668939352,0.0,0.0,0.0,0.019269602373242378,0.0,0.0,0.0,0.0,0.0,0.0,0.0,0.0,0.004451911896467209,0.0,0.0,0.0,0.0,0.0,0.015617968514561653,0.0,0.008543897420167923,0.0,0.0,0.017431413754820824,0.0,0.0,0.0,0.0,0.0,0.011158911511301994,0.0,0.006921166554093361,0.0,0.013884417712688446,0.0,0.0,0.0,0.0,0.0,0.017269155010581017,0.0,0.00583390099927783,0.0,0.0,,,,,,,,,,,,,,,,,,,,,,,,,,,,,,,,,,,,,,,,,,,,,,,,,,,,,,,,,,,,,,,,,,,,,,,,,,,,,,,,,,,,,,,,,,,,,,,,,,,,,,,,,,,,,,,,,,,,,,,,,,,,,,
2020-09-18,797155.0754817514,618.2298347983728,,,,,,,,,,,76494.84123570709,,1039061.7711000025,,,,,,,,,,,,,,,,,,,,,,,,,,,,,,,,,,,,,,,,,,,2336.828047207744,,,,,,,,,,,,,,,,,,,,,,8704.086908857678,9816.648222595282,3085.5381259255305,7421.891063893989,9720.49293047043,73575.51169054031,23405.726844590725,4798.106589931608,38181.36672399479,,,,,,,,,,,,,,,,,,,,,,,,,,,,,,,,,,,,0.007672586012631655,0.0,0.0,0.01092440728098154,0.0,0.0,0.0,0.0,0.0,0.0,0.0,0.0,0.0,0.0,0.0,0.0,,0.0,,0.0,,0.0,0.0,0.0,0.010507198981940746,0.0,,0.0,0.0,0.010712611488997936,0.0,0.012846814468502998,0.0,,0.0,,,,0.0,0.0,0.0,,0.0,0.0,0.0012285824632272124,0.009027548134326935,0.0,,,0.0,,0.0,0.0,0.0,0.0,0.0,0.0,0.0,0.0,0.006439491640776396,0.015234255231916904,0.0,0.0,0.0,,0.011381476186215878,0.0,0.0,0.0,0.015055594965815544,,0.0005889178719371557,0.0,,0.0,0.0,0.0,0.0,,0.0,0.0,0.0,,0.0,,0.0,0.0,,0.0,,0.0,0.0,0.0030229962430894375,0.01743323914706707,0.0,0.012673601508140564,0.0,0.016194811090826988,0.0,,,0.009300514124333858,0.0,,,,,0.0,0.0,0.0,0.0,0.0,0.0,0.0,0.0,0.0,,0.012146583758294582,0.0019998527131974697,0.0,,0.019029388204216957,0.0,0.0015352413756772876,0.0,0.0,0.0,,0.002669151872396469,,0.014855947345495224,0.0,0.0,0.01175154373049736,,0.0,0.0,,0.0,0.0,0.0,0.0,0.0,0.0001421356719220057,0.0011042432161048055,0.0,0.0,0.0046468619257211685,0.003770541399717331,0.0,0.0012880248250439763,,0.02132318913936615,0.0,0.004850889090448618,0.0,,0.0,0.007785265799611807,0.0,0.0,0.0,0.0,0.0061191171407699585,0.0,0.0,0.0,,0.015078713186085224,0.0,0.0,,,,0.006918592378497124,0.002163069089874625,,0.0,0.0,0.0,0.0,,0.0,,0.0,0.0,0.013318006880581379,0.0,0.0,0.0,,,,0.0,0.01897398941218853,0.0,0.0,0.0,,0.0,0.008289680816233158,0.007186546456068754,0.0,,0.0,0.015495573170483112,0.0,0.0,0.0,,0.002988440217450261,0.0071138362400233746,0.006663523148745298,0.0,,0.0029522741679102182,0.007444577291607857,0.00870683416724205,0.0,0.015951599925756454,0.0,,0.0,0.0,0.0,0.0,0.0,0.0,,0.0,,0.005740217864513397,0.007723913062363863,0.0016765532782301307,0.0,0.0,0.0,0.0,,0.0,0.011521018110215664,0.0028374833054840565,,,0.0,0.0,0.0,0.0,0.0,0.0,0.0,0.0,0.0,,0.0,0.0,0.0014217449352145195,,0.0,0.0,0.0,0.015036061406135559,0.0,0.0,0.0,,,0.0,0.002523822244256735,0.0,0.0,0.0,,0.012212172150611877,,0.010441260412335396,0.0,,0.0,0.0001980172237381339,0.0,0.0,,,0.0,0.009777898900210857,,0.011562291532754898,0.0,,,0.0,0.021612513810396194,0.0,0.0,0.0,0.0,0.0,,,0.0,0.0,0.0,0.0,0.0,,,0.0,0.0,0.0,,0.0,0.0,,0.0,0.0,0.010721533559262753,,0.0,0.0,0.0,0.0,,0.0,0.0,,0.0,0.0,0.0,0.000222572882194072,0.004138255026191473,0.0,0.0,0.0,0.0,0.0,0.0,0.0,0.0,,0.01636638306081295,,0.0,0.013081780634820461,0.00596213573589921,0.0,0.0,0.0,0.00783260352909565,0.013072560541331768,0.0,0.01504174992442131,0.0,,0.0,,0.0,0.007702955510467291,0.0,,0.0,0.0,0.0,0.0064319828525185585,0.0,0.0,0.0,0.0,0.006455377209931612,0.002276746090501547,0.0,,,0.0,0.0,0.0,,,,0.0,0.0,,0.0,,0.0,,0.0,,,0.0,,,,,0.0,,0.0,0.009475049562752247,0.0,,0.0,0.0,0.0006172159337438643,,0.011276694014668465,0.0,,0.0,0.008886725641787052,0.0,,,0.0,,0.01935204491019249,0.0,0.0,,0.0,0.0019069688860327005,,,,0.0,0.0,0.0,0.0,0.0,7.387471123365685e-05,,,,0.007764055393636227,0.0,,0.0,,0.0,0.0,0.0,0.0,,,0.0,0.0,,,0.0,,0.0,,0.0,0.0,0.0,0.0,0.0,0.0,0.0,,0.0,0.010640541091561317,0.0,0.0,0.0,,,0.0,0.0,0.0,0.0,0.004161264281719923,0.0073729087598621845,,,,0.007771022617816925,0.0,0.0,0.0,,,0.008342444896697998,0.0,0.0,,0.0,,,,,0.0,0.013751369901001453,0.0,,0.0,,,0.0,,0.006028351373970509,0.0,0.0,0.0,,0.006963010877370834,0.0,,0.0,0.0,0.0,0.0,0.0,,0.0025301980786025524,0.0,0.0,,0.0,0.0,0.0,0.0,0.0,0.0,0.0,,0.0009805925656110048,0.0,0.0,0.007419695612043142,0.0,0.0,0.0,,0.0,0.0,0.0,0.010489208623766899,0.0,0.0,0.0,0.0,0.0,0.0,0.00028485566144809127,0.0,0.0,0.0,,0.0,0.0,0.0,0.0,0.0,0.0,0.0,0.0,0.0,0.004446286242455244,0.0,0.0,0.0,,0.0,0.006903916597366333,,0.0032303640618920326,0.0,0.0,0.0,0.0,0.0,0.007855664007365704,0.0,0.0,0.0,0.011428353376686573,0.0,0.014265907928347588,0.0,0.0,0.0,0.0,0.0,0.0,0.0,0.0,0.0,0.0,0.0,0.0,0.0071387211792171,0.0,0.0,0.0,0.010663309134542942,0.009583434090018272,0.0,0.00991410668939352,0.0,0.0,0.0,0.019269602373242378,0.0,0.0,0.0,0.0,0.0,0.0,0.0,0.0,0.004451911896467209,0.0,0.0,0.0,0.0,0.0,0.015617968514561653,0.0,0.008543897420167923,0.0,0.0,0.017431413754820824,0.0,0.0,0.0,0.0,0.0,0.011158911511301994,0.0,0.006921166554093361,0.0,0.013884417712688446,0.0,0.0,0.0,0.0,0.0,0.017269155010581017,0.0,0.00583390099927783,0.0,0.0,,,,,,,,,,,,,,,,,,,,,,,,,,,,,,,,,,,,,,,,,,,,,,,,,,,,,,,,,,,,,,,,,,,,,,,,,,,,,,,,,,,,,,,,,,,,,,,,,,,,,,,,,,,,,,,,,,,,,,,,,,,,,,
2020-09-21,799999.584893603,627.4752531030848,,,,,,,,,,,76494.84123570709,,1039061.7711000025,,,,,,,,,,,,,,,,,,,,,,,,,,,,,,,,,,,,,,,,,,,2336.828047207744,,,,,,,,,,,,,,,,,,,,,,8704.086908857678,9816.999180870052,3085.5381259255305,7421.891063893989,9720.49293047043,73563.4956942308,23405.726844590725,4798.106589931608,38181.802567551895,,,,,,,,,,,,,,,,,,,,,,,,,,,,,,,,,,,,0.007672586012631655,0.0,0.0,0.01092440728098154,0.0,0.0,0.0,0.0,0.0,0.0,0.0,0.0,0.0,0.0,0.0,0.0,,0.0,,0.0,,0.0,0.0,0.0,0.010507198981940746,0.0,,0.0,0.0,0.010712611488997936,0.0,0.012846814468502998,0.0,,0.0,,,,0.0,0.0,0.0,,0.0,0.0,0.0012285824632272124,0.009027548134326935,0.0,,,0.0,,0.0,0.0,0.0,0.0,0.0,0.0,0.0,0.0,0.006439491640776396,0.015234255231916904,0.0,0.0,0.0,,0.011381476186215878,0.0,0.0,0.0,0.015055594965815544,,0.0005889178719371557,0.0,,0.0,0.0,0.0,0.0,,0.0,0.0,0.0,,0.0,,0.0,0.0,,0.0,,0.0,0.0,0.0030229962430894375,0.01743323914706707,0.0,0.012673601508140564,0.0,0.016194811090826988,0.0,,,0.009300514124333858,0.0,,,,,0.0,0.0,0.0,0.0,0.0,0.0,0.0,0.0,0.0,,0.012146583758294582,0.0019998527131974697,0.0,,0.019029388204216957,0.0,0.0015352413756772876,0.0,0.0,0.0,,0.002669151872396469,,0.014855947345495224,0.0,0.0,0.01175154373049736,,0.0,0.0,,0.0,0.0,0.0,0.0,0.0,0.0001421356719220057,0.0011042432161048055,0.0,0.0,0.0046468619257211685,0.003770541399717331,0.0,0.0012880248250439763,,0.02132318913936615,0.0,0.004850889090448618,0.0,,0.0,0.007785265799611807,0.0,0.0,0.0,0.0,0.0061191171407699585,0.0,0.0,0.0,,0.015078713186085224,0.0,0.0,,,,0.006918592378497124,0.002163069089874625,,0.0,0.0,0.0,0.0,,0.0,,0.0,0.0,0.013318006880581379,0.0,0.0,0.0,,,,0.0,0.01897398941218853,0.0,0.0,0.0,,0.0,0.008289680816233158,0.007186546456068754,0.0,,0.0,0.015495573170483112,0.0,0.0,0.0,,0.002988440217450261,0.0071138362400233746,0.006663523148745298,0.0,,0.0029522741679102182,0.007444577291607857,0.00870683416724205,0.0,0.015951599925756454,0.0,,0.0,0.0,0.0,0.0,0.0,0.0,,0.0,,0.005740217864513397,0.007723913062363863,0.0016765532782301307,0.0,0.0,0.0,0.0,,0.0,0.011521018110215664,0.0028374833054840565,,,0.0,0.0,0.0,0.0,0.0,0.0,0.0,0.0,0.0,,0.0,0.0,0.0014217449352145195,,0.0,0.0,0.0,0.015036061406135559,0.0,0.0,0.0,,,0.0,0.002523822244256735,0.0,0.0,0.0,,0.012212172150611877,,0.010441260412335396,0.0,,0.0,0.0001980172237381339,0.0,0.0,,,0.0,0.009777898900210857,,0.011562291532754898,0.0,,,0.0,0.021612513810396194,0.0,0.0,0.0,0.0,0.0,,,0.0,0.0,0.0,0.0,0.0,,,0.0,0.0,0.0,,0.0,0.0,,0.0,0.0,0.010721533559262753,,0.0,0.0,0.0,0.0,,0.0,0.0,,0.0,0.0,0.0,0.000222572882194072,0.004138255026191473,0.0,0.0,0.0,0.0,0.0,0.0,0.0,0.0,,0.01636638306081295,,0.0,0.013081780634820461,0.00596213573589921,0.0,0.0,0.0,0.00783260352909565,0.013072560541331768,0.0,0.01504174992442131,0.0,,0.0,,0.0,0.007702955510467291,0.0,,0.0,0.0,0.0,0.0064319828525185585,0.0,0.0,0.0,0.0,0.006455377209931612,0.002276746090501547,0.0,,,0.0,0.0,0.0,,,,0.0,0.0,,0.0,,0.0,,0.0,,,0.0,,,,,0.0,,0.0,0.009475049562752247,0.0,,0.0,0.0,0.0006172159337438643,,0.011276694014668465,0.0,,0.0,0.008886725641787052,0.0,,,0.0,,0.01935204491019249,0.0,0.0,,0.0,0.0019069688860327005,,,,0.0,0.0,0.0,0.0,0.0,7.387471123365685e-05,,,,0.007764055393636227,0.0,,0.0,,0.0,0.0,0.0,0.0,,,0.0,0.0,,,0.0,,0.0,,0.0,0.0,0.0,0.0,0.0,0.0,0.0,,0.0,0.010640541091561317,0.0,0.0,0.0,,,0.0,0.0,0.0,0.0,0.004161264281719923,0.0073729087598621845,,,,0.007771022617816925,0.0,0.0,0.0,,,0.008342444896697998,0.0,0.0,,0.0,,,,,0.0,0.013751369901001453,0.0,,0.0,,,0.0,,0.006028351373970509,0.0,0.0,0.0,,0.006963010877370834,0.0,,0.0,0.0,0.0,0.0,0.0,,0.0025301980786025524,0.0,0.0,,0.0,0.0,0.0,0.0,0.0,0.0,0.0,,0.0009805925656110048,0.0,0.0,0.007419695612043142,0.0,0.0,0.0,,0.0,0.0,0.0,0.010489208623766899,0.0,0.0,0.0,0.0,0.0,0.0,0.00028485566144809127,0.0,0.0,0.0,,0.0,0.0,0.0,0.0,0.0,0.0,0.0,0.0,0.0,0.004446286242455244,0.0,0.0,0.0,,0.0,0.006903916597366333,,0.0032303640618920326,0.0,0.0,0.0,0.0,0.0,0.007855664007365704,0.0,0.0,0.0,0.011428353376686573,0.0,0.014265907928347588,0.0,0.0,0.0,0.0,0.0,0.0,0.0,0.0,0.0,0.0,0.0,0.0,0.0071387211792171,0.0,0.0,0.0,0.010663309134542942,0.009583434090018272,0.0,0.00991410668939352,0.0,0.0,0.0,0.019269602373242378,0.0,0.0,0.0,0.0,0.0,0.0,0.0,0.0,0.004451911896467209,0.0,0.0,0.0,0.0,0.0,0.015617968514561653,0.0,0.008543897420167923,0.0,0.0,0.017431413754820824,0.0,0.0,0.0,0.0,0.0,0.011158911511301994,0.0,0.006921166554093361,0.0,0.013884417712688446,0.0,0.0,0.0,0.0,0.0,0.017269155010581017,0.0,0.00583390099927783,0.0,0.0,,,,,,,,,,,,,,,,,,,,,,,,,,,,,,,,,,,,,,,,,,,,,,,,,,,,,,,,,,,,,,,,,,,,,,,,,,,,,,,,,,,,,,,,,,,,,,,,,,,,,,,,,,,,,,,,,,,,,,,,,,,,,,
2020-09-22,783404.0661429196,611.9473239879912,,,,,,,,,,,76494.84123570709,,1039061.7711000025,,,,,,,,,,,,,,,,,,,,,,,,,,,,,,,,,,,,,,,,,,,2438.4290124196264,,,,,,,,,,,,,,,,,,,,,,8704.086908857678,9816.999180870052,3085.5381259255305,7421.891063893989,9720.49293047043,74096.60358951682,23405.726844590725,4798.106589931608,37058.26576067217,,,,,,,,,,,,,,,,,,,,,,,,,,,,,,,,,,,,0.007672586012631655,0.0,0.0,0.01092440728098154,0.0,0.0,0.0,0.0,0.0,0.0,0.0,0.0,0.0,0.0,0.0,0.0,,0.0,,0.0,,0.0,0.0,0.0,0.010507198981940746,0.0,,0.0,0.0,0.010712611488997936,0.0,0.012846814468502998,0.0,,0.0,,,,0.0,0.0,0.0,,0.0,0.0,0.0012285824632272124,0.009027548134326935,0.0,,,0.0,,0.0,0.0,0.0,0.0,0.0,0.0,0.0,0.0,0.006439491640776396,0.015234255231916904,0.0,0.0,0.0,,0.011381476186215878,0.0,0.0,0.0,0.015055594965815544,,0.0005889178719371557,0.0,,0.0,0.0,0.0,0.0,,0.0,0.0,0.0,,0.0,,0.0,0.0,,0.0,,0.0,0.0,0.0030229962430894375,0.01743323914706707,0.0,0.012673601508140564,0.0,0.016194811090826988,0.0,,,0.009300514124333858,0.0,,,,,0.0,0.0,0.0,0.0,0.0,0.0,0.0,0.0,0.0,,0.012146583758294582,0.0019998527131974697,0.0,,0.019029388204216957,0.0,0.0015352413756772876,0.0,0.0,0.0,,0.002669151872396469,,0.014855947345495224,0.0,0.0,0.01175154373049736,,0.0,0.0,,0.0,0.0,0.0,0.0,0.0,0.0001421356719220057,0.0011042432161048055,0.0,0.0,0.0046468619257211685,0.003770541399717331,0.0,0.0012880248250439763,,0.02132318913936615,0.0,0.004850889090448618,0.0,,0.0,0.007785265799611807,0.0,0.0,0.0,0.0,0.0061191171407699585,0.0,0.0,0.0,,0.015078713186085224,0.0,0.0,,,,0.006918592378497124,0.002163069089874625,,0.0,0.0,0.0,0.0,,0.0,,0.0,0.0,0.013318006880581379,0.0,0.0,0.0,,,,0.0,0.01897398941218853,0.0,0.0,0.0,,0.0,0.008289680816233158,0.007186546456068754,0.0,,0.0,0.015495573170483112,0.0,0.0,0.0,,0.002988440217450261,0.0071138362400233746,0.006663523148745298,0.0,,0.0029522741679102182,0.007444577291607857,0.00870683416724205,0.0,0.015951599925756454,0.0,,0.0,0.0,0.0,0.0,0.0,0.0,,0.0,,0.005740217864513397,0.007723913062363863,0.0016765532782301307,0.0,0.0,0.0,0.0,,0.0,0.011521018110215664,0.0028374833054840565,,,0.0,0.0,0.0,0.0,0.0,0.0,0.0,0.0,0.0,,0.0,0.0,0.0014217449352145195,,0.0,0.0,0.0,0.015036061406135559,0.0,0.0,0.0,,,0.0,0.002523822244256735,0.0,0.0,0.0,,0.012212172150611877,,0.010441260412335396,0.0,,0.0,0.0001980172237381339,0.0,0.0,,,0.0,0.009777898900210857,,0.011562291532754898,0.0,,,0.0,0.021612513810396194,0.0,0.0,0.0,0.0,0.0,,,0.0,0.0,0.0,0.0,0.0,,,0.0,0.0,0.0,,0.0,0.0,,0.0,0.0,0.010721533559262753,,0.0,0.0,0.0,0.0,,0.0,0.0,,0.0,0.0,0.0,0.000222572882194072,0.004138255026191473,0.0,0.0,0.0,0.0,0.0,0.0,0.0,0.0,,0.01636638306081295,,0.0,0.013081780634820461,0.00596213573589921,0.0,0.0,0.0,0.00783260352909565,0.013072560541331768,0.0,0.01504174992442131,0.0,,0.0,,0.0,0.007702955510467291,0.0,,0.0,0.0,0.0,0.0064319828525185585,0.0,0.0,0.0,0.0,0.006455377209931612,0.002276746090501547,0.0,,,0.0,0.0,0.0,,,,0.0,0.0,,0.0,,0.0,,0.0,,,0.0,,,,,0.0,,0.0,0.009475049562752247,0.0,,0.0,0.0,0.0006172159337438643,,0.011276694014668465,0.0,,0.0,0.008886725641787052,0.0,,,0.0,,0.01935204491019249,0.0,0.0,,0.0,0.0019069688860327005,,,,0.0,0.0,0.0,0.0,0.0,7.387471123365685e-05,,,,0.007764055393636227,0.0,,0.0,,0.0,0.0,0.0,0.0,,,0.0,0.0,,,0.0,,0.0,,0.0,0.0,0.0,0.0,0.0,0.0,0.0,,0.0,0.010640541091561317,0.0,0.0,0.0,,,0.0,0.0,0.0,0.0,0.004161264281719923,0.0073729087598621845,,,,0.007771022617816925,0.0,0.0,0.0,,,0.008342444896697998,0.0,0.0,,0.0,,,,,0.0,0.013751369901001453,0.0,,0.0,,,0.0,,0.006028351373970509,0.0,0.0,0.0,,0.006963010877370834,0.0,,0.0,0.0,0.0,0.0,0.0,,0.0025301980786025524,0.0,0.0,,0.0,0.0,0.0,0.0,0.0,0.0,0.0,,0.0009805925656110048,0.0,0.0,0.007419695612043142,0.0,0.0,0.0,,0.0,0.0,0.0,0.010489208623766899,0.0,0.0,0.0,0.0,0.0,0.0,0.00028485566144809127,0.0,0.0,0.0,,0.0,0.0,0.0,0.0,0.0,0.0,0.0,0.0,0.0,0.004446286242455244,0.0,0.0,0.0,,0.0,0.006903916597366333,,0.0032303640618920326,0.0,0.0,0.0,0.0,0.0,0.007855664007365704,0.0,0.0,0.0,0.011428353376686573,0.0,0.014265907928347588,0.0,0.0,0.0,0.0,0.0,0.0,0.0,0.0,0.0,0.0,0.0,0.0,0.0071387211792171,0.0,0.0,0.0,0.010663309134542942,0.009583434090018272,0.0,0.00991410668939352,0.0,0.0,0.0,0.019269602373242378,0.0,0.0,0.0,0.0,0.0,0.0,0.0,0.0,0.004451911896467209,0.0,0.0,0.0,0.0,0.0,0.015617968514561653,0.0,0.008543897420167923,0.0,0.0,0.017431413754820824,0.0,0.0,0.0,0.0,0.0,0.011158911511301994,0.0,0.006921166554093361,0.0,0.013884417712688446,0.0,0.0,0.0,0.0,0.0,0.017269155010581017,0.0,0.00583390099927783,0.0,0.0,,,,,,,,,,,,,,,,,,,,,,,,,,,,,,,,,,,,,,,,,,,,,,,,,,,,,,,,,,,,,,,,,,,,,,,,,,,,,,,,,,,,,,,,,,,,,,,,,,,,,,,,,,,,,,,,,,,,,,,,,,,,,,
2020-09-23,781596.2400612562,629.1963959777788,,,,,,,,,,,76494.84123570709,,1039061.7711000025,,,,,,,,,,,,,,,,,,,,,,,,,,,,,,,,,,,,,,,,,,,2438.4290124196264,,,,,,,,,,,,,,,,,,,,,,8704.086908857678,9708.713038704534,3085.5381259255305,7421.891063893989,9720.49293047043,74630.0897786089,23492.784034801603,4798.106589931608,37058.26576067217,,,,,,,,,,,,,,,,,,,,,,,,,,,,,,,,,,,,0.007672586012631655,0.0,0.0,0.01092440728098154,0.0,0.0,0.0,0.0,0.0,0.0,0.0,0.0,0.0,0.0,0.0,0.0,,0.0,,0.0,,0.0,0.0,0.0,0.010507198981940746,0.0,,0.0,0.0,0.010712611488997936,0.0,0.012846814468502998,0.0,,0.0,,,,0.0,0.0,0.0,,0.0,0.0,0.0012285824632272124,0.009027548134326935,0.0,,,0.0,,0.0,0.0,0.0,0.0,0.0,0.0,0.0,0.0,0.006439491640776396,0.015234255231916904,0.0,0.0,0.0,,0.011381476186215878,0.0,0.0,0.0,0.015055594965815544,,0.0005889178719371557,0.0,,0.0,0.0,0.0,0.0,,0.0,0.0,0.0,,0.0,,0.0,0.0,,0.0,,0.0,0.0,0.0030229962430894375,0.01743323914706707,0.0,0.012673601508140564,0.0,0.016194811090826988,0.0,,,0.009300514124333858,0.0,,,,,0.0,0.0,0.0,0.0,0.0,0.0,0.0,0.0,0.0,,0.012146583758294582,0.0019998527131974697,0.0,,0.019029388204216957,0.0,0.0015352413756772876,0.0,0.0,0.0,,0.002669151872396469,,0.014855947345495224,0.0,0.0,0.01175154373049736,,0.0,0.0,,0.0,0.0,0.0,0.0,0.0,0.0001421356719220057,0.0011042432161048055,0.0,0.0,0.0046468619257211685,0.003770541399717331,0.0,0.0012880248250439763,,0.02132318913936615,0.0,0.004850889090448618,0.0,,0.0,0.007785265799611807,0.0,0.0,0.0,0.0,0.0061191171407699585,0.0,0.0,0.0,,0.015078713186085224,0.0,0.0,,,,0.006918592378497124,0.002163069089874625,,0.0,0.0,0.0,0.0,,0.0,,0.0,0.0,0.013318006880581379,0.0,0.0,0.0,,,,0.0,0.01897398941218853,0.0,0.0,0.0,,0.0,0.008289680816233158,0.007186546456068754,0.0,,0.0,0.015495573170483112,0.0,0.0,0.0,,0.002988440217450261,0.0071138362400233746,0.006663523148745298,0.0,,0.0029522741679102182,0.007444577291607857,0.00870683416724205,0.0,0.015951599925756454,0.0,,0.0,0.0,0.0,0.0,0.0,0.0,,0.0,,0.005740217864513397,0.007723913062363863,0.0016765532782301307,0.0,0.0,0.0,0.0,,0.0,0.011521018110215664,0.0028374833054840565,,,0.0,0.0,0.0,0.0,0.0,0.0,0.0,0.0,0.0,,0.0,0.0,0.0014217449352145195,,0.0,0.0,0.0,0.015036061406135559,0.0,0.0,0.0,,,0.0,0.002523822244256735,0.0,0.0,0.0,,0.012212172150611877,,0.010441260412335396,0.0,,0.0,0.0001980172237381339,0.0,0.0,,,0.0,0.009777898900210857,,0.011562291532754898,0.0,,,0.0,0.021612513810396194,0.0,0.0,0.0,0.0,0.0,,,0.0,0.0,0.0,0.0,0.0,,,0.0,0.0,0.0,,0.0,0.0,,0.0,0.0,0.010721533559262753,,0.0,0.0,0.0,0.0,,0.0,0.0,,0.0,0.0,0.0,0.000222572882194072,0.004138255026191473,0.0,0.0,0.0,0.0,0.0,0.0,0.0,0.0,,0.01636638306081295,,0.0,0.013081780634820461,0.00596213573589921,0.0,0.0,0.0,0.00783260352909565,0.013072560541331768,0.0,0.01504174992442131,0.0,,0.0,,0.0,0.007702955510467291,0.0,,0.0,0.0,0.0,0.0064319828525185585,0.0,0.0,0.0,0.0,0.006455377209931612,0.002276746090501547,0.0,,,0.0,0.0,0.0,,,,0.0,0.0,,0.0,,0.0,,0.0,,,0.0,,,,,0.0,,0.0,0.009475049562752247,0.0,,0.0,0.0,0.0006172159337438643,,0.011276694014668465,0.0,,0.0,0.008886725641787052,0.0,,,0.0,,0.01935204491019249,0.0,0.0,,0.0,0.0019069688860327005,,,,0.0,0.0,0.0,0.0,0.0,7.387471123365685e-05,,,,0.007764055393636227,0.0,,0.0,,0.0,0.0,0.0,0.0,,,0.0,0.0,,,0.0,,0.0,,0.0,0.0,0.0,0.0,0.0,0.0,0.0,,0.0,0.010640541091561317,0.0,0.0,0.0,,,0.0,0.0,0.0,0.0,0.004161264281719923,0.0073729087598621845,,,,0.007771022617816925,0.0,0.0,0.0,,,0.008342444896697998,0.0,0.0,,0.0,,,,,0.0,0.013751369901001453,0.0,,0.0,,,0.0,,0.006028351373970509,0.0,0.0,0.0,,0.006963010877370834,0.0,,0.0,0.0,0.0,0.0,0.0,,0.0025301980786025524,0.0,0.0,,0.0,0.0,0.0,0.0,0.0,0.0,0.0,,0.0009805925656110048,0.0,0.0,0.007419695612043142,0.0,0.0,0.0,,0.0,0.0,0.0,0.010489208623766899,0.0,0.0,0.0,0.0,0.0,0.0,0.00028485566144809127,0.0,0.0,0.0,,0.0,0.0,0.0,0.0,0.0,0.0,0.0,0.0,0.0,0.004446286242455244,0.0,0.0,0.0,,0.0,0.006903916597366333,,0.0032303640618920326,0.0,0.0,0.0,0.0,0.0,0.007855664007365704,0.0,0.0,0.0,0.011428353376686573,0.0,0.014265907928347588,0.0,0.0,0.0,0.0,0.0,0.0,0.0,0.0,0.0,0.0,0.0,0.0,0.0071387211792171,0.0,0.0,0.0,0.010663309134542942,0.009583434090018272,0.0,0.00991410668939352,0.0,0.0,0.0,0.019269602373242378,0.0,0.0,0.0,0.0,0.0,0.0,0.0,0.0,0.004451911896467209,0.0,0.0,0.0,0.0,0.0,0.015617968514561653,0.0,0.008543897420167923,0.0,0.0,0.017431413754820824,0.0,0.0,0.0,0.0,0.0,0.011158911511301994,0.0,0.006921166554093361,0.0,0.013884417712688446,0.0,0.0,0.0,0.0,0.0,0.017269155010581017,0.0,0.00583390099927783,0.0,0.0,,,,,,,,,,,,,,,,,,,,,,,,,,,,,,,,,,,,,,,,,,,,,,,,,,,,,,,,,,,,,,,,,,,,,,,,,,,,,,,,,,,,,,,,,,,,,,,,,,,,,,,,,,,,,,,,,,,,,,,,,,,,,,
2020-09-24,769423.2500320869,73.27077014758763,,,,,,,,,,,76494.84123570709,,1039061.7711000025,,,,,,,,,,,,,,,,,,,,,,,,,,,,,,,,,,,,,,,,,,,2438.4290124196264,,,,,,,,,,,,,,,,,,,,,,8704.086908857678,9708.713038704534,3085.5381259255305,7421.891063893989,9720.49293047043,75163.23685024647,23496.432200301264,4798.106589931608,37058.26576067217,,,,,,,,,,,,,,,,,,,,,,,,,,,,,,,,,,,,0.007672586012631655,0.0,0.0,0.01092440728098154,0.0,0.0,0.0,0.0,0.0,0.0,0.0,0.0,0.0,0.0,0.0,0.0,,0.0,,0.0,,0.0,0.0,0.0,0.010507198981940746,0.0,,0.0,0.0,0.010712611488997936,0.0,0.012846814468502998,0.0,,0.0,,,,0.0,0.0,0.0,,0.0,0.0,0.0012285824632272124,0.009027548134326935,0.0,,,0.0,,0.0,0.0,0.0,0.0,0.0,0.0,0.0,0.0,0.006439491640776396,0.015234255231916904,0.0,0.0,0.0,,0.011381476186215878,0.0,0.0,0.0,0.015055594965815544,,0.0005889178719371557,0.0,,0.0,0.0,0.0,0.0,,0.0,0.0,0.0,,0.0,,0.0,0.0,,0.0,,0.0,0.0,0.0030229962430894375,0.01743323914706707,0.0,0.012673601508140564,0.0,0.016194811090826988,0.0,,,0.009300514124333858,0.0,,,,,0.0,0.0,0.0,0.0,0.0,0.0,0.0,0.0,0.0,,0.012146583758294582,0.0019998527131974697,0.0,,0.019029388204216957,0.0,0.0015352413756772876,0.0,0.0,0.0,,0.002669151872396469,,0.014855947345495224,0.0,0.0,0.01175154373049736,,0.0,0.0,,0.0,0.0,0.0,0.0,0.0,0.0001421356719220057,0.0011042432161048055,0.0,0.0,0.0046468619257211685,0.003770541399717331,0.0,0.0012880248250439763,,0.02132318913936615,0.0,0.004850889090448618,0.0,,0.0,0.007785265799611807,0.0,0.0,0.0,0.0,0.0061191171407699585,0.0,0.0,0.0,,0.015078713186085224,0.0,0.0,,,,0.006918592378497124,0.002163069089874625,,0.0,0.0,0.0,0.0,,0.0,,0.0,0.0,0.013318006880581379,0.0,0.0,0.0,,,,0.0,0.01897398941218853,0.0,0.0,0.0,,0.0,0.008289680816233158,0.007186546456068754,0.0,,0.0,0.015495573170483112,0.0,0.0,0.0,,0.002988440217450261,0.0071138362400233746,0.006663523148745298,0.0,,0.0029522741679102182,0.007444577291607857,0.00870683416724205,0.0,0.015951599925756454,0.0,,0.0,0.0,0.0,0.0,0.0,0.0,,0.0,,0.005740217864513397,0.007723913062363863,0.0016765532782301307,0.0,0.0,0.0,0.0,,0.0,0.011521018110215664,0.0028374833054840565,,,0.0,0.0,0.0,0.0,0.0,0.0,0.0,0.0,0.0,,0.0,0.0,0.0014217449352145195,,0.0,0.0,0.0,0.015036061406135559,0.0,0.0,0.0,,,0.0,0.002523822244256735,0.0,0.0,0.0,,0.012212172150611877,,0.010441260412335396,0.0,,0.0,0.0001980172237381339,0.0,0.0,,,0.0,0.009777898900210857,,0.011562291532754898,0.0,,,0.0,0.021612513810396194,0.0,0.0,0.0,0.0,0.0,,,0.0,0.0,0.0,0.0,0.0,,,0.0,0.0,0.0,,0.0,0.0,,0.0,0.0,0.010721533559262753,,0.0,0.0,0.0,0.0,,0.0,0.0,,0.0,0.0,0.0,0.000222572882194072,0.004138255026191473,0.0,0.0,0.0,0.0,0.0,0.0,0.0,0.0,,0.01636638306081295,,0.0,0.013081780634820461,0.00596213573589921,0.0,0.0,0.0,0.00783260352909565,0.013072560541331768,0.0,0.01504174992442131,0.0,,0.0,,0.0,0.007702955510467291,0.0,,0.0,0.0,0.0,0.0064319828525185585,0.0,0.0,0.0,0.0,0.006455377209931612,0.002276746090501547,0.0,,,0.0,0.0,0.0,,,,0.0,0.0,,0.0,,0.0,,0.0,,,0.0,,,,,0.0,,0.0,0.009475049562752247,0.0,,0.0,0.0,0.0006172159337438643,,0.011276694014668465,0.0,,0.0,0.008886725641787052,0.0,,,0.0,,0.01935204491019249,0.0,0.0,,0.0,0.0019069688860327005,,,,0.0,0.0,0.0,0.0,0.0,7.387471123365685e-05,,,,0.007764055393636227,0.0,,0.0,,0.0,0.0,0.0,0.0,,,0.0,0.0,,,0.0,,0.0,,0.0,0.0,0.0,0.0,0.0,0.0,0.0,,0.0,0.010640541091561317,0.0,0.0,0.0,,,0.0,0.0,0.0,0.0,0.004161264281719923,0.0073729087598621845,,,,0.007771022617816925,0.0,0.0,0.0,,,0.008342444896697998,0.0,0.0,,0.0,,,,,0.0,0.013751369901001453,0.0,,0.0,,,0.0,,0.006028351373970509,0.0,0.0,0.0,,0.006963010877370834,0.0,,0.0,0.0,0.0,0.0,0.0,,0.0025301980786025524,0.0,0.0,,0.0,0.0,0.0,0.0,0.0,0.0,0.0,,0.0009805925656110048,0.0,0.0,0.007419695612043142,0.0,0.0,0.0,,0.0,0.0,0.0,0.010489208623766899,0.0,0.0,0.0,0.0,0.0,0.0,0.00028485566144809127,0.0,0.0,0.0,,0.0,0.0,0.0,0.0,0.0,0.0,0.0,0.0,0.0,0.004446286242455244,0.0,0.0,0.0,,0.0,0.006903916597366333,,0.0032303640618920326,0.0,0.0,0.0,0.0,0.0,0.007855664007365704,0.0,0.0,0.0,0.011428353376686573,0.0,0.014265907928347588,0.0,0.0,0.0,0.0,0.0,0.0,0.0,0.0,0.0,0.0,0.0,0.0,0.0071387211792171,0.0,0.0,0.0,0.010663309134542942,0.009583434090018272,0.0,0.00991410668939352,0.0,0.0,0.0,0.019269602373242378,0.0,0.0,0.0,0.0,0.0,0.0,0.0,0.0,0.004451911896467209,0.0,0.0,0.0,0.0,0.0,0.015617968514561653,0.0,0.008543897420167923,0.0,0.0,0.017431413754820824,0.0,0.0,0.0,0.0,0.0,0.011158911511301994,0.0,0.006921166554093361,0.0,0.013884417712688446,0.0,0.0,0.0,0.0,0.0,0.017269155010581017,0.0,0.00583390099927783,0.0,0.0,,,,,,,,,,,,,,,,,,,,,,,,,,,,,,,,,,,,,,,,,,,,,,,,,,,,,,,,,,,,,,,,,,,,,,,,,,,,,,,,,,,,,,,,,,,,,,,,,,,,,,,,,,,,,,,,,,,,,,,,,,,,,,
2020-09-25,761887.3067015712,359.301385811688,,,,,,,,,,,76494.84123570709,,1039061.7711000025,,,,,,,,,,,,,,,,,,,,,,,,,,,,,,,,,,,,,,,,,,,2438.4290124196264,,,,,,,,,,,,,,,,,,,,,,8704.086908857678,9708.713038704534,3085.5381259255305,7421.891063893989,9720.49293047043,75181.788469056,23402.11546709045,4798.106589931608,37059.87814511554,,,,,,,,,,,,,,,,,,,,,,,,,,,,,,,,,,,,0.007672586012631655,0.0,0.0,0.01092440728098154,0.0,0.0,0.0,0.0,0.0,0.0,0.0,0.0,0.0,0.0,0.0,0.0,,0.0,,0.0,,0.0,0.0,0.0,0.010507198981940746,0.0,,0.0,0.0,0.010712611488997936,0.0,0.012846814468502998,0.0,,0.0,,,,0.0,0.0,0.0,,0.0,0.0,0.0012285824632272124,0.009027548134326935,0.0,,,0.0,,0.0,0.0,0.0,0.0,0.0,0.0,0.0,0.0,0.006439491640776396,0.015234255231916904,0.0,0.0,0.0,,0.011381476186215878,0.0,0.0,0.0,0.015055594965815544,,0.0005889178719371557,0.0,,0.0,0.0,0.0,0.0,,0.0,0.0,0.0,,0.0,,0.0,0.0,,0.0,,0.0,0.0,0.0030229962430894375,0.01743323914706707,0.0,0.012673601508140564,0.0,0.016194811090826988,0.0,,,0.009300514124333858,0.0,,,,,0.0,0.0,0.0,0.0,0.0,0.0,0.0,0.0,0.0,,0.012146583758294582,0.0019998527131974697,0.0,,0.019029388204216957,0.0,0.0015352413756772876,0.0,0.0,0.0,,0.002669151872396469,,0.014855947345495224,0.0,0.0,0.01175154373049736,,0.0,0.0,,0.0,0.0,0.0,0.0,0.0,0.0001421356719220057,0.0011042432161048055,0.0,0.0,0.0046468619257211685,0.003770541399717331,0.0,0.0012880248250439763,,0.02132318913936615,0.0,0.004850889090448618,0.0,,0.0,0.007785265799611807,0.0,0.0,0.0,0.0,0.0061191171407699585,0.0,0.0,0.0,,0.015078713186085224,0.0,0.0,,,,0.006918592378497124,0.002163069089874625,,0.0,0.0,0.0,0.0,,0.0,,0.0,0.0,0.013318006880581379,0.0,0.0,0.0,,,,0.0,0.01897398941218853,0.0,0.0,0.0,,0.0,0.008289680816233158,0.007186546456068754,0.0,,0.0,0.015495573170483112,0.0,0.0,0.0,,0.002988440217450261,0.0071138362400233746,0.006663523148745298,0.0,,0.0029522741679102182,0.007444577291607857,0.00870683416724205,0.0,0.015951599925756454,0.0,,0.0,0.0,0.0,0.0,0.0,0.0,,0.0,,0.005740217864513397,0.007723913062363863,0.0016765532782301307,0.0,0.0,0.0,0.0,,0.0,0.011521018110215664,0.0028374833054840565,,,0.0,0.0,0.0,0.0,0.0,0.0,0.0,0.0,0.0,,0.0,0.0,0.0014217449352145195,,0.0,0.0,0.0,0.015036061406135559,0.0,0.0,0.0,,,0.0,0.002523822244256735,0.0,0.0,0.0,,0.012212172150611877,,0.010441260412335396,0.0,,0.0,0.0001980172237381339,0.0,0.0,,,0.0,0.009777898900210857,,0.011562291532754898,0.0,,,0.0,0.021612513810396194,0.0,0.0,0.0,0.0,0.0,,,0.0,0.0,0.0,0.0,0.0,,,0.0,0.0,0.0,,0.0,0.0,,0.0,0.0,0.010721533559262753,,0.0,0.0,0.0,0.0,,0.0,0.0,,0.0,0.0,0.0,0.000222572882194072,0.004138255026191473,0.0,0.0,0.0,0.0,0.0,0.0,0.0,0.0,,0.01636638306081295,,0.0,0.013081780634820461,0.00596213573589921,0.0,0.0,0.0,0.00783260352909565,0.013072560541331768,0.0,0.01504174992442131,0.0,,0.0,,0.0,0.007702955510467291,0.0,,0.0,0.0,0.0,0.0064319828525185585,0.0,0.0,0.0,0.0,0.006455377209931612,0.002276746090501547,0.0,,,0.0,0.0,0.0,,,,0.0,0.0,,0.0,,0.0,,0.0,,,0.0,,,,,0.0,,0.0,0.009475049562752247,0.0,,0.0,0.0,0.0006172159337438643,,0.011276694014668465,0.0,,0.0,0.008886725641787052,0.0,,,0.0,,0.01935204491019249,0.0,0.0,,0.0,0.0019069688860327005,,,,0.0,0.0,0.0,0.0,0.0,7.387471123365685e-05,,,,0.007764055393636227,0.0,,0.0,,0.0,0.0,0.0,0.0,,,0.0,0.0,,,0.0,,0.0,,0.0,0.0,0.0,0.0,0.0,0.0,0.0,,0.0,0.010640541091561317,0.0,0.0,0.0,,,0.0,0.0,0.0,0.0,0.004161264281719923,0.0073729087598621845,,,,0.007771022617816925,0.0,0.0,0.0,,,0.008342444896697998,0.0,0.0,,0.0,,,,,0.0,0.013751369901001453,0.0,,0.0,,,0.0,,0.006028351373970509,0.0,0.0,0.0,,0.006963010877370834,0.0,,0.0,0.0,0.0,0.0,0.0,,0.0025301980786025524,0.0,0.0,,0.0,0.0,0.0,0.0,0.0,0.0,0.0,,0.0009805925656110048,0.0,0.0,0.007419695612043142,0.0,0.0,0.0,,0.0,0.0,0.0,0.010489208623766899,0.0,0.0,0.0,0.0,0.0,0.0,0.00028485566144809127,0.0,0.0,0.0,,0.0,0.0,0.0,0.0,0.0,0.0,0.0,0.0,0.0,0.004446286242455244,0.0,0.0,0.0,,0.0,0.006903916597366333,,0.0032303640618920326,0.0,0.0,0.0,0.0,0.0,0.007855664007365704,0.0,0.0,0.0,0.011428353376686573,0.0,0.014265907928347588,0.0,0.0,0.0,0.0,0.0,0.0,0.0,0.0,0.0,0.0,0.0,0.0,0.0071387211792171,0.0,0.0,0.0,0.010663309134542942,0.009583434090018272,0.0,0.00991410668939352,0.0,0.0,0.0,0.019269602373242378,0.0,0.0,0.0,0.0,0.0,0.0,0.0,0.0,0.004451911896467209,0.0,0.0,0.0,0.0,0.0,0.015617968514561653,0.0,0.008543897420167923,0.0,0.0,0.017431413754820824,0.0,0.0,0.0,0.0,0.0,0.011158911511301994,0.0,0.006921166554093361,0.0,0.013884417712688446,0.0,0.0,0.0,0.0,0.0,0.017269155010581017,0.0,0.00583390099927783,0.0,0.0,,,,,,,,,,,,,,,,,,,,,,,,,,,,,,,,,,,,,,,,,,,,,,,,,,,,,,,,,,,,,,,,,,,,,,,,,,,,,,,,,,,,,,,,,,,,,,,,,,,,,,,,,,,,,,,,,,,,,,,,,,,,,,
2020-09-28,756664.351556065,66.99327142584936,,,,,,,,,,,76494.84123570709,,1039061.7711000025,,,,,,,,,,,,,,,,,,,,,,,,,,,,,,,,,,,,,,,,,,,2438.4290124196264,,,,,,,,,,,,,,,,,,,,,,8704.086908857678,9708.871601660594,3085.5381259255305,7421.891063893989,9720.49293047043,75181.788469056,23492.125960042446,4798.106589931608,37060.18203328148,,,,,,,,,,,,,,,,,,,,,,,,,,,,,,,,,,,,0.007672586012631655,0.0,0.0,0.01092440728098154,0.0,0.0,0.0,0.0,0.0,0.0,0.0,0.0,0.0,0.0,0.0,0.0,,0.0,,0.0,,0.0,0.0,0.0,0.010507198981940746,0.0,,0.0,0.0,0.010712611488997936,0.0,0.012846814468502998,0.0,,0.0,,,,0.0,0.0,0.0,,0.0,0.0,0.0012285824632272124,0.009027548134326935,0.0,,,0.0,,0.0,0.0,0.0,0.0,0.0,0.0,0.0,0.0,0.006439491640776396,0.015234255231916904,0.0,0.0,0.0,,0.011381476186215878,0.0,0.0,0.0,0.015055594965815544,,0.0005889178719371557,0.0,,0.0,0.0,0.0,0.0,,0.0,0.0,0.0,,0.0,,0.0,0.0,,0.0,,0.0,0.0,0.0030229962430894375,0.01743323914706707,0.0,0.012673601508140564,0.0,0.016194811090826988,0.0,,,0.009300514124333858,0.0,,,,,0.0,0.0,0.0,0.0,0.0,0.0,0.0,0.0,0.0,,0.012146583758294582,0.0019998527131974697,0.0,,0.019029388204216957,0.0,0.0015352413756772876,0.0,0.0,0.0,,0.002669151872396469,,0.014855947345495224,0.0,0.0,0.01175154373049736,,0.0,0.0,,0.0,0.0,0.0,0.0,0.0,0.0001421356719220057,0.0011042432161048055,0.0,0.0,0.0046468619257211685,0.003770541399717331,0.0,0.0012880248250439763,,0.02132318913936615,0.0,0.004850889090448618,0.0,,0.0,0.007785265799611807,0.0,0.0,0.0,0.0,0.0061191171407699585,0.0,0.0,0.0,,0.015078713186085224,0.0,0.0,,,,0.006918592378497124,0.002163069089874625,,0.0,0.0,0.0,0.0,,0.0,,0.0,0.0,0.013318006880581379,0.0,0.0,0.0,,,,0.0,0.01897398941218853,0.0,0.0,0.0,,0.0,0.008289680816233158,0.007186546456068754,0.0,,0.0,0.015495573170483112,0.0,0.0,0.0,,0.002988440217450261,0.0071138362400233746,0.006663523148745298,0.0,,0.0029522741679102182,0.007444577291607857,0.00870683416724205,0.0,0.015951599925756454,0.0,,0.0,0.0,0.0,0.0,0.0,0.0,,0.0,,0.005740217864513397,0.007723913062363863,0.0016765532782301307,0.0,0.0,0.0,0.0,,0.0,0.011521018110215664,0.0028374833054840565,,,0.0,0.0,0.0,0.0,0.0,0.0,0.0,0.0,0.0,,0.0,0.0,0.0014217449352145195,,0.0,0.0,0.0,0.015036061406135559,0.0,0.0,0.0,,,0.0,0.002523822244256735,0.0,0.0,0.0,,0.012212172150611877,,0.010441260412335396,0.0,,0.0,0.0001980172237381339,0.0,0.0,,,0.0,0.009777898900210857,,0.011562291532754898,0.0,,,0.0,0.021612513810396194,0.0,0.0,0.0,0.0,0.0,,,0.0,0.0,0.0,0.0,0.0,,,0.0,0.0,0.0,,0.0,0.0,,0.0,0.0,0.010721533559262753,,0.0,0.0,0.0,0.0,,0.0,0.0,,0.0,0.0,0.0,0.000222572882194072,0.004138255026191473,0.0,0.0,0.0,0.0,0.0,0.0,0.0,0.0,,0.01636638306081295,,0.0,0.013081780634820461,0.00596213573589921,0.0,0.0,0.0,0.00783260352909565,0.013072560541331768,0.0,0.01504174992442131,0.0,,0.0,,0.0,0.007702955510467291,0.0,,0.0,0.0,0.0,0.0064319828525185585,0.0,0.0,0.0,0.0,0.006455377209931612,0.002276746090501547,0.0,,,0.0,0.0,0.0,,,,0.0,0.0,,0.0,,0.0,,0.0,,,0.0,,,,,0.0,,0.0,0.009475049562752247,0.0,,0.0,0.0,0.0006172159337438643,,0.011276694014668465,0.0,,0.0,0.008886725641787052,0.0,,,0.0,,0.01935204491019249,0.0,0.0,,0.0,0.0019069688860327005,,,,0.0,0.0,0.0,0.0,0.0,7.387471123365685e-05,,,,0.007764055393636227,0.0,,0.0,,0.0,0.0,0.0,0.0,,,0.0,0.0,,,0.0,,0.0,,0.0,0.0,0.0,0.0,0.0,0.0,0.0,,0.0,0.010640541091561317,0.0,0.0,0.0,,,0.0,0.0,0.0,0.0,0.004161264281719923,0.0073729087598621845,,,,0.007771022617816925,0.0,0.0,0.0,,,0.008342444896697998,0.0,0.0,,0.0,,,,,0.0,0.013751369901001453,0.0,,0.0,,,0.0,,0.006028351373970509,0.0,0.0,0.0,,0.006963010877370834,0.0,,0.0,0.0,0.0,0.0,0.0,,0.0025301980786025524,0.0,0.0,,0.0,0.0,0.0,0.0,0.0,0.0,0.0,,0.0009805925656110048,0.0,0.0,0.007419695612043142,0.0,0.0,0.0,,0.0,0.0,0.0,0.010489208623766899,0.0,0.0,0.0,0.0,0.0,0.0,0.00028485566144809127,0.0,0.0,0.0,,0.0,0.0,0.0,0.0,0.0,0.0,0.0,0.0,0.0,0.004446286242455244,0.0,0.0,0.0,,0.0,0.006903916597366333,,0.0032303640618920326,0.0,0.0,0.0,0.0,0.0,0.007855664007365704,0.0,0.0,0.0,0.011428353376686573,0.0,0.014265907928347588,0.0,0.0,0.0,0.0,0.0,0.0,0.0,0.0,0.0,0.0,0.0,0.0,0.0071387211792171,0.0,0.0,0.0,0.010663309134542942,0.009583434090018272,0.0,0.00991410668939352,0.0,0.0,0.0,0.019269602373242378,0.0,0.0,0.0,0.0,0.0,0.0,0.0,0.0,0.004451911896467209,0.0,0.0,0.0,0.0,0.0,0.015617968514561653,0.0,0.008543897420167923,0.0,0.0,0.017431413754820824,0.0,0.0,0.0,0.0,0.0,0.011158911511301994,0.0,0.006921166554093361,0.0,0.013884417712688446,0.0,0.0,0.0,0.0,0.0,0.017269155010581017,0.0,0.00583390099927783,0.0,0.0,,,,,,,,,,,,,,,,,,,,,,,,,,,,,,,,,,,,,,,,,,,,,,,,,,,,,,,,,,,,,,,,,,,,,,,,,,,,,,,,,,,,,,,,,,,,,,,,,,,,,,,,,,,,,,,,,,,,,,,,,,,,,,
2020-09-29,758299.904792888,65.64791684843854,,,,,,,,,,,76494.84123570709,,1039061.7711000025,,,,,,,,,,,,,,,,,,,,,,,,,,,,,,,,,,,,,,,,,,,2438.4290124196264,,,,,,,,,,,,,,,,,,,,,,8704.086908857678,9709.044528583741,3085.5381259255305,7421.891063893989,9720.49293047043,75181.788469056,23492.125960042446,4798.106589931608,37060.18203328148,,,,,,,,,,,,,,,,,,,,,,,,,,,,,,,,,,,,0.007672586012631655,0.0,0.0,0.01092440728098154,0.0,0.0,0.0,0.0,0.0,0.0,0.0,0.0,0.0,0.0,0.0,0.0,,0.0,,0.0,,0.0,0.0,0.0,0.010507198981940746,0.0,,0.0,0.0,0.010712611488997936,0.0,0.012846814468502998,0.0,,0.0,,,,0.0,0.0,0.0,,0.0,0.0,0.0012285824632272124,0.009027548134326935,0.0,,,0.0,,0.0,0.0,0.0,0.0,0.0,0.0,0.0,0.0,0.006439491640776396,0.015234255231916904,0.0,0.0,0.0,,0.011381476186215878,0.0,0.0,0.0,0.015055594965815544,,0.0005889178719371557,0.0,,0.0,0.0,0.0,0.0,,0.0,0.0,0.0,,0.0,,0.0,0.0,,0.0,,0.0,0.0,0.0030229962430894375,0.01743323914706707,0.0,0.012673601508140564,0.0,0.016194811090826988,0.0,,,0.009300514124333858,0.0,,,,,0.0,0.0,0.0,0.0,0.0,0.0,0.0,0.0,0.0,,0.012146583758294582,0.0019998527131974697,0.0,,0.019029388204216957,0.0,0.0015352413756772876,0.0,0.0,0.0,,0.002669151872396469,,0.014855947345495224,0.0,0.0,0.01175154373049736,,0.0,0.0,,0.0,0.0,0.0,0.0,0.0,0.0001421356719220057,0.0011042432161048055,0.0,0.0,0.0046468619257211685,0.003770541399717331,0.0,0.0012880248250439763,,0.02132318913936615,0.0,0.004850889090448618,0.0,,0.0,0.007785265799611807,0.0,0.0,0.0,0.0,0.0061191171407699585,0.0,0.0,0.0,,0.015078713186085224,0.0,0.0,,,,0.006918592378497124,0.002163069089874625,,0.0,0.0,0.0,0.0,,0.0,,0.0,0.0,0.013318006880581379,0.0,0.0,0.0,,,,0.0,0.01897398941218853,0.0,0.0,0.0,,0.0,0.008289680816233158,0.007186546456068754,0.0,,0.0,0.015495573170483112,0.0,0.0,0.0,,0.002988440217450261,0.0071138362400233746,0.006663523148745298,0.0,,0.0029522741679102182,0.007444577291607857,0.00870683416724205,0.0,0.015951599925756454,0.0,,0.0,0.0,0.0,0.0,0.0,0.0,,0.0,,0.005740217864513397,0.007723913062363863,0.0016765532782301307,0.0,0.0,0.0,0.0,,0.0,0.011521018110215664,0.0028374833054840565,,,0.0,0.0,0.0,0.0,0.0,0.0,0.0,0.0,0.0,,0.0,0.0,0.0014217449352145195,,0.0,0.0,0.0,0.015036061406135559,0.0,0.0,0.0,,,0.0,0.002523822244256735,0.0,0.0,0.0,,0.012212172150611877,,0.010441260412335396,0.0,,0.0,0.0001980172237381339,0.0,0.0,,,0.0,0.009777898900210857,,0.011562291532754898,0.0,,,0.0,0.021612513810396194,0.0,0.0,0.0,0.0,0.0,,,0.0,0.0,0.0,0.0,0.0,,,0.0,0.0,0.0,,0.0,0.0,,0.0,0.0,0.010721533559262753,,0.0,0.0,0.0,0.0,,0.0,0.0,,0.0,0.0,0.0,0.000222572882194072,0.004138255026191473,0.0,0.0,0.0,0.0,0.0,0.0,0.0,0.0,,0.01636638306081295,,0.0,0.013081780634820461,0.00596213573589921,0.0,0.0,0.0,0.00783260352909565,0.013072560541331768,0.0,0.01504174992442131,0.0,,0.0,,0.0,0.007702955510467291,0.0,,0.0,0.0,0.0,0.0064319828525185585,0.0,0.0,0.0,0.0,0.006455377209931612,0.002276746090501547,0.0,,,0.0,0.0,0.0,,,,0.0,0.0,,0.0,,0.0,,0.0,,,0.0,,,,,0.0,,0.0,0.009475049562752247,0.0,,0.0,0.0,0.0006172159337438643,,0.011276694014668465,0.0,,0.0,0.008886725641787052,0.0,,,0.0,,0.01935204491019249,0.0,0.0,,0.0,0.0019069688860327005,,,,0.0,0.0,0.0,0.0,0.0,7.387471123365685e-05,,,,0.007764055393636227,0.0,,0.0,,0.0,0.0,0.0,0.0,,,0.0,0.0,,,0.0,,0.0,,0.0,0.0,0.0,0.0,0.0,0.0,0.0,,0.0,0.010640541091561317,0.0,0.0,0.0,,,0.0,0.0,0.0,0.0,0.004161264281719923,0.0073729087598621845,,,,0.007771022617816925,0.0,0.0,0.0,,,0.008342444896697998,0.0,0.0,,0.0,,,,,0.0,0.013751369901001453,0.0,,0.0,,,0.0,,0.006028351373970509,0.0,0.0,0.0,,0.006963010877370834,0.0,,0.0,0.0,0.0,0.0,0.0,,0.0025301980786025524,0.0,0.0,,0.0,0.0,0.0,0.0,0.0,0.0,0.0,,0.0009805925656110048,0.0,0.0,0.007419695612043142,0.0,0.0,0.0,,0.0,0.0,0.0,0.010489208623766899,0.0,0.0,0.0,0.0,0.0,0.0,0.00028485566144809127,0.0,0.0,0.0,,0.0,0.0,0.0,0.0,0.0,0.0,0.0,0.0,0.0,0.004446286242455244,0.0,0.0,0.0,,0.0,0.006903916597366333,,0.0032303640618920326,0.0,0.0,0.0,0.0,0.0,0.007855664007365704,0.0,0.0,0.0,0.011428353376686573,0.0,0.014265907928347588,0.0,0.0,0.0,0.0,0.0,0.0,0.0,0.0,0.0,0.0,0.0,0.0,0.0071387211792171,0.0,0.0,0.0,0.010663309134542942,0.009583434090018272,0.0,0.00991410668939352,0.0,0.0,0.0,0.019269602373242378,0.0,0.0,0.0,0.0,0.0,0.0,0.0,0.0,0.004451911896467209,0.0,0.0,0.0,0.0,0.0,0.015617968514561653,0.0,0.008543897420167923,0.0,0.0,0.017431413754820824,0.0,0.0,0.0,0.0,0.0,0.011158911511301994,0.0,0.006921166554093361,0.0,0.013884417712688446,0.0,0.0,0.0,0.0,0.0,0.017269155010581017,0.0,0.00583390099927783,0.0,0.0,,,,,,,,,,,,,,,,,,,,,,,,,,,,,,,,,,,,,,,,,,,,,,,,,,,,,,,,,,,,,,,,,,,,,,,,,,,,,,,,,,,,,,,,,,,,,,,,,,,,,,,,,,,,,,,,,,,,,,,,,,,,,,
2020-09-30,751429.9988223619,59.44968285475976,,,,,,,,,,,76494.84123570709,,1039061.7711000025,,,,,,,,,,,,,,,,,,,,,,,,,,,,,,,,,,,,,,,,,,,2438.4290124196264,,,,,,,,,,,,,,,,,,,,,,8704.086908857678,9709.285512836555,3085.5381259255305,7421.891063893989,9720.49293047043,75181.788469056,23493.358791494207,4798.106589931608,37060.34018113541,,,,,,,,,,,,,,,,,,,,,,,,,,,,,,,,,,,,0.007672586012631655,0.0,0.0,0.01092440728098154,0.0,0.0,0.0,0.0,0.0,0.0,0.0,0.0,0.0,0.0,0.0,0.0,,0.0,,0.0,,0.0,0.0,0.0,0.010507198981940746,0.0,,0.0,0.0,0.010712611488997936,0.0,0.012846814468502998,0.0,,0.0,,,,0.0,0.0,0.0,,0.0,0.0,0.0012285824632272124,0.009027548134326935,0.0,,,0.0,,0.0,0.0,0.0,0.0,0.0,0.0,0.0,0.0,0.006439491640776396,0.015234255231916904,0.0,0.0,0.0,,0.011381476186215878,0.0,0.0,0.0,0.015055594965815544,,0.0005889178719371557,0.0,,0.0,0.0,0.0,0.0,,0.0,0.0,0.0,,0.0,,0.0,0.0,,0.0,,0.0,0.0,0.0030229962430894375,0.01743323914706707,0.0,0.012673601508140564,0.0,0.016194811090826988,0.0,,,0.009300514124333858,0.0,,,,,0.0,0.0,0.0,0.0,0.0,0.0,0.0,0.0,0.0,,0.012146583758294582,0.0019998527131974697,0.0,,0.019029388204216957,0.0,0.0015352413756772876,0.0,0.0,0.0,,0.002669151872396469,,0.014855947345495224,0.0,0.0,0.01175154373049736,,0.0,0.0,,0.0,0.0,0.0,0.0,0.0,0.0001421356719220057,0.0011042432161048055,0.0,0.0,0.0046468619257211685,0.003770541399717331,0.0,0.0012880248250439763,,0.02132318913936615,0.0,0.004850889090448618,0.0,,0.0,0.007785265799611807,0.0,0.0,0.0,0.0,0.0061191171407699585,0.0,0.0,0.0,,0.015078713186085224,0.0,0.0,,,,0.006918592378497124,0.002163069089874625,,0.0,0.0,0.0,0.0,,0.0,,0.0,0.0,0.013318006880581379,0.0,0.0,0.0,,,,0.0,0.01897398941218853,0.0,0.0,0.0,,0.0,0.008289680816233158,0.007186546456068754,0.0,,0.0,0.015495573170483112,0.0,0.0,0.0,,0.002988440217450261,0.0071138362400233746,0.006663523148745298,0.0,,0.0029522741679102182,0.007444577291607857,0.00870683416724205,0.0,0.015951599925756454,0.0,,0.0,0.0,0.0,0.0,0.0,0.0,,0.0,,0.005740217864513397,0.007723913062363863,0.0016765532782301307,0.0,0.0,0.0,0.0,,0.0,0.011521018110215664,0.0028374833054840565,,,0.0,0.0,0.0,0.0,0.0,0.0,0.0,0.0,0.0,,0.0,0.0,0.0014217449352145195,,0.0,0.0,0.0,0.015036061406135559,0.0,0.0,0.0,,,0.0,0.002523822244256735,0.0,0.0,0.0,,0.012212172150611877,,0.010441260412335396,0.0,,0.0,0.0001980172237381339,0.0,0.0,,,0.0,0.009777898900210857,,0.011562291532754898,0.0,,,0.0,0.021612513810396194,0.0,0.0,0.0,0.0,0.0,,,0.0,0.0,0.0,0.0,0.0,,,0.0,0.0,0.0,,0.0,0.0,,0.0,0.0,0.010721533559262753,,0.0,0.0,0.0,0.0,,0.0,0.0,,0.0,0.0,0.0,0.000222572882194072,0.004138255026191473,0.0,0.0,0.0,0.0,0.0,0.0,0.0,0.0,,0.01636638306081295,,0.0,0.013081780634820461,0.00596213573589921,0.0,0.0,0.0,0.00783260352909565,0.013072560541331768,0.0,0.01504174992442131,0.0,,0.0,,0.0,0.007702955510467291,0.0,,0.0,0.0,0.0,0.0064319828525185585,0.0,0.0,0.0,0.0,0.006455377209931612,0.002276746090501547,0.0,,,0.0,0.0,0.0,,,,0.0,0.0,,0.0,,0.0,,0.0,,,0.0,,,,,0.0,,0.0,0.009475049562752247,0.0,,0.0,0.0,0.0006172159337438643,,0.011276694014668465,0.0,,0.0,0.008886725641787052,0.0,,,0.0,,0.01935204491019249,0.0,0.0,,0.0,0.0019069688860327005,,,,0.0,0.0,0.0,0.0,0.0,7.387471123365685e-05,,,,0.007764055393636227,0.0,,0.0,,0.0,0.0,0.0,0.0,,,0.0,0.0,,,0.0,,0.0,,0.0,0.0,0.0,0.0,0.0,0.0,0.0,,0.0,0.010640541091561317,0.0,0.0,0.0,,,0.0,0.0,0.0,0.0,0.004161264281719923,0.0073729087598621845,,,,0.007771022617816925,0.0,0.0,0.0,,,0.008342444896697998,0.0,0.0,,0.0,,,,,0.0,0.013751369901001453,0.0,,0.0,,,0.0,,0.006028351373970509,0.0,0.0,0.0,,0.006963010877370834,0.0,,0.0,0.0,0.0,0.0,0.0,,0.0025301980786025524,0.0,0.0,,0.0,0.0,0.0,0.0,0.0,0.0,0.0,,0.0009805925656110048,0.0,0.0,0.007419695612043142,0.0,0.0,0.0,,0.0,0.0,0.0,0.010489208623766899,0.0,0.0,0.0,0.0,0.0,0.0,0.00028485566144809127,0.0,0.0,0.0,,0.0,0.0,0.0,0.0,0.0,0.0,0.0,0.0,0.0,0.004446286242455244,0.0,0.0,0.0,,0.0,0.006903916597366333,,0.0032303640618920326,0.0,0.0,0.0,0.0,0.0,0.007855664007365704,0.0,0.0,0.0,0.011428353376686573,0.0,0.014265907928347588,0.0,0.0,0.0,0.0,0.0,0.0,0.0,0.0,0.0,0.0,0.0,0.0,0.0071387211792171,0.0,0.0,0.0,0.010663309134542942,0.009583434090018272,0.0,0.00991410668939352,0.0,0.0,0.0,0.019269602373242378,0.0,0.0,0.0,0.0,0.0,0.0,0.0,0.0,0.004451911896467209,0.0,0.0,0.0,0.0,0.0,0.015617968514561653,0.0,0.008543897420167923,0.0,0.0,0.017431413754820824,0.0,0.0,0.0,0.0,0.0,0.011158911511301994,0.0,0.006921166554093361,0.0,0.013884417712688446,0.0,0.0,0.0,0.0,0.0,0.017269155010581017,0.0,0.00583390099927783,0.0,0.0,,,,,,,,,,,,,,,,,,,,,,,,,,,,,,,,,,,,,,,,,,,,,,,,,,,,,,,,,,,,,,,,,,,,,,,,,,,,,,,,,,,,,,,,,,,,,,,,,,,,,,,,,,,,,,,,,,,,,,,,,,,,,,
2020-10-09,765646.0636493475,661.1071465221435,,,,,,,,,,,76494.84123570709,,1039061.7711000025,,,,,,,,,,,,,,,,,,,,,,,,,,,,,,,,,,,,,,,,,,,2540.02901164448,,,,,,,,,,,,,,,,,,,,,,8704.086908857678,9709.285512836555,3085.5381259255305,7421.891063893989,9720.49293047043,75181.788469056,23493.358791494207,4798.106589931608,35937.65139007811,,,,,,,,,,,,,,,,,,,,,,,,,,,,,,,,,,,,0.007672586012631655,0.0,0.0,0.01092440728098154,0.0,0.0,0.0,0.0,0.0,0.0,0.0,0.0,0.0,0.0,0.0,0.0,,0.0,,0.0,,0.0,0.0,0.0,0.010507198981940746,0.0,,0.0,0.0,0.010712611488997936,0.0,0.012846814468502998,0.0,,0.0,,,,0.0,0.0,0.0,,0.0,0.0,0.0012285824632272124,0.009027548134326935,0.0,,,0.0,,0.0,0.0,0.0,0.0,0.0,0.0,0.0,0.0,0.006439491640776396,0.015234255231916904,0.0,0.0,0.0,,0.011381476186215878,0.0,0.0,0.0,0.015055594965815544,,0.0005889178719371557,0.0,,0.0,0.0,0.0,0.0,,0.0,0.0,0.0,,0.0,,0.0,0.0,,0.0,,0.0,0.0,0.0030229962430894375,0.01743323914706707,0.0,0.012673601508140564,0.0,0.016194811090826988,0.0,,,0.009300514124333858,0.0,,,,,0.0,0.0,0.0,0.0,0.0,0.0,0.0,0.0,0.0,,0.012146583758294582,0.0019998527131974697,0.0,,0.019029388204216957,0.0,0.0015352413756772876,0.0,0.0,0.0,,0.002669151872396469,,0.014855947345495224,0.0,0.0,0.01175154373049736,,0.0,0.0,,0.0,0.0,0.0,0.0,0.0,0.0001421356719220057,0.0011042432161048055,0.0,0.0,0.0046468619257211685,0.003770541399717331,0.0,0.0012880248250439763,,0.02132318913936615,0.0,0.004850889090448618,0.0,,0.0,0.007785265799611807,0.0,0.0,0.0,0.0,0.0061191171407699585,0.0,0.0,0.0,,0.015078713186085224,0.0,0.0,,,,0.006918592378497124,0.002163069089874625,,0.0,0.0,0.0,0.0,,0.0,,0.0,0.0,0.013318006880581379,0.0,0.0,0.0,,,,0.0,0.01897398941218853,0.0,0.0,0.0,,0.0,0.008289680816233158,0.007186546456068754,0.0,,0.0,0.015495573170483112,0.0,0.0,0.0,,0.002988440217450261,0.0071138362400233746,0.006663523148745298,0.0,,0.0029522741679102182,0.007444577291607857,0.00870683416724205,0.0,0.015951599925756454,0.0,,0.0,0.0,0.0,0.0,0.0,0.0,,0.0,,0.005740217864513397,0.007723913062363863,0.0016765532782301307,0.0,0.0,0.0,0.0,,0.0,0.011521018110215664,0.0028374833054840565,,,0.0,0.0,0.0,0.0,0.0,0.0,0.0,0.0,0.0,,0.0,0.0,0.0014217449352145195,,0.0,0.0,0.0,0.015036061406135559,0.0,0.0,0.0,,,0.0,0.002523822244256735,0.0,0.0,0.0,,0.012212172150611877,,0.010441260412335396,0.0,,0.0,0.0001980172237381339,0.0,0.0,,,0.0,0.009777898900210857,,0.011562291532754898,0.0,,,0.0,0.021612513810396194,0.0,0.0,0.0,0.0,0.0,,,0.0,0.0,0.0,0.0,0.0,,,0.0,0.0,0.0,,0.0,0.0,,0.0,0.0,0.010721533559262753,,0.0,0.0,0.0,0.0,,0.0,0.0,,0.0,0.0,0.0,0.000222572882194072,0.004138255026191473,0.0,0.0,0.0,0.0,0.0,0.0,0.0,0.0,,0.01636638306081295,,0.0,0.013081780634820461,0.00596213573589921,0.0,0.0,0.0,0.00783260352909565,0.013072560541331768,0.0,0.01504174992442131,0.0,,0.0,,0.0,0.007702955510467291,0.0,,0.0,0.0,0.0,0.0064319828525185585,0.0,0.0,0.0,0.0,0.006455377209931612,0.002276746090501547,0.0,,,0.0,0.0,0.0,,,,0.0,0.0,,0.0,,0.0,,0.0,,,0.0,,,,,0.0,,0.0,0.009475049562752247,0.0,,0.0,0.0,0.0006172159337438643,,0.011276694014668465,0.0,,0.0,0.008886725641787052,0.0,,,0.0,,0.01935204491019249,0.0,0.0,,0.0,0.0019069688860327005,,,,0.0,0.0,0.0,0.0,0.0,7.387471123365685e-05,,,,0.007764055393636227,0.0,,0.0,,0.0,0.0,0.0,0.0,,,0.0,0.0,,,0.0,,0.0,,0.0,0.0,0.0,0.0,0.0,0.0,0.0,,0.0,0.010640541091561317,0.0,0.0,0.0,,,0.0,0.0,0.0,0.0,0.004161264281719923,0.0073729087598621845,,,,0.007771022617816925,0.0,0.0,0.0,,,0.008342444896697998,0.0,0.0,,0.0,,,,,0.0,0.013751369901001453,0.0,,0.0,,,0.0,,0.006028351373970509,0.0,0.0,0.0,,0.006963010877370834,0.0,,0.0,0.0,0.0,0.0,0.0,,0.0025301980786025524,0.0,0.0,,0.0,0.0,0.0,0.0,0.0,0.0,0.0,,0.0009805925656110048,0.0,0.0,0.007419695612043142,0.0,0.0,0.0,,0.0,0.0,0.0,0.010489208623766899,0.0,0.0,0.0,0.0,0.0,0.0,0.00028485566144809127,0.0,0.0,0.0,,0.0,0.0,0.0,0.0,0.0,0.0,0.0,0.0,0.0,0.004446286242455244,0.0,0.0,0.0,,0.0,0.006903916597366333,,0.0032303640618920326,0.0,0.0,0.0,0.0,0.0,0.007855664007365704,0.0,0.0,0.0,0.011428353376686573,0.0,0.014265907928347588,0.0,0.0,0.0,0.0,0.0,0.0,0.0,0.0,0.0,0.0,0.0,0.0,0.0071387211792171,0.0,0.0,0.0,0.010663309134542942,0.009583434090018272,0.0,0.00991410668939352,0.0,0.0,0.0,0.019269602373242378,0.0,0.0,0.0,0.0,0.0,0.0,0.0,0.0,0.004451911896467209,0.0,0.0,0.0,0.0,0.0,0.015617968514561653,0.0,0.008543897420167923,0.0,0.0,0.017431413754820824,0.0,0.0,0.0,0.0,0.0,0.011158911511301994,0.0,0.006921166554093361,0.0,0.013884417712688446,0.0,0.0,0.0,0.0,0.0,0.017269155010581017,0.0,0.00583390099927783,0.0,0.0,,,,,,,,,,,,,,,,,,,,,,,,,,,,,,,,,,,,,,,,,,,,,,,,,,,,,,,,,,,,,,,,,,,,,,,,,,,,,,,,,,,,,,,,,,,,,,,,,,,,,,,,,,,,,,,,,,,,,,,,,,,,,,
2020-10-12,784897.3202552602,147.92627468817864,,,,,,,,,,,76494.84123570709,,1039061.7711000025,,,,,,,,,,,,,,,,,,,,,,,,,,,,,,,,,,,,,,,,,,,2540.02901164448,,,,,,,,,,,,,,,,,,,,,,8704.086908857678,9708.953382217514,3085.5381259255305,7421.891063893989,9720.49293047043,75714.99776880948,23493.358791494207,4798.106589931608,35937.65139007811,,,,,,,,,,,,,,,,,,,,,,,,,,,,,,,,,,,,0.007672586012631655,0.0,0.0,0.01092440728098154,0.0,0.0,0.0,0.0,0.0,0.0,0.0,0.0,0.0,0.0,0.0,0.0,,0.0,,0.0,,0.0,0.0,0.0,0.010507198981940746,0.0,,0.0,0.0,0.010712611488997936,0.0,0.012846814468502998,0.0,,0.0,,,,0.0,0.0,0.0,,0.0,0.0,0.0012285824632272124,0.009027548134326935,0.0,,,0.0,,0.0,0.0,0.0,0.0,0.0,0.0,0.0,0.0,0.006439491640776396,0.015234255231916904,0.0,0.0,0.0,,0.011381476186215878,0.0,0.0,0.0,0.015055594965815544,,0.0005889178719371557,0.0,,0.0,0.0,0.0,0.0,,0.0,0.0,0.0,,0.0,,0.0,0.0,,0.0,,0.0,0.0,0.0030229962430894375,0.01743323914706707,0.0,0.012673601508140564,0.0,0.016194811090826988,0.0,,,0.009300514124333858,0.0,,,,,0.0,0.0,0.0,0.0,0.0,0.0,0.0,0.0,0.0,,0.012146583758294582,0.0019998527131974697,0.0,,0.019029388204216957,0.0,0.0015352413756772876,0.0,0.0,0.0,,0.002669151872396469,,0.014855947345495224,0.0,0.0,0.01175154373049736,,0.0,0.0,,0.0,0.0,0.0,0.0,0.0,0.0001421356719220057,0.0011042432161048055,0.0,0.0,0.0046468619257211685,0.003770541399717331,0.0,0.0012880248250439763,,0.02132318913936615,0.0,0.004850889090448618,0.0,,0.0,0.007785265799611807,0.0,0.0,0.0,0.0,0.0061191171407699585,0.0,0.0,0.0,,0.015078713186085224,0.0,0.0,,,,0.006918592378497124,0.002163069089874625,,0.0,0.0,0.0,0.0,,0.0,,0.0,0.0,0.013318006880581379,0.0,0.0,0.0,,,,0.0,0.01897398941218853,0.0,0.0,0.0,,0.0,0.008289680816233158,0.007186546456068754,0.0,,0.0,0.015495573170483112,0.0,0.0,0.0,,0.002988440217450261,0.0071138362400233746,0.006663523148745298,0.0,,0.0029522741679102182,0.007444577291607857,0.00870683416724205,0.0,0.015951599925756454,0.0,,0.0,0.0,0.0,0.0,0.0,0.0,,0.0,,0.005740217864513397,0.007723913062363863,0.0016765532782301307,0.0,0.0,0.0,0.0,,0.0,0.011521018110215664,0.0028374833054840565,,,0.0,0.0,0.0,0.0,0.0,0.0,0.0,0.0,0.0,,0.0,0.0,0.0014217449352145195,,0.0,0.0,0.0,0.015036061406135559,0.0,0.0,0.0,,,0.0,0.002523822244256735,0.0,0.0,0.0,,0.012212172150611877,,0.010441260412335396,0.0,,0.0,0.0001980172237381339,0.0,0.0,,,0.0,0.009777898900210857,,0.011562291532754898,0.0,,,0.0,0.021612513810396194,0.0,0.0,0.0,0.0,0.0,,,0.0,0.0,0.0,0.0,0.0,,,0.0,0.0,0.0,,0.0,0.0,,0.0,0.0,0.010721533559262753,,0.0,0.0,0.0,0.0,,0.0,0.0,,0.0,0.0,0.0,0.000222572882194072,0.004138255026191473,0.0,0.0,0.0,0.0,0.0,0.0,0.0,0.0,,0.01636638306081295,,0.0,0.013081780634820461,0.00596213573589921,0.0,0.0,0.0,0.00783260352909565,0.013072560541331768,0.0,0.01504174992442131,0.0,,0.0,,0.0,0.007702955510467291,0.0,,0.0,0.0,0.0,0.0064319828525185585,0.0,0.0,0.0,0.0,0.006455377209931612,0.002276746090501547,0.0,,,0.0,0.0,0.0,,,,0.0,0.0,,0.0,,0.0,,0.0,,,0.0,,,,,0.0,,0.0,0.009475049562752247,0.0,,0.0,0.0,0.0006172159337438643,,0.011276694014668465,0.0,,0.0,0.008886725641787052,0.0,,,0.0,,0.01935204491019249,0.0,0.0,,0.0,0.0019069688860327005,,,,0.0,0.0,0.0,0.0,0.0,7.387471123365685e-05,,,,0.007764055393636227,0.0,,0.0,,0.0,0.0,0.0,0.0,,,0.0,0.0,,,0.0,,0.0,,0.0,0.0,0.0,0.0,0.0,0.0,0.0,,0.0,0.010640541091561317,0.0,0.0,0.0,,,0.0,0.0,0.0,0.0,0.004161264281719923,0.0073729087598621845,,,,0.007771022617816925,0.0,0.0,0.0,,,0.008342444896697998,0.0,0.0,,0.0,,,,,0.0,0.013751369901001453,0.0,,0.0,,,0.0,,0.006028351373970509,0.0,0.0,0.0,,0.006963010877370834,0.0,,0.0,0.0,0.0,0.0,0.0,,0.0025301980786025524,0.0,0.0,,0.0,0.0,0.0,0.0,0.0,0.0,0.0,,0.0009805925656110048,0.0,0.0,0.007419695612043142,0.0,0.0,0.0,,0.0,0.0,0.0,0.010489208623766899,0.0,0.0,0.0,0.0,0.0,0.0,0.00028485566144809127,0.0,0.0,0.0,,0.0,0.0,0.0,0.0,0.0,0.0,0.0,0.0,0.0,0.004446286242455244,0.0,0.0,0.0,,0.0,0.006903916597366333,,0.0032303640618920326,0.0,0.0,0.0,0.0,0.0,0.007855664007365704,0.0,0.0,0.0,0.011428353376686573,0.0,0.014265907928347588,0.0,0.0,0.0,0.0,0.0,0.0,0.0,0.0,0.0,0.0,0.0,0.0,0.0071387211792171,0.0,0.0,0.0,0.010663309134542942,0.009583434090018272,0.0,0.00991410668939352,0.0,0.0,0.0,0.019269602373242378,0.0,0.0,0.0,0.0,0.0,0.0,0.0,0.0,0.004451911896467209,0.0,0.0,0.0,0.0,0.0,0.015617968514561653,0.0,0.008543897420167923,0.0,0.0,0.017431413754820824,0.0,0.0,0.0,0.0,0.0,0.011158911511301994,0.0,0.006921166554093361,0.0,0.013884417712688446,0.0,0.0,0.0,0.0,0.0,0.017269155010581017,0.0,0.00583390099927783,0.0,0.0,,,,,,,,,,,,,,,,,,,,,,,,,,,,,,,,,,,,,,,,,,,,,,,,,,,,,,,,,,,,,,,,,,,,,,,,,,,,,,,,,,,,,,,,,,,,,,,,,,,,,,,,,,,,,,,,,,,,,,,,,,,,,,
2020-10-13,782825.9185095546,897.1271210401615,,,,,,,,,,,76494.84123570709,,1039061.7711000025,,,,,,,,,,,,,,,,,,,,,,,,,,,,,,,,,,,,,,,,,,,2641.6305675326403,,,,,,,,,,,,,,,,,,,,,,8704.086908857678,9708.953382217514,3085.5381259255305,7421.891063893989,9720.49293047043,75714.99776880948,23493.358791494207,4798.106589931608,34812.71221574705,,,,,,,,,,,,,,,,,,,,,,,,,,,,,,,,,,,,0.007672586012631655,0.0,0.0,0.01092440728098154,0.0,0.0,0.0,0.0,0.0,0.0,0.0,0.0,0.0,0.0,0.0,0.0,,0.0,,0.0,,0.0,0.0,0.0,0.010507198981940746,0.0,,0.0,0.0,0.010712611488997936,0.0,0.012846814468502998,0.0,,0.0,,,,0.0,0.0,0.0,,0.0,0.0,0.0012285824632272124,0.009027548134326935,0.0,,,0.0,,0.0,0.0,0.0,0.0,0.0,0.0,0.0,0.0,0.006439491640776396,0.015234255231916904,0.0,0.0,0.0,,0.011381476186215878,0.0,0.0,0.0,0.015055594965815544,,0.0005889178719371557,0.0,,0.0,0.0,0.0,0.0,,0.0,0.0,0.0,,0.0,,0.0,0.0,,0.0,,0.0,0.0,0.0030229962430894375,0.01743323914706707,0.0,0.012673601508140564,0.0,0.016194811090826988,0.0,,,0.009300514124333858,0.0,,,,,0.0,0.0,0.0,0.0,0.0,0.0,0.0,0.0,0.0,,0.012146583758294582,0.0019998527131974697,0.0,,0.019029388204216957,0.0,0.0015352413756772876,0.0,0.0,0.0,,0.002669151872396469,,0.014855947345495224,0.0,0.0,0.01175154373049736,,0.0,0.0,,0.0,0.0,0.0,0.0,0.0,0.0001421356719220057,0.0011042432161048055,0.0,0.0,0.0046468619257211685,0.003770541399717331,0.0,0.0012880248250439763,,0.02132318913936615,0.0,0.004850889090448618,0.0,,0.0,0.007785265799611807,0.0,0.0,0.0,0.0,0.0061191171407699585,0.0,0.0,0.0,,0.015078713186085224,0.0,0.0,,,,0.006918592378497124,0.002163069089874625,,0.0,0.0,0.0,0.0,,0.0,,0.0,0.0,0.013318006880581379,0.0,0.0,0.0,,,,0.0,0.01897398941218853,0.0,0.0,0.0,,0.0,0.008289680816233158,0.007186546456068754,0.0,,0.0,0.015495573170483112,0.0,0.0,0.0,,0.002988440217450261,0.0071138362400233746,0.006663523148745298,0.0,,0.0029522741679102182,0.007444577291607857,0.00870683416724205,0.0,0.015951599925756454,0.0,,0.0,0.0,0.0,0.0,0.0,0.0,,0.0,,0.005740217864513397,0.007723913062363863,0.0016765532782301307,0.0,0.0,0.0,0.0,,0.0,0.011521018110215664,0.0028374833054840565,,,0.0,0.0,0.0,0.0,0.0,0.0,0.0,0.0,0.0,,0.0,0.0,0.0014217449352145195,,0.0,0.0,0.0,0.015036061406135559,0.0,0.0,0.0,,,0.0,0.002523822244256735,0.0,0.0,0.0,,0.012212172150611877,,0.010441260412335396,0.0,,0.0,0.0001980172237381339,0.0,0.0,,,0.0,0.009777898900210857,,0.011562291532754898,0.0,,,0.0,0.021612513810396194,0.0,0.0,0.0,0.0,0.0,,,0.0,0.0,0.0,0.0,0.0,,,0.0,0.0,0.0,,0.0,0.0,,0.0,0.0,0.010721533559262753,,0.0,0.0,0.0,0.0,,0.0,0.0,,0.0,0.0,0.0,0.000222572882194072,0.004138255026191473,0.0,0.0,0.0,0.0,0.0,0.0,0.0,0.0,,0.01636638306081295,,0.0,0.013081780634820461,0.00596213573589921,0.0,0.0,0.0,0.00783260352909565,0.013072560541331768,0.0,0.01504174992442131,0.0,,0.0,,0.0,0.007702955510467291,0.0,,0.0,0.0,0.0,0.0064319828525185585,0.0,0.0,0.0,0.0,0.006455377209931612,0.002276746090501547,0.0,,,0.0,0.0,0.0,,,,0.0,0.0,,0.0,,0.0,,0.0,,,0.0,,,,,0.0,,0.0,0.009475049562752247,0.0,,0.0,0.0,0.0006172159337438643,,0.011276694014668465,0.0,,0.0,0.008886725641787052,0.0,,,0.0,,0.01935204491019249,0.0,0.0,,0.0,0.0019069688860327005,,,,0.0,0.0,0.0,0.0,0.0,7.387471123365685e-05,,,,0.007764055393636227,0.0,,0.0,,0.0,0.0,0.0,0.0,,,0.0,0.0,,,0.0,,0.0,,0.0,0.0,0.0,0.0,0.0,0.0,0.0,,0.0,0.010640541091561317,0.0,0.0,0.0,,,0.0,0.0,0.0,0.0,0.004161264281719923,0.0073729087598621845,,,,0.007771022617816925,0.0,0.0,0.0,,,0.008342444896697998,0.0,0.0,,0.0,,,,,0.0,0.013751369901001453,0.0,,0.0,,,0.0,,0.006028351373970509,0.0,0.0,0.0,,0.006963010877370834,0.0,,0.0,0.0,0.0,0.0,0.0,,0.0025301980786025524,0.0,0.0,,0.0,0.0,0.0,0.0,0.0,0.0,0.0,,0.0009805925656110048,0.0,0.0,0.007419695612043142,0.0,0.0,0.0,,0.0,0.0,0.0,0.010489208623766899,0.0,0.0,0.0,0.0,0.0,0.0,0.00028485566144809127,0.0,0.0,0.0,,0.0,0.0,0.0,0.0,0.0,0.0,0.0,0.0,0.0,0.004446286242455244,0.0,0.0,0.0,,0.0,0.006903916597366333,,0.0032303640618920326,0.0,0.0,0.0,0.0,0.0,0.007855664007365704,0.0,0.0,0.0,0.011428353376686573,0.0,0.014265907928347588,0.0,0.0,0.0,0.0,0.0,0.0,0.0,0.0,0.0,0.0,0.0,0.0,0.0071387211792171,0.0,0.0,0.0,0.010663309134542942,0.009583434090018272,0.0,0.00991410668939352,0.0,0.0,0.0,0.019269602373242378,0.0,0.0,0.0,0.0,0.0,0.0,0.0,0.0,0.004451911896467209,0.0,0.0,0.0,0.0,0.0,0.015617968514561653,0.0,0.008543897420167923,0.0,0.0,0.017431413754820824,0.0,0.0,0.0,0.0,0.0,0.011158911511301994,0.0,0.006921166554093361,0.0,0.013884417712688446,0.0,0.0,0.0,0.0,0.0,0.017269155010581017,0.0,0.00583390099927783,0.0,0.0,,,,,,,,,,,,,,,,,,,,,,,,,,,,,,,,,,,,,,,,,,,,,,,,,,,,,,,,,,,,,,,,,,,,,,,,,,,,,,,,,,,,,,,,,,,,,,,,,,,,,,,,,,,,,,,,,,,,,,,,,,,,,,
2020-10-14,780796.7007992965,87.86861950398401,,,,,,,,,,,76494.84123570709,,1039061.7711000025,,,,,,,,,,,,,,,,,,,,,,,,,,,,,,,,,,,,,,,,,,,2641.6305675326403,,,,,,,,,,,,,,,,,,,,,,8704.086908857678,9708.749869795518,3085.5381259255305,7421.891063893989,9720.49293047043,76248.17283918367,23583.381068997922,4798.106589931608,34814.32013146063,,,,,,,,,,,,,,,,,,,,,,,,,,,,,,,,,,,,0.007672586012631655,0.0,0.0,0.01092440728098154,0.0,0.0,0.0,0.0,0.0,0.0,0.0,0.0,0.0,0.0,0.0,0.0,,0.0,,0.0,,0.0,0.0,0.0,0.010507198981940746,0.0,,0.0,0.0,0.010712611488997936,0.0,0.012846814468502998,0.0,,0.0,,,,0.0,0.0,0.0,,0.0,0.0,0.0012285824632272124,0.009027548134326935,0.0,,,0.0,,0.0,0.0,0.0,0.0,0.0,0.0,0.0,0.0,0.006439491640776396,0.015234255231916904,0.0,0.0,0.0,,0.011381476186215878,0.0,0.0,0.0,0.015055594965815544,,0.0005889178719371557,0.0,,0.0,0.0,0.0,0.0,,0.0,0.0,0.0,,0.0,,0.0,0.0,,0.0,,0.0,0.0,0.0030229962430894375,0.01743323914706707,0.0,0.012673601508140564,0.0,0.016194811090826988,0.0,,,0.009300514124333858,0.0,,,,,0.0,0.0,0.0,0.0,0.0,0.0,0.0,0.0,0.0,,0.012146583758294582,0.0019998527131974697,0.0,,0.019029388204216957,0.0,0.0015352413756772876,0.0,0.0,0.0,,0.002669151872396469,,0.014855947345495224,0.0,0.0,0.01175154373049736,,0.0,0.0,,0.0,0.0,0.0,0.0,0.0,0.0001421356719220057,0.0011042432161048055,0.0,0.0,0.0046468619257211685,0.003770541399717331,0.0,0.0012880248250439763,,0.02132318913936615,0.0,0.004850889090448618,0.0,,0.0,0.007785265799611807,0.0,0.0,0.0,0.0,0.0061191171407699585,0.0,0.0,0.0,,0.015078713186085224,0.0,0.0,,,,0.006918592378497124,0.002163069089874625,,0.0,0.0,0.0,0.0,,0.0,,0.0,0.0,0.013318006880581379,0.0,0.0,0.0,,,,0.0,0.01897398941218853,0.0,0.0,0.0,,0.0,0.008289680816233158,0.007186546456068754,0.0,,0.0,0.015495573170483112,0.0,0.0,0.0,,0.002988440217450261,0.0071138362400233746,0.006663523148745298,0.0,,0.0029522741679102182,0.007444577291607857,0.00870683416724205,0.0,0.015951599925756454,0.0,,0.0,0.0,0.0,0.0,0.0,0.0,,0.0,,0.005740217864513397,0.007723913062363863,0.0016765532782301307,0.0,0.0,0.0,0.0,,0.0,0.011521018110215664,0.0028374833054840565,,,0.0,0.0,0.0,0.0,0.0,0.0,0.0,0.0,0.0,,0.0,0.0,0.0014217449352145195,,0.0,0.0,0.0,0.015036061406135559,0.0,0.0,0.0,,,0.0,0.002523822244256735,0.0,0.0,0.0,,0.012212172150611877,,0.010441260412335396,0.0,,0.0,0.0001980172237381339,0.0,0.0,,,0.0,0.009777898900210857,,0.011562291532754898,0.0,,,0.0,0.021612513810396194,0.0,0.0,0.0,0.0,0.0,,,0.0,0.0,0.0,0.0,0.0,,,0.0,0.0,0.0,,0.0,0.0,,0.0,0.0,0.010721533559262753,,0.0,0.0,0.0,0.0,,0.0,0.0,,0.0,0.0,0.0,0.000222572882194072,0.004138255026191473,0.0,0.0,0.0,0.0,0.0,0.0,0.0,0.0,,0.01636638306081295,,0.0,0.013081780634820461,0.00596213573589921,0.0,0.0,0.0,0.00783260352909565,0.013072560541331768,0.0,0.01504174992442131,0.0,,0.0,,0.0,0.007702955510467291,0.0,,0.0,0.0,0.0,0.0064319828525185585,0.0,0.0,0.0,0.0,0.006455377209931612,0.002276746090501547,0.0,,,0.0,0.0,0.0,,,,0.0,0.0,,0.0,,0.0,,0.0,,,0.0,,,,,0.0,,0.0,0.009475049562752247,0.0,,0.0,0.0,0.0006172159337438643,,0.011276694014668465,0.0,,0.0,0.008886725641787052,0.0,,,0.0,,0.01935204491019249,0.0,0.0,,0.0,0.0019069688860327005,,,,0.0,0.0,0.0,0.0,0.0,7.387471123365685e-05,,,,0.007764055393636227,0.0,,0.0,,0.0,0.0,0.0,0.0,,,0.0,0.0,,,0.0,,0.0,,0.0,0.0,0.0,0.0,0.0,0.0,0.0,,0.0,0.010640541091561317,0.0,0.0,0.0,,,0.0,0.0,0.0,0.0,0.004161264281719923,0.0073729087598621845,,,,0.007771022617816925,0.0,0.0,0.0,,,0.008342444896697998,0.0,0.0,,0.0,,,,,0.0,0.013751369901001453,0.0,,0.0,,,0.0,,0.006028351373970509,0.0,0.0,0.0,,0.006963010877370834,0.0,,0.0,0.0,0.0,0.0,0.0,,0.0025301980786025524,0.0,0.0,,0.0,0.0,0.0,0.0,0.0,0.0,0.0,,0.0009805925656110048,0.0,0.0,0.007419695612043142,0.0,0.0,0.0,,0.0,0.0,0.0,0.010489208623766899,0.0,0.0,0.0,0.0,0.0,0.0,0.00028485566144809127,0.0,0.0,0.0,,0.0,0.0,0.0,0.0,0.0,0.0,0.0,0.0,0.0,0.004446286242455244,0.0,0.0,0.0,,0.0,0.006903916597366333,,0.0032303640618920326,0.0,0.0,0.0,0.0,0.0,0.007855664007365704,0.0,0.0,0.0,0.011428353376686573,0.0,0.014265907928347588,0.0,0.0,0.0,0.0,0.0,0.0,0.0,0.0,0.0,0.0,0.0,0.0,0.0071387211792171,0.0,0.0,0.0,0.010663309134542942,0.009583434090018272,0.0,0.00991410668939352,0.0,0.0,0.0,0.019269602373242378,0.0,0.0,0.0,0.0,0.0,0.0,0.0,0.0,0.004451911896467209,0.0,0.0,0.0,0.0,0.0,0.015617968514561653,0.0,0.008543897420167923,0.0,0.0,0.017431413754820824,0.0,0.0,0.0,0.0,0.0,0.011158911511301994,0.0,0.006921166554093361,0.0,0.013884417712688446,0.0,0.0,0.0,0.0,0.0,0.017269155010581017,0.0,0.00583390099927783,0.0,0.0,,,,,,,,,,,,,,,,,,,,,,,,,,,,,,,,,,,,,,,,,,,,,,,,,,,,,,,,,,,,,,,,,,,,,,,,,,,,,,,,,,,,,,,,,,,,,,,,,,,,,,,,,,,,,,,,,,,,,,,,,,,,,,
2020-10-15,774967.4897188937,288.53981722185597,,,,,,,,,,,76494.84123570709,,1039061.7711000025,,,,,,,,,,,,,,,,,,,,,,,,,,,,,,,,,,,,,,,,,,,2641.6305675326403,,,,,,,,,,,,,,,,,,,,,,8704.086908857678,9709.352940624225,3085.5381259255305,7421.891063893989,9720.49293047043,75183.26991750645,23857.16317139623,4798.106589931608,34813.29768959998,,,,,,,,,,,,,,,,,,,,,,,,,,,,,,,,,,,,0.007672586012631655,0.0,0.0,0.01092440728098154,0.0,0.0,0.0,0.0,0.0,0.0,0.0,0.0,0.0,0.0,0.0,0.0,,0.0,,0.0,,0.0,0.0,0.0,0.010507198981940746,0.0,,0.0,0.0,0.010712611488997936,0.0,0.012846814468502998,0.0,,0.0,,,,0.0,0.0,0.0,,0.0,0.0,0.0012285824632272124,0.009027548134326935,0.0,,,0.0,,0.0,0.0,0.0,0.0,0.0,0.0,0.0,0.0,0.006439491640776396,0.015234255231916904,0.0,0.0,0.0,,0.011381476186215878,0.0,0.0,0.0,0.015055594965815544,,0.0005889178719371557,0.0,,0.0,0.0,0.0,0.0,,0.0,0.0,0.0,,0.0,,0.0,0.0,,0.0,,0.0,0.0,0.0030229962430894375,0.01743323914706707,0.0,0.012673601508140564,0.0,0.016194811090826988,0.0,,,0.009300514124333858,0.0,,,,,0.0,0.0,0.0,0.0,0.0,0.0,0.0,0.0,0.0,,0.012146583758294582,0.0019998527131974697,0.0,,0.019029388204216957,0.0,0.0015352413756772876,0.0,0.0,0.0,,0.002669151872396469,,0.014855947345495224,0.0,0.0,0.01175154373049736,,0.0,0.0,,0.0,0.0,0.0,0.0,0.0,0.0001421356719220057,0.0011042432161048055,0.0,0.0,0.0046468619257211685,0.003770541399717331,0.0,0.0012880248250439763,,0.02132318913936615,0.0,0.004850889090448618,0.0,,0.0,0.007785265799611807,0.0,0.0,0.0,0.0,0.0061191171407699585,0.0,0.0,0.0,,0.015078713186085224,0.0,0.0,,,,0.006918592378497124,0.002163069089874625,,0.0,0.0,0.0,0.0,,0.0,,0.0,0.0,0.013318006880581379,0.0,0.0,0.0,,,,0.0,0.01897398941218853,0.0,0.0,0.0,,0.0,0.008289680816233158,0.007186546456068754,0.0,,0.0,0.015495573170483112,0.0,0.0,0.0,,0.002988440217450261,0.0071138362400233746,0.006663523148745298,0.0,,0.0029522741679102182,0.007444577291607857,0.00870683416724205,0.0,0.015951599925756454,0.0,,0.0,0.0,0.0,0.0,0.0,0.0,,0.0,,0.005740217864513397,0.007723913062363863,0.0016765532782301307,0.0,0.0,0.0,0.0,,0.0,0.011521018110215664,0.0028374833054840565,,,0.0,0.0,0.0,0.0,0.0,0.0,0.0,0.0,0.0,,0.0,0.0,0.0014217449352145195,,0.0,0.0,0.0,0.015036061406135559,0.0,0.0,0.0,,,0.0,0.002523822244256735,0.0,0.0,0.0,,0.012212172150611877,,0.010441260412335396,0.0,,0.0,0.0001980172237381339,0.0,0.0,,,0.0,0.009777898900210857,,0.011562291532754898,0.0,,,0.0,0.021612513810396194,0.0,0.0,0.0,0.0,0.0,,,0.0,0.0,0.0,0.0,0.0,,,0.0,0.0,0.0,,0.0,0.0,,0.0,0.0,0.010721533559262753,,0.0,0.0,0.0,0.0,,0.0,0.0,,0.0,0.0,0.0,0.000222572882194072,0.004138255026191473,0.0,0.0,0.0,0.0,0.0,0.0,0.0,0.0,,0.01636638306081295,,0.0,0.013081780634820461,0.00596213573589921,0.0,0.0,0.0,0.00783260352909565,0.013072560541331768,0.0,0.01504174992442131,0.0,,0.0,,0.0,0.007702955510467291,0.0,,0.0,0.0,0.0,0.0064319828525185585,0.0,0.0,0.0,0.0,0.006455377209931612,0.002276746090501547,0.0,,,0.0,0.0,0.0,,,,0.0,0.0,,0.0,,0.0,,0.0,,,0.0,,,,,0.0,,0.0,0.009475049562752247,0.0,,0.0,0.0,0.0006172159337438643,,0.011276694014668465,0.0,,0.0,0.008886725641787052,0.0,,,0.0,,0.01935204491019249,0.0,0.0,,0.0,0.0019069688860327005,,,,0.0,0.0,0.0,0.0,0.0,7.387471123365685e-05,,,,0.007764055393636227,0.0,,0.0,,0.0,0.0,0.0,0.0,,,0.0,0.0,,,0.0,,0.0,,0.0,0.0,0.0,0.0,0.0,0.0,0.0,,0.0,0.010640541091561317,0.0,0.0,0.0,,,0.0,0.0,0.0,0.0,0.004161264281719923,0.0073729087598621845,,,,0.007771022617816925,0.0,0.0,0.0,,,0.008342444896697998,0.0,0.0,,0.0,,,,,0.0,0.013751369901001453,0.0,,0.0,,,0.0,,0.006028351373970509,0.0,0.0,0.0,,0.006963010877370834,0.0,,0.0,0.0,0.0,0.0,0.0,,0.0025301980786025524,0.0,0.0,,0.0,0.0,0.0,0.0,0.0,0.0,0.0,,0.0009805925656110048,0.0,0.0,0.007419695612043142,0.0,0.0,0.0,,0.0,0.0,0.0,0.010489208623766899,0.0,0.0,0.0,0.0,0.0,0.0,0.00028485566144809127,0.0,0.0,0.0,,0.0,0.0,0.0,0.0,0.0,0.0,0.0,0.0,0.0,0.004446286242455244,0.0,0.0,0.0,,0.0,0.006903916597366333,,0.0032303640618920326,0.0,0.0,0.0,0.0,0.0,0.007855664007365704,0.0,0.0,0.0,0.011428353376686573,0.0,0.014265907928347588,0.0,0.0,0.0,0.0,0.0,0.0,0.0,0.0,0.0,0.0,0.0,0.0,0.0071387211792171,0.0,0.0,0.0,0.010663309134542942,0.009583434090018272,0.0,0.00991410668939352,0.0,0.0,0.0,0.019269602373242378,0.0,0.0,0.0,0.0,0.0,0.0,0.0,0.0,0.004451911896467209,0.0,0.0,0.0,0.0,0.0,0.015617968514561653,0.0,0.008543897420167923,0.0,0.0,0.017431413754820824,0.0,0.0,0.0,0.0,0.0,0.011158911511301994,0.0,0.006921166554093361,0.0,0.013884417712688446,0.0,0.0,0.0,0.0,0.0,0.017269155010581017,0.0,0.00583390099927783,0.0,0.0,,,,,,,,,,,,,,,,,,,,,,,,,,,,,,,,,,,,,,,,,,,,,,,,,,,,,,,,,,,,,,,,,,,,,,,,,,,,,,,,,,,,,,,,,,,,,,,,,,,,,,,,,,,,,,,,,,,,,,,,,,,,,,
2020-10-16,764863.7107612813,61.29094151567625,,,,,,,,,,,76494.84123570709,,1039061.7711000025,,,,,,,,,,,,,,,,,,,,,,,,,,,,,,,,,,,,,,,,,,,2641.6305675326403,,,,,,,,,,,,,,,,,,,,,,8704.086908857678,9601.041551061298,3085.5381259255305,7421.891063893989,9720.49293047043,74105.12336564688,23947.19020223169,4933.264127761456,34813.16369882132,,,,,,,,,,,,,,,,,,,,,,,,,,,,,,,,,,,,0.007672586012631655,0.0,0.0,0.01092440728098154,0.0,0.0,0.0,0.0,0.0,0.0,0.0,0.0,0.0,0.0,0.0,0.0,,0.0,,0.0,,0.0,0.0,0.0,0.010507198981940746,0.0,,0.0,0.0,0.010712611488997936,0.0,0.012846814468502998,0.0,,0.0,,,,0.0,0.0,0.0,,0.0,0.0,0.0012285824632272124,0.009027548134326935,0.0,,,0.0,,0.0,0.0,0.0,0.0,0.0,0.0,0.0,0.0,0.006439491640776396,0.015234255231916904,0.0,0.0,0.0,,0.011381476186215878,0.0,0.0,0.0,0.015055594965815544,,0.0005889178719371557,0.0,,0.0,0.0,0.0,0.0,,0.0,0.0,0.0,,0.0,,0.0,0.0,,0.0,,0.0,0.0,0.0030229962430894375,0.01743323914706707,0.0,0.012673601508140564,0.0,0.016194811090826988,0.0,,,0.009300514124333858,0.0,,,,,0.0,0.0,0.0,0.0,0.0,0.0,0.0,0.0,0.0,,0.012146583758294582,0.0019998527131974697,0.0,,0.019029388204216957,0.0,0.0015352413756772876,0.0,0.0,0.0,,0.002669151872396469,,0.014855947345495224,0.0,0.0,0.01175154373049736,,0.0,0.0,,0.0,0.0,0.0,0.0,0.0,0.0001421356719220057,0.0011042432161048055,0.0,0.0,0.0046468619257211685,0.003770541399717331,0.0,0.0012880248250439763,,0.02132318913936615,0.0,0.004850889090448618,0.0,,0.0,0.007785265799611807,0.0,0.0,0.0,0.0,0.0061191171407699585,0.0,0.0,0.0,,0.015078713186085224,0.0,0.0,,,,0.006918592378497124,0.002163069089874625,,0.0,0.0,0.0,0.0,,0.0,,0.0,0.0,0.013318006880581379,0.0,0.0,0.0,,,,0.0,0.01897398941218853,0.0,0.0,0.0,,0.0,0.008289680816233158,0.007186546456068754,0.0,,0.0,0.015495573170483112,0.0,0.0,0.0,,0.002988440217450261,0.0071138362400233746,0.006663523148745298,0.0,,0.0029522741679102182,0.007444577291607857,0.00870683416724205,0.0,0.015951599925756454,0.0,,0.0,0.0,0.0,0.0,0.0,0.0,,0.0,,0.005740217864513397,0.007723913062363863,0.0016765532782301307,0.0,0.0,0.0,0.0,,0.0,0.011521018110215664,0.0028374833054840565,,,0.0,0.0,0.0,0.0,0.0,0.0,0.0,0.0,0.0,,0.0,0.0,0.0014217449352145195,,0.0,0.0,0.0,0.015036061406135559,0.0,0.0,0.0,,,0.0,0.002523822244256735,0.0,0.0,0.0,,0.012212172150611877,,0.010441260412335396,0.0,,0.0,0.0001980172237381339,0.0,0.0,,,0.0,0.009777898900210857,,0.011562291532754898,0.0,,,0.0,0.021612513810396194,0.0,0.0,0.0,0.0,0.0,,,0.0,0.0,0.0,0.0,0.0,,,0.0,0.0,0.0,,0.0,0.0,,0.0,0.0,0.010721533559262753,,0.0,0.0,0.0,0.0,,0.0,0.0,,0.0,0.0,0.0,0.000222572882194072,0.004138255026191473,0.0,0.0,0.0,0.0,0.0,0.0,0.0,0.0,,0.01636638306081295,,0.0,0.013081780634820461,0.00596213573589921,0.0,0.0,0.0,0.00783260352909565,0.013072560541331768,0.0,0.01504174992442131,0.0,,0.0,,0.0,0.007702955510467291,0.0,,0.0,0.0,0.0,0.0064319828525185585,0.0,0.0,0.0,0.0,0.006455377209931612,0.002276746090501547,0.0,,,0.0,0.0,0.0,,,,0.0,0.0,,0.0,,0.0,,0.0,,,0.0,,,,,0.0,,0.0,0.009475049562752247,0.0,,0.0,0.0,0.0006172159337438643,,0.011276694014668465,0.0,,0.0,0.008886725641787052,0.0,,,0.0,,0.01935204491019249,0.0,0.0,,0.0,0.0019069688860327005,,,,0.0,0.0,0.0,0.0,0.0,7.387471123365685e-05,,,,0.007764055393636227,0.0,,0.0,,0.0,0.0,0.0,0.0,,,0.0,0.0,,,0.0,,0.0,,0.0,0.0,0.0,0.0,0.0,0.0,0.0,,0.0,0.010640541091561317,0.0,0.0,0.0,,,0.0,0.0,0.0,0.0,0.004161264281719923,0.0073729087598621845,,,,0.007771022617816925,0.0,0.0,0.0,,,0.008342444896697998,0.0,0.0,,0.0,,,,,0.0,0.013751369901001453,0.0,,0.0,,,0.0,,0.006028351373970509,0.0,0.0,0.0,,0.006963010877370834,0.0,,0.0,0.0,0.0,0.0,0.0,,0.0025301980786025524,0.0,0.0,,0.0,0.0,0.0,0.0,0.0,0.0,0.0,,0.0009805925656110048,0.0,0.0,0.007419695612043142,0.0,0.0,0.0,,0.0,0.0,0.0,0.010489208623766899,0.0,0.0,0.0,0.0,0.0,0.0,0.00028485566144809127,0.0,0.0,0.0,,0.0,0.0,0.0,0.0,0.0,0.0,0.0,0.0,0.0,0.004446286242455244,0.0,0.0,0.0,,0.0,0.006903916597366333,,0.0032303640618920326,0.0,0.0,0.0,0.0,0.0,0.007855664007365704,0.0,0.0,0.0,0.011428353376686573,0.0,0.014265907928347588,0.0,0.0,0.0,0.0,0.0,0.0,0.0,0.0,0.0,0.0,0.0,0.0,0.0071387211792171,0.0,0.0,0.0,0.010663309134542942,0.009583434090018272,0.0,0.00991410668939352,0.0,0.0,0.0,0.019269602373242378,0.0,0.0,0.0,0.0,0.0,0.0,0.0,0.0,0.004451911896467209,0.0,0.0,0.0,0.0,0.0,0.015617968514561653,0.0,0.008543897420167923,0.0,0.0,0.017431413754820824,0.0,0.0,0.0,0.0,0.0,0.011158911511301994,0.0,0.006921166554093361,0.0,0.013884417712688446,0.0,0.0,0.0,0.0,0.0,0.017269155010581017,0.0,0.00583390099927783,0.0,0.0,,,,,,,,,,,,,,,,,,,,,,,,,,,,,,,,,,,,,,,,,,,,,,,,,,,,,,,,,,,,,,,,,,,,,,,,,,,,,,,,,,,,,,,,,,,,,,,,,,,,,,,,,,,,,,,,,,,,,,,,,,,,,,
2020-10-19,760489.9089241553,597.7252338593491,,,,,,,,,,,76494.84123570709,,1039061.7711000025,,,,,,,,,,,,,,,,,,,,,,,,,,,,,,,,,,,,,,,,,,,2641.6305675326403,,,,,,,,,,,,,,,,,,,,,,8704.086908857678,9492.999872688952,3085.5381259255305,7421.891063893989,9720.49293047043,74638.2537495724,23586.456844746863,5000.843577202874,34814.305566340096,,,,,,,,,,,,,,,,,,,,,,,,,,,,,,,,,,,,0.007672586012631655,0.0,0.0,0.01092440728098154,0.0,0.0,0.0,0.0,0.0,0.0,0.0,0.0,0.0,0.0,0.0,0.0,,0.0,,0.0,,0.0,0.0,0.0,0.010507198981940746,0.0,,0.0,0.0,0.010712611488997936,0.0,0.012846814468502998,0.0,,0.0,,,,0.0,0.0,0.0,,0.0,0.0,0.0012285824632272124,0.009027548134326935,0.0,,,0.0,,0.0,0.0,0.0,0.0,0.0,0.0,0.0,0.0,0.006439491640776396,0.015234255231916904,0.0,0.0,0.0,,0.011381476186215878,0.0,0.0,0.0,0.015055594965815544,,0.0005889178719371557,0.0,,0.0,0.0,0.0,0.0,,0.0,0.0,0.0,,0.0,,0.0,0.0,,0.0,,0.0,0.0,0.0030229962430894375,0.01743323914706707,0.0,0.012673601508140564,0.0,0.016194811090826988,0.0,,,0.009300514124333858,0.0,,,,,0.0,0.0,0.0,0.0,0.0,0.0,0.0,0.0,0.0,,0.012146583758294582,0.0019998527131974697,0.0,,0.019029388204216957,0.0,0.0015352413756772876,0.0,0.0,0.0,,0.002669151872396469,,0.014855947345495224,0.0,0.0,0.01175154373049736,,0.0,0.0,,0.0,0.0,0.0,0.0,0.0,0.0001421356719220057,0.0011042432161048055,0.0,0.0,0.0046468619257211685,0.003770541399717331,0.0,0.0012880248250439763,,0.02132318913936615,0.0,0.004850889090448618,0.0,,0.0,0.007785265799611807,0.0,0.0,0.0,0.0,0.0061191171407699585,0.0,0.0,0.0,,0.015078713186085224,0.0,0.0,,,,0.006918592378497124,0.002163069089874625,,0.0,0.0,0.0,0.0,,0.0,,0.0,0.0,0.013318006880581379,0.0,0.0,0.0,,,,0.0,0.01897398941218853,0.0,0.0,0.0,,0.0,0.008289680816233158,0.007186546456068754,0.0,,0.0,0.015495573170483112,0.0,0.0,0.0,,0.002988440217450261,0.0071138362400233746,0.006663523148745298,0.0,,0.0029522741679102182,0.007444577291607857,0.00870683416724205,0.0,0.015951599925756454,0.0,,0.0,0.0,0.0,0.0,0.0,0.0,,0.0,,0.005740217864513397,0.007723913062363863,0.0016765532782301307,0.0,0.0,0.0,0.0,,0.0,0.011521018110215664,0.0028374833054840565,,,0.0,0.0,0.0,0.0,0.0,0.0,0.0,0.0,0.0,,0.0,0.0,0.0014217449352145195,,0.0,0.0,0.0,0.015036061406135559,0.0,0.0,0.0,,,0.0,0.002523822244256735,0.0,0.0,0.0,,0.012212172150611877,,0.010441260412335396,0.0,,0.0,0.0001980172237381339,0.0,0.0,,,0.0,0.009777898900210857,,0.011562291532754898,0.0,,,0.0,0.021612513810396194,0.0,0.0,0.0,0.0,0.0,,,0.0,0.0,0.0,0.0,0.0,,,0.0,0.0,0.0,,0.0,0.0,,0.0,0.0,0.010721533559262753,,0.0,0.0,0.0,0.0,,0.0,0.0,,0.0,0.0,0.0,0.000222572882194072,0.004138255026191473,0.0,0.0,0.0,0.0,0.0,0.0,0.0,0.0,,0.01636638306081295,,0.0,0.013081780634820461,0.00596213573589921,0.0,0.0,0.0,0.00783260352909565,0.013072560541331768,0.0,0.01504174992442131,0.0,,0.0,,0.0,0.007702955510467291,0.0,,0.0,0.0,0.0,0.0064319828525185585,0.0,0.0,0.0,0.0,0.006455377209931612,0.002276746090501547,0.0,,,0.0,0.0,0.0,,,,0.0,0.0,,0.0,,0.0,,0.0,,,0.0,,,,,0.0,,0.0,0.009475049562752247,0.0,,0.0,0.0,0.0006172159337438643,,0.011276694014668465,0.0,,0.0,0.008886725641787052,0.0,,,0.0,,0.01935204491019249,0.0,0.0,,0.0,0.0019069688860327005,,,,0.0,0.0,0.0,0.0,0.0,7.387471123365685e-05,,,,0.007764055393636227,0.0,,0.0,,0.0,0.0,0.0,0.0,,,0.0,0.0,,,0.0,,0.0,,0.0,0.0,0.0,0.0,0.0,0.0,0.0,,0.0,0.010640541091561317,0.0,0.0,0.0,,,0.0,0.0,0.0,0.0,0.004161264281719923,0.0073729087598621845,,,,0.007771022617816925,0.0,0.0,0.0,,,0.008342444896697998,0.0,0.0,,0.0,,,,,0.0,0.013751369901001453,0.0,,0.0,,,0.0,,0.006028351373970509,0.0,0.0,0.0,,0.006963010877370834,0.0,,0.0,0.0,0.0,0.0,0.0,,0.0025301980786025524,0.0,0.0,,0.0,0.0,0.0,0.0,0.0,0.0,0.0,,0.0009805925656110048,0.0,0.0,0.007419695612043142,0.0,0.0,0.0,,0.0,0.0,0.0,0.010489208623766899,0.0,0.0,0.0,0.0,0.0,0.0,0.00028485566144809127,0.0,0.0,0.0,,0.0,0.0,0.0,0.0,0.0,0.0,0.0,0.0,0.0,0.004446286242455244,0.0,0.0,0.0,,0.0,0.006903916597366333,,0.0032303640618920326,0.0,0.0,0.0,0.0,0.0,0.007855664007365704,0.0,0.0,0.0,0.011428353376686573,0.0,0.014265907928347588,0.0,0.0,0.0,0.0,0.0,0.0,0.0,0.0,0.0,0.0,0.0,0.0,0.0071387211792171,0.0,0.0,0.0,0.010663309134542942,0.009583434090018272,0.0,0.00991410668939352,0.0,0.0,0.0,0.019269602373242378,0.0,0.0,0.0,0.0,0.0,0.0,0.0,0.0,0.004451911896467209,0.0,0.0,0.0,0.0,0.0,0.015617968514561653,0.0,0.008543897420167923,0.0,0.0,0.017431413754820824,0.0,0.0,0.0,0.0,0.0,0.011158911511301994,0.0,0.006921166554093361,0.0,0.013884417712688446,0.0,0.0,0.0,0.0,0.0,0.017269155010581017,0.0,0.00583390099927783,0.0,0.0,,,,,,,,,,,,,,,,,,,,,,,,,,,,,,,,,,,,,,,,,,,,,,,,,,,,,,,,,,,,,,,,,,,,,,,,,,,,,,,,,,,,,,,,,,,,,,,,,,,,,,,,,,,,,,,,,,,,,,,,,,,,,,
2020-10-20,763658.0410747642,272.66420824116364,,,,,,,,,,,76494.84123570709,,1039061.7711000025,,,,,,,,,,,,,,,,,,,,,,,,,,,,,,,,,,,,,,,,,,,2641.6305675326403,,,,,,,,,,,,,,,,,,,,,,8704.086908857678,9493.45829451927,3085.5381259255305,7421.891063893989,9720.49293047043,75171.3448325576,23226.97395554803,5068.422846983966,34815.75922545544,,,,,,,,,,,,,,,,,,,,,,,,,,,,,,,,,,,,0.007672586012631655,0.0,0.0,0.01092440728098154,0.0,0.0,0.0,0.0,0.0,0.0,0.0,0.0,0.0,0.0,0.0,0.0,,0.0,,0.0,,0.0,0.0,0.0,0.010507198981940746,0.0,,0.0,0.0,0.010712611488997936,0.0,0.012846814468502998,0.0,,0.0,,,,0.0,0.0,0.0,,0.0,0.0,0.0012285824632272124,0.009027548134326935,0.0,,,0.0,,0.0,0.0,0.0,0.0,0.0,0.0,0.0,0.0,0.006439491640776396,0.015234255231916904,0.0,0.0,0.0,,0.011381476186215878,0.0,0.0,0.0,0.015055594965815544,,0.0005889178719371557,0.0,,0.0,0.0,0.0,0.0,,0.0,0.0,0.0,,0.0,,0.0,0.0,,0.0,,0.0,0.0,0.0030229962430894375,0.01743323914706707,0.0,0.012673601508140564,0.0,0.016194811090826988,0.0,,,0.009300514124333858,0.0,,,,,0.0,0.0,0.0,0.0,0.0,0.0,0.0,0.0,0.0,,0.012146583758294582,0.0019998527131974697,0.0,,0.019029388204216957,0.0,0.0015352413756772876,0.0,0.0,0.0,,0.002669151872396469,,0.014855947345495224,0.0,0.0,0.01175154373049736,,0.0,0.0,,0.0,0.0,0.0,0.0,0.0,0.0001421356719220057,0.0011042432161048055,0.0,0.0,0.0046468619257211685,0.003770541399717331,0.0,0.0012880248250439763,,0.02132318913936615,0.0,0.004850889090448618,0.0,,0.0,0.007785265799611807,0.0,0.0,0.0,0.0,0.0061191171407699585,0.0,0.0,0.0,,0.015078713186085224,0.0,0.0,,,,0.006918592378497124,0.002163069089874625,,0.0,0.0,0.0,0.0,,0.0,,0.0,0.0,0.013318006880581379,0.0,0.0,0.0,,,,0.0,0.01897398941218853,0.0,0.0,0.0,,0.0,0.008289680816233158,0.007186546456068754,0.0,,0.0,0.015495573170483112,0.0,0.0,0.0,,0.002988440217450261,0.0071138362400233746,0.006663523148745298,0.0,,0.0029522741679102182,0.007444577291607857,0.00870683416724205,0.0,0.015951599925756454,0.0,,0.0,0.0,0.0,0.0,0.0,0.0,,0.0,,0.005740217864513397,0.007723913062363863,0.0016765532782301307,0.0,0.0,0.0,0.0,,0.0,0.011521018110215664,0.0028374833054840565,,,0.0,0.0,0.0,0.0,0.0,0.0,0.0,0.0,0.0,,0.0,0.0,0.0014217449352145195,,0.0,0.0,0.0,0.015036061406135559,0.0,0.0,0.0,,,0.0,0.002523822244256735,0.0,0.0,0.0,,0.012212172150611877,,0.010441260412335396,0.0,,0.0,0.0001980172237381339,0.0,0.0,,,0.0,0.009777898900210857,,0.011562291532754898,0.0,,,0.0,0.021612513810396194,0.0,0.0,0.0,0.0,0.0,,,0.0,0.0,0.0,0.0,0.0,,,0.0,0.0,0.0,,0.0,0.0,,0.0,0.0,0.010721533559262753,,0.0,0.0,0.0,0.0,,0.0,0.0,,0.0,0.0,0.0,0.000222572882194072,0.004138255026191473,0.0,0.0,0.0,0.0,0.0,0.0,0.0,0.0,,0.01636638306081295,,0.0,0.013081780634820461,0.00596213573589921,0.0,0.0,0.0,0.00783260352909565,0.013072560541331768,0.0,0.01504174992442131,0.0,,0.0,,0.0,0.007702955510467291,0.0,,0.0,0.0,0.0,0.0064319828525185585,0.0,0.0,0.0,0.0,0.006455377209931612,0.002276746090501547,0.0,,,0.0,0.0,0.0,,,,0.0,0.0,,0.0,,0.0,,0.0,,,0.0,,,,,0.0,,0.0,0.009475049562752247,0.0,,0.0,0.0,0.0006172159337438643,,0.011276694014668465,0.0,,0.0,0.008886725641787052,0.0,,,0.0,,0.01935204491019249,0.0,0.0,,0.0,0.0019069688860327005,,,,0.0,0.0,0.0,0.0,0.0,7.387471123365685e-05,,,,0.007764055393636227,0.0,,0.0,,0.0,0.0,0.0,0.0,,,0.0,0.0,,,0.0,,0.0,,0.0,0.0,0.0,0.0,0.0,0.0,0.0,,0.0,0.010640541091561317,0.0,0.0,0.0,,,0.0,0.0,0.0,0.0,0.004161264281719923,0.0073729087598621845,,,,0.007771022617816925,0.0,0.0,0.0,,,0.008342444896697998,0.0,0.0,,0.0,,,,,0.0,0.013751369901001453,0.0,,0.0,,,0.0,,0.006028351373970509,0.0,0.0,0.0,,0.006963010877370834,0.0,,0.0,0.0,0.0,0.0,0.0,,0.0025301980786025524,0.0,0.0,,0.0,0.0,0.0,0.0,0.0,0.0,0.0,,0.0009805925656110048,0.0,0.0,0.007419695612043142,0.0,0.0,0.0,,0.0,0.0,0.0,0.010489208623766899,0.0,0.0,0.0,0.0,0.0,0.0,0.00028485566144809127,0.0,0.0,0.0,,0.0,0.0,0.0,0.0,0.0,0.0,0.0,0.0,0.0,0.004446286242455244,0.0,0.0,0.0,,0.0,0.006903916597366333,,0.0032303640618920326,0.0,0.0,0.0,0.0,0.0,0.007855664007365704,0.0,0.0,0.0,0.011428353376686573,0.0,0.014265907928347588,0.0,0.0,0.0,0.0,0.0,0.0,0.0,0.0,0.0,0.0,0.0,0.0,0.0071387211792171,0.0,0.0,0.0,0.010663309134542942,0.009583434090018272,0.0,0.00991410668939352,0.0,0.0,0.0,0.019269602373242378,0.0,0.0,0.0,0.0,0.0,0.0,0.0,0.0,0.004451911896467209,0.0,0.0,0.0,0.0,0.0,0.015617968514561653,0.0,0.008543897420167923,0.0,0.0,0.017431413754820824,0.0,0.0,0.0,0.0,0.0,0.011158911511301994,0.0,0.006921166554093361,0.0,0.013884417712688446,0.0,0.0,0.0,0.0,0.0,0.017269155010581017,0.0,0.00583390099927783,0.0,0.0,,,,,,,,,,,,,,,,,,,,,,,,,,,,,,,,,,,,,,,,,,,,,,,,,,,,,,,,,,,,,,,,,,,,,,,,,,,,,,,,,,,,,,,,,,,,,,,,,,,,,,,,,,,,,,,,,,,,,,,,,,,,,,
2020-10-21,758246.77291472,272.06926172910136,,,,,,,,,,,76494.84123570709,,1039061.7711000025,,,,,,,,,,,,,,,,,,,,,,,,,,,,,,,,,,,,,,,,,,,2641.6305675326403,,,,,,,,,,,,,,,,,,,,,,8704.086908857678,9493.328271579552,3085.5381259255305,7421.891063893989,9720.49293047043,75171.3448325576,23226.97395554803,5068.422846983966,34816.502124177125,,,,,,,,,,,,,,,,,,,,,,,,,,,,,,,,,,,,0.007672586012631655,0.0,0.0,0.01092440728098154,0.0,0.0,0.0,0.0,0.0,0.0,0.0,0.0,0.0,0.0,0.0,0.0,,0.0,,0.0,,0.0,0.0,0.0,0.010507198981940746,0.0,,0.0,0.0,0.010712611488997936,0.0,0.012846814468502998,0.0,,0.0,,,,0.0,0.0,0.0,,0.0,0.0,0.0012285824632272124,0.009027548134326935,0.0,,,0.0,,0.0,0.0,0.0,0.0,0.0,0.0,0.0,0.0,0.006439491640776396,0.015234255231916904,0.0,0.0,0.0,,0.011381476186215878,0.0,0.0,0.0,0.015055594965815544,,0.0005889178719371557,0.0,,0.0,0.0,0.0,0.0,,0.0,0.0,0.0,,0.0,,0.0,0.0,,0.0,,0.0,0.0,0.0030229962430894375,0.01743323914706707,0.0,0.012673601508140564,0.0,0.016194811090826988,0.0,,,0.009300514124333858,0.0,,,,,0.0,0.0,0.0,0.0,0.0,0.0,0.0,0.0,0.0,,0.012146583758294582,0.0019998527131974697,0.0,,0.019029388204216957,0.0,0.0015352413756772876,0.0,0.0,0.0,,0.002669151872396469,,0.014855947345495224,0.0,0.0,0.01175154373049736,,0.0,0.0,,0.0,0.0,0.0,0.0,0.0,0.0001421356719220057,0.0011042432161048055,0.0,0.0,0.0046468619257211685,0.003770541399717331,0.0,0.0012880248250439763,,0.02132318913936615,0.0,0.004850889090448618,0.0,,0.0,0.007785265799611807,0.0,0.0,0.0,0.0,0.0061191171407699585,0.0,0.0,0.0,,0.015078713186085224,0.0,0.0,,,,0.006918592378497124,0.002163069089874625,,0.0,0.0,0.0,0.0,,0.0,,0.0,0.0,0.013318006880581379,0.0,0.0,0.0,,,,0.0,0.01897398941218853,0.0,0.0,0.0,,0.0,0.008289680816233158,0.007186546456068754,0.0,,0.0,0.015495573170483112,0.0,0.0,0.0,,0.002988440217450261,0.0071138362400233746,0.006663523148745298,0.0,,0.0029522741679102182,0.007444577291607857,0.00870683416724205,0.0,0.015951599925756454,0.0,,0.0,0.0,0.0,0.0,0.0,0.0,,0.0,,0.005740217864513397,0.007723913062363863,0.0016765532782301307,0.0,0.0,0.0,0.0,,0.0,0.011521018110215664,0.0028374833054840565,,,0.0,0.0,0.0,0.0,0.0,0.0,0.0,0.0,0.0,,0.0,0.0,0.0014217449352145195,,0.0,0.0,0.0,0.015036061406135559,0.0,0.0,0.0,,,0.0,0.002523822244256735,0.0,0.0,0.0,,0.012212172150611877,,0.010441260412335396,0.0,,0.0,0.0001980172237381339,0.0,0.0,,,0.0,0.009777898900210857,,0.011562291532754898,0.0,,,0.0,0.021612513810396194,0.0,0.0,0.0,0.0,0.0,,,0.0,0.0,0.0,0.0,0.0,,,0.0,0.0,0.0,,0.0,0.0,,0.0,0.0,0.010721533559262753,,0.0,0.0,0.0,0.0,,0.0,0.0,,0.0,0.0,0.0,0.000222572882194072,0.004138255026191473,0.0,0.0,0.0,0.0,0.0,0.0,0.0,0.0,,0.01636638306081295,,0.0,0.013081780634820461,0.00596213573589921,0.0,0.0,0.0,0.00783260352909565,0.013072560541331768,0.0,0.01504174992442131,0.0,,0.0,,0.0,0.007702955510467291,0.0,,0.0,0.0,0.0,0.0064319828525185585,0.0,0.0,0.0,0.0,0.006455377209931612,0.002276746090501547,0.0,,,0.0,0.0,0.0,,,,0.0,0.0,,0.0,,0.0,,0.0,,,0.0,,,,,0.0,,0.0,0.009475049562752247,0.0,,0.0,0.0,0.0006172159337438643,,0.011276694014668465,0.0,,0.0,0.008886725641787052,0.0,,,0.0,,0.01935204491019249,0.0,0.0,,0.0,0.0019069688860327005,,,,0.0,0.0,0.0,0.0,0.0,7.387471123365685e-05,,,,0.007764055393636227,0.0,,0.0,,0.0,0.0,0.0,0.0,,,0.0,0.0,,,0.0,,0.0,,0.0,0.0,0.0,0.0,0.0,0.0,0.0,,0.0,0.010640541091561317,0.0,0.0,0.0,,,0.0,0.0,0.0,0.0,0.004161264281719923,0.0073729087598621845,,,,0.007771022617816925,0.0,0.0,0.0,,,0.008342444896697998,0.0,0.0,,0.0,,,,,0.0,0.013751369901001453,0.0,,0.0,,,0.0,,0.006028351373970509,0.0,0.0,0.0,,0.006963010877370834,0.0,,0.0,0.0,0.0,0.0,0.0,,0.0025301980786025524,0.0,0.0,,0.0,0.0,0.0,0.0,0.0,0.0,0.0,,0.0009805925656110048,0.0,0.0,0.007419695612043142,0.0,0.0,0.0,,0.0,0.0,0.0,0.010489208623766899,0.0,0.0,0.0,0.0,0.0,0.0,0.00028485566144809127,0.0,0.0,0.0,,0.0,0.0,0.0,0.0,0.0,0.0,0.0,0.0,0.0,0.004446286242455244,0.0,0.0,0.0,,0.0,0.006903916597366333,,0.0032303640618920326,0.0,0.0,0.0,0.0,0.0,0.007855664007365704,0.0,0.0,0.0,0.011428353376686573,0.0,0.014265907928347588,0.0,0.0,0.0,0.0,0.0,0.0,0.0,0.0,0.0,0.0,0.0,0.0,0.0071387211792171,0.0,0.0,0.0,0.010663309134542942,0.009583434090018272,0.0,0.00991410668939352,0.0,0.0,0.0,0.019269602373242378,0.0,0.0,0.0,0.0,0.0,0.0,0.0,0.0,0.004451911896467209,0.0,0.0,0.0,0.0,0.0,0.015617968514561653,0.0,0.008543897420167923,0.0,0.0,0.017431413754820824,0.0,0.0,0.0,0.0,0.0,0.011158911511301994,0.0,0.006921166554093361,0.0,0.013884417712688446,0.0,0.0,0.0,0.0,0.0,0.017269155010581017,0.0,0.00583390099927783,0.0,0.0,,,,,,,,,,,,,,,,,,,,,,,,,,,,,,,,,,,,,,,,,,,,,,,,,,,,,,,,,,,,,,,,,,,,,,,,,,,,,,,,,,,,,,,,,,,,,,,,,,,,,,,,,,,,,,,,,,,,,,,,,,,,,,
2020-10-22,757528.426917264,487.9544735130336,,,,,,,,,,,76494.84123570709,,1039061.7711000025,,,,,,,,,,,,,,,,,,,,,,,,,,,,,,,,,,,,,,,,,,,2641.6305675326403,,,,,,,,,,,,,,,,,,,,,,8704.086908857678,9493.19886261268,3085.5381259255305,7421.891063893989,9720.49293047043,70905.5299214814,23402.728167518977,5338.7379226436615,34813.568587150905,,,,,,,,,,,,,,,,,,,,,,,,,,,,,,,,,,,,0.007672586012631655,0.0,0.0,0.01092440728098154,0.0,0.0,0.0,0.0,0.0,0.0,0.0,0.0,0.0,0.0,0.0,0.0,,0.0,,0.0,,0.0,0.0,0.0,0.010507198981940746,0.0,,0.0,0.0,0.010712611488997936,0.0,0.012846814468502998,0.0,,0.0,,,,0.0,0.0,0.0,,0.0,0.0,0.0012285824632272124,0.009027548134326935,0.0,,,0.0,,0.0,0.0,0.0,0.0,0.0,0.0,0.0,0.0,0.006439491640776396,0.015234255231916904,0.0,0.0,0.0,,0.011381476186215878,0.0,0.0,0.0,0.015055594965815544,,0.0005889178719371557,0.0,,0.0,0.0,0.0,0.0,,0.0,0.0,0.0,,0.0,,0.0,0.0,,0.0,,0.0,0.0,0.0030229962430894375,0.01743323914706707,0.0,0.012673601508140564,0.0,0.016194811090826988,0.0,,,0.009300514124333858,0.0,,,,,0.0,0.0,0.0,0.0,0.0,0.0,0.0,0.0,0.0,,0.012146583758294582,0.0019998527131974697,0.0,,0.019029388204216957,0.0,0.0015352413756772876,0.0,0.0,0.0,,0.002669151872396469,,0.014855947345495224,0.0,0.0,0.01175154373049736,,0.0,0.0,,0.0,0.0,0.0,0.0,0.0,0.0001421356719220057,0.0011042432161048055,0.0,0.0,0.0046468619257211685,0.003770541399717331,0.0,0.0012880248250439763,,0.02132318913936615,0.0,0.004850889090448618,0.0,,0.0,0.007785265799611807,0.0,0.0,0.0,0.0,0.0061191171407699585,0.0,0.0,0.0,,0.015078713186085224,0.0,0.0,,,,0.006918592378497124,0.002163069089874625,,0.0,0.0,0.0,0.0,,0.0,,0.0,0.0,0.013318006880581379,0.0,0.0,0.0,,,,0.0,0.01897398941218853,0.0,0.0,0.0,,0.0,0.008289680816233158,0.007186546456068754,0.0,,0.0,0.015495573170483112,0.0,0.0,0.0,,0.002988440217450261,0.0071138362400233746,0.006663523148745298,0.0,,0.0029522741679102182,0.007444577291607857,0.00870683416724205,0.0,0.015951599925756454,0.0,,0.0,0.0,0.0,0.0,0.0,0.0,,0.0,,0.005740217864513397,0.007723913062363863,0.0016765532782301307,0.0,0.0,0.0,0.0,,0.0,0.011521018110215664,0.0028374833054840565,,,0.0,0.0,0.0,0.0,0.0,0.0,0.0,0.0,0.0,,0.0,0.0,0.0014217449352145195,,0.0,0.0,0.0,0.015036061406135559,0.0,0.0,0.0,,,0.0,0.002523822244256735,0.0,0.0,0.0,,0.012212172150611877,,0.010441260412335396,0.0,,0.0,0.0001980172237381339,0.0,0.0,,,0.0,0.009777898900210857,,0.011562291532754898,0.0,,,0.0,0.021612513810396194,0.0,0.0,0.0,0.0,0.0,,,0.0,0.0,0.0,0.0,0.0,,,0.0,0.0,0.0,,0.0,0.0,,0.0,0.0,0.010721533559262753,,0.0,0.0,0.0,0.0,,0.0,0.0,,0.0,0.0,0.0,0.000222572882194072,0.004138255026191473,0.0,0.0,0.0,0.0,0.0,0.0,0.0,0.0,,0.01636638306081295,,0.0,0.013081780634820461,0.00596213573589921,0.0,0.0,0.0,0.00783260352909565,0.013072560541331768,0.0,0.01504174992442131,0.0,,0.0,,0.0,0.007702955510467291,0.0,,0.0,0.0,0.0,0.0064319828525185585,0.0,0.0,0.0,0.0,0.006455377209931612,0.002276746090501547,0.0,,,0.0,0.0,0.0,,,,0.0,0.0,,0.0,,0.0,,0.0,,,0.0,,,,,0.0,,0.0,0.009475049562752247,0.0,,0.0,0.0,0.0006172159337438643,,0.011276694014668465,0.0,,0.0,0.008886725641787052,0.0,,,0.0,,0.01935204491019249,0.0,0.0,,0.0,0.0019069688860327005,,,,0.0,0.0,0.0,0.0,0.0,7.387471123365685e-05,,,,0.007764055393636227,0.0,,0.0,,0.0,0.0,0.0,0.0,,,0.0,0.0,,,0.0,,0.0,,0.0,0.0,0.0,0.0,0.0,0.0,0.0,,0.0,0.010640541091561317,0.0,0.0,0.0,,,0.0,0.0,0.0,0.0,0.004161264281719923,0.0073729087598621845,,,,0.007771022617816925,0.0,0.0,0.0,,,0.008342444896697998,0.0,0.0,,0.0,,,,,0.0,0.013751369901001453,0.0,,0.0,,,0.0,,0.006028351373970509,0.0,0.0,0.0,,0.006963010877370834,0.0,,0.0,0.0,0.0,0.0,0.0,,0.0025301980786025524,0.0,0.0,,0.0,0.0,0.0,0.0,0.0,0.0,0.0,,0.0009805925656110048,0.0,0.0,0.007419695612043142,0.0,0.0,0.0,,0.0,0.0,0.0,0.010489208623766899,0.0,0.0,0.0,0.0,0.0,0.0,0.00028485566144809127,0.0,0.0,0.0,,0.0,0.0,0.0,0.0,0.0,0.0,0.0,0.0,0.0,0.004446286242455244,0.0,0.0,0.0,,0.0,0.006903916597366333,,0.0032303640618920326,0.0,0.0,0.0,0.0,0.0,0.007855664007365704,0.0,0.0,0.0,0.011428353376686573,0.0,0.014265907928347588,0.0,0.0,0.0,0.0,0.0,0.0,0.0,0.0,0.0,0.0,0.0,0.0,0.0071387211792171,0.0,0.0,0.0,0.010663309134542942,0.009583434090018272,0.0,0.00991410668939352,0.0,0.0,0.0,0.019269602373242378,0.0,0.0,0.0,0.0,0.0,0.0,0.0,0.0,0.004451911896467209,0.0,0.0,0.0,0.0,0.0,0.015617968514561653,0.0,0.008543897420167923,0.0,0.0,0.017431413754820824,0.0,0.0,0.0,0.0,0.0,0.011158911511301994,0.0,0.006921166554093361,0.0,0.013884417712688446,0.0,0.0,0.0,0.0,0.0,0.017269155010581017,0.0,0.00583390099927783,0.0,0.0,,,,,,,,,,,,,,,,,,,,,,,,,,,,,,,,,,,,,,,,,,,,,,,,,,,,,,,,,,,,,,,,,,,,,,,,,,,,,,,,,,,,,,,,,,,,,,,,,,,,,,,,,,,,,,,,,,,,,,,,,,,,,,
2020-10-23,750988.5424609637,225.31658434562218,,,,,,,,,,,76494.84123570709,,1039061.7711000025,,,,,,,,,,,,,,,,,,,,,,,,,,,,,,,,,,,,,,,,,,,2641.6305675326403,,,,,,,,,,,,,,,,,,,,,,8704.086908857678,9385.415745829887,3085.5381259255305,7421.891063893989,9720.49293047043,71974.38579403673,23402.728167518977,5338.719303573888,34815.66600118804,,,,,,,,,,,,,,,,,,,,,,,,,,,,,,,,,,,,0.007672586012631655,0.0,0.0,0.01092440728098154,0.0,0.0,0.0,0.0,0.0,0.0,0.0,0.0,0.0,0.0,0.0,0.0,,0.0,,0.0,,0.0,0.0,0.0,0.010507198981940746,0.0,,0.0,0.0,0.010712611488997936,0.0,0.012846814468502998,0.0,,0.0,,,,0.0,0.0,0.0,,0.0,0.0,0.0012285824632272124,0.009027548134326935,0.0,,,0.0,,0.0,0.0,0.0,0.0,0.0,0.0,0.0,0.0,0.006439491640776396,0.015234255231916904,0.0,0.0,0.0,,0.011381476186215878,0.0,0.0,0.0,0.015055594965815544,,0.0005889178719371557,0.0,,0.0,0.0,0.0,0.0,,0.0,0.0,0.0,,0.0,,0.0,0.0,,0.0,,0.0,0.0,0.0030229962430894375,0.01743323914706707,0.0,0.012673601508140564,0.0,0.016194811090826988,0.0,,,0.009300514124333858,0.0,,,,,0.0,0.0,0.0,0.0,0.0,0.0,0.0,0.0,0.0,,0.012146583758294582,0.0019998527131974697,0.0,,0.019029388204216957,0.0,0.0015352413756772876,0.0,0.0,0.0,,0.002669151872396469,,0.014855947345495224,0.0,0.0,0.01175154373049736,,0.0,0.0,,0.0,0.0,0.0,0.0,0.0,0.0001421356719220057,0.0011042432161048055,0.0,0.0,0.0046468619257211685,0.003770541399717331,0.0,0.0012880248250439763,,0.02132318913936615,0.0,0.004850889090448618,0.0,,0.0,0.007785265799611807,0.0,0.0,0.0,0.0,0.0061191171407699585,0.0,0.0,0.0,,0.015078713186085224,0.0,0.0,,,,0.006918592378497124,0.002163069089874625,,0.0,0.0,0.0,0.0,,0.0,,0.0,0.0,0.013318006880581379,0.0,0.0,0.0,,,,0.0,0.01897398941218853,0.0,0.0,0.0,,0.0,0.008289680816233158,0.007186546456068754,0.0,,0.0,0.015495573170483112,0.0,0.0,0.0,,0.002988440217450261,0.0071138362400233746,0.006663523148745298,0.0,,0.0029522741679102182,0.007444577291607857,0.00870683416724205,0.0,0.015951599925756454,0.0,,0.0,0.0,0.0,0.0,0.0,0.0,,0.0,,0.005740217864513397,0.007723913062363863,0.0016765532782301307,0.0,0.0,0.0,0.0,,0.0,0.011521018110215664,0.0028374833054840565,,,0.0,0.0,0.0,0.0,0.0,0.0,0.0,0.0,0.0,,0.0,0.0,0.0014217449352145195,,0.0,0.0,0.0,0.015036061406135559,0.0,0.0,0.0,,,0.0,0.002523822244256735,0.0,0.0,0.0,,0.012212172150611877,,0.010441260412335396,0.0,,0.0,0.0001980172237381339,0.0,0.0,,,0.0,0.009777898900210857,,0.011562291532754898,0.0,,,0.0,0.021612513810396194,0.0,0.0,0.0,0.0,0.0,,,0.0,0.0,0.0,0.0,0.0,,,0.0,0.0,0.0,,0.0,0.0,,0.0,0.0,0.010721533559262753,,0.0,0.0,0.0,0.0,,0.0,0.0,,0.0,0.0,0.0,0.000222572882194072,0.004138255026191473,0.0,0.0,0.0,0.0,0.0,0.0,0.0,0.0,,0.01636638306081295,,0.0,0.013081780634820461,0.00596213573589921,0.0,0.0,0.0,0.00783260352909565,0.013072560541331768,0.0,0.01504174992442131,0.0,,0.0,,0.0,0.007702955510467291,0.0,,0.0,0.0,0.0,0.0064319828525185585,0.0,0.0,0.0,0.0,0.006455377209931612,0.002276746090501547,0.0,,,0.0,0.0,0.0,,,,0.0,0.0,,0.0,,0.0,,0.0,,,0.0,,,,,0.0,,0.0,0.009475049562752247,0.0,,0.0,0.0,0.0006172159337438643,,0.011276694014668465,0.0,,0.0,0.008886725641787052,0.0,,,0.0,,0.01935204491019249,0.0,0.0,,0.0,0.0019069688860327005,,,,0.0,0.0,0.0,0.0,0.0,7.387471123365685e-05,,,,0.007764055393636227,0.0,,0.0,,0.0,0.0,0.0,0.0,,,0.0,0.0,,,0.0,,0.0,,0.0,0.0,0.0,0.0,0.0,0.0,0.0,,0.0,0.010640541091561317,0.0,0.0,0.0,,,0.0,0.0,0.0,0.0,0.004161264281719923,0.0073729087598621845,,,,0.007771022617816925,0.0,0.0,0.0,,,0.008342444896697998,0.0,0.0,,0.0,,,,,0.0,0.013751369901001453,0.0,,0.0,,,0.0,,0.006028351373970509,0.0,0.0,0.0,,0.006963010877370834,0.0,,0.0,0.0,0.0,0.0,0.0,,0.0025301980786025524,0.0,0.0,,0.0,0.0,0.0,0.0,0.0,0.0,0.0,,0.0009805925656110048,0.0,0.0,0.007419695612043142,0.0,0.0,0.0,,0.0,0.0,0.0,0.010489208623766899,0.0,0.0,0.0,0.0,0.0,0.0,0.00028485566144809127,0.0,0.0,0.0,,0.0,0.0,0.0,0.0,0.0,0.0,0.0,0.0,0.0,0.004446286242455244,0.0,0.0,0.0,,0.0,0.006903916597366333,,0.0032303640618920326,0.0,0.0,0.0,0.0,0.0,0.007855664007365704,0.0,0.0,0.0,0.011428353376686573,0.0,0.014265907928347588,0.0,0.0,0.0,0.0,0.0,0.0,0.0,0.0,0.0,0.0,0.0,0.0,0.0071387211792171,0.0,0.0,0.0,0.010663309134542942,0.009583434090018272,0.0,0.00991410668939352,0.0,0.0,0.0,0.019269602373242378,0.0,0.0,0.0,0.0,0.0,0.0,0.0,0.0,0.004451911896467209,0.0,0.0,0.0,0.0,0.0,0.015617968514561653,0.0,0.008543897420167923,0.0,0.0,0.017431413754820824,0.0,0.0,0.0,0.0,0.0,0.011158911511301994,0.0,0.006921166554093361,0.0,0.013884417712688446,0.0,0.0,0.0,0.0,0.0,0.017269155010581017,0.0,0.00583390099927783,0.0,0.0,,,,,,,,,,,,,,,,,,,,,,,,,,,,,,,,,,,,,,,,,,,,,,,,,,,,,,,,,,,,,,,,,,,,,,,,,,,,,,,,,,,,,,,,,,,,,,,,,,,,,,,,,,,,,,,,,,,,,,,,,,,,,,
2020-10-26,752117.7988646537,229.49099099916063,,,,,,,,,,,76494.84123570709,,1039061.7711000025,,,,,,,,,,,,,,,,,,,,,,,,,,,,,,,,,,,,,,,,,,,2641.6305675326403,,,,,,,,,,,,,,,,,,,,,,8704.086908857678,9385.182805649354,3085.5381259255305,7421.891063893989,9720.49293047043,71974.38579403673,23402.11546709045,5338.773925290843,34815.1387108235,,,,,,,,,,,,,,,,,,,,,,,,,,,,,,,,,,,,0.007672586012631655,0.0,0.0,0.01092440728098154,0.0,0.0,0.0,0.0,0.0,0.0,0.0,0.0,0.0,0.0,0.0,0.0,,0.0,,0.0,,0.0,0.0,0.0,0.010507198981940746,0.0,,0.0,0.0,0.010712611488997936,0.0,0.012846814468502998,0.0,,0.0,,,,0.0,0.0,0.0,,0.0,0.0,0.0012285824632272124,0.009027548134326935,0.0,,,0.0,,0.0,0.0,0.0,0.0,0.0,0.0,0.0,0.0,0.006439491640776396,0.015234255231916904,0.0,0.0,0.0,,0.011381476186215878,0.0,0.0,0.0,0.015055594965815544,,0.0005889178719371557,0.0,,0.0,0.0,0.0,0.0,,0.0,0.0,0.0,,0.0,,0.0,0.0,,0.0,,0.0,0.0,0.0030229962430894375,0.01743323914706707,0.0,0.012673601508140564,0.0,0.016194811090826988,0.0,,,0.009300514124333858,0.0,,,,,0.0,0.0,0.0,0.0,0.0,0.0,0.0,0.0,0.0,,0.012146583758294582,0.0019998527131974697,0.0,,0.019029388204216957,0.0,0.0015352413756772876,0.0,0.0,0.0,,0.002669151872396469,,0.014855947345495224,0.0,0.0,0.01175154373049736,,0.0,0.0,,0.0,0.0,0.0,0.0,0.0,0.0001421356719220057,0.0011042432161048055,0.0,0.0,0.0046468619257211685,0.003770541399717331,0.0,0.0012880248250439763,,0.02132318913936615,0.0,0.004850889090448618,0.0,,0.0,0.007785265799611807,0.0,0.0,0.0,0.0,0.0061191171407699585,0.0,0.0,0.0,,0.015078713186085224,0.0,0.0,,,,0.006918592378497124,0.002163069089874625,,0.0,0.0,0.0,0.0,,0.0,,0.0,0.0,0.013318006880581379,0.0,0.0,0.0,,,,0.0,0.01897398941218853,0.0,0.0,0.0,,0.0,0.008289680816233158,0.007186546456068754,0.0,,0.0,0.015495573170483112,0.0,0.0,0.0,,0.002988440217450261,0.0071138362400233746,0.006663523148745298,0.0,,0.0029522741679102182,0.007444577291607857,0.00870683416724205,0.0,0.015951599925756454,0.0,,0.0,0.0,0.0,0.0,0.0,0.0,,0.0,,0.005740217864513397,0.007723913062363863,0.0016765532782301307,0.0,0.0,0.0,0.0,,0.0,0.011521018110215664,0.0028374833054840565,,,0.0,0.0,0.0,0.0,0.0,0.0,0.0,0.0,0.0,,0.0,0.0,0.0014217449352145195,,0.0,0.0,0.0,0.015036061406135559,0.0,0.0,0.0,,,0.0,0.002523822244256735,0.0,0.0,0.0,,0.012212172150611877,,0.010441260412335396,0.0,,0.0,0.0001980172237381339,0.0,0.0,,,0.0,0.009777898900210857,,0.011562291532754898,0.0,,,0.0,0.021612513810396194,0.0,0.0,0.0,0.0,0.0,,,0.0,0.0,0.0,0.0,0.0,,,0.0,0.0,0.0,,0.0,0.0,,0.0,0.0,0.010721533559262753,,0.0,0.0,0.0,0.0,,0.0,0.0,,0.0,0.0,0.0,0.000222572882194072,0.004138255026191473,0.0,0.0,0.0,0.0,0.0,0.0,0.0,0.0,,0.01636638306081295,,0.0,0.013081780634820461,0.00596213573589921,0.0,0.0,0.0,0.00783260352909565,0.013072560541331768,0.0,0.01504174992442131,0.0,,0.0,,0.0,0.007702955510467291,0.0,,0.0,0.0,0.0,0.0064319828525185585,0.0,0.0,0.0,0.0,0.006455377209931612,0.002276746090501547,0.0,,,0.0,0.0,0.0,,,,0.0,0.0,,0.0,,0.0,,0.0,,,0.0,,,,,0.0,,0.0,0.009475049562752247,0.0,,0.0,0.0,0.0006172159337438643,,0.011276694014668465,0.0,,0.0,0.008886725641787052,0.0,,,0.0,,0.01935204491019249,0.0,0.0,,0.0,0.0019069688860327005,,,,0.0,0.0,0.0,0.0,0.0,7.387471123365685e-05,,,,0.007764055393636227,0.0,,0.0,,0.0,0.0,0.0,0.0,,,0.0,0.0,,,0.0,,0.0,,0.0,0.0,0.0,0.0,0.0,0.0,0.0,,0.0,0.010640541091561317,0.0,0.0,0.0,,,0.0,0.0,0.0,0.0,0.004161264281719923,0.0073729087598621845,,,,0.007771022617816925,0.0,0.0,0.0,,,0.008342444896697998,0.0,0.0,,0.0,,,,,0.0,0.013751369901001453,0.0,,0.0,,,0.0,,0.006028351373970509,0.0,0.0,0.0,,0.006963010877370834,0.0,,0.0,0.0,0.0,0.0,0.0,,0.0025301980786025524,0.0,0.0,,0.0,0.0,0.0,0.0,0.0,0.0,0.0,,0.0009805925656110048,0.0,0.0,0.007419695612043142,0.0,0.0,0.0,,0.0,0.0,0.0,0.010489208623766899,0.0,0.0,0.0,0.0,0.0,0.0,0.00028485566144809127,0.0,0.0,0.0,,0.0,0.0,0.0,0.0,0.0,0.0,0.0,0.0,0.0,0.004446286242455244,0.0,0.0,0.0,,0.0,0.006903916597366333,,0.0032303640618920326,0.0,0.0,0.0,0.0,0.0,0.007855664007365704,0.0,0.0,0.0,0.011428353376686573,0.0,0.014265907928347588,0.0,0.0,0.0,0.0,0.0,0.0,0.0,0.0,0.0,0.0,0.0,0.0,0.0071387211792171,0.0,0.0,0.0,0.010663309134542942,0.009583434090018272,0.0,0.00991410668939352,0.0,0.0,0.0,0.019269602373242378,0.0,0.0,0.0,0.0,0.0,0.0,0.0,0.0,0.004451911896467209,0.0,0.0,0.0,0.0,0.0,0.015617968514561653,0.0,0.008543897420167923,0.0,0.0,0.017431413754820824,0.0,0.0,0.0,0.0,0.0,0.011158911511301994,0.0,0.006921166554093361,0.0,0.013884417712688446,0.0,0.0,0.0,0.0,0.0,0.017269155010581017,0.0,0.00583390099927783,0.0,0.0,,,,,,,,,,,,,,,,,,,,,,,,,,,,,,,,,,,,,,,,,,,,,,,,,,,,,,,,,,,,,,,,,,,,,,,,,,,,,,,,,,,,,,,,,,,,,,,,,,,,,,,,,,,,,,,,,,,,,,,,,,,,,,
2020-10-27,752307.9155103811,1114.3573058109112,,,,,,,,,,,76494.84123570709,,1039061.7711000025,,,,,,,,,,,,,,,,,,,,,,,,,,,,,,,,,,,,,,,,,,,2743.225940118896,,,,,,,,,,,,,,,,,,,,,,8704.086908857678,9385.182805649354,3085.5381259255305,7421.891063893989,9720.49293047043,71974.38579403673,23402.11546709045,5338.725754899571,33690.795494765065,,,,,,,,,,,,,,,,,,,,,,,,,,,,,,,,,,,,0.007672586012631655,0.0,0.0,0.01092440728098154,0.0,0.0,0.0,0.0,0.0,0.0,0.0,0.0,0.0,0.0,0.0,0.0,,0.0,,0.0,,0.0,0.0,0.0,0.010507198981940746,0.0,,0.0,0.0,0.010712611488997936,0.0,0.012846814468502998,0.0,,0.0,,,,0.0,0.0,0.0,,0.0,0.0,0.0012285824632272124,0.009027548134326935,0.0,,,0.0,,0.0,0.0,0.0,0.0,0.0,0.0,0.0,0.0,0.006439491640776396,0.015234255231916904,0.0,0.0,0.0,,0.011381476186215878,0.0,0.0,0.0,0.015055594965815544,,0.0005889178719371557,0.0,,0.0,0.0,0.0,0.0,,0.0,0.0,0.0,,0.0,,0.0,0.0,,0.0,,0.0,0.0,0.0030229962430894375,0.01743323914706707,0.0,0.012673601508140564,0.0,0.016194811090826988,0.0,,,0.009300514124333858,0.0,,,,,0.0,0.0,0.0,0.0,0.0,0.0,0.0,0.0,0.0,,0.012146583758294582,0.0019998527131974697,0.0,,0.019029388204216957,0.0,0.0015352413756772876,0.0,0.0,0.0,,0.002669151872396469,,0.014855947345495224,0.0,0.0,0.01175154373049736,,0.0,0.0,,0.0,0.0,0.0,0.0,0.0,0.0001421356719220057,0.0011042432161048055,0.0,0.0,0.0046468619257211685,0.003770541399717331,0.0,0.0012880248250439763,,0.02132318913936615,0.0,0.004850889090448618,0.0,,0.0,0.007785265799611807,0.0,0.0,0.0,0.0,0.0061191171407699585,0.0,0.0,0.0,,0.015078713186085224,0.0,0.0,,,,0.006918592378497124,0.002163069089874625,,0.0,0.0,0.0,0.0,,0.0,,0.0,0.0,0.013318006880581379,0.0,0.0,0.0,,,,0.0,0.01897398941218853,0.0,0.0,0.0,,0.0,0.008289680816233158,0.007186546456068754,0.0,,0.0,0.015495573170483112,0.0,0.0,0.0,,0.002988440217450261,0.0071138362400233746,0.006663523148745298,0.0,,0.0029522741679102182,0.007444577291607857,0.00870683416724205,0.0,0.015951599925756454,0.0,,0.0,0.0,0.0,0.0,0.0,0.0,,0.0,,0.005740217864513397,0.007723913062363863,0.0016765532782301307,0.0,0.0,0.0,0.0,,0.0,0.011521018110215664,0.0028374833054840565,,,0.0,0.0,0.0,0.0,0.0,0.0,0.0,0.0,0.0,,0.0,0.0,0.0014217449352145195,,0.0,0.0,0.0,0.015036061406135559,0.0,0.0,0.0,,,0.0,0.002523822244256735,0.0,0.0,0.0,,0.012212172150611877,,0.010441260412335396,0.0,,0.0,0.0001980172237381339,0.0,0.0,,,0.0,0.009777898900210857,,0.011562291532754898,0.0,,,0.0,0.021612513810396194,0.0,0.0,0.0,0.0,0.0,,,0.0,0.0,0.0,0.0,0.0,,,0.0,0.0,0.0,,0.0,0.0,,0.0,0.0,0.010721533559262753,,0.0,0.0,0.0,0.0,,0.0,0.0,,0.0,0.0,0.0,0.000222572882194072,0.004138255026191473,0.0,0.0,0.0,0.0,0.0,0.0,0.0,0.0,,0.01636638306081295,,0.0,0.013081780634820461,0.00596213573589921,0.0,0.0,0.0,0.00783260352909565,0.013072560541331768,0.0,0.01504174992442131,0.0,,0.0,,0.0,0.007702955510467291,0.0,,0.0,0.0,0.0,0.0064319828525185585,0.0,0.0,0.0,0.0,0.006455377209931612,0.002276746090501547,0.0,,,0.0,0.0,0.0,,,,0.0,0.0,,0.0,,0.0,,0.0,,,0.0,,,,,0.0,,0.0,0.009475049562752247,0.0,,0.0,0.0,0.0006172159337438643,,0.011276694014668465,0.0,,0.0,0.008886725641787052,0.0,,,0.0,,0.01935204491019249,0.0,0.0,,0.0,0.0019069688860327005,,,,0.0,0.0,0.0,0.0,0.0,7.387471123365685e-05,,,,0.007764055393636227,0.0,,0.0,,0.0,0.0,0.0,0.0,,,0.0,0.0,,,0.0,,0.0,,0.0,0.0,0.0,0.0,0.0,0.0,0.0,,0.0,0.010640541091561317,0.0,0.0,0.0,,,0.0,0.0,0.0,0.0,0.004161264281719923,0.0073729087598621845,,,,0.007771022617816925,0.0,0.0,0.0,,,0.008342444896697998,0.0,0.0,,0.0,,,,,0.0,0.013751369901001453,0.0,,0.0,,,0.0,,0.006028351373970509,0.0,0.0,0.0,,0.006963010877370834,0.0,,0.0,0.0,0.0,0.0,0.0,,0.0025301980786025524,0.0,0.0,,0.0,0.0,0.0,0.0,0.0,0.0,0.0,,0.0009805925656110048,0.0,0.0,0.007419695612043142,0.0,0.0,0.0,,0.0,0.0,0.0,0.010489208623766899,0.0,0.0,0.0,0.0,0.0,0.0,0.00028485566144809127,0.0,0.0,0.0,,0.0,0.0,0.0,0.0,0.0,0.0,0.0,0.0,0.0,0.004446286242455244,0.0,0.0,0.0,,0.0,0.006903916597366333,,0.0032303640618920326,0.0,0.0,0.0,0.0,0.0,0.007855664007365704,0.0,0.0,0.0,0.011428353376686573,0.0,0.014265907928347588,0.0,0.0,0.0,0.0,0.0,0.0,0.0,0.0,0.0,0.0,0.0,0.0,0.0071387211792171,0.0,0.0,0.0,0.010663309134542942,0.009583434090018272,0.0,0.00991410668939352,0.0,0.0,0.0,0.019269602373242378,0.0,0.0,0.0,0.0,0.0,0.0,0.0,0.0,0.004451911896467209,0.0,0.0,0.0,0.0,0.0,0.015617968514561653,0.0,0.008543897420167923,0.0,0.0,0.017431413754820824,0.0,0.0,0.0,0.0,0.0,0.011158911511301994,0.0,0.006921166554093361,0.0,0.013884417712688446,0.0,0.0,0.0,0.0,0.0,0.017269155010581017,0.0,0.00583390099927783,0.0,0.0,,,,,,,,,,,,,,,,,,,,,,,,,,,,,,,,,,,,,,,,,,,,,,,,,,,,,,,,,,,,,,,,,,,,,,,,,,,,,,,,,,,,,,,,,,,,,,,,,,,,,,,,,,,,,,,,,,,,,,,,,,,,,,
2020-10-28,748314.0110100728,624.7174604058835,,,,,,,,,,,76494.84123570709,,1039061.7711000025,,,,,,,,,,,,,,,,,,,,,,,,,,,,,,,,,,,,,,,,,,,2844.8235644473652,,,,,,,,,,,,,,,,,,,,,,8704.086908857678,9493.322777730946,3085.5381259255305,7421.891063893989,9720.49293047043,71974.38579403673,23402.11546709045,5203.610899661185,33690.47977240092,,,,,,,,,,,,,,,,,,,,,,,,,,,,,,,,,,,,0.007672586012631655,0.0,0.0,0.01092440728098154,0.0,0.0,0.0,0.0,0.0,0.0,0.0,0.0,0.0,0.0,0.0,0.0,,0.0,,0.0,,0.0,0.0,0.0,0.010507198981940746,0.0,,0.0,0.0,0.010712611488997936,0.0,0.012846814468502998,0.0,,0.0,,,,0.0,0.0,0.0,,0.0,0.0,0.0012285824632272124,0.009027548134326935,0.0,,,0.0,,0.0,0.0,0.0,0.0,0.0,0.0,0.0,0.0,0.006439491640776396,0.015234255231916904,0.0,0.0,0.0,,0.011381476186215878,0.0,0.0,0.0,0.015055594965815544,,0.0005889178719371557,0.0,,0.0,0.0,0.0,0.0,,0.0,0.0,0.0,,0.0,,0.0,0.0,,0.0,,0.0,0.0,0.0030229962430894375,0.01743323914706707,0.0,0.012673601508140564,0.0,0.016194811090826988,0.0,,,0.009300514124333858,0.0,,,,,0.0,0.0,0.0,0.0,0.0,0.0,0.0,0.0,0.0,,0.012146583758294582,0.0019998527131974697,0.0,,0.019029388204216957,0.0,0.0015352413756772876,0.0,0.0,0.0,,0.002669151872396469,,0.014855947345495224,0.0,0.0,0.01175154373049736,,0.0,0.0,,0.0,0.0,0.0,0.0,0.0,0.0001421356719220057,0.0011042432161048055,0.0,0.0,0.0046468619257211685,0.003770541399717331,0.0,0.0012880248250439763,,0.02132318913936615,0.0,0.004850889090448618,0.0,,0.0,0.007785265799611807,0.0,0.0,0.0,0.0,0.0061191171407699585,0.0,0.0,0.0,,0.015078713186085224,0.0,0.0,,,,0.006918592378497124,0.002163069089874625,,0.0,0.0,0.0,0.0,,0.0,,0.0,0.0,0.013318006880581379,0.0,0.0,0.0,,,,0.0,0.01897398941218853,0.0,0.0,0.0,,0.0,0.008289680816233158,0.007186546456068754,0.0,,0.0,0.015495573170483112,0.0,0.0,0.0,,0.002988440217450261,0.0071138362400233746,0.006663523148745298,0.0,,0.0029522741679102182,0.007444577291607857,0.00870683416724205,0.0,0.015951599925756454,0.0,,0.0,0.0,0.0,0.0,0.0,0.0,,0.0,,0.005740217864513397,0.007723913062363863,0.0016765532782301307,0.0,0.0,0.0,0.0,,0.0,0.011521018110215664,0.0028374833054840565,,,0.0,0.0,0.0,0.0,0.0,0.0,0.0,0.0,0.0,,0.0,0.0,0.0014217449352145195,,0.0,0.0,0.0,0.015036061406135559,0.0,0.0,0.0,,,0.0,0.002523822244256735,0.0,0.0,0.0,,0.012212172150611877,,0.010441260412335396,0.0,,0.0,0.0001980172237381339,0.0,0.0,,,0.0,0.009777898900210857,,0.011562291532754898,0.0,,,0.0,0.021612513810396194,0.0,0.0,0.0,0.0,0.0,,,0.0,0.0,0.0,0.0,0.0,,,0.0,0.0,0.0,,0.0,0.0,,0.0,0.0,0.010721533559262753,,0.0,0.0,0.0,0.0,,0.0,0.0,,0.0,0.0,0.0,0.000222572882194072,0.004138255026191473,0.0,0.0,0.0,0.0,0.0,0.0,0.0,0.0,,0.01636638306081295,,0.0,0.013081780634820461,0.00596213573589921,0.0,0.0,0.0,0.00783260352909565,0.013072560541331768,0.0,0.01504174992442131,0.0,,0.0,,0.0,0.007702955510467291,0.0,,0.0,0.0,0.0,0.0064319828525185585,0.0,0.0,0.0,0.0,0.006455377209931612,0.002276746090501547,0.0,,,0.0,0.0,0.0,,,,0.0,0.0,,0.0,,0.0,,0.0,,,0.0,,,,,0.0,,0.0,0.009475049562752247,0.0,,0.0,0.0,0.0006172159337438643,,0.011276694014668465,0.0,,0.0,0.008886725641787052,0.0,,,0.0,,0.01935204491019249,0.0,0.0,,0.0,0.0019069688860327005,,,,0.0,0.0,0.0,0.0,0.0,7.387471123365685e-05,,,,0.007764055393636227,0.0,,0.0,,0.0,0.0,0.0,0.0,,,0.0,0.0,,,0.0,,0.0,,0.0,0.0,0.0,0.0,0.0,0.0,0.0,,0.0,0.010640541091561317,0.0,0.0,0.0,,,0.0,0.0,0.0,0.0,0.004161264281719923,0.0073729087598621845,,,,0.007771022617816925,0.0,0.0,0.0,,,0.008342444896697998,0.0,0.0,,0.0,,,,,0.0,0.013751369901001453,0.0,,0.0,,,0.0,,0.006028351373970509,0.0,0.0,0.0,,0.006963010877370834,0.0,,0.0,0.0,0.0,0.0,0.0,,0.0025301980786025524,0.0,0.0,,0.0,0.0,0.0,0.0,0.0,0.0,0.0,,0.0009805925656110048,0.0,0.0,0.007419695612043142,0.0,0.0,0.0,,0.0,0.0,0.0,0.010489208623766899,0.0,0.0,0.0,0.0,0.0,0.0,0.00028485566144809127,0.0,0.0,0.0,,0.0,0.0,0.0,0.0,0.0,0.0,0.0,0.0,0.0,0.004446286242455244,0.0,0.0,0.0,,0.0,0.006903916597366333,,0.0032303640618920326,0.0,0.0,0.0,0.0,0.0,0.007855664007365704,0.0,0.0,0.0,0.011428353376686573,0.0,0.014265907928347588,0.0,0.0,0.0,0.0,0.0,0.0,0.0,0.0,0.0,0.0,0.0,0.0,0.0071387211792171,0.0,0.0,0.0,0.010663309134542942,0.009583434090018272,0.0,0.00991410668939352,0.0,0.0,0.0,0.019269602373242378,0.0,0.0,0.0,0.0,0.0,0.0,0.0,0.0,0.004451911896467209,0.0,0.0,0.0,0.0,0.0,0.015617968514561653,0.0,0.008543897420167923,0.0,0.0,0.017431413754820824,0.0,0.0,0.0,0.0,0.0,0.011158911511301994,0.0,0.006921166554093361,0.0,0.013884417712688446,0.0,0.0,0.0,0.0,0.0,0.017269155010581017,0.0,0.00583390099927783,0.0,0.0,,,,,,,,,,,,,,,,,,,,,,,,,,,,,,,,,,,,,,,,,,,,,,,,,,,,,,,,,,,,,,,,,,,,,,,,,,,,,,,,,,,,,,,,,,,,,,,,,,,,,,,,,,,,,,,,,,,,,,,,,,,,,,
2020-10-29,746320.1946413671,705.8874180111591,,,,,,,,,,,76494.84123570709,,1039061.7711000025,,,,,,,,,,,,,,,,,,,,,,,,,,,,,,,,,,,,,,,,,,,2946.425372605612,,,,,,,,,,,,,,,,,,,,,,8704.086908857678,9493.523612551298,3085.5381259255305,7421.891063893989,9720.49293047043,72507.38580412348,23314.578920456344,5068.515465223127,33690.25426004939,,,,,,,,,,,,,,,,,,,,,,,,,,,,,,,,,,,,0.007672586012631655,0.0,0.0,0.01092440728098154,0.0,0.0,0.0,0.0,0.0,0.0,0.0,0.0,0.0,0.0,0.0,0.0,,0.0,,0.0,,0.0,0.0,0.0,0.010507198981940746,0.0,,0.0,0.0,0.010712611488997936,0.0,0.012846814468502998,0.0,,0.0,,,,0.0,0.0,0.0,,0.0,0.0,0.0012285824632272124,0.009027548134326935,0.0,,,0.0,,0.0,0.0,0.0,0.0,0.0,0.0,0.0,0.0,0.006439491640776396,0.015234255231916904,0.0,0.0,0.0,,0.011381476186215878,0.0,0.0,0.0,0.015055594965815544,,0.0005889178719371557,0.0,,0.0,0.0,0.0,0.0,,0.0,0.0,0.0,,0.0,,0.0,0.0,,0.0,,0.0,0.0,0.0030229962430894375,0.01743323914706707,0.0,0.012673601508140564,0.0,0.016194811090826988,0.0,,,0.009300514124333858,0.0,,,,,0.0,0.0,0.0,0.0,0.0,0.0,0.0,0.0,0.0,,0.012146583758294582,0.0019998527131974697,0.0,,0.019029388204216957,0.0,0.0015352413756772876,0.0,0.0,0.0,,0.002669151872396469,,0.014855947345495224,0.0,0.0,0.01175154373049736,,0.0,0.0,,0.0,0.0,0.0,0.0,0.0,0.0001421356719220057,0.0011042432161048055,0.0,0.0,0.0046468619257211685,0.003770541399717331,0.0,0.0012880248250439763,,0.02132318913936615,0.0,0.004850889090448618,0.0,,0.0,0.007785265799611807,0.0,0.0,0.0,0.0,0.0061191171407699585,0.0,0.0,0.0,,0.015078713186085224,0.0,0.0,,,,0.006918592378497124,0.002163069089874625,,0.0,0.0,0.0,0.0,,0.0,,0.0,0.0,0.013318006880581379,0.0,0.0,0.0,,,,0.0,0.01897398941218853,0.0,0.0,0.0,,0.0,0.008289680816233158,0.007186546456068754,0.0,,0.0,0.015495573170483112,0.0,0.0,0.0,,0.002988440217450261,0.0071138362400233746,0.006663523148745298,0.0,,0.0029522741679102182,0.007444577291607857,0.00870683416724205,0.0,0.015951599925756454,0.0,,0.0,0.0,0.0,0.0,0.0,0.0,,0.0,,0.005740217864513397,0.007723913062363863,0.0016765532782301307,0.0,0.0,0.0,0.0,,0.0,0.011521018110215664,0.0028374833054840565,,,0.0,0.0,0.0,0.0,0.0,0.0,0.0,0.0,0.0,,0.0,0.0,0.0014217449352145195,,0.0,0.0,0.0,0.015036061406135559,0.0,0.0,0.0,,,0.0,0.002523822244256735,0.0,0.0,0.0,,0.012212172150611877,,0.010441260412335396,0.0,,0.0,0.0001980172237381339,0.0,0.0,,,0.0,0.009777898900210857,,0.011562291532754898,0.0,,,0.0,0.021612513810396194,0.0,0.0,0.0,0.0,0.0,,,0.0,0.0,0.0,0.0,0.0,,,0.0,0.0,0.0,,0.0,0.0,,0.0,0.0,0.010721533559262753,,0.0,0.0,0.0,0.0,,0.0,0.0,,0.0,0.0,0.0,0.000222572882194072,0.004138255026191473,0.0,0.0,0.0,0.0,0.0,0.0,0.0,0.0,,0.01636638306081295,,0.0,0.013081780634820461,0.00596213573589921,0.0,0.0,0.0,0.00783260352909565,0.013072560541331768,0.0,0.01504174992442131,0.0,,0.0,,0.0,0.007702955510467291,0.0,,0.0,0.0,0.0,0.0064319828525185585,0.0,0.0,0.0,0.0,0.006455377209931612,0.002276746090501547,0.0,,,0.0,0.0,0.0,,,,0.0,0.0,,0.0,,0.0,,0.0,,,0.0,,,,,0.0,,0.0,0.009475049562752247,0.0,,0.0,0.0,0.0006172159337438643,,0.011276694014668465,0.0,,0.0,0.008886725641787052,0.0,,,0.0,,0.01935204491019249,0.0,0.0,,0.0,0.0019069688860327005,,,,0.0,0.0,0.0,0.0,0.0,7.387471123365685e-05,,,,0.007764055393636227,0.0,,0.0,,0.0,0.0,0.0,0.0,,,0.0,0.0,,,0.0,,0.0,,0.0,0.0,0.0,0.0,0.0,0.0,0.0,,0.0,0.010640541091561317,0.0,0.0,0.0,,,0.0,0.0,0.0,0.0,0.004161264281719923,0.0073729087598621845,,,,0.007771022617816925,0.0,0.0,0.0,,,0.008342444896697998,0.0,0.0,,0.0,,,,,0.0,0.013751369901001453,0.0,,0.0,,,0.0,,0.006028351373970509,0.0,0.0,0.0,,0.006963010877370834,0.0,,0.0,0.0,0.0,0.0,0.0,,0.0025301980786025524,0.0,0.0,,0.0,0.0,0.0,0.0,0.0,0.0,0.0,,0.0009805925656110048,0.0,0.0,0.007419695612043142,0.0,0.0,0.0,,0.0,0.0,0.0,0.010489208623766899,0.0,0.0,0.0,0.0,0.0,0.0,0.00028485566144809127,0.0,0.0,0.0,,0.0,0.0,0.0,0.0,0.0,0.0,0.0,0.0,0.0,0.004446286242455244,0.0,0.0,0.0,,0.0,0.006903916597366333,,0.0032303640618920326,0.0,0.0,0.0,0.0,0.0,0.007855664007365704,0.0,0.0,0.0,0.011428353376686573,0.0,0.014265907928347588,0.0,0.0,0.0,0.0,0.0,0.0,0.0,0.0,0.0,0.0,0.0,0.0,0.0071387211792171,0.0,0.0,0.0,0.010663309134542942,0.009583434090018272,0.0,0.00991410668939352,0.0,0.0,0.0,0.019269602373242378,0.0,0.0,0.0,0.0,0.0,0.0,0.0,0.0,0.004451911896467209,0.0,0.0,0.0,0.0,0.0,0.015617968514561653,0.0,0.008543897420167923,0.0,0.0,0.017431413754820824,0.0,0.0,0.0,0.0,0.0,0.011158911511301994,0.0,0.006921166554093361,0.0,0.013884417712688446,0.0,0.0,0.0,0.0,0.0,0.017269155010581017,0.0,0.00583390099927783,0.0,0.0,,,,,,,,,,,,,,,,,,,,,,,,,,,,,,,,,,,,,,,,,,,,,,,,,,,,,,,,,,,,,,,,,,,,,,,,,,,,,,,,,,,,,,,,,,,,,,,,,,,,,,,,,,,,,,,,,,,,,,,,,,,,,,
2020-10-30,741056.8456612526,1243.7694358103713,,,,,,,,,,,76494.84123570709,,1039061.7711000025,,,,,,,,,,,,,,,,,,,,,,,,,,,,,,,,,,,,,,,,,,,2946.425372605612,,,,,,,,,,,,,,,,,,,,,,8704.086908857678,9385.409710964283,3085.5381259255305,7421.891063893989,9720.49293047043,73573.57245889788,23404.59170246093,5000.883690302045,33690.25426004939,,,,,,,,,,,,,,,,,,,,,,,,,,,,,,,,,,,,0.007672586012631655,0.0,0.0,0.01092440728098154,0.0,0.0,0.0,0.0,0.0,0.0,0.0,0.0,0.0,0.0,0.0,0.0,,0.0,,0.0,,0.0,0.0,0.0,0.010507198981940746,0.0,,0.0,0.0,0.010712611488997936,0.0,0.012846814468502998,0.0,,0.0,,,,0.0,0.0,0.0,,0.0,0.0,0.0012285824632272124,0.009027548134326935,0.0,,,0.0,,0.0,0.0,0.0,0.0,0.0,0.0,0.0,0.0,0.006439491640776396,0.015234255231916904,0.0,0.0,0.0,,0.011381476186215878,0.0,0.0,0.0,0.015055594965815544,,0.0005889178719371557,0.0,,0.0,0.0,0.0,0.0,,0.0,0.0,0.0,,0.0,,0.0,0.0,,0.0,,0.0,0.0,0.0030229962430894375,0.01743323914706707,0.0,0.012673601508140564,0.0,0.016194811090826988,0.0,,,0.009300514124333858,0.0,,,,,0.0,0.0,0.0,0.0,0.0,0.0,0.0,0.0,0.0,,0.012146583758294582,0.0019998527131974697,0.0,,0.019029388204216957,0.0,0.0015352413756772876,0.0,0.0,0.0,,0.002669151872396469,,0.014855947345495224,0.0,0.0,0.01175154373049736,,0.0,0.0,,0.0,0.0,0.0,0.0,0.0,0.0001421356719220057,0.0011042432161048055,0.0,0.0,0.0046468619257211685,0.003770541399717331,0.0,0.0012880248250439763,,0.02132318913936615,0.0,0.004850889090448618,0.0,,0.0,0.007785265799611807,0.0,0.0,0.0,0.0,0.0061191171407699585,0.0,0.0,0.0,,0.015078713186085224,0.0,0.0,,,,0.006918592378497124,0.002163069089874625,,0.0,0.0,0.0,0.0,,0.0,,0.0,0.0,0.013318006880581379,0.0,0.0,0.0,,,,0.0,0.01897398941218853,0.0,0.0,0.0,,0.0,0.008289680816233158,0.007186546456068754,0.0,,0.0,0.015495573170483112,0.0,0.0,0.0,,0.002988440217450261,0.0071138362400233746,0.006663523148745298,0.0,,0.0029522741679102182,0.007444577291607857,0.00870683416724205,0.0,0.015951599925756454,0.0,,0.0,0.0,0.0,0.0,0.0,0.0,,0.0,,0.005740217864513397,0.007723913062363863,0.0016765532782301307,0.0,0.0,0.0,0.0,,0.0,0.011521018110215664,0.0028374833054840565,,,0.0,0.0,0.0,0.0,0.0,0.0,0.0,0.0,0.0,,0.0,0.0,0.0014217449352145195,,0.0,0.0,0.0,0.015036061406135559,0.0,0.0,0.0,,,0.0,0.002523822244256735,0.0,0.0,0.0,,0.012212172150611877,,0.010441260412335396,0.0,,0.0,0.0001980172237381339,0.0,0.0,,,0.0,0.009777898900210857,,0.011562291532754898,0.0,,,0.0,0.021612513810396194,0.0,0.0,0.0,0.0,0.0,,,0.0,0.0,0.0,0.0,0.0,,,0.0,0.0,0.0,,0.0,0.0,,0.0,0.0,0.010721533559262753,,0.0,0.0,0.0,0.0,,0.0,0.0,,0.0,0.0,0.0,0.000222572882194072,0.004138255026191473,0.0,0.0,0.0,0.0,0.0,0.0,0.0,0.0,,0.01636638306081295,,0.0,0.013081780634820461,0.00596213573589921,0.0,0.0,0.0,0.00783260352909565,0.013072560541331768,0.0,0.01504174992442131,0.0,,0.0,,0.0,0.007702955510467291,0.0,,0.0,0.0,0.0,0.0064319828525185585,0.0,0.0,0.0,0.0,0.006455377209931612,0.002276746090501547,0.0,,,0.0,0.0,0.0,,,,0.0,0.0,,0.0,,0.0,,0.0,,,0.0,,,,,0.0,,0.0,0.009475049562752247,0.0,,0.0,0.0,0.0006172159337438643,,0.011276694014668465,0.0,,0.0,0.008886725641787052,0.0,,,0.0,,0.01935204491019249,0.0,0.0,,0.0,0.0019069688860327005,,,,0.0,0.0,0.0,0.0,0.0,7.387471123365685e-05,,,,0.007764055393636227,0.0,,0.0,,0.0,0.0,0.0,0.0,,,0.0,0.0,,,0.0,,0.0,,0.0,0.0,0.0,0.0,0.0,0.0,0.0,,0.0,0.010640541091561317,0.0,0.0,0.0,,,0.0,0.0,0.0,0.0,0.004161264281719923,0.0073729087598621845,,,,0.007771022617816925,0.0,0.0,0.0,,,0.008342444896697998,0.0,0.0,,0.0,,,,,0.0,0.013751369901001453,0.0,,0.0,,,0.0,,0.006028351373970509,0.0,0.0,0.0,,0.006963010877370834,0.0,,0.0,0.0,0.0,0.0,0.0,,0.0025301980786025524,0.0,0.0,,0.0,0.0,0.0,0.0,0.0,0.0,0.0,,0.0009805925656110048,0.0,0.0,0.007419695612043142,0.0,0.0,0.0,,0.0,0.0,0.0,0.010489208623766899,0.0,0.0,0.0,0.0,0.0,0.0,0.00028485566144809127,0.0,0.0,0.0,,0.0,0.0,0.0,0.0,0.0,0.0,0.0,0.0,0.0,0.004446286242455244,0.0,0.0,0.0,,0.0,0.006903916597366333,,0.0032303640618920326,0.0,0.0,0.0,0.0,0.0,0.007855664007365704,0.0,0.0,0.0,0.011428353376686573,0.0,0.014265907928347588,0.0,0.0,0.0,0.0,0.0,0.0,0.0,0.0,0.0,0.0,0.0,0.0,0.0071387211792171,0.0,0.0,0.0,0.010663309134542942,0.009583434090018272,0.0,0.00991410668939352,0.0,0.0,0.0,0.019269602373242378,0.0,0.0,0.0,0.0,0.0,0.0,0.0,0.0,0.004451911896467209,0.0,0.0,0.0,0.0,0.0,0.015617968514561653,0.0,0.008543897420167923,0.0,0.0,0.017431413754820824,0.0,0.0,0.0,0.0,0.0,0.011158911511301994,0.0,0.006921166554093361,0.0,0.013884417712688446,0.0,0.0,0.0,0.0,0.0,0.017269155010581017,0.0,0.00583390099927783,0.0,0.0,,,,,,,,,,,,,,,,,,,,,,,,,,,,,,,,,,,,,,,,,,,,,,,,,,,,,,,,,,,,,,,,,,,,,,,,,,,,,,,,,,,,,,,,,,,,,,,,,,,,,,,,,,,,,,,,,,,,,,,,,,,,,,
2020-11-02,744670.9288461346,1004.1379500793787,,,,,,,,,,,76494.84123570709,,1039061.7711000025,,,,,,,,,,,,,,,,,,,,,,,,,,,,,,,,,,,,,,,,,,,3048.0223263228218,,,,,,,,,,,,,,,,,,,,,,8704.086908857678,9493.291840404196,3085.5381259255305,7421.891063893989,9720.49293047043,73573.57245889788,23494.606966818683,5000.910683170278,32567.52100423034,,,,,,,,,,,,,,,,,,,,,,,,,,,,,,,,,,,,0.007672586012631655,0.0,0.0,0.01092440728098154,0.0,0.0,0.0,0.0,0.0,0.0,0.0,0.0,0.0,0.0,0.0,0.0,,0.0,,0.0,,0.0,0.0,0.0,0.010507198981940746,0.0,,0.0,0.0,0.010712611488997936,0.0,0.012846814468502998,0.0,,0.0,,,,0.0,0.0,0.0,,0.0,0.0,0.0012285824632272124,0.009027548134326935,0.0,,,0.0,,0.0,0.0,0.0,0.0,0.0,0.0,0.0,0.0,0.006439491640776396,0.015234255231916904,0.0,0.0,0.0,,0.011381476186215878,0.0,0.0,0.0,0.015055594965815544,,0.0005889178719371557,0.0,,0.0,0.0,0.0,0.0,,0.0,0.0,0.0,,0.0,,0.0,0.0,,0.0,,0.0,0.0,0.0030229962430894375,0.01743323914706707,0.0,0.012673601508140564,0.0,0.016194811090826988,0.0,,,0.009300514124333858,0.0,,,,,0.0,0.0,0.0,0.0,0.0,0.0,0.0,0.0,0.0,,0.012146583758294582,0.0019998527131974697,0.0,,0.019029388204216957,0.0,0.0015352413756772876,0.0,0.0,0.0,,0.002669151872396469,,0.014855947345495224,0.0,0.0,0.01175154373049736,,0.0,0.0,,0.0,0.0,0.0,0.0,0.0,0.0001421356719220057,0.0011042432161048055,0.0,0.0,0.0046468619257211685,0.003770541399717331,0.0,0.0012880248250439763,,0.02132318913936615,0.0,0.004850889090448618,0.0,,0.0,0.007785265799611807,0.0,0.0,0.0,0.0,0.0061191171407699585,0.0,0.0,0.0,,0.015078713186085224,0.0,0.0,,,,0.006918592378497124,0.002163069089874625,,0.0,0.0,0.0,0.0,,0.0,,0.0,0.0,0.013318006880581379,0.0,0.0,0.0,,,,0.0,0.01897398941218853,0.0,0.0,0.0,,0.0,0.008289680816233158,0.007186546456068754,0.0,,0.0,0.015495573170483112,0.0,0.0,0.0,,0.002988440217450261,0.0071138362400233746,0.006663523148745298,0.0,,0.0029522741679102182,0.007444577291607857,0.00870683416724205,0.0,0.015951599925756454,0.0,,0.0,0.0,0.0,0.0,0.0,0.0,,0.0,,0.005740217864513397,0.007723913062363863,0.0016765532782301307,0.0,0.0,0.0,0.0,,0.0,0.011521018110215664,0.0028374833054840565,,,0.0,0.0,0.0,0.0,0.0,0.0,0.0,0.0,0.0,,0.0,0.0,0.0014217449352145195,,0.0,0.0,0.0,0.015036061406135559,0.0,0.0,0.0,,,0.0,0.002523822244256735,0.0,0.0,0.0,,0.012212172150611877,,0.010441260412335396,0.0,,0.0,0.0001980172237381339,0.0,0.0,,,0.0,0.009777898900210857,,0.011562291532754898,0.0,,,0.0,0.021612513810396194,0.0,0.0,0.0,0.0,0.0,,,0.0,0.0,0.0,0.0,0.0,,,0.0,0.0,0.0,,0.0,0.0,,0.0,0.0,0.010721533559262753,,0.0,0.0,0.0,0.0,,0.0,0.0,,0.0,0.0,0.0,0.000222572882194072,0.004138255026191473,0.0,0.0,0.0,0.0,0.0,0.0,0.0,0.0,,0.01636638306081295,,0.0,0.013081780634820461,0.00596213573589921,0.0,0.0,0.0,0.00783260352909565,0.013072560541331768,0.0,0.01504174992442131,0.0,,0.0,,0.0,0.007702955510467291,0.0,,0.0,0.0,0.0,0.0064319828525185585,0.0,0.0,0.0,0.0,0.006455377209931612,0.002276746090501547,0.0,,,0.0,0.0,0.0,,,,0.0,0.0,,0.0,,0.0,,0.0,,,0.0,,,,,0.0,,0.0,0.009475049562752247,0.0,,0.0,0.0,0.0006172159337438643,,0.011276694014668465,0.0,,0.0,0.008886725641787052,0.0,,,0.0,,0.01935204491019249,0.0,0.0,,0.0,0.0019069688860327005,,,,0.0,0.0,0.0,0.0,0.0,7.387471123365685e-05,,,,0.007764055393636227,0.0,,0.0,,0.0,0.0,0.0,0.0,,,0.0,0.0,,,0.0,,0.0,,0.0,0.0,0.0,0.0,0.0,0.0,0.0,,0.0,0.010640541091561317,0.0,0.0,0.0,,,0.0,0.0,0.0,0.0,0.004161264281719923,0.0073729087598621845,,,,0.007771022617816925,0.0,0.0,0.0,,,0.008342444896697998,0.0,0.0,,0.0,,,,,0.0,0.013751369901001453,0.0,,0.0,,,0.0,,0.006028351373970509,0.0,0.0,0.0,,0.006963010877370834,0.0,,0.0,0.0,0.0,0.0,0.0,,0.0025301980786025524,0.0,0.0,,0.0,0.0,0.0,0.0,0.0,0.0,0.0,,0.0009805925656110048,0.0,0.0,0.007419695612043142,0.0,0.0,0.0,,0.0,0.0,0.0,0.010489208623766899,0.0,0.0,0.0,0.0,0.0,0.0,0.00028485566144809127,0.0,0.0,0.0,,0.0,0.0,0.0,0.0,0.0,0.0,0.0,0.0,0.0,0.004446286242455244,0.0,0.0,0.0,,0.0,0.006903916597366333,,0.0032303640618920326,0.0,0.0,0.0,0.0,0.0,0.007855664007365704,0.0,0.0,0.0,0.011428353376686573,0.0,0.014265907928347588,0.0,0.0,0.0,0.0,0.0,0.0,0.0,0.0,0.0,0.0,0.0,0.0,0.0071387211792171,0.0,0.0,0.0,0.010663309134542942,0.009583434090018272,0.0,0.00991410668939352,0.0,0.0,0.0,0.019269602373242378,0.0,0.0,0.0,0.0,0.0,0.0,0.0,0.0,0.004451911896467209,0.0,0.0,0.0,0.0,0.0,0.015617968514561653,0.0,0.008543897420167923,0.0,0.0,0.017431413754820824,0.0,0.0,0.0,0.0,0.0,0.011158911511301994,0.0,0.006921166554093361,0.0,0.013884417712688446,0.0,0.0,0.0,0.0,0.0,0.017269155010581017,0.0,0.00583390099927783,0.0,0.0,,,,,,,,,,,,,,,,,,,,,,,,,,,,,,,,,,,,,,,,,,,,,,,,,,,,,,,,,,,,,,,,,,,,,,,,,,,,,,,,,,,,,,,,,,,,,,,,,,,,,,,,,,,,,,,,,,,,,,,,,,,,,,
2020-11-03,755003.710458348,237.21907141960176,,,,,,,,,,,76494.84123570709,,1039061.7711000025,,,,,,,,,,,,,,,,,,,,,,,,,,,,,,,,,,,,,,,,,,,3048.0223263228218,,,,,,,,,,,,,,,,,,,,,,8704.086908857678,9601.173179018377,3085.5381259255305,7421.891063893989,9720.49293047043,70900.82679829602,24391.46692932437,5000.913906218795,32568.720034614442,,,,,,,,,,,,,,,,,,,,,,,,,,,,,,,,,,,,0.007672586012631655,0.0,0.0,0.01092440728098154,0.0,0.0,0.0,0.0,0.0,0.0,0.0,0.0,0.0,0.0,0.0,0.0,,0.0,,0.0,,0.0,0.0,0.0,0.010507198981940746,0.0,,0.0,0.0,0.010712611488997936,0.0,0.012846814468502998,0.0,,0.0,,,,0.0,0.0,0.0,,0.0,0.0,0.0012285824632272124,0.009027548134326935,0.0,,,0.0,,0.0,0.0,0.0,0.0,0.0,0.0,0.0,0.0,0.006439491640776396,0.015234255231916904,0.0,0.0,0.0,,0.011381476186215878,0.0,0.0,0.0,0.015055594965815544,,0.0005889178719371557,0.0,,0.0,0.0,0.0,0.0,,0.0,0.0,0.0,,0.0,,0.0,0.0,,0.0,,0.0,0.0,0.0030229962430894375,0.01743323914706707,0.0,0.012673601508140564,0.0,0.016194811090826988,0.0,,,0.009300514124333858,0.0,,,,,0.0,0.0,0.0,0.0,0.0,0.0,0.0,0.0,0.0,,0.012146583758294582,0.0019998527131974697,0.0,,0.019029388204216957,0.0,0.0015352413756772876,0.0,0.0,0.0,,0.002669151872396469,,0.014855947345495224,0.0,0.0,0.01175154373049736,,0.0,0.0,,0.0,0.0,0.0,0.0,0.0,0.0001421356719220057,0.0011042432161048055,0.0,0.0,0.0046468619257211685,0.003770541399717331,0.0,0.0012880248250439763,,0.02132318913936615,0.0,0.004850889090448618,0.0,,0.0,0.007785265799611807,0.0,0.0,0.0,0.0,0.0061191171407699585,0.0,0.0,0.0,,0.015078713186085224,0.0,0.0,,,,0.006918592378497124,0.002163069089874625,,0.0,0.0,0.0,0.0,,0.0,,0.0,0.0,0.013318006880581379,0.0,0.0,0.0,,,,0.0,0.01897398941218853,0.0,0.0,0.0,,0.0,0.008289680816233158,0.007186546456068754,0.0,,0.0,0.015495573170483112,0.0,0.0,0.0,,0.002988440217450261,0.0071138362400233746,0.006663523148745298,0.0,,0.0029522741679102182,0.007444577291607857,0.00870683416724205,0.0,0.015951599925756454,0.0,,0.0,0.0,0.0,0.0,0.0,0.0,,0.0,,0.005740217864513397,0.007723913062363863,0.0016765532782301307,0.0,0.0,0.0,0.0,,0.0,0.011521018110215664,0.0028374833054840565,,,0.0,0.0,0.0,0.0,0.0,0.0,0.0,0.0,0.0,,0.0,0.0,0.0014217449352145195,,0.0,0.0,0.0,0.015036061406135559,0.0,0.0,0.0,,,0.0,0.002523822244256735,0.0,0.0,0.0,,0.012212172150611877,,0.010441260412335396,0.0,,0.0,0.0001980172237381339,0.0,0.0,,,0.0,0.009777898900210857,,0.011562291532754898,0.0,,,0.0,0.021612513810396194,0.0,0.0,0.0,0.0,0.0,,,0.0,0.0,0.0,0.0,0.0,,,0.0,0.0,0.0,,0.0,0.0,,0.0,0.0,0.010721533559262753,,0.0,0.0,0.0,0.0,,0.0,0.0,,0.0,0.0,0.0,0.000222572882194072,0.004138255026191473,0.0,0.0,0.0,0.0,0.0,0.0,0.0,0.0,,0.01636638306081295,,0.0,0.013081780634820461,0.00596213573589921,0.0,0.0,0.0,0.00783260352909565,0.013072560541331768,0.0,0.01504174992442131,0.0,,0.0,,0.0,0.007702955510467291,0.0,,0.0,0.0,0.0,0.0064319828525185585,0.0,0.0,0.0,0.0,0.006455377209931612,0.002276746090501547,0.0,,,0.0,0.0,0.0,,,,0.0,0.0,,0.0,,0.0,,0.0,,,0.0,,,,,0.0,,0.0,0.009475049562752247,0.0,,0.0,0.0,0.0006172159337438643,,0.011276694014668465,0.0,,0.0,0.008886725641787052,0.0,,,0.0,,0.01935204491019249,0.0,0.0,,0.0,0.0019069688860327005,,,,0.0,0.0,0.0,0.0,0.0,7.387471123365685e-05,,,,0.007764055393636227,0.0,,0.0,,0.0,0.0,0.0,0.0,,,0.0,0.0,,,0.0,,0.0,,0.0,0.0,0.0,0.0,0.0,0.0,0.0,,0.0,0.010640541091561317,0.0,0.0,0.0,,,0.0,0.0,0.0,0.0,0.004161264281719923,0.0073729087598621845,,,,0.007771022617816925,0.0,0.0,0.0,,,0.008342444896697998,0.0,0.0,,0.0,,,,,0.0,0.013751369901001453,0.0,,0.0,,,0.0,,0.006028351373970509,0.0,0.0,0.0,,0.006963010877370834,0.0,,0.0,0.0,0.0,0.0,0.0,,0.0025301980786025524,0.0,0.0,,0.0,0.0,0.0,0.0,0.0,0.0,0.0,,0.0009805925656110048,0.0,0.0,0.007419695612043142,0.0,0.0,0.0,,0.0,0.0,0.0,0.010489208623766899,0.0,0.0,0.0,0.0,0.0,0.0,0.00028485566144809127,0.0,0.0,0.0,,0.0,0.0,0.0,0.0,0.0,0.0,0.0,0.0,0.0,0.004446286242455244,0.0,0.0,0.0,,0.0,0.006903916597366333,,0.0032303640618920326,0.0,0.0,0.0,0.0,0.0,0.007855664007365704,0.0,0.0,0.0,0.011428353376686573,0.0,0.014265907928347588,0.0,0.0,0.0,0.0,0.0,0.0,0.0,0.0,0.0,0.0,0.0,0.0,0.0071387211792171,0.0,0.0,0.0,0.010663309134542942,0.009583434090018272,0.0,0.00991410668939352,0.0,0.0,0.0,0.019269602373242378,0.0,0.0,0.0,0.0,0.0,0.0,0.0,0.0,0.004451911896467209,0.0,0.0,0.0,0.0,0.0,0.015617968514561653,0.0,0.008543897420167923,0.0,0.0,0.017431413754820824,0.0,0.0,0.0,0.0,0.0,0.011158911511301994,0.0,0.006921166554093361,0.0,0.013884417712688446,0.0,0.0,0.0,0.0,0.0,0.017269155010581017,0.0,0.00583390099927783,0.0,0.0,,,,,,,,,,,,,,,,,,,,,,,,,,,,,,,,,,,,,,,,,,,,,,,,,,,,,,,,,,,,,,,,,,,,,,,,,,,,,,,,,,,,,,,,,,,,,,,,,,,,,,,,,,,,,,,,,,,,,,,,,,,,,,
2020-11-04,758378.3513003393,150.51178644412107,,,,,,,,,,,76494.84123570709,,1039061.7711000025,,,,,,,,,,,,,,,,,,,,,,,,,,,,,,,,,,,,,,,,,,,3149.6215872260254,,,,,,,,,,,,,,,,,,,,,,8704.086908857678,9601.173179018377,3085.5381259255305,7421.891063893989,9720.49293047043,70900.82679829602,24211.456103277695,4933.256886997691,32567.54552896738,,,,,,,,,,,,,,,,,,,,,,,,,,,,,,,,,,,,0.007672586012631655,0.0,0.0,0.01092440728098154,0.0,0.0,0.0,0.0,0.0,0.0,0.0,0.0,0.0,0.0,0.0,0.0,,0.0,,0.0,,0.0,0.0,0.0,0.010507198981940746,0.0,,0.0,0.0,0.010712611488997936,0.0,0.012846814468502998,0.0,,0.0,,,,0.0,0.0,0.0,,0.0,0.0,0.0012285824632272124,0.009027548134326935,0.0,,,0.0,,0.0,0.0,0.0,0.0,0.0,0.0,0.0,0.0,0.006439491640776396,0.015234255231916904,0.0,0.0,0.0,,0.011381476186215878,0.0,0.0,0.0,0.015055594965815544,,0.0005889178719371557,0.0,,0.0,0.0,0.0,0.0,,0.0,0.0,0.0,,0.0,,0.0,0.0,,0.0,,0.0,0.0,0.0030229962430894375,0.01743323914706707,0.0,0.012673601508140564,0.0,0.016194811090826988,0.0,,,0.009300514124333858,0.0,,,,,0.0,0.0,0.0,0.0,0.0,0.0,0.0,0.0,0.0,,0.012146583758294582,0.0019998527131974697,0.0,,0.019029388204216957,0.0,0.0015352413756772876,0.0,0.0,0.0,,0.002669151872396469,,0.014855947345495224,0.0,0.0,0.01175154373049736,,0.0,0.0,,0.0,0.0,0.0,0.0,0.0,0.0001421356719220057,0.0011042432161048055,0.0,0.0,0.0046468619257211685,0.003770541399717331,0.0,0.0012880248250439763,,0.02132318913936615,0.0,0.004850889090448618,0.0,,0.0,0.007785265799611807,0.0,0.0,0.0,0.0,0.0061191171407699585,0.0,0.0,0.0,,0.015078713186085224,0.0,0.0,,,,0.006918592378497124,0.002163069089874625,,0.0,0.0,0.0,0.0,,0.0,,0.0,0.0,0.013318006880581379,0.0,0.0,0.0,,,,0.0,0.01897398941218853,0.0,0.0,0.0,,0.0,0.008289680816233158,0.007186546456068754,0.0,,0.0,0.015495573170483112,0.0,0.0,0.0,,0.002988440217450261,0.0071138362400233746,0.006663523148745298,0.0,,0.0029522741679102182,0.007444577291607857,0.00870683416724205,0.0,0.015951599925756454,0.0,,0.0,0.0,0.0,0.0,0.0,0.0,,0.0,,0.005740217864513397,0.007723913062363863,0.0016765532782301307,0.0,0.0,0.0,0.0,,0.0,0.011521018110215664,0.0028374833054840565,,,0.0,0.0,0.0,0.0,0.0,0.0,0.0,0.0,0.0,,0.0,0.0,0.0014217449352145195,,0.0,0.0,0.0,0.015036061406135559,0.0,0.0,0.0,,,0.0,0.002523822244256735,0.0,0.0,0.0,,0.012212172150611877,,0.010441260412335396,0.0,,0.0,0.0001980172237381339,0.0,0.0,,,0.0,0.009777898900210857,,0.011562291532754898,0.0,,,0.0,0.021612513810396194,0.0,0.0,0.0,0.0,0.0,,,0.0,0.0,0.0,0.0,0.0,,,0.0,0.0,0.0,,0.0,0.0,,0.0,0.0,0.010721533559262753,,0.0,0.0,0.0,0.0,,0.0,0.0,,0.0,0.0,0.0,0.000222572882194072,0.004138255026191473,0.0,0.0,0.0,0.0,0.0,0.0,0.0,0.0,,0.01636638306081295,,0.0,0.013081780634820461,0.00596213573589921,0.0,0.0,0.0,0.00783260352909565,0.013072560541331768,0.0,0.01504174992442131,0.0,,0.0,,0.0,0.007702955510467291,0.0,,0.0,0.0,0.0,0.0064319828525185585,0.0,0.0,0.0,0.0,0.006455377209931612,0.002276746090501547,0.0,,,0.0,0.0,0.0,,,,0.0,0.0,,0.0,,0.0,,0.0,,,0.0,,,,,0.0,,0.0,0.009475049562752247,0.0,,0.0,0.0,0.0006172159337438643,,0.011276694014668465,0.0,,0.0,0.008886725641787052,0.0,,,0.0,,0.01935204491019249,0.0,0.0,,0.0,0.0019069688860327005,,,,0.0,0.0,0.0,0.0,0.0,7.387471123365685e-05,,,,0.007764055393636227,0.0,,0.0,,0.0,0.0,0.0,0.0,,,0.0,0.0,,,0.0,,0.0,,0.0,0.0,0.0,0.0,0.0,0.0,0.0,,0.0,0.010640541091561317,0.0,0.0,0.0,,,0.0,0.0,0.0,0.0,0.004161264281719923,0.0073729087598621845,,,,0.007771022617816925,0.0,0.0,0.0,,,0.008342444896697998,0.0,0.0,,0.0,,,,,0.0,0.013751369901001453,0.0,,0.0,,,0.0,,0.006028351373970509,0.0,0.0,0.0,,0.006963010877370834,0.0,,0.0,0.0,0.0,0.0,0.0,,0.0025301980786025524,0.0,0.0,,0.0,0.0,0.0,0.0,0.0,0.0,0.0,,0.0009805925656110048,0.0,0.0,0.007419695612043142,0.0,0.0,0.0,,0.0,0.0,0.0,0.010489208623766899,0.0,0.0,0.0,0.0,0.0,0.0,0.00028485566144809127,0.0,0.0,0.0,,0.0,0.0,0.0,0.0,0.0,0.0,0.0,0.0,0.0,0.004446286242455244,0.0,0.0,0.0,,0.0,0.006903916597366333,,0.0032303640618920326,0.0,0.0,0.0,0.0,0.0,0.007855664007365704,0.0,0.0,0.0,0.011428353376686573,0.0,0.014265907928347588,0.0,0.0,0.0,0.0,0.0,0.0,0.0,0.0,0.0,0.0,0.0,0.0,0.0071387211792171,0.0,0.0,0.0,0.010663309134542942,0.009583434090018272,0.0,0.00991410668939352,0.0,0.0,0.0,0.019269602373242378,0.0,0.0,0.0,0.0,0.0,0.0,0.0,0.0,0.004451911896467209,0.0,0.0,0.0,0.0,0.0,0.015617968514561653,0.0,0.008543897420167923,0.0,0.0,0.017431413754820824,0.0,0.0,0.0,0.0,0.0,0.011158911511301994,0.0,0.006921166554093361,0.0,0.013884417712688446,0.0,0.0,0.0,0.0,0.0,0.017269155010581017,0.0,0.00583390099927783,0.0,0.0,,,,,,,,,,,,,,,,,,,,,,,,,,,,,,,,,,,,,,,,,,,,,,,,,,,,,,,,,,,,,,,,,,,,,,,,,,,,,,,,,,,,,,,,,,,,,,,,,,,,,,,,,,,,,,,,,,,,,,,,,,,,,,
2020-11-05,766217.4582752505,1208.4756922148226,,,,,,,,,,,76494.84123570709,,1039061.7711000025,,,,,,,,,,,,,,,,,,,,,,,,,,,,,,,,,,,,,,,,,,,3149.6215872260254,,,,,,,,,,,,,,,,,,,,,,8704.086908857678,9601.173179018377,3085.5381259255305,7421.891063893989,9720.49293047043,70900.82679829602,24211.456103277695,4865.722319718951,32566.55366906417,,,,,,,,,,,,,,,,,,,,,,,,,,,,,,,,,,,,0.007672586012631655,0.0,0.0,0.01092440728098154,0.0,0.0,0.0,0.0,0.0,0.0,0.0,0.0,0.0,0.0,0.0,0.0,,0.0,,0.0,,0.0,0.0,0.0,0.010507198981940746,0.0,,0.0,0.0,0.010712611488997936,0.0,0.012846814468502998,0.0,,0.0,,,,0.0,0.0,0.0,,0.0,0.0,0.0012285824632272124,0.009027548134326935,0.0,,,0.0,,0.0,0.0,0.0,0.0,0.0,0.0,0.0,0.0,0.006439491640776396,0.015234255231916904,0.0,0.0,0.0,,0.011381476186215878,0.0,0.0,0.0,0.015055594965815544,,0.0005889178719371557,0.0,,0.0,0.0,0.0,0.0,,0.0,0.0,0.0,,0.0,,0.0,0.0,,0.0,,0.0,0.0,0.0030229962430894375,0.01743323914706707,0.0,0.012673601508140564,0.0,0.016194811090826988,0.0,,,0.009300514124333858,0.0,,,,,0.0,0.0,0.0,0.0,0.0,0.0,0.0,0.0,0.0,,0.012146583758294582,0.0019998527131974697,0.0,,0.019029388204216957,0.0,0.0015352413756772876,0.0,0.0,0.0,,0.002669151872396469,,0.014855947345495224,0.0,0.0,0.01175154373049736,,0.0,0.0,,0.0,0.0,0.0,0.0,0.0,0.0001421356719220057,0.0011042432161048055,0.0,0.0,0.0046468619257211685,0.003770541399717331,0.0,0.0012880248250439763,,0.02132318913936615,0.0,0.004850889090448618,0.0,,0.0,0.007785265799611807,0.0,0.0,0.0,0.0,0.0061191171407699585,0.0,0.0,0.0,,0.015078713186085224,0.0,0.0,,,,0.006918592378497124,0.002163069089874625,,0.0,0.0,0.0,0.0,,0.0,,0.0,0.0,0.013318006880581379,0.0,0.0,0.0,,,,0.0,0.01897398941218853,0.0,0.0,0.0,,0.0,0.008289680816233158,0.007186546456068754,0.0,,0.0,0.015495573170483112,0.0,0.0,0.0,,0.002988440217450261,0.0071138362400233746,0.006663523148745298,0.0,,0.0029522741679102182,0.007444577291607857,0.00870683416724205,0.0,0.015951599925756454,0.0,,0.0,0.0,0.0,0.0,0.0,0.0,,0.0,,0.005740217864513397,0.007723913062363863,0.0016765532782301307,0.0,0.0,0.0,0.0,,0.0,0.011521018110215664,0.0028374833054840565,,,0.0,0.0,0.0,0.0,0.0,0.0,0.0,0.0,0.0,,0.0,0.0,0.0014217449352145195,,0.0,0.0,0.0,0.015036061406135559,0.0,0.0,0.0,,,0.0,0.002523822244256735,0.0,0.0,0.0,,0.012212172150611877,,0.010441260412335396,0.0,,0.0,0.0001980172237381339,0.0,0.0,,,0.0,0.009777898900210857,,0.011562291532754898,0.0,,,0.0,0.021612513810396194,0.0,0.0,0.0,0.0,0.0,,,0.0,0.0,0.0,0.0,0.0,,,0.0,0.0,0.0,,0.0,0.0,,0.0,0.0,0.010721533559262753,,0.0,0.0,0.0,0.0,,0.0,0.0,,0.0,0.0,0.0,0.000222572882194072,0.004138255026191473,0.0,0.0,0.0,0.0,0.0,0.0,0.0,0.0,,0.01636638306081295,,0.0,0.013081780634820461,0.00596213573589921,0.0,0.0,0.0,0.00783260352909565,0.013072560541331768,0.0,0.01504174992442131,0.0,,0.0,,0.0,0.007702955510467291,0.0,,0.0,0.0,0.0,0.0064319828525185585,0.0,0.0,0.0,0.0,0.006455377209931612,0.002276746090501547,0.0,,,0.0,0.0,0.0,,,,0.0,0.0,,0.0,,0.0,,0.0,,,0.0,,,,,0.0,,0.0,0.009475049562752247,0.0,,0.0,0.0,0.0006172159337438643,,0.011276694014668465,0.0,,0.0,0.008886725641787052,0.0,,,0.0,,0.01935204491019249,0.0,0.0,,0.0,0.0019069688860327005,,,,0.0,0.0,0.0,0.0,0.0,7.387471123365685e-05,,,,0.007764055393636227,0.0,,0.0,,0.0,0.0,0.0,0.0,,,0.0,0.0,,,0.0,,0.0,,0.0,0.0,0.0,0.0,0.0,0.0,0.0,,0.0,0.010640541091561317,0.0,0.0,0.0,,,0.0,0.0,0.0,0.0,0.004161264281719923,0.0073729087598621845,,,,0.007771022617816925,0.0,0.0,0.0,,,0.008342444896697998,0.0,0.0,,0.0,,,,,0.0,0.013751369901001453,0.0,,0.0,,,0.0,,0.006028351373970509,0.0,0.0,0.0,,0.006963010877370834,0.0,,0.0,0.0,0.0,0.0,0.0,,0.0025301980786025524,0.0,0.0,,0.0,0.0,0.0,0.0,0.0,0.0,0.0,,0.0009805925656110048,0.0,0.0,0.007419695612043142,0.0,0.0,0.0,,0.0,0.0,0.0,0.010489208623766899,0.0,0.0,0.0,0.0,0.0,0.0,0.00028485566144809127,0.0,0.0,0.0,,0.0,0.0,0.0,0.0,0.0,0.0,0.0,0.0,0.0,0.004446286242455244,0.0,0.0,0.0,,0.0,0.006903916597366333,,0.0032303640618920326,0.0,0.0,0.0,0.0,0.0,0.007855664007365704,0.0,0.0,0.0,0.011428353376686573,0.0,0.014265907928347588,0.0,0.0,0.0,0.0,0.0,0.0,0.0,0.0,0.0,0.0,0.0,0.0,0.0071387211792171,0.0,0.0,0.0,0.010663309134542942,0.009583434090018272,0.0,0.00991410668939352,0.0,0.0,0.0,0.019269602373242378,0.0,0.0,0.0,0.0,0.0,0.0,0.0,0.0,0.004451911896467209,0.0,0.0,0.0,0.0,0.0,0.015617968514561653,0.0,0.008543897420167923,0.0,0.0,0.017431413754820824,0.0,0.0,0.0,0.0,0.0,0.011158911511301994,0.0,0.006921166554093361,0.0,0.013884417712688446,0.0,0.0,0.0,0.0,0.0,0.017269155010581017,0.0,0.00583390099927783,0.0,0.0,,,,,,,,,,,,,,,,,,,,,,,,,,,,,,,,,,,,,,,,,,,,,,,,,,,,,,,,,,,,,,,,,,,,,,,,,,,,,,,,,,,,,,,,,,,,,,,,,,,,,,,,,,,,,,,,,,,,,,,,,,,,,,
2020-11-06,766064.3051373467,61.522977836285534,,,,,,,,,,,76494.84123570709,,1039061.7711000025,,,,,,,,,,,,,,,,,,,,,,,,,,,,,,,,,,,,,,,,,,,3149.6215872260254,,,,,,,,,,,,,,,,,,,,,,8704.086908857678,9708.908433954643,3085.5381259255305,7421.891063893989,9720.49293047043,70900.82679829602,24304.77339198152,4865.722319718951,32569.968210025538,,,,,,,,,,,,,,,,,,,,,,,,,,,,,,,,,,,,0.007672586012631655,0.0,0.0,0.01092440728098154,0.0,0.0,0.0,0.0,0.0,0.0,0.0,0.0,0.0,0.0,0.0,0.0,,0.0,,0.0,,0.0,0.0,0.0,0.010507198981940746,0.0,,0.0,0.0,0.010712611488997936,0.0,0.012846814468502998,0.0,,0.0,,,,0.0,0.0,0.0,,0.0,0.0,0.0012285824632272124,0.009027548134326935,0.0,,,0.0,,0.0,0.0,0.0,0.0,0.0,0.0,0.0,0.0,0.006439491640776396,0.015234255231916904,0.0,0.0,0.0,,0.011381476186215878,0.0,0.0,0.0,0.015055594965815544,,0.0005889178719371557,0.0,,0.0,0.0,0.0,0.0,,0.0,0.0,0.0,,0.0,,0.0,0.0,,0.0,,0.0,0.0,0.0030229962430894375,0.01743323914706707,0.0,0.012673601508140564,0.0,0.016194811090826988,0.0,,,0.009300514124333858,0.0,,,,,0.0,0.0,0.0,0.0,0.0,0.0,0.0,0.0,0.0,,0.012146583758294582,0.0019998527131974697,0.0,,0.019029388204216957,0.0,0.0015352413756772876,0.0,0.0,0.0,,0.002669151872396469,,0.014855947345495224,0.0,0.0,0.01175154373049736,,0.0,0.0,,0.0,0.0,0.0,0.0,0.0,0.0001421356719220057,0.0011042432161048055,0.0,0.0,0.0046468619257211685,0.003770541399717331,0.0,0.0012880248250439763,,0.02132318913936615,0.0,0.004850889090448618,0.0,,0.0,0.007785265799611807,0.0,0.0,0.0,0.0,0.0061191171407699585,0.0,0.0,0.0,,0.015078713186085224,0.0,0.0,,,,0.006918592378497124,0.002163069089874625,,0.0,0.0,0.0,0.0,,0.0,,0.0,0.0,0.013318006880581379,0.0,0.0,0.0,,,,0.0,0.01897398941218853,0.0,0.0,0.0,,0.0,0.008289680816233158,0.007186546456068754,0.0,,0.0,0.015495573170483112,0.0,0.0,0.0,,0.002988440217450261,0.0071138362400233746,0.006663523148745298,0.0,,0.0029522741679102182,0.007444577291607857,0.00870683416724205,0.0,0.015951599925756454,0.0,,0.0,0.0,0.0,0.0,0.0,0.0,,0.0,,0.005740217864513397,0.007723913062363863,0.0016765532782301307,0.0,0.0,0.0,0.0,,0.0,0.011521018110215664,0.0028374833054840565,,,0.0,0.0,0.0,0.0,0.0,0.0,0.0,0.0,0.0,,0.0,0.0,0.0014217449352145195,,0.0,0.0,0.0,0.015036061406135559,0.0,0.0,0.0,,,0.0,0.002523822244256735,0.0,0.0,0.0,,0.012212172150611877,,0.010441260412335396,0.0,,0.0,0.0001980172237381339,0.0,0.0,,,0.0,0.009777898900210857,,0.011562291532754898,0.0,,,0.0,0.021612513810396194,0.0,0.0,0.0,0.0,0.0,,,0.0,0.0,0.0,0.0,0.0,,,0.0,0.0,0.0,,0.0,0.0,,0.0,0.0,0.010721533559262753,,0.0,0.0,0.0,0.0,,0.0,0.0,,0.0,0.0,0.0,0.000222572882194072,0.004138255026191473,0.0,0.0,0.0,0.0,0.0,0.0,0.0,0.0,,0.01636638306081295,,0.0,0.013081780634820461,0.00596213573589921,0.0,0.0,0.0,0.00783260352909565,0.013072560541331768,0.0,0.01504174992442131,0.0,,0.0,,0.0,0.007702955510467291,0.0,,0.0,0.0,0.0,0.0064319828525185585,0.0,0.0,0.0,0.0,0.006455377209931612,0.002276746090501547,0.0,,,0.0,0.0,0.0,,,,0.0,0.0,,0.0,,0.0,,0.0,,,0.0,,,,,0.0,,0.0,0.009475049562752247,0.0,,0.0,0.0,0.0006172159337438643,,0.011276694014668465,0.0,,0.0,0.008886725641787052,0.0,,,0.0,,0.01935204491019249,0.0,0.0,,0.0,0.0019069688860327005,,,,0.0,0.0,0.0,0.0,0.0,7.387471123365685e-05,,,,0.007764055393636227,0.0,,0.0,,0.0,0.0,0.0,0.0,,,0.0,0.0,,,0.0,,0.0,,0.0,0.0,0.0,0.0,0.0,0.0,0.0,,0.0,0.010640541091561317,0.0,0.0,0.0,,,0.0,0.0,0.0,0.0,0.004161264281719923,0.0073729087598621845,,,,0.007771022617816925,0.0,0.0,0.0,,,0.008342444896697998,0.0,0.0,,0.0,,,,,0.0,0.013751369901001453,0.0,,0.0,,,0.0,,0.006028351373970509,0.0,0.0,0.0,,0.006963010877370834,0.0,,0.0,0.0,0.0,0.0,0.0,,0.0025301980786025524,0.0,0.0,,0.0,0.0,0.0,0.0,0.0,0.0,0.0,,0.0009805925656110048,0.0,0.0,0.007419695612043142,0.0,0.0,0.0,,0.0,0.0,0.0,0.010489208623766899,0.0,0.0,0.0,0.0,0.0,0.0,0.00028485566144809127,0.0,0.0,0.0,,0.0,0.0,0.0,0.0,0.0,0.0,0.0,0.0,0.0,0.004446286242455244,0.0,0.0,0.0,,0.0,0.006903916597366333,,0.0032303640618920326,0.0,0.0,0.0,0.0,0.0,0.007855664007365704,0.0,0.0,0.0,0.011428353376686573,0.0,0.014265907928347588,0.0,0.0,0.0,0.0,0.0,0.0,0.0,0.0,0.0,0.0,0.0,0.0,0.0071387211792171,0.0,0.0,0.0,0.010663309134542942,0.009583434090018272,0.0,0.00991410668939352,0.0,0.0,0.0,0.019269602373242378,0.0,0.0,0.0,0.0,0.0,0.0,0.0,0.0,0.004451911896467209,0.0,0.0,0.0,0.0,0.0,0.015617968514561653,0.0,0.008543897420167923,0.0,0.0,0.017431413754820824,0.0,0.0,0.0,0.0,0.0,0.011158911511301994,0.0,0.006921166554093361,0.0,0.013884417712688446,0.0,0.0,0.0,0.0,0.0,0.017269155010581017,0.0,0.00583390099927783,0.0,0.0,,,,,,,,,,,,,,,,,,,,,,,,,,,,,,,,,,,,,,,,,,,,,,,,,,,,,,,,,,,,,,,,,,,,,,,,,,,,,,,,,,,,,,,,,,,,,,,,,,,,,,,,,,,,,,,,,,,,,,,,,,,,,,
2020-11-09,783061.3151392457,1347.6534412833437,,,,,,,,,,,76494.84123570709,,1039061.7711000025,,,,,,,,,,,,,,,,,,,,,,,,,,,,,,,,,,,,,,,,,,,3251.2242014263597,,,,,,,,,,,,,,,,,,,,,,8704.086908857678,9708.908433954643,3085.5381259255305,7421.891063893989,9720.49293047043,70900.82679829602,24211.557416484586,4865.722319718951,31444.776665394573,,,,,,,,,,,,,,,,,,,,,,,,,,,,,,,,,,,,0.007672586012631655,0.0,0.0,0.01092440728098154,0.0,0.0,0.0,0.0,0.0,0.0,0.0,0.0,0.0,0.0,0.0,0.0,,0.0,,0.0,,0.0,0.0,0.0,0.010507198981940746,0.0,,0.0,0.0,0.010712611488997936,0.0,0.012846814468502998,0.0,,0.0,,,,0.0,0.0,0.0,,0.0,0.0,0.0012285824632272124,0.009027548134326935,0.0,,,0.0,,0.0,0.0,0.0,0.0,0.0,0.0,0.0,0.0,0.006439491640776396,0.015234255231916904,0.0,0.0,0.0,,0.011381476186215878,0.0,0.0,0.0,0.015055594965815544,,0.0005889178719371557,0.0,,0.0,0.0,0.0,0.0,,0.0,0.0,0.0,,0.0,,0.0,0.0,,0.0,,0.0,0.0,0.0030229962430894375,0.01743323914706707,0.0,0.012673601508140564,0.0,0.016194811090826988,0.0,,,0.009300514124333858,0.0,,,,,0.0,0.0,0.0,0.0,0.0,0.0,0.0,0.0,0.0,,0.012146583758294582,0.0019998527131974697,0.0,,0.019029388204216957,0.0,0.0015352413756772876,0.0,0.0,0.0,,0.002669151872396469,,0.014855947345495224,0.0,0.0,0.01175154373049736,,0.0,0.0,,0.0,0.0,0.0,0.0,0.0,0.0001421356719220057,0.0011042432161048055,0.0,0.0,0.0046468619257211685,0.003770541399717331,0.0,0.0012880248250439763,,0.02132318913936615,0.0,0.004850889090448618,0.0,,0.0,0.007785265799611807,0.0,0.0,0.0,0.0,0.0061191171407699585,0.0,0.0,0.0,,0.015078713186085224,0.0,0.0,,,,0.006918592378497124,0.002163069089874625,,0.0,0.0,0.0,0.0,,0.0,,0.0,0.0,0.013318006880581379,0.0,0.0,0.0,,,,0.0,0.01897398941218853,0.0,0.0,0.0,,0.0,0.008289680816233158,0.007186546456068754,0.0,,0.0,0.015495573170483112,0.0,0.0,0.0,,0.002988440217450261,0.0071138362400233746,0.006663523148745298,0.0,,0.0029522741679102182,0.007444577291607857,0.00870683416724205,0.0,0.015951599925756454,0.0,,0.0,0.0,0.0,0.0,0.0,0.0,,0.0,,0.005740217864513397,0.007723913062363863,0.0016765532782301307,0.0,0.0,0.0,0.0,,0.0,0.011521018110215664,0.0028374833054840565,,,0.0,0.0,0.0,0.0,0.0,0.0,0.0,0.0,0.0,,0.0,0.0,0.0014217449352145195,,0.0,0.0,0.0,0.015036061406135559,0.0,0.0,0.0,,,0.0,0.002523822244256735,0.0,0.0,0.0,,0.012212172150611877,,0.010441260412335396,0.0,,0.0,0.0001980172237381339,0.0,0.0,,,0.0,0.009777898900210857,,0.011562291532754898,0.0,,,0.0,0.021612513810396194,0.0,0.0,0.0,0.0,0.0,,,0.0,0.0,0.0,0.0,0.0,,,0.0,0.0,0.0,,0.0,0.0,,0.0,0.0,0.010721533559262753,,0.0,0.0,0.0,0.0,,0.0,0.0,,0.0,0.0,0.0,0.000222572882194072,0.004138255026191473,0.0,0.0,0.0,0.0,0.0,0.0,0.0,0.0,,0.01636638306081295,,0.0,0.013081780634820461,0.00596213573589921,0.0,0.0,0.0,0.00783260352909565,0.013072560541331768,0.0,0.01504174992442131,0.0,,0.0,,0.0,0.007702955510467291,0.0,,0.0,0.0,0.0,0.0064319828525185585,0.0,0.0,0.0,0.0,0.006455377209931612,0.002276746090501547,0.0,,,0.0,0.0,0.0,,,,0.0,0.0,,0.0,,0.0,,0.0,,,0.0,,,,,0.0,,0.0,0.009475049562752247,0.0,,0.0,0.0,0.0006172159337438643,,0.011276694014668465,0.0,,0.0,0.008886725641787052,0.0,,,0.0,,0.01935204491019249,0.0,0.0,,0.0,0.0019069688860327005,,,,0.0,0.0,0.0,0.0,0.0,7.387471123365685e-05,,,,0.007764055393636227,0.0,,0.0,,0.0,0.0,0.0,0.0,,,0.0,0.0,,,0.0,,0.0,,0.0,0.0,0.0,0.0,0.0,0.0,0.0,,0.0,0.010640541091561317,0.0,0.0,0.0,,,0.0,0.0,0.0,0.0,0.004161264281719923,0.0073729087598621845,,,,0.007771022617816925,0.0,0.0,0.0,,,0.008342444896697998,0.0,0.0,,0.0,,,,,0.0,0.013751369901001453,0.0,,0.0,,,0.0,,0.006028351373970509,0.0,0.0,0.0,,0.006963010877370834,0.0,,0.0,0.0,0.0,0.0,0.0,,0.0025301980786025524,0.0,0.0,,0.0,0.0,0.0,0.0,0.0,0.0,0.0,,0.0009805925656110048,0.0,0.0,0.007419695612043142,0.0,0.0,0.0,,0.0,0.0,0.0,0.010489208623766899,0.0,0.0,0.0,0.0,0.0,0.0,0.00028485566144809127,0.0,0.0,0.0,,0.0,0.0,0.0,0.0,0.0,0.0,0.0,0.0,0.0,0.004446286242455244,0.0,0.0,0.0,,0.0,0.006903916597366333,,0.0032303640618920326,0.0,0.0,0.0,0.0,0.0,0.007855664007365704,0.0,0.0,0.0,0.011428353376686573,0.0,0.014265907928347588,0.0,0.0,0.0,0.0,0.0,0.0,0.0,0.0,0.0,0.0,0.0,0.0,0.0071387211792171,0.0,0.0,0.0,0.010663309134542942,0.009583434090018272,0.0,0.00991410668939352,0.0,0.0,0.0,0.019269602373242378,0.0,0.0,0.0,0.0,0.0,0.0,0.0,0.0,0.004451911896467209,0.0,0.0,0.0,0.0,0.0,0.015617968514561653,0.0,0.008543897420167923,0.0,0.0,0.017431413754820824,0.0,0.0,0.0,0.0,0.0,0.011158911511301994,0.0,0.006921166554093361,0.0,0.013884417712688446,0.0,0.0,0.0,0.0,0.0,0.017269155010581017,0.0,0.00583390099927783,0.0,0.0,,,,,,,,,,,,,,,,,,,,,,,,,,,,,,,,,,,,,,,,,,,,,,,,,,,,,,,,,,,,,,,,,,,,,,,,,,,,,,,,,,,,,,,,,,,,,,,,,,,,,,,,,,,,,,,,,,,,,,,,,,,,,,
2020-11-10,774291.4894383712,386.78354532534655,,,,,,,,,,,76494.84123570709,,1039061.7711000025,,,,,,,,,,,,,,,,,,,,,,,,,,,,,,,,,,,,,,,,,,,3251.2242014263597,,,,,,,,,,,,,,,,,,,,,,8704.086908857678,9277.822563739832,3322.883401489793,7421.891063893989,9720.49293047043,71433.89560767451,24122.812111134943,4865.722319718951,31444.21889267145,,,,,,,,,,,,,,,,,,,,,,,,,,,,,,,,,,,,0.007672586012631655,0.0,0.0,0.01092440728098154,0.0,0.0,0.0,0.0,0.0,0.0,0.0,0.0,0.0,0.0,0.0,0.0,,0.0,,0.0,,0.0,0.0,0.0,0.010507198981940746,0.0,,0.0,0.0,0.010712611488997936,0.0,0.012846814468502998,0.0,,0.0,,,,0.0,0.0,0.0,,0.0,0.0,0.0012285824632272124,0.009027548134326935,0.0,,,0.0,,0.0,0.0,0.0,0.0,0.0,0.0,0.0,0.0,0.006439491640776396,0.015234255231916904,0.0,0.0,0.0,,0.011381476186215878,0.0,0.0,0.0,0.015055594965815544,,0.0005889178719371557,0.0,,0.0,0.0,0.0,0.0,,0.0,0.0,0.0,,0.0,,0.0,0.0,,0.0,,0.0,0.0,0.0030229962430894375,0.01743323914706707,0.0,0.012673601508140564,0.0,0.016194811090826988,0.0,,,0.009300514124333858,0.0,,,,,0.0,0.0,0.0,0.0,0.0,0.0,0.0,0.0,0.0,,0.012146583758294582,0.0019998527131974697,0.0,,0.019029388204216957,0.0,0.0015352413756772876,0.0,0.0,0.0,,0.002669151872396469,,0.014855947345495224,0.0,0.0,0.01175154373049736,,0.0,0.0,,0.0,0.0,0.0,0.0,0.0,0.0001421356719220057,0.0011042432161048055,0.0,0.0,0.0046468619257211685,0.003770541399717331,0.0,0.0012880248250439763,,0.02132318913936615,0.0,0.004850889090448618,0.0,,0.0,0.007785265799611807,0.0,0.0,0.0,0.0,0.0061191171407699585,0.0,0.0,0.0,,0.015078713186085224,0.0,0.0,,,,0.006918592378497124,0.002163069089874625,,0.0,0.0,0.0,0.0,,0.0,,0.0,0.0,0.013318006880581379,0.0,0.0,0.0,,,,0.0,0.01897398941218853,0.0,0.0,0.0,,0.0,0.008289680816233158,0.007186546456068754,0.0,,0.0,0.015495573170483112,0.0,0.0,0.0,,0.002988440217450261,0.0071138362400233746,0.006663523148745298,0.0,,0.0029522741679102182,0.007444577291607857,0.00870683416724205,0.0,0.015951599925756454,0.0,,0.0,0.0,0.0,0.0,0.0,0.0,,0.0,,0.005740217864513397,0.007723913062363863,0.0016765532782301307,0.0,0.0,0.0,0.0,,0.0,0.011521018110215664,0.0028374833054840565,,,0.0,0.0,0.0,0.0,0.0,0.0,0.0,0.0,0.0,,0.0,0.0,0.0014217449352145195,,0.0,0.0,0.0,0.015036061406135559,0.0,0.0,0.0,,,0.0,0.002523822244256735,0.0,0.0,0.0,,0.012212172150611877,,0.010441260412335396,0.0,,0.0,0.0001980172237381339,0.0,0.0,,,0.0,0.009777898900210857,,0.011562291532754898,0.0,,,0.0,0.021612513810396194,0.0,0.0,0.0,0.0,0.0,,,0.0,0.0,0.0,0.0,0.0,,,0.0,0.0,0.0,,0.0,0.0,,0.0,0.0,0.010721533559262753,,0.0,0.0,0.0,0.0,,0.0,0.0,,0.0,0.0,0.0,0.000222572882194072,0.004138255026191473,0.0,0.0,0.0,0.0,0.0,0.0,0.0,0.0,,0.01636638306081295,,0.0,0.013081780634820461,0.00596213573589921,0.0,0.0,0.0,0.00783260352909565,0.013072560541331768,0.0,0.01504174992442131,0.0,,0.0,,0.0,0.007702955510467291,0.0,,0.0,0.0,0.0,0.0064319828525185585,0.0,0.0,0.0,0.0,0.006455377209931612,0.002276746090501547,0.0,,,0.0,0.0,0.0,,,,0.0,0.0,,0.0,,0.0,,0.0,,,0.0,,,,,0.0,,0.0,0.009475049562752247,0.0,,0.0,0.0,0.0006172159337438643,,0.011276694014668465,0.0,,0.0,0.008886725641787052,0.0,,,0.0,,0.01935204491019249,0.0,0.0,,0.0,0.0019069688860327005,,,,0.0,0.0,0.0,0.0,0.0,7.387471123365685e-05,,,,0.007764055393636227,0.0,,0.0,,0.0,0.0,0.0,0.0,,,0.0,0.0,,,0.0,,0.0,,0.0,0.0,0.0,0.0,0.0,0.0,0.0,,0.0,0.010640541091561317,0.0,0.0,0.0,,,0.0,0.0,0.0,0.0,0.004161264281719923,0.0073729087598621845,,,,0.007771022617816925,0.0,0.0,0.0,,,0.008342444896697998,0.0,0.0,,0.0,,,,,0.0,0.013751369901001453,0.0,,0.0,,,0.0,,0.006028351373970509,0.0,0.0,0.0,,0.006963010877370834,0.0,,0.0,0.0,0.0,0.0,0.0,,0.0025301980786025524,0.0,0.0,,0.0,0.0,0.0,0.0,0.0,0.0,0.0,,0.0009805925656110048,0.0,0.0,0.007419695612043142,0.0,0.0,0.0,,0.0,0.0,0.0,0.010489208623766899,0.0,0.0,0.0,0.0,0.0,0.0,0.00028485566144809127,0.0,0.0,0.0,,0.0,0.0,0.0,0.0,0.0,0.0,0.0,0.0,0.0,0.004446286242455244,0.0,0.0,0.0,,0.0,0.006903916597366333,,0.0032303640618920326,0.0,0.0,0.0,0.0,0.0,0.007855664007365704,0.0,0.0,0.0,0.011428353376686573,0.0,0.014265907928347588,0.0,0.0,0.0,0.0,0.0,0.0,0.0,0.0,0.0,0.0,0.0,0.0,0.0071387211792171,0.0,0.0,0.0,0.010663309134542942,0.009583434090018272,0.0,0.00991410668939352,0.0,0.0,0.0,0.019269602373242378,0.0,0.0,0.0,0.0,0.0,0.0,0.0,0.0,0.004451911896467209,0.0,0.0,0.0,0.0,0.0,0.015617968514561653,0.0,0.008543897420167923,0.0,0.0,0.017431413754820824,0.0,0.0,0.0,0.0,0.0,0.011158911511301994,0.0,0.006921166554093361,0.0,0.013884417712688446,0.0,0.0,0.0,0.0,0.0,0.017269155010581017,0.0,0.00583390099927783,0.0,0.0,,,,,,,,,,,,,,,,,,,,,,,,,,,,,,,,,,,,,,,,,,,,,,,,,,,,,,,,,,,,,,,,,,,,,,,,,,,,,,,,,,,,,,,,,,,,,,,,,,,,,,,,,,,,,,,,,,,,,,,,,,,,,,
2020-11-11,768116.6415232327,417.64259620345524,,,,,,,,,,,76494.84123570709,,1039061.7711000025,,,,,,,,,,,,,,,,,,,,,,,,,,,,,,,,,,,,,,,,,,,3251.2242014263597,,,,,,,,,,,,,,,,,,,,,,8704.086908857678,9169.850100831718,3322.883401489793,7421.891063893989,9720.49293047043,71981.27661400178,24213.487724926235,4865.722319718951,31444.21889267145,,,,,,,,,,,,,,,,,,,,,,,,,,,,,,,,,,,,0.007672586012631655,0.0,0.0,0.01092440728098154,0.0,0.0,0.0,0.0,0.0,0.0,0.0,0.0,0.0,0.0,0.0,0.0,,0.0,,0.0,,0.0,0.0,0.0,0.010507198981940746,0.0,,0.0,0.0,0.010712611488997936,0.0,0.012846814468502998,0.0,,0.0,,,,0.0,0.0,0.0,,0.0,0.0,0.0012285824632272124,0.009027548134326935,0.0,,,0.0,,0.0,0.0,0.0,0.0,0.0,0.0,0.0,0.0,0.006439491640776396,0.015234255231916904,0.0,0.0,0.0,,0.011381476186215878,0.0,0.0,0.0,0.015055594965815544,,0.0005889178719371557,0.0,,0.0,0.0,0.0,0.0,,0.0,0.0,0.0,,0.0,,0.0,0.0,,0.0,,0.0,0.0,0.0030229962430894375,0.01743323914706707,0.0,0.012673601508140564,0.0,0.016194811090826988,0.0,,,0.009300514124333858,0.0,,,,,0.0,0.0,0.0,0.0,0.0,0.0,0.0,0.0,0.0,,0.012146583758294582,0.0019998527131974697,0.0,,0.019029388204216957,0.0,0.0015352413756772876,0.0,0.0,0.0,,0.002669151872396469,,0.014855947345495224,0.0,0.0,0.01175154373049736,,0.0,0.0,,0.0,0.0,0.0,0.0,0.0,0.0001421356719220057,0.0011042432161048055,0.0,0.0,0.0046468619257211685,0.003770541399717331,0.0,0.0012880248250439763,,0.02132318913936615,0.0,0.004850889090448618,0.0,,0.0,0.007785265799611807,0.0,0.0,0.0,0.0,0.0061191171407699585,0.0,0.0,0.0,,0.015078713186085224,0.0,0.0,,,,0.006918592378497124,0.002163069089874625,,0.0,0.0,0.0,0.0,,0.0,,0.0,0.0,0.013318006880581379,0.0,0.0,0.0,,,,0.0,0.01897398941218853,0.0,0.0,0.0,,0.0,0.008289680816233158,0.007186546456068754,0.0,,0.0,0.015495573170483112,0.0,0.0,0.0,,0.002988440217450261,0.0071138362400233746,0.006663523148745298,0.0,,0.0029522741679102182,0.007444577291607857,0.00870683416724205,0.0,0.015951599925756454,0.0,,0.0,0.0,0.0,0.0,0.0,0.0,,0.0,,0.005740217864513397,0.007723913062363863,0.0016765532782301307,0.0,0.0,0.0,0.0,,0.0,0.011521018110215664,0.0028374833054840565,,,0.0,0.0,0.0,0.0,0.0,0.0,0.0,0.0,0.0,,0.0,0.0,0.0014217449352145195,,0.0,0.0,0.0,0.015036061406135559,0.0,0.0,0.0,,,0.0,0.002523822244256735,0.0,0.0,0.0,,0.012212172150611877,,0.010441260412335396,0.0,,0.0,0.0001980172237381339,0.0,0.0,,,0.0,0.009777898900210857,,0.011562291532754898,0.0,,,0.0,0.021612513810396194,0.0,0.0,0.0,0.0,0.0,,,0.0,0.0,0.0,0.0,0.0,,,0.0,0.0,0.0,,0.0,0.0,,0.0,0.0,0.010721533559262753,,0.0,0.0,0.0,0.0,,0.0,0.0,,0.0,0.0,0.0,0.000222572882194072,0.004138255026191473,0.0,0.0,0.0,0.0,0.0,0.0,0.0,0.0,,0.01636638306081295,,0.0,0.013081780634820461,0.00596213573589921,0.0,0.0,0.0,0.00783260352909565,0.013072560541331768,0.0,0.01504174992442131,0.0,,0.0,,0.0,0.007702955510467291,0.0,,0.0,0.0,0.0,0.0064319828525185585,0.0,0.0,0.0,0.0,0.006455377209931612,0.002276746090501547,0.0,,,0.0,0.0,0.0,,,,0.0,0.0,,0.0,,0.0,,0.0,,,0.0,,,,,0.0,,0.0,0.009475049562752247,0.0,,0.0,0.0,0.0006172159337438643,,0.011276694014668465,0.0,,0.0,0.008886725641787052,0.0,,,0.0,,0.01935204491019249,0.0,0.0,,0.0,0.0019069688860327005,,,,0.0,0.0,0.0,0.0,0.0,7.387471123365685e-05,,,,0.007764055393636227,0.0,,0.0,,0.0,0.0,0.0,0.0,,,0.0,0.0,,,0.0,,0.0,,0.0,0.0,0.0,0.0,0.0,0.0,0.0,,0.0,0.010640541091561317,0.0,0.0,0.0,,,0.0,0.0,0.0,0.0,0.004161264281719923,0.0073729087598621845,,,,0.007771022617816925,0.0,0.0,0.0,,,0.008342444896697998,0.0,0.0,,0.0,,,,,0.0,0.013751369901001453,0.0,,0.0,,,0.0,,0.006028351373970509,0.0,0.0,0.0,,0.006963010877370834,0.0,,0.0,0.0,0.0,0.0,0.0,,0.0025301980786025524,0.0,0.0,,0.0,0.0,0.0,0.0,0.0,0.0,0.0,,0.0009805925656110048,0.0,0.0,0.007419695612043142,0.0,0.0,0.0,,0.0,0.0,0.0,0.010489208623766899,0.0,0.0,0.0,0.0,0.0,0.0,0.00028485566144809127,0.0,0.0,0.0,,0.0,0.0,0.0,0.0,0.0,0.0,0.0,0.0,0.0,0.004446286242455244,0.0,0.0,0.0,,0.0,0.006903916597366333,,0.0032303640618920326,0.0,0.0,0.0,0.0,0.0,0.007855664007365704,0.0,0.0,0.0,0.011428353376686573,0.0,0.014265907928347588,0.0,0.0,0.0,0.0,0.0,0.0,0.0,0.0,0.0,0.0,0.0,0.0,0.0071387211792171,0.0,0.0,0.0,0.010663309134542942,0.009583434090018272,0.0,0.00991410668939352,0.0,0.0,0.0,0.019269602373242378,0.0,0.0,0.0,0.0,0.0,0.0,0.0,0.0,0.004451911896467209,0.0,0.0,0.0,0.0,0.0,0.015617968514561653,0.0,0.008543897420167923,0.0,0.0,0.017431413754820824,0.0,0.0,0.0,0.0,0.0,0.011158911511301994,0.0,0.006921166554093361,0.0,0.013884417712688446,0.0,0.0,0.0,0.0,0.0,0.017269155010581017,0.0,0.00583390099927783,0.0,0.0,,,,,,,,,,,,,,,,,,,,,,,,,,,,,,,,,,,,,,,,,,,,,,,,,,,,,,,,,,,,,,,,,,,,,,,,,,,,,,,,,,,,,,,,,,,,,,,,,,,,,,,,,,,,,,,,,,,,,,,,,,,,,,
2020-11-12,770370.0475208942,573.9042231050871,,,,,,,,,,,76494.84123570709,,1039061.7711000025,,,,,,,,,,,,,,,,,,,,,,,,,,,,,,,,,,,,,,,,,,,3251.2242014263597,,,,,,,,,,,,,,,,,,,,,,8704.086908857678,9169.850100831718,3322.883401489793,7421.891063893989,9720.49293047043,71981.27661400178,22956.78445867914,4798.154439381799,33690.69964985043,,,,,,,,,,,,,,,,,,,,,,,,,,,,,,,,,,,,0.007672586012631655,0.0,0.0,0.01092440728098154,0.0,0.0,0.0,0.0,0.0,0.0,0.0,0.0,0.0,0.0,0.0,0.0,,0.0,,0.0,,0.0,0.0,0.0,0.010507198981940746,0.0,,0.0,0.0,0.010712611488997936,0.0,0.012846814468502998,0.0,,0.0,,,,0.0,0.0,0.0,,0.0,0.0,0.0012285824632272124,0.009027548134326935,0.0,,,0.0,,0.0,0.0,0.0,0.0,0.0,0.0,0.0,0.0,0.006439491640776396,0.015234255231916904,0.0,0.0,0.0,,0.011381476186215878,0.0,0.0,0.0,0.015055594965815544,,0.0005889178719371557,0.0,,0.0,0.0,0.0,0.0,,0.0,0.0,0.0,,0.0,,0.0,0.0,,0.0,,0.0,0.0,0.0030229962430894375,0.01743323914706707,0.0,0.012673601508140564,0.0,0.016194811090826988,0.0,,,0.009300514124333858,0.0,,,,,0.0,0.0,0.0,0.0,0.0,0.0,0.0,0.0,0.0,,0.012146583758294582,0.0019998527131974697,0.0,,0.019029388204216957,0.0,0.0015352413756772876,0.0,0.0,0.0,,0.002669151872396469,,0.014855947345495224,0.0,0.0,0.01175154373049736,,0.0,0.0,,0.0,0.0,0.0,0.0,0.0,0.0001421356719220057,0.0011042432161048055,0.0,0.0,0.0046468619257211685,0.003770541399717331,0.0,0.0012880248250439763,,0.02132318913936615,0.0,0.004850889090448618,0.0,,0.0,0.007785265799611807,0.0,0.0,0.0,0.0,0.0061191171407699585,0.0,0.0,0.0,,0.015078713186085224,0.0,0.0,,,,0.006918592378497124,0.002163069089874625,,0.0,0.0,0.0,0.0,,0.0,,0.0,0.0,0.013318006880581379,0.0,0.0,0.0,,,,0.0,0.01897398941218853,0.0,0.0,0.0,,0.0,0.008289680816233158,0.007186546456068754,0.0,,0.0,0.015495573170483112,0.0,0.0,0.0,,0.002988440217450261,0.0071138362400233746,0.006663523148745298,0.0,,0.0029522741679102182,0.007444577291607857,0.00870683416724205,0.0,0.015951599925756454,0.0,,0.0,0.0,0.0,0.0,0.0,0.0,,0.0,,0.005740217864513397,0.007723913062363863,0.0016765532782301307,0.0,0.0,0.0,0.0,,0.0,0.011521018110215664,0.0028374833054840565,,,0.0,0.0,0.0,0.0,0.0,0.0,0.0,0.0,0.0,,0.0,0.0,0.0014217449352145195,,0.0,0.0,0.0,0.015036061406135559,0.0,0.0,0.0,,,0.0,0.002523822244256735,0.0,0.0,0.0,,0.012212172150611877,,0.010441260412335396,0.0,,0.0,0.0001980172237381339,0.0,0.0,,,0.0,0.009777898900210857,,0.011562291532754898,0.0,,,0.0,0.021612513810396194,0.0,0.0,0.0,0.0,0.0,,,0.0,0.0,0.0,0.0,0.0,,,0.0,0.0,0.0,,0.0,0.0,,0.0,0.0,0.010721533559262753,,0.0,0.0,0.0,0.0,,0.0,0.0,,0.0,0.0,0.0,0.000222572882194072,0.004138255026191473,0.0,0.0,0.0,0.0,0.0,0.0,0.0,0.0,,0.01636638306081295,,0.0,0.013081780634820461,0.00596213573589921,0.0,0.0,0.0,0.00783260352909565,0.013072560541331768,0.0,0.01504174992442131,0.0,,0.0,,0.0,0.007702955510467291,0.0,,0.0,0.0,0.0,0.0064319828525185585,0.0,0.0,0.0,0.0,0.006455377209931612,0.002276746090501547,0.0,,,0.0,0.0,0.0,,,,0.0,0.0,,0.0,,0.0,,0.0,,,0.0,,,,,0.0,,0.0,0.009475049562752247,0.0,,0.0,0.0,0.0006172159337438643,,0.011276694014668465,0.0,,0.0,0.008886725641787052,0.0,,,0.0,,0.01935204491019249,0.0,0.0,,0.0,0.0019069688860327005,,,,0.0,0.0,0.0,0.0,0.0,7.387471123365685e-05,,,,0.007764055393636227,0.0,,0.0,,0.0,0.0,0.0,0.0,,,0.0,0.0,,,0.0,,0.0,,0.0,0.0,0.0,0.0,0.0,0.0,0.0,,0.0,0.010640541091561317,0.0,0.0,0.0,,,0.0,0.0,0.0,0.0,0.004161264281719923,0.0073729087598621845,,,,0.007771022617816925,0.0,0.0,0.0,,,0.008342444896697998,0.0,0.0,,0.0,,,,,0.0,0.013751369901001453,0.0,,0.0,,,0.0,,0.006028351373970509,0.0,0.0,0.0,,0.006963010877370834,0.0,,0.0,0.0,0.0,0.0,0.0,,0.0025301980786025524,0.0,0.0,,0.0,0.0,0.0,0.0,0.0,0.0,0.0,,0.0009805925656110048,0.0,0.0,0.007419695612043142,0.0,0.0,0.0,,0.0,0.0,0.0,0.010489208623766899,0.0,0.0,0.0,0.0,0.0,0.0,0.00028485566144809127,0.0,0.0,0.0,,0.0,0.0,0.0,0.0,0.0,0.0,0.0,0.0,0.0,0.004446286242455244,0.0,0.0,0.0,,0.0,0.006903916597366333,,0.0032303640618920326,0.0,0.0,0.0,0.0,0.0,0.007855664007365704,0.0,0.0,0.0,0.011428353376686573,0.0,0.014265907928347588,0.0,0.0,0.0,0.0,0.0,0.0,0.0,0.0,0.0,0.0,0.0,0.0,0.0071387211792171,0.0,0.0,0.0,0.010663309134542942,0.009583434090018272,0.0,0.00991410668939352,0.0,0.0,0.0,0.019269602373242378,0.0,0.0,0.0,0.0,0.0,0.0,0.0,0.0,0.004451911896467209,0.0,0.0,0.0,0.0,0.0,0.015617968514561653,0.0,0.008543897420167923,0.0,0.0,0.017431413754820824,0.0,0.0,0.0,0.0,0.0,0.011158911511301994,0.0,0.006921166554093361,0.0,0.013884417712688446,0.0,0.0,0.0,0.0,0.0,0.017269155010581017,0.0,0.00583390099927783,0.0,0.0,,,,,,,,,,,,,,,,,,,,,,,,,,,,,,,,,,,,,,,,,,,,,,,,,,,,,,,,,,,,,,,,,,,,,,,,,,,,,,,,,,,,,,,,,,,,,,,,,,,,,,,,,,,,,,,,,,,,,,,,,,,,,,
2020-11-13,764783.1021954328,117.46710219544275,,,,,,,,,,,76494.84123570709,,1039061.7711000025,,,,,,,,,,,,,,,,,,,,,,,,,,,,,,,,,,,,,,,,,,,3352.8212904955876,,,,,,,,,,,,,,,,,,,,,,8704.086908857678,9169.850100831718,3322.883401489793,7421.891063893989,9720.49293047043,69838.55455090203,22682.688033601546,4933.278348017254,33690.69964985043,,,,,,,,,,,,,,,,,,,,,,,,,,,,,,,,,,,,0.007672586012631655,0.0,0.0,0.01092440728098154,0.0,0.0,0.0,0.0,0.0,0.0,0.0,0.0,0.0,0.0,0.0,0.0,,0.0,,0.0,,0.0,0.0,0.0,0.010507198981940746,0.0,,0.0,0.0,0.010712611488997936,0.0,0.012846814468502998,0.0,,0.0,,,,0.0,0.0,0.0,,0.0,0.0,0.0012285824632272124,0.009027548134326935,0.0,,,0.0,,0.0,0.0,0.0,0.0,0.0,0.0,0.0,0.0,0.006439491640776396,0.015234255231916904,0.0,0.0,0.0,,0.011381476186215878,0.0,0.0,0.0,0.015055594965815544,,0.0005889178719371557,0.0,,0.0,0.0,0.0,0.0,,0.0,0.0,0.0,,0.0,,0.0,0.0,,0.0,,0.0,0.0,0.0030229962430894375,0.01743323914706707,0.0,0.012673601508140564,0.0,0.016194811090826988,0.0,,,0.009300514124333858,0.0,,,,,0.0,0.0,0.0,0.0,0.0,0.0,0.0,0.0,0.0,,0.012146583758294582,0.0019998527131974697,0.0,,0.019029388204216957,0.0,0.0015352413756772876,0.0,0.0,0.0,,0.002669151872396469,,0.014855947345495224,0.0,0.0,0.01175154373049736,,0.0,0.0,,0.0,0.0,0.0,0.0,0.0,0.0001421356719220057,0.0011042432161048055,0.0,0.0,0.0046468619257211685,0.003770541399717331,0.0,0.0012880248250439763,,0.02132318913936615,0.0,0.004850889090448618,0.0,,0.0,0.007785265799611807,0.0,0.0,0.0,0.0,0.0061191171407699585,0.0,0.0,0.0,,0.015078713186085224,0.0,0.0,,,,0.006918592378497124,0.002163069089874625,,0.0,0.0,0.0,0.0,,0.0,,0.0,0.0,0.013318006880581379,0.0,0.0,0.0,,,,0.0,0.01897398941218853,0.0,0.0,0.0,,0.0,0.008289680816233158,0.007186546456068754,0.0,,0.0,0.015495573170483112,0.0,0.0,0.0,,0.002988440217450261,0.0071138362400233746,0.006663523148745298,0.0,,0.0029522741679102182,0.007444577291607857,0.00870683416724205,0.0,0.015951599925756454,0.0,,0.0,0.0,0.0,0.0,0.0,0.0,,0.0,,0.005740217864513397,0.007723913062363863,0.0016765532782301307,0.0,0.0,0.0,0.0,,0.0,0.011521018110215664,0.0028374833054840565,,,0.0,0.0,0.0,0.0,0.0,0.0,0.0,0.0,0.0,,0.0,0.0,0.0014217449352145195,,0.0,0.0,0.0,0.015036061406135559,0.0,0.0,0.0,,,0.0,0.002523822244256735,0.0,0.0,0.0,,0.012212172150611877,,0.010441260412335396,0.0,,0.0,0.0001980172237381339,0.0,0.0,,,0.0,0.009777898900210857,,0.011562291532754898,0.0,,,0.0,0.021612513810396194,0.0,0.0,0.0,0.0,0.0,,,0.0,0.0,0.0,0.0,0.0,,,0.0,0.0,0.0,,0.0,0.0,,0.0,0.0,0.010721533559262753,,0.0,0.0,0.0,0.0,,0.0,0.0,,0.0,0.0,0.0,0.000222572882194072,0.004138255026191473,0.0,0.0,0.0,0.0,0.0,0.0,0.0,0.0,,0.01636638306081295,,0.0,0.013081780634820461,0.00596213573589921,0.0,0.0,0.0,0.00783260352909565,0.013072560541331768,0.0,0.01504174992442131,0.0,,0.0,,0.0,0.007702955510467291,0.0,,0.0,0.0,0.0,0.0064319828525185585,0.0,0.0,0.0,0.0,0.006455377209931612,0.002276746090501547,0.0,,,0.0,0.0,0.0,,,,0.0,0.0,,0.0,,0.0,,0.0,,,0.0,,,,,0.0,,0.0,0.009475049562752247,0.0,,0.0,0.0,0.0006172159337438643,,0.011276694014668465,0.0,,0.0,0.008886725641787052,0.0,,,0.0,,0.01935204491019249,0.0,0.0,,0.0,0.0019069688860327005,,,,0.0,0.0,0.0,0.0,0.0,7.387471123365685e-05,,,,0.007764055393636227,0.0,,0.0,,0.0,0.0,0.0,0.0,,,0.0,0.0,,,0.0,,0.0,,0.0,0.0,0.0,0.0,0.0,0.0,0.0,,0.0,0.010640541091561317,0.0,0.0,0.0,,,0.0,0.0,0.0,0.0,0.004161264281719923,0.0073729087598621845,,,,0.007771022617816925,0.0,0.0,0.0,,,0.008342444896697998,0.0,0.0,,0.0,,,,,0.0,0.013751369901001453,0.0,,0.0,,,0.0,,0.006028351373970509,0.0,0.0,0.0,,0.006963010877370834,0.0,,0.0,0.0,0.0,0.0,0.0,,0.0025301980786025524,0.0,0.0,,0.0,0.0,0.0,0.0,0.0,0.0,0.0,,0.0009805925656110048,0.0,0.0,0.007419695612043142,0.0,0.0,0.0,,0.0,0.0,0.0,0.010489208623766899,0.0,0.0,0.0,0.0,0.0,0.0,0.00028485566144809127,0.0,0.0,0.0,,0.0,0.0,0.0,0.0,0.0,0.0,0.0,0.0,0.0,0.004446286242455244,0.0,0.0,0.0,,0.0,0.006903916597366333,,0.0032303640618920326,0.0,0.0,0.0,0.0,0.0,0.007855664007365704,0.0,0.0,0.0,0.011428353376686573,0.0,0.014265907928347588,0.0,0.0,0.0,0.0,0.0,0.0,0.0,0.0,0.0,0.0,0.0,0.0,0.0071387211792171,0.0,0.0,0.0,0.010663309134542942,0.009583434090018272,0.0,0.00991410668939352,0.0,0.0,0.0,0.019269602373242378,0.0,0.0,0.0,0.0,0.0,0.0,0.0,0.0,0.004451911896467209,0.0,0.0,0.0,0.0,0.0,0.015617968514561653,0.0,0.008543897420167923,0.0,0.0,0.017431413754820824,0.0,0.0,0.0,0.0,0.0,0.011158911511301994,0.0,0.006921166554093361,0.0,0.013884417712688446,0.0,0.0,0.0,0.0,0.0,0.017269155010581017,0.0,0.00583390099927783,0.0,0.0,,,,,,,,,,,,,,,,,,,,,,,,,,,,,,,,,,,,,,,,,,,,,,,,,,,,,,,,,,,,,,,,,,,,,,,,,,,,,,,,,,,,,,,,,,,,,,,,,,,,,,,,,,,,,,,,,,,,,,,,,,,,,,
2020-11-16,770979.5018468535,110.9753899751213,,,,,,,,,,,76494.84123570709,,1039061.7711000025,,,,,,,,,,,,,,,,,,,,,,,,,,,,,,,,,,,,,,,,,,,3352.8212904955876,,,,,,,,,,,,,,,,,,,,,,8704.086908857678,9169.850100831718,3322.883401489793,7421.891063893989,9720.49293047043,69311.28334464799,22862.727893615032,4933.250130789436,33692.069720151776,,,,,,,,,,,,,,,,,,,,,,,,,,,,,,,,,,,,0.007672586012631655,0.0,0.0,0.01092440728098154,0.0,0.0,0.0,0.0,0.0,0.0,0.0,0.0,0.0,0.0,0.0,0.0,,0.0,,0.0,,0.0,0.0,0.0,0.010507198981940746,0.0,,0.0,0.0,0.010712611488997936,0.0,0.012846814468502998,0.0,,0.0,,,,0.0,0.0,0.0,,0.0,0.0,0.0012285824632272124,0.009027548134326935,0.0,,,0.0,,0.0,0.0,0.0,0.0,0.0,0.0,0.0,0.0,0.006439491640776396,0.015234255231916904,0.0,0.0,0.0,,0.011381476186215878,0.0,0.0,0.0,0.015055594965815544,,0.0005889178719371557,0.0,,0.0,0.0,0.0,0.0,,0.0,0.0,0.0,,0.0,,0.0,0.0,,0.0,,0.0,0.0,0.0030229962430894375,0.01743323914706707,0.0,0.012673601508140564,0.0,0.016194811090826988,0.0,,,0.009300514124333858,0.0,,,,,0.0,0.0,0.0,0.0,0.0,0.0,0.0,0.0,0.0,,0.012146583758294582,0.0019998527131974697,0.0,,0.019029388204216957,0.0,0.0015352413756772876,0.0,0.0,0.0,,0.002669151872396469,,0.014855947345495224,0.0,0.0,0.01175154373049736,,0.0,0.0,,0.0,0.0,0.0,0.0,0.0,0.0001421356719220057,0.0011042432161048055,0.0,0.0,0.0046468619257211685,0.003770541399717331,0.0,0.0012880248250439763,,0.02132318913936615,0.0,0.004850889090448618,0.0,,0.0,0.007785265799611807,0.0,0.0,0.0,0.0,0.0061191171407699585,0.0,0.0,0.0,,0.015078713186085224,0.0,0.0,,,,0.006918592378497124,0.002163069089874625,,0.0,0.0,0.0,0.0,,0.0,,0.0,0.0,0.013318006880581379,0.0,0.0,0.0,,,,0.0,0.01897398941218853,0.0,0.0,0.0,,0.0,0.008289680816233158,0.007186546456068754,0.0,,0.0,0.015495573170483112,0.0,0.0,0.0,,0.002988440217450261,0.0071138362400233746,0.006663523148745298,0.0,,0.0029522741679102182,0.007444577291607857,0.00870683416724205,0.0,0.015951599925756454,0.0,,0.0,0.0,0.0,0.0,0.0,0.0,,0.0,,0.005740217864513397,0.007723913062363863,0.0016765532782301307,0.0,0.0,0.0,0.0,,0.0,0.011521018110215664,0.0028374833054840565,,,0.0,0.0,0.0,0.0,0.0,0.0,0.0,0.0,0.0,,0.0,0.0,0.0014217449352145195,,0.0,0.0,0.0,0.015036061406135559,0.0,0.0,0.0,,,0.0,0.002523822244256735,0.0,0.0,0.0,,0.012212172150611877,,0.010441260412335396,0.0,,0.0,0.0001980172237381339,0.0,0.0,,,0.0,0.009777898900210857,,0.011562291532754898,0.0,,,0.0,0.021612513810396194,0.0,0.0,0.0,0.0,0.0,,,0.0,0.0,0.0,0.0,0.0,,,0.0,0.0,0.0,,0.0,0.0,,0.0,0.0,0.010721533559262753,,0.0,0.0,0.0,0.0,,0.0,0.0,,0.0,0.0,0.0,0.000222572882194072,0.004138255026191473,0.0,0.0,0.0,0.0,0.0,0.0,0.0,0.0,,0.01636638306081295,,0.0,0.013081780634820461,0.00596213573589921,0.0,0.0,0.0,0.00783260352909565,0.013072560541331768,0.0,0.01504174992442131,0.0,,0.0,,0.0,0.007702955510467291,0.0,,0.0,0.0,0.0,0.0064319828525185585,0.0,0.0,0.0,0.0,0.006455377209931612,0.002276746090501547,0.0,,,0.0,0.0,0.0,,,,0.0,0.0,,0.0,,0.0,,0.0,,,0.0,,,,,0.0,,0.0,0.009475049562752247,0.0,,0.0,0.0,0.0006172159337438643,,0.011276694014668465,0.0,,0.0,0.008886725641787052,0.0,,,0.0,,0.01935204491019249,0.0,0.0,,0.0,0.0019069688860327005,,,,0.0,0.0,0.0,0.0,0.0,7.387471123365685e-05,,,,0.007764055393636227,0.0,,0.0,,0.0,0.0,0.0,0.0,,,0.0,0.0,,,0.0,,0.0,,0.0,0.0,0.0,0.0,0.0,0.0,0.0,,0.0,0.010640541091561317,0.0,0.0,0.0,,,0.0,0.0,0.0,0.0,0.004161264281719923,0.0073729087598621845,,,,0.007771022617816925,0.0,0.0,0.0,,,0.008342444896697998,0.0,0.0,,0.0,,,,,0.0,0.013751369901001453,0.0,,0.0,,,0.0,,0.006028351373970509,0.0,0.0,0.0,,0.006963010877370834,0.0,,0.0,0.0,0.0,0.0,0.0,,0.0025301980786025524,0.0,0.0,,0.0,0.0,0.0,0.0,0.0,0.0,0.0,,0.0009805925656110048,0.0,0.0,0.007419695612043142,0.0,0.0,0.0,,0.0,0.0,0.0,0.010489208623766899,0.0,0.0,0.0,0.0,0.0,0.0,0.00028485566144809127,0.0,0.0,0.0,,0.0,0.0,0.0,0.0,0.0,0.0,0.0,0.0,0.0,0.004446286242455244,0.0,0.0,0.0,,0.0,0.006903916597366333,,0.0032303640618920326,0.0,0.0,0.0,0.0,0.0,0.007855664007365704,0.0,0.0,0.0,0.011428353376686573,0.0,0.014265907928347588,0.0,0.0,0.0,0.0,0.0,0.0,0.0,0.0,0.0,0.0,0.0,0.0,0.0071387211792171,0.0,0.0,0.0,0.010663309134542942,0.009583434090018272,0.0,0.00991410668939352,0.0,0.0,0.0,0.019269602373242378,0.0,0.0,0.0,0.0,0.0,0.0,0.0,0.0,0.004451911896467209,0.0,0.0,0.0,0.0,0.0,0.015617968514561653,0.0,0.008543897420167923,0.0,0.0,0.017431413754820824,0.0,0.0,0.0,0.0,0.0,0.011158911511301994,0.0,0.006921166554093361,0.0,0.013884417712688446,0.0,0.0,0.0,0.0,0.0,0.017269155010581017,0.0,0.00583390099927783,0.0,0.0,,,,,,,,,,,,,,,,,,,,,,,,,,,,,,,,,,,,,,,,,,,,,,,,,,,,,,,,,,,,,,,,,,,,,,,,,,,,,,,,,,,,,,,,,,,,,,,,,,,,,,,,,,,,,,,,,,,,,,,,,,,,,,
2020-11-17,759907.3854744302,656.6313985829383,,,,,,,,,,,76494.84123570709,,1039061.7711000025,,,,,,,,,,,,,,,,,,,,,,,,,,,,,,,,,,,,,,,,,,,3454.421326636805,,,,,,,,,,,,,,,,,,,,,,8704.086908857678,9169.850100831718,3322.883401489793,7421.891063893989,9720.49293047043,68239.19833981266,23222.826471397428,4798.221699175719,33692.069720151776,,,,,,,,,,,,,,,,,,,,,,,,,,,,,,,,,,,,0.007672586012631655,0.0,0.0,0.01092440728098154,0.0,0.0,0.0,0.0,0.0,0.0,0.0,0.0,0.0,0.0,0.0,0.0,,0.0,,0.0,,0.0,0.0,0.0,0.010507198981940746,0.0,,0.0,0.0,0.010712611488997936,0.0,0.012846814468502998,0.0,,0.0,,,,0.0,0.0,0.0,,0.0,0.0,0.0012285824632272124,0.009027548134326935,0.0,,,0.0,,0.0,0.0,0.0,0.0,0.0,0.0,0.0,0.0,0.006439491640776396,0.015234255231916904,0.0,0.0,0.0,,0.011381476186215878,0.0,0.0,0.0,0.015055594965815544,,0.0005889178719371557,0.0,,0.0,0.0,0.0,0.0,,0.0,0.0,0.0,,0.0,,0.0,0.0,,0.0,,0.0,0.0,0.0030229962430894375,0.01743323914706707,0.0,0.012673601508140564,0.0,0.016194811090826988,0.0,,,0.009300514124333858,0.0,,,,,0.0,0.0,0.0,0.0,0.0,0.0,0.0,0.0,0.0,,0.012146583758294582,0.0019998527131974697,0.0,,0.019029388204216957,0.0,0.0015352413756772876,0.0,0.0,0.0,,0.002669151872396469,,0.014855947345495224,0.0,0.0,0.01175154373049736,,0.0,0.0,,0.0,0.0,0.0,0.0,0.0,0.0001421356719220057,0.0011042432161048055,0.0,0.0,0.0046468619257211685,0.003770541399717331,0.0,0.0012880248250439763,,0.02132318913936615,0.0,0.004850889090448618,0.0,,0.0,0.007785265799611807,0.0,0.0,0.0,0.0,0.0061191171407699585,0.0,0.0,0.0,,0.015078713186085224,0.0,0.0,,,,0.006918592378497124,0.002163069089874625,,0.0,0.0,0.0,0.0,,0.0,,0.0,0.0,0.013318006880581379,0.0,0.0,0.0,,,,0.0,0.01897398941218853,0.0,0.0,0.0,,0.0,0.008289680816233158,0.007186546456068754,0.0,,0.0,0.015495573170483112,0.0,0.0,0.0,,0.002988440217450261,0.0071138362400233746,0.006663523148745298,0.0,,0.0029522741679102182,0.007444577291607857,0.00870683416724205,0.0,0.015951599925756454,0.0,,0.0,0.0,0.0,0.0,0.0,0.0,,0.0,,0.005740217864513397,0.007723913062363863,0.0016765532782301307,0.0,0.0,0.0,0.0,,0.0,0.011521018110215664,0.0028374833054840565,,,0.0,0.0,0.0,0.0,0.0,0.0,0.0,0.0,0.0,,0.0,0.0,0.0014217449352145195,,0.0,0.0,0.0,0.015036061406135559,0.0,0.0,0.0,,,0.0,0.002523822244256735,0.0,0.0,0.0,,0.012212172150611877,,0.010441260412335396,0.0,,0.0,0.0001980172237381339,0.0,0.0,,,0.0,0.009777898900210857,,0.011562291532754898,0.0,,,0.0,0.021612513810396194,0.0,0.0,0.0,0.0,0.0,,,0.0,0.0,0.0,0.0,0.0,,,0.0,0.0,0.0,,0.0,0.0,,0.0,0.0,0.010721533559262753,,0.0,0.0,0.0,0.0,,0.0,0.0,,0.0,0.0,0.0,0.000222572882194072,0.004138255026191473,0.0,0.0,0.0,0.0,0.0,0.0,0.0,0.0,,0.01636638306081295,,0.0,0.013081780634820461,0.00596213573589921,0.0,0.0,0.0,0.00783260352909565,0.013072560541331768,0.0,0.01504174992442131,0.0,,0.0,,0.0,0.007702955510467291,0.0,,0.0,0.0,0.0,0.0064319828525185585,0.0,0.0,0.0,0.0,0.006455377209931612,0.002276746090501547,0.0,,,0.0,0.0,0.0,,,,0.0,0.0,,0.0,,0.0,,0.0,,,0.0,,,,,0.0,,0.0,0.009475049562752247,0.0,,0.0,0.0,0.0006172159337438643,,0.011276694014668465,0.0,,0.0,0.008886725641787052,0.0,,,0.0,,0.01935204491019249,0.0,0.0,,0.0,0.0019069688860327005,,,,0.0,0.0,0.0,0.0,0.0,7.387471123365685e-05,,,,0.007764055393636227,0.0,,0.0,,0.0,0.0,0.0,0.0,,,0.0,0.0,,,0.0,,0.0,,0.0,0.0,0.0,0.0,0.0,0.0,0.0,,0.0,0.010640541091561317,0.0,0.0,0.0,,,0.0,0.0,0.0,0.0,0.004161264281719923,0.0073729087598621845,,,,0.007771022617816925,0.0,0.0,0.0,,,0.008342444896697998,0.0,0.0,,0.0,,,,,0.0,0.013751369901001453,0.0,,0.0,,,0.0,,0.006028351373970509,0.0,0.0,0.0,,0.006963010877370834,0.0,,0.0,0.0,0.0,0.0,0.0,,0.0025301980786025524,0.0,0.0,,0.0,0.0,0.0,0.0,0.0,0.0,0.0,,0.0009805925656110048,0.0,0.0,0.007419695612043142,0.0,0.0,0.0,,0.0,0.0,0.0,0.010489208623766899,0.0,0.0,0.0,0.0,0.0,0.0,0.00028485566144809127,0.0,0.0,0.0,,0.0,0.0,0.0,0.0,0.0,0.0,0.0,0.0,0.0,0.004446286242455244,0.0,0.0,0.0,,0.0,0.006903916597366333,,0.0032303640618920326,0.0,0.0,0.0,0.0,0.0,0.007855664007365704,0.0,0.0,0.0,0.011428353376686573,0.0,0.014265907928347588,0.0,0.0,0.0,0.0,0.0,0.0,0.0,0.0,0.0,0.0,0.0,0.0,0.0071387211792171,0.0,0.0,0.0,0.010663309134542942,0.009583434090018272,0.0,0.00991410668939352,0.0,0.0,0.0,0.019269602373242378,0.0,0.0,0.0,0.0,0.0,0.0,0.0,0.0,0.004451911896467209,0.0,0.0,0.0,0.0,0.0,0.015617968514561653,0.0,0.008543897420167923,0.0,0.0,0.017431413754820824,0.0,0.0,0.0,0.0,0.0,0.011158911511301994,0.0,0.006921166554093361,0.0,0.013884417712688446,0.0,0.0,0.0,0.0,0.0,0.017269155010581017,0.0,0.00583390099927783,0.0,0.0,,,,,,,,,,,,,,,,,,,,,,,,,,,,,,,,,,,,,,,,,,,,,,,,,,,,,,,,,,,,,,,,,,,,,,,,,,,,,,,,,,,,,,,,,,,,,,,,,,,,,,,,,,,,,,,,,,,,,,,,,,,,,,
2020-11-18,757024.4183178104,82.33333289503528,,,,,,,,,,,76494.84123570709,,1039061.7711000025,,,,,,,,,,,,,,,,,,,,,,,,,,,,,,,,,,,,,,,,,,,3454.421326636805,,,,,,,,,,,,,,,,,,,,,,8704.086908857678,9169.850100831718,3322.883401489793,7421.891063893989,9720.49293047043,68772.21502945056,23222.826471397428,4798.129314080486,33690.195063557374,,,,,,,,,,,,,,,,,,,,,,,,,,,,,,,,,,,,0.007672586012631655,0.0,0.0,0.01092440728098154,0.0,0.0,0.0,0.0,0.0,0.0,0.0,0.0,0.0,0.0,0.0,0.0,,0.0,,0.0,,0.0,0.0,0.0,0.010507198981940746,0.0,,0.0,0.0,0.010712611488997936,0.0,0.012846814468502998,0.0,,0.0,,,,0.0,0.0,0.0,,0.0,0.0,0.0012285824632272124,0.009027548134326935,0.0,,,0.0,,0.0,0.0,0.0,0.0,0.0,0.0,0.0,0.0,0.006439491640776396,0.015234255231916904,0.0,0.0,0.0,,0.011381476186215878,0.0,0.0,0.0,0.015055594965815544,,0.0005889178719371557,0.0,,0.0,0.0,0.0,0.0,,0.0,0.0,0.0,,0.0,,0.0,0.0,,0.0,,0.0,0.0,0.0030229962430894375,0.01743323914706707,0.0,0.012673601508140564,0.0,0.016194811090826988,0.0,,,0.009300514124333858,0.0,,,,,0.0,0.0,0.0,0.0,0.0,0.0,0.0,0.0,0.0,,0.012146583758294582,0.0019998527131974697,0.0,,0.019029388204216957,0.0,0.0015352413756772876,0.0,0.0,0.0,,0.002669151872396469,,0.014855947345495224,0.0,0.0,0.01175154373049736,,0.0,0.0,,0.0,0.0,0.0,0.0,0.0,0.0001421356719220057,0.0011042432161048055,0.0,0.0,0.0046468619257211685,0.003770541399717331,0.0,0.0012880248250439763,,0.02132318913936615,0.0,0.004850889090448618,0.0,,0.0,0.007785265799611807,0.0,0.0,0.0,0.0,0.0061191171407699585,0.0,0.0,0.0,,0.015078713186085224,0.0,0.0,,,,0.006918592378497124,0.002163069089874625,,0.0,0.0,0.0,0.0,,0.0,,0.0,0.0,0.013318006880581379,0.0,0.0,0.0,,,,0.0,0.01897398941218853,0.0,0.0,0.0,,0.0,0.008289680816233158,0.007186546456068754,0.0,,0.0,0.015495573170483112,0.0,0.0,0.0,,0.002988440217450261,0.0071138362400233746,0.006663523148745298,0.0,,0.0029522741679102182,0.007444577291607857,0.00870683416724205,0.0,0.015951599925756454,0.0,,0.0,0.0,0.0,0.0,0.0,0.0,,0.0,,0.005740217864513397,0.007723913062363863,0.0016765532782301307,0.0,0.0,0.0,0.0,,0.0,0.011521018110215664,0.0028374833054840565,,,0.0,0.0,0.0,0.0,0.0,0.0,0.0,0.0,0.0,,0.0,0.0,0.0014217449352145195,,0.0,0.0,0.0,0.015036061406135559,0.0,0.0,0.0,,,0.0,0.002523822244256735,0.0,0.0,0.0,,0.012212172150611877,,0.010441260412335396,0.0,,0.0,0.0001980172237381339,0.0,0.0,,,0.0,0.009777898900210857,,0.011562291532754898,0.0,,,0.0,0.021612513810396194,0.0,0.0,0.0,0.0,0.0,,,0.0,0.0,0.0,0.0,0.0,,,0.0,0.0,0.0,,0.0,0.0,,0.0,0.0,0.010721533559262753,,0.0,0.0,0.0,0.0,,0.0,0.0,,0.0,0.0,0.0,0.000222572882194072,0.004138255026191473,0.0,0.0,0.0,0.0,0.0,0.0,0.0,0.0,,0.01636638306081295,,0.0,0.013081780634820461,0.00596213573589921,0.0,0.0,0.0,0.00783260352909565,0.013072560541331768,0.0,0.01504174992442131,0.0,,0.0,,0.0,0.007702955510467291,0.0,,0.0,0.0,0.0,0.0064319828525185585,0.0,0.0,0.0,0.0,0.006455377209931612,0.002276746090501547,0.0,,,0.0,0.0,0.0,,,,0.0,0.0,,0.0,,0.0,,0.0,,,0.0,,,,,0.0,,0.0,0.009475049562752247,0.0,,0.0,0.0,0.0006172159337438643,,0.011276694014668465,0.0,,0.0,0.008886725641787052,0.0,,,0.0,,0.01935204491019249,0.0,0.0,,0.0,0.0019069688860327005,,,,0.0,0.0,0.0,0.0,0.0,7.387471123365685e-05,,,,0.007764055393636227,0.0,,0.0,,0.0,0.0,0.0,0.0,,,0.0,0.0,,,0.0,,0.0,,0.0,0.0,0.0,0.0,0.0,0.0,0.0,,0.0,0.010640541091561317,0.0,0.0,0.0,,,0.0,0.0,0.0,0.0,0.004161264281719923,0.0073729087598621845,,,,0.007771022617816925,0.0,0.0,0.0,,,0.008342444896697998,0.0,0.0,,0.0,,,,,0.0,0.013751369901001453,0.0,,0.0,,,0.0,,0.006028351373970509,0.0,0.0,0.0,,0.006963010877370834,0.0,,0.0,0.0,0.0,0.0,0.0,,0.0025301980786025524,0.0,0.0,,0.0,0.0,0.0,0.0,0.0,0.0,0.0,,0.0009805925656110048,0.0,0.0,0.007419695612043142,0.0,0.0,0.0,,0.0,0.0,0.0,0.010489208623766899,0.0,0.0,0.0,0.0,0.0,0.0,0.00028485566144809127,0.0,0.0,0.0,,0.0,0.0,0.0,0.0,0.0,0.0,0.0,0.0,0.0,0.004446286242455244,0.0,0.0,0.0,,0.0,0.006903916597366333,,0.0032303640618920326,0.0,0.0,0.0,0.0,0.0,0.007855664007365704,0.0,0.0,0.0,0.011428353376686573,0.0,0.014265907928347588,0.0,0.0,0.0,0.0,0.0,0.0,0.0,0.0,0.0,0.0,0.0,0.0,0.0071387211792171,0.0,0.0,0.0,0.010663309134542942,0.009583434090018272,0.0,0.00991410668939352,0.0,0.0,0.0,0.019269602373242378,0.0,0.0,0.0,0.0,0.0,0.0,0.0,0.0,0.004451911896467209,0.0,0.0,0.0,0.0,0.0,0.015617968514561653,0.0,0.008543897420167923,0.0,0.0,0.017431413754820824,0.0,0.0,0.0,0.0,0.0,0.011158911511301994,0.0,0.006921166554093361,0.0,0.013884417712688446,0.0,0.0,0.0,0.0,0.0,0.017269155010581017,0.0,0.00583390099927783,0.0,0.0,,,,,,,,,,,,,,,,,,,,,,,,,,,,,,,,,,,,,,,,,,,,,,,,,,,,,,,,,,,,,,,,,,,,,,,,,,,,,,,,,,,,,,,,,,,,,,,,,,,,,,,,,,,,,,,,,,,,,,,,,,,,,,
2020-11-19,762582.5354168133,549.3978490484087,,,,,,,,,,,76494.84123570709,,1039061.7711000025,,,,,,,,,,,,,,,,,,,,,,,,,,,,,,,,,,,,,,,,,,,3454.421326636805,,,,,,,,,,,,,,,,,,,,,,8704.086908857678,9169.850100831718,3322.883401489793,7421.891063893989,9720.49293047043,67695.28103488607,23130.88981844716,4865.707799900425,33690.195063557374,,,,,,,,,,,,,,,,,,,,,,,,,,,,,,,,,,,,0.007672586012631655,0.0,0.0,0.01092440728098154,0.0,0.0,0.0,0.0,0.0,0.0,0.0,0.0,0.0,0.0,0.0,0.0,,0.0,,0.0,,0.0,0.0,0.0,0.010507198981940746,0.0,,0.0,0.0,0.010712611488997936,0.0,0.012846814468502998,0.0,,0.0,,,,0.0,0.0,0.0,,0.0,0.0,0.0012285824632272124,0.009027548134326935,0.0,,,0.0,,0.0,0.0,0.0,0.0,0.0,0.0,0.0,0.0,0.006439491640776396,0.015234255231916904,0.0,0.0,0.0,,0.011381476186215878,0.0,0.0,0.0,0.015055594965815544,,0.0005889178719371557,0.0,,0.0,0.0,0.0,0.0,,0.0,0.0,0.0,,0.0,,0.0,0.0,,0.0,,0.0,0.0,0.0030229962430894375,0.01743323914706707,0.0,0.012673601508140564,0.0,0.016194811090826988,0.0,,,0.009300514124333858,0.0,,,,,0.0,0.0,0.0,0.0,0.0,0.0,0.0,0.0,0.0,,0.012146583758294582,0.0019998527131974697,0.0,,0.019029388204216957,0.0,0.0015352413756772876,0.0,0.0,0.0,,0.002669151872396469,,0.014855947345495224,0.0,0.0,0.01175154373049736,,0.0,0.0,,0.0,0.0,0.0,0.0,0.0,0.0001421356719220057,0.0011042432161048055,0.0,0.0,0.0046468619257211685,0.003770541399717331,0.0,0.0012880248250439763,,0.02132318913936615,0.0,0.004850889090448618,0.0,,0.0,0.007785265799611807,0.0,0.0,0.0,0.0,0.0061191171407699585,0.0,0.0,0.0,,0.015078713186085224,0.0,0.0,,,,0.006918592378497124,0.002163069089874625,,0.0,0.0,0.0,0.0,,0.0,,0.0,0.0,0.013318006880581379,0.0,0.0,0.0,,,,0.0,0.01897398941218853,0.0,0.0,0.0,,0.0,0.008289680816233158,0.007186546456068754,0.0,,0.0,0.015495573170483112,0.0,0.0,0.0,,0.002988440217450261,0.0071138362400233746,0.006663523148745298,0.0,,0.0029522741679102182,0.007444577291607857,0.00870683416724205,0.0,0.015951599925756454,0.0,,0.0,0.0,0.0,0.0,0.0,0.0,,0.0,,0.005740217864513397,0.007723913062363863,0.0016765532782301307,0.0,0.0,0.0,0.0,,0.0,0.011521018110215664,0.0028374833054840565,,,0.0,0.0,0.0,0.0,0.0,0.0,0.0,0.0,0.0,,0.0,0.0,0.0014217449352145195,,0.0,0.0,0.0,0.015036061406135559,0.0,0.0,0.0,,,0.0,0.002523822244256735,0.0,0.0,0.0,,0.012212172150611877,,0.010441260412335396,0.0,,0.0,0.0001980172237381339,0.0,0.0,,,0.0,0.009777898900210857,,0.011562291532754898,0.0,,,0.0,0.021612513810396194,0.0,0.0,0.0,0.0,0.0,,,0.0,0.0,0.0,0.0,0.0,,,0.0,0.0,0.0,,0.0,0.0,,0.0,0.0,0.010721533559262753,,0.0,0.0,0.0,0.0,,0.0,0.0,,0.0,0.0,0.0,0.000222572882194072,0.004138255026191473,0.0,0.0,0.0,0.0,0.0,0.0,0.0,0.0,,0.01636638306081295,,0.0,0.013081780634820461,0.00596213573589921,0.0,0.0,0.0,0.00783260352909565,0.013072560541331768,0.0,0.01504174992442131,0.0,,0.0,,0.0,0.007702955510467291,0.0,,0.0,0.0,0.0,0.0064319828525185585,0.0,0.0,0.0,0.0,0.006455377209931612,0.002276746090501547,0.0,,,0.0,0.0,0.0,,,,0.0,0.0,,0.0,,0.0,,0.0,,,0.0,,,,,0.0,,0.0,0.009475049562752247,0.0,,0.0,0.0,0.0006172159337438643,,0.011276694014668465,0.0,,0.0,0.008886725641787052,0.0,,,0.0,,0.01935204491019249,0.0,0.0,,0.0,0.0019069688860327005,,,,0.0,0.0,0.0,0.0,0.0,7.387471123365685e-05,,,,0.007764055393636227,0.0,,0.0,,0.0,0.0,0.0,0.0,,,0.0,0.0,,,0.0,,0.0,,0.0,0.0,0.0,0.0,0.0,0.0,0.0,,0.0,0.010640541091561317,0.0,0.0,0.0,,,0.0,0.0,0.0,0.0,0.004161264281719923,0.0073729087598621845,,,,0.007771022617816925,0.0,0.0,0.0,,,0.008342444896697998,0.0,0.0,,0.0,,,,,0.0,0.013751369901001453,0.0,,0.0,,,0.0,,0.006028351373970509,0.0,0.0,0.0,,0.006963010877370834,0.0,,0.0,0.0,0.0,0.0,0.0,,0.0025301980786025524,0.0,0.0,,0.0,0.0,0.0,0.0,0.0,0.0,0.0,,0.0009805925656110048,0.0,0.0,0.007419695612043142,0.0,0.0,0.0,,0.0,0.0,0.0,0.010489208623766899,0.0,0.0,0.0,0.0,0.0,0.0,0.00028485566144809127,0.0,0.0,0.0,,0.0,0.0,0.0,0.0,0.0,0.0,0.0,0.0,0.0,0.004446286242455244,0.0,0.0,0.0,,0.0,0.006903916597366333,,0.0032303640618920326,0.0,0.0,0.0,0.0,0.0,0.007855664007365704,0.0,0.0,0.0,0.011428353376686573,0.0,0.014265907928347588,0.0,0.0,0.0,0.0,0.0,0.0,0.0,0.0,0.0,0.0,0.0,0.0,0.0071387211792171,0.0,0.0,0.0,0.010663309134542942,0.009583434090018272,0.0,0.00991410668939352,0.0,0.0,0.0,0.019269602373242378,0.0,0.0,0.0,0.0,0.0,0.0,0.0,0.0,0.004451911896467209,0.0,0.0,0.0,0.0,0.0,0.015617968514561653,0.0,0.008543897420167923,0.0,0.0,0.017431413754820824,0.0,0.0,0.0,0.0,0.0,0.011158911511301994,0.0,0.006921166554093361,0.0,0.013884417712688446,0.0,0.0,0.0,0.0,0.0,0.017269155010581017,0.0,0.00583390099927783,0.0,0.0,,,,,,,,,,,,,,,,,,,,,,,,,,,,,,,,,,,,,,,,,,,,,,,,,,,,,,,,,,,,,,,,,,,,,,,,,,,,,,,,,,,,,,,,,,,,,,,,,,,,,,,,,,,,,,,,,,,,,,,,,,,,,,
2020-11-20,766446.0303406125,776.932204155152,,,,,,,,,,,76494.84123570709,,1039061.7711000025,,,,,,,,,,,,,,,,,,,,,,,,,,,,,,,,,,,,,,,,,,,3556.0251099285424,,,,,,,,,,,,,,,,,,,,,,8704.086908857678,9169.850100831718,3322.883401489793,7421.891063893989,9720.49293047043,67695.28103488607,23220.89328077575,4730.546979193982,33690.195063557374,,,,,,,,,,,,,,,,,,,,,,,,,,,,,,,,,,,,0.007672586012631655,0.0,0.0,0.01092440728098154,0.0,0.0,0.0,0.0,0.0,0.0,0.0,0.0,0.0,0.0,0.0,0.0,,0.0,,0.0,,0.0,0.0,0.0,0.010507198981940746,0.0,,0.0,0.0,0.010712611488997936,0.0,0.012846814468502998,0.0,,0.0,,,,0.0,0.0,0.0,,0.0,0.0,0.0012285824632272124,0.009027548134326935,0.0,,,0.0,,0.0,0.0,0.0,0.0,0.0,0.0,0.0,0.0,0.006439491640776396,0.015234255231916904,0.0,0.0,0.0,,0.011381476186215878,0.0,0.0,0.0,0.015055594965815544,,0.0005889178719371557,0.0,,0.0,0.0,0.0,0.0,,0.0,0.0,0.0,,0.0,,0.0,0.0,,0.0,,0.0,0.0,0.0030229962430894375,0.01743323914706707,0.0,0.012673601508140564,0.0,0.016194811090826988,0.0,,,0.009300514124333858,0.0,,,,,0.0,0.0,0.0,0.0,0.0,0.0,0.0,0.0,0.0,,0.012146583758294582,0.0019998527131974697,0.0,,0.019029388204216957,0.0,0.0015352413756772876,0.0,0.0,0.0,,0.002669151872396469,,0.014855947345495224,0.0,0.0,0.01175154373049736,,0.0,0.0,,0.0,0.0,0.0,0.0,0.0,0.0001421356719220057,0.0011042432161048055,0.0,0.0,0.0046468619257211685,0.003770541399717331,0.0,0.0012880248250439763,,0.02132318913936615,0.0,0.004850889090448618,0.0,,0.0,0.007785265799611807,0.0,0.0,0.0,0.0,0.0061191171407699585,0.0,0.0,0.0,,0.015078713186085224,0.0,0.0,,,,0.006918592378497124,0.002163069089874625,,0.0,0.0,0.0,0.0,,0.0,,0.0,0.0,0.013318006880581379,0.0,0.0,0.0,,,,0.0,0.01897398941218853,0.0,0.0,0.0,,0.0,0.008289680816233158,0.007186546456068754,0.0,,0.0,0.015495573170483112,0.0,0.0,0.0,,0.002988440217450261,0.0071138362400233746,0.006663523148745298,0.0,,0.0029522741679102182,0.007444577291607857,0.00870683416724205,0.0,0.015951599925756454,0.0,,0.0,0.0,0.0,0.0,0.0,0.0,,0.0,,0.005740217864513397,0.007723913062363863,0.0016765532782301307,0.0,0.0,0.0,0.0,,0.0,0.011521018110215664,0.0028374833054840565,,,0.0,0.0,0.0,0.0,0.0,0.0,0.0,0.0,0.0,,0.0,0.0,0.0014217449352145195,,0.0,0.0,0.0,0.015036061406135559,0.0,0.0,0.0,,,0.0,0.002523822244256735,0.0,0.0,0.0,,0.012212172150611877,,0.010441260412335396,0.0,,0.0,0.0001980172237381339,0.0,0.0,,,0.0,0.009777898900210857,,0.011562291532754898,0.0,,,0.0,0.021612513810396194,0.0,0.0,0.0,0.0,0.0,,,0.0,0.0,0.0,0.0,0.0,,,0.0,0.0,0.0,,0.0,0.0,,0.0,0.0,0.010721533559262753,,0.0,0.0,0.0,0.0,,0.0,0.0,,0.0,0.0,0.0,0.000222572882194072,0.004138255026191473,0.0,0.0,0.0,0.0,0.0,0.0,0.0,0.0,,0.01636638306081295,,0.0,0.013081780634820461,0.00596213573589921,0.0,0.0,0.0,0.00783260352909565,0.013072560541331768,0.0,0.01504174992442131,0.0,,0.0,,0.0,0.007702955510467291,0.0,,0.0,0.0,0.0,0.0064319828525185585,0.0,0.0,0.0,0.0,0.006455377209931612,0.002276746090501547,0.0,,,0.0,0.0,0.0,,,,0.0,0.0,,0.0,,0.0,,0.0,,,0.0,,,,,0.0,,0.0,0.009475049562752247,0.0,,0.0,0.0,0.0006172159337438643,,0.011276694014668465,0.0,,0.0,0.008886725641787052,0.0,,,0.0,,0.01935204491019249,0.0,0.0,,0.0,0.0019069688860327005,,,,0.0,0.0,0.0,0.0,0.0,7.387471123365685e-05,,,,0.007764055393636227,0.0,,0.0,,0.0,0.0,0.0,0.0,,,0.0,0.0,,,0.0,,0.0,,0.0,0.0,0.0,0.0,0.0,0.0,0.0,,0.0,0.010640541091561317,0.0,0.0,0.0,,,0.0,0.0,0.0,0.0,0.004161264281719923,0.0073729087598621845,,,,0.007771022617816925,0.0,0.0,0.0,,,0.008342444896697998,0.0,0.0,,0.0,,,,,0.0,0.013751369901001453,0.0,,0.0,,,0.0,,0.006028351373970509,0.0,0.0,0.0,,0.006963010877370834,0.0,,0.0,0.0,0.0,0.0,0.0,,0.0025301980786025524,0.0,0.0,,0.0,0.0,0.0,0.0,0.0,0.0,0.0,,0.0009805925656110048,0.0,0.0,0.007419695612043142,0.0,0.0,0.0,,0.0,0.0,0.0,0.010489208623766899,0.0,0.0,0.0,0.0,0.0,0.0,0.00028485566144809127,0.0,0.0,0.0,,0.0,0.0,0.0,0.0,0.0,0.0,0.0,0.0,0.0,0.004446286242455244,0.0,0.0,0.0,,0.0,0.006903916597366333,,0.0032303640618920326,0.0,0.0,0.0,0.0,0.0,0.007855664007365704,0.0,0.0,0.0,0.011428353376686573,0.0,0.014265907928347588,0.0,0.0,0.0,0.0,0.0,0.0,0.0,0.0,0.0,0.0,0.0,0.0,0.0071387211792171,0.0,0.0,0.0,0.010663309134542942,0.009583434090018272,0.0,0.00991410668939352,0.0,0.0,0.0,0.019269602373242378,0.0,0.0,0.0,0.0,0.0,0.0,0.0,0.0,0.004451911896467209,0.0,0.0,0.0,0.0,0.0,0.015617968514561653,0.0,0.008543897420167923,0.0,0.0,0.017431413754820824,0.0,0.0,0.0,0.0,0.0,0.011158911511301994,0.0,0.006921166554093361,0.0,0.013884417712688446,0.0,0.0,0.0,0.0,0.0,0.017269155010581017,0.0,0.00583390099927783,0.0,0.0,,,,,,,,,,,,,,,,,,,,,,,,,,,,,,,,,,,,,,,,,,,,,,,,,,,,,,,,,,,,,,,,,,,,,,,,,,,,,,,,,,,,,,,,,,,,,,,,,,,,,,,,,,,,,,,,,,,,,,,,,,,,,,
2020-11-23,769885.3829456872,867.5051109198728,,,,,,,,,,,76494.84123570709,,1039061.7711000025,,,,,,,,,,,,,,,,,,,,,,,,,,,,,,,,,,,,,,,,,,,3556.0251099285424,,,,,,,,,,,,,,,,,,,,,,8704.086908857678,9169.850100831718,3322.883401489793,7421.891063893989,9720.49293047043,66095.91741405008,23765.881260980328,4730.591948989747,33690.195063557374,,,,,,,,,,,,,,,,,,,,,,,,,,,,,,,,,,,,0.007672586012631655,0.0,0.0,0.01092440728098154,0.0,0.0,0.0,0.0,0.0,0.0,0.0,0.0,0.0,0.0,0.0,0.0,,0.0,,0.0,,0.0,0.0,0.0,0.010507198981940746,0.0,,0.0,0.0,0.010712611488997936,0.0,0.012846814468502998,0.0,,0.0,,,,0.0,0.0,0.0,,0.0,0.0,0.0012285824632272124,0.009027548134326935,0.0,,,0.0,,0.0,0.0,0.0,0.0,0.0,0.0,0.0,0.0,0.006439491640776396,0.015234255231916904,0.0,0.0,0.0,,0.011381476186215878,0.0,0.0,0.0,0.015055594965815544,,0.0005889178719371557,0.0,,0.0,0.0,0.0,0.0,,0.0,0.0,0.0,,0.0,,0.0,0.0,,0.0,,0.0,0.0,0.0030229962430894375,0.01743323914706707,0.0,0.012673601508140564,0.0,0.016194811090826988,0.0,,,0.009300514124333858,0.0,,,,,0.0,0.0,0.0,0.0,0.0,0.0,0.0,0.0,0.0,,0.012146583758294582,0.0019998527131974697,0.0,,0.019029388204216957,0.0,0.0015352413756772876,0.0,0.0,0.0,,0.002669151872396469,,0.014855947345495224,0.0,0.0,0.01175154373049736,,0.0,0.0,,0.0,0.0,0.0,0.0,0.0,0.0001421356719220057,0.0011042432161048055,0.0,0.0,0.0046468619257211685,0.003770541399717331,0.0,0.0012880248250439763,,0.02132318913936615,0.0,0.004850889090448618,0.0,,0.0,0.007785265799611807,0.0,0.0,0.0,0.0,0.0061191171407699585,0.0,0.0,0.0,,0.015078713186085224,0.0,0.0,,,,0.006918592378497124,0.002163069089874625,,0.0,0.0,0.0,0.0,,0.0,,0.0,0.0,0.013318006880581379,0.0,0.0,0.0,,,,0.0,0.01897398941218853,0.0,0.0,0.0,,0.0,0.008289680816233158,0.007186546456068754,0.0,,0.0,0.015495573170483112,0.0,0.0,0.0,,0.002988440217450261,0.0071138362400233746,0.006663523148745298,0.0,,0.0029522741679102182,0.007444577291607857,0.00870683416724205,0.0,0.015951599925756454,0.0,,0.0,0.0,0.0,0.0,0.0,0.0,,0.0,,0.005740217864513397,0.007723913062363863,0.0016765532782301307,0.0,0.0,0.0,0.0,,0.0,0.011521018110215664,0.0028374833054840565,,,0.0,0.0,0.0,0.0,0.0,0.0,0.0,0.0,0.0,,0.0,0.0,0.0014217449352145195,,0.0,0.0,0.0,0.015036061406135559,0.0,0.0,0.0,,,0.0,0.002523822244256735,0.0,0.0,0.0,,0.012212172150611877,,0.010441260412335396,0.0,,0.0,0.0001980172237381339,0.0,0.0,,,0.0,0.009777898900210857,,0.011562291532754898,0.0,,,0.0,0.021612513810396194,0.0,0.0,0.0,0.0,0.0,,,0.0,0.0,0.0,0.0,0.0,,,0.0,0.0,0.0,,0.0,0.0,,0.0,0.0,0.010721533559262753,,0.0,0.0,0.0,0.0,,0.0,0.0,,0.0,0.0,0.0,0.000222572882194072,0.004138255026191473,0.0,0.0,0.0,0.0,0.0,0.0,0.0,0.0,,0.01636638306081295,,0.0,0.013081780634820461,0.00596213573589921,0.0,0.0,0.0,0.00783260352909565,0.013072560541331768,0.0,0.01504174992442131,0.0,,0.0,,0.0,0.007702955510467291,0.0,,0.0,0.0,0.0,0.0064319828525185585,0.0,0.0,0.0,0.0,0.006455377209931612,0.002276746090501547,0.0,,,0.0,0.0,0.0,,,,0.0,0.0,,0.0,,0.0,,0.0,,,0.0,,,,,0.0,,0.0,0.009475049562752247,0.0,,0.0,0.0,0.0006172159337438643,,0.011276694014668465,0.0,,0.0,0.008886725641787052,0.0,,,0.0,,0.01935204491019249,0.0,0.0,,0.0,0.0019069688860327005,,,,0.0,0.0,0.0,0.0,0.0,7.387471123365685e-05,,,,0.007764055393636227,0.0,,0.0,,0.0,0.0,0.0,0.0,,,0.0,0.0,,,0.0,,0.0,,0.0,0.0,0.0,0.0,0.0,0.0,0.0,,0.0,0.010640541091561317,0.0,0.0,0.0,,,0.0,0.0,0.0,0.0,0.004161264281719923,0.0073729087598621845,,,,0.007771022617816925,0.0,0.0,0.0,,,0.008342444896697998,0.0,0.0,,0.0,,,,,0.0,0.013751369901001453,0.0,,0.0,,,0.0,,0.006028351373970509,0.0,0.0,0.0,,0.006963010877370834,0.0,,0.0,0.0,0.0,0.0,0.0,,0.0025301980786025524,0.0,0.0,,0.0,0.0,0.0,0.0,0.0,0.0,0.0,,0.0009805925656110048,0.0,0.0,0.007419695612043142,0.0,0.0,0.0,,0.0,0.0,0.0,0.010489208623766899,0.0,0.0,0.0,0.0,0.0,0.0,0.00028485566144809127,0.0,0.0,0.0,,0.0,0.0,0.0,0.0,0.0,0.0,0.0,0.0,0.0,0.004446286242455244,0.0,0.0,0.0,,0.0,0.006903916597366333,,0.0032303640618920326,0.0,0.0,0.0,0.0,0.0,0.007855664007365704,0.0,0.0,0.0,0.011428353376686573,0.0,0.014265907928347588,0.0,0.0,0.0,0.0,0.0,0.0,0.0,0.0,0.0,0.0,0.0,0.0,0.0071387211792171,0.0,0.0,0.0,0.010663309134542942,0.009583434090018272,0.0,0.00991410668939352,0.0,0.0,0.0,0.019269602373242378,0.0,0.0,0.0,0.0,0.0,0.0,0.0,0.0,0.004451911896467209,0.0,0.0,0.0,0.0,0.0,0.015617968514561653,0.0,0.008543897420167923,0.0,0.0,0.017431413754820824,0.0,0.0,0.0,0.0,0.0,0.011158911511301994,0.0,0.006921166554093361,0.0,0.013884417712688446,0.0,0.0,0.0,0.0,0.0,0.017269155010581017,0.0,0.00583390099927783,0.0,0.0,,,,,,,,,,,,,,,,,,,,,,,,,,,,,,,,,,,,,,,,,,,,,,,,,,,,,,,,,,,,,,,,,,,,,,,,,,,,,,,,,,,,,,,,,,,,,,,,,,,,,,,,,,,,,,,,,,,,,,,,,,,,,,
2020-11-24,773046.5519312638,533.0893676117746,,,,,,,,,,,76494.84123570709,,1039061.7711000025,,,,,,,,,,,,,,,,,,,,,,,,,,,,,,,,,,,,,,,,,,,3657.628259446338,,,,,,,,,,,,,,,,,,,,,,8704.086908857678,9169.850100831718,3322.883401489793,7421.891063893989,9720.49293047043,66631.10829256498,23490.903667761515,4662.983889730662,33690.195063557374,,,,,,,,,,,,,,,,,,,,,,,,,,,,,,,,,,,,0.007672586012631655,0.0,0.0,0.01092440728098154,0.0,0.0,0.0,0.0,0.0,0.0,0.0,0.0,0.0,0.0,0.0,0.0,,0.0,,0.0,,0.0,0.0,0.0,0.010507198981940746,0.0,,0.0,0.0,0.010712611488997936,0.0,0.012846814468502998,0.0,,0.0,,,,0.0,0.0,0.0,,0.0,0.0,0.0012285824632272124,0.009027548134326935,0.0,,,0.0,,0.0,0.0,0.0,0.0,0.0,0.0,0.0,0.0,0.006439491640776396,0.015234255231916904,0.0,0.0,0.0,,0.011381476186215878,0.0,0.0,0.0,0.015055594965815544,,0.0005889178719371557,0.0,,0.0,0.0,0.0,0.0,,0.0,0.0,0.0,,0.0,,0.0,0.0,,0.0,,0.0,0.0,0.0030229962430894375,0.01743323914706707,0.0,0.012673601508140564,0.0,0.016194811090826988,0.0,,,0.009300514124333858,0.0,,,,,0.0,0.0,0.0,0.0,0.0,0.0,0.0,0.0,0.0,,0.012146583758294582,0.0019998527131974697,0.0,,0.019029388204216957,0.0,0.0015352413756772876,0.0,0.0,0.0,,0.002669151872396469,,0.014855947345495224,0.0,0.0,0.01175154373049736,,0.0,0.0,,0.0,0.0,0.0,0.0,0.0,0.0001421356719220057,0.0011042432161048055,0.0,0.0,0.0046468619257211685,0.003770541399717331,0.0,0.0012880248250439763,,0.02132318913936615,0.0,0.004850889090448618,0.0,,0.0,0.007785265799611807,0.0,0.0,0.0,0.0,0.0061191171407699585,0.0,0.0,0.0,,0.015078713186085224,0.0,0.0,,,,0.006918592378497124,0.002163069089874625,,0.0,0.0,0.0,0.0,,0.0,,0.0,0.0,0.013318006880581379,0.0,0.0,0.0,,,,0.0,0.01897398941218853,0.0,0.0,0.0,,0.0,0.008289680816233158,0.007186546456068754,0.0,,0.0,0.015495573170483112,0.0,0.0,0.0,,0.002988440217450261,0.0071138362400233746,0.006663523148745298,0.0,,0.0029522741679102182,0.007444577291607857,0.00870683416724205,0.0,0.015951599925756454,0.0,,0.0,0.0,0.0,0.0,0.0,0.0,,0.0,,0.005740217864513397,0.007723913062363863,0.0016765532782301307,0.0,0.0,0.0,0.0,,0.0,0.011521018110215664,0.0028374833054840565,,,0.0,0.0,0.0,0.0,0.0,0.0,0.0,0.0,0.0,,0.0,0.0,0.0014217449352145195,,0.0,0.0,0.0,0.015036061406135559,0.0,0.0,0.0,,,0.0,0.002523822244256735,0.0,0.0,0.0,,0.012212172150611877,,0.010441260412335396,0.0,,0.0,0.0001980172237381339,0.0,0.0,,,0.0,0.009777898900210857,,0.011562291532754898,0.0,,,0.0,0.021612513810396194,0.0,0.0,0.0,0.0,0.0,,,0.0,0.0,0.0,0.0,0.0,,,0.0,0.0,0.0,,0.0,0.0,,0.0,0.0,0.010721533559262753,,0.0,0.0,0.0,0.0,,0.0,0.0,,0.0,0.0,0.0,0.000222572882194072,0.004138255026191473,0.0,0.0,0.0,0.0,0.0,0.0,0.0,0.0,,0.01636638306081295,,0.0,0.013081780634820461,0.00596213573589921,0.0,0.0,0.0,0.00783260352909565,0.013072560541331768,0.0,0.01504174992442131,0.0,,0.0,,0.0,0.007702955510467291,0.0,,0.0,0.0,0.0,0.0064319828525185585,0.0,0.0,0.0,0.0,0.006455377209931612,0.002276746090501547,0.0,,,0.0,0.0,0.0,,,,0.0,0.0,,0.0,,0.0,,0.0,,,0.0,,,,,0.0,,0.0,0.009475049562752247,0.0,,0.0,0.0,0.0006172159337438643,,0.011276694014668465,0.0,,0.0,0.008886725641787052,0.0,,,0.0,,0.01935204491019249,0.0,0.0,,0.0,0.0019069688860327005,,,,0.0,0.0,0.0,0.0,0.0,7.387471123365685e-05,,,,0.007764055393636227,0.0,,0.0,,0.0,0.0,0.0,0.0,,,0.0,0.0,,,0.0,,0.0,,0.0,0.0,0.0,0.0,0.0,0.0,0.0,,0.0,0.010640541091561317,0.0,0.0,0.0,,,0.0,0.0,0.0,0.0,0.004161264281719923,0.0073729087598621845,,,,0.007771022617816925,0.0,0.0,0.0,,,0.008342444896697998,0.0,0.0,,0.0,,,,,0.0,0.013751369901001453,0.0,,0.0,,,0.0,,0.006028351373970509,0.0,0.0,0.0,,0.006963010877370834,0.0,,0.0,0.0,0.0,0.0,0.0,,0.0025301980786025524,0.0,0.0,,0.0,0.0,0.0,0.0,0.0,0.0,0.0,,0.0009805925656110048,0.0,0.0,0.007419695612043142,0.0,0.0,0.0,,0.0,0.0,0.0,0.010489208623766899,0.0,0.0,0.0,0.0,0.0,0.0,0.00028485566144809127,0.0,0.0,0.0,,0.0,0.0,0.0,0.0,0.0,0.0,0.0,0.0,0.0,0.004446286242455244,0.0,0.0,0.0,,0.0,0.006903916597366333,,0.0032303640618920326,0.0,0.0,0.0,0.0,0.0,0.007855664007365704,0.0,0.0,0.0,0.011428353376686573,0.0,0.014265907928347588,0.0,0.0,0.0,0.0,0.0,0.0,0.0,0.0,0.0,0.0,0.0,0.0,0.0071387211792171,0.0,0.0,0.0,0.010663309134542942,0.009583434090018272,0.0,0.00991410668939352,0.0,0.0,0.0,0.019269602373242378,0.0,0.0,0.0,0.0,0.0,0.0,0.0,0.0,0.004451911896467209,0.0,0.0,0.0,0.0,0.0,0.015617968514561653,0.0,0.008543897420167923,0.0,0.0,0.017431413754820824,0.0,0.0,0.0,0.0,0.0,0.011158911511301994,0.0,0.006921166554093361,0.0,0.013884417712688446,0.0,0.0,0.0,0.0,0.0,0.017269155010581017,0.0,0.00583390099927783,0.0,0.0,,,,,,,,,,,,,,,,,,,,,,,,,,,,,,,,,,,,,,,,,,,,,,,,,,,,,,,,,,,,,,,,,,,,,,,,,,,,,,,,,,,,,,,,,,,,,,,,,,,,,,,,,,,,,,,,,,,,,,,,,,,,,,
2020-11-25,759555.6434182576,1367.0829020500303,,,,,,,,,,,76494.84123570709,,1039061.7711000025,,,,,,,,,,,,,,,,,,,,,,,,,,,,,,,,,,,,,,,,,,,3657.628259446338,,,,,,,,,,,,,,,,,,,,,,8704.086908857678,9169.850100831718,3322.883401489793,7421.891063893989,9720.49293047043,66631.10829256498,23580.9071300901,4595.417000257313,33689.53827834225,,,,,,,,,,,,,,,,,,,,,,,,,,,,,,,,,,,,0.007672586012631655,0.0,0.0,0.01092440728098154,0.0,0.0,0.0,0.0,0.0,0.0,0.0,0.0,0.0,0.0,0.0,0.0,,0.0,,0.0,,0.0,0.0,0.0,0.010507198981940746,0.0,,0.0,0.0,0.010712611488997936,0.0,0.012846814468502998,0.0,,0.0,,,,0.0,0.0,0.0,,0.0,0.0,0.0012285824632272124,0.009027548134326935,0.0,,,0.0,,0.0,0.0,0.0,0.0,0.0,0.0,0.0,0.0,0.006439491640776396,0.015234255231916904,0.0,0.0,0.0,,0.011381476186215878,0.0,0.0,0.0,0.015055594965815544,,0.0005889178719371557,0.0,,0.0,0.0,0.0,0.0,,0.0,0.0,0.0,,0.0,,0.0,0.0,,0.0,,0.0,0.0,0.0030229962430894375,0.01743323914706707,0.0,0.012673601508140564,0.0,0.016194811090826988,0.0,,,0.009300514124333858,0.0,,,,,0.0,0.0,0.0,0.0,0.0,0.0,0.0,0.0,0.0,,0.012146583758294582,0.0019998527131974697,0.0,,0.019029388204216957,0.0,0.0015352413756772876,0.0,0.0,0.0,,0.002669151872396469,,0.014855947345495224,0.0,0.0,0.01175154373049736,,0.0,0.0,,0.0,0.0,0.0,0.0,0.0,0.0001421356719220057,0.0011042432161048055,0.0,0.0,0.0046468619257211685,0.003770541399717331,0.0,0.0012880248250439763,,0.02132318913936615,0.0,0.004850889090448618,0.0,,0.0,0.007785265799611807,0.0,0.0,0.0,0.0,0.0061191171407699585,0.0,0.0,0.0,,0.015078713186085224,0.0,0.0,,,,0.006918592378497124,0.002163069089874625,,0.0,0.0,0.0,0.0,,0.0,,0.0,0.0,0.013318006880581379,0.0,0.0,0.0,,,,0.0,0.01897398941218853,0.0,0.0,0.0,,0.0,0.008289680816233158,0.007186546456068754,0.0,,0.0,0.015495573170483112,0.0,0.0,0.0,,0.002988440217450261,0.0071138362400233746,0.006663523148745298,0.0,,0.0029522741679102182,0.007444577291607857,0.00870683416724205,0.0,0.015951599925756454,0.0,,0.0,0.0,0.0,0.0,0.0,0.0,,0.0,,0.005740217864513397,0.007723913062363863,0.0016765532782301307,0.0,0.0,0.0,0.0,,0.0,0.011521018110215664,0.0028374833054840565,,,0.0,0.0,0.0,0.0,0.0,0.0,0.0,0.0,0.0,,0.0,0.0,0.0014217449352145195,,0.0,0.0,0.0,0.015036061406135559,0.0,0.0,0.0,,,0.0,0.002523822244256735,0.0,0.0,0.0,,0.012212172150611877,,0.010441260412335396,0.0,,0.0,0.0001980172237381339,0.0,0.0,,,0.0,0.009777898900210857,,0.011562291532754898,0.0,,,0.0,0.021612513810396194,0.0,0.0,0.0,0.0,0.0,,,0.0,0.0,0.0,0.0,0.0,,,0.0,0.0,0.0,,0.0,0.0,,0.0,0.0,0.010721533559262753,,0.0,0.0,0.0,0.0,,0.0,0.0,,0.0,0.0,0.0,0.000222572882194072,0.004138255026191473,0.0,0.0,0.0,0.0,0.0,0.0,0.0,0.0,,0.01636638306081295,,0.0,0.013081780634820461,0.00596213573589921,0.0,0.0,0.0,0.00783260352909565,0.013072560541331768,0.0,0.01504174992442131,0.0,,0.0,,0.0,0.007702955510467291,0.0,,0.0,0.0,0.0,0.0064319828525185585,0.0,0.0,0.0,0.0,0.006455377209931612,0.002276746090501547,0.0,,,0.0,0.0,0.0,,,,0.0,0.0,,0.0,,0.0,,0.0,,,0.0,,,,,0.0,,0.0,0.009475049562752247,0.0,,0.0,0.0,0.0006172159337438643,,0.011276694014668465,0.0,,0.0,0.008886725641787052,0.0,,,0.0,,0.01935204491019249,0.0,0.0,,0.0,0.0019069688860327005,,,,0.0,0.0,0.0,0.0,0.0,7.387471123365685e-05,,,,0.007764055393636227,0.0,,0.0,,0.0,0.0,0.0,0.0,,,0.0,0.0,,,0.0,,0.0,,0.0,0.0,0.0,0.0,0.0,0.0,0.0,,0.0,0.010640541091561317,0.0,0.0,0.0,,,0.0,0.0,0.0,0.0,0.004161264281719923,0.0073729087598621845,,,,0.007771022617816925,0.0,0.0,0.0,,,0.008342444896697998,0.0,0.0,,0.0,,,,,0.0,0.013751369901001453,0.0,,0.0,,,0.0,,0.006028351373970509,0.0,0.0,0.0,,0.006963010877370834,0.0,,0.0,0.0,0.0,0.0,0.0,,0.0025301980786025524,0.0,0.0,,0.0,0.0,0.0,0.0,0.0,0.0,0.0,,0.0009805925656110048,0.0,0.0,0.007419695612043142,0.0,0.0,0.0,,0.0,0.0,0.0,0.010489208623766899,0.0,0.0,0.0,0.0,0.0,0.0,0.00028485566144809127,0.0,0.0,0.0,,0.0,0.0,0.0,0.0,0.0,0.0,0.0,0.0,0.0,0.004446286242455244,0.0,0.0,0.0,,0.0,0.006903916597366333,,0.0032303640618920326,0.0,0.0,0.0,0.0,0.0,0.007855664007365704,0.0,0.0,0.0,0.011428353376686573,0.0,0.014265907928347588,0.0,0.0,0.0,0.0,0.0,0.0,0.0,0.0,0.0,0.0,0.0,0.0,0.0071387211792171,0.0,0.0,0.0,0.010663309134542942,0.009583434090018272,0.0,0.00991410668939352,0.0,0.0,0.0,0.019269602373242378,0.0,0.0,0.0,0.0,0.0,0.0,0.0,0.0,0.004451911896467209,0.0,0.0,0.0,0.0,0.0,0.015617968514561653,0.0,0.008543897420167923,0.0,0.0,0.017431413754820824,0.0,0.0,0.0,0.0,0.0,0.011158911511301994,0.0,0.006921166554093361,0.0,0.013884417712688446,0.0,0.0,0.0,0.0,0.0,0.017269155010581017,0.0,0.00583390099927783,0.0,0.0,,,,,,,,,,,,,,,,,,,,,,,,,,,,,,,,,,,,,,,,,,,,,,,,,,,,,,,,,,,,,,,,,,,,,,,,,,,,,,,,,,,,,,,,,,,,,,,,,,,,,,,,,,,,,,,,,,,,,,,,,,,,,,
2020-11-26,758365.4088141451,1412.6693773358516,,,,,,,,,,,76494.84123570709,,1039061.7711000025,,,,,,,,,,,,,,,,,,,,,,,,,,,,,,,,,,,,,,,,,,,3759.232264253162,,,,,,,,,,,,,,,,,,,,,,8704.086908857678,9277.7321678376,3322.883401489793,7421.891063893989,9720.49293047043,66631.10829256498,23583.999261730885,4595.417000257313,32566.512797012623,,,,,,,,,,,,,,,,,,,,,,,,,,,,,,,,,,,,0.007672586012631655,0.0,0.0,0.01092440728098154,0.0,0.0,0.0,0.0,0.0,0.0,0.0,0.0,0.0,0.0,0.0,0.0,,0.0,,0.0,,0.0,0.0,0.0,0.010507198981940746,0.0,,0.0,0.0,0.010712611488997936,0.0,0.012846814468502998,0.0,,0.0,,,,0.0,0.0,0.0,,0.0,0.0,0.0012285824632272124,0.009027548134326935,0.0,,,0.0,,0.0,0.0,0.0,0.0,0.0,0.0,0.0,0.0,0.006439491640776396,0.015234255231916904,0.0,0.0,0.0,,0.011381476186215878,0.0,0.0,0.0,0.015055594965815544,,0.0005889178719371557,0.0,,0.0,0.0,0.0,0.0,,0.0,0.0,0.0,,0.0,,0.0,0.0,,0.0,,0.0,0.0,0.0030229962430894375,0.01743323914706707,0.0,0.012673601508140564,0.0,0.016194811090826988,0.0,,,0.009300514124333858,0.0,,,,,0.0,0.0,0.0,0.0,0.0,0.0,0.0,0.0,0.0,,0.012146583758294582,0.0019998527131974697,0.0,,0.019029388204216957,0.0,0.0015352413756772876,0.0,0.0,0.0,,0.002669151872396469,,0.014855947345495224,0.0,0.0,0.01175154373049736,,0.0,0.0,,0.0,0.0,0.0,0.0,0.0,0.0001421356719220057,0.0011042432161048055,0.0,0.0,0.0046468619257211685,0.003770541399717331,0.0,0.0012880248250439763,,0.02132318913936615,0.0,0.004850889090448618,0.0,,0.0,0.007785265799611807,0.0,0.0,0.0,0.0,0.0061191171407699585,0.0,0.0,0.0,,0.015078713186085224,0.0,0.0,,,,0.006918592378497124,0.002163069089874625,,0.0,0.0,0.0,0.0,,0.0,,0.0,0.0,0.013318006880581379,0.0,0.0,0.0,,,,0.0,0.01897398941218853,0.0,0.0,0.0,,0.0,0.008289680816233158,0.007186546456068754,0.0,,0.0,0.015495573170483112,0.0,0.0,0.0,,0.002988440217450261,0.0071138362400233746,0.006663523148745298,0.0,,0.0029522741679102182,0.007444577291607857,0.00870683416724205,0.0,0.015951599925756454,0.0,,0.0,0.0,0.0,0.0,0.0,0.0,,0.0,,0.005740217864513397,0.007723913062363863,0.0016765532782301307,0.0,0.0,0.0,0.0,,0.0,0.011521018110215664,0.0028374833054840565,,,0.0,0.0,0.0,0.0,0.0,0.0,0.0,0.0,0.0,,0.0,0.0,0.0014217449352145195,,0.0,0.0,0.0,0.015036061406135559,0.0,0.0,0.0,,,0.0,0.002523822244256735,0.0,0.0,0.0,,0.012212172150611877,,0.010441260412335396,0.0,,0.0,0.0001980172237381339,0.0,0.0,,,0.0,0.009777898900210857,,0.011562291532754898,0.0,,,0.0,0.021612513810396194,0.0,0.0,0.0,0.0,0.0,,,0.0,0.0,0.0,0.0,0.0,,,0.0,0.0,0.0,,0.0,0.0,,0.0,0.0,0.010721533559262753,,0.0,0.0,0.0,0.0,,0.0,0.0,,0.0,0.0,0.0,0.000222572882194072,0.004138255026191473,0.0,0.0,0.0,0.0,0.0,0.0,0.0,0.0,,0.01636638306081295,,0.0,0.013081780634820461,0.00596213573589921,0.0,0.0,0.0,0.00783260352909565,0.013072560541331768,0.0,0.01504174992442131,0.0,,0.0,,0.0,0.007702955510467291,0.0,,0.0,0.0,0.0,0.0064319828525185585,0.0,0.0,0.0,0.0,0.006455377209931612,0.002276746090501547,0.0,,,0.0,0.0,0.0,,,,0.0,0.0,,0.0,,0.0,,0.0,,,0.0,,,,,0.0,,0.0,0.009475049562752247,0.0,,0.0,0.0,0.0006172159337438643,,0.011276694014668465,0.0,,0.0,0.008886725641787052,0.0,,,0.0,,0.01935204491019249,0.0,0.0,,0.0,0.0019069688860327005,,,,0.0,0.0,0.0,0.0,0.0,7.387471123365685e-05,,,,0.007764055393636227,0.0,,0.0,,0.0,0.0,0.0,0.0,,,0.0,0.0,,,0.0,,0.0,,0.0,0.0,0.0,0.0,0.0,0.0,0.0,,0.0,0.010640541091561317,0.0,0.0,0.0,,,0.0,0.0,0.0,0.0,0.004161264281719923,0.0073729087598621845,,,,0.007771022617816925,0.0,0.0,0.0,,,0.008342444896697998,0.0,0.0,,0.0,,,,,0.0,0.013751369901001453,0.0,,0.0,,,0.0,,0.006028351373970509,0.0,0.0,0.0,,0.006963010877370834,0.0,,0.0,0.0,0.0,0.0,0.0,,0.0025301980786025524,0.0,0.0,,0.0,0.0,0.0,0.0,0.0,0.0,0.0,,0.0009805925656110048,0.0,0.0,0.007419695612043142,0.0,0.0,0.0,,0.0,0.0,0.0,0.010489208623766899,0.0,0.0,0.0,0.0,0.0,0.0,0.00028485566144809127,0.0,0.0,0.0,,0.0,0.0,0.0,0.0,0.0,0.0,0.0,0.0,0.0,0.004446286242455244,0.0,0.0,0.0,,0.0,0.006903916597366333,,0.0032303640618920326,0.0,0.0,0.0,0.0,0.0,0.007855664007365704,0.0,0.0,0.0,0.011428353376686573,0.0,0.014265907928347588,0.0,0.0,0.0,0.0,0.0,0.0,0.0,0.0,0.0,0.0,0.0,0.0,0.0071387211792171,0.0,0.0,0.0,0.010663309134542942,0.009583434090018272,0.0,0.00991410668939352,0.0,0.0,0.0,0.019269602373242378,0.0,0.0,0.0,0.0,0.0,0.0,0.0,0.0,0.004451911896467209,0.0,0.0,0.0,0.0,0.0,0.015617968514561653,0.0,0.008543897420167923,0.0,0.0,0.017431413754820824,0.0,0.0,0.0,0.0,0.0,0.011158911511301994,0.0,0.006921166554093361,0.0,0.013884417712688446,0.0,0.0,0.0,0.0,0.0,0.017269155010581017,0.0,0.00583390099927783,0.0,0.0,,,,,,,,,,,,,,,,,,,,,,,,,,,,,,,,,,,,,,,,,,,,,,,,,,,,,,,,,,,,,,,,,,,,,,,,,,,,,,,,,,,,,,,,,,,,,,,,,,,,,,,,,,,,,,,,,,,,,,,,,,,,,,
2020-11-27,757645.7616713777,1454.3161207111912,,,,,,,,,,,76494.84123570709,,1039061.7711000025,,,,,,,,,,,,,,,,,,,,,,,,,,,,,,,,,,,,,,,,,,,3860.8351799534416,,,,,,,,,,,,,,,,,,,,,,8704.086908857678,9385.61459557444,3322.883401489793,7421.891063893989,9720.49293047043,66631.10829256498,22952.720034001566,4730.531354295597,31443.44804124391,,,,,,,,,,,,,,,,,,,,,,,,,,,,,,,,,,,,0.007672586012631655,0.0,0.0,0.01092440728098154,0.0,0.0,0.0,0.0,0.0,0.0,0.0,0.0,0.0,0.0,0.0,0.0,,0.0,,0.0,,0.0,0.0,0.0,0.010507198981940746,0.0,,0.0,0.0,0.010712611488997936,0.0,0.012846814468502998,0.0,,0.0,,,,0.0,0.0,0.0,,0.0,0.0,0.0012285824632272124,0.009027548134326935,0.0,,,0.0,,0.0,0.0,0.0,0.0,0.0,0.0,0.0,0.0,0.006439491640776396,0.015234255231916904,0.0,0.0,0.0,,0.011381476186215878,0.0,0.0,0.0,0.015055594965815544,,0.0005889178719371557,0.0,,0.0,0.0,0.0,0.0,,0.0,0.0,0.0,,0.0,,0.0,0.0,,0.0,,0.0,0.0,0.0030229962430894375,0.01743323914706707,0.0,0.012673601508140564,0.0,0.016194811090826988,0.0,,,0.009300514124333858,0.0,,,,,0.0,0.0,0.0,0.0,0.0,0.0,0.0,0.0,0.0,,0.012146583758294582,0.0019998527131974697,0.0,,0.019029388204216957,0.0,0.0015352413756772876,0.0,0.0,0.0,,0.002669151872396469,,0.014855947345495224,0.0,0.0,0.01175154373049736,,0.0,0.0,,0.0,0.0,0.0,0.0,0.0,0.0001421356719220057,0.0011042432161048055,0.0,0.0,0.0046468619257211685,0.003770541399717331,0.0,0.0012880248250439763,,0.02132318913936615,0.0,0.004850889090448618,0.0,,0.0,0.007785265799611807,0.0,0.0,0.0,0.0,0.0061191171407699585,0.0,0.0,0.0,,0.015078713186085224,0.0,0.0,,,,0.006918592378497124,0.002163069089874625,,0.0,0.0,0.0,0.0,,0.0,,0.0,0.0,0.013318006880581379,0.0,0.0,0.0,,,,0.0,0.01897398941218853,0.0,0.0,0.0,,0.0,0.008289680816233158,0.007186546456068754,0.0,,0.0,0.015495573170483112,0.0,0.0,0.0,,0.002988440217450261,0.0071138362400233746,0.006663523148745298,0.0,,0.0029522741679102182,0.007444577291607857,0.00870683416724205,0.0,0.015951599925756454,0.0,,0.0,0.0,0.0,0.0,0.0,0.0,,0.0,,0.005740217864513397,0.007723913062363863,0.0016765532782301307,0.0,0.0,0.0,0.0,,0.0,0.011521018110215664,0.0028374833054840565,,,0.0,0.0,0.0,0.0,0.0,0.0,0.0,0.0,0.0,,0.0,0.0,0.0014217449352145195,,0.0,0.0,0.0,0.015036061406135559,0.0,0.0,0.0,,,0.0,0.002523822244256735,0.0,0.0,0.0,,0.012212172150611877,,0.010441260412335396,0.0,,0.0,0.0001980172237381339,0.0,0.0,,,0.0,0.009777898900210857,,0.011562291532754898,0.0,,,0.0,0.021612513810396194,0.0,0.0,0.0,0.0,0.0,,,0.0,0.0,0.0,0.0,0.0,,,0.0,0.0,0.0,,0.0,0.0,,0.0,0.0,0.010721533559262753,,0.0,0.0,0.0,0.0,,0.0,0.0,,0.0,0.0,0.0,0.000222572882194072,0.004138255026191473,0.0,0.0,0.0,0.0,0.0,0.0,0.0,0.0,,0.01636638306081295,,0.0,0.013081780634820461,0.00596213573589921,0.0,0.0,0.0,0.00783260352909565,0.013072560541331768,0.0,0.01504174992442131,0.0,,0.0,,0.0,0.007702955510467291,0.0,,0.0,0.0,0.0,0.0064319828525185585,0.0,0.0,0.0,0.0,0.006455377209931612,0.002276746090501547,0.0,,,0.0,0.0,0.0,,,,0.0,0.0,,0.0,,0.0,,0.0,,,0.0,,,,,0.0,,0.0,0.009475049562752247,0.0,,0.0,0.0,0.0006172159337438643,,0.011276694014668465,0.0,,0.0,0.008886725641787052,0.0,,,0.0,,0.01935204491019249,0.0,0.0,,0.0,0.0019069688860327005,,,,0.0,0.0,0.0,0.0,0.0,7.387471123365685e-05,,,,0.007764055393636227,0.0,,0.0,,0.0,0.0,0.0,0.0,,,0.0,0.0,,,0.0,,0.0,,0.0,0.0,0.0,0.0,0.0,0.0,0.0,,0.0,0.010640541091561317,0.0,0.0,0.0,,,0.0,0.0,0.0,0.0,0.004161264281719923,0.0073729087598621845,,,,0.007771022617816925,0.0,0.0,0.0,,,0.008342444896697998,0.0,0.0,,0.0,,,,,0.0,0.013751369901001453,0.0,,0.0,,,0.0,,0.006028351373970509,0.0,0.0,0.0,,0.006963010877370834,0.0,,0.0,0.0,0.0,0.0,0.0,,0.0025301980786025524,0.0,0.0,,0.0,0.0,0.0,0.0,0.0,0.0,0.0,,0.0009805925656110048,0.0,0.0,0.007419695612043142,0.0,0.0,0.0,,0.0,0.0,0.0,0.010489208623766899,0.0,0.0,0.0,0.0,0.0,0.0,0.00028485566144809127,0.0,0.0,0.0,,0.0,0.0,0.0,0.0,0.0,0.0,0.0,0.0,0.0,0.004446286242455244,0.0,0.0,0.0,,0.0,0.006903916597366333,,0.0032303640618920326,0.0,0.0,0.0,0.0,0.0,0.007855664007365704,0.0,0.0,0.0,0.011428353376686573,0.0,0.014265907928347588,0.0,0.0,0.0,0.0,0.0,0.0,0.0,0.0,0.0,0.0,0.0,0.0,0.0071387211792171,0.0,0.0,0.0,0.010663309134542942,0.009583434090018272,0.0,0.00991410668939352,0.0,0.0,0.0,0.019269602373242378,0.0,0.0,0.0,0.0,0.0,0.0,0.0,0.0,0.004451911896467209,0.0,0.0,0.0,0.0,0.0,0.015617968514561653,0.0,0.008543897420167923,0.0,0.0,0.017431413754820824,0.0,0.0,0.0,0.0,0.0,0.011158911511301994,0.0,0.006921166554093361,0.0,0.013884417712688446,0.0,0.0,0.0,0.0,0.0,0.017269155010581017,0.0,0.00583390099927783,0.0,0.0,,,,,,,,,,,,,,,,,,,,,,,,,,,,,,,,,,,,,,,,,,,,,,,,,,,,,,,,,,,,,,,,,,,,,,,,,,,,,,,,,,,,,,,,,,,,,,,,,,,,,,,,,,,,,,,,,,,,,,,,,,,,,,
2020-11-30,754249.5929238595,640.3256583936804,,,,,,,,,,,76494.84123570709,,1039061.7711000025,,,,,,,,,,,,,,,,,,,,,,,,,,,,,,,,,,,,,,,,,,,3860.8351799534416,,,,,,,,,,,,,,,,,,,,,,8704.086908857678,9385.321602810263,3322.883401489793,7421.891063893989,9720.49293047043,67697.36287687396,22863.29324212366,4730.531354295597,31446.707974765963,,,,,,,,,,,,,,,,,,,,,,,,,,,,,,,,,,,,0.007672586012631655,0.0,0.0,0.01092440728098154,0.0,0.0,0.0,0.0,0.0,0.0,0.0,0.0,0.0,0.0,0.0,0.0,,0.0,,0.0,,0.0,0.0,0.0,0.010507198981940746,0.0,,0.0,0.0,0.010712611488997936,0.0,0.012846814468502998,0.0,,0.0,,,,0.0,0.0,0.0,,0.0,0.0,0.0012285824632272124,0.009027548134326935,0.0,,,0.0,,0.0,0.0,0.0,0.0,0.0,0.0,0.0,0.0,0.006439491640776396,0.015234255231916904,0.0,0.0,0.0,,0.011381476186215878,0.0,0.0,0.0,0.015055594965815544,,0.0005889178719371557,0.0,,0.0,0.0,0.0,0.0,,0.0,0.0,0.0,,0.0,,0.0,0.0,,0.0,,0.0,0.0,0.0030229962430894375,0.01743323914706707,0.0,0.012673601508140564,0.0,0.016194811090826988,0.0,,,0.009300514124333858,0.0,,,,,0.0,0.0,0.0,0.0,0.0,0.0,0.0,0.0,0.0,,0.012146583758294582,0.0019998527131974697,0.0,,0.019029388204216957,0.0,0.0015352413756772876,0.0,0.0,0.0,,0.002669151872396469,,0.014855947345495224,0.0,0.0,0.01175154373049736,,0.0,0.0,,0.0,0.0,0.0,0.0,0.0,0.0001421356719220057,0.0011042432161048055,0.0,0.0,0.0046468619257211685,0.003770541399717331,0.0,0.0012880248250439763,,0.02132318913936615,0.0,0.004850889090448618,0.0,,0.0,0.007785265799611807,0.0,0.0,0.0,0.0,0.0061191171407699585,0.0,0.0,0.0,,0.015078713186085224,0.0,0.0,,,,0.006918592378497124,0.002163069089874625,,0.0,0.0,0.0,0.0,,0.0,,0.0,0.0,0.013318006880581379,0.0,0.0,0.0,,,,0.0,0.01897398941218853,0.0,0.0,0.0,,0.0,0.008289680816233158,0.007186546456068754,0.0,,0.0,0.015495573170483112,0.0,0.0,0.0,,0.002988440217450261,0.0071138362400233746,0.006663523148745298,0.0,,0.0029522741679102182,0.007444577291607857,0.00870683416724205,0.0,0.015951599925756454,0.0,,0.0,0.0,0.0,0.0,0.0,0.0,,0.0,,0.005740217864513397,0.007723913062363863,0.0016765532782301307,0.0,0.0,0.0,0.0,,0.0,0.011521018110215664,0.0028374833054840565,,,0.0,0.0,0.0,0.0,0.0,0.0,0.0,0.0,0.0,,0.0,0.0,0.0014217449352145195,,0.0,0.0,0.0,0.015036061406135559,0.0,0.0,0.0,,,0.0,0.002523822244256735,0.0,0.0,0.0,,0.012212172150611877,,0.010441260412335396,0.0,,0.0,0.0001980172237381339,0.0,0.0,,,0.0,0.009777898900210857,,0.011562291532754898,0.0,,,0.0,0.021612513810396194,0.0,0.0,0.0,0.0,0.0,,,0.0,0.0,0.0,0.0,0.0,,,0.0,0.0,0.0,,0.0,0.0,,0.0,0.0,0.010721533559262753,,0.0,0.0,0.0,0.0,,0.0,0.0,,0.0,0.0,0.0,0.000222572882194072,0.004138255026191473,0.0,0.0,0.0,0.0,0.0,0.0,0.0,0.0,,0.01636638306081295,,0.0,0.013081780634820461,0.00596213573589921,0.0,0.0,0.0,0.00783260352909565,0.013072560541331768,0.0,0.01504174992442131,0.0,,0.0,,0.0,0.007702955510467291,0.0,,0.0,0.0,0.0,0.0064319828525185585,0.0,0.0,0.0,0.0,0.006455377209931612,0.002276746090501547,0.0,,,0.0,0.0,0.0,,,,0.0,0.0,,0.0,,0.0,,0.0,,,0.0,,,,,0.0,,0.0,0.009475049562752247,0.0,,0.0,0.0,0.0006172159337438643,,0.011276694014668465,0.0,,0.0,0.008886725641787052,0.0,,,0.0,,0.01935204491019249,0.0,0.0,,0.0,0.0019069688860327005,,,,0.0,0.0,0.0,0.0,0.0,7.387471123365685e-05,,,,0.007764055393636227,0.0,,0.0,,0.0,0.0,0.0,0.0,,,0.0,0.0,,,0.0,,0.0,,0.0,0.0,0.0,0.0,0.0,0.0,0.0,,0.0,0.010640541091561317,0.0,0.0,0.0,,,0.0,0.0,0.0,0.0,0.004161264281719923,0.0073729087598621845,,,,0.007771022617816925,0.0,0.0,0.0,,,0.008342444896697998,0.0,0.0,,0.0,,,,,0.0,0.013751369901001453,0.0,,0.0,,,0.0,,0.006028351373970509,0.0,0.0,0.0,,0.006963010877370834,0.0,,0.0,0.0,0.0,0.0,0.0,,0.0025301980786025524,0.0,0.0,,0.0,0.0,0.0,0.0,0.0,0.0,0.0,,0.0009805925656110048,0.0,0.0,0.007419695612043142,0.0,0.0,0.0,,0.0,0.0,0.0,0.010489208623766899,0.0,0.0,0.0,0.0,0.0,0.0,0.00028485566144809127,0.0,0.0,0.0,,0.0,0.0,0.0,0.0,0.0,0.0,0.0,0.0,0.0,0.004446286242455244,0.0,0.0,0.0,,0.0,0.006903916597366333,,0.0032303640618920326,0.0,0.0,0.0,0.0,0.0,0.007855664007365704,0.0,0.0,0.0,0.011428353376686573,0.0,0.014265907928347588,0.0,0.0,0.0,0.0,0.0,0.0,0.0,0.0,0.0,0.0,0.0,0.0,0.0071387211792171,0.0,0.0,0.0,0.010663309134542942,0.009583434090018272,0.0,0.00991410668939352,0.0,0.0,0.0,0.019269602373242378,0.0,0.0,0.0,0.0,0.0,0.0,0.0,0.0,0.004451911896467209,0.0,0.0,0.0,0.0,0.0,0.015617968514561653,0.0,0.008543897420167923,0.0,0.0,0.017431413754820824,0.0,0.0,0.0,0.0,0.0,0.011158911511301994,0.0,0.006921166554093361,0.0,0.013884417712688446,0.0,0.0,0.0,0.0,0.0,0.017269155010581017,0.0,0.00583390099927783,0.0,0.0,,,,,,,,,,,,,,,,,,,,,,,,,,,,,,,,,,,,,,,,,,,,,,,,,,,,,,,,,,,,,,,,,,,,,,,,,,,,,,,,,,,,,,,,,,,,,,,,,,,,,,,,,,,,,,,,,,,,,,,,,,,,,,
2020-12-01,761709.5949358272,414.3801021786171,,,,,,,,,,,76494.84123570709,,1039061.7711000025,,,,,,,,,,,,,,,,,,,,,,,,,,,,,,,,,,,,,,,,,,,3860.8351799534416,,,,,,,,,,,,,,,,,,,,,,8704.086908857678,9277.69966844795,3322.883401489793,7421.891063893989,9720.49293047043,68763.4350366137,22863.29324212366,4730.531354295597,31446.707974765963,,,,,,,,,,,,,,,,,,,,,,,,,,,,,,,,,,,,0.007672586012631655,0.0,0.0,0.01092440728098154,0.0,0.0,0.0,0.0,0.0,0.0,0.0,0.0,0.0,0.0,0.0,0.0,,0.0,,0.0,,0.0,0.0,0.0,0.010507198981940746,0.0,,0.0,0.0,0.010712611488997936,0.0,0.012846814468502998,0.0,,0.0,,,,0.0,0.0,0.0,,0.0,0.0,0.0012285824632272124,0.009027548134326935,0.0,,,0.0,,0.0,0.0,0.0,0.0,0.0,0.0,0.0,0.0,0.006439491640776396,0.015234255231916904,0.0,0.0,0.0,,0.011381476186215878,0.0,0.0,0.0,0.015055594965815544,,0.0005889178719371557,0.0,,0.0,0.0,0.0,0.0,,0.0,0.0,0.0,,0.0,,0.0,0.0,,0.0,,0.0,0.0,0.0030229962430894375,0.01743323914706707,0.0,0.012673601508140564,0.0,0.016194811090826988,0.0,,,0.009300514124333858,0.0,,,,,0.0,0.0,0.0,0.0,0.0,0.0,0.0,0.0,0.0,,0.012146583758294582,0.0019998527131974697,0.0,,0.019029388204216957,0.0,0.0015352413756772876,0.0,0.0,0.0,,0.002669151872396469,,0.014855947345495224,0.0,0.0,0.01175154373049736,,0.0,0.0,,0.0,0.0,0.0,0.0,0.0,0.0001421356719220057,0.0011042432161048055,0.0,0.0,0.0046468619257211685,0.003770541399717331,0.0,0.0012880248250439763,,0.02132318913936615,0.0,0.004850889090448618,0.0,,0.0,0.007785265799611807,0.0,0.0,0.0,0.0,0.0061191171407699585,0.0,0.0,0.0,,0.015078713186085224,0.0,0.0,,,,0.006918592378497124,0.002163069089874625,,0.0,0.0,0.0,0.0,,0.0,,0.0,0.0,0.013318006880581379,0.0,0.0,0.0,,,,0.0,0.01897398941218853,0.0,0.0,0.0,,0.0,0.008289680816233158,0.007186546456068754,0.0,,0.0,0.015495573170483112,0.0,0.0,0.0,,0.002988440217450261,0.0071138362400233746,0.006663523148745298,0.0,,0.0029522741679102182,0.007444577291607857,0.00870683416724205,0.0,0.015951599925756454,0.0,,0.0,0.0,0.0,0.0,0.0,0.0,,0.0,,0.005740217864513397,0.007723913062363863,0.0016765532782301307,0.0,0.0,0.0,0.0,,0.0,0.011521018110215664,0.0028374833054840565,,,0.0,0.0,0.0,0.0,0.0,0.0,0.0,0.0,0.0,,0.0,0.0,0.0014217449352145195,,0.0,0.0,0.0,0.015036061406135559,0.0,0.0,0.0,,,0.0,0.002523822244256735,0.0,0.0,0.0,,0.012212172150611877,,0.010441260412335396,0.0,,0.0,0.0001980172237381339,0.0,0.0,,,0.0,0.009777898900210857,,0.011562291532754898,0.0,,,0.0,0.021612513810396194,0.0,0.0,0.0,0.0,0.0,,,0.0,0.0,0.0,0.0,0.0,,,0.0,0.0,0.0,,0.0,0.0,,0.0,0.0,0.010721533559262753,,0.0,0.0,0.0,0.0,,0.0,0.0,,0.0,0.0,0.0,0.000222572882194072,0.004138255026191473,0.0,0.0,0.0,0.0,0.0,0.0,0.0,0.0,,0.01636638306081295,,0.0,0.013081780634820461,0.00596213573589921,0.0,0.0,0.0,0.00783260352909565,0.013072560541331768,0.0,0.01504174992442131,0.0,,0.0,,0.0,0.007702955510467291,0.0,,0.0,0.0,0.0,0.0064319828525185585,0.0,0.0,0.0,0.0,0.006455377209931612,0.002276746090501547,0.0,,,0.0,0.0,0.0,,,,0.0,0.0,,0.0,,0.0,,0.0,,,0.0,,,,,0.0,,0.0,0.009475049562752247,0.0,,0.0,0.0,0.0006172159337438643,,0.011276694014668465,0.0,,0.0,0.008886725641787052,0.0,,,0.0,,0.01935204491019249,0.0,0.0,,0.0,0.0019069688860327005,,,,0.0,0.0,0.0,0.0,0.0,7.387471123365685e-05,,,,0.007764055393636227,0.0,,0.0,,0.0,0.0,0.0,0.0,,,0.0,0.0,,,0.0,,0.0,,0.0,0.0,0.0,0.0,0.0,0.0,0.0,,0.0,0.010640541091561317,0.0,0.0,0.0,,,0.0,0.0,0.0,0.0,0.004161264281719923,0.0073729087598621845,,,,0.007771022617816925,0.0,0.0,0.0,,,0.008342444896697998,0.0,0.0,,0.0,,,,,0.0,0.013751369901001453,0.0,,0.0,,,0.0,,0.006028351373970509,0.0,0.0,0.0,,0.006963010877370834,0.0,,0.0,0.0,0.0,0.0,0.0,,0.0025301980786025524,0.0,0.0,,0.0,0.0,0.0,0.0,0.0,0.0,0.0,,0.0009805925656110048,0.0,0.0,0.007419695612043142,0.0,0.0,0.0,,0.0,0.0,0.0,0.010489208623766899,0.0,0.0,0.0,0.0,0.0,0.0,0.00028485566144809127,0.0,0.0,0.0,,0.0,0.0,0.0,0.0,0.0,0.0,0.0,0.0,0.0,0.004446286242455244,0.0,0.0,0.0,,0.0,0.006903916597366333,,0.0032303640618920326,0.0,0.0,0.0,0.0,0.0,0.007855664007365704,0.0,0.0,0.0,0.011428353376686573,0.0,0.014265907928347588,0.0,0.0,0.0,0.0,0.0,0.0,0.0,0.0,0.0,0.0,0.0,0.0,0.0071387211792171,0.0,0.0,0.0,0.010663309134542942,0.009583434090018272,0.0,0.00991410668939352,0.0,0.0,0.0,0.019269602373242378,0.0,0.0,0.0,0.0,0.0,0.0,0.0,0.0,0.004451911896467209,0.0,0.0,0.0,0.0,0.0,0.015617968514561653,0.0,0.008543897420167923,0.0,0.0,0.017431413754820824,0.0,0.0,0.0,0.0,0.0,0.011158911511301994,0.0,0.006921166554093361,0.0,0.013884417712688446,0.0,0.0,0.0,0.0,0.0,0.017269155010581017,0.0,0.00583390099927783,0.0,0.0,,,,,,,,,,,,,,,,,,,,,,,,,,,,,,,,,,,,,,,,,,,,,,,,,,,,,,,,,,,,,,,,,,,,,,,,,,,,,,,,,,,,,,,,,,,,,,,,,,,,,,,,,,,,,,,,,,,,,,,,,,,,,,
2020-12-02,760321.77481881,122.22243686180701,,,,,,,,,,,76494.84123570709,,1039061.7711000025,,,,,,,,,,,,,,,,,,,,,,,,,,,,,,,,,,,,,,,,,,,3860.8351799534416,,,,,,,,,,,,,,,,,,,,,,8704.086908857678,9277.386479148876,3322.883401489793,7421.891063893989,9720.49293047043,68763.4350366137,22953.299379436372,4730.531354295597,31445.17922121041,,,,,,,,,,,,,,,,,,,,,,,,,,,,,,,,,,,,0.007672586012631655,0.0,0.0,0.01092440728098154,0.0,0.0,0.0,0.0,0.0,0.0,0.0,0.0,0.0,0.0,0.0,0.0,,0.0,,0.0,,0.0,0.0,0.0,0.010507198981940746,0.0,,0.0,0.0,0.010712611488997936,0.0,0.012846814468502998,0.0,,0.0,,,,0.0,0.0,0.0,,0.0,0.0,0.0012285824632272124,0.009027548134326935,0.0,,,0.0,,0.0,0.0,0.0,0.0,0.0,0.0,0.0,0.0,0.006439491640776396,0.015234255231916904,0.0,0.0,0.0,,0.011381476186215878,0.0,0.0,0.0,0.015055594965815544,,0.0005889178719371557,0.0,,0.0,0.0,0.0,0.0,,0.0,0.0,0.0,,0.0,,0.0,0.0,,0.0,,0.0,0.0,0.0030229962430894375,0.01743323914706707,0.0,0.012673601508140564,0.0,0.016194811090826988,0.0,,,0.009300514124333858,0.0,,,,,0.0,0.0,0.0,0.0,0.0,0.0,0.0,0.0,0.0,,0.012146583758294582,0.0019998527131974697,0.0,,0.019029388204216957,0.0,0.0015352413756772876,0.0,0.0,0.0,,0.002669151872396469,,0.014855947345495224,0.0,0.0,0.01175154373049736,,0.0,0.0,,0.0,0.0,0.0,0.0,0.0,0.0001421356719220057,0.0011042432161048055,0.0,0.0,0.0046468619257211685,0.003770541399717331,0.0,0.0012880248250439763,,0.02132318913936615,0.0,0.004850889090448618,0.0,,0.0,0.007785265799611807,0.0,0.0,0.0,0.0,0.0061191171407699585,0.0,0.0,0.0,,0.015078713186085224,0.0,0.0,,,,0.006918592378497124,0.002163069089874625,,0.0,0.0,0.0,0.0,,0.0,,0.0,0.0,0.013318006880581379,0.0,0.0,0.0,,,,0.0,0.01897398941218853,0.0,0.0,0.0,,0.0,0.008289680816233158,0.007186546456068754,0.0,,0.0,0.015495573170483112,0.0,0.0,0.0,,0.002988440217450261,0.0071138362400233746,0.006663523148745298,0.0,,0.0029522741679102182,0.007444577291607857,0.00870683416724205,0.0,0.015951599925756454,0.0,,0.0,0.0,0.0,0.0,0.0,0.0,,0.0,,0.005740217864513397,0.007723913062363863,0.0016765532782301307,0.0,0.0,0.0,0.0,,0.0,0.011521018110215664,0.0028374833054840565,,,0.0,0.0,0.0,0.0,0.0,0.0,0.0,0.0,0.0,,0.0,0.0,0.0014217449352145195,,0.0,0.0,0.0,0.015036061406135559,0.0,0.0,0.0,,,0.0,0.002523822244256735,0.0,0.0,0.0,,0.012212172150611877,,0.010441260412335396,0.0,,0.0,0.0001980172237381339,0.0,0.0,,,0.0,0.009777898900210857,,0.011562291532754898,0.0,,,0.0,0.021612513810396194,0.0,0.0,0.0,0.0,0.0,,,0.0,0.0,0.0,0.0,0.0,,,0.0,0.0,0.0,,0.0,0.0,,0.0,0.0,0.010721533559262753,,0.0,0.0,0.0,0.0,,0.0,0.0,,0.0,0.0,0.0,0.000222572882194072,0.004138255026191473,0.0,0.0,0.0,0.0,0.0,0.0,0.0,0.0,,0.01636638306081295,,0.0,0.013081780634820461,0.00596213573589921,0.0,0.0,0.0,0.00783260352909565,0.013072560541331768,0.0,0.01504174992442131,0.0,,0.0,,0.0,0.007702955510467291,0.0,,0.0,0.0,0.0,0.0064319828525185585,0.0,0.0,0.0,0.0,0.006455377209931612,0.002276746090501547,0.0,,,0.0,0.0,0.0,,,,0.0,0.0,,0.0,,0.0,,0.0,,,0.0,,,,,0.0,,0.0,0.009475049562752247,0.0,,0.0,0.0,0.0006172159337438643,,0.011276694014668465,0.0,,0.0,0.008886725641787052,0.0,,,0.0,,0.01935204491019249,0.0,0.0,,0.0,0.0019069688860327005,,,,0.0,0.0,0.0,0.0,0.0,7.387471123365685e-05,,,,0.007764055393636227,0.0,,0.0,,0.0,0.0,0.0,0.0,,,0.0,0.0,,,0.0,,0.0,,0.0,0.0,0.0,0.0,0.0,0.0,0.0,,0.0,0.010640541091561317,0.0,0.0,0.0,,,0.0,0.0,0.0,0.0,0.004161264281719923,0.0073729087598621845,,,,0.007771022617816925,0.0,0.0,0.0,,,0.008342444896697998,0.0,0.0,,0.0,,,,,0.0,0.013751369901001453,0.0,,0.0,,,0.0,,0.006028351373970509,0.0,0.0,0.0,,0.006963010877370834,0.0,,0.0,0.0,0.0,0.0,0.0,,0.0025301980786025524,0.0,0.0,,0.0,0.0,0.0,0.0,0.0,0.0,0.0,,0.0009805925656110048,0.0,0.0,0.007419695612043142,0.0,0.0,0.0,,0.0,0.0,0.0,0.010489208623766899,0.0,0.0,0.0,0.0,0.0,0.0,0.00028485566144809127,0.0,0.0,0.0,,0.0,0.0,0.0,0.0,0.0,0.0,0.0,0.0,0.0,0.004446286242455244,0.0,0.0,0.0,,0.0,0.006903916597366333,,0.0032303640618920326,0.0,0.0,0.0,0.0,0.0,0.007855664007365704,0.0,0.0,0.0,0.011428353376686573,0.0,0.014265907928347588,0.0,0.0,0.0,0.0,0.0,0.0,0.0,0.0,0.0,0.0,0.0,0.0,0.0071387211792171,0.0,0.0,0.0,0.010663309134542942,0.009583434090018272,0.0,0.00991410668939352,0.0,0.0,0.0,0.019269602373242378,0.0,0.0,0.0,0.0,0.0,0.0,0.0,0.0,0.004451911896467209,0.0,0.0,0.0,0.0,0.0,0.015617968514561653,0.0,0.008543897420167923,0.0,0.0,0.017431413754820824,0.0,0.0,0.0,0.0,0.0,0.011158911511301994,0.0,0.006921166554093361,0.0,0.013884417712688446,0.0,0.0,0.0,0.0,0.0,0.017269155010581017,0.0,0.00583390099927783,0.0,0.0,,,,,,,,,,,,,,,,,,,,,,,,,,,,,,,,,,,,,,,,,,,,,,,,,,,,,,,,,,,,,,,,,,,,,,,,,,,,,,,,,,,,,,,,,,,,,,,,,,,,,,,,,,,,,,,,,,,,,,,,,,,,,,
2020-12-03,759756.1341552961,468.0244272562195,,,,,,,,,,,76494.84123570709,,1039061.7711000025,,,,,,,,,,,,,,,,,,,,,,,,,,,,,,,,,,,,,,,,,,,4064.0412205588805,,,,,,,,,,,,,,,,,,,,,,8704.086908857678,9277.543369430801,3322.883401489793,7421.891063893989,9720.49293047043,68763.4350366137,22682.688033601546,4730.531354295597,30323.080954961355,,,,,,,,,,,,,,,,,,,,,,,,,,,,,,,,,,,,0.007672586012631655,0.0,0.0,0.01092440728098154,0.0,0.0,0.0,0.0,0.0,0.0,0.0,0.0,0.0,0.0,0.0,0.0,,0.0,,0.0,,0.0,0.0,0.0,0.010507198981940746,0.0,,0.0,0.0,0.010712611488997936,0.0,0.012846814468502998,0.0,,0.0,,,,0.0,0.0,0.0,,0.0,0.0,0.0012285824632272124,0.009027548134326935,0.0,,,0.0,,0.0,0.0,0.0,0.0,0.0,0.0,0.0,0.0,0.006439491640776396,0.015234255231916904,0.0,0.0,0.0,,0.011381476186215878,0.0,0.0,0.0,0.015055594965815544,,0.0005889178719371557,0.0,,0.0,0.0,0.0,0.0,,0.0,0.0,0.0,,0.0,,0.0,0.0,,0.0,,0.0,0.0,0.0030229962430894375,0.01743323914706707,0.0,0.012673601508140564,0.0,0.016194811090826988,0.0,,,0.009300514124333858,0.0,,,,,0.0,0.0,0.0,0.0,0.0,0.0,0.0,0.0,0.0,,0.012146583758294582,0.0019998527131974697,0.0,,0.019029388204216957,0.0,0.0015352413756772876,0.0,0.0,0.0,,0.002669151872396469,,0.014855947345495224,0.0,0.0,0.01175154373049736,,0.0,0.0,,0.0,0.0,0.0,0.0,0.0,0.0001421356719220057,0.0011042432161048055,0.0,0.0,0.0046468619257211685,0.003770541399717331,0.0,0.0012880248250439763,,0.02132318913936615,0.0,0.004850889090448618,0.0,,0.0,0.007785265799611807,0.0,0.0,0.0,0.0,0.0061191171407699585,0.0,0.0,0.0,,0.015078713186085224,0.0,0.0,,,,0.006918592378497124,0.002163069089874625,,0.0,0.0,0.0,0.0,,0.0,,0.0,0.0,0.013318006880581379,0.0,0.0,0.0,,,,0.0,0.01897398941218853,0.0,0.0,0.0,,0.0,0.008289680816233158,0.007186546456068754,0.0,,0.0,0.015495573170483112,0.0,0.0,0.0,,0.002988440217450261,0.0071138362400233746,0.006663523148745298,0.0,,0.0029522741679102182,0.007444577291607857,0.00870683416724205,0.0,0.015951599925756454,0.0,,0.0,0.0,0.0,0.0,0.0,0.0,,0.0,,0.005740217864513397,0.007723913062363863,0.0016765532782301307,0.0,0.0,0.0,0.0,,0.0,0.011521018110215664,0.0028374833054840565,,,0.0,0.0,0.0,0.0,0.0,0.0,0.0,0.0,0.0,,0.0,0.0,0.0014217449352145195,,0.0,0.0,0.0,0.015036061406135559,0.0,0.0,0.0,,,0.0,0.002523822244256735,0.0,0.0,0.0,,0.012212172150611877,,0.010441260412335396,0.0,,0.0,0.0001980172237381339,0.0,0.0,,,0.0,0.009777898900210857,,0.011562291532754898,0.0,,,0.0,0.021612513810396194,0.0,0.0,0.0,0.0,0.0,,,0.0,0.0,0.0,0.0,0.0,,,0.0,0.0,0.0,,0.0,0.0,,0.0,0.0,0.010721533559262753,,0.0,0.0,0.0,0.0,,0.0,0.0,,0.0,0.0,0.0,0.000222572882194072,0.004138255026191473,0.0,0.0,0.0,0.0,0.0,0.0,0.0,0.0,,0.01636638306081295,,0.0,0.013081780634820461,0.00596213573589921,0.0,0.0,0.0,0.00783260352909565,0.013072560541331768,0.0,0.01504174992442131,0.0,,0.0,,0.0,0.007702955510467291,0.0,,0.0,0.0,0.0,0.0064319828525185585,0.0,0.0,0.0,0.0,0.006455377209931612,0.002276746090501547,0.0,,,0.0,0.0,0.0,,,,0.0,0.0,,0.0,,0.0,,0.0,,,0.0,,,,,0.0,,0.0,0.009475049562752247,0.0,,0.0,0.0,0.0006172159337438643,,0.011276694014668465,0.0,,0.0,0.008886725641787052,0.0,,,0.0,,0.01935204491019249,0.0,0.0,,0.0,0.0019069688860327005,,,,0.0,0.0,0.0,0.0,0.0,7.387471123365685e-05,,,,0.007764055393636227,0.0,,0.0,,0.0,0.0,0.0,0.0,,,0.0,0.0,,,0.0,,0.0,,0.0,0.0,0.0,0.0,0.0,0.0,0.0,,0.0,0.010640541091561317,0.0,0.0,0.0,,,0.0,0.0,0.0,0.0,0.004161264281719923,0.0073729087598621845,,,,0.007771022617816925,0.0,0.0,0.0,,,0.008342444896697998,0.0,0.0,,0.0,,,,,0.0,0.013751369901001453,0.0,,0.0,,,0.0,,0.006028351373970509,0.0,0.0,0.0,,0.006963010877370834,0.0,,0.0,0.0,0.0,0.0,0.0,,0.0025301980786025524,0.0,0.0,,0.0,0.0,0.0,0.0,0.0,0.0,0.0,,0.0009805925656110048,0.0,0.0,0.007419695612043142,0.0,0.0,0.0,,0.0,0.0,0.0,0.010489208623766899,0.0,0.0,0.0,0.0,0.0,0.0,0.00028485566144809127,0.0,0.0,0.0,,0.0,0.0,0.0,0.0,0.0,0.0,0.0,0.0,0.0,0.004446286242455244,0.0,0.0,0.0,,0.0,0.006903916597366333,,0.0032303640618920326,0.0,0.0,0.0,0.0,0.0,0.007855664007365704,0.0,0.0,0.0,0.011428353376686573,0.0,0.014265907928347588,0.0,0.0,0.0,0.0,0.0,0.0,0.0,0.0,0.0,0.0,0.0,0.0,0.0071387211792171,0.0,0.0,0.0,0.010663309134542942,0.009583434090018272,0.0,0.00991410668939352,0.0,0.0,0.0,0.019269602373242378,0.0,0.0,0.0,0.0,0.0,0.0,0.0,0.0,0.004451911896467209,0.0,0.0,0.0,0.0,0.0,0.015617968514561653,0.0,0.008543897420167923,0.0,0.0,0.017431413754820824,0.0,0.0,0.0,0.0,0.0,0.011158911511301994,0.0,0.006921166554093361,0.0,0.013884417712688446,0.0,0.0,0.0,0.0,0.0,0.017269155010581017,0.0,0.00583390099927783,0.0,0.0,,,,,,,,,,,,,,,,,,,,,,,,,,,,,,,,,,,,,,,,,,,,,,,,,,,,,,,,,,,,,,,,,,,,,,,,,,,,,,,,,,,,,,,,,,,,,,,,,,,,,,,,,,,,,,,,,,,,,,,,,,,,,,
2020-12-04,760250.8890409925,167.64417212678345,,,,,,,,,,,76494.84123570709,,1039061.7711000025,,,,,,,,,,,,,,,,,,,,,,,,,,,,,,,,,,,,,,,,,,,4064.0412205588805,,,,,,,,,,,,,,,,,,,,,,8704.086908857678,9277.319071646049,3322.883401489793,7421.891063893989,9720.49293047043,68763.4350366137,22774.45084985772,4730.531354295597,30321.873244970786,,,,,,,,,,,,,,,,,,,,,,,,,,,,,,,,,,,,0.007672586012631655,0.0,0.0,0.01092440728098154,0.0,0.0,0.0,0.0,0.0,0.0,0.0,0.0,0.0,0.0,0.0,0.0,,0.0,,0.0,,0.0,0.0,0.0,0.010507198981940746,0.0,,0.0,0.0,0.010712611488997936,0.0,0.012846814468502998,0.0,,0.0,,,,0.0,0.0,0.0,,0.0,0.0,0.0012285824632272124,0.009027548134326935,0.0,,,0.0,,0.0,0.0,0.0,0.0,0.0,0.0,0.0,0.0,0.006439491640776396,0.015234255231916904,0.0,0.0,0.0,,0.011381476186215878,0.0,0.0,0.0,0.015055594965815544,,0.0005889178719371557,0.0,,0.0,0.0,0.0,0.0,,0.0,0.0,0.0,,0.0,,0.0,0.0,,0.0,,0.0,0.0,0.0030229962430894375,0.01743323914706707,0.0,0.012673601508140564,0.0,0.016194811090826988,0.0,,,0.009300514124333858,0.0,,,,,0.0,0.0,0.0,0.0,0.0,0.0,0.0,0.0,0.0,,0.012146583758294582,0.0019998527131974697,0.0,,0.019029388204216957,0.0,0.0015352413756772876,0.0,0.0,0.0,,0.002669151872396469,,0.014855947345495224,0.0,0.0,0.01175154373049736,,0.0,0.0,,0.0,0.0,0.0,0.0,0.0,0.0001421356719220057,0.0011042432161048055,0.0,0.0,0.0046468619257211685,0.003770541399717331,0.0,0.0012880248250439763,,0.02132318913936615,0.0,0.004850889090448618,0.0,,0.0,0.007785265799611807,0.0,0.0,0.0,0.0,0.0061191171407699585,0.0,0.0,0.0,,0.015078713186085224,0.0,0.0,,,,0.006918592378497124,0.002163069089874625,,0.0,0.0,0.0,0.0,,0.0,,0.0,0.0,0.013318006880581379,0.0,0.0,0.0,,,,0.0,0.01897398941218853,0.0,0.0,0.0,,0.0,0.008289680816233158,0.007186546456068754,0.0,,0.0,0.015495573170483112,0.0,0.0,0.0,,0.002988440217450261,0.0071138362400233746,0.006663523148745298,0.0,,0.0029522741679102182,0.007444577291607857,0.00870683416724205,0.0,0.015951599925756454,0.0,,0.0,0.0,0.0,0.0,0.0,0.0,,0.0,,0.005740217864513397,0.007723913062363863,0.0016765532782301307,0.0,0.0,0.0,0.0,,0.0,0.011521018110215664,0.0028374833054840565,,,0.0,0.0,0.0,0.0,0.0,0.0,0.0,0.0,0.0,,0.0,0.0,0.0014217449352145195,,0.0,0.0,0.0,0.015036061406135559,0.0,0.0,0.0,,,0.0,0.002523822244256735,0.0,0.0,0.0,,0.012212172150611877,,0.010441260412335396,0.0,,0.0,0.0001980172237381339,0.0,0.0,,,0.0,0.009777898900210857,,0.011562291532754898,0.0,,,0.0,0.021612513810396194,0.0,0.0,0.0,0.0,0.0,,,0.0,0.0,0.0,0.0,0.0,,,0.0,0.0,0.0,,0.0,0.0,,0.0,0.0,0.010721533559262753,,0.0,0.0,0.0,0.0,,0.0,0.0,,0.0,0.0,0.0,0.000222572882194072,0.004138255026191473,0.0,0.0,0.0,0.0,0.0,0.0,0.0,0.0,,0.01636638306081295,,0.0,0.013081780634820461,0.00596213573589921,0.0,0.0,0.0,0.00783260352909565,0.013072560541331768,0.0,0.01504174992442131,0.0,,0.0,,0.0,0.007702955510467291,0.0,,0.0,0.0,0.0,0.0064319828525185585,0.0,0.0,0.0,0.0,0.006455377209931612,0.002276746090501547,0.0,,,0.0,0.0,0.0,,,,0.0,0.0,,0.0,,0.0,,0.0,,,0.0,,,,,0.0,,0.0,0.009475049562752247,0.0,,0.0,0.0,0.0006172159337438643,,0.011276694014668465,0.0,,0.0,0.008886725641787052,0.0,,,0.0,,0.01935204491019249,0.0,0.0,,0.0,0.0019069688860327005,,,,0.0,0.0,0.0,0.0,0.0,7.387471123365685e-05,,,,0.007764055393636227,0.0,,0.0,,0.0,0.0,0.0,0.0,,,0.0,0.0,,,0.0,,0.0,,0.0,0.0,0.0,0.0,0.0,0.0,0.0,,0.0,0.010640541091561317,0.0,0.0,0.0,,,0.0,0.0,0.0,0.0,0.004161264281719923,0.0073729087598621845,,,,0.007771022617816925,0.0,0.0,0.0,,,0.008342444896697998,0.0,0.0,,0.0,,,,,0.0,0.013751369901001453,0.0,,0.0,,,0.0,,0.006028351373970509,0.0,0.0,0.0,,0.006963010877370834,0.0,,0.0,0.0,0.0,0.0,0.0,,0.0025301980786025524,0.0,0.0,,0.0,0.0,0.0,0.0,0.0,0.0,0.0,,0.0009805925656110048,0.0,0.0,0.007419695612043142,0.0,0.0,0.0,,0.0,0.0,0.0,0.010489208623766899,0.0,0.0,0.0,0.0,0.0,0.0,0.00028485566144809127,0.0,0.0,0.0,,0.0,0.0,0.0,0.0,0.0,0.0,0.0,0.0,0.0,0.004446286242455244,0.0,0.0,0.0,,0.0,0.006903916597366333,,0.0032303640618920326,0.0,0.0,0.0,0.0,0.0,0.007855664007365704,0.0,0.0,0.0,0.011428353376686573,0.0,0.014265907928347588,0.0,0.0,0.0,0.0,0.0,0.0,0.0,0.0,0.0,0.0,0.0,0.0,0.0071387211792171,0.0,0.0,0.0,0.010663309134542942,0.009583434090018272,0.0,0.00991410668939352,0.0,0.0,0.0,0.019269602373242378,0.0,0.0,0.0,0.0,0.0,0.0,0.0,0.0,0.004451911896467209,0.0,0.0,0.0,0.0,0.0,0.015617968514561653,0.0,0.008543897420167923,0.0,0.0,0.017431413754820824,0.0,0.0,0.0,0.0,0.0,0.011158911511301994,0.0,0.006921166554093361,0.0,0.013884417712688446,0.0,0.0,0.0,0.0,0.0,0.017269155010581017,0.0,0.00583390099927783,0.0,0.0,,,,,,,,,,,,,,,,,,,,,,,,,,,,,,,,,,,,,,,,,,,,,,,,,,,,,,,,,,,,,,,,,,,,,,,,,,,,,,,,,,,,,,,,,,,,,,,,,,,,,,,,,,,,,,,,,,,,,,,,,,,,,,
2020-12-07,756879.1783466187,1231.4785743067878,,,,,,,,,,,76494.84123570709,,1039061.7711000025,,,,,,,,,,,,,,,,,,,,,,,,,,,,,,,,,,,,,,,,,,,4368.8526073531975,,,,,,,,,,,,,,,,,,,,,,8704.086908857678,9277.319071646049,3322.883401489793,7421.891063893989,9720.49293047043,68763.4350366137,22774.45084985772,4730.531354295597,28074.21121468053,,,,,,,,,,,,,,,,,,,,,,,,,,,,,,,,,,,,0.007672586012631655,0.0,0.0,0.01092440728098154,0.0,0.0,0.0,0.0,0.0,0.0,0.0,0.0,0.0,0.0,0.0,0.0,,0.0,,0.0,,0.0,0.0,0.0,0.010507198981940746,0.0,,0.0,0.0,0.010712611488997936,0.0,0.012846814468502998,0.0,,0.0,,,,0.0,0.0,0.0,,0.0,0.0,0.0012285824632272124,0.009027548134326935,0.0,,,0.0,,0.0,0.0,0.0,0.0,0.0,0.0,0.0,0.0,0.006439491640776396,0.015234255231916904,0.0,0.0,0.0,,0.011381476186215878,0.0,0.0,0.0,0.015055594965815544,,0.0005889178719371557,0.0,,0.0,0.0,0.0,0.0,,0.0,0.0,0.0,,0.0,,0.0,0.0,,0.0,,0.0,0.0,0.0030229962430894375,0.01743323914706707,0.0,0.012673601508140564,0.0,0.016194811090826988,0.0,,,0.009300514124333858,0.0,,,,,0.0,0.0,0.0,0.0,0.0,0.0,0.0,0.0,0.0,,0.012146583758294582,0.0019998527131974697,0.0,,0.019029388204216957,0.0,0.0015352413756772876,0.0,0.0,0.0,,0.002669151872396469,,0.014855947345495224,0.0,0.0,0.01175154373049736,,0.0,0.0,,0.0,0.0,0.0,0.0,0.0,0.0001421356719220057,0.0011042432161048055,0.0,0.0,0.0046468619257211685,0.003770541399717331,0.0,0.0012880248250439763,,0.02132318913936615,0.0,0.004850889090448618,0.0,,0.0,0.007785265799611807,0.0,0.0,0.0,0.0,0.0061191171407699585,0.0,0.0,0.0,,0.015078713186085224,0.0,0.0,,,,0.006918592378497124,0.002163069089874625,,0.0,0.0,0.0,0.0,,0.0,,0.0,0.0,0.013318006880581379,0.0,0.0,0.0,,,,0.0,0.01897398941218853,0.0,0.0,0.0,,0.0,0.008289680816233158,0.007186546456068754,0.0,,0.0,0.015495573170483112,0.0,0.0,0.0,,0.002988440217450261,0.0071138362400233746,0.006663523148745298,0.0,,0.0029522741679102182,0.007444577291607857,0.00870683416724205,0.0,0.015951599925756454,0.0,,0.0,0.0,0.0,0.0,0.0,0.0,,0.0,,0.005740217864513397,0.007723913062363863,0.0016765532782301307,0.0,0.0,0.0,0.0,,0.0,0.011521018110215664,0.0028374833054840565,,,0.0,0.0,0.0,0.0,0.0,0.0,0.0,0.0,0.0,,0.0,0.0,0.0014217449352145195,,0.0,0.0,0.0,0.015036061406135559,0.0,0.0,0.0,,,0.0,0.002523822244256735,0.0,0.0,0.0,,0.012212172150611877,,0.010441260412335396,0.0,,0.0,0.0001980172237381339,0.0,0.0,,,0.0,0.009777898900210857,,0.011562291532754898,0.0,,,0.0,0.021612513810396194,0.0,0.0,0.0,0.0,0.0,,,0.0,0.0,0.0,0.0,0.0,,,0.0,0.0,0.0,,0.0,0.0,,0.0,0.0,0.010721533559262753,,0.0,0.0,0.0,0.0,,0.0,0.0,,0.0,0.0,0.0,0.000222572882194072,0.004138255026191473,0.0,0.0,0.0,0.0,0.0,0.0,0.0,0.0,,0.01636638306081295,,0.0,0.013081780634820461,0.00596213573589921,0.0,0.0,0.0,0.00783260352909565,0.013072560541331768,0.0,0.01504174992442131,0.0,,0.0,,0.0,0.007702955510467291,0.0,,0.0,0.0,0.0,0.0064319828525185585,0.0,0.0,0.0,0.0,0.006455377209931612,0.002276746090501547,0.0,,,0.0,0.0,0.0,,,,0.0,0.0,,0.0,,0.0,,0.0,,,0.0,,,,,0.0,,0.0,0.009475049562752247,0.0,,0.0,0.0,0.0006172159337438643,,0.011276694014668465,0.0,,0.0,0.008886725641787052,0.0,,,0.0,,0.01935204491019249,0.0,0.0,,0.0,0.0019069688860327005,,,,0.0,0.0,0.0,0.0,0.0,7.387471123365685e-05,,,,0.007764055393636227,0.0,,0.0,,0.0,0.0,0.0,0.0,,,0.0,0.0,,,0.0,,0.0,,0.0,0.0,0.0,0.0,0.0,0.0,0.0,,0.0,0.010640541091561317,0.0,0.0,0.0,,,0.0,0.0,0.0,0.0,0.004161264281719923,0.0073729087598621845,,,,0.007771022617816925,0.0,0.0,0.0,,,0.008342444896697998,0.0,0.0,,0.0,,,,,0.0,0.013751369901001453,0.0,,0.0,,,0.0,,0.006028351373970509,0.0,0.0,0.0,,0.006963010877370834,0.0,,0.0,0.0,0.0,0.0,0.0,,0.0025301980786025524,0.0,0.0,,0.0,0.0,0.0,0.0,0.0,0.0,0.0,,0.0009805925656110048,0.0,0.0,0.007419695612043142,0.0,0.0,0.0,,0.0,0.0,0.0,0.010489208623766899,0.0,0.0,0.0,0.0,0.0,0.0,0.00028485566144809127,0.0,0.0,0.0,,0.0,0.0,0.0,0.0,0.0,0.0,0.0,0.0,0.0,0.004446286242455244,0.0,0.0,0.0,,0.0,0.006903916597366333,,0.0032303640618920326,0.0,0.0,0.0,0.0,0.0,0.007855664007365704,0.0,0.0,0.0,0.011428353376686573,0.0,0.014265907928347588,0.0,0.0,0.0,0.0,0.0,0.0,0.0,0.0,0.0,0.0,0.0,0.0,0.0071387211792171,0.0,0.0,0.0,0.010663309134542942,0.009583434090018272,0.0,0.00991410668939352,0.0,0.0,0.0,0.019269602373242378,0.0,0.0,0.0,0.0,0.0,0.0,0.0,0.0,0.004451911896467209,0.0,0.0,0.0,0.0,0.0,0.015617968514561653,0.0,0.008543897420167923,0.0,0.0,0.017431413754820824,0.0,0.0,0.0,0.0,0.0,0.011158911511301994,0.0,0.006921166554093361,0.0,0.013884417712688446,0.0,0.0,0.0,0.0,0.0,0.017269155010581017,0.0,0.00583390099927783,0.0,0.0,,,,,,,,,,,,,,,,,,,,,,,,,,,,,,,,,,,,,,,,,,,,,,,,,,,,,,,,,,,,,,,,,,,,,,,,,,,,,,,,,,,,,,,,,,,,,,,,,,,,,,,,,,,,,,,,,,,,,,,,,,,,,,
2020-12-08,758602.7909497157,70.70488422924922,,,,,,,,,,,76494.84123570709,,1039061.7711000025,,,,,,,,,,,,,,,,,,,,,,,,,,,,,,,,,,,,,,,,,,,4368.8526073531975,,,,,,,,,,,,,,,,,,,,,,8704.086908857678,9385.193660964987,3322.883401489793,7421.891063893989,9720.49293047043,68763.4350366137,22864.470779864463,4730.531354295597,28074.21121468053,,,,,,,,,,,,,,,,,,,,,,,,,,,,,,,,,,,,0.007672586012631655,0.0,0.0,0.01092440728098154,0.0,0.0,0.0,0.0,0.0,0.0,0.0,0.0,0.0,0.0,0.0,0.0,,0.0,,0.0,,0.0,0.0,0.0,0.010507198981940746,0.0,,0.0,0.0,0.010712611488997936,0.0,0.012846814468502998,0.0,,0.0,,,,0.0,0.0,0.0,,0.0,0.0,0.0012285824632272124,0.009027548134326935,0.0,,,0.0,,0.0,0.0,0.0,0.0,0.0,0.0,0.0,0.0,0.006439491640776396,0.015234255231916904,0.0,0.0,0.0,,0.011381476186215878,0.0,0.0,0.0,0.015055594965815544,,0.0005889178719371557,0.0,,0.0,0.0,0.0,0.0,,0.0,0.0,0.0,,0.0,,0.0,0.0,,0.0,,0.0,0.0,0.0030229962430894375,0.01743323914706707,0.0,0.012673601508140564,0.0,0.016194811090826988,0.0,,,0.009300514124333858,0.0,,,,,0.0,0.0,0.0,0.0,0.0,0.0,0.0,0.0,0.0,,0.012146583758294582,0.0019998527131974697,0.0,,0.019029388204216957,0.0,0.0015352413756772876,0.0,0.0,0.0,,0.002669151872396469,,0.014855947345495224,0.0,0.0,0.01175154373049736,,0.0,0.0,,0.0,0.0,0.0,0.0,0.0,0.0001421356719220057,0.0011042432161048055,0.0,0.0,0.0046468619257211685,0.003770541399717331,0.0,0.0012880248250439763,,0.02132318913936615,0.0,0.004850889090448618,0.0,,0.0,0.007785265799611807,0.0,0.0,0.0,0.0,0.0061191171407699585,0.0,0.0,0.0,,0.015078713186085224,0.0,0.0,,,,0.006918592378497124,0.002163069089874625,,0.0,0.0,0.0,0.0,,0.0,,0.0,0.0,0.013318006880581379,0.0,0.0,0.0,,,,0.0,0.01897398941218853,0.0,0.0,0.0,,0.0,0.008289680816233158,0.007186546456068754,0.0,,0.0,0.015495573170483112,0.0,0.0,0.0,,0.002988440217450261,0.0071138362400233746,0.006663523148745298,0.0,,0.0029522741679102182,0.007444577291607857,0.00870683416724205,0.0,0.015951599925756454,0.0,,0.0,0.0,0.0,0.0,0.0,0.0,,0.0,,0.005740217864513397,0.007723913062363863,0.0016765532782301307,0.0,0.0,0.0,0.0,,0.0,0.011521018110215664,0.0028374833054840565,,,0.0,0.0,0.0,0.0,0.0,0.0,0.0,0.0,0.0,,0.0,0.0,0.0014217449352145195,,0.0,0.0,0.0,0.015036061406135559,0.0,0.0,0.0,,,0.0,0.002523822244256735,0.0,0.0,0.0,,0.012212172150611877,,0.010441260412335396,0.0,,0.0,0.0001980172237381339,0.0,0.0,,,0.0,0.009777898900210857,,0.011562291532754898,0.0,,,0.0,0.021612513810396194,0.0,0.0,0.0,0.0,0.0,,,0.0,0.0,0.0,0.0,0.0,,,0.0,0.0,0.0,,0.0,0.0,,0.0,0.0,0.010721533559262753,,0.0,0.0,0.0,0.0,,0.0,0.0,,0.0,0.0,0.0,0.000222572882194072,0.004138255026191473,0.0,0.0,0.0,0.0,0.0,0.0,0.0,0.0,,0.01636638306081295,,0.0,0.013081780634820461,0.00596213573589921,0.0,0.0,0.0,0.00783260352909565,0.013072560541331768,0.0,0.01504174992442131,0.0,,0.0,,0.0,0.007702955510467291,0.0,,0.0,0.0,0.0,0.0064319828525185585,0.0,0.0,0.0,0.0,0.006455377209931612,0.002276746090501547,0.0,,,0.0,0.0,0.0,,,,0.0,0.0,,0.0,,0.0,,0.0,,,0.0,,,,,0.0,,0.0,0.009475049562752247,0.0,,0.0,0.0,0.0006172159337438643,,0.011276694014668465,0.0,,0.0,0.008886725641787052,0.0,,,0.0,,0.01935204491019249,0.0,0.0,,0.0,0.0019069688860327005,,,,0.0,0.0,0.0,0.0,0.0,7.387471123365685e-05,,,,0.007764055393636227,0.0,,0.0,,0.0,0.0,0.0,0.0,,,0.0,0.0,,,0.0,,0.0,,0.0,0.0,0.0,0.0,0.0,0.0,0.0,,0.0,0.010640541091561317,0.0,0.0,0.0,,,0.0,0.0,0.0,0.0,0.004161264281719923,0.0073729087598621845,,,,0.007771022617816925,0.0,0.0,0.0,,,0.008342444896697998,0.0,0.0,,0.0,,,,,0.0,0.013751369901001453,0.0,,0.0,,,0.0,,0.006028351373970509,0.0,0.0,0.0,,0.006963010877370834,0.0,,0.0,0.0,0.0,0.0,0.0,,0.0025301980786025524,0.0,0.0,,0.0,0.0,0.0,0.0,0.0,0.0,0.0,,0.0009805925656110048,0.0,0.0,0.007419695612043142,0.0,0.0,0.0,,0.0,0.0,0.0,0.010489208623766899,0.0,0.0,0.0,0.0,0.0,0.0,0.00028485566144809127,0.0,0.0,0.0,,0.0,0.0,0.0,0.0,0.0,0.0,0.0,0.0,0.0,0.004446286242455244,0.0,0.0,0.0,,0.0,0.006903916597366333,,0.0032303640618920326,0.0,0.0,0.0,0.0,0.0,0.007855664007365704,0.0,0.0,0.0,0.011428353376686573,0.0,0.014265907928347588,0.0,0.0,0.0,0.0,0.0,0.0,0.0,0.0,0.0,0.0,0.0,0.0,0.0071387211792171,0.0,0.0,0.0,0.010663309134542942,0.009583434090018272,0.0,0.00991410668939352,0.0,0.0,0.0,0.019269602373242378,0.0,0.0,0.0,0.0,0.0,0.0,0.0,0.0,0.004451911896467209,0.0,0.0,0.0,0.0,0.0,0.015617968514561653,0.0,0.008543897420167923,0.0,0.0,0.017431413754820824,0.0,0.0,0.0,0.0,0.0,0.011158911511301994,0.0,0.006921166554093361,0.0,0.013884417712688446,0.0,0.0,0.0,0.0,0.0,0.017269155010581017,0.0,0.00583390099927783,0.0,0.0,,,,,,,,,,,,,,,,,,,,,,,,,,,,,,,,,,,,,,,,,,,,,,,,,,,,,,,,,,,,,,,,,,,,,,,,,,,,,,,,,,,,,,,,,,,,,,,,,,,,,,,,,,,,,,,,,,,,,,,,,,,,,,
2020-12-09,743431.6865798773,70.70488422924922,,,,,,,,,,,76494.84123570709,,1039061.7711000025,,,,,,,,,,,,,,,,,,,,,,,,,,,,,,,,,,,,,,,,,,,4368.8526073531975,,,,,,,,,,,,,,,,,,,,,,8704.086908857678,9385.193660964987,3322.883401489793,7421.891063893989,9720.49293047043,68763.4350366137,22864.470779864463,4730.531354295597,28074.21121468053,,,,,,,,,,,,,,,,,,,,,,,,,,,,,,,,,,,,0.007672586012631655,0.0,0.0,0.01092440728098154,0.0,0.0,0.0,0.0,0.0,0.0,0.0,0.0,0.0,0.0,0.0,0.0,,0.0,,0.0,,0.0,0.0,0.0,0.010507198981940746,0.0,,0.0,0.0,0.010712611488997936,0.0,0.012846814468502998,0.0,,0.0,,,,0.0,0.0,0.0,,0.0,0.0,0.0012285824632272124,0.009027548134326935,0.0,,,0.0,,0.0,0.0,0.0,0.0,0.0,0.0,0.0,0.0,0.006439491640776396,0.015234255231916904,0.0,0.0,0.0,,0.011381476186215878,0.0,0.0,0.0,0.015055594965815544,,0.0005889178719371557,0.0,,0.0,0.0,0.0,0.0,,0.0,0.0,0.0,,0.0,,0.0,0.0,,0.0,,0.0,0.0,0.0030229962430894375,0.01743323914706707,0.0,0.012673601508140564,0.0,0.016194811090826988,0.0,,,0.009300514124333858,0.0,,,,,0.0,0.0,0.0,0.0,0.0,0.0,0.0,0.0,0.0,,0.012146583758294582,0.0019998527131974697,0.0,,0.019029388204216957,0.0,0.0015352413756772876,0.0,0.0,0.0,,0.002669151872396469,,0.014855947345495224,0.0,0.0,0.01175154373049736,,0.0,0.0,,0.0,0.0,0.0,0.0,0.0,0.0001421356719220057,0.0011042432161048055,0.0,0.0,0.0046468619257211685,0.003770541399717331,0.0,0.0012880248250439763,,0.02132318913936615,0.0,0.004850889090448618,0.0,,0.0,0.007785265799611807,0.0,0.0,0.0,0.0,0.0061191171407699585,0.0,0.0,0.0,,0.015078713186085224,0.0,0.0,,,,0.006918592378497124,0.002163069089874625,,0.0,0.0,0.0,0.0,,0.0,,0.0,0.0,0.013318006880581379,0.0,0.0,0.0,,,,0.0,0.01897398941218853,0.0,0.0,0.0,,0.0,0.008289680816233158,0.007186546456068754,0.0,,0.0,0.015495573170483112,0.0,0.0,0.0,,0.002988440217450261,0.0071138362400233746,0.006663523148745298,0.0,,0.0029522741679102182,0.007444577291607857,0.00870683416724205,0.0,0.015951599925756454,0.0,,0.0,0.0,0.0,0.0,0.0,0.0,,0.0,,0.005740217864513397,0.007723913062363863,0.0016765532782301307,0.0,0.0,0.0,0.0,,0.0,0.011521018110215664,0.0028374833054840565,,,0.0,0.0,0.0,0.0,0.0,0.0,0.0,0.0,0.0,,0.0,0.0,0.0014217449352145195,,0.0,0.0,0.0,0.015036061406135559,0.0,0.0,0.0,,,0.0,0.002523822244256735,0.0,0.0,0.0,,0.012212172150611877,,0.010441260412335396,0.0,,0.0,0.0001980172237381339,0.0,0.0,,,0.0,0.009777898900210857,,0.011562291532754898,0.0,,,0.0,0.021612513810396194,0.0,0.0,0.0,0.0,0.0,,,0.0,0.0,0.0,0.0,0.0,,,0.0,0.0,0.0,,0.0,0.0,,0.0,0.0,0.010721533559262753,,0.0,0.0,0.0,0.0,,0.0,0.0,,0.0,0.0,0.0,0.000222572882194072,0.004138255026191473,0.0,0.0,0.0,0.0,0.0,0.0,0.0,0.0,,0.01636638306081295,,0.0,0.013081780634820461,0.00596213573589921,0.0,0.0,0.0,0.00783260352909565,0.013072560541331768,0.0,0.01504174992442131,0.0,,0.0,,0.0,0.007702955510467291,0.0,,0.0,0.0,0.0,0.0064319828525185585,0.0,0.0,0.0,0.0,0.006455377209931612,0.002276746090501547,0.0,,,0.0,0.0,0.0,,,,0.0,0.0,,0.0,,0.0,,0.0,,,0.0,,,,,0.0,,0.0,0.009475049562752247,0.0,,0.0,0.0,0.0006172159337438643,,0.011276694014668465,0.0,,0.0,0.008886725641787052,0.0,,,0.0,,0.01935204491019249,0.0,0.0,,0.0,0.0019069688860327005,,,,0.0,0.0,0.0,0.0,0.0,7.387471123365685e-05,,,,0.007764055393636227,0.0,,0.0,,0.0,0.0,0.0,0.0,,,0.0,0.0,,,0.0,,0.0,,0.0,0.0,0.0,0.0,0.0,0.0,0.0,,0.0,0.010640541091561317,0.0,0.0,0.0,,,0.0,0.0,0.0,0.0,0.004161264281719923,0.0073729087598621845,,,,0.007771022617816925,0.0,0.0,0.0,,,0.008342444896697998,0.0,0.0,,0.0,,,,,0.0,0.013751369901001453,0.0,,0.0,,,0.0,,0.006028351373970509,0.0,0.0,0.0,,0.006963010877370834,0.0,,0.0,0.0,0.0,0.0,0.0,,0.0025301980786025524,0.0,0.0,,0.0,0.0,0.0,0.0,0.0,0.0,0.0,,0.0009805925656110048,0.0,0.0,0.007419695612043142,0.0,0.0,0.0,,0.0,0.0,0.0,0.010489208623766899,0.0,0.0,0.0,0.0,0.0,0.0,0.00028485566144809127,0.0,0.0,0.0,,0.0,0.0,0.0,0.0,0.0,0.0,0.0,0.0,0.0,0.004446286242455244,0.0,0.0,0.0,,0.0,0.006903916597366333,,0.0032303640618920326,0.0,0.0,0.0,0.0,0.0,0.007855664007365704,0.0,0.0,0.0,0.011428353376686573,0.0,0.014265907928347588,0.0,0.0,0.0,0.0,0.0,0.0,0.0,0.0,0.0,0.0,0.0,0.0,0.0071387211792171,0.0,0.0,0.0,0.010663309134542942,0.009583434090018272,0.0,0.00991410668939352,0.0,0.0,0.0,0.019269602373242378,0.0,0.0,0.0,0.0,0.0,0.0,0.0,0.0,0.004451911896467209,0.0,0.0,0.0,0.0,0.0,0.015617968514561653,0.0,0.008543897420167923,0.0,0.0,0.017431413754820824,0.0,0.0,0.0,0.0,0.0,0.011158911511301994,0.0,0.006921166554093361,0.0,0.013884417712688446,0.0,0.0,0.0,0.0,0.0,0.017269155010581017,0.0,0.00583390099927783,0.0,0.0,,,,,,,,,,,,,,,,,,,,,,,,,,,,,,,,,,,,,,,,,,,,,,,,,,,,,,,,,,,,,,,,,,,,,,,,,,,,,,,,,,,,,,,,,,,,,,,,,,,,,,,,,,,,,,,,,,,,,,,,,,,,,,
2020-12-10,734324.8912490527,1141.5263261005596,,,,,,,,,,,76494.84123570709,,1039061.7711000025,,,,,,,,,,,,,,,,,,,,,,,,,,,,,,,,,,,,,,,,,,,4368.8526073531975,,,,,,,,,,,,,,,,,,,,,,8704.086908857678,9385.610072650785,3322.883401489793,7421.891063893989,9720.49293047043,68763.4350366137,22864.470779864463,4663.0255877764,28074.21121468053,,,,,,,,,,,,,,,,,,,,,,,,,,,,,,,,,,,,0.007672586012631655,0.0,0.0,0.01092440728098154,0.0,0.0,0.0,0.0,0.0,0.0,0.0,0.0,0.0,0.0,0.0,0.0,,0.0,,0.0,,0.0,0.0,0.0,0.010507198981940746,0.0,,0.0,0.0,0.010712611488997936,0.0,0.012846814468502998,0.0,,0.0,,,,0.0,0.0,0.0,,0.0,0.0,0.0012285824632272124,0.009027548134326935,0.0,,,0.0,,0.0,0.0,0.0,0.0,0.0,0.0,0.0,0.0,0.006439491640776396,0.015234255231916904,0.0,0.0,0.0,,0.011381476186215878,0.0,0.0,0.0,0.015055594965815544,,0.0005889178719371557,0.0,,0.0,0.0,0.0,0.0,,0.0,0.0,0.0,,0.0,,0.0,0.0,,0.0,,0.0,0.0,0.0030229962430894375,0.01743323914706707,0.0,0.012673601508140564,0.0,0.016194811090826988,0.0,,,0.009300514124333858,0.0,,,,,0.0,0.0,0.0,0.0,0.0,0.0,0.0,0.0,0.0,,0.012146583758294582,0.0019998527131974697,0.0,,0.019029388204216957,0.0,0.0015352413756772876,0.0,0.0,0.0,,0.002669151872396469,,0.014855947345495224,0.0,0.0,0.01175154373049736,,0.0,0.0,,0.0,0.0,0.0,0.0,0.0,0.0001421356719220057,0.0011042432161048055,0.0,0.0,0.0046468619257211685,0.003770541399717331,0.0,0.0012880248250439763,,0.02132318913936615,0.0,0.004850889090448618,0.0,,0.0,0.007785265799611807,0.0,0.0,0.0,0.0,0.0061191171407699585,0.0,0.0,0.0,,0.015078713186085224,0.0,0.0,,,,0.006918592378497124,0.002163069089874625,,0.0,0.0,0.0,0.0,,0.0,,0.0,0.0,0.013318006880581379,0.0,0.0,0.0,,,,0.0,0.01897398941218853,0.0,0.0,0.0,,0.0,0.008289680816233158,0.007186546456068754,0.0,,0.0,0.015495573170483112,0.0,0.0,0.0,,0.002988440217450261,0.0071138362400233746,0.006663523148745298,0.0,,0.0029522741679102182,0.007444577291607857,0.00870683416724205,0.0,0.015951599925756454,0.0,,0.0,0.0,0.0,0.0,0.0,0.0,,0.0,,0.005740217864513397,0.007723913062363863,0.0016765532782301307,0.0,0.0,0.0,0.0,,0.0,0.011521018110215664,0.0028374833054840565,,,0.0,0.0,0.0,0.0,0.0,0.0,0.0,0.0,0.0,,0.0,0.0,0.0014217449352145195,,0.0,0.0,0.0,0.015036061406135559,0.0,0.0,0.0,,,0.0,0.002523822244256735,0.0,0.0,0.0,,0.012212172150611877,,0.010441260412335396,0.0,,0.0,0.0001980172237381339,0.0,0.0,,,0.0,0.009777898900210857,,0.011562291532754898,0.0,,,0.0,0.021612513810396194,0.0,0.0,0.0,0.0,0.0,,,0.0,0.0,0.0,0.0,0.0,,,0.0,0.0,0.0,,0.0,0.0,,0.0,0.0,0.010721533559262753,,0.0,0.0,0.0,0.0,,0.0,0.0,,0.0,0.0,0.0,0.000222572882194072,0.004138255026191473,0.0,0.0,0.0,0.0,0.0,0.0,0.0,0.0,,0.01636638306081295,,0.0,0.013081780634820461,0.00596213573589921,0.0,0.0,0.0,0.00783260352909565,0.013072560541331768,0.0,0.01504174992442131,0.0,,0.0,,0.0,0.007702955510467291,0.0,,0.0,0.0,0.0,0.0064319828525185585,0.0,0.0,0.0,0.0,0.006455377209931612,0.002276746090501547,0.0,,,0.0,0.0,0.0,,,,0.0,0.0,,0.0,,0.0,,0.0,,,0.0,,,,,0.0,,0.0,0.009475049562752247,0.0,,0.0,0.0,0.0006172159337438643,,0.011276694014668465,0.0,,0.0,0.008886725641787052,0.0,,,0.0,,0.01935204491019249,0.0,0.0,,0.0,0.0019069688860327005,,,,0.0,0.0,0.0,0.0,0.0,7.387471123365685e-05,,,,0.007764055393636227,0.0,,0.0,,0.0,0.0,0.0,0.0,,,0.0,0.0,,,0.0,,0.0,,0.0,0.0,0.0,0.0,0.0,0.0,0.0,,0.0,0.010640541091561317,0.0,0.0,0.0,,,0.0,0.0,0.0,0.0,0.004161264281719923,0.0073729087598621845,,,,0.007771022617816925,0.0,0.0,0.0,,,0.008342444896697998,0.0,0.0,,0.0,,,,,0.0,0.013751369901001453,0.0,,0.0,,,0.0,,0.006028351373970509,0.0,0.0,0.0,,0.006963010877370834,0.0,,0.0,0.0,0.0,0.0,0.0,,0.0025301980786025524,0.0,0.0,,0.0,0.0,0.0,0.0,0.0,0.0,0.0,,0.0009805925656110048,0.0,0.0,0.007419695612043142,0.0,0.0,0.0,,0.0,0.0,0.0,0.010489208623766899,0.0,0.0,0.0,0.0,0.0,0.0,0.00028485566144809127,0.0,0.0,0.0,,0.0,0.0,0.0,0.0,0.0,0.0,0.0,0.0,0.0,0.004446286242455244,0.0,0.0,0.0,,0.0,0.006903916597366333,,0.0032303640618920326,0.0,0.0,0.0,0.0,0.0,0.007855664007365704,0.0,0.0,0.0,0.011428353376686573,0.0,0.014265907928347588,0.0,0.0,0.0,0.0,0.0,0.0,0.0,0.0,0.0,0.0,0.0,0.0,0.0071387211792171,0.0,0.0,0.0,0.010663309134542942,0.009583434090018272,0.0,0.00991410668939352,0.0,0.0,0.0,0.019269602373242378,0.0,0.0,0.0,0.0,0.0,0.0,0.0,0.0,0.004451911896467209,0.0,0.0,0.0,0.0,0.0,0.015617968514561653,0.0,0.008543897420167923,0.0,0.0,0.017431413754820824,0.0,0.0,0.0,0.0,0.0,0.011158911511301994,0.0,0.006921166554093361,0.0,0.013884417712688446,0.0,0.0,0.0,0.0,0.0,0.017269155010581017,0.0,0.00583390099927783,0.0,0.0,,,,,,,,,,,,,,,,,,,,,,,,,,,,,,,,,,,,,,,,,,,,,,,,,,,,,,,,,,,,,,,,,,,,,,,,,,,,,,,,,,,,,,,,,,,,,,,,,,,,,,,,,,,,,,,,,,,,,,,,,,,,,,
2020-12-11,728447.0290330299,115.10387752554698,,,,,,,,,,,76494.84123570709,,1039061.7711000025,,,,,,,,,,,,,,,,,,,,,,,,,,,,,,,,,,,,,,,,,,,4368.8526073531975,,,,,,,,,,,,,,,,,,,,,,8704.086908857678,9385.206340531078,3322.883401489793,7421.891063893989,9720.49293047043,69829.55300835306,22864.470779864463,4663.0255877764,28074.21121468053,,,,,,,,,,,,,,,,,,,,,,,,,,,,,,,,,,,,0.007672586012631655,0.0,0.0,0.01092440728098154,0.0,0.0,0.0,0.0,0.0,0.0,0.0,0.0,0.0,0.0,0.0,0.0,,0.0,,0.0,,0.0,0.0,0.0,0.010507198981940746,0.0,,0.0,0.0,0.010712611488997936,0.0,0.012846814468502998,0.0,,0.0,,,,0.0,0.0,0.0,,0.0,0.0,0.0012285824632272124,0.009027548134326935,0.0,,,0.0,,0.0,0.0,0.0,0.0,0.0,0.0,0.0,0.0,0.006439491640776396,0.015234255231916904,0.0,0.0,0.0,,0.011381476186215878,0.0,0.0,0.0,0.015055594965815544,,0.0005889178719371557,0.0,,0.0,0.0,0.0,0.0,,0.0,0.0,0.0,,0.0,,0.0,0.0,,0.0,,0.0,0.0,0.0030229962430894375,0.01743323914706707,0.0,0.012673601508140564,0.0,0.016194811090826988,0.0,,,0.009300514124333858,0.0,,,,,0.0,0.0,0.0,0.0,0.0,0.0,0.0,0.0,0.0,,0.012146583758294582,0.0019998527131974697,0.0,,0.019029388204216957,0.0,0.0015352413756772876,0.0,0.0,0.0,,0.002669151872396469,,0.014855947345495224,0.0,0.0,0.01175154373049736,,0.0,0.0,,0.0,0.0,0.0,0.0,0.0,0.0001421356719220057,0.0011042432161048055,0.0,0.0,0.0046468619257211685,0.003770541399717331,0.0,0.0012880248250439763,,0.02132318913936615,0.0,0.004850889090448618,0.0,,0.0,0.007785265799611807,0.0,0.0,0.0,0.0,0.0061191171407699585,0.0,0.0,0.0,,0.015078713186085224,0.0,0.0,,,,0.006918592378497124,0.002163069089874625,,0.0,0.0,0.0,0.0,,0.0,,0.0,0.0,0.013318006880581379,0.0,0.0,0.0,,,,0.0,0.01897398941218853,0.0,0.0,0.0,,0.0,0.008289680816233158,0.007186546456068754,0.0,,0.0,0.015495573170483112,0.0,0.0,0.0,,0.002988440217450261,0.0071138362400233746,0.006663523148745298,0.0,,0.0029522741679102182,0.007444577291607857,0.00870683416724205,0.0,0.015951599925756454,0.0,,0.0,0.0,0.0,0.0,0.0,0.0,,0.0,,0.005740217864513397,0.007723913062363863,0.0016765532782301307,0.0,0.0,0.0,0.0,,0.0,0.011521018110215664,0.0028374833054840565,,,0.0,0.0,0.0,0.0,0.0,0.0,0.0,0.0,0.0,,0.0,0.0,0.0014217449352145195,,0.0,0.0,0.0,0.015036061406135559,0.0,0.0,0.0,,,0.0,0.002523822244256735,0.0,0.0,0.0,,0.012212172150611877,,0.010441260412335396,0.0,,0.0,0.0001980172237381339,0.0,0.0,,,0.0,0.009777898900210857,,0.011562291532754898,0.0,,,0.0,0.021612513810396194,0.0,0.0,0.0,0.0,0.0,,,0.0,0.0,0.0,0.0,0.0,,,0.0,0.0,0.0,,0.0,0.0,,0.0,0.0,0.010721533559262753,,0.0,0.0,0.0,0.0,,0.0,0.0,,0.0,0.0,0.0,0.000222572882194072,0.004138255026191473,0.0,0.0,0.0,0.0,0.0,0.0,0.0,0.0,,0.01636638306081295,,0.0,0.013081780634820461,0.00596213573589921,0.0,0.0,0.0,0.00783260352909565,0.013072560541331768,0.0,0.01504174992442131,0.0,,0.0,,0.0,0.007702955510467291,0.0,,0.0,0.0,0.0,0.0064319828525185585,0.0,0.0,0.0,0.0,0.006455377209931612,0.002276746090501547,0.0,,,0.0,0.0,0.0,,,,0.0,0.0,,0.0,,0.0,,0.0,,,0.0,,,,,0.0,,0.0,0.009475049562752247,0.0,,0.0,0.0,0.0006172159337438643,,0.011276694014668465,0.0,,0.0,0.008886725641787052,0.0,,,0.0,,0.01935204491019249,0.0,0.0,,0.0,0.0019069688860327005,,,,0.0,0.0,0.0,0.0,0.0,7.387471123365685e-05,,,,0.007764055393636227,0.0,,0.0,,0.0,0.0,0.0,0.0,,,0.0,0.0,,,0.0,,0.0,,0.0,0.0,0.0,0.0,0.0,0.0,0.0,,0.0,0.010640541091561317,0.0,0.0,0.0,,,0.0,0.0,0.0,0.0,0.004161264281719923,0.0073729087598621845,,,,0.007771022617816925,0.0,0.0,0.0,,,0.008342444896697998,0.0,0.0,,0.0,,,,,0.0,0.013751369901001453,0.0,,0.0,,,0.0,,0.006028351373970509,0.0,0.0,0.0,,0.006963010877370834,0.0,,0.0,0.0,0.0,0.0,0.0,,0.0025301980786025524,0.0,0.0,,0.0,0.0,0.0,0.0,0.0,0.0,0.0,,0.0009805925656110048,0.0,0.0,0.007419695612043142,0.0,0.0,0.0,,0.0,0.0,0.0,0.010489208623766899,0.0,0.0,0.0,0.0,0.0,0.0,0.00028485566144809127,0.0,0.0,0.0,,0.0,0.0,0.0,0.0,0.0,0.0,0.0,0.0,0.0,0.004446286242455244,0.0,0.0,0.0,,0.0,0.006903916597366333,,0.0032303640618920326,0.0,0.0,0.0,0.0,0.0,0.007855664007365704,0.0,0.0,0.0,0.011428353376686573,0.0,0.014265907928347588,0.0,0.0,0.0,0.0,0.0,0.0,0.0,0.0,0.0,0.0,0.0,0.0,0.0071387211792171,0.0,0.0,0.0,0.010663309134542942,0.009583434090018272,0.0,0.00991410668939352,0.0,0.0,0.0,0.019269602373242378,0.0,0.0,0.0,0.0,0.0,0.0,0.0,0.0,0.004451911896467209,0.0,0.0,0.0,0.0,0.0,0.015617968514561653,0.0,0.008543897420167923,0.0,0.0,0.017431413754820824,0.0,0.0,0.0,0.0,0.0,0.011158911511301994,0.0,0.006921166554093361,0.0,0.013884417712688446,0.0,0.0,0.0,0.0,0.0,0.017269155010581017,0.0,0.00583390099927783,0.0,0.0,,,,,,,,,,,,,,,,,,,,,,,,,,,,,,,,,,,,,,,,,,,,,,,,,,,,,,,,,,,,,,,,,,,,,,,,,,,,,,,,,,,,,,,,,,,,,,,,,,,,,,,,,,,,,,,,,,,,,,,,,,,,,,
2020-12-14,732361.788193112,116.1675071901823,,,,,,,,,,,76494.84123570709,,1039061.7711000025,,,,,,,,,,,,,,,,,,,,,,,,,,,,,,,,,,,,,,,,,,,4368.8526073531975,,,,,,,,,,,,,,,,,,,,,,8704.086908857678,9385.206340531078,3322.883401489793,7421.891063893989,9720.49293047043,69829.55300835306,22864.470779864463,4662.957218398774,28074.21121468053,,,,,,,,,,,,,,,,,,,,,,,,,,,,,,,,,,,,0.007672586012631655,0.0,0.0,0.01092440728098154,0.0,0.0,0.0,0.0,0.0,0.0,0.0,0.0,0.0,0.0,0.0,0.0,,0.0,,0.0,,0.0,0.0,0.0,0.010507198981940746,0.0,,0.0,0.0,0.010712611488997936,0.0,0.012846814468502998,0.0,,0.0,,,,0.0,0.0,0.0,,0.0,0.0,0.0012285824632272124,0.009027548134326935,0.0,,,0.0,,0.0,0.0,0.0,0.0,0.0,0.0,0.0,0.0,0.006439491640776396,0.015234255231916904,0.0,0.0,0.0,,0.011381476186215878,0.0,0.0,0.0,0.015055594965815544,,0.0005889178719371557,0.0,,0.0,0.0,0.0,0.0,,0.0,0.0,0.0,,0.0,,0.0,0.0,,0.0,,0.0,0.0,0.0030229962430894375,0.01743323914706707,0.0,0.012673601508140564,0.0,0.016194811090826988,0.0,,,0.009300514124333858,0.0,,,,,0.0,0.0,0.0,0.0,0.0,0.0,0.0,0.0,0.0,,0.012146583758294582,0.0019998527131974697,0.0,,0.019029388204216957,0.0,0.0015352413756772876,0.0,0.0,0.0,,0.002669151872396469,,0.014855947345495224,0.0,0.0,0.01175154373049736,,0.0,0.0,,0.0,0.0,0.0,0.0,0.0,0.0001421356719220057,0.0011042432161048055,0.0,0.0,0.0046468619257211685,0.003770541399717331,0.0,0.0012880248250439763,,0.02132318913936615,0.0,0.004850889090448618,0.0,,0.0,0.007785265799611807,0.0,0.0,0.0,0.0,0.0061191171407699585,0.0,0.0,0.0,,0.015078713186085224,0.0,0.0,,,,0.006918592378497124,0.002163069089874625,,0.0,0.0,0.0,0.0,,0.0,,0.0,0.0,0.013318006880581379,0.0,0.0,0.0,,,,0.0,0.01897398941218853,0.0,0.0,0.0,,0.0,0.008289680816233158,0.007186546456068754,0.0,,0.0,0.015495573170483112,0.0,0.0,0.0,,0.002988440217450261,0.0071138362400233746,0.006663523148745298,0.0,,0.0029522741679102182,0.007444577291607857,0.00870683416724205,0.0,0.015951599925756454,0.0,,0.0,0.0,0.0,0.0,0.0,0.0,,0.0,,0.005740217864513397,0.007723913062363863,0.0016765532782301307,0.0,0.0,0.0,0.0,,0.0,0.011521018110215664,0.0028374833054840565,,,0.0,0.0,0.0,0.0,0.0,0.0,0.0,0.0,0.0,,0.0,0.0,0.0014217449352145195,,0.0,0.0,0.0,0.015036061406135559,0.0,0.0,0.0,,,0.0,0.002523822244256735,0.0,0.0,0.0,,0.012212172150611877,,0.010441260412335396,0.0,,0.0,0.0001980172237381339,0.0,0.0,,,0.0,0.009777898900210857,,0.011562291532754898,0.0,,,0.0,0.021612513810396194,0.0,0.0,0.0,0.0,0.0,,,0.0,0.0,0.0,0.0,0.0,,,0.0,0.0,0.0,,0.0,0.0,,0.0,0.0,0.010721533559262753,,0.0,0.0,0.0,0.0,,0.0,0.0,,0.0,0.0,0.0,0.000222572882194072,0.004138255026191473,0.0,0.0,0.0,0.0,0.0,0.0,0.0,0.0,,0.01636638306081295,,0.0,0.013081780634820461,0.00596213573589921,0.0,0.0,0.0,0.00783260352909565,0.013072560541331768,0.0,0.01504174992442131,0.0,,0.0,,0.0,0.007702955510467291,0.0,,0.0,0.0,0.0,0.0064319828525185585,0.0,0.0,0.0,0.0,0.006455377209931612,0.002276746090501547,0.0,,,0.0,0.0,0.0,,,,0.0,0.0,,0.0,,0.0,,0.0,,,0.0,,,,,0.0,,0.0,0.009475049562752247,0.0,,0.0,0.0,0.0006172159337438643,,0.011276694014668465,0.0,,0.0,0.008886725641787052,0.0,,,0.0,,0.01935204491019249,0.0,0.0,,0.0,0.0019069688860327005,,,,0.0,0.0,0.0,0.0,0.0,7.387471123365685e-05,,,,0.007764055393636227,0.0,,0.0,,0.0,0.0,0.0,0.0,,,0.0,0.0,,,0.0,,0.0,,0.0,0.0,0.0,0.0,0.0,0.0,0.0,,0.0,0.010640541091561317,0.0,0.0,0.0,,,0.0,0.0,0.0,0.0,0.004161264281719923,0.0073729087598621845,,,,0.007771022617816925,0.0,0.0,0.0,,,0.008342444896697998,0.0,0.0,,0.0,,,,,0.0,0.013751369901001453,0.0,,0.0,,,0.0,,0.006028351373970509,0.0,0.0,0.0,,0.006963010877370834,0.0,,0.0,0.0,0.0,0.0,0.0,,0.0025301980786025524,0.0,0.0,,0.0,0.0,0.0,0.0,0.0,0.0,0.0,,0.0009805925656110048,0.0,0.0,0.007419695612043142,0.0,0.0,0.0,,0.0,0.0,0.0,0.010489208623766899,0.0,0.0,0.0,0.0,0.0,0.0,0.00028485566144809127,0.0,0.0,0.0,,0.0,0.0,0.0,0.0,0.0,0.0,0.0,0.0,0.0,0.004446286242455244,0.0,0.0,0.0,,0.0,0.006903916597366333,,0.0032303640618920326,0.0,0.0,0.0,0.0,0.0,0.007855664007365704,0.0,0.0,0.0,0.011428353376686573,0.0,0.014265907928347588,0.0,0.0,0.0,0.0,0.0,0.0,0.0,0.0,0.0,0.0,0.0,0.0,0.0071387211792171,0.0,0.0,0.0,0.010663309134542942,0.009583434090018272,0.0,0.00991410668939352,0.0,0.0,0.0,0.019269602373242378,0.0,0.0,0.0,0.0,0.0,0.0,0.0,0.0,0.004451911896467209,0.0,0.0,0.0,0.0,0.0,0.015617968514561653,0.0,0.008543897420167923,0.0,0.0,0.017431413754820824,0.0,0.0,0.0,0.0,0.0,0.011158911511301994,0.0,0.006921166554093361,0.0,0.013884417712688446,0.0,0.0,0.0,0.0,0.0,0.017269155010581017,0.0,0.00583390099927783,0.0,0.0,,,,,,,,,,,,,,,,,,,,,,,,,,,,,,,,,,,,,,,,,,,,,,,,,,,,,,,,,,,,,,,,,,,,,,,,,,,,,,,,,,,,,,,,,,,,,,,,,,,,,,,,,,,,,,,,,,,,,,,,,,,,,,
2020-12-15,733041.5326336233,116.1675071901823,,,,,,,,,,,76494.84123570709,,1039061.7711000025,,,,,,,,,,,,,,,,,,,,,,,,,,,,,,,,,,,,,,,,,,,4368.8526073531975,,,,,,,,,,,,,,,,,,,,,,8704.086908857678,9385.206340531078,3322.883401489793,7421.891063893989,9720.49293047043,69829.55300835306,22864.470779864463,4662.957218398774,28074.21121468053,,,,,,,,,,,,,,,,,,,,,,,,,,,,,,,,,,,,0.007672586012631655,0.0,0.0,0.01092440728098154,0.0,0.0,0.0,0.0,0.0,0.0,0.0,0.0,0.0,0.0,0.0,0.0,,0.0,,0.0,,0.0,0.0,0.0,0.010507198981940746,0.0,,0.0,0.0,0.010712611488997936,0.0,0.012846814468502998,0.0,,0.0,,,,0.0,0.0,0.0,,0.0,0.0,0.0012285824632272124,0.009027548134326935,0.0,,,0.0,,0.0,0.0,0.0,0.0,0.0,0.0,0.0,0.0,0.006439491640776396,0.015234255231916904,0.0,0.0,0.0,,0.011381476186215878,0.0,0.0,0.0,0.015055594965815544,,0.0005889178719371557,0.0,,0.0,0.0,0.0,0.0,,0.0,0.0,0.0,,0.0,,0.0,0.0,,0.0,,0.0,0.0,0.0030229962430894375,0.01743323914706707,0.0,0.012673601508140564,0.0,0.016194811090826988,0.0,,,0.009300514124333858,0.0,,,,,0.0,0.0,0.0,0.0,0.0,0.0,0.0,0.0,0.0,,0.012146583758294582,0.0019998527131974697,0.0,,0.019029388204216957,0.0,0.0015352413756772876,0.0,0.0,0.0,,0.002669151872396469,,0.014855947345495224,0.0,0.0,0.01175154373049736,,0.0,0.0,,0.0,0.0,0.0,0.0,0.0,0.0001421356719220057,0.0011042432161048055,0.0,0.0,0.0046468619257211685,0.003770541399717331,0.0,0.0012880248250439763,,0.02132318913936615,0.0,0.004850889090448618,0.0,,0.0,0.007785265799611807,0.0,0.0,0.0,0.0,0.0061191171407699585,0.0,0.0,0.0,,0.015078713186085224,0.0,0.0,,,,0.006918592378497124,0.002163069089874625,,0.0,0.0,0.0,0.0,,0.0,,0.0,0.0,0.013318006880581379,0.0,0.0,0.0,,,,0.0,0.01897398941218853,0.0,0.0,0.0,,0.0,0.008289680816233158,0.007186546456068754,0.0,,0.0,0.015495573170483112,0.0,0.0,0.0,,0.002988440217450261,0.0071138362400233746,0.006663523148745298,0.0,,0.0029522741679102182,0.007444577291607857,0.00870683416724205,0.0,0.015951599925756454,0.0,,0.0,0.0,0.0,0.0,0.0,0.0,,0.0,,0.005740217864513397,0.007723913062363863,0.0016765532782301307,0.0,0.0,0.0,0.0,,0.0,0.011521018110215664,0.0028374833054840565,,,0.0,0.0,0.0,0.0,0.0,0.0,0.0,0.0,0.0,,0.0,0.0,0.0014217449352145195,,0.0,0.0,0.0,0.015036061406135559,0.0,0.0,0.0,,,0.0,0.002523822244256735,0.0,0.0,0.0,,0.012212172150611877,,0.010441260412335396,0.0,,0.0,0.0001980172237381339,0.0,0.0,,,0.0,0.009777898900210857,,0.011562291532754898,0.0,,,0.0,0.021612513810396194,0.0,0.0,0.0,0.0,0.0,,,0.0,0.0,0.0,0.0,0.0,,,0.0,0.0,0.0,,0.0,0.0,,0.0,0.0,0.010721533559262753,,0.0,0.0,0.0,0.0,,0.0,0.0,,0.0,0.0,0.0,0.000222572882194072,0.004138255026191473,0.0,0.0,0.0,0.0,0.0,0.0,0.0,0.0,,0.01636638306081295,,0.0,0.013081780634820461,0.00596213573589921,0.0,0.0,0.0,0.00783260352909565,0.013072560541331768,0.0,0.01504174992442131,0.0,,0.0,,0.0,0.007702955510467291,0.0,,0.0,0.0,0.0,0.0064319828525185585,0.0,0.0,0.0,0.0,0.006455377209931612,0.002276746090501547,0.0,,,0.0,0.0,0.0,,,,0.0,0.0,,0.0,,0.0,,0.0,,,0.0,,,,,0.0,,0.0,0.009475049562752247,0.0,,0.0,0.0,0.0006172159337438643,,0.011276694014668465,0.0,,0.0,0.008886725641787052,0.0,,,0.0,,0.01935204491019249,0.0,0.0,,0.0,0.0019069688860327005,,,,0.0,0.0,0.0,0.0,0.0,7.387471123365685e-05,,,,0.007764055393636227,0.0,,0.0,,0.0,0.0,0.0,0.0,,,0.0,0.0,,,0.0,,0.0,,0.0,0.0,0.0,0.0,0.0,0.0,0.0,,0.0,0.010640541091561317,0.0,0.0,0.0,,,0.0,0.0,0.0,0.0,0.004161264281719923,0.0073729087598621845,,,,0.007771022617816925,0.0,0.0,0.0,,,0.008342444896697998,0.0,0.0,,0.0,,,,,0.0,0.013751369901001453,0.0,,0.0,,,0.0,,0.006028351373970509,0.0,0.0,0.0,,0.006963010877370834,0.0,,0.0,0.0,0.0,0.0,0.0,,0.0025301980786025524,0.0,0.0,,0.0,0.0,0.0,0.0,0.0,0.0,0.0,,0.0009805925656110048,0.0,0.0,0.007419695612043142,0.0,0.0,0.0,,0.0,0.0,0.0,0.010489208623766899,0.0,0.0,0.0,0.0,0.0,0.0,0.00028485566144809127,0.0,0.0,0.0,,0.0,0.0,0.0,0.0,0.0,0.0,0.0,0.0,0.0,0.004446286242455244,0.0,0.0,0.0,,0.0,0.006903916597366333,,0.0032303640618920326,0.0,0.0,0.0,0.0,0.0,0.007855664007365704,0.0,0.0,0.0,0.011428353376686573,0.0,0.014265907928347588,0.0,0.0,0.0,0.0,0.0,0.0,0.0,0.0,0.0,0.0,0.0,0.0,0.0071387211792171,0.0,0.0,0.0,0.010663309134542942,0.009583434090018272,0.0,0.00991410668939352,0.0,0.0,0.0,0.019269602373242378,0.0,0.0,0.0,0.0,0.0,0.0,0.0,0.0,0.004451911896467209,0.0,0.0,0.0,0.0,0.0,0.015617968514561653,0.0,0.008543897420167923,0.0,0.0,0.017431413754820824,0.0,0.0,0.0,0.0,0.0,0.011158911511301994,0.0,0.006921166554093361,0.0,0.013884417712688446,0.0,0.0,0.0,0.0,0.0,0.017269155010581017,0.0,0.00583390099927783,0.0,0.0,,,,,,,,,,,,,,,,,,,,,,,,,,,,,,,,,,,,,,,,,,,,,,,,,,,,,,,,,,,,,,,,,,,,,,,,,,,,,,,,,,,,,,,,,,,,,,,,,,,,,,,,,,,,,,,,,,,,,,,,,,,,,,
2020-12-16,731670.3607817575,116.1675071901823,,,,,,,,,,,76494.84123570709,,1039061.7711000025,,,,,,,,,,,,,,,,,,,,,,,,,,,,,,,,,,,,,,,,,,,4368.8526073531975,,,,,,,,,,,,,,,,,,,,,,8704.086908857678,9385.206340531078,3322.883401489793,7421.891063893989,9720.49293047043,69829.55300835306,22864.470779864463,4662.957218398774,28074.21121468053,,,,,,,,,,,,,,,,,,,,,,,,,,,,,,,,,,,,0.007672586012631655,0.0,0.0,0.01092440728098154,0.0,0.0,0.0,0.0,0.0,0.0,0.0,0.0,0.0,0.0,0.0,0.0,,0.0,,0.0,,0.0,0.0,0.0,0.010507198981940746,0.0,,0.0,0.0,0.010712611488997936,0.0,0.012846814468502998,0.0,,0.0,,,,0.0,0.0,0.0,,0.0,0.0,0.0012285824632272124,0.009027548134326935,0.0,,,0.0,,0.0,0.0,0.0,0.0,0.0,0.0,0.0,0.0,0.006439491640776396,0.015234255231916904,0.0,0.0,0.0,,0.011381476186215878,0.0,0.0,0.0,0.015055594965815544,,0.0005889178719371557,0.0,,0.0,0.0,0.0,0.0,,0.0,0.0,0.0,,0.0,,0.0,0.0,,0.0,,0.0,0.0,0.0030229962430894375,0.01743323914706707,0.0,0.012673601508140564,0.0,0.016194811090826988,0.0,,,0.009300514124333858,0.0,,,,,0.0,0.0,0.0,0.0,0.0,0.0,0.0,0.0,0.0,,0.012146583758294582,0.0019998527131974697,0.0,,0.019029388204216957,0.0,0.0015352413756772876,0.0,0.0,0.0,,0.002669151872396469,,0.014855947345495224,0.0,0.0,0.01175154373049736,,0.0,0.0,,0.0,0.0,0.0,0.0,0.0,0.0001421356719220057,0.0011042432161048055,0.0,0.0,0.0046468619257211685,0.003770541399717331,0.0,0.0012880248250439763,,0.02132318913936615,0.0,0.004850889090448618,0.0,,0.0,0.007785265799611807,0.0,0.0,0.0,0.0,0.0061191171407699585,0.0,0.0,0.0,,0.015078713186085224,0.0,0.0,,,,0.006918592378497124,0.002163069089874625,,0.0,0.0,0.0,0.0,,0.0,,0.0,0.0,0.013318006880581379,0.0,0.0,0.0,,,,0.0,0.01897398941218853,0.0,0.0,0.0,,0.0,0.008289680816233158,0.007186546456068754,0.0,,0.0,0.015495573170483112,0.0,0.0,0.0,,0.002988440217450261,0.0071138362400233746,0.006663523148745298,0.0,,0.0029522741679102182,0.007444577291607857,0.00870683416724205,0.0,0.015951599925756454,0.0,,0.0,0.0,0.0,0.0,0.0,0.0,,0.0,,0.005740217864513397,0.007723913062363863,0.0016765532782301307,0.0,0.0,0.0,0.0,,0.0,0.011521018110215664,0.0028374833054840565,,,0.0,0.0,0.0,0.0,0.0,0.0,0.0,0.0,0.0,,0.0,0.0,0.0014217449352145195,,0.0,0.0,0.0,0.015036061406135559,0.0,0.0,0.0,,,0.0,0.002523822244256735,0.0,0.0,0.0,,0.012212172150611877,,0.010441260412335396,0.0,,0.0,0.0001980172237381339,0.0,0.0,,,0.0,0.009777898900210857,,0.011562291532754898,0.0,,,0.0,0.021612513810396194,0.0,0.0,0.0,0.0,0.0,,,0.0,0.0,0.0,0.0,0.0,,,0.0,0.0,0.0,,0.0,0.0,,0.0,0.0,0.010721533559262753,,0.0,0.0,0.0,0.0,,0.0,0.0,,0.0,0.0,0.0,0.000222572882194072,0.004138255026191473,0.0,0.0,0.0,0.0,0.0,0.0,0.0,0.0,,0.01636638306081295,,0.0,0.013081780634820461,0.00596213573589921,0.0,0.0,0.0,0.00783260352909565,0.013072560541331768,0.0,0.01504174992442131,0.0,,0.0,,0.0,0.007702955510467291,0.0,,0.0,0.0,0.0,0.0064319828525185585,0.0,0.0,0.0,0.0,0.006455377209931612,0.002276746090501547,0.0,,,0.0,0.0,0.0,,,,0.0,0.0,,0.0,,0.0,,0.0,,,0.0,,,,,0.0,,0.0,0.009475049562752247,0.0,,0.0,0.0,0.0006172159337438643,,0.011276694014668465,0.0,,0.0,0.008886725641787052,0.0,,,0.0,,0.01935204491019249,0.0,0.0,,0.0,0.0019069688860327005,,,,0.0,0.0,0.0,0.0,0.0,7.387471123365685e-05,,,,0.007764055393636227,0.0,,0.0,,0.0,0.0,0.0,0.0,,,0.0,0.0,,,0.0,,0.0,,0.0,0.0,0.0,0.0,0.0,0.0,0.0,,0.0,0.010640541091561317,0.0,0.0,0.0,,,0.0,0.0,0.0,0.0,0.004161264281719923,0.0073729087598621845,,,,0.007771022617816925,0.0,0.0,0.0,,,0.008342444896697998,0.0,0.0,,0.0,,,,,0.0,0.013751369901001453,0.0,,0.0,,,0.0,,0.006028351373970509,0.0,0.0,0.0,,0.006963010877370834,0.0,,0.0,0.0,0.0,0.0,0.0,,0.0025301980786025524,0.0,0.0,,0.0,0.0,0.0,0.0,0.0,0.0,0.0,,0.0009805925656110048,0.0,0.0,0.007419695612043142,0.0,0.0,0.0,,0.0,0.0,0.0,0.010489208623766899,0.0,0.0,0.0,0.0,0.0,0.0,0.00028485566144809127,0.0,0.0,0.0,,0.0,0.0,0.0,0.0,0.0,0.0,0.0,0.0,0.0,0.004446286242455244,0.0,0.0,0.0,,0.0,0.006903916597366333,,0.0032303640618920326,0.0,0.0,0.0,0.0,0.0,0.007855664007365704,0.0,0.0,0.0,0.011428353376686573,0.0,0.014265907928347588,0.0,0.0,0.0,0.0,0.0,0.0,0.0,0.0,0.0,0.0,0.0,0.0,0.0071387211792171,0.0,0.0,0.0,0.010663309134542942,0.009583434090018272,0.0,0.00991410668939352,0.0,0.0,0.0,0.019269602373242378,0.0,0.0,0.0,0.0,0.0,0.0,0.0,0.0,0.004451911896467209,0.0,0.0,0.0,0.0,0.0,0.015617968514561653,0.0,0.008543897420167923,0.0,0.0,0.017431413754820824,0.0,0.0,0.0,0.0,0.0,0.011158911511301994,0.0,0.006921166554093361,0.0,0.013884417712688446,0.0,0.0,0.0,0.0,0.0,0.017269155010581017,0.0,0.00583390099927783,0.0,0.0,,,,,,,,,,,,,,,,,,,,,,,,,,,,,,,,,,,,,,,,,,,,,,,,,,,,,,,,,,,,,,,,,,,,,,,,,,,,,,,,,,,,,,,,,,,,,,,,,,,,,,,,,,,,,,,,,,,,,,,,,,,,,,
2020-12-17,736989.8916077468,116.1675071901823,,,,,,,,,,,76494.84123570709,,1039061.7711000025,,,,,,,,,,,,,,,,,,,,,,,,,,,,,,,,,,,,,,,,,,,4368.8526073531975,,,,,,,,,,,,,,,,,,,,,,8704.086908857678,9385.206340531078,3322.883401489793,7421.891063893989,9720.49293047043,69829.55300835306,22864.470779864463,4662.957218398774,28074.21121468053,,,,,,,,,,,,,,,,,,,,,,,,,,,,,,,,,,,,0.007672586012631655,0.0,0.0,0.01092440728098154,0.0,0.0,0.0,0.0,0.0,0.0,0.0,0.0,0.0,0.0,0.0,0.0,,0.0,,0.0,,0.0,0.0,0.0,0.010507198981940746,0.0,,0.0,0.0,0.010712611488997936,0.0,0.012846814468502998,0.0,,0.0,,,,0.0,0.0,0.0,,0.0,0.0,0.0012285824632272124,0.009027548134326935,0.0,,,0.0,,0.0,0.0,0.0,0.0,0.0,0.0,0.0,0.0,0.006439491640776396,0.015234255231916904,0.0,0.0,0.0,,0.011381476186215878,0.0,0.0,0.0,0.015055594965815544,,0.0005889178719371557,0.0,,0.0,0.0,0.0,0.0,,0.0,0.0,0.0,,0.0,,0.0,0.0,,0.0,,0.0,0.0,0.0030229962430894375,0.01743323914706707,0.0,0.012673601508140564,0.0,0.016194811090826988,0.0,,,0.009300514124333858,0.0,,,,,0.0,0.0,0.0,0.0,0.0,0.0,0.0,0.0,0.0,,0.012146583758294582,0.0019998527131974697,0.0,,0.019029388204216957,0.0,0.0015352413756772876,0.0,0.0,0.0,,0.002669151872396469,,0.014855947345495224,0.0,0.0,0.01175154373049736,,0.0,0.0,,0.0,0.0,0.0,0.0,0.0,0.0001421356719220057,0.0011042432161048055,0.0,0.0,0.0046468619257211685,0.003770541399717331,0.0,0.0012880248250439763,,0.02132318913936615,0.0,0.004850889090448618,0.0,,0.0,0.007785265799611807,0.0,0.0,0.0,0.0,0.0061191171407699585,0.0,0.0,0.0,,0.015078713186085224,0.0,0.0,,,,0.006918592378497124,0.002163069089874625,,0.0,0.0,0.0,0.0,,0.0,,0.0,0.0,0.013318006880581379,0.0,0.0,0.0,,,,0.0,0.01897398941218853,0.0,0.0,0.0,,0.0,0.008289680816233158,0.007186546456068754,0.0,,0.0,0.015495573170483112,0.0,0.0,0.0,,0.002988440217450261,0.0071138362400233746,0.006663523148745298,0.0,,0.0029522741679102182,0.007444577291607857,0.00870683416724205,0.0,0.015951599925756454,0.0,,0.0,0.0,0.0,0.0,0.0,0.0,,0.0,,0.005740217864513397,0.007723913062363863,0.0016765532782301307,0.0,0.0,0.0,0.0,,0.0,0.011521018110215664,0.0028374833054840565,,,0.0,0.0,0.0,0.0,0.0,0.0,0.0,0.0,0.0,,0.0,0.0,0.0014217449352145195,,0.0,0.0,0.0,0.015036061406135559,0.0,0.0,0.0,,,0.0,0.002523822244256735,0.0,0.0,0.0,,0.012212172150611877,,0.010441260412335396,0.0,,0.0,0.0001980172237381339,0.0,0.0,,,0.0,0.009777898900210857,,0.011562291532754898,0.0,,,0.0,0.021612513810396194,0.0,0.0,0.0,0.0,0.0,,,0.0,0.0,0.0,0.0,0.0,,,0.0,0.0,0.0,,0.0,0.0,,0.0,0.0,0.010721533559262753,,0.0,0.0,0.0,0.0,,0.0,0.0,,0.0,0.0,0.0,0.000222572882194072,0.004138255026191473,0.0,0.0,0.0,0.0,0.0,0.0,0.0,0.0,,0.01636638306081295,,0.0,0.013081780634820461,0.00596213573589921,0.0,0.0,0.0,0.00783260352909565,0.013072560541331768,0.0,0.01504174992442131,0.0,,0.0,,0.0,0.007702955510467291,0.0,,0.0,0.0,0.0,0.0064319828525185585,0.0,0.0,0.0,0.0,0.006455377209931612,0.002276746090501547,0.0,,,0.0,0.0,0.0,,,,0.0,0.0,,0.0,,0.0,,0.0,,,0.0,,,,,0.0,,0.0,0.009475049562752247,0.0,,0.0,0.0,0.0006172159337438643,,0.011276694014668465,0.0,,0.0,0.008886725641787052,0.0,,,0.0,,0.01935204491019249,0.0,0.0,,0.0,0.0019069688860327005,,,,0.0,0.0,0.0,0.0,0.0,7.387471123365685e-05,,,,0.007764055393636227,0.0,,0.0,,0.0,0.0,0.0,0.0,,,0.0,0.0,,,0.0,,0.0,,0.0,0.0,0.0,0.0,0.0,0.0,0.0,,0.0,0.010640541091561317,0.0,0.0,0.0,,,0.0,0.0,0.0,0.0,0.004161264281719923,0.0073729087598621845,,,,0.007771022617816925,0.0,0.0,0.0,,,0.008342444896697998,0.0,0.0,,0.0,,,,,0.0,0.013751369901001453,0.0,,0.0,,,0.0,,0.006028351373970509,0.0,0.0,0.0,,0.006963010877370834,0.0,,0.0,0.0,0.0,0.0,0.0,,0.0025301980786025524,0.0,0.0,,0.0,0.0,0.0,0.0,0.0,0.0,0.0,,0.0009805925656110048,0.0,0.0,0.007419695612043142,0.0,0.0,0.0,,0.0,0.0,0.0,0.010489208623766899,0.0,0.0,0.0,0.0,0.0,0.0,0.00028485566144809127,0.0,0.0,0.0,,0.0,0.0,0.0,0.0,0.0,0.0,0.0,0.0,0.0,0.004446286242455244,0.0,0.0,0.0,,0.0,0.006903916597366333,,0.0032303640618920326,0.0,0.0,0.0,0.0,0.0,0.007855664007365704,0.0,0.0,0.0,0.011428353376686573,0.0,0.014265907928347588,0.0,0.0,0.0,0.0,0.0,0.0,0.0,0.0,0.0,0.0,0.0,0.0,0.0071387211792171,0.0,0.0,0.0,0.010663309134542942,0.009583434090018272,0.0,0.00991410668939352,0.0,0.0,0.0,0.019269602373242378,0.0,0.0,0.0,0.0,0.0,0.0,0.0,0.0,0.004451911896467209,0.0,0.0,0.0,0.0,0.0,0.015617968514561653,0.0,0.008543897420167923,0.0,0.0,0.017431413754820824,0.0,0.0,0.0,0.0,0.0,0.011158911511301994,0.0,0.006921166554093361,0.0,0.013884417712688446,0.0,0.0,0.0,0.0,0.0,0.017269155010581017,0.0,0.00583390099927783,0.0,0.0,,,,,,,,,,,,,,,,,,,,,,,,,,,,,,,,,,,,,,,,,,,,,,,,,,,,,,,,,,,,,,,,,,,,,,,,,,,,,,,,,,,,,,,,,,,,,,,,,,,,,,,,,,,,,,,,,,,,,,,,,,,,,,
2020-12-18,732777.6399340627,112.22854613488965,,,,,,,,,,,76494.84123570709,,1039061.7711000025,,,,,,,,,,,,,,,,,,,,,,,,,,,,,,,,,,,,,,,,,,,4368.8526073531975,,,,,,,,,,,,,,,,,,,,,,8704.086908857678,9385.709653177306,3322.883401489793,7421.891063893989,9720.49293047043,69829.55300835306,22864.470779864463,4662.957218398774,28074.21121468053,,,,,,,,,,,,,,,,,,,,,,,,,,,,,,,,,,,,0.007672586012631655,0.0,0.0,0.01092440728098154,0.0,0.0,0.0,0.0,0.0,0.0,0.0,0.0,0.0,0.0,0.0,0.0,,0.0,,0.0,,0.0,0.0,0.0,0.010507198981940746,0.0,,0.0,0.0,0.010712611488997936,0.0,0.012846814468502998,0.0,,0.0,,,,0.0,0.0,0.0,,0.0,0.0,0.0012285824632272124,0.009027548134326935,0.0,,,0.0,,0.0,0.0,0.0,0.0,0.0,0.0,0.0,0.0,0.006439491640776396,0.015234255231916904,0.0,0.0,0.0,,0.011381476186215878,0.0,0.0,0.0,0.015055594965815544,,0.0005889178719371557,0.0,,0.0,0.0,0.0,0.0,,0.0,0.0,0.0,,0.0,,0.0,0.0,,0.0,,0.0,0.0,0.0030229962430894375,0.01743323914706707,0.0,0.012673601508140564,0.0,0.016194811090826988,0.0,,,0.009300514124333858,0.0,,,,,0.0,0.0,0.0,0.0,0.0,0.0,0.0,0.0,0.0,,0.012146583758294582,0.0019998527131974697,0.0,,0.019029388204216957,0.0,0.0015352413756772876,0.0,0.0,0.0,,0.002669151872396469,,0.014855947345495224,0.0,0.0,0.01175154373049736,,0.0,0.0,,0.0,0.0,0.0,0.0,0.0,0.0001421356719220057,0.0011042432161048055,0.0,0.0,0.0046468619257211685,0.003770541399717331,0.0,0.0012880248250439763,,0.02132318913936615,0.0,0.004850889090448618,0.0,,0.0,0.007785265799611807,0.0,0.0,0.0,0.0,0.0061191171407699585,0.0,0.0,0.0,,0.015078713186085224,0.0,0.0,,,,0.006918592378497124,0.002163069089874625,,0.0,0.0,0.0,0.0,,0.0,,0.0,0.0,0.013318006880581379,0.0,0.0,0.0,,,,0.0,0.01897398941218853,0.0,0.0,0.0,,0.0,0.008289680816233158,0.007186546456068754,0.0,,0.0,0.015495573170483112,0.0,0.0,0.0,,0.002988440217450261,0.0071138362400233746,0.006663523148745298,0.0,,0.0029522741679102182,0.007444577291607857,0.00870683416724205,0.0,0.015951599925756454,0.0,,0.0,0.0,0.0,0.0,0.0,0.0,,0.0,,0.005740217864513397,0.007723913062363863,0.0016765532782301307,0.0,0.0,0.0,0.0,,0.0,0.011521018110215664,0.0028374833054840565,,,0.0,0.0,0.0,0.0,0.0,0.0,0.0,0.0,0.0,,0.0,0.0,0.0014217449352145195,,0.0,0.0,0.0,0.015036061406135559,0.0,0.0,0.0,,,0.0,0.002523822244256735,0.0,0.0,0.0,,0.012212172150611877,,0.010441260412335396,0.0,,0.0,0.0001980172237381339,0.0,0.0,,,0.0,0.009777898900210857,,0.011562291532754898,0.0,,,0.0,0.021612513810396194,0.0,0.0,0.0,0.0,0.0,,,0.0,0.0,0.0,0.0,0.0,,,0.0,0.0,0.0,,0.0,0.0,,0.0,0.0,0.010721533559262753,,0.0,0.0,0.0,0.0,,0.0,0.0,,0.0,0.0,0.0,0.000222572882194072,0.004138255026191473,0.0,0.0,0.0,0.0,0.0,0.0,0.0,0.0,,0.01636638306081295,,0.0,0.013081780634820461,0.00596213573589921,0.0,0.0,0.0,0.00783260352909565,0.013072560541331768,0.0,0.01504174992442131,0.0,,0.0,,0.0,0.007702955510467291,0.0,,0.0,0.0,0.0,0.0064319828525185585,0.0,0.0,0.0,0.0,0.006455377209931612,0.002276746090501547,0.0,,,0.0,0.0,0.0,,,,0.0,0.0,,0.0,,0.0,,0.0,,,0.0,,,,,0.0,,0.0,0.009475049562752247,0.0,,0.0,0.0,0.0006172159337438643,,0.011276694014668465,0.0,,0.0,0.008886725641787052,0.0,,,0.0,,0.01935204491019249,0.0,0.0,,0.0,0.0019069688860327005,,,,0.0,0.0,0.0,0.0,0.0,7.387471123365685e-05,,,,0.007764055393636227,0.0,,0.0,,0.0,0.0,0.0,0.0,,,0.0,0.0,,,0.0,,0.0,,0.0,0.0,0.0,0.0,0.0,0.0,0.0,,0.0,0.010640541091561317,0.0,0.0,0.0,,,0.0,0.0,0.0,0.0,0.004161264281719923,0.0073729087598621845,,,,0.007771022617816925,0.0,0.0,0.0,,,0.008342444896697998,0.0,0.0,,0.0,,,,,0.0,0.013751369901001453,0.0,,0.0,,,0.0,,0.006028351373970509,0.0,0.0,0.0,,0.006963010877370834,0.0,,0.0,0.0,0.0,0.0,0.0,,0.0025301980786025524,0.0,0.0,,0.0,0.0,0.0,0.0,0.0,0.0,0.0,,0.0009805925656110048,0.0,0.0,0.007419695612043142,0.0,0.0,0.0,,0.0,0.0,0.0,0.010489208623766899,0.0,0.0,0.0,0.0,0.0,0.0,0.00028485566144809127,0.0,0.0,0.0,,0.0,0.0,0.0,0.0,0.0,0.0,0.0,0.0,0.0,0.004446286242455244,0.0,0.0,0.0,,0.0,0.006903916597366333,,0.0032303640618920326,0.0,0.0,0.0,0.0,0.0,0.007855664007365704,0.0,0.0,0.0,0.011428353376686573,0.0,0.014265907928347588,0.0,0.0,0.0,0.0,0.0,0.0,0.0,0.0,0.0,0.0,0.0,0.0,0.0071387211792171,0.0,0.0,0.0,0.010663309134542942,0.009583434090018272,0.0,0.00991410668939352,0.0,0.0,0.0,0.019269602373242378,0.0,0.0,0.0,0.0,0.0,0.0,0.0,0.0,0.004451911896467209,0.0,0.0,0.0,0.0,0.0,0.015617968514561653,0.0,0.008543897420167923,0.0,0.0,0.017431413754820824,0.0,0.0,0.0,0.0,0.0,0.011158911511301994,0.0,0.006921166554093361,0.0,0.013884417712688446,0.0,0.0,0.0,0.0,0.0,0.017269155010581017,0.0,0.00583390099927783,0.0,0.0,,,,,,,,,,,,,,,,,,,,,,,,,,,,,,,,,,,,,,,,,,,,,,,,,,,,,,,,,,,,,,,,,,,,,,,,,,,,,,,,,,,,,,,,,,,,,,,,,,,,,,,,,,,,,,,,,,,,,,,,,,,,,,
2020-12-21,744009.1600263662,115.30813279488106,,,,,,,,,,,76494.84123570709,,1039061.7711000025,,,,,,,,,,,,,,,,,,,,,,,,,,,,,,,,,,,,,,,,,,,4368.8526073531975,,,,,,,,,,,,,,,,,,,,,,8704.086908857678,9385.313154170086,3322.883401489793,7421.891063893989,9720.49293047043,69829.55300835306,22864.470779864463,4662.957218398774,28074.21121468053,,,,,,,,,,,,,,,,,,,,,,,,,,,,,,,,,,,,0.007672586012631655,0.0,0.0,0.01092440728098154,0.0,0.0,0.0,0.0,0.0,0.0,0.0,0.0,0.0,0.0,0.0,0.0,,0.0,,0.0,,0.0,0.0,0.0,0.010507198981940746,0.0,,0.0,0.0,0.010712611488997936,0.0,0.012846814468502998,0.0,,0.0,,,,0.0,0.0,0.0,,0.0,0.0,0.0012285824632272124,0.009027548134326935,0.0,,,0.0,,0.0,0.0,0.0,0.0,0.0,0.0,0.0,0.0,0.006439491640776396,0.015234255231916904,0.0,0.0,0.0,,0.011381476186215878,0.0,0.0,0.0,0.015055594965815544,,0.0005889178719371557,0.0,,0.0,0.0,0.0,0.0,,0.0,0.0,0.0,,0.0,,0.0,0.0,,0.0,,0.0,0.0,0.0030229962430894375,0.01743323914706707,0.0,0.012673601508140564,0.0,0.016194811090826988,0.0,,,0.009300514124333858,0.0,,,,,0.0,0.0,0.0,0.0,0.0,0.0,0.0,0.0,0.0,,0.012146583758294582,0.0019998527131974697,0.0,,0.019029388204216957,0.0,0.0015352413756772876,0.0,0.0,0.0,,0.002669151872396469,,0.014855947345495224,0.0,0.0,0.01175154373049736,,0.0,0.0,,0.0,0.0,0.0,0.0,0.0,0.0001421356719220057,0.0011042432161048055,0.0,0.0,0.0046468619257211685,0.003770541399717331,0.0,0.0012880248250439763,,0.02132318913936615,0.0,0.004850889090448618,0.0,,0.0,0.007785265799611807,0.0,0.0,0.0,0.0,0.0061191171407699585,0.0,0.0,0.0,,0.015078713186085224,0.0,0.0,,,,0.006918592378497124,0.002163069089874625,,0.0,0.0,0.0,0.0,,0.0,,0.0,0.0,0.013318006880581379,0.0,0.0,0.0,,,,0.0,0.01897398941218853,0.0,0.0,0.0,,0.0,0.008289680816233158,0.007186546456068754,0.0,,0.0,0.015495573170483112,0.0,0.0,0.0,,0.002988440217450261,0.0071138362400233746,0.006663523148745298,0.0,,0.0029522741679102182,0.007444577291607857,0.00870683416724205,0.0,0.015951599925756454,0.0,,0.0,0.0,0.0,0.0,0.0,0.0,,0.0,,0.005740217864513397,0.007723913062363863,0.0016765532782301307,0.0,0.0,0.0,0.0,,0.0,0.011521018110215664,0.0028374833054840565,,,0.0,0.0,0.0,0.0,0.0,0.0,0.0,0.0,0.0,,0.0,0.0,0.0014217449352145195,,0.0,0.0,0.0,0.015036061406135559,0.0,0.0,0.0,,,0.0,0.002523822244256735,0.0,0.0,0.0,,0.012212172150611877,,0.010441260412335396,0.0,,0.0,0.0001980172237381339,0.0,0.0,,,0.0,0.009777898900210857,,0.011562291532754898,0.0,,,0.0,0.021612513810396194,0.0,0.0,0.0,0.0,0.0,,,0.0,0.0,0.0,0.0,0.0,,,0.0,0.0,0.0,,0.0,0.0,,0.0,0.0,0.010721533559262753,,0.0,0.0,0.0,0.0,,0.0,0.0,,0.0,0.0,0.0,0.000222572882194072,0.004138255026191473,0.0,0.0,0.0,0.0,0.0,0.0,0.0,0.0,,0.01636638306081295,,0.0,0.013081780634820461,0.00596213573589921,0.0,0.0,0.0,0.00783260352909565,0.013072560541331768,0.0,0.01504174992442131,0.0,,0.0,,0.0,0.007702955510467291,0.0,,0.0,0.0,0.0,0.0064319828525185585,0.0,0.0,0.0,0.0,0.006455377209931612,0.002276746090501547,0.0,,,0.0,0.0,0.0,,,,0.0,0.0,,0.0,,0.0,,0.0,,,0.0,,,,,0.0,,0.0,0.009475049562752247,0.0,,0.0,0.0,0.0006172159337438643,,0.011276694014668465,0.0,,0.0,0.008886725641787052,0.0,,,0.0,,0.01935204491019249,0.0,0.0,,0.0,0.0019069688860327005,,,,0.0,0.0,0.0,0.0,0.0,7.387471123365685e-05,,,,0.007764055393636227,0.0,,0.0,,0.0,0.0,0.0,0.0,,,0.0,0.0,,,0.0,,0.0,,0.0,0.0,0.0,0.0,0.0,0.0,0.0,,0.0,0.010640541091561317,0.0,0.0,0.0,,,0.0,0.0,0.0,0.0,0.004161264281719923,0.0073729087598621845,,,,0.007771022617816925,0.0,0.0,0.0,,,0.008342444896697998,0.0,0.0,,0.0,,,,,0.0,0.013751369901001453,0.0,,0.0,,,0.0,,0.006028351373970509,0.0,0.0,0.0,,0.006963010877370834,0.0,,0.0,0.0,0.0,0.0,0.0,,0.0025301980786025524,0.0,0.0,,0.0,0.0,0.0,0.0,0.0,0.0,0.0,,0.0009805925656110048,0.0,0.0,0.007419695612043142,0.0,0.0,0.0,,0.0,0.0,0.0,0.010489208623766899,0.0,0.0,0.0,0.0,0.0,0.0,0.00028485566144809127,0.0,0.0,0.0,,0.0,0.0,0.0,0.0,0.0,0.0,0.0,0.0,0.0,0.004446286242455244,0.0,0.0,0.0,,0.0,0.006903916597366333,,0.0032303640618920326,0.0,0.0,0.0,0.0,0.0,0.007855664007365704,0.0,0.0,0.0,0.011428353376686573,0.0,0.014265907928347588,0.0,0.0,0.0,0.0,0.0,0.0,0.0,0.0,0.0,0.0,0.0,0.0,0.0071387211792171,0.0,0.0,0.0,0.010663309134542942,0.009583434090018272,0.0,0.00991410668939352,0.0,0.0,0.0,0.019269602373242378,0.0,0.0,0.0,0.0,0.0,0.0,0.0,0.0,0.004451911896467209,0.0,0.0,0.0,0.0,0.0,0.015617968514561653,0.0,0.008543897420167923,0.0,0.0,0.017431413754820824,0.0,0.0,0.0,0.0,0.0,0.011158911511301994,0.0,0.006921166554093361,0.0,0.013884417712688446,0.0,0.0,0.0,0.0,0.0,0.017269155010581017,0.0,0.00583390099927783,0.0,0.0,,,,,,,,,,,,,,,,,,,,,,,,,,,,,,,,,,,,,,,,,,,,,,,,,,,,,,,,,,,,,,,,,,,,,,,,,,,,,,,,,,,,,,,,,,,,,,,,,,,,,,,,,,,,,,,,,,,,,,,,,,,,,,
2020-12-22,729990.4506305334,115.30813279488106,,,,,,,,,,,76494.84123570709,,1039061.7711000025,,,,,,,,,,,,,,,,,,,,,,,,,,,,,,,,,,,,,,,,,,,4368.8526073531975,,,,,,,,,,,,,,,,,,,,,,8704.086908857678,9385.313154170086,3322.883401489793,7421.891063893989,9720.49293047043,69829.55300835306,22864.470779864463,4662.957218398774,28074.21121468053,,,,,,,,,,,,,,,,,,,,,,,,,,,,,,,,,,,,0.007672586012631655,0.0,0.0,0.01092440728098154,0.0,0.0,0.0,0.0,0.0,0.0,0.0,0.0,0.0,0.0,0.0,0.0,,0.0,,0.0,,0.0,0.0,0.0,0.010507198981940746,0.0,,0.0,0.0,0.010712611488997936,0.0,0.012846814468502998,0.0,,0.0,,,,0.0,0.0,0.0,,0.0,0.0,0.0012285824632272124,0.009027548134326935,0.0,,,0.0,,0.0,0.0,0.0,0.0,0.0,0.0,0.0,0.0,0.006439491640776396,0.015234255231916904,0.0,0.0,0.0,,0.011381476186215878,0.0,0.0,0.0,0.015055594965815544,,0.0005889178719371557,0.0,,0.0,0.0,0.0,0.0,,0.0,0.0,0.0,,0.0,,0.0,0.0,,0.0,,0.0,0.0,0.0030229962430894375,0.01743323914706707,0.0,0.012673601508140564,0.0,0.016194811090826988,0.0,,,0.009300514124333858,0.0,,,,,0.0,0.0,0.0,0.0,0.0,0.0,0.0,0.0,0.0,,0.012146583758294582,0.0019998527131974697,0.0,,0.019029388204216957,0.0,0.0015352413756772876,0.0,0.0,0.0,,0.002669151872396469,,0.014855947345495224,0.0,0.0,0.01175154373049736,,0.0,0.0,,0.0,0.0,0.0,0.0,0.0,0.0001421356719220057,0.0011042432161048055,0.0,0.0,0.0046468619257211685,0.003770541399717331,0.0,0.0012880248250439763,,0.02132318913936615,0.0,0.004850889090448618,0.0,,0.0,0.007785265799611807,0.0,0.0,0.0,0.0,0.0061191171407699585,0.0,0.0,0.0,,0.015078713186085224,0.0,0.0,,,,0.006918592378497124,0.002163069089874625,,0.0,0.0,0.0,0.0,,0.0,,0.0,0.0,0.013318006880581379,0.0,0.0,0.0,,,,0.0,0.01897398941218853,0.0,0.0,0.0,,0.0,0.008289680816233158,0.007186546456068754,0.0,,0.0,0.015495573170483112,0.0,0.0,0.0,,0.002988440217450261,0.0071138362400233746,0.006663523148745298,0.0,,0.0029522741679102182,0.007444577291607857,0.00870683416724205,0.0,0.015951599925756454,0.0,,0.0,0.0,0.0,0.0,0.0,0.0,,0.0,,0.005740217864513397,0.007723913062363863,0.0016765532782301307,0.0,0.0,0.0,0.0,,0.0,0.011521018110215664,0.0028374833054840565,,,0.0,0.0,0.0,0.0,0.0,0.0,0.0,0.0,0.0,,0.0,0.0,0.0014217449352145195,,0.0,0.0,0.0,0.015036061406135559,0.0,0.0,0.0,,,0.0,0.002523822244256735,0.0,0.0,0.0,,0.012212172150611877,,0.010441260412335396,0.0,,0.0,0.0001980172237381339,0.0,0.0,,,0.0,0.009777898900210857,,0.011562291532754898,0.0,,,0.0,0.021612513810396194,0.0,0.0,0.0,0.0,0.0,,,0.0,0.0,0.0,0.0,0.0,,,0.0,0.0,0.0,,0.0,0.0,,0.0,0.0,0.010721533559262753,,0.0,0.0,0.0,0.0,,0.0,0.0,,0.0,0.0,0.0,0.000222572882194072,0.004138255026191473,0.0,0.0,0.0,0.0,0.0,0.0,0.0,0.0,,0.01636638306081295,,0.0,0.013081780634820461,0.00596213573589921,0.0,0.0,0.0,0.00783260352909565,0.013072560541331768,0.0,0.01504174992442131,0.0,,0.0,,0.0,0.007702955510467291,0.0,,0.0,0.0,0.0,0.0064319828525185585,0.0,0.0,0.0,0.0,0.006455377209931612,0.002276746090501547,0.0,,,0.0,0.0,0.0,,,,0.0,0.0,,0.0,,0.0,,0.0,,,0.0,,,,,0.0,,0.0,0.009475049562752247,0.0,,0.0,0.0,0.0006172159337438643,,0.011276694014668465,0.0,,0.0,0.008886725641787052,0.0,,,0.0,,0.01935204491019249,0.0,0.0,,0.0,0.0019069688860327005,,,,0.0,0.0,0.0,0.0,0.0,7.387471123365685e-05,,,,0.007764055393636227,0.0,,0.0,,0.0,0.0,0.0,0.0,,,0.0,0.0,,,0.0,,0.0,,0.0,0.0,0.0,0.0,0.0,0.0,0.0,,0.0,0.010640541091561317,0.0,0.0,0.0,,,0.0,0.0,0.0,0.0,0.004161264281719923,0.0073729087598621845,,,,0.007771022617816925,0.0,0.0,0.0,,,0.008342444896697998,0.0,0.0,,0.0,,,,,0.0,0.013751369901001453,0.0,,0.0,,,0.0,,0.006028351373970509,0.0,0.0,0.0,,0.006963010877370834,0.0,,0.0,0.0,0.0,0.0,0.0,,0.0025301980786025524,0.0,0.0,,0.0,0.0,0.0,0.0,0.0,0.0,0.0,,0.0009805925656110048,0.0,0.0,0.007419695612043142,0.0,0.0,0.0,,0.0,0.0,0.0,0.010489208623766899,0.0,0.0,0.0,0.0,0.0,0.0,0.00028485566144809127,0.0,0.0,0.0,,0.0,0.0,0.0,0.0,0.0,0.0,0.0,0.0,0.0,0.004446286242455244,0.0,0.0,0.0,,0.0,0.006903916597366333,,0.0032303640618920326,0.0,0.0,0.0,0.0,0.0,0.007855664007365704,0.0,0.0,0.0,0.011428353376686573,0.0,0.014265907928347588,0.0,0.0,0.0,0.0,0.0,0.0,0.0,0.0,0.0,0.0,0.0,0.0,0.0071387211792171,0.0,0.0,0.0,0.010663309134542942,0.009583434090018272,0.0,0.00991410668939352,0.0,0.0,0.0,0.019269602373242378,0.0,0.0,0.0,0.0,0.0,0.0,0.0,0.0,0.004451911896467209,0.0,0.0,0.0,0.0,0.0,0.015617968514561653,0.0,0.008543897420167923,0.0,0.0,0.017431413754820824,0.0,0.0,0.0,0.0,0.0,0.011158911511301994,0.0,0.006921166554093361,0.0,0.013884417712688446,0.0,0.0,0.0,0.0,0.0,0.017269155010581017,0.0,0.00583390099927783,0.0,0.0,,,,,,,,,,,,,,,,,,,,,,,,,,,,,,,,,,,,,,,,,,,,,,,,,,,,,,,,,,,,,,,,,,,,,,,,,,,,,,,,,,,,,,,,,,,,,,,,,,,,,,,,,,,,,,,,,,,,,,,,,,,,,,
2020-12-23,736960.530130378,115.30813279488106,,,,,,,,,,,76494.84123570709,,1039061.7711000025,,,,,,,,,,,,,,,,,,,,,,,,,,,,,,,,,,,,,,,,,,,4368.8526073531975,,,,,,,,,,,,,,,,,,,,,,8704.086908857678,9385.313154170086,3322.883401489793,7421.891063893989,9720.49293047043,69829.55300835306,22864.470779864463,4662.957218398774,28074.21121468053,,,,,,,,,,,,,,,,,,,,,,,,,,,,,,,,,,,,0.007672586012631655,0.0,0.0,0.01092440728098154,0.0,0.0,0.0,0.0,0.0,0.0,0.0,0.0,0.0,0.0,0.0,0.0,,0.0,,0.0,,0.0,0.0,0.0,0.010507198981940746,0.0,,0.0,0.0,0.010712611488997936,0.0,0.012846814468502998,0.0,,0.0,,,,0.0,0.0,0.0,,0.0,0.0,0.0012285824632272124,0.009027548134326935,0.0,,,0.0,,0.0,0.0,0.0,0.0,0.0,0.0,0.0,0.0,0.006439491640776396,0.015234255231916904,0.0,0.0,0.0,,0.011381476186215878,0.0,0.0,0.0,0.015055594965815544,,0.0005889178719371557,0.0,,0.0,0.0,0.0,0.0,,0.0,0.0,0.0,,0.0,,0.0,0.0,,0.0,,0.0,0.0,0.0030229962430894375,0.01743323914706707,0.0,0.012673601508140564,0.0,0.016194811090826988,0.0,,,0.009300514124333858,0.0,,,,,0.0,0.0,0.0,0.0,0.0,0.0,0.0,0.0,0.0,,0.012146583758294582,0.0019998527131974697,0.0,,0.019029388204216957,0.0,0.0015352413756772876,0.0,0.0,0.0,,0.002669151872396469,,0.014855947345495224,0.0,0.0,0.01175154373049736,,0.0,0.0,,0.0,0.0,0.0,0.0,0.0,0.0001421356719220057,0.0011042432161048055,0.0,0.0,0.0046468619257211685,0.003770541399717331,0.0,0.0012880248250439763,,0.02132318913936615,0.0,0.004850889090448618,0.0,,0.0,0.007785265799611807,0.0,0.0,0.0,0.0,0.0061191171407699585,0.0,0.0,0.0,,0.015078713186085224,0.0,0.0,,,,0.006918592378497124,0.002163069089874625,,0.0,0.0,0.0,0.0,,0.0,,0.0,0.0,0.013318006880581379,0.0,0.0,0.0,,,,0.0,0.01897398941218853,0.0,0.0,0.0,,0.0,0.008289680816233158,0.007186546456068754,0.0,,0.0,0.015495573170483112,0.0,0.0,0.0,,0.002988440217450261,0.0071138362400233746,0.006663523148745298,0.0,,0.0029522741679102182,0.007444577291607857,0.00870683416724205,0.0,0.015951599925756454,0.0,,0.0,0.0,0.0,0.0,0.0,0.0,,0.0,,0.005740217864513397,0.007723913062363863,0.0016765532782301307,0.0,0.0,0.0,0.0,,0.0,0.011521018110215664,0.0028374833054840565,,,0.0,0.0,0.0,0.0,0.0,0.0,0.0,0.0,0.0,,0.0,0.0,0.0014217449352145195,,0.0,0.0,0.0,0.015036061406135559,0.0,0.0,0.0,,,0.0,0.002523822244256735,0.0,0.0,0.0,,0.012212172150611877,,0.010441260412335396,0.0,,0.0,0.0001980172237381339,0.0,0.0,,,0.0,0.009777898900210857,,0.011562291532754898,0.0,,,0.0,0.021612513810396194,0.0,0.0,0.0,0.0,0.0,,,0.0,0.0,0.0,0.0,0.0,,,0.0,0.0,0.0,,0.0,0.0,,0.0,0.0,0.010721533559262753,,0.0,0.0,0.0,0.0,,0.0,0.0,,0.0,0.0,0.0,0.000222572882194072,0.004138255026191473,0.0,0.0,0.0,0.0,0.0,0.0,0.0,0.0,,0.01636638306081295,,0.0,0.013081780634820461,0.00596213573589921,0.0,0.0,0.0,0.00783260352909565,0.013072560541331768,0.0,0.01504174992442131,0.0,,0.0,,0.0,0.007702955510467291,0.0,,0.0,0.0,0.0,0.0064319828525185585,0.0,0.0,0.0,0.0,0.006455377209931612,0.002276746090501547,0.0,,,0.0,0.0,0.0,,,,0.0,0.0,,0.0,,0.0,,0.0,,,0.0,,,,,0.0,,0.0,0.009475049562752247,0.0,,0.0,0.0,0.0006172159337438643,,0.011276694014668465,0.0,,0.0,0.008886725641787052,0.0,,,0.0,,0.01935204491019249,0.0,0.0,,0.0,0.0019069688860327005,,,,0.0,0.0,0.0,0.0,0.0,7.387471123365685e-05,,,,0.007764055393636227,0.0,,0.0,,0.0,0.0,0.0,0.0,,,0.0,0.0,,,0.0,,0.0,,0.0,0.0,0.0,0.0,0.0,0.0,0.0,,0.0,0.010640541091561317,0.0,0.0,0.0,,,0.0,0.0,0.0,0.0,0.004161264281719923,0.0073729087598621845,,,,0.007771022617816925,0.0,0.0,0.0,,,0.008342444896697998,0.0,0.0,,0.0,,,,,0.0,0.013751369901001453,0.0,,0.0,,,0.0,,0.006028351373970509,0.0,0.0,0.0,,0.006963010877370834,0.0,,0.0,0.0,0.0,0.0,0.0,,0.0025301980786025524,0.0,0.0,,0.0,0.0,0.0,0.0,0.0,0.0,0.0,,0.0009805925656110048,0.0,0.0,0.007419695612043142,0.0,0.0,0.0,,0.0,0.0,0.0,0.010489208623766899,0.0,0.0,0.0,0.0,0.0,0.0,0.00028485566144809127,0.0,0.0,0.0,,0.0,0.0,0.0,0.0,0.0,0.0,0.0,0.0,0.0,0.004446286242455244,0.0,0.0,0.0,,0.0,0.006903916597366333,,0.0032303640618920326,0.0,0.0,0.0,0.0,0.0,0.007855664007365704,0.0,0.0,0.0,0.011428353376686573,0.0,0.014265907928347588,0.0,0.0,0.0,0.0,0.0,0.0,0.0,0.0,0.0,0.0,0.0,0.0,0.0071387211792171,0.0,0.0,0.0,0.010663309134542942,0.009583434090018272,0.0,0.00991410668939352,0.0,0.0,0.0,0.019269602373242378,0.0,0.0,0.0,0.0,0.0,0.0,0.0,0.0,0.004451911896467209,0.0,0.0,0.0,0.0,0.0,0.015617968514561653,0.0,0.008543897420167923,0.0,0.0,0.017431413754820824,0.0,0.0,0.0,0.0,0.0,0.011158911511301994,0.0,0.006921166554093361,0.0,0.013884417712688446,0.0,0.0,0.0,0.0,0.0,0.017269155010581017,0.0,0.00583390099927783,0.0,0.0,,,,,,,,,,,,,,,,,,,,,,,,,,,,,,,,,,,,,,,,,,,,,,,,,,,,,,,,,,,,,,,,,,,,,,,,,,,,,,,,,,,,,,,,,,,,,,,,,,,,,,,,,,,,,,,,,,,,,,,,,,,,,,
2020-12-24,723187.0302357924,115.30813279488106,,,,,,,,,,,76494.84123570709,,1039061.7711000025,,,,,,,,,,,,,,,,,,,,,,,,,,,,,,,,,,,,,,,,,,,4368.8526073531975,,,,,,,,,,,,,,,,,,,,,,8704.086908857678,9385.313154170086,3322.883401489793,7421.891063893989,9720.49293047043,69829.55300835306,22864.470779864463,4662.957218398774,28074.21121468053,,,,,,,,,,,,,,,,,,,,,,,,,,,,,,,,,,,,0.007672586012631655,0.0,0.0,0.01092440728098154,0.0,0.0,0.0,0.0,0.0,0.0,0.0,0.0,0.0,0.0,0.0,0.0,,0.0,,0.0,,0.0,0.0,0.0,0.010507198981940746,0.0,,0.0,0.0,0.010712611488997936,0.0,0.012846814468502998,0.0,,0.0,,,,0.0,0.0,0.0,,0.0,0.0,0.0012285824632272124,0.009027548134326935,0.0,,,0.0,,0.0,0.0,0.0,0.0,0.0,0.0,0.0,0.0,0.006439491640776396,0.015234255231916904,0.0,0.0,0.0,,0.011381476186215878,0.0,0.0,0.0,0.015055594965815544,,0.0005889178719371557,0.0,,0.0,0.0,0.0,0.0,,0.0,0.0,0.0,,0.0,,0.0,0.0,,0.0,,0.0,0.0,0.0030229962430894375,0.01743323914706707,0.0,0.012673601508140564,0.0,0.016194811090826988,0.0,,,0.009300514124333858,0.0,,,,,0.0,0.0,0.0,0.0,0.0,0.0,0.0,0.0,0.0,,0.012146583758294582,0.0019998527131974697,0.0,,0.019029388204216957,0.0,0.0015352413756772876,0.0,0.0,0.0,,0.002669151872396469,,0.014855947345495224,0.0,0.0,0.01175154373049736,,0.0,0.0,,0.0,0.0,0.0,0.0,0.0,0.0001421356719220057,0.0011042432161048055,0.0,0.0,0.0046468619257211685,0.003770541399717331,0.0,0.0012880248250439763,,0.02132318913936615,0.0,0.004850889090448618,0.0,,0.0,0.007785265799611807,0.0,0.0,0.0,0.0,0.0061191171407699585,0.0,0.0,0.0,,0.015078713186085224,0.0,0.0,,,,0.006918592378497124,0.002163069089874625,,0.0,0.0,0.0,0.0,,0.0,,0.0,0.0,0.013318006880581379,0.0,0.0,0.0,,,,0.0,0.01897398941218853,0.0,0.0,0.0,,0.0,0.008289680816233158,0.007186546456068754,0.0,,0.0,0.015495573170483112,0.0,0.0,0.0,,0.002988440217450261,0.0071138362400233746,0.006663523148745298,0.0,,0.0029522741679102182,0.007444577291607857,0.00870683416724205,0.0,0.015951599925756454,0.0,,0.0,0.0,0.0,0.0,0.0,0.0,,0.0,,0.005740217864513397,0.007723913062363863,0.0016765532782301307,0.0,0.0,0.0,0.0,,0.0,0.011521018110215664,0.0028374833054840565,,,0.0,0.0,0.0,0.0,0.0,0.0,0.0,0.0,0.0,,0.0,0.0,0.0014217449352145195,,0.0,0.0,0.0,0.015036061406135559,0.0,0.0,0.0,,,0.0,0.002523822244256735,0.0,0.0,0.0,,0.012212172150611877,,0.010441260412335396,0.0,,0.0,0.0001980172237381339,0.0,0.0,,,0.0,0.009777898900210857,,0.011562291532754898,0.0,,,0.0,0.021612513810396194,0.0,0.0,0.0,0.0,0.0,,,0.0,0.0,0.0,0.0,0.0,,,0.0,0.0,0.0,,0.0,0.0,,0.0,0.0,0.010721533559262753,,0.0,0.0,0.0,0.0,,0.0,0.0,,0.0,0.0,0.0,0.000222572882194072,0.004138255026191473,0.0,0.0,0.0,0.0,0.0,0.0,0.0,0.0,,0.01636638306081295,,0.0,0.013081780634820461,0.00596213573589921,0.0,0.0,0.0,0.00783260352909565,0.013072560541331768,0.0,0.01504174992442131,0.0,,0.0,,0.0,0.007702955510467291,0.0,,0.0,0.0,0.0,0.0064319828525185585,0.0,0.0,0.0,0.0,0.006455377209931612,0.002276746090501547,0.0,,,0.0,0.0,0.0,,,,0.0,0.0,,0.0,,0.0,,0.0,,,0.0,,,,,0.0,,0.0,0.009475049562752247,0.0,,0.0,0.0,0.0006172159337438643,,0.011276694014668465,0.0,,0.0,0.008886725641787052,0.0,,,0.0,,0.01935204491019249,0.0,0.0,,0.0,0.0019069688860327005,,,,0.0,0.0,0.0,0.0,0.0,7.387471123365685e-05,,,,0.007764055393636227,0.0,,0.0,,0.0,0.0,0.0,0.0,,,0.0,0.0,,,0.0,,0.0,,0.0,0.0,0.0,0.0,0.0,0.0,0.0,,0.0,0.010640541091561317,0.0,0.0,0.0,,,0.0,0.0,0.0,0.0,0.004161264281719923,0.0073729087598621845,,,,0.007771022617816925,0.0,0.0,0.0,,,0.008342444896697998,0.0,0.0,,0.0,,,,,0.0,0.013751369901001453,0.0,,0.0,,,0.0,,0.006028351373970509,0.0,0.0,0.0,,0.006963010877370834,0.0,,0.0,0.0,0.0,0.0,0.0,,0.0025301980786025524,0.0,0.0,,0.0,0.0,0.0,0.0,0.0,0.0,0.0,,0.0009805925656110048,0.0,0.0,0.007419695612043142,0.0,0.0,0.0,,0.0,0.0,0.0,0.010489208623766899,0.0,0.0,0.0,0.0,0.0,0.0,0.00028485566144809127,0.0,0.0,0.0,,0.0,0.0,0.0,0.0,0.0,0.0,0.0,0.0,0.0,0.004446286242455244,0.0,0.0,0.0,,0.0,0.006903916597366333,,0.0032303640618920326,0.0,0.0,0.0,0.0,0.0,0.007855664007365704,0.0,0.0,0.0,0.011428353376686573,0.0,0.014265907928347588,0.0,0.0,0.0,0.0,0.0,0.0,0.0,0.0,0.0,0.0,0.0,0.0,0.0071387211792171,0.0,0.0,0.0,0.010663309134542942,0.009583434090018272,0.0,0.00991410668939352,0.0,0.0,0.0,0.019269602373242378,0.0,0.0,0.0,0.0,0.0,0.0,0.0,0.0,0.004451911896467209,0.0,0.0,0.0,0.0,0.0,0.015617968514561653,0.0,0.008543897420167923,0.0,0.0,0.017431413754820824,0.0,0.0,0.0,0.0,0.0,0.011158911511301994,0.0,0.006921166554093361,0.0,0.013884417712688446,0.0,0.0,0.0,0.0,0.0,0.017269155010581017,0.0,0.00583390099927783,0.0,0.0,,,,,,,,,,,,,,,,,,,,,,,,,,,,,,,,,,,,,,,,,,,,,,,,,,,,,,,,,,,,,,,,,,,,,,,,,,,,,,,,,,,,,,,,,,,,,,,,,,,,,,,,,,,,,,,,,,,,,,,,,,,,,,
2020-12-25,725163.2526252533,115.30813279488106,,,,,,,,,,,76494.84123570709,,1039061.7711000025,,,,,,,,,,,,,,,,,,,,,,,,,,,,,,,,,,,,,,,,,,,4368.8526073531975,,,,,,,,,,,,,,,,,,,,,,8704.086908857678,9385.313154170086,3322.883401489793,7421.891063893989,9720.49293047043,69829.55300835306,22864.470779864463,4662.957218398774,28074.21121468053,,,,,,,,,,,,,,,,,,,,,,,,,,,,,,,,,,,,0.007672586012631655,0.0,0.0,0.01092440728098154,0.0,0.0,0.0,0.0,0.0,0.0,0.0,0.0,0.0,0.0,0.0,0.0,,0.0,,0.0,,0.0,0.0,0.0,0.010507198981940746,0.0,,0.0,0.0,0.010712611488997936,0.0,0.012846814468502998,0.0,,0.0,,,,0.0,0.0,0.0,,0.0,0.0,0.0012285824632272124,0.009027548134326935,0.0,,,0.0,,0.0,0.0,0.0,0.0,0.0,0.0,0.0,0.0,0.006439491640776396,0.015234255231916904,0.0,0.0,0.0,,0.011381476186215878,0.0,0.0,0.0,0.015055594965815544,,0.0005889178719371557,0.0,,0.0,0.0,0.0,0.0,,0.0,0.0,0.0,,0.0,,0.0,0.0,,0.0,,0.0,0.0,0.0030229962430894375,0.01743323914706707,0.0,0.012673601508140564,0.0,0.016194811090826988,0.0,,,0.009300514124333858,0.0,,,,,0.0,0.0,0.0,0.0,0.0,0.0,0.0,0.0,0.0,,0.012146583758294582,0.0019998527131974697,0.0,,0.019029388204216957,0.0,0.0015352413756772876,0.0,0.0,0.0,,0.002669151872396469,,0.014855947345495224,0.0,0.0,0.01175154373049736,,0.0,0.0,,0.0,0.0,0.0,0.0,0.0,0.0001421356719220057,0.0011042432161048055,0.0,0.0,0.0046468619257211685,0.003770541399717331,0.0,0.0012880248250439763,,0.02132318913936615,0.0,0.004850889090448618,0.0,,0.0,0.007785265799611807,0.0,0.0,0.0,0.0,0.0061191171407699585,0.0,0.0,0.0,,0.015078713186085224,0.0,0.0,,,,0.006918592378497124,0.002163069089874625,,0.0,0.0,0.0,0.0,,0.0,,0.0,0.0,0.013318006880581379,0.0,0.0,0.0,,,,0.0,0.01897398941218853,0.0,0.0,0.0,,0.0,0.008289680816233158,0.007186546456068754,0.0,,0.0,0.015495573170483112,0.0,0.0,0.0,,0.002988440217450261,0.0071138362400233746,0.006663523148745298,0.0,,0.0029522741679102182,0.007444577291607857,0.00870683416724205,0.0,0.015951599925756454,0.0,,0.0,0.0,0.0,0.0,0.0,0.0,,0.0,,0.005740217864513397,0.007723913062363863,0.0016765532782301307,0.0,0.0,0.0,0.0,,0.0,0.011521018110215664,0.0028374833054840565,,,0.0,0.0,0.0,0.0,0.0,0.0,0.0,0.0,0.0,,0.0,0.0,0.0014217449352145195,,0.0,0.0,0.0,0.015036061406135559,0.0,0.0,0.0,,,0.0,0.002523822244256735,0.0,0.0,0.0,,0.012212172150611877,,0.010441260412335396,0.0,,0.0,0.0001980172237381339,0.0,0.0,,,0.0,0.009777898900210857,,0.011562291532754898,0.0,,,0.0,0.021612513810396194,0.0,0.0,0.0,0.0,0.0,,,0.0,0.0,0.0,0.0,0.0,,,0.0,0.0,0.0,,0.0,0.0,,0.0,0.0,0.010721533559262753,,0.0,0.0,0.0,0.0,,0.0,0.0,,0.0,0.0,0.0,0.000222572882194072,0.004138255026191473,0.0,0.0,0.0,0.0,0.0,0.0,0.0,0.0,,0.01636638306081295,,0.0,0.013081780634820461,0.00596213573589921,0.0,0.0,0.0,0.00783260352909565,0.013072560541331768,0.0,0.01504174992442131,0.0,,0.0,,0.0,0.007702955510467291,0.0,,0.0,0.0,0.0,0.0064319828525185585,0.0,0.0,0.0,0.0,0.006455377209931612,0.002276746090501547,0.0,,,0.0,0.0,0.0,,,,0.0,0.0,,0.0,,0.0,,0.0,,,0.0,,,,,0.0,,0.0,0.009475049562752247,0.0,,0.0,0.0,0.0006172159337438643,,0.011276694014668465,0.0,,0.0,0.008886725641787052,0.0,,,0.0,,0.01935204491019249,0.0,0.0,,0.0,0.0019069688860327005,,,,0.0,0.0,0.0,0.0,0.0,7.387471123365685e-05,,,,0.007764055393636227,0.0,,0.0,,0.0,0.0,0.0,0.0,,,0.0,0.0,,,0.0,,0.0,,0.0,0.0,0.0,0.0,0.0,0.0,0.0,,0.0,0.010640541091561317,0.0,0.0,0.0,,,0.0,0.0,0.0,0.0,0.004161264281719923,0.0073729087598621845,,,,0.007771022617816925,0.0,0.0,0.0,,,0.008342444896697998,0.0,0.0,,0.0,,,,,0.0,0.013751369901001453,0.0,,0.0,,,0.0,,0.006028351373970509,0.0,0.0,0.0,,0.006963010877370834,0.0,,0.0,0.0,0.0,0.0,0.0,,0.0025301980786025524,0.0,0.0,,0.0,0.0,0.0,0.0,0.0,0.0,0.0,,0.0009805925656110048,0.0,0.0,0.007419695612043142,0.0,0.0,0.0,,0.0,0.0,0.0,0.010489208623766899,0.0,0.0,0.0,0.0,0.0,0.0,0.00028485566144809127,0.0,0.0,0.0,,0.0,0.0,0.0,0.0,0.0,0.0,0.0,0.0,0.0,0.004446286242455244,0.0,0.0,0.0,,0.0,0.006903916597366333,,0.0032303640618920326,0.0,0.0,0.0,0.0,0.0,0.007855664007365704,0.0,0.0,0.0,0.011428353376686573,0.0,0.014265907928347588,0.0,0.0,0.0,0.0,0.0,0.0,0.0,0.0,0.0,0.0,0.0,0.0,0.0071387211792171,0.0,0.0,0.0,0.010663309134542942,0.009583434090018272,0.0,0.00991410668939352,0.0,0.0,0.0,0.019269602373242378,0.0,0.0,0.0,0.0,0.0,0.0,0.0,0.0,0.004451911896467209,0.0,0.0,0.0,0.0,0.0,0.015617968514561653,0.0,0.008543897420167923,0.0,0.0,0.017431413754820824,0.0,0.0,0.0,0.0,0.0,0.011158911511301994,0.0,0.006921166554093361,0.0,0.013884417712688446,0.0,0.0,0.0,0.0,0.0,0.017269155010581017,0.0,0.00583390099927783,0.0,0.0,,,,,,,,,,,,,,,,,,,,,,,,,,,,,,,,,,,,,,,,,,,,,,,,,,,,,,,,,,,,,,,,,,,,,,,,,,,,,,,,,,,,,,,,,,,,,,,,,,,,,,,,,,,,,,,,,,,,,,,,,,,,,,
2020-12-28,714587.180654365,111.72283301000262,,,,,,,,,,,76494.84123570709,,1039061.7711000025,,,,,,,,,,,,,,,,,,,,,,,,,,,,,,,,,,,,,,,,,,,4368.8526073531975,,,,,,,,,,,,,,,,,,,,,,8704.086908857678,9385.778455502686,3322.883401489793,7421.891063893989,9720.49293047043,69829.55300835306,22864.470779864463,4662.957218398774,28074.21121468053,,,,,,,,,,,,,,,,,,,,,,,,,,,,,,,,,,,,0.007672586012631655,0.0,0.0,0.01092440728098154,0.0,0.0,0.0,0.0,0.0,0.0,0.0,0.0,0.0,0.0,0.0,0.0,,0.0,,0.0,,0.0,0.0,0.0,0.010507198981940746,0.0,,0.0,0.0,0.010712611488997936,0.0,0.012846814468502998,0.0,,0.0,,,,0.0,0.0,0.0,,0.0,0.0,0.0012285824632272124,0.009027548134326935,0.0,,,0.0,,0.0,0.0,0.0,0.0,0.0,0.0,0.0,0.0,0.006439491640776396,0.015234255231916904,0.0,0.0,0.0,,0.011381476186215878,0.0,0.0,0.0,0.015055594965815544,,0.0005889178719371557,0.0,,0.0,0.0,0.0,0.0,,0.0,0.0,0.0,,0.0,,0.0,0.0,,0.0,,0.0,0.0,0.0030229962430894375,0.01743323914706707,0.0,0.012673601508140564,0.0,0.016194811090826988,0.0,,,0.009300514124333858,0.0,,,,,0.0,0.0,0.0,0.0,0.0,0.0,0.0,0.0,0.0,,0.012146583758294582,0.0019998527131974697,0.0,,0.019029388204216957,0.0,0.0015352413756772876,0.0,0.0,0.0,,0.002669151872396469,,0.014855947345495224,0.0,0.0,0.01175154373049736,,0.0,0.0,,0.0,0.0,0.0,0.0,0.0,0.0001421356719220057,0.0011042432161048055,0.0,0.0,0.0046468619257211685,0.003770541399717331,0.0,0.0012880248250439763,,0.02132318913936615,0.0,0.004850889090448618,0.0,,0.0,0.007785265799611807,0.0,0.0,0.0,0.0,0.0061191171407699585,0.0,0.0,0.0,,0.015078713186085224,0.0,0.0,,,,0.006918592378497124,0.002163069089874625,,0.0,0.0,0.0,0.0,,0.0,,0.0,0.0,0.013318006880581379,0.0,0.0,0.0,,,,0.0,0.01897398941218853,0.0,0.0,0.0,,0.0,0.008289680816233158,0.007186546456068754,0.0,,0.0,0.015495573170483112,0.0,0.0,0.0,,0.002988440217450261,0.0071138362400233746,0.006663523148745298,0.0,,0.0029522741679102182,0.007444577291607857,0.00870683416724205,0.0,0.015951599925756454,0.0,,0.0,0.0,0.0,0.0,0.0,0.0,,0.0,,0.005740217864513397,0.007723913062363863,0.0016765532782301307,0.0,0.0,0.0,0.0,,0.0,0.011521018110215664,0.0028374833054840565,,,0.0,0.0,0.0,0.0,0.0,0.0,0.0,0.0,0.0,,0.0,0.0,0.0014217449352145195,,0.0,0.0,0.0,0.015036061406135559,0.0,0.0,0.0,,,0.0,0.002523822244256735,0.0,0.0,0.0,,0.012212172150611877,,0.010441260412335396,0.0,,0.0,0.0001980172237381339,0.0,0.0,,,0.0,0.009777898900210857,,0.011562291532754898,0.0,,,0.0,0.021612513810396194,0.0,0.0,0.0,0.0,0.0,,,0.0,0.0,0.0,0.0,0.0,,,0.0,0.0,0.0,,0.0,0.0,,0.0,0.0,0.010721533559262753,,0.0,0.0,0.0,0.0,,0.0,0.0,,0.0,0.0,0.0,0.000222572882194072,0.004138255026191473,0.0,0.0,0.0,0.0,0.0,0.0,0.0,0.0,,0.01636638306081295,,0.0,0.013081780634820461,0.00596213573589921,0.0,0.0,0.0,0.00783260352909565,0.013072560541331768,0.0,0.01504174992442131,0.0,,0.0,,0.0,0.007702955510467291,0.0,,0.0,0.0,0.0,0.0064319828525185585,0.0,0.0,0.0,0.0,0.006455377209931612,0.002276746090501547,0.0,,,0.0,0.0,0.0,,,,0.0,0.0,,0.0,,0.0,,0.0,,,0.0,,,,,0.0,,0.0,0.009475049562752247,0.0,,0.0,0.0,0.0006172159337438643,,0.011276694014668465,0.0,,0.0,0.008886725641787052,0.0,,,0.0,,0.01935204491019249,0.0,0.0,,0.0,0.0019069688860327005,,,,0.0,0.0,0.0,0.0,0.0,7.387471123365685e-05,,,,0.007764055393636227,0.0,,0.0,,0.0,0.0,0.0,0.0,,,0.0,0.0,,,0.0,,0.0,,0.0,0.0,0.0,0.0,0.0,0.0,0.0,,0.0,0.010640541091561317,0.0,0.0,0.0,,,0.0,0.0,0.0,0.0,0.004161264281719923,0.0073729087598621845,,,,0.007771022617816925,0.0,0.0,0.0,,,0.008342444896697998,0.0,0.0,,0.0,,,,,0.0,0.013751369901001453,0.0,,0.0,,,0.0,,0.006028351373970509,0.0,0.0,0.0,,0.006963010877370834,0.0,,0.0,0.0,0.0,0.0,0.0,,0.0025301980786025524,0.0,0.0,,0.0,0.0,0.0,0.0,0.0,0.0,0.0,,0.0009805925656110048,0.0,0.0,0.007419695612043142,0.0,0.0,0.0,,0.0,0.0,0.0,0.010489208623766899,0.0,0.0,0.0,0.0,0.0,0.0,0.00028485566144809127,0.0,0.0,0.0,,0.0,0.0,0.0,0.0,0.0,0.0,0.0,0.0,0.0,0.004446286242455244,0.0,0.0,0.0,,0.0,0.006903916597366333,,0.0032303640618920326,0.0,0.0,0.0,0.0,0.0,0.007855664007365704,0.0,0.0,0.0,0.011428353376686573,0.0,0.014265907928347588,0.0,0.0,0.0,0.0,0.0,0.0,0.0,0.0,0.0,0.0,0.0,0.0,0.0071387211792171,0.0,0.0,0.0,0.010663309134542942,0.009583434090018272,0.0,0.00991410668939352,0.0,0.0,0.0,0.019269602373242378,0.0,0.0,0.0,0.0,0.0,0.0,0.0,0.0,0.004451911896467209,0.0,0.0,0.0,0.0,0.0,0.015617968514561653,0.0,0.008543897420167923,0.0,0.0,0.017431413754820824,0.0,0.0,0.0,0.0,0.0,0.011158911511301994,0.0,0.006921166554093361,0.0,0.013884417712688446,0.0,0.0,0.0,0.0,0.0,0.017269155010581017,0.0,0.00583390099927783,0.0,0.0,,,,,,,,,,,,,,,,,,,,,,,,,,,,,,,,,,,,,,,,,,,,,,,,,,,,,,,,,,,,,,,,,,,,,,,,,,,,,,,,,,,,,,,,,,,,,,,,,,,,,,,,,,,,,,,,,,,,,,,,,,,,,,
2020-12-29,718665.1807523731,136.71423373867378,,,,,,,,,,,76494.84123570709,,1039061.7711000025,,,,,,,,,,,,,,,,,,,,,,,,,,,,,,,,,,,,,,,,,,,4368.8526073531975,,,,,,,,,,,,,,,,,,,,,,8704.086908857678,9277.728303953187,3322.883401489793,7421.891063893989,9720.49293047043,70362.66628210529,22954.48855569159,4662.957218398774,28074.21121468053,,,,,,,,,,,,,,,,,,,,,,,,,,,,,,,,,,,,0.007672586012631655,0.0,0.0,0.01092440728098154,0.0,0.0,0.0,0.0,0.0,0.0,0.0,0.0,0.0,0.0,0.0,0.0,,0.0,,0.0,,0.0,0.0,0.0,0.010507198981940746,0.0,,0.0,0.0,0.010712611488997936,0.0,0.012846814468502998,0.0,,0.0,,,,0.0,0.0,0.0,,0.0,0.0,0.0012285824632272124,0.009027548134326935,0.0,,,0.0,,0.0,0.0,0.0,0.0,0.0,0.0,0.0,0.0,0.006439491640776396,0.015234255231916904,0.0,0.0,0.0,,0.011381476186215878,0.0,0.0,0.0,0.015055594965815544,,0.0005889178719371557,0.0,,0.0,0.0,0.0,0.0,,0.0,0.0,0.0,,0.0,,0.0,0.0,,0.0,,0.0,0.0,0.0030229962430894375,0.01743323914706707,0.0,0.012673601508140564,0.0,0.016194811090826988,0.0,,,0.009300514124333858,0.0,,,,,0.0,0.0,0.0,0.0,0.0,0.0,0.0,0.0,0.0,,0.012146583758294582,0.0019998527131974697,0.0,,0.019029388204216957,0.0,0.0015352413756772876,0.0,0.0,0.0,,0.002669151872396469,,0.014855947345495224,0.0,0.0,0.01175154373049736,,0.0,0.0,,0.0,0.0,0.0,0.0,0.0,0.0001421356719220057,0.0011042432161048055,0.0,0.0,0.0046468619257211685,0.003770541399717331,0.0,0.0012880248250439763,,0.02132318913936615,0.0,0.004850889090448618,0.0,,0.0,0.007785265799611807,0.0,0.0,0.0,0.0,0.0061191171407699585,0.0,0.0,0.0,,0.015078713186085224,0.0,0.0,,,,0.006918592378497124,0.002163069089874625,,0.0,0.0,0.0,0.0,,0.0,,0.0,0.0,0.013318006880581379,0.0,0.0,0.0,,,,0.0,0.01897398941218853,0.0,0.0,0.0,,0.0,0.008289680816233158,0.007186546456068754,0.0,,0.0,0.015495573170483112,0.0,0.0,0.0,,0.002988440217450261,0.0071138362400233746,0.006663523148745298,0.0,,0.0029522741679102182,0.007444577291607857,0.00870683416724205,0.0,0.015951599925756454,0.0,,0.0,0.0,0.0,0.0,0.0,0.0,,0.0,,0.005740217864513397,0.007723913062363863,0.0016765532782301307,0.0,0.0,0.0,0.0,,0.0,0.011521018110215664,0.0028374833054840565,,,0.0,0.0,0.0,0.0,0.0,0.0,0.0,0.0,0.0,,0.0,0.0,0.0014217449352145195,,0.0,0.0,0.0,0.015036061406135559,0.0,0.0,0.0,,,0.0,0.002523822244256735,0.0,0.0,0.0,,0.012212172150611877,,0.010441260412335396,0.0,,0.0,0.0001980172237381339,0.0,0.0,,,0.0,0.009777898900210857,,0.011562291532754898,0.0,,,0.0,0.021612513810396194,0.0,0.0,0.0,0.0,0.0,,,0.0,0.0,0.0,0.0,0.0,,,0.0,0.0,0.0,,0.0,0.0,,0.0,0.0,0.010721533559262753,,0.0,0.0,0.0,0.0,,0.0,0.0,,0.0,0.0,0.0,0.000222572882194072,0.004138255026191473,0.0,0.0,0.0,0.0,0.0,0.0,0.0,0.0,,0.01636638306081295,,0.0,0.013081780634820461,0.00596213573589921,0.0,0.0,0.0,0.00783260352909565,0.013072560541331768,0.0,0.01504174992442131,0.0,,0.0,,0.0,0.007702955510467291,0.0,,0.0,0.0,0.0,0.0064319828525185585,0.0,0.0,0.0,0.0,0.006455377209931612,0.002276746090501547,0.0,,,0.0,0.0,0.0,,,,0.0,0.0,,0.0,,0.0,,0.0,,,0.0,,,,,0.0,,0.0,0.009475049562752247,0.0,,0.0,0.0,0.0006172159337438643,,0.011276694014668465,0.0,,0.0,0.008886725641787052,0.0,,,0.0,,0.01935204491019249,0.0,0.0,,0.0,0.0019069688860327005,,,,0.0,0.0,0.0,0.0,0.0,7.387471123365685e-05,,,,0.007764055393636227,0.0,,0.0,,0.0,0.0,0.0,0.0,,,0.0,0.0,,,0.0,,0.0,,0.0,0.0,0.0,0.0,0.0,0.0,0.0,,0.0,0.010640541091561317,0.0,0.0,0.0,,,0.0,0.0,0.0,0.0,0.004161264281719923,0.0073729087598621845,,,,0.007771022617816925,0.0,0.0,0.0,,,0.008342444896697998,0.0,0.0,,0.0,,,,,0.0,0.013751369901001453,0.0,,0.0,,,0.0,,0.006028351373970509,0.0,0.0,0.0,,0.006963010877370834,0.0,,0.0,0.0,0.0,0.0,0.0,,0.0025301980786025524,0.0,0.0,,0.0,0.0,0.0,0.0,0.0,0.0,0.0,,0.0009805925656110048,0.0,0.0,0.007419695612043142,0.0,0.0,0.0,,0.0,0.0,0.0,0.010489208623766899,0.0,0.0,0.0,0.0,0.0,0.0,0.00028485566144809127,0.0,0.0,0.0,,0.0,0.0,0.0,0.0,0.0,0.0,0.0,0.0,0.0,0.004446286242455244,0.0,0.0,0.0,,0.0,0.006903916597366333,,0.0032303640618920326,0.0,0.0,0.0,0.0,0.0,0.007855664007365704,0.0,0.0,0.0,0.011428353376686573,0.0,0.014265907928347588,0.0,0.0,0.0,0.0,0.0,0.0,0.0,0.0,0.0,0.0,0.0,0.0,0.0071387211792171,0.0,0.0,0.0,0.010663309134542942,0.009583434090018272,0.0,0.00991410668939352,0.0,0.0,0.0,0.019269602373242378,0.0,0.0,0.0,0.0,0.0,0.0,0.0,0.0,0.004451911896467209,0.0,0.0,0.0,0.0,0.0,0.015617968514561653,0.0,0.008543897420167923,0.0,0.0,0.017431413754820824,0.0,0.0,0.0,0.0,0.0,0.011158911511301994,0.0,0.006921166554093361,0.0,0.013884417712688446,0.0,0.0,0.0,0.0,0.0,0.017269155010581017,0.0,0.00583390099927783,0.0,0.0,,,,,,,,,,,,,,,,,,,,,,,,,,,,,,,,,,,,,,,,,,,,,,,,,,,,,,,,,,,,,,,,,,,,,,,,,,,,,,,,,,,,,,,,,,,,,,,,,,,,,,,,,,,,,,,,,,,,,,,,,,,,,,
2020-12-30,722024.296778222,136.71423373867378,,,,,,,,,,,76494.84123570709,,1039061.7711000025,,,,,,,,,,,,,,,,,,,,,,,,,,,,,,,,,,,,,,,,,,,4368.8526073531975,,,,,,,,,,,,,,,,,,,,,,8704.086908857678,9277.728303953187,3322.883401489793,7421.891063893989,9720.49293047043,70362.66628210529,22954.48855569159,4662.957218398774,28074.21121468053,,,,,,,,,,,,,,,,,,,,,,,,,,,,,,,,,,,,0.007672586012631655,0.0,0.0,0.01092440728098154,0.0,0.0,0.0,0.0,0.0,0.0,0.0,0.0,0.0,0.0,0.0,0.0,,0.0,,0.0,,0.0,0.0,0.0,0.010507198981940746,0.0,,0.0,0.0,0.010712611488997936,0.0,0.012846814468502998,0.0,,0.0,,,,0.0,0.0,0.0,,0.0,0.0,0.0012285824632272124,0.009027548134326935,0.0,,,0.0,,0.0,0.0,0.0,0.0,0.0,0.0,0.0,0.0,0.006439491640776396,0.015234255231916904,0.0,0.0,0.0,,0.011381476186215878,0.0,0.0,0.0,0.015055594965815544,,0.0005889178719371557,0.0,,0.0,0.0,0.0,0.0,,0.0,0.0,0.0,,0.0,,0.0,0.0,,0.0,,0.0,0.0,0.0030229962430894375,0.01743323914706707,0.0,0.012673601508140564,0.0,0.016194811090826988,0.0,,,0.009300514124333858,0.0,,,,,0.0,0.0,0.0,0.0,0.0,0.0,0.0,0.0,0.0,,0.012146583758294582,0.0019998527131974697,0.0,,0.019029388204216957,0.0,0.0015352413756772876,0.0,0.0,0.0,,0.002669151872396469,,0.014855947345495224,0.0,0.0,0.01175154373049736,,0.0,0.0,,0.0,0.0,0.0,0.0,0.0,0.0001421356719220057,0.0011042432161048055,0.0,0.0,0.0046468619257211685,0.003770541399717331,0.0,0.0012880248250439763,,0.02132318913936615,0.0,0.004850889090448618,0.0,,0.0,0.007785265799611807,0.0,0.0,0.0,0.0,0.0061191171407699585,0.0,0.0,0.0,,0.015078713186085224,0.0,0.0,,,,0.006918592378497124,0.002163069089874625,,0.0,0.0,0.0,0.0,,0.0,,0.0,0.0,0.013318006880581379,0.0,0.0,0.0,,,,0.0,0.01897398941218853,0.0,0.0,0.0,,0.0,0.008289680816233158,0.007186546456068754,0.0,,0.0,0.015495573170483112,0.0,0.0,0.0,,0.002988440217450261,0.0071138362400233746,0.006663523148745298,0.0,,0.0029522741679102182,0.007444577291607857,0.00870683416724205,0.0,0.015951599925756454,0.0,,0.0,0.0,0.0,0.0,0.0,0.0,,0.0,,0.005740217864513397,0.007723913062363863,0.0016765532782301307,0.0,0.0,0.0,0.0,,0.0,0.011521018110215664,0.0028374833054840565,,,0.0,0.0,0.0,0.0,0.0,0.0,0.0,0.0,0.0,,0.0,0.0,0.0014217449352145195,,0.0,0.0,0.0,0.015036061406135559,0.0,0.0,0.0,,,0.0,0.002523822244256735,0.0,0.0,0.0,,0.012212172150611877,,0.010441260412335396,0.0,,0.0,0.0001980172237381339,0.0,0.0,,,0.0,0.009777898900210857,,0.011562291532754898,0.0,,,0.0,0.021612513810396194,0.0,0.0,0.0,0.0,0.0,,,0.0,0.0,0.0,0.0,0.0,,,0.0,0.0,0.0,,0.0,0.0,,0.0,0.0,0.010721533559262753,,0.0,0.0,0.0,0.0,,0.0,0.0,,0.0,0.0,0.0,0.000222572882194072,0.004138255026191473,0.0,0.0,0.0,0.0,0.0,0.0,0.0,0.0,,0.01636638306081295,,0.0,0.013081780634820461,0.00596213573589921,0.0,0.0,0.0,0.00783260352909565,0.013072560541331768,0.0,0.01504174992442131,0.0,,0.0,,0.0,0.007702955510467291,0.0,,0.0,0.0,0.0,0.0064319828525185585,0.0,0.0,0.0,0.0,0.006455377209931612,0.002276746090501547,0.0,,,0.0,0.0,0.0,,,,0.0,0.0,,0.0,,0.0,,0.0,,,0.0,,,,,0.0,,0.0,0.009475049562752247,0.0,,0.0,0.0,0.0006172159337438643,,0.011276694014668465,0.0,,0.0,0.008886725641787052,0.0,,,0.0,,0.01935204491019249,0.0,0.0,,0.0,0.0019069688860327005,,,,0.0,0.0,0.0,0.0,0.0,7.387471123365685e-05,,,,0.007764055393636227,0.0,,0.0,,0.0,0.0,0.0,0.0,,,0.0,0.0,,,0.0,,0.0,,0.0,0.0,0.0,0.0,0.0,0.0,0.0,,0.0,0.010640541091561317,0.0,0.0,0.0,,,0.0,0.0,0.0,0.0,0.004161264281719923,0.0073729087598621845,,,,0.007771022617816925,0.0,0.0,0.0,,,0.008342444896697998,0.0,0.0,,0.0,,,,,0.0,0.013751369901001453,0.0,,0.0,,,0.0,,0.006028351373970509,0.0,0.0,0.0,,0.006963010877370834,0.0,,0.0,0.0,0.0,0.0,0.0,,0.0025301980786025524,0.0,0.0,,0.0,0.0,0.0,0.0,0.0,0.0,0.0,,0.0009805925656110048,0.0,0.0,0.007419695612043142,0.0,0.0,0.0,,0.0,0.0,0.0,0.010489208623766899,0.0,0.0,0.0,0.0,0.0,0.0,0.00028485566144809127,0.0,0.0,0.0,,0.0,0.0,0.0,0.0,0.0,0.0,0.0,0.0,0.0,0.004446286242455244,0.0,0.0,0.0,,0.0,0.006903916597366333,,0.0032303640618920326,0.0,0.0,0.0,0.0,0.0,0.007855664007365704,0.0,0.0,0.0,0.011428353376686573,0.0,0.014265907928347588,0.0,0.0,0.0,0.0,0.0,0.0,0.0,0.0,0.0,0.0,0.0,0.0,0.0071387211792171,0.0,0.0,0.0,0.010663309134542942,0.009583434090018272,0.0,0.00991410668939352,0.0,0.0,0.0,0.019269602373242378,0.0,0.0,0.0,0.0,0.0,0.0,0.0,0.0,0.004451911896467209,0.0,0.0,0.0,0.0,0.0,0.015617968514561653,0.0,0.008543897420167923,0.0,0.0,0.017431413754820824,0.0,0.0,0.0,0.0,0.0,0.011158911511301994,0.0,0.006921166554093361,0.0,0.013884417712688446,0.0,0.0,0.0,0.0,0.0,0.017269155010581017,0.0,0.00583390099927783,0.0,0.0,,,,,,,,,,,,,,,,,,,,,,,,,,,,,,,,,,,,,,,,,,,,,,,,,,,,,,,,,,,,,,,,,,,,,,,,,,,,,,,,,,,,,,,,,,,,,,,,,,,,,,,,,,,,,,,,,,,,,,,,,,,,,,
2020-12-31,728330.1860331093,136.06256375817085,,,,,,,,,,,76494.84123570709,,1039061.7711000025,,,,,,,,,,,,,,,,,,,,,,,,,,,,,,,,,,,,,,,,,,,4368.8526073531975,,,,,,,,,,,,,,,,,,,,,,8704.086908857678,9277.728303953187,3322.883401489793,7421.891063893989,9720.583042068198,70362.66628210529,22954.48855569159,4662.957218398774,28074.21121468053,,,,,,,,,,,,,,,,,,,,,,,,,,,,,,,,,,,,0.007672586012631655,0.0,0.0,0.01092440728098154,0.0,0.0,0.0,0.0,0.0,0.0,0.0,0.0,0.0,0.0,0.0,0.0,,0.0,,0.0,,0.0,0.0,0.0,0.010507198981940746,0.0,,0.0,0.0,0.010712611488997936,0.0,0.012846814468502998,0.0,,0.0,,,,0.0,0.0,0.0,,0.0,0.0,0.0012285824632272124,0.009027548134326935,0.0,,,0.0,,0.0,0.0,0.0,0.0,0.0,0.0,0.0,0.0,0.006439491640776396,0.015234255231916904,0.0,0.0,0.0,,0.011381476186215878,0.0,0.0,0.0,0.015055594965815544,,0.0005889178719371557,0.0,,0.0,0.0,0.0,0.0,,0.0,0.0,0.0,,0.0,,0.0,0.0,,0.0,,0.0,0.0,0.0030229962430894375,0.01743323914706707,0.0,0.012673601508140564,0.0,0.016194811090826988,0.0,,,0.009300514124333858,0.0,,,,,0.0,0.0,0.0,0.0,0.0,0.0,0.0,0.0,0.0,,0.012146583758294582,0.0019998527131974697,0.0,,0.019029388204216957,0.0,0.0015352413756772876,0.0,0.0,0.0,,0.002669151872396469,,0.014855947345495224,0.0,0.0,0.01175154373049736,,0.0,0.0,,0.0,0.0,0.0,0.0,0.0,0.0001421356719220057,0.0011042432161048055,0.0,0.0,0.0046468619257211685,0.003770541399717331,0.0,0.0012880248250439763,,0.02132318913936615,0.0,0.004850889090448618,0.0,,0.0,0.007785265799611807,0.0,0.0,0.0,0.0,0.0061191171407699585,0.0,0.0,0.0,,0.015078713186085224,0.0,0.0,,,,0.006918592378497124,0.002163069089874625,,0.0,0.0,0.0,0.0,,0.0,,0.0,0.0,0.013318006880581379,0.0,0.0,0.0,,,,0.0,0.01897398941218853,0.0,0.0,0.0,,0.0,0.008289680816233158,0.007186546456068754,0.0,,0.0,0.015495573170483112,0.0,0.0,0.0,,0.002988440217450261,0.0071138362400233746,0.006663523148745298,0.0,,0.0029522741679102182,0.007444577291607857,0.00870683416724205,0.0,0.015951599925756454,0.0,,0.0,0.0,0.0,0.0,0.0,0.0,,0.0,,0.005740217864513397,0.007723913062363863,0.0016765532782301307,0.0,0.0,0.0,0.0,,0.0,0.011521018110215664,0.0028374833054840565,,,0.0,0.0,0.0,0.0,0.0,0.0,0.0,0.0,0.0,,0.0,0.0,0.0014217449352145195,,0.0,0.0,0.0,0.015036061406135559,0.0,0.0,0.0,,,0.0,0.002523822244256735,0.0,0.0,0.0,,0.012212172150611877,,0.010441260412335396,0.0,,0.0,0.0001980172237381339,0.0,0.0,,,0.0,0.009777898900210857,,0.011562291532754898,0.0,,,0.0,0.021612513810396194,0.0,0.0,0.0,0.0,0.0,,,0.0,0.0,0.0,0.0,0.0,,,0.0,0.0,0.0,,0.0,0.0,,0.0,0.0,0.010721533559262753,,0.0,0.0,0.0,0.0,,0.0,0.0,,0.0,0.0,0.0,0.000222572882194072,0.004138255026191473,0.0,0.0,0.0,0.0,0.0,0.0,0.0,0.0,,0.01636638306081295,,0.0,0.013081780634820461,0.00596213573589921,0.0,0.0,0.0,0.00783260352909565,0.013072560541331768,0.0,0.01504174992442131,0.0,,0.0,,0.0,0.007702955510467291,0.0,,0.0,0.0,0.0,0.0064319828525185585,0.0,0.0,0.0,0.0,0.006455377209931612,0.002276746090501547,0.0,,,0.0,0.0,0.0,,,,0.0,0.0,,0.0,,0.0,,0.0,,,0.0,,,,,0.0,,0.0,0.009475049562752247,0.0,,0.0,0.0,0.0006172159337438643,,0.011276694014668465,0.0,,0.0,0.008886725641787052,0.0,,,0.0,,0.01935204491019249,0.0,0.0,,0.0,0.0019069688860327005,,,,0.0,0.0,0.0,0.0,0.0,7.387471123365685e-05,,,,0.007764055393636227,0.0,,0.0,,0.0,0.0,0.0,0.0,,,0.0,0.0,,,0.0,,0.0,,0.0,0.0,0.0,0.0,0.0,0.0,0.0,,0.0,0.010640541091561317,0.0,0.0,0.0,,,0.0,0.0,0.0,0.0,0.004161264281719923,0.0073729087598621845,,,,0.007771022617816925,0.0,0.0,0.0,,,0.008342444896697998,0.0,0.0,,0.0,,,,,0.0,0.013751369901001453,0.0,,0.0,,,0.0,,0.006028351373970509,0.0,0.0,0.0,,0.006963010877370834,0.0,,0.0,0.0,0.0,0.0,0.0,,0.0025301980786025524,0.0,0.0,,0.0,0.0,0.0,0.0,0.0,0.0,0.0,,0.0009805925656110048,0.0,0.0,0.007419695612043142,0.0,0.0,0.0,,0.0,0.0,0.0,0.010489208623766899,0.0,0.0,0.0,0.0,0.0,0.0,0.00028485566144809127,0.0,0.0,0.0,,0.0,0.0,0.0,0.0,0.0,0.0,0.0,0.0,0.0,0.004446286242455244,0.0,0.0,0.0,,0.0,0.006903916597366333,,0.0032303640618920326,0.0,0.0,0.0,0.0,0.0,0.007855664007365704,0.0,0.0,0.0,0.011428353376686573,0.0,0.014265907928347588,0.0,0.0,0.0,0.0,0.0,0.0,0.0,0.0,0.0,0.0,0.0,0.0,0.0071387211792171,0.0,0.0,0.0,0.010663309134542942,0.009583434090018272,0.0,0.00991410668939352,0.0,0.0,0.0,0.019269602373242378,0.0,0.0,0.0,0.0,0.0,0.0,0.0,0.0,0.004451911896467209,0.0,0.0,0.0,0.0,0.0,0.015617968514561653,0.0,0.008543897420167923,0.0,0.0,0.017431413754820824,0.0,0.0,0.0,0.0,0.0,0.011158911511301994,0.0,0.006921166554093361,0.0,0.013884417712688446,0.0,0.0,0.0,0.0,0.0,0.017269155010581017,0.0,0.00583390099927783,0.0,0.0,,,,,,,,,,,,,,,,,,,,,,,,,,,,,,,,,,,,,,,,,,,,,,,,,,,,,,,,,,,,,,,,,,,,,,,,,,,,,,,,,,,,,,,,,,,,,,,,,,,,,,,,,,,,,,,,,,,,,,,,,,,,,,
2021-01-04,742521.8302098445,137.12298752183005,,,,,,,,,,,76494.84123570709,,1039061.7711000025,,,,,,,,,,,,,,,,,,,,,,,,,,,,,,,,,,,,,,,,,,,4368.8526073531975,,,,,,,,,,,,,,,,,,,,,,8704.086908857678,9277.728303953187,3322.883401489793,7421.891063893989,9720.43520360608,70362.66628210529,22954.48855569159,4662.957218398774,28074.21121468053,,,,,,,,,,,,,,,,,,,,,,,,,,,,,,,,,,,,0.007672586012631655,0.0,0.0,0.01092440728098154,0.0,0.0,0.0,0.0,0.0,0.0,0.0,0.0,0.0,0.0,0.0,0.0,,0.0,,0.0,,0.0,0.0,0.0,0.010507198981940746,0.0,,0.0,0.0,0.010712611488997936,0.0,0.012846814468502998,0.0,,0.0,,,,0.0,0.0,0.0,,0.0,0.0,0.0012285824632272124,0.009027548134326935,0.0,,,0.0,,0.0,0.0,0.0,0.0,0.0,0.0,0.0,0.0,0.006439491640776396,0.015234255231916904,0.0,0.0,0.0,,0.011381476186215878,0.0,0.0,0.0,0.015055594965815544,,0.0005889178719371557,0.0,,0.0,0.0,0.0,0.0,,0.0,0.0,0.0,,0.0,,0.0,0.0,,0.0,,0.0,0.0,0.0030229962430894375,0.01743323914706707,0.0,0.012673601508140564,0.0,0.016194811090826988,0.0,,,0.009300514124333858,0.0,,,,,0.0,0.0,0.0,0.0,0.0,0.0,0.0,0.0,0.0,,0.012146583758294582,0.0019998527131974697,0.0,,0.019029388204216957,0.0,0.0015352413756772876,0.0,0.0,0.0,,0.002669151872396469,,0.014855947345495224,0.0,0.0,0.01175154373049736,,0.0,0.0,,0.0,0.0,0.0,0.0,0.0,0.0001421356719220057,0.0011042432161048055,0.0,0.0,0.0046468619257211685,0.003770541399717331,0.0,0.0012880248250439763,,0.02132318913936615,0.0,0.004850889090448618,0.0,,0.0,0.007785265799611807,0.0,0.0,0.0,0.0,0.0061191171407699585,0.0,0.0,0.0,,0.015078713186085224,0.0,0.0,,,,0.006918592378497124,0.002163069089874625,,0.0,0.0,0.0,0.0,,0.0,,0.0,0.0,0.013318006880581379,0.0,0.0,0.0,,,,0.0,0.01897398941218853,0.0,0.0,0.0,,0.0,0.008289680816233158,0.007186546456068754,0.0,,0.0,0.015495573170483112,0.0,0.0,0.0,,0.002988440217450261,0.0071138362400233746,0.006663523148745298,0.0,,0.0029522741679102182,0.007444577291607857,0.00870683416724205,0.0,0.015951599925756454,0.0,,0.0,0.0,0.0,0.0,0.0,0.0,,0.0,,0.005740217864513397,0.007723913062363863,0.0016765532782301307,0.0,0.0,0.0,0.0,,0.0,0.011521018110215664,0.0028374833054840565,,,0.0,0.0,0.0,0.0,0.0,0.0,0.0,0.0,0.0,,0.0,0.0,0.0014217449352145195,,0.0,0.0,0.0,0.015036061406135559,0.0,0.0,0.0,,,0.0,0.002523822244256735,0.0,0.0,0.0,,0.012212172150611877,,0.010441260412335396,0.0,,0.0,0.0001980172237381339,0.0,0.0,,,0.0,0.009777898900210857,,0.011562291532754898,0.0,,,0.0,0.021612513810396194,0.0,0.0,0.0,0.0,0.0,,,0.0,0.0,0.0,0.0,0.0,,,0.0,0.0,0.0,,0.0,0.0,,0.0,0.0,0.010721533559262753,,0.0,0.0,0.0,0.0,,0.0,0.0,,0.0,0.0,0.0,0.000222572882194072,0.004138255026191473,0.0,0.0,0.0,0.0,0.0,0.0,0.0,0.0,,0.01636638306081295,,0.0,0.013081780634820461,0.00596213573589921,0.0,0.0,0.0,0.00783260352909565,0.013072560541331768,0.0,0.01504174992442131,0.0,,0.0,,0.0,0.007702955510467291,0.0,,0.0,0.0,0.0,0.0064319828525185585,0.0,0.0,0.0,0.0,0.006455377209931612,0.002276746090501547,0.0,,,0.0,0.0,0.0,,,,0.0,0.0,,0.0,,0.0,,0.0,,,0.0,,,,,0.0,,0.0,0.009475049562752247,0.0,,0.0,0.0,0.0006172159337438643,,0.011276694014668465,0.0,,0.0,0.008886725641787052,0.0,,,0.0,,0.01935204491019249,0.0,0.0,,0.0,0.0019069688860327005,,,,0.0,0.0,0.0,0.0,0.0,7.387471123365685e-05,,,,0.007764055393636227,0.0,,0.0,,0.0,0.0,0.0,0.0,,,0.0,0.0,,,0.0,,0.0,,0.0,0.0,0.0,0.0,0.0,0.0,0.0,,0.0,0.010640541091561317,0.0,0.0,0.0,,,0.0,0.0,0.0,0.0,0.004161264281719923,0.0073729087598621845,,,,0.007771022617816925,0.0,0.0,0.0,,,0.008342444896697998,0.0,0.0,,0.0,,,,,0.0,0.013751369901001453,0.0,,0.0,,,0.0,,0.006028351373970509,0.0,0.0,0.0,,0.006963010877370834,0.0,,0.0,0.0,0.0,0.0,0.0,,0.0025301980786025524,0.0,0.0,,0.0,0.0,0.0,0.0,0.0,0.0,0.0,,0.0009805925656110048,0.0,0.0,0.007419695612043142,0.0,0.0,0.0,,0.0,0.0,0.0,0.010489208623766899,0.0,0.0,0.0,0.0,0.0,0.0,0.00028485566144809127,0.0,0.0,0.0,,0.0,0.0,0.0,0.0,0.0,0.0,0.0,0.0,0.0,0.004446286242455244,0.0,0.0,0.0,,0.0,0.006903916597366333,,0.0032303640618920326,0.0,0.0,0.0,0.0,0.0,0.007855664007365704,0.0,0.0,0.0,0.011428353376686573,0.0,0.014265907928347588,0.0,0.0,0.0,0.0,0.0,0.0,0.0,0.0,0.0,0.0,0.0,0.0,0.0071387211792171,0.0,0.0,0.0,0.010663309134542942,0.009583434090018272,0.0,0.00991410668939352,0.0,0.0,0.0,0.019269602373242378,0.0,0.0,0.0,0.0,0.0,0.0,0.0,0.0,0.004451911896467209,0.0,0.0,0.0,0.0,0.0,0.015617968514561653,0.0,0.008543897420167923,0.0,0.0,0.017431413754820824,0.0,0.0,0.0,0.0,0.0,0.011158911511301994,0.0,0.006921166554093361,0.0,0.013884417712688446,0.0,0.0,0.0,0.0,0.0,0.017269155010581017,0.0,0.00583390099927783,0.0,0.0,,,,,,,,,,,,,,,,,,,,,,,,,,,,,,,,,,,,,,,,,,,,,,,,,,,,,,,,,,,,,,,,,,,,,,,,,,,,,,,,,,,,,,,,,,,,,,,,,,,,,,,,,,,,,,,,,,,,,,,,,,,,,,
2021-01-05,746838.0352627188,135.3050386632895,,,,,,,,,,,76494.84123570709,,1039061.7711000025,,,,,,,,,,,,,,,,,,,,,,,,,,,,,,,,,,,,,,,,,,,4368.8526073531975,,,,,,,,,,,,,,,,,,,,,,8704.086908857678,9277.728303953187,3322.883401489793,7421.891063893989,9720.675267386467,70362.66628210529,22954.48855569159,4662.957218398774,28074.21121468053,,,,,,,,,,,,,,,,,,,,,,,,,,,,,,,,,,,,0.007672586012631655,0.0,0.0,0.01092440728098154,0.0,0.0,0.0,0.0,0.0,0.0,0.0,0.0,0.0,0.0,0.0,0.0,,0.0,,0.0,,0.0,0.0,0.0,0.010507198981940746,0.0,,0.0,0.0,0.010712611488997936,0.0,0.012846814468502998,0.0,,0.0,,,,0.0,0.0,0.0,,0.0,0.0,0.0012285824632272124,0.009027548134326935,0.0,,,0.0,,0.0,0.0,0.0,0.0,0.0,0.0,0.0,0.0,0.006439491640776396,0.015234255231916904,0.0,0.0,0.0,,0.011381476186215878,0.0,0.0,0.0,0.015055594965815544,,0.0005889178719371557,0.0,,0.0,0.0,0.0,0.0,,0.0,0.0,0.0,,0.0,,0.0,0.0,,0.0,,0.0,0.0,0.0030229962430894375,0.01743323914706707,0.0,0.012673601508140564,0.0,0.016194811090826988,0.0,,,0.009300514124333858,0.0,,,,,0.0,0.0,0.0,0.0,0.0,0.0,0.0,0.0,0.0,,0.012146583758294582,0.0019998527131974697,0.0,,0.019029388204216957,0.0,0.0015352413756772876,0.0,0.0,0.0,,0.002669151872396469,,0.014855947345495224,0.0,0.0,0.01175154373049736,,0.0,0.0,,0.0,0.0,0.0,0.0,0.0,0.0001421356719220057,0.0011042432161048055,0.0,0.0,0.0046468619257211685,0.003770541399717331,0.0,0.0012880248250439763,,0.02132318913936615,0.0,0.004850889090448618,0.0,,0.0,0.007785265799611807,0.0,0.0,0.0,0.0,0.0061191171407699585,0.0,0.0,0.0,,0.015078713186085224,0.0,0.0,,,,0.006918592378497124,0.002163069089874625,,0.0,0.0,0.0,0.0,,0.0,,0.0,0.0,0.013318006880581379,0.0,0.0,0.0,,,,0.0,0.01897398941218853,0.0,0.0,0.0,,0.0,0.008289680816233158,0.007186546456068754,0.0,,0.0,0.015495573170483112,0.0,0.0,0.0,,0.002988440217450261,0.0071138362400233746,0.006663523148745298,0.0,,0.0029522741679102182,0.007444577291607857,0.00870683416724205,0.0,0.015951599925756454,0.0,,0.0,0.0,0.0,0.0,0.0,0.0,,0.0,,0.005740217864513397,0.007723913062363863,0.0016765532782301307,0.0,0.0,0.0,0.0,,0.0,0.011521018110215664,0.0028374833054840565,,,0.0,0.0,0.0,0.0,0.0,0.0,0.0,0.0,0.0,,0.0,0.0,0.0014217449352145195,,0.0,0.0,0.0,0.015036061406135559,0.0,0.0,0.0,,,0.0,0.002523822244256735,0.0,0.0,0.0,,0.012212172150611877,,0.010441260412335396,0.0,,0.0,0.0001980172237381339,0.0,0.0,,,0.0,0.009777898900210857,,0.011562291532754898,0.0,,,0.0,0.021612513810396194,0.0,0.0,0.0,0.0,0.0,,,0.0,0.0,0.0,0.0,0.0,,,0.0,0.0,0.0,,0.0,0.0,,0.0,0.0,0.010721533559262753,,0.0,0.0,0.0,0.0,,0.0,0.0,,0.0,0.0,0.0,0.000222572882194072,0.004138255026191473,0.0,0.0,0.0,0.0,0.0,0.0,0.0,0.0,,0.01636638306081295,,0.0,0.013081780634820461,0.00596213573589921,0.0,0.0,0.0,0.00783260352909565,0.013072560541331768,0.0,0.01504174992442131,0.0,,0.0,,0.0,0.007702955510467291,0.0,,0.0,0.0,0.0,0.0064319828525185585,0.0,0.0,0.0,0.0,0.006455377209931612,0.002276746090501547,0.0,,,0.0,0.0,0.0,,,,0.0,0.0,,0.0,,0.0,,0.0,,,0.0,,,,,0.0,,0.0,0.009475049562752247,0.0,,0.0,0.0,0.0006172159337438643,,0.011276694014668465,0.0,,0.0,0.008886725641787052,0.0,,,0.0,,0.01935204491019249,0.0,0.0,,0.0,0.0019069688860327005,,,,0.0,0.0,0.0,0.0,0.0,7.387471123365685e-05,,,,0.007764055393636227,0.0,,0.0,,0.0,0.0,0.0,0.0,,,0.0,0.0,,,0.0,,0.0,,0.0,0.0,0.0,0.0,0.0,0.0,0.0,,0.0,0.010640541091561317,0.0,0.0,0.0,,,0.0,0.0,0.0,0.0,0.004161264281719923,0.0073729087598621845,,,,0.007771022617816925,0.0,0.0,0.0,,,0.008342444896697998,0.0,0.0,,0.0,,,,,0.0,0.013751369901001453,0.0,,0.0,,,0.0,,0.006028351373970509,0.0,0.0,0.0,,0.006963010877370834,0.0,,0.0,0.0,0.0,0.0,0.0,,0.0025301980786025524,0.0,0.0,,0.0,0.0,0.0,0.0,0.0,0.0,0.0,,0.0009805925656110048,0.0,0.0,0.007419695612043142,0.0,0.0,0.0,,0.0,0.0,0.0,0.010489208623766899,0.0,0.0,0.0,0.0,0.0,0.0,0.00028485566144809127,0.0,0.0,0.0,,0.0,0.0,0.0,0.0,0.0,0.0,0.0,0.0,0.0,0.004446286242455244,0.0,0.0,0.0,,0.0,0.006903916597366333,,0.0032303640618920326,0.0,0.0,0.0,0.0,0.0,0.007855664007365704,0.0,0.0,0.0,0.011428353376686573,0.0,0.014265907928347588,0.0,0.0,0.0,0.0,0.0,0.0,0.0,0.0,0.0,0.0,0.0,0.0,0.0071387211792171,0.0,0.0,0.0,0.010663309134542942,0.009583434090018272,0.0,0.00991410668939352,0.0,0.0,0.0,0.019269602373242378,0.0,0.0,0.0,0.0,0.0,0.0,0.0,0.0,0.004451911896467209,0.0,0.0,0.0,0.0,0.0,0.015617968514561653,0.0,0.008543897420167923,0.0,0.0,0.017431413754820824,0.0,0.0,0.0,0.0,0.0,0.011158911511301994,0.0,0.006921166554093361,0.0,0.013884417712688446,0.0,0.0,0.0,0.0,0.0,0.017269155010581017,0.0,0.00583390099927783,0.0,0.0,,,,,,,,,,,,,,,,,,,,,,,,,,,,,,,,,,,,,,,,,,,,,,,,,,,,,,,,,,,,,,,,,,,,,,,,,,,,,,,,,,,,,,,,,,,,,,,,,,,,,,,,,,,,,,,,,,,,,,,,,,,,,,
2021-01-06,744928.620867203,137.50158655510162,,,,,,,,,,,76494.84123570709,,1039061.7711000025,,,,,,,,,,,,,,,,,,,,,,,,,,,,,,,,,,,,,,,,,,,4368.8526073531975,,,,,,,,,,,,,,,,,,,,,,8704.086908857678,9277.728303953187,3322.883401489793,7421.891063893989,9720.385221143231,70362.66628210529,22954.48855569159,4662.957218398774,28074.21121468053,,,,,,,,,,,,,,,,,,,,,,,,,,,,,,,,,,,,0.007672586012631655,0.0,0.0,0.01092440728098154,0.0,0.0,0.0,0.0,0.0,0.0,0.0,0.0,0.0,0.0,0.0,0.0,,0.0,,0.0,,0.0,0.0,0.0,0.010507198981940746,0.0,,0.0,0.0,0.010712611488997936,0.0,0.012846814468502998,0.0,,0.0,,,,0.0,0.0,0.0,,0.0,0.0,0.0012285824632272124,0.009027548134326935,0.0,,,0.0,,0.0,0.0,0.0,0.0,0.0,0.0,0.0,0.0,0.006439491640776396,0.015234255231916904,0.0,0.0,0.0,,0.011381476186215878,0.0,0.0,0.0,0.015055594965815544,,0.0005889178719371557,0.0,,0.0,0.0,0.0,0.0,,0.0,0.0,0.0,,0.0,,0.0,0.0,,0.0,,0.0,0.0,0.0030229962430894375,0.01743323914706707,0.0,0.012673601508140564,0.0,0.016194811090826988,0.0,,,0.009300514124333858,0.0,,,,,0.0,0.0,0.0,0.0,0.0,0.0,0.0,0.0,0.0,,0.012146583758294582,0.0019998527131974697,0.0,,0.019029388204216957,0.0,0.0015352413756772876,0.0,0.0,0.0,,0.002669151872396469,,0.014855947345495224,0.0,0.0,0.01175154373049736,,0.0,0.0,,0.0,0.0,0.0,0.0,0.0,0.0001421356719220057,0.0011042432161048055,0.0,0.0,0.0046468619257211685,0.003770541399717331,0.0,0.0012880248250439763,,0.02132318913936615,0.0,0.004850889090448618,0.0,,0.0,0.007785265799611807,0.0,0.0,0.0,0.0,0.0061191171407699585,0.0,0.0,0.0,,0.015078713186085224,0.0,0.0,,,,0.006918592378497124,0.002163069089874625,,0.0,0.0,0.0,0.0,,0.0,,0.0,0.0,0.013318006880581379,0.0,0.0,0.0,,,,0.0,0.01897398941218853,0.0,0.0,0.0,,0.0,0.008289680816233158,0.007186546456068754,0.0,,0.0,0.015495573170483112,0.0,0.0,0.0,,0.002988440217450261,0.0071138362400233746,0.006663523148745298,0.0,,0.0029522741679102182,0.007444577291607857,0.00870683416724205,0.0,0.015951599925756454,0.0,,0.0,0.0,0.0,0.0,0.0,0.0,,0.0,,0.005740217864513397,0.007723913062363863,0.0016765532782301307,0.0,0.0,0.0,0.0,,0.0,0.011521018110215664,0.0028374833054840565,,,0.0,0.0,0.0,0.0,0.0,0.0,0.0,0.0,0.0,,0.0,0.0,0.0014217449352145195,,0.0,0.0,0.0,0.015036061406135559,0.0,0.0,0.0,,,0.0,0.002523822244256735,0.0,0.0,0.0,,0.012212172150611877,,0.010441260412335396,0.0,,0.0,0.0001980172237381339,0.0,0.0,,,0.0,0.009777898900210857,,0.011562291532754898,0.0,,,0.0,0.021612513810396194,0.0,0.0,0.0,0.0,0.0,,,0.0,0.0,0.0,0.0,0.0,,,0.0,0.0,0.0,,0.0,0.0,,0.0,0.0,0.010721533559262753,,0.0,0.0,0.0,0.0,,0.0,0.0,,0.0,0.0,0.0,0.000222572882194072,0.004138255026191473,0.0,0.0,0.0,0.0,0.0,0.0,0.0,0.0,,0.01636638306081295,,0.0,0.013081780634820461,0.00596213573589921,0.0,0.0,0.0,0.00783260352909565,0.013072560541331768,0.0,0.01504174992442131,0.0,,0.0,,0.0,0.007702955510467291,0.0,,0.0,0.0,0.0,0.0064319828525185585,0.0,0.0,0.0,0.0,0.006455377209931612,0.002276746090501547,0.0,,,0.0,0.0,0.0,,,,0.0,0.0,,0.0,,0.0,,0.0,,,0.0,,,,,0.0,,0.0,0.009475049562752247,0.0,,0.0,0.0,0.0006172159337438643,,0.011276694014668465,0.0,,0.0,0.008886725641787052,0.0,,,0.0,,0.01935204491019249,0.0,0.0,,0.0,0.0019069688860327005,,,,0.0,0.0,0.0,0.0,0.0,7.387471123365685e-05,,,,0.007764055393636227,0.0,,0.0,,0.0,0.0,0.0,0.0,,,0.0,0.0,,,0.0,,0.0,,0.0,0.0,0.0,0.0,0.0,0.0,0.0,,0.0,0.010640541091561317,0.0,0.0,0.0,,,0.0,0.0,0.0,0.0,0.004161264281719923,0.0073729087598621845,,,,0.007771022617816925,0.0,0.0,0.0,,,0.008342444896697998,0.0,0.0,,0.0,,,,,0.0,0.013751369901001453,0.0,,0.0,,,0.0,,0.006028351373970509,0.0,0.0,0.0,,0.006963010877370834,0.0,,0.0,0.0,0.0,0.0,0.0,,0.0025301980786025524,0.0,0.0,,0.0,0.0,0.0,0.0,0.0,0.0,0.0,,0.0009805925656110048,0.0,0.0,0.007419695612043142,0.0,0.0,0.0,,0.0,0.0,0.0,0.010489208623766899,0.0,0.0,0.0,0.0,0.0,0.0,0.00028485566144809127,0.0,0.0,0.0,,0.0,0.0,0.0,0.0,0.0,0.0,0.0,0.0,0.0,0.004446286242455244,0.0,0.0,0.0,,0.0,0.006903916597366333,,0.0032303640618920326,0.0,0.0,0.0,0.0,0.0,0.007855664007365704,0.0,0.0,0.0,0.011428353376686573,0.0,0.014265907928347588,0.0,0.0,0.0,0.0,0.0,0.0,0.0,0.0,0.0,0.0,0.0,0.0,0.0071387211792171,0.0,0.0,0.0,0.010663309134542942,0.009583434090018272,0.0,0.00991410668939352,0.0,0.0,0.0,0.019269602373242378,0.0,0.0,0.0,0.0,0.0,0.0,0.0,0.0,0.004451911896467209,0.0,0.0,0.0,0.0,0.0,0.015617968514561653,0.0,0.008543897420167923,0.0,0.0,0.017431413754820824,0.0,0.0,0.0,0.0,0.0,0.011158911511301994,0.0,0.006921166554093361,0.0,0.013884417712688446,0.0,0.0,0.0,0.0,0.0,0.017269155010581017,0.0,0.00583390099927783,0.0,0.0,,,,,,,,,,,,,,,,,,,,,,,,,,,,,,,,,,,,,,,,,,,,,,,,,,,,,,,,,,,,,,,,,,,,,,,,,,,,,,,,,,,,,,,,,,,,,,,,,,,,,,,,,,,,,,,,,,,,,,,,,,,,,,
2021-01-07,738812.7455349161,136.39095598222278,,,,,,,,,,,76494.84123570709,,1039061.7711000025,,,,,,,,,,,,,,,,,,,,,,,,,,,,,,,,,,,,,,,,,,,4368.8526073531975,,,,,,,,,,,,,,,,,,,,,,8704.086908857678,9277.728303953187,3322.883401489793,7421.891063893989,9720.526018128632,70362.66628210529,22954.48855569159,4662.957218398774,28074.21121468053,,,,,,,,,,,,,,,,,,,,,,,,,,,,,,,,,,,,0.007672586012631655,0.0,0.0,0.01092440728098154,0.0,0.0,0.0,0.0,0.0,0.0,0.0,0.0,0.0,0.0,0.0,0.0,,0.0,,0.0,,0.0,0.0,0.0,0.010507198981940746,0.0,,0.0,0.0,0.010712611488997936,0.0,0.012846814468502998,0.0,,0.0,,,,0.0,0.0,0.0,,0.0,0.0,0.0012285824632272124,0.009027548134326935,0.0,,,0.0,,0.0,0.0,0.0,0.0,0.0,0.0,0.0,0.0,0.006439491640776396,0.015234255231916904,0.0,0.0,0.0,,0.011381476186215878,0.0,0.0,0.0,0.015055594965815544,,0.0005889178719371557,0.0,,0.0,0.0,0.0,0.0,,0.0,0.0,0.0,,0.0,,0.0,0.0,,0.0,,0.0,0.0,0.0030229962430894375,0.01743323914706707,0.0,0.012673601508140564,0.0,0.016194811090826988,0.0,,,0.009300514124333858,0.0,,,,,0.0,0.0,0.0,0.0,0.0,0.0,0.0,0.0,0.0,,0.012146583758294582,0.0019998527131974697,0.0,,0.019029388204216957,0.0,0.0015352413756772876,0.0,0.0,0.0,,0.002669151872396469,,0.014855947345495224,0.0,0.0,0.01175154373049736,,0.0,0.0,,0.0,0.0,0.0,0.0,0.0,0.0001421356719220057,0.0011042432161048055,0.0,0.0,0.0046468619257211685,0.003770541399717331,0.0,0.0012880248250439763,,0.02132318913936615,0.0,0.004850889090448618,0.0,,0.0,0.007785265799611807,0.0,0.0,0.0,0.0,0.0061191171407699585,0.0,0.0,0.0,,0.015078713186085224,0.0,0.0,,,,0.006918592378497124,0.002163069089874625,,0.0,0.0,0.0,0.0,,0.0,,0.0,0.0,0.013318006880581379,0.0,0.0,0.0,,,,0.0,0.01897398941218853,0.0,0.0,0.0,,0.0,0.008289680816233158,0.007186546456068754,0.0,,0.0,0.015495573170483112,0.0,0.0,0.0,,0.002988440217450261,0.0071138362400233746,0.006663523148745298,0.0,,0.0029522741679102182,0.007444577291607857,0.00870683416724205,0.0,0.015951599925756454,0.0,,0.0,0.0,0.0,0.0,0.0,0.0,,0.0,,0.005740217864513397,0.007723913062363863,0.0016765532782301307,0.0,0.0,0.0,0.0,,0.0,0.011521018110215664,0.0028374833054840565,,,0.0,0.0,0.0,0.0,0.0,0.0,0.0,0.0,0.0,,0.0,0.0,0.0014217449352145195,,0.0,0.0,0.0,0.015036061406135559,0.0,0.0,0.0,,,0.0,0.002523822244256735,0.0,0.0,0.0,,0.012212172150611877,,0.010441260412335396,0.0,,0.0,0.0001980172237381339,0.0,0.0,,,0.0,0.009777898900210857,,0.011562291532754898,0.0,,,0.0,0.021612513810396194,0.0,0.0,0.0,0.0,0.0,,,0.0,0.0,0.0,0.0,0.0,,,0.0,0.0,0.0,,0.0,0.0,,0.0,0.0,0.010721533559262753,,0.0,0.0,0.0,0.0,,0.0,0.0,,0.0,0.0,0.0,0.000222572882194072,0.004138255026191473,0.0,0.0,0.0,0.0,0.0,0.0,0.0,0.0,,0.01636638306081295,,0.0,0.013081780634820461,0.00596213573589921,0.0,0.0,0.0,0.00783260352909565,0.013072560541331768,0.0,0.01504174992442131,0.0,,0.0,,0.0,0.007702955510467291,0.0,,0.0,0.0,0.0,0.0064319828525185585,0.0,0.0,0.0,0.0,0.006455377209931612,0.002276746090501547,0.0,,,0.0,0.0,0.0,,,,0.0,0.0,,0.0,,0.0,,0.0,,,0.0,,,,,0.0,,0.0,0.009475049562752247,0.0,,0.0,0.0,0.0006172159337438643,,0.011276694014668465,0.0,,0.0,0.008886725641787052,0.0,,,0.0,,0.01935204491019249,0.0,0.0,,0.0,0.0019069688860327005,,,,0.0,0.0,0.0,0.0,0.0,7.387471123365685e-05,,,,0.007764055393636227,0.0,,0.0,,0.0,0.0,0.0,0.0,,,0.0,0.0,,,0.0,,0.0,,0.0,0.0,0.0,0.0,0.0,0.0,0.0,,0.0,0.010640541091561317,0.0,0.0,0.0,,,0.0,0.0,0.0,0.0,0.004161264281719923,0.0073729087598621845,,,,0.007771022617816925,0.0,0.0,0.0,,,0.008342444896697998,0.0,0.0,,0.0,,,,,0.0,0.013751369901001453,0.0,,0.0,,,0.0,,0.006028351373970509,0.0,0.0,0.0,,0.006963010877370834,0.0,,0.0,0.0,0.0,0.0,0.0,,0.0025301980786025524,0.0,0.0,,0.0,0.0,0.0,0.0,0.0,0.0,0.0,,0.0009805925656110048,0.0,0.0,0.007419695612043142,0.0,0.0,0.0,,0.0,0.0,0.0,0.010489208623766899,0.0,0.0,0.0,0.0,0.0,0.0,0.00028485566144809127,0.0,0.0,0.0,,0.0,0.0,0.0,0.0,0.0,0.0,0.0,0.0,0.0,0.004446286242455244,0.0,0.0,0.0,,0.0,0.006903916597366333,,0.0032303640618920326,0.0,0.0,0.0,0.0,0.0,0.007855664007365704,0.0,0.0,0.0,0.011428353376686573,0.0,0.014265907928347588,0.0,0.0,0.0,0.0,0.0,0.0,0.0,0.0,0.0,0.0,0.0,0.0,0.0071387211792171,0.0,0.0,0.0,0.010663309134542942,0.009583434090018272,0.0,0.00991410668939352,0.0,0.0,0.0,0.019269602373242378,0.0,0.0,0.0,0.0,0.0,0.0,0.0,0.0,0.004451911896467209,0.0,0.0,0.0,0.0,0.0,0.015617968514561653,0.0,0.008543897420167923,0.0,0.0,0.017431413754820824,0.0,0.0,0.0,0.0,0.0,0.011158911511301994,0.0,0.006921166554093361,0.0,0.013884417712688446,0.0,0.0,0.0,0.0,0.0,0.017269155010581017,0.0,0.00583390099927783,0.0,0.0,,,,,,,,,,,,,,,,,,,,,,,,,,,,,,,,,,,,,,,,,,,,,,,,,,,,,,,,,,,,,,,,,,,,,,,,,,,,,,,,,,,,,,,,,,,,,,,,,,,,,,,,,,,,,,,,,,,,,,,,,,,,,,
2021-01-08,735708.7238328637,43.53046687507549,,,,,,,,,,,76494.84123570709,,1039061.7711000025,,,,,,,,,,,,,,,,,,,,,,,,,,,,,,,,,,,,,,,,,,,4368.8526073531975,,,,,,,,,,,,,,,,,,,,,,11190.854596227411,9277.728303953187,3322.883401489793,7421.891063893989,8748.295379572133,70362.66628210529,23044.509065315833,4662.957218398774,28074.21121468053,,,,,,,,,,,,,,,,,,,,,,,,,,,,,,,,,,,,0.007672586012631655,0.0,0.0,0.01092440728098154,0.0,0.0,0.0,0.0,0.0,0.0,0.0,0.0,0.0,0.0,0.0,0.0,,0.0,,0.0,,0.0,0.0,0.0,0.010507198981940746,0.0,,0.0,0.0,0.010712611488997936,0.0,0.012846814468502998,0.0,,0.0,,,,0.0,0.0,0.0,,0.0,0.0,0.0012285824632272124,0.009027548134326935,0.0,,,0.0,,0.0,0.0,0.0,0.0,0.0,0.0,0.0,0.0,0.006439491640776396,0.015234255231916904,0.0,0.0,0.0,,0.011381476186215878,0.0,0.0,0.0,0.015055594965815544,,0.0005889178719371557,0.0,,0.0,0.0,0.0,0.0,,0.0,0.0,0.0,,0.0,,0.0,0.0,,0.0,,0.0,0.0,0.0030229962430894375,0.01743323914706707,0.0,0.012673601508140564,0.0,0.016194811090826988,0.0,,,0.009300514124333858,0.0,,,,,0.0,0.0,0.0,0.0,0.0,0.0,0.0,0.0,0.0,,0.012146583758294582,0.0019998527131974697,0.0,,0.019029388204216957,0.0,0.0015352413756772876,0.0,0.0,0.0,,0.002669151872396469,,0.014855947345495224,0.0,0.0,0.01175154373049736,,0.0,0.0,,0.0,0.0,0.0,0.0,0.0,0.0001421356719220057,0.0011042432161048055,0.0,0.0,0.0046468619257211685,0.003770541399717331,0.0,0.0012880248250439763,,0.02132318913936615,0.0,0.004850889090448618,0.0,,0.0,0.007785265799611807,0.0,0.0,0.0,0.0,0.0061191171407699585,0.0,0.0,0.0,,0.015078713186085224,0.0,0.0,,,,0.006918592378497124,0.002163069089874625,,0.0,0.0,0.0,0.0,,0.0,,0.0,0.0,0.013318006880581379,0.0,0.0,0.0,,,,0.0,0.01897398941218853,0.0,0.0,0.0,,0.0,0.008289680816233158,0.007186546456068754,0.0,,0.0,0.015495573170483112,0.0,0.0,0.0,,0.002988440217450261,0.0071138362400233746,0.006663523148745298,0.0,,0.0029522741679102182,0.007444577291607857,0.00870683416724205,0.0,0.015951599925756454,0.0,,0.0,0.0,0.0,0.0,0.0,0.0,,0.0,,0.005740217864513397,0.007723913062363863,0.0016765532782301307,0.0,0.0,0.0,0.0,,0.0,0.011521018110215664,0.0028374833054840565,,,0.0,0.0,0.0,0.0,0.0,0.0,0.0,0.0,0.0,,0.0,0.0,0.0014217449352145195,,0.0,0.0,0.0,0.015036061406135559,0.0,0.0,0.0,,,0.0,0.002523822244256735,0.0,0.0,0.0,,0.012212172150611877,,0.010441260412335396,0.0,,0.0,0.0001980172237381339,0.0,0.0,,,0.0,0.009777898900210857,,0.011562291532754898,0.0,,,0.0,0.021612513810396194,0.0,0.0,0.0,0.0,0.0,,,0.0,0.0,0.0,0.0,0.0,,,0.0,0.0,0.0,,0.0,0.0,,0.0,0.0,0.010721533559262753,,0.0,0.0,0.0,0.0,,0.0,0.0,,0.0,0.0,0.0,0.000222572882194072,0.004138255026191473,0.0,0.0,0.0,0.0,0.0,0.0,0.0,0.0,,0.01636638306081295,,0.0,0.013081780634820461,0.00596213573589921,0.0,0.0,0.0,0.00783260352909565,0.013072560541331768,0.0,0.01504174992442131,0.0,,0.0,,0.0,0.007702955510467291,0.0,,0.0,0.0,0.0,0.0064319828525185585,0.0,0.0,0.0,0.0,0.006455377209931612,0.002276746090501547,0.0,,,0.0,0.0,0.0,,,,0.0,0.0,,0.0,,0.0,,0.0,,,0.0,,,,,0.0,,0.0,0.009475049562752247,0.0,,0.0,0.0,0.0006172159337438643,,0.011276694014668465,0.0,,0.0,0.008886725641787052,0.0,,,0.0,,0.01935204491019249,0.0,0.0,,0.0,0.0019069688860327005,,,,0.0,0.0,0.0,0.0,0.0,7.387471123365685e-05,,,,0.007764055393636227,0.0,,0.0,,0.0,0.0,0.0,0.0,,,0.0,0.0,,,0.0,,0.0,,0.0,0.0,0.0,0.0,0.0,0.0,0.0,,0.0,0.010640541091561317,0.0,0.0,0.0,,,0.0,0.0,0.0,0.0,0.004161264281719923,0.0073729087598621845,,,,0.007771022617816925,0.0,0.0,0.0,,,0.008342444896697998,0.0,0.0,,0.0,,,,,0.0,0.013751369901001453,0.0,,0.0,,,0.0,,0.006028351373970509,0.0,0.0,0.0,,0.006963010877370834,0.0,,0.0,0.0,0.0,0.0,0.0,,0.0025301980786025524,0.0,0.0,,0.0,0.0,0.0,0.0,0.0,0.0,0.0,,0.0009805925656110048,0.0,0.0,0.007419695612043142,0.0,0.0,0.0,,0.0,0.0,0.0,0.010489208623766899,0.0,0.0,0.0,0.0,0.0,0.0,0.00028485566144809127,0.0,0.0,0.0,,0.0,0.0,0.0,0.0,0.0,0.0,0.0,0.0,0.0,0.004446286242455244,0.0,0.0,0.0,,0.0,0.006903916597366333,,0.0032303640618920326,0.0,0.0,0.0,0.0,0.0,0.007855664007365704,0.0,0.0,0.0,0.011428353376686573,0.0,0.014265907928347588,0.0,0.0,0.0,0.0,0.0,0.0,0.0,0.0,0.0,0.0,0.0,0.0,0.0071387211792171,0.0,0.0,0.0,0.010663309134542942,0.009583434090018272,0.0,0.00991410668939352,0.0,0.0,0.0,0.019269602373242378,0.0,0.0,0.0,0.0,0.0,0.0,0.0,0.0,0.004451911896467209,0.0,0.0,0.0,0.0,0.0,0.015617968514561653,0.0,0.008543897420167923,0.0,0.0,0.017431413754820824,0.0,0.0,0.0,0.0,0.0,0.011158911511301994,0.0,0.006921166554093361,0.0,0.013884417712688446,0.0,0.0,0.0,0.0,0.0,0.017269155010581017,0.0,0.00583390099927783,0.0,0.0,,,,,,,,,,,,,,,,,,,,,,,,,,,,,,,,,,,,,,,,,,,,,,,,,,,,,,,,,,,,,,,,,,,,,,,,,,,,,,,,,,,,,,,,,,,,,,,,,,,,,,,,,,,,,,,,,,,,,,,,,,,,,,
2021-01-11,729229.436065379,43.53046687507549,,,,,,,,,,,76494.84123570709,,1039061.7711000025,,,,,,,,,,,,,,,,,,,,,,,,,,,,,,,,,,,,,,,,,,,4368.8526073531975,,,,,,,,,,,,,,,,,,,,,,11190.854596227411,9277.728303953187,3322.883401489793,7421.891063893989,8748.295379572133,70362.66628210529,23044.509065315833,4662.957218398774,28074.21121468053,,,,,,,,,,,,,,,,,,,,,,,,,,,,,,,,,,,,0.007672586012631655,0.0,0.0,0.01092440728098154,0.0,0.0,0.0,0.0,0.0,0.0,0.0,0.0,0.0,0.0,0.0,0.0,,0.0,,0.0,,0.0,0.0,0.0,0.010507198981940746,0.0,,0.0,0.0,0.010712611488997936,0.0,0.012846814468502998,0.0,,0.0,,,,0.0,0.0,0.0,,0.0,0.0,0.0012285824632272124,0.009027548134326935,0.0,,,0.0,,0.0,0.0,0.0,0.0,0.0,0.0,0.0,0.0,0.006439491640776396,0.015234255231916904,0.0,0.0,0.0,,0.011381476186215878,0.0,0.0,0.0,0.015055594965815544,,0.0005889178719371557,0.0,,0.0,0.0,0.0,0.0,,0.0,0.0,0.0,,0.0,,0.0,0.0,,0.0,,0.0,0.0,0.0030229962430894375,0.01743323914706707,0.0,0.012673601508140564,0.0,0.016194811090826988,0.0,,,0.009300514124333858,0.0,,,,,0.0,0.0,0.0,0.0,0.0,0.0,0.0,0.0,0.0,,0.012146583758294582,0.0019998527131974697,0.0,,0.019029388204216957,0.0,0.0015352413756772876,0.0,0.0,0.0,,0.002669151872396469,,0.014855947345495224,0.0,0.0,0.01175154373049736,,0.0,0.0,,0.0,0.0,0.0,0.0,0.0,0.0001421356719220057,0.0011042432161048055,0.0,0.0,0.0046468619257211685,0.003770541399717331,0.0,0.0012880248250439763,,0.02132318913936615,0.0,0.004850889090448618,0.0,,0.0,0.007785265799611807,0.0,0.0,0.0,0.0,0.0061191171407699585,0.0,0.0,0.0,,0.015078713186085224,0.0,0.0,,,,0.006918592378497124,0.002163069089874625,,0.0,0.0,0.0,0.0,,0.0,,0.0,0.0,0.013318006880581379,0.0,0.0,0.0,,,,0.0,0.01897398941218853,0.0,0.0,0.0,,0.0,0.008289680816233158,0.007186546456068754,0.0,,0.0,0.015495573170483112,0.0,0.0,0.0,,0.002988440217450261,0.0071138362400233746,0.006663523148745298,0.0,,0.0029522741679102182,0.007444577291607857,0.00870683416724205,0.0,0.015951599925756454,0.0,,0.0,0.0,0.0,0.0,0.0,0.0,,0.0,,0.005740217864513397,0.007723913062363863,0.0016765532782301307,0.0,0.0,0.0,0.0,,0.0,0.011521018110215664,0.0028374833054840565,,,0.0,0.0,0.0,0.0,0.0,0.0,0.0,0.0,0.0,,0.0,0.0,0.0014217449352145195,,0.0,0.0,0.0,0.015036061406135559,0.0,0.0,0.0,,,0.0,0.002523822244256735,0.0,0.0,0.0,,0.012212172150611877,,0.010441260412335396,0.0,,0.0,0.0001980172237381339,0.0,0.0,,,0.0,0.009777898900210857,,0.011562291532754898,0.0,,,0.0,0.021612513810396194,0.0,0.0,0.0,0.0,0.0,,,0.0,0.0,0.0,0.0,0.0,,,0.0,0.0,0.0,,0.0,0.0,,0.0,0.0,0.010721533559262753,,0.0,0.0,0.0,0.0,,0.0,0.0,,0.0,0.0,0.0,0.000222572882194072,0.004138255026191473,0.0,0.0,0.0,0.0,0.0,0.0,0.0,0.0,,0.01636638306081295,,0.0,0.013081780634820461,0.00596213573589921,0.0,0.0,0.0,0.00783260352909565,0.013072560541331768,0.0,0.01504174992442131,0.0,,0.0,,0.0,0.007702955510467291,0.0,,0.0,0.0,0.0,0.0064319828525185585,0.0,0.0,0.0,0.0,0.006455377209931612,0.002276746090501547,0.0,,,0.0,0.0,0.0,,,,0.0,0.0,,0.0,,0.0,,0.0,,,0.0,,,,,0.0,,0.0,0.009475049562752247,0.0,,0.0,0.0,0.0006172159337438643,,0.011276694014668465,0.0,,0.0,0.008886725641787052,0.0,,,0.0,,0.01935204491019249,0.0,0.0,,0.0,0.0019069688860327005,,,,0.0,0.0,0.0,0.0,0.0,7.387471123365685e-05,,,,0.007764055393636227,0.0,,0.0,,0.0,0.0,0.0,0.0,,,0.0,0.0,,,0.0,,0.0,,0.0,0.0,0.0,0.0,0.0,0.0,0.0,,0.0,0.010640541091561317,0.0,0.0,0.0,,,0.0,0.0,0.0,0.0,0.004161264281719923,0.0073729087598621845,,,,0.007771022617816925,0.0,0.0,0.0,,,0.008342444896697998,0.0,0.0,,0.0,,,,,0.0,0.013751369901001453,0.0,,0.0,,,0.0,,0.006028351373970509,0.0,0.0,0.0,,0.006963010877370834,0.0,,0.0,0.0,0.0,0.0,0.0,,0.0025301980786025524,0.0,0.0,,0.0,0.0,0.0,0.0,0.0,0.0,0.0,,0.0009805925656110048,0.0,0.0,0.007419695612043142,0.0,0.0,0.0,,0.0,0.0,0.0,0.010489208623766899,0.0,0.0,0.0,0.0,0.0,0.0,0.00028485566144809127,0.0,0.0,0.0,,0.0,0.0,0.0,0.0,0.0,0.0,0.0,0.0,0.0,0.004446286242455244,0.0,0.0,0.0,,0.0,0.006903916597366333,,0.0032303640618920326,0.0,0.0,0.0,0.0,0.0,0.007855664007365704,0.0,0.0,0.0,0.011428353376686573,0.0,0.014265907928347588,0.0,0.0,0.0,0.0,0.0,0.0,0.0,0.0,0.0,0.0,0.0,0.0,0.0071387211792171,0.0,0.0,0.0,0.010663309134542942,0.009583434090018272,0.0,0.00991410668939352,0.0,0.0,0.0,0.019269602373242378,0.0,0.0,0.0,0.0,0.0,0.0,0.0,0.0,0.004451911896467209,0.0,0.0,0.0,0.0,0.0,0.015617968514561653,0.0,0.008543897420167923,0.0,0.0,0.017431413754820824,0.0,0.0,0.0,0.0,0.0,0.011158911511301994,0.0,0.006921166554093361,0.0,0.013884417712688446,0.0,0.0,0.0,0.0,0.0,0.017269155010581017,0.0,0.00583390099927783,0.0,0.0,,,,,,,,,,,,,,,,,,,,,,,,,,,,,,,,,,,,,,,,,,,,,,,,,,,,,,,,,,,,,,,,,,,,,,,,,,,,,,,,,,,,,,,,,,,,,,,,,,,,,,,,,,,,,,,,,,,,,,,,,,,,,,
2021-01-12,733324.8041201776,43.53046687507549,,,,,,,,,,,76494.84123570709,,1039061.7711000025,,,,,,,,,,,,,,,,,,,,,,,,,,,,,,,,,,,,,,,,,,,4368.8526073531975,,,,,,,,,,,,,,,,,,,,,,11190.854596227411,9277.728303953187,3322.883401489793,7421.891063893989,8748.295379572133,70362.66628210529,23044.509065315833,4662.957218398774,28074.21121468053,,,,,,,,,,,,,,,,,,,,,,,,,,,,,,,,,,,,0.007672586012631655,0.0,0.0,0.01092440728098154,0.0,0.0,0.0,0.0,0.0,0.0,0.0,0.0,0.0,0.0,0.0,0.0,,0.0,,0.0,,0.0,0.0,0.0,0.010507198981940746,0.0,,0.0,0.0,0.010712611488997936,0.0,0.012846814468502998,0.0,,0.0,,,,0.0,0.0,0.0,,0.0,0.0,0.0012285824632272124,0.009027548134326935,0.0,,,0.0,,0.0,0.0,0.0,0.0,0.0,0.0,0.0,0.0,0.006439491640776396,0.015234255231916904,0.0,0.0,0.0,,0.011381476186215878,0.0,0.0,0.0,0.015055594965815544,,0.0005889178719371557,0.0,,0.0,0.0,0.0,0.0,,0.0,0.0,0.0,,0.0,,0.0,0.0,,0.0,,0.0,0.0,0.0030229962430894375,0.01743323914706707,0.0,0.012673601508140564,0.0,0.016194811090826988,0.0,,,0.009300514124333858,0.0,,,,,0.0,0.0,0.0,0.0,0.0,0.0,0.0,0.0,0.0,,0.012146583758294582,0.0019998527131974697,0.0,,0.019029388204216957,0.0,0.0015352413756772876,0.0,0.0,0.0,,0.002669151872396469,,0.014855947345495224,0.0,0.0,0.01175154373049736,,0.0,0.0,,0.0,0.0,0.0,0.0,0.0,0.0001421356719220057,0.0011042432161048055,0.0,0.0,0.0046468619257211685,0.003770541399717331,0.0,0.0012880248250439763,,0.02132318913936615,0.0,0.004850889090448618,0.0,,0.0,0.007785265799611807,0.0,0.0,0.0,0.0,0.0061191171407699585,0.0,0.0,0.0,,0.015078713186085224,0.0,0.0,,,,0.006918592378497124,0.002163069089874625,,0.0,0.0,0.0,0.0,,0.0,,0.0,0.0,0.013318006880581379,0.0,0.0,0.0,,,,0.0,0.01897398941218853,0.0,0.0,0.0,,0.0,0.008289680816233158,0.007186546456068754,0.0,,0.0,0.015495573170483112,0.0,0.0,0.0,,0.002988440217450261,0.0071138362400233746,0.006663523148745298,0.0,,0.0029522741679102182,0.007444577291607857,0.00870683416724205,0.0,0.015951599925756454,0.0,,0.0,0.0,0.0,0.0,0.0,0.0,,0.0,,0.005740217864513397,0.007723913062363863,0.0016765532782301307,0.0,0.0,0.0,0.0,,0.0,0.011521018110215664,0.0028374833054840565,,,0.0,0.0,0.0,0.0,0.0,0.0,0.0,0.0,0.0,,0.0,0.0,0.0014217449352145195,,0.0,0.0,0.0,0.015036061406135559,0.0,0.0,0.0,,,0.0,0.002523822244256735,0.0,0.0,0.0,,0.012212172150611877,,0.010441260412335396,0.0,,0.0,0.0001980172237381339,0.0,0.0,,,0.0,0.009777898900210857,,0.011562291532754898,0.0,,,0.0,0.021612513810396194,0.0,0.0,0.0,0.0,0.0,,,0.0,0.0,0.0,0.0,0.0,,,0.0,0.0,0.0,,0.0,0.0,,0.0,0.0,0.010721533559262753,,0.0,0.0,0.0,0.0,,0.0,0.0,,0.0,0.0,0.0,0.000222572882194072,0.004138255026191473,0.0,0.0,0.0,0.0,0.0,0.0,0.0,0.0,,0.01636638306081295,,0.0,0.013081780634820461,0.00596213573589921,0.0,0.0,0.0,0.00783260352909565,0.013072560541331768,0.0,0.01504174992442131,0.0,,0.0,,0.0,0.007702955510467291,0.0,,0.0,0.0,0.0,0.0064319828525185585,0.0,0.0,0.0,0.0,0.006455377209931612,0.002276746090501547,0.0,,,0.0,0.0,0.0,,,,0.0,0.0,,0.0,,0.0,,0.0,,,0.0,,,,,0.0,,0.0,0.009475049562752247,0.0,,0.0,0.0,0.0006172159337438643,,0.011276694014668465,0.0,,0.0,0.008886725641787052,0.0,,,0.0,,0.01935204491019249,0.0,0.0,,0.0,0.0019069688860327005,,,,0.0,0.0,0.0,0.0,0.0,7.387471123365685e-05,,,,0.007764055393636227,0.0,,0.0,,0.0,0.0,0.0,0.0,,,0.0,0.0,,,0.0,,0.0,,0.0,0.0,0.0,0.0,0.0,0.0,0.0,,0.0,0.010640541091561317,0.0,0.0,0.0,,,0.0,0.0,0.0,0.0,0.004161264281719923,0.0073729087598621845,,,,0.007771022617816925,0.0,0.0,0.0,,,0.008342444896697998,0.0,0.0,,0.0,,,,,0.0,0.013751369901001453,0.0,,0.0,,,0.0,,0.006028351373970509,0.0,0.0,0.0,,0.006963010877370834,0.0,,0.0,0.0,0.0,0.0,0.0,,0.0025301980786025524,0.0,0.0,,0.0,0.0,0.0,0.0,0.0,0.0,0.0,,0.0009805925656110048,0.0,0.0,0.007419695612043142,0.0,0.0,0.0,,0.0,0.0,0.0,0.010489208623766899,0.0,0.0,0.0,0.0,0.0,0.0,0.00028485566144809127,0.0,0.0,0.0,,0.0,0.0,0.0,0.0,0.0,0.0,0.0,0.0,0.0,0.004446286242455244,0.0,0.0,0.0,,0.0,0.006903916597366333,,0.0032303640618920326,0.0,0.0,0.0,0.0,0.0,0.007855664007365704,0.0,0.0,0.0,0.011428353376686573,0.0,0.014265907928347588,0.0,0.0,0.0,0.0,0.0,0.0,0.0,0.0,0.0,0.0,0.0,0.0,0.0071387211792171,0.0,0.0,0.0,0.010663309134542942,0.009583434090018272,0.0,0.00991410668939352,0.0,0.0,0.0,0.019269602373242378,0.0,0.0,0.0,0.0,0.0,0.0,0.0,0.0,0.004451911896467209,0.0,0.0,0.0,0.0,0.0,0.015617968514561653,0.0,0.008543897420167923,0.0,0.0,0.017431413754820824,0.0,0.0,0.0,0.0,0.0,0.011158911511301994,0.0,0.006921166554093361,0.0,0.013884417712688446,0.0,0.0,0.0,0.0,0.0,0.017269155010581017,0.0,0.00583390099927783,0.0,0.0,,,,,,,,,,,,,,,,,,,,,,,,,,,,,,,,,,,,,,,,,,,,,,,,,,,,,,,,,,,,,,,,,,,,,,,,,,,,,,,,,,,,,,,,,,,,,,,,,,,,,,,,,,,,,,,,,,,,,,,,,,,,,,
2021-01-13,729668.887874189,43.53046687507549,,,,,,,,,,,76494.84123570709,,1039061.7711000025,,,,,,,,,,,,,,,,,,,,,,,,,,,,,,,,,,,,,,,,,,,4368.8526073531975,,,,,,,,,,,,,,,,,,,,,,11190.854596227411,9277.728303953187,3322.883401489793,7421.891063893989,8748.295379572133,70362.66628210529,23044.509065315833,4662.957218398774,28074.21121468053,,,,,,,,,,,,,,,,,,,,,,,,,,,,,,,,,,,,0.007672586012631655,0.0,0.0,0.01092440728098154,0.0,0.0,0.0,0.0,0.0,0.0,0.0,0.0,0.0,0.0,0.0,0.0,,0.0,,0.0,,0.0,0.0,0.0,0.010507198981940746,0.0,,0.0,0.0,0.010712611488997936,0.0,0.012846814468502998,0.0,,0.0,,,,0.0,0.0,0.0,,0.0,0.0,0.0012285824632272124,0.009027548134326935,0.0,,,0.0,,0.0,0.0,0.0,0.0,0.0,0.0,0.0,0.0,0.006439491640776396,0.015234255231916904,0.0,0.0,0.0,,0.011381476186215878,0.0,0.0,0.0,0.015055594965815544,,0.0005889178719371557,0.0,,0.0,0.0,0.0,0.0,,0.0,0.0,0.0,,0.0,,0.0,0.0,,0.0,,0.0,0.0,0.0030229962430894375,0.01743323914706707,0.0,0.012673601508140564,0.0,0.016194811090826988,0.0,,,0.009300514124333858,0.0,,,,,0.0,0.0,0.0,0.0,0.0,0.0,0.0,0.0,0.0,,0.012146583758294582,0.0019998527131974697,0.0,,0.019029388204216957,0.0,0.0015352413756772876,0.0,0.0,0.0,,0.002669151872396469,,0.014855947345495224,0.0,0.0,0.01175154373049736,,0.0,0.0,,0.0,0.0,0.0,0.0,0.0,0.0001421356719220057,0.0011042432161048055,0.0,0.0,0.0046468619257211685,0.003770541399717331,0.0,0.0012880248250439763,,0.02132318913936615,0.0,0.004850889090448618,0.0,,0.0,0.007785265799611807,0.0,0.0,0.0,0.0,0.0061191171407699585,0.0,0.0,0.0,,0.015078713186085224,0.0,0.0,,,,0.006918592378497124,0.002163069089874625,,0.0,0.0,0.0,0.0,,0.0,,0.0,0.0,0.013318006880581379,0.0,0.0,0.0,,,,0.0,0.01897398941218853,0.0,0.0,0.0,,0.0,0.008289680816233158,0.007186546456068754,0.0,,0.0,0.015495573170483112,0.0,0.0,0.0,,0.002988440217450261,0.0071138362400233746,0.006663523148745298,0.0,,0.0029522741679102182,0.007444577291607857,0.00870683416724205,0.0,0.015951599925756454,0.0,,0.0,0.0,0.0,0.0,0.0,0.0,,0.0,,0.005740217864513397,0.007723913062363863,0.0016765532782301307,0.0,0.0,0.0,0.0,,0.0,0.011521018110215664,0.0028374833054840565,,,0.0,0.0,0.0,0.0,0.0,0.0,0.0,0.0,0.0,,0.0,0.0,0.0014217449352145195,,0.0,0.0,0.0,0.015036061406135559,0.0,0.0,0.0,,,0.0,0.002523822244256735,0.0,0.0,0.0,,0.012212172150611877,,0.010441260412335396,0.0,,0.0,0.0001980172237381339,0.0,0.0,,,0.0,0.009777898900210857,,0.011562291532754898,0.0,,,0.0,0.021612513810396194,0.0,0.0,0.0,0.0,0.0,,,0.0,0.0,0.0,0.0,0.0,,,0.0,0.0,0.0,,0.0,0.0,,0.0,0.0,0.010721533559262753,,0.0,0.0,0.0,0.0,,0.0,0.0,,0.0,0.0,0.0,0.000222572882194072,0.004138255026191473,0.0,0.0,0.0,0.0,0.0,0.0,0.0,0.0,,0.01636638306081295,,0.0,0.013081780634820461,0.00596213573589921,0.0,0.0,0.0,0.00783260352909565,0.013072560541331768,0.0,0.01504174992442131,0.0,,0.0,,0.0,0.007702955510467291,0.0,,0.0,0.0,0.0,0.0064319828525185585,0.0,0.0,0.0,0.0,0.006455377209931612,0.002276746090501547,0.0,,,0.0,0.0,0.0,,,,0.0,0.0,,0.0,,0.0,,0.0,,,0.0,,,,,0.0,,0.0,0.009475049562752247,0.0,,0.0,0.0,0.0006172159337438643,,0.011276694014668465,0.0,,0.0,0.008886725641787052,0.0,,,0.0,,0.01935204491019249,0.0,0.0,,0.0,0.0019069688860327005,,,,0.0,0.0,0.0,0.0,0.0,7.387471123365685e-05,,,,0.007764055393636227,0.0,,0.0,,0.0,0.0,0.0,0.0,,,0.0,0.0,,,0.0,,0.0,,0.0,0.0,0.0,0.0,0.0,0.0,0.0,,0.0,0.010640541091561317,0.0,0.0,0.0,,,0.0,0.0,0.0,0.0,0.004161264281719923,0.0073729087598621845,,,,0.007771022617816925,0.0,0.0,0.0,,,0.008342444896697998,0.0,0.0,,0.0,,,,,0.0,0.013751369901001453,0.0,,0.0,,,0.0,,0.006028351373970509,0.0,0.0,0.0,,0.006963010877370834,0.0,,0.0,0.0,0.0,0.0,0.0,,0.0025301980786025524,0.0,0.0,,0.0,0.0,0.0,0.0,0.0,0.0,0.0,,0.0009805925656110048,0.0,0.0,0.007419695612043142,0.0,0.0,0.0,,0.0,0.0,0.0,0.010489208623766899,0.0,0.0,0.0,0.0,0.0,0.0,0.00028485566144809127,0.0,0.0,0.0,,0.0,0.0,0.0,0.0,0.0,0.0,0.0,0.0,0.0,0.004446286242455244,0.0,0.0,0.0,,0.0,0.006903916597366333,,0.0032303640618920326,0.0,0.0,0.0,0.0,0.0,0.007855664007365704,0.0,0.0,0.0,0.011428353376686573,0.0,0.014265907928347588,0.0,0.0,0.0,0.0,0.0,0.0,0.0,0.0,0.0,0.0,0.0,0.0,0.0071387211792171,0.0,0.0,0.0,0.010663309134542942,0.009583434090018272,0.0,0.00991410668939352,0.0,0.0,0.0,0.019269602373242378,0.0,0.0,0.0,0.0,0.0,0.0,0.0,0.0,0.004451911896467209,0.0,0.0,0.0,0.0,0.0,0.015617968514561653,0.0,0.008543897420167923,0.0,0.0,0.017431413754820824,0.0,0.0,0.0,0.0,0.0,0.011158911511301994,0.0,0.006921166554093361,0.0,0.013884417712688446,0.0,0.0,0.0,0.0,0.0,0.017269155010581017,0.0,0.00583390099927783,0.0,0.0,,,,,,,,,,,,,,,,,,,,,,,,,,,,,,,,,,,,,,,,,,,,,,,,,,,,,,,,,,,,,,,,,,,,,,,,,,,,,,,,,,,,,,,,,,,,,,,,,,,,,,,,,,,,,,,,,,,,,,,,,,,,,,
2021-01-14,730973.9167191529,39.826863860414065,,,,,,,,,,,76494.84123570709,,1039061.7711000025,,,,,,,,,,,,,,,,,,,,,,,,,,,,,,,,,,,,,,,,,,,4368.8526073531975,,,,,,,,,,,,,,,,,,,,,,11190.854596227411,9277.728303953187,3322.883401489793,7421.891063893989,8748.295379572133,70362.66628210529,23044.509065315833,4662.957218398774,28075.65821401151,,,,,,,,,,,,,,,,,,,,,,,,,,,,,,,,,,,,0.007672586012631655,0.0,0.0,0.01092440728098154,0.0,0.0,0.0,0.0,0.0,0.0,0.0,0.0,0.0,0.0,0.0,0.0,,0.0,,0.0,,0.0,0.0,0.0,0.010507198981940746,0.0,,0.0,0.0,0.010712611488997936,0.0,0.012846814468502998,0.0,,0.0,,,,0.0,0.0,0.0,,0.0,0.0,0.0012285824632272124,0.009027548134326935,0.0,,,0.0,,0.0,0.0,0.0,0.0,0.0,0.0,0.0,0.0,0.006439491640776396,0.015234255231916904,0.0,0.0,0.0,,0.011381476186215878,0.0,0.0,0.0,0.015055594965815544,,0.0005889178719371557,0.0,,0.0,0.0,0.0,0.0,,0.0,0.0,0.0,,0.0,,0.0,0.0,,0.0,,0.0,0.0,0.0030229962430894375,0.01743323914706707,0.0,0.012673601508140564,0.0,0.016194811090826988,0.0,,,0.009300514124333858,0.0,,,,,0.0,0.0,0.0,0.0,0.0,0.0,0.0,0.0,0.0,,0.012146583758294582,0.0019998527131974697,0.0,,0.019029388204216957,0.0,0.0015352413756772876,0.0,0.0,0.0,,0.002669151872396469,,0.014855947345495224,0.0,0.0,0.01175154373049736,,0.0,0.0,,0.0,0.0,0.0,0.0,0.0,0.0001421356719220057,0.0011042432161048055,0.0,0.0,0.0046468619257211685,0.003770541399717331,0.0,0.0012880248250439763,,0.02132318913936615,0.0,0.004850889090448618,0.0,,0.0,0.007785265799611807,0.0,0.0,0.0,0.0,0.0061191171407699585,0.0,0.0,0.0,,0.015078713186085224,0.0,0.0,,,,0.006918592378497124,0.002163069089874625,,0.0,0.0,0.0,0.0,,0.0,,0.0,0.0,0.013318006880581379,0.0,0.0,0.0,,,,0.0,0.01897398941218853,0.0,0.0,0.0,,0.0,0.008289680816233158,0.007186546456068754,0.0,,0.0,0.015495573170483112,0.0,0.0,0.0,,0.002988440217450261,0.0071138362400233746,0.006663523148745298,0.0,,0.0029522741679102182,0.007444577291607857,0.00870683416724205,0.0,0.015951599925756454,0.0,,0.0,0.0,0.0,0.0,0.0,0.0,,0.0,,0.005740217864513397,0.007723913062363863,0.0016765532782301307,0.0,0.0,0.0,0.0,,0.0,0.011521018110215664,0.0028374833054840565,,,0.0,0.0,0.0,0.0,0.0,0.0,0.0,0.0,0.0,,0.0,0.0,0.0014217449352145195,,0.0,0.0,0.0,0.015036061406135559,0.0,0.0,0.0,,,0.0,0.002523822244256735,0.0,0.0,0.0,,0.012212172150611877,,0.010441260412335396,0.0,,0.0,0.0001980172237381339,0.0,0.0,,,0.0,0.009777898900210857,,0.011562291532754898,0.0,,,0.0,0.021612513810396194,0.0,0.0,0.0,0.0,0.0,,,0.0,0.0,0.0,0.0,0.0,,,0.0,0.0,0.0,,0.0,0.0,,0.0,0.0,0.010721533559262753,,0.0,0.0,0.0,0.0,,0.0,0.0,,0.0,0.0,0.0,0.000222572882194072,0.004138255026191473,0.0,0.0,0.0,0.0,0.0,0.0,0.0,0.0,,0.01636638306081295,,0.0,0.013081780634820461,0.00596213573589921,0.0,0.0,0.0,0.00783260352909565,0.013072560541331768,0.0,0.01504174992442131,0.0,,0.0,,0.0,0.007702955510467291,0.0,,0.0,0.0,0.0,0.0064319828525185585,0.0,0.0,0.0,0.0,0.006455377209931612,0.002276746090501547,0.0,,,0.0,0.0,0.0,,,,0.0,0.0,,0.0,,0.0,,0.0,,,0.0,,,,,0.0,,0.0,0.009475049562752247,0.0,,0.0,0.0,0.0006172159337438643,,0.011276694014668465,0.0,,0.0,0.008886725641787052,0.0,,,0.0,,0.01935204491019249,0.0,0.0,,0.0,0.0019069688860327005,,,,0.0,0.0,0.0,0.0,0.0,7.387471123365685e-05,,,,0.007764055393636227,0.0,,0.0,,0.0,0.0,0.0,0.0,,,0.0,0.0,,,0.0,,0.0,,0.0,0.0,0.0,0.0,0.0,0.0,0.0,,0.0,0.010640541091561317,0.0,0.0,0.0,,,0.0,0.0,0.0,0.0,0.004161264281719923,0.0073729087598621845,,,,0.007771022617816925,0.0,0.0,0.0,,,0.008342444896697998,0.0,0.0,,0.0,,,,,0.0,0.013751369901001453,0.0,,0.0,,,0.0,,0.006028351373970509,0.0,0.0,0.0,,0.006963010877370834,0.0,,0.0,0.0,0.0,0.0,0.0,,0.0025301980786025524,0.0,0.0,,0.0,0.0,0.0,0.0,0.0,0.0,0.0,,0.0009805925656110048,0.0,0.0,0.007419695612043142,0.0,0.0,0.0,,0.0,0.0,0.0,0.010489208623766899,0.0,0.0,0.0,0.0,0.0,0.0,0.00028485566144809127,0.0,0.0,0.0,,0.0,0.0,0.0,0.0,0.0,0.0,0.0,0.0,0.0,0.004446286242455244,0.0,0.0,0.0,,0.0,0.006903916597366333,,0.0032303640618920326,0.0,0.0,0.0,0.0,0.0,0.007855664007365704,0.0,0.0,0.0,0.011428353376686573,0.0,0.014265907928347588,0.0,0.0,0.0,0.0,0.0,0.0,0.0,0.0,0.0,0.0,0.0,0.0,0.0071387211792171,0.0,0.0,0.0,0.010663309134542942,0.009583434090018272,0.0,0.00991410668939352,0.0,0.0,0.0,0.019269602373242378,0.0,0.0,0.0,0.0,0.0,0.0,0.0,0.0,0.004451911896467209,0.0,0.0,0.0,0.0,0.0,0.015617968514561653,0.0,0.008543897420167923,0.0,0.0,0.017431413754820824,0.0,0.0,0.0,0.0,0.0,0.011158911511301994,0.0,0.006921166554093361,0.0,0.013884417712688446,0.0,0.0,0.0,0.0,0.0,0.017269155010581017,0.0,0.00583390099927783,0.0,0.0,,,,,,,,,,,,,,,,,,,,,,,,,,,,,,,,,,,,,,,,,,,,,,,,,,,,,,,,,,,,,,,,,,,,,,,,,,,,,,,,,,,,,,,,,,,,,,,,,,,,,,,,,,,,,,,,,,,,,,,,,,,,,,
2021-01-15,724219.0333054337,42.78975059385942,,,,,,,,,,,76494.84123570709,,1039061.7711000025,,,,,,,,,,,,,,,,,,,,,,,,,,,,,,,,,,,,,,,,,,,4368.8526073531975,,,,,,,,,,,,,,,,,,,,,,11190.854596227411,9277.728303953187,3322.883401489793,7421.891063893989,8748.295379572133,70362.66628210529,23044.509065315833,4662.957218398774,28074.507179682063,,,,,,,,,,,,,,,,,,,,,,,,,,,,,,,,,,,,0.007672586012631655,0.0,0.0,0.01092440728098154,0.0,0.0,0.0,0.0,0.0,0.0,0.0,0.0,0.0,0.0,0.0,0.0,,0.0,,0.0,,0.0,0.0,0.0,0.010507198981940746,0.0,,0.0,0.0,0.010712611488997936,0.0,0.012846814468502998,0.0,,0.0,,,,0.0,0.0,0.0,,0.0,0.0,0.0012285824632272124,0.009027548134326935,0.0,,,0.0,,0.0,0.0,0.0,0.0,0.0,0.0,0.0,0.0,0.006439491640776396,0.015234255231916904,0.0,0.0,0.0,,0.011381476186215878,0.0,0.0,0.0,0.015055594965815544,,0.0005889178719371557,0.0,,0.0,0.0,0.0,0.0,,0.0,0.0,0.0,,0.0,,0.0,0.0,,0.0,,0.0,0.0,0.0030229962430894375,0.01743323914706707,0.0,0.012673601508140564,0.0,0.016194811090826988,0.0,,,0.009300514124333858,0.0,,,,,0.0,0.0,0.0,0.0,0.0,0.0,0.0,0.0,0.0,,0.012146583758294582,0.0019998527131974697,0.0,,0.019029388204216957,0.0,0.0015352413756772876,0.0,0.0,0.0,,0.002669151872396469,,0.014855947345495224,0.0,0.0,0.01175154373049736,,0.0,0.0,,0.0,0.0,0.0,0.0,0.0,0.0001421356719220057,0.0011042432161048055,0.0,0.0,0.0046468619257211685,0.003770541399717331,0.0,0.0012880248250439763,,0.02132318913936615,0.0,0.004850889090448618,0.0,,0.0,0.007785265799611807,0.0,0.0,0.0,0.0,0.0061191171407699585,0.0,0.0,0.0,,0.015078713186085224,0.0,0.0,,,,0.006918592378497124,0.002163069089874625,,0.0,0.0,0.0,0.0,,0.0,,0.0,0.0,0.013318006880581379,0.0,0.0,0.0,,,,0.0,0.01897398941218853,0.0,0.0,0.0,,0.0,0.008289680816233158,0.007186546456068754,0.0,,0.0,0.015495573170483112,0.0,0.0,0.0,,0.002988440217450261,0.0071138362400233746,0.006663523148745298,0.0,,0.0029522741679102182,0.007444577291607857,0.00870683416724205,0.0,0.015951599925756454,0.0,,0.0,0.0,0.0,0.0,0.0,0.0,,0.0,,0.005740217864513397,0.007723913062363863,0.0016765532782301307,0.0,0.0,0.0,0.0,,0.0,0.011521018110215664,0.0028374833054840565,,,0.0,0.0,0.0,0.0,0.0,0.0,0.0,0.0,0.0,,0.0,0.0,0.0014217449352145195,,0.0,0.0,0.0,0.015036061406135559,0.0,0.0,0.0,,,0.0,0.002523822244256735,0.0,0.0,0.0,,0.012212172150611877,,0.010441260412335396,0.0,,0.0,0.0001980172237381339,0.0,0.0,,,0.0,0.009777898900210857,,0.011562291532754898,0.0,,,0.0,0.021612513810396194,0.0,0.0,0.0,0.0,0.0,,,0.0,0.0,0.0,0.0,0.0,,,0.0,0.0,0.0,,0.0,0.0,,0.0,0.0,0.010721533559262753,,0.0,0.0,0.0,0.0,,0.0,0.0,,0.0,0.0,0.0,0.000222572882194072,0.004138255026191473,0.0,0.0,0.0,0.0,0.0,0.0,0.0,0.0,,0.01636638306081295,,0.0,0.013081780634820461,0.00596213573589921,0.0,0.0,0.0,0.00783260352909565,0.013072560541331768,0.0,0.01504174992442131,0.0,,0.0,,0.0,0.007702955510467291,0.0,,0.0,0.0,0.0,0.0064319828525185585,0.0,0.0,0.0,0.0,0.006455377209931612,0.002276746090501547,0.0,,,0.0,0.0,0.0,,,,0.0,0.0,,0.0,,0.0,,0.0,,,0.0,,,,,0.0,,0.0,0.009475049562752247,0.0,,0.0,0.0,0.0006172159337438643,,0.011276694014668465,0.0,,0.0,0.008886725641787052,0.0,,,0.0,,0.01935204491019249,0.0,0.0,,0.0,0.0019069688860327005,,,,0.0,0.0,0.0,0.0,0.0,7.387471123365685e-05,,,,0.007764055393636227,0.0,,0.0,,0.0,0.0,0.0,0.0,,,0.0,0.0,,,0.0,,0.0,,0.0,0.0,0.0,0.0,0.0,0.0,0.0,,0.0,0.010640541091561317,0.0,0.0,0.0,,,0.0,0.0,0.0,0.0,0.004161264281719923,0.0073729087598621845,,,,0.007771022617816925,0.0,0.0,0.0,,,0.008342444896697998,0.0,0.0,,0.0,,,,,0.0,0.013751369901001453,0.0,,0.0,,,0.0,,0.006028351373970509,0.0,0.0,0.0,,0.006963010877370834,0.0,,0.0,0.0,0.0,0.0,0.0,,0.0025301980786025524,0.0,0.0,,0.0,0.0,0.0,0.0,0.0,0.0,0.0,,0.0009805925656110048,0.0,0.0,0.007419695612043142,0.0,0.0,0.0,,0.0,0.0,0.0,0.010489208623766899,0.0,0.0,0.0,0.0,0.0,0.0,0.00028485566144809127,0.0,0.0,0.0,,0.0,0.0,0.0,0.0,0.0,0.0,0.0,0.0,0.0,0.004446286242455244,0.0,0.0,0.0,,0.0,0.006903916597366333,,0.0032303640618920326,0.0,0.0,0.0,0.0,0.0,0.007855664007365704,0.0,0.0,0.0,0.011428353376686573,0.0,0.014265907928347588,0.0,0.0,0.0,0.0,0.0,0.0,0.0,0.0,0.0,0.0,0.0,0.0,0.0071387211792171,0.0,0.0,0.0,0.010663309134542942,0.009583434090018272,0.0,0.00991410668939352,0.0,0.0,0.0,0.019269602373242378,0.0,0.0,0.0,0.0,0.0,0.0,0.0,0.0,0.004451911896467209,0.0,0.0,0.0,0.0,0.0,0.015617968514561653,0.0,0.008543897420167923,0.0,0.0,0.017431413754820824,0.0,0.0,0.0,0.0,0.0,0.011158911511301994,0.0,0.006921166554093361,0.0,0.013884417712688446,0.0,0.0,0.0,0.0,0.0,0.017269155010581017,0.0,0.00583390099927783,0.0,0.0,,,,,,,,,,,,,,,,,,,,,,,,,,,,,,,,,,,,,,,,,,,,,,,,,,,,,,,,,,,,,,,,,,,,,,,,,,,,,,,,,,,,,,,,,,,,,,,,,,,,,,,,,,,,,,,,,,,,,,,,,,,,,,
2021-01-18,740677.997686838,42.78975059385942,,,,,,,,,,,76494.84123570709,,1039061.7711000025,,,,,,,,,,,,,,,,,,,,,,,,,,,,,,,,,,,,,,,,,,,4368.8526073531975,,,,,,,,,,,,,,,,,,,,,,11190.854596227411,9277.728303953187,3322.883401489793,7421.891063893989,8748.295379572133,70362.66628210529,23044.509065315833,4662.957218398774,28074.507179682063,,,,,,,,,,,,,,,,,,,,,,,,,,,,,,,,,,,,0.007672586012631655,0.0,0.0,0.01092440728098154,0.0,0.0,0.0,0.0,0.0,0.0,0.0,0.0,0.0,0.0,0.0,0.0,,0.0,,0.0,,0.0,0.0,0.0,0.010507198981940746,0.0,,0.0,0.0,0.010712611488997936,0.0,0.012846814468502998,0.0,,0.0,,,,0.0,0.0,0.0,,0.0,0.0,0.0012285824632272124,0.009027548134326935,0.0,,,0.0,,0.0,0.0,0.0,0.0,0.0,0.0,0.0,0.0,0.006439491640776396,0.015234255231916904,0.0,0.0,0.0,,0.011381476186215878,0.0,0.0,0.0,0.015055594965815544,,0.0005889178719371557,0.0,,0.0,0.0,0.0,0.0,,0.0,0.0,0.0,,0.0,,0.0,0.0,,0.0,,0.0,0.0,0.0030229962430894375,0.01743323914706707,0.0,0.012673601508140564,0.0,0.016194811090826988,0.0,,,0.009300514124333858,0.0,,,,,0.0,0.0,0.0,0.0,0.0,0.0,0.0,0.0,0.0,,0.012146583758294582,0.0019998527131974697,0.0,,0.019029388204216957,0.0,0.0015352413756772876,0.0,0.0,0.0,,0.002669151872396469,,0.014855947345495224,0.0,0.0,0.01175154373049736,,0.0,0.0,,0.0,0.0,0.0,0.0,0.0,0.0001421356719220057,0.0011042432161048055,0.0,0.0,0.0046468619257211685,0.003770541399717331,0.0,0.0012880248250439763,,0.02132318913936615,0.0,0.004850889090448618,0.0,,0.0,0.007785265799611807,0.0,0.0,0.0,0.0,0.0061191171407699585,0.0,0.0,0.0,,0.015078713186085224,0.0,0.0,,,,0.006918592378497124,0.002163069089874625,,0.0,0.0,0.0,0.0,,0.0,,0.0,0.0,0.013318006880581379,0.0,0.0,0.0,,,,0.0,0.01897398941218853,0.0,0.0,0.0,,0.0,0.008289680816233158,0.007186546456068754,0.0,,0.0,0.015495573170483112,0.0,0.0,0.0,,0.002988440217450261,0.0071138362400233746,0.006663523148745298,0.0,,0.0029522741679102182,0.007444577291607857,0.00870683416724205,0.0,0.015951599925756454,0.0,,0.0,0.0,0.0,0.0,0.0,0.0,,0.0,,0.005740217864513397,0.007723913062363863,0.0016765532782301307,0.0,0.0,0.0,0.0,,0.0,0.011521018110215664,0.0028374833054840565,,,0.0,0.0,0.0,0.0,0.0,0.0,0.0,0.0,0.0,,0.0,0.0,0.0014217449352145195,,0.0,0.0,0.0,0.015036061406135559,0.0,0.0,0.0,,,0.0,0.002523822244256735,0.0,0.0,0.0,,0.012212172150611877,,0.010441260412335396,0.0,,0.0,0.0001980172237381339,0.0,0.0,,,0.0,0.009777898900210857,,0.011562291532754898,0.0,,,0.0,0.021612513810396194,0.0,0.0,0.0,0.0,0.0,,,0.0,0.0,0.0,0.0,0.0,,,0.0,0.0,0.0,,0.0,0.0,,0.0,0.0,0.010721533559262753,,0.0,0.0,0.0,0.0,,0.0,0.0,,0.0,0.0,0.0,0.000222572882194072,0.004138255026191473,0.0,0.0,0.0,0.0,0.0,0.0,0.0,0.0,,0.01636638306081295,,0.0,0.013081780634820461,0.00596213573589921,0.0,0.0,0.0,0.00783260352909565,0.013072560541331768,0.0,0.01504174992442131,0.0,,0.0,,0.0,0.007702955510467291,0.0,,0.0,0.0,0.0,0.0064319828525185585,0.0,0.0,0.0,0.0,0.006455377209931612,0.002276746090501547,0.0,,,0.0,0.0,0.0,,,,0.0,0.0,,0.0,,0.0,,0.0,,,0.0,,,,,0.0,,0.0,0.009475049562752247,0.0,,0.0,0.0,0.0006172159337438643,,0.011276694014668465,0.0,,0.0,0.008886725641787052,0.0,,,0.0,,0.01935204491019249,0.0,0.0,,0.0,0.0019069688860327005,,,,0.0,0.0,0.0,0.0,0.0,7.387471123365685e-05,,,,0.007764055393636227,0.0,,0.0,,0.0,0.0,0.0,0.0,,,0.0,0.0,,,0.0,,0.0,,0.0,0.0,0.0,0.0,0.0,0.0,0.0,,0.0,0.010640541091561317,0.0,0.0,0.0,,,0.0,0.0,0.0,0.0,0.004161264281719923,0.0073729087598621845,,,,0.007771022617816925,0.0,0.0,0.0,,,0.008342444896697998,0.0,0.0,,0.0,,,,,0.0,0.013751369901001453,0.0,,0.0,,,0.0,,0.006028351373970509,0.0,0.0,0.0,,0.006963010877370834,0.0,,0.0,0.0,0.0,0.0,0.0,,0.0025301980786025524,0.0,0.0,,0.0,0.0,0.0,0.0,0.0,0.0,0.0,,0.0009805925656110048,0.0,0.0,0.007419695612043142,0.0,0.0,0.0,,0.0,0.0,0.0,0.010489208623766899,0.0,0.0,0.0,0.0,0.0,0.0,0.00028485566144809127,0.0,0.0,0.0,,0.0,0.0,0.0,0.0,0.0,0.0,0.0,0.0,0.0,0.004446286242455244,0.0,0.0,0.0,,0.0,0.006903916597366333,,0.0032303640618920326,0.0,0.0,0.0,0.0,0.0,0.007855664007365704,0.0,0.0,0.0,0.011428353376686573,0.0,0.014265907928347588,0.0,0.0,0.0,0.0,0.0,0.0,0.0,0.0,0.0,0.0,0.0,0.0,0.0071387211792171,0.0,0.0,0.0,0.010663309134542942,0.009583434090018272,0.0,0.00991410668939352,0.0,0.0,0.0,0.019269602373242378,0.0,0.0,0.0,0.0,0.0,0.0,0.0,0.0,0.004451911896467209,0.0,0.0,0.0,0.0,0.0,0.015617968514561653,0.0,0.008543897420167923,0.0,0.0,0.017431413754820824,0.0,0.0,0.0,0.0,0.0,0.011158911511301994,0.0,0.006921166554093361,0.0,0.013884417712688446,0.0,0.0,0.0,0.0,0.0,0.017269155010581017,0.0,0.00583390099927783,0.0,0.0,,,,,,,,,,,,,,,,,,,,,,,,,,,,,,,,,,,,,,,,,,,,,,,,,,,,,,,,,,,,,,,,,,,,,,,,,,,,,,,,,,,,,,,,,,,,,,,,,,,,,,,,,,,,,,,,,,,,,,,,,,,,,,
2021-01-19,740582.7480026052,1457.369053591198,,,,,,,,,,,76494.84123570709,,1039061.7711000025,,,,,,,,,,,,,,,,,,,,,,,,,,,,,,,,,,,,,,,,,,,4470.453547953717,,,,,,,,,,,,,,,,,,,,,,11190.854596227411,9277.728303953187,3322.883401489793,7421.891063893989,8748.295379572133,70362.66628210529,23044.509065315833,4662.957218398774,26951.635132699692,,,,,,,,,,,,,,,,,,,,,,,,,,,,,,,,,,,,0.007672586012631655,0.0,0.0,0.01092440728098154,0.0,0.0,0.0,0.0,0.0,0.0,0.0,0.0,0.0,0.0,0.0,0.0,,0.0,,0.0,,0.0,0.0,0.0,0.010507198981940746,0.0,,0.0,0.0,0.010712611488997936,0.0,0.012846814468502998,0.0,,0.0,,,,0.0,0.0,0.0,,0.0,0.0,0.0012285824632272124,0.009027548134326935,0.0,,,0.0,,0.0,0.0,0.0,0.0,0.0,0.0,0.0,0.0,0.006439491640776396,0.015234255231916904,0.0,0.0,0.0,,0.011381476186215878,0.0,0.0,0.0,0.015055594965815544,,0.0005889178719371557,0.0,,0.0,0.0,0.0,0.0,,0.0,0.0,0.0,,0.0,,0.0,0.0,,0.0,,0.0,0.0,0.0030229962430894375,0.01743323914706707,0.0,0.012673601508140564,0.0,0.016194811090826988,0.0,,,0.009300514124333858,0.0,,,,,0.0,0.0,0.0,0.0,0.0,0.0,0.0,0.0,0.0,,0.012146583758294582,0.0019998527131974697,0.0,,0.019029388204216957,0.0,0.0015352413756772876,0.0,0.0,0.0,,0.002669151872396469,,0.014855947345495224,0.0,0.0,0.01175154373049736,,0.0,0.0,,0.0,0.0,0.0,0.0,0.0,0.0001421356719220057,0.0011042432161048055,0.0,0.0,0.0046468619257211685,0.003770541399717331,0.0,0.0012880248250439763,,0.02132318913936615,0.0,0.004850889090448618,0.0,,0.0,0.007785265799611807,0.0,0.0,0.0,0.0,0.0061191171407699585,0.0,0.0,0.0,,0.015078713186085224,0.0,0.0,,,,0.006918592378497124,0.002163069089874625,,0.0,0.0,0.0,0.0,,0.0,,0.0,0.0,0.013318006880581379,0.0,0.0,0.0,,,,0.0,0.01897398941218853,0.0,0.0,0.0,,0.0,0.008289680816233158,0.007186546456068754,0.0,,0.0,0.015495573170483112,0.0,0.0,0.0,,0.002988440217450261,0.0071138362400233746,0.006663523148745298,0.0,,0.0029522741679102182,0.007444577291607857,0.00870683416724205,0.0,0.015951599925756454,0.0,,0.0,0.0,0.0,0.0,0.0,0.0,,0.0,,0.005740217864513397,0.007723913062363863,0.0016765532782301307,0.0,0.0,0.0,0.0,,0.0,0.011521018110215664,0.0028374833054840565,,,0.0,0.0,0.0,0.0,0.0,0.0,0.0,0.0,0.0,,0.0,0.0,0.0014217449352145195,,0.0,0.0,0.0,0.015036061406135559,0.0,0.0,0.0,,,0.0,0.002523822244256735,0.0,0.0,0.0,,0.012212172150611877,,0.010441260412335396,0.0,,0.0,0.0001980172237381339,0.0,0.0,,,0.0,0.009777898900210857,,0.011562291532754898,0.0,,,0.0,0.021612513810396194,0.0,0.0,0.0,0.0,0.0,,,0.0,0.0,0.0,0.0,0.0,,,0.0,0.0,0.0,,0.0,0.0,,0.0,0.0,0.010721533559262753,,0.0,0.0,0.0,0.0,,0.0,0.0,,0.0,0.0,0.0,0.000222572882194072,0.004138255026191473,0.0,0.0,0.0,0.0,0.0,0.0,0.0,0.0,,0.01636638306081295,,0.0,0.013081780634820461,0.00596213573589921,0.0,0.0,0.0,0.00783260352909565,0.013072560541331768,0.0,0.01504174992442131,0.0,,0.0,,0.0,0.007702955510467291,0.0,,0.0,0.0,0.0,0.0064319828525185585,0.0,0.0,0.0,0.0,0.006455377209931612,0.002276746090501547,0.0,,,0.0,0.0,0.0,,,,0.0,0.0,,0.0,,0.0,,0.0,,,0.0,,,,,0.0,,0.0,0.009475049562752247,0.0,,0.0,0.0,0.0006172159337438643,,0.011276694014668465,0.0,,0.0,0.008886725641787052,0.0,,,0.0,,0.01935204491019249,0.0,0.0,,0.0,0.0019069688860327005,,,,0.0,0.0,0.0,0.0,0.0,7.387471123365685e-05,,,,0.007764055393636227,0.0,,0.0,,0.0,0.0,0.0,0.0,,,0.0,0.0,,,0.0,,0.0,,0.0,0.0,0.0,0.0,0.0,0.0,0.0,,0.0,0.010640541091561317,0.0,0.0,0.0,,,0.0,0.0,0.0,0.0,0.004161264281719923,0.0073729087598621845,,,,0.007771022617816925,0.0,0.0,0.0,,,0.008342444896697998,0.0,0.0,,0.0,,,,,0.0,0.013751369901001453,0.0,,0.0,,,0.0,,0.006028351373970509,0.0,0.0,0.0,,0.006963010877370834,0.0,,0.0,0.0,0.0,0.0,0.0,,0.0025301980786025524,0.0,0.0,,0.0,0.0,0.0,0.0,0.0,0.0,0.0,,0.0009805925656110048,0.0,0.0,0.007419695612043142,0.0,0.0,0.0,,0.0,0.0,0.0,0.010489208623766899,0.0,0.0,0.0,0.0,0.0,0.0,0.00028485566144809127,0.0,0.0,0.0,,0.0,0.0,0.0,0.0,0.0,0.0,0.0,0.0,0.0,0.004446286242455244,0.0,0.0,0.0,,0.0,0.006903916597366333,,0.0032303640618920326,0.0,0.0,0.0,0.0,0.0,0.007855664007365704,0.0,0.0,0.0,0.011428353376686573,0.0,0.014265907928347588,0.0,0.0,0.0,0.0,0.0,0.0,0.0,0.0,0.0,0.0,0.0,0.0,0.0071387211792171,0.0,0.0,0.0,0.010663309134542942,0.009583434090018272,0.0,0.00991410668939352,0.0,0.0,0.0,0.019269602373242378,0.0,0.0,0.0,0.0,0.0,0.0,0.0,0.0,0.004451911896467209,0.0,0.0,0.0,0.0,0.0,0.015617968514561653,0.0,0.008543897420167923,0.0,0.0,0.017431413754820824,0.0,0.0,0.0,0.0,0.0,0.011158911511301994,0.0,0.006921166554093361,0.0,0.013884417712688446,0.0,0.0,0.0,0.0,0.0,0.017269155010581017,0.0,0.00583390099927783,0.0,0.0,,,,,,,,,,,,,,,,,,,,,,,,,,,,,,,,,,,,,,,,,,,,,,,,,,,,,,,,,,,,,,,,,,,,,,,,,,,,,,,,,,,,,,,,,,,,,,,,,,,,,,,,,,,,,,,,,,,,,,,,,,,,,,
2021-01-20,740079.3767660763,89.27854160835204,,,,,,,,,,,76494.84123570709,,1039061.7711000025,,,,,,,,,,,,,,,,,,,,,,,,,,,,,,,,,,,,,,,,,,,4470.453547953717,,,,,,,,,,,,,,,,,,,,,,11190.854596227411,9385.6104333931,3322.883401489793,7421.891063893989,8748.295379572133,70895.66629219204,23044.509065315833,4662.957218398774,26951.635132699692,,,,,,,,,,,,,,,,,,,,,,,,,,,,,,,,,,,,0.007672586012631655,0.0,0.0,0.01092440728098154,0.0,0.0,0.0,0.0,0.0,0.0,0.0,0.0,0.0,0.0,0.0,0.0,,0.0,,0.0,,0.0,0.0,0.0,0.010507198981940746,0.0,,0.0,0.0,0.010712611488997936,0.0,0.012846814468502998,0.0,,0.0,,,,0.0,0.0,0.0,,0.0,0.0,0.0012285824632272124,0.009027548134326935,0.0,,,0.0,,0.0,0.0,0.0,0.0,0.0,0.0,0.0,0.0,0.006439491640776396,0.015234255231916904,0.0,0.0,0.0,,0.011381476186215878,0.0,0.0,0.0,0.015055594965815544,,0.0005889178719371557,0.0,,0.0,0.0,0.0,0.0,,0.0,0.0,0.0,,0.0,,0.0,0.0,,0.0,,0.0,0.0,0.0030229962430894375,0.01743323914706707,0.0,0.012673601508140564,0.0,0.016194811090826988,0.0,,,0.009300514124333858,0.0,,,,,0.0,0.0,0.0,0.0,0.0,0.0,0.0,0.0,0.0,,0.012146583758294582,0.0019998527131974697,0.0,,0.019029388204216957,0.0,0.0015352413756772876,0.0,0.0,0.0,,0.002669151872396469,,0.014855947345495224,0.0,0.0,0.01175154373049736,,0.0,0.0,,0.0,0.0,0.0,0.0,0.0,0.0001421356719220057,0.0011042432161048055,0.0,0.0,0.0046468619257211685,0.003770541399717331,0.0,0.0012880248250439763,,0.02132318913936615,0.0,0.004850889090448618,0.0,,0.0,0.007785265799611807,0.0,0.0,0.0,0.0,0.0061191171407699585,0.0,0.0,0.0,,0.015078713186085224,0.0,0.0,,,,0.006918592378497124,0.002163069089874625,,0.0,0.0,0.0,0.0,,0.0,,0.0,0.0,0.013318006880581379,0.0,0.0,0.0,,,,0.0,0.01897398941218853,0.0,0.0,0.0,,0.0,0.008289680816233158,0.007186546456068754,0.0,,0.0,0.015495573170483112,0.0,0.0,0.0,,0.002988440217450261,0.0071138362400233746,0.006663523148745298,0.0,,0.0029522741679102182,0.007444577291607857,0.00870683416724205,0.0,0.015951599925756454,0.0,,0.0,0.0,0.0,0.0,0.0,0.0,,0.0,,0.005740217864513397,0.007723913062363863,0.0016765532782301307,0.0,0.0,0.0,0.0,,0.0,0.011521018110215664,0.0028374833054840565,,,0.0,0.0,0.0,0.0,0.0,0.0,0.0,0.0,0.0,,0.0,0.0,0.0014217449352145195,,0.0,0.0,0.0,0.015036061406135559,0.0,0.0,0.0,,,0.0,0.002523822244256735,0.0,0.0,0.0,,0.012212172150611877,,0.010441260412335396,0.0,,0.0,0.0001980172237381339,0.0,0.0,,,0.0,0.009777898900210857,,0.011562291532754898,0.0,,,0.0,0.021612513810396194,0.0,0.0,0.0,0.0,0.0,,,0.0,0.0,0.0,0.0,0.0,,,0.0,0.0,0.0,,0.0,0.0,,0.0,0.0,0.010721533559262753,,0.0,0.0,0.0,0.0,,0.0,0.0,,0.0,0.0,0.0,0.000222572882194072,0.004138255026191473,0.0,0.0,0.0,0.0,0.0,0.0,0.0,0.0,,0.01636638306081295,,0.0,0.013081780634820461,0.00596213573589921,0.0,0.0,0.0,0.00783260352909565,0.013072560541331768,0.0,0.01504174992442131,0.0,,0.0,,0.0,0.007702955510467291,0.0,,0.0,0.0,0.0,0.0064319828525185585,0.0,0.0,0.0,0.0,0.006455377209931612,0.002276746090501547,0.0,,,0.0,0.0,0.0,,,,0.0,0.0,,0.0,,0.0,,0.0,,,0.0,,,,,0.0,,0.0,0.009475049562752247,0.0,,0.0,0.0,0.0006172159337438643,,0.011276694014668465,0.0,,0.0,0.008886725641787052,0.0,,,0.0,,0.01935204491019249,0.0,0.0,,0.0,0.0019069688860327005,,,,0.0,0.0,0.0,0.0,0.0,7.387471123365685e-05,,,,0.007764055393636227,0.0,,0.0,,0.0,0.0,0.0,0.0,,,0.0,0.0,,,0.0,,0.0,,0.0,0.0,0.0,0.0,0.0,0.0,0.0,,0.0,0.010640541091561317,0.0,0.0,0.0,,,0.0,0.0,0.0,0.0,0.004161264281719923,0.0073729087598621845,,,,0.007771022617816925,0.0,0.0,0.0,,,0.008342444896697998,0.0,0.0,,0.0,,,,,0.0,0.013751369901001453,0.0,,0.0,,,0.0,,0.006028351373970509,0.0,0.0,0.0,,0.006963010877370834,0.0,,0.0,0.0,0.0,0.0,0.0,,0.0025301980786025524,0.0,0.0,,0.0,0.0,0.0,0.0,0.0,0.0,0.0,,0.0009805925656110048,0.0,0.0,0.007419695612043142,0.0,0.0,0.0,,0.0,0.0,0.0,0.010489208623766899,0.0,0.0,0.0,0.0,0.0,0.0,0.00028485566144809127,0.0,0.0,0.0,,0.0,0.0,0.0,0.0,0.0,0.0,0.0,0.0,0.0,0.004446286242455244,0.0,0.0,0.0,,0.0,0.006903916597366333,,0.0032303640618920326,0.0,0.0,0.0,0.0,0.0,0.007855664007365704,0.0,0.0,0.0,0.011428353376686573,0.0,0.014265907928347588,0.0,0.0,0.0,0.0,0.0,0.0,0.0,0.0,0.0,0.0,0.0,0.0,0.0071387211792171,0.0,0.0,0.0,0.010663309134542942,0.009583434090018272,0.0,0.00991410668939352,0.0,0.0,0.0,0.019269602373242378,0.0,0.0,0.0,0.0,0.0,0.0,0.0,0.0,0.004451911896467209,0.0,0.0,0.0,0.0,0.0,0.015617968514561653,0.0,0.008543897420167923,0.0,0.0,0.017431413754820824,0.0,0.0,0.0,0.0,0.0,0.011158911511301994,0.0,0.006921166554093361,0.0,0.013884417712688446,0.0,0.0,0.0,0.0,0.0,0.017269155010581017,0.0,0.00583390099927783,0.0,0.0,,,,,,,,,,,,,,,,,,,,,,,,,,,,,,,,,,,,,,,,,,,,,,,,,,,,,,,,,,,,,,,,,,,,,,,,,,,,,,,,,,,,,,,,,,,,,,,,,,,,,,,,,,,,,,,,,,,,,,,,,,,,,,
2021-01-21,737877.6285530166,89.27854160835204,,,,,,,,,,,76494.84123570709,,1039061.7711000025,,,,,,,,,,,,,,,,,,,,,,,,,,,,,,,,,,,,,,,,,,,4470.453547953717,,,,,,,,,,,,,,,,,,,,,,11190.854596227411,9385.6104333931,3322.883401489793,7421.891063893989,8748.295379572133,70895.66629219204,23044.509065315833,4662.957218398774,26951.635132699692,,,,,,,,,,,,,,,,,,,,,,,,,,,,,,,,,,,,0.007672586012631655,0.0,0.0,0.01092440728098154,0.0,0.0,0.0,0.0,0.0,0.0,0.0,0.0,0.0,0.0,0.0,0.0,,0.0,,0.0,,0.0,0.0,0.0,0.010507198981940746,0.0,,0.0,0.0,0.010712611488997936,0.0,0.012846814468502998,0.0,,0.0,,,,0.0,0.0,0.0,,0.0,0.0,0.0012285824632272124,0.009027548134326935,0.0,,,0.0,,0.0,0.0,0.0,0.0,0.0,0.0,0.0,0.0,0.006439491640776396,0.015234255231916904,0.0,0.0,0.0,,0.011381476186215878,0.0,0.0,0.0,0.015055594965815544,,0.0005889178719371557,0.0,,0.0,0.0,0.0,0.0,,0.0,0.0,0.0,,0.0,,0.0,0.0,,0.0,,0.0,0.0,0.0030229962430894375,0.01743323914706707,0.0,0.012673601508140564,0.0,0.016194811090826988,0.0,,,0.009300514124333858,0.0,,,,,0.0,0.0,0.0,0.0,0.0,0.0,0.0,0.0,0.0,,0.012146583758294582,0.0019998527131974697,0.0,,0.019029388204216957,0.0,0.0015352413756772876,0.0,0.0,0.0,,0.002669151872396469,,0.014855947345495224,0.0,0.0,0.01175154373049736,,0.0,0.0,,0.0,0.0,0.0,0.0,0.0,0.0001421356719220057,0.0011042432161048055,0.0,0.0,0.0046468619257211685,0.003770541399717331,0.0,0.0012880248250439763,,0.02132318913936615,0.0,0.004850889090448618,0.0,,0.0,0.007785265799611807,0.0,0.0,0.0,0.0,0.0061191171407699585,0.0,0.0,0.0,,0.015078713186085224,0.0,0.0,,,,0.006918592378497124,0.002163069089874625,,0.0,0.0,0.0,0.0,,0.0,,0.0,0.0,0.013318006880581379,0.0,0.0,0.0,,,,0.0,0.01897398941218853,0.0,0.0,0.0,,0.0,0.008289680816233158,0.007186546456068754,0.0,,0.0,0.015495573170483112,0.0,0.0,0.0,,0.002988440217450261,0.0071138362400233746,0.006663523148745298,0.0,,0.0029522741679102182,0.007444577291607857,0.00870683416724205,0.0,0.015951599925756454,0.0,,0.0,0.0,0.0,0.0,0.0,0.0,,0.0,,0.005740217864513397,0.007723913062363863,0.0016765532782301307,0.0,0.0,0.0,0.0,,0.0,0.011521018110215664,0.0028374833054840565,,,0.0,0.0,0.0,0.0,0.0,0.0,0.0,0.0,0.0,,0.0,0.0,0.0014217449352145195,,0.0,0.0,0.0,0.015036061406135559,0.0,0.0,0.0,,,0.0,0.002523822244256735,0.0,0.0,0.0,,0.012212172150611877,,0.010441260412335396,0.0,,0.0,0.0001980172237381339,0.0,0.0,,,0.0,0.009777898900210857,,0.011562291532754898,0.0,,,0.0,0.021612513810396194,0.0,0.0,0.0,0.0,0.0,,,0.0,0.0,0.0,0.0,0.0,,,0.0,0.0,0.0,,0.0,0.0,,0.0,0.0,0.010721533559262753,,0.0,0.0,0.0,0.0,,0.0,0.0,,0.0,0.0,0.0,0.000222572882194072,0.004138255026191473,0.0,0.0,0.0,0.0,0.0,0.0,0.0,0.0,,0.01636638306081295,,0.0,0.013081780634820461,0.00596213573589921,0.0,0.0,0.0,0.00783260352909565,0.013072560541331768,0.0,0.01504174992442131,0.0,,0.0,,0.0,0.007702955510467291,0.0,,0.0,0.0,0.0,0.0064319828525185585,0.0,0.0,0.0,0.0,0.006455377209931612,0.002276746090501547,0.0,,,0.0,0.0,0.0,,,,0.0,0.0,,0.0,,0.0,,0.0,,,0.0,,,,,0.0,,0.0,0.009475049562752247,0.0,,0.0,0.0,0.0006172159337438643,,0.011276694014668465,0.0,,0.0,0.008886725641787052,0.0,,,0.0,,0.01935204491019249,0.0,0.0,,0.0,0.0019069688860327005,,,,0.0,0.0,0.0,0.0,0.0,7.387471123365685e-05,,,,0.007764055393636227,0.0,,0.0,,0.0,0.0,0.0,0.0,,,0.0,0.0,,,0.0,,0.0,,0.0,0.0,0.0,0.0,0.0,0.0,0.0,,0.0,0.010640541091561317,0.0,0.0,0.0,,,0.0,0.0,0.0,0.0,0.004161264281719923,0.0073729087598621845,,,,0.007771022617816925,0.0,0.0,0.0,,,0.008342444896697998,0.0,0.0,,0.0,,,,,0.0,0.013751369901001453,0.0,,0.0,,,0.0,,0.006028351373970509,0.0,0.0,0.0,,0.006963010877370834,0.0,,0.0,0.0,0.0,0.0,0.0,,0.0025301980786025524,0.0,0.0,,0.0,0.0,0.0,0.0,0.0,0.0,0.0,,0.0009805925656110048,0.0,0.0,0.007419695612043142,0.0,0.0,0.0,,0.0,0.0,0.0,0.010489208623766899,0.0,0.0,0.0,0.0,0.0,0.0,0.00028485566144809127,0.0,0.0,0.0,,0.0,0.0,0.0,0.0,0.0,0.0,0.0,0.0,0.0,0.004446286242455244,0.0,0.0,0.0,,0.0,0.006903916597366333,,0.0032303640618920326,0.0,0.0,0.0,0.0,0.0,0.007855664007365704,0.0,0.0,0.0,0.011428353376686573,0.0,0.014265907928347588,0.0,0.0,0.0,0.0,0.0,0.0,0.0,0.0,0.0,0.0,0.0,0.0,0.0071387211792171,0.0,0.0,0.0,0.010663309134542942,0.009583434090018272,0.0,0.00991410668939352,0.0,0.0,0.0,0.019269602373242378,0.0,0.0,0.0,0.0,0.0,0.0,0.0,0.0,0.004451911896467209,0.0,0.0,0.0,0.0,0.0,0.015617968514561653,0.0,0.008543897420167923,0.0,0.0,0.017431413754820824,0.0,0.0,0.0,0.0,0.0,0.011158911511301994,0.0,0.006921166554093361,0.0,0.013884417712688446,0.0,0.0,0.0,0.0,0.0,0.017269155010581017,0.0,0.00583390099927783,0.0,0.0,,,,,,,,,,,,,,,,,,,,,,,,,,,,,,,,,,,,,,,,,,,,,,,,,,,,,,,,,,,,,,,,,,,,,,,,,,,,,,,,,,,,,,,,,,,,,,,,,,,,,,,,,,,,,,,,,,,,,,,,,,,,,,
2021-01-22,725936.3744930291,89.27854160835204,,,,,,,,,,,76494.84123570709,,1039061.7711000025,,,,,,,,,,,,,,,,,,,,,,,,,,,,,,,,,,,,,,,,,,,4470.453547953717,,,,,,,,,,,,,,,,,,,,,,11190.854596227411,9385.6104333931,3322.883401489793,7421.891063893989,8748.295379572133,70895.66629219204,23044.509065315833,4662.957218398774,26951.635132699692,,,,,,,,,,,,,,,,,,,,,,,,,,,,,,,,,,,,0.007672586012631655,0.0,0.0,0.01092440728098154,0.0,0.0,0.0,0.0,0.0,0.0,0.0,0.0,0.0,0.0,0.0,0.0,,0.0,,0.0,,0.0,0.0,0.0,0.010507198981940746,0.0,,0.0,0.0,0.010712611488997936,0.0,0.012846814468502998,0.0,,0.0,,,,0.0,0.0,0.0,,0.0,0.0,0.0012285824632272124,0.009027548134326935,0.0,,,0.0,,0.0,0.0,0.0,0.0,0.0,0.0,0.0,0.0,0.006439491640776396,0.015234255231916904,0.0,0.0,0.0,,0.011381476186215878,0.0,0.0,0.0,0.015055594965815544,,0.0005889178719371557,0.0,,0.0,0.0,0.0,0.0,,0.0,0.0,0.0,,0.0,,0.0,0.0,,0.0,,0.0,0.0,0.0030229962430894375,0.01743323914706707,0.0,0.012673601508140564,0.0,0.016194811090826988,0.0,,,0.009300514124333858,0.0,,,,,0.0,0.0,0.0,0.0,0.0,0.0,0.0,0.0,0.0,,0.012146583758294582,0.0019998527131974697,0.0,,0.019029388204216957,0.0,0.0015352413756772876,0.0,0.0,0.0,,0.002669151872396469,,0.014855947345495224,0.0,0.0,0.01175154373049736,,0.0,0.0,,0.0,0.0,0.0,0.0,0.0,0.0001421356719220057,0.0011042432161048055,0.0,0.0,0.0046468619257211685,0.003770541399717331,0.0,0.0012880248250439763,,0.02132318913936615,0.0,0.004850889090448618,0.0,,0.0,0.007785265799611807,0.0,0.0,0.0,0.0,0.0061191171407699585,0.0,0.0,0.0,,0.015078713186085224,0.0,0.0,,,,0.006918592378497124,0.002163069089874625,,0.0,0.0,0.0,0.0,,0.0,,0.0,0.0,0.013318006880581379,0.0,0.0,0.0,,,,0.0,0.01897398941218853,0.0,0.0,0.0,,0.0,0.008289680816233158,0.007186546456068754,0.0,,0.0,0.015495573170483112,0.0,0.0,0.0,,0.002988440217450261,0.0071138362400233746,0.006663523148745298,0.0,,0.0029522741679102182,0.007444577291607857,0.00870683416724205,0.0,0.015951599925756454,0.0,,0.0,0.0,0.0,0.0,0.0,0.0,,0.0,,0.005740217864513397,0.007723913062363863,0.0016765532782301307,0.0,0.0,0.0,0.0,,0.0,0.011521018110215664,0.0028374833054840565,,,0.0,0.0,0.0,0.0,0.0,0.0,0.0,0.0,0.0,,0.0,0.0,0.0014217449352145195,,0.0,0.0,0.0,0.015036061406135559,0.0,0.0,0.0,,,0.0,0.002523822244256735,0.0,0.0,0.0,,0.012212172150611877,,0.010441260412335396,0.0,,0.0,0.0001980172237381339,0.0,0.0,,,0.0,0.009777898900210857,,0.011562291532754898,0.0,,,0.0,0.021612513810396194,0.0,0.0,0.0,0.0,0.0,,,0.0,0.0,0.0,0.0,0.0,,,0.0,0.0,0.0,,0.0,0.0,,0.0,0.0,0.010721533559262753,,0.0,0.0,0.0,0.0,,0.0,0.0,,0.0,0.0,0.0,0.000222572882194072,0.004138255026191473,0.0,0.0,0.0,0.0,0.0,0.0,0.0,0.0,,0.01636638306081295,,0.0,0.013081780634820461,0.00596213573589921,0.0,0.0,0.0,0.00783260352909565,0.013072560541331768,0.0,0.01504174992442131,0.0,,0.0,,0.0,0.007702955510467291,0.0,,0.0,0.0,0.0,0.0064319828525185585,0.0,0.0,0.0,0.0,0.006455377209931612,0.002276746090501547,0.0,,,0.0,0.0,0.0,,,,0.0,0.0,,0.0,,0.0,,0.0,,,0.0,,,,,0.0,,0.0,0.009475049562752247,0.0,,0.0,0.0,0.0006172159337438643,,0.011276694014668465,0.0,,0.0,0.008886725641787052,0.0,,,0.0,,0.01935204491019249,0.0,0.0,,0.0,0.0019069688860327005,,,,0.0,0.0,0.0,0.0,0.0,7.387471123365685e-05,,,,0.007764055393636227,0.0,,0.0,,0.0,0.0,0.0,0.0,,,0.0,0.0,,,0.0,,0.0,,0.0,0.0,0.0,0.0,0.0,0.0,0.0,,0.0,0.010640541091561317,0.0,0.0,0.0,,,0.0,0.0,0.0,0.0,0.004161264281719923,0.0073729087598621845,,,,0.007771022617816925,0.0,0.0,0.0,,,0.008342444896697998,0.0,0.0,,0.0,,,,,0.0,0.013751369901001453,0.0,,0.0,,,0.0,,0.006028351373970509,0.0,0.0,0.0,,0.006963010877370834,0.0,,0.0,0.0,0.0,0.0,0.0,,0.0025301980786025524,0.0,0.0,,0.0,0.0,0.0,0.0,0.0,0.0,0.0,,0.0009805925656110048,0.0,0.0,0.007419695612043142,0.0,0.0,0.0,,0.0,0.0,0.0,0.010489208623766899,0.0,0.0,0.0,0.0,0.0,0.0,0.00028485566144809127,0.0,0.0,0.0,,0.0,0.0,0.0,0.0,0.0,0.0,0.0,0.0,0.0,0.004446286242455244,0.0,0.0,0.0,,0.0,0.006903916597366333,,0.0032303640618920326,0.0,0.0,0.0,0.0,0.0,0.007855664007365704,0.0,0.0,0.0,0.011428353376686573,0.0,0.014265907928347588,0.0,0.0,0.0,0.0,0.0,0.0,0.0,0.0,0.0,0.0,0.0,0.0,0.0071387211792171,0.0,0.0,0.0,0.010663309134542942,0.009583434090018272,0.0,0.00991410668939352,0.0,0.0,0.0,0.019269602373242378,0.0,0.0,0.0,0.0,0.0,0.0,0.0,0.0,0.004451911896467209,0.0,0.0,0.0,0.0,0.0,0.015617968514561653,0.0,0.008543897420167923,0.0,0.0,0.017431413754820824,0.0,0.0,0.0,0.0,0.0,0.011158911511301994,0.0,0.006921166554093361,0.0,0.013884417712688446,0.0,0.0,0.0,0.0,0.0,0.017269155010581017,0.0,0.00583390099927783,0.0,0.0,,,,,,,,,,,,,,,,,,,,,,,,,,,,,,,,,,,,,,,,,,,,,,,,,,,,,,,,,,,,,,,,,,,,,,,,,,,,,,,,,,,,,,,,,,,,,,,,,,,,,,,,,,,,,,,,,,,,,,,,,,,,,,
2021-01-25,730363.0982140112,89.27854160835204,,,,,,,,,,,76494.84123570709,,1039061.7711000025,,,,,,,,,,,,,,,,,,,,,,,,,,,,,,,,,,,,,,,,,,,4470.453547953717,,,,,,,,,,,,,,,,,,,,,,11190.854596227411,9385.6104333931,3322.883401489793,7421.891063893989,8748.295379572133,70895.66629219204,23044.509065315833,4662.957218398774,26951.635132699692,,,,,,,,,,,,,,,,,,,,,,,,,,,,,,,,,,,,0.007672586012631655,0.0,0.0,0.01092440728098154,0.0,0.0,0.0,0.0,0.0,0.0,0.0,0.0,0.0,0.0,0.0,0.0,,0.0,,0.0,,0.0,0.0,0.0,0.010507198981940746,0.0,,0.0,0.0,0.010712611488997936,0.0,0.012846814468502998,0.0,,0.0,,,,0.0,0.0,0.0,,0.0,0.0,0.0012285824632272124,0.009027548134326935,0.0,,,0.0,,0.0,0.0,0.0,0.0,0.0,0.0,0.0,0.0,0.006439491640776396,0.015234255231916904,0.0,0.0,0.0,,0.011381476186215878,0.0,0.0,0.0,0.015055594965815544,,0.0005889178719371557,0.0,,0.0,0.0,0.0,0.0,,0.0,0.0,0.0,,0.0,,0.0,0.0,,0.0,,0.0,0.0,0.0030229962430894375,0.01743323914706707,0.0,0.012673601508140564,0.0,0.016194811090826988,0.0,,,0.009300514124333858,0.0,,,,,0.0,0.0,0.0,0.0,0.0,0.0,0.0,0.0,0.0,,0.012146583758294582,0.0019998527131974697,0.0,,0.019029388204216957,0.0,0.0015352413756772876,0.0,0.0,0.0,,0.002669151872396469,,0.014855947345495224,0.0,0.0,0.01175154373049736,,0.0,0.0,,0.0,0.0,0.0,0.0,0.0,0.0001421356719220057,0.0011042432161048055,0.0,0.0,0.0046468619257211685,0.003770541399717331,0.0,0.0012880248250439763,,0.02132318913936615,0.0,0.004850889090448618,0.0,,0.0,0.007785265799611807,0.0,0.0,0.0,0.0,0.0061191171407699585,0.0,0.0,0.0,,0.015078713186085224,0.0,0.0,,,,0.006918592378497124,0.002163069089874625,,0.0,0.0,0.0,0.0,,0.0,,0.0,0.0,0.013318006880581379,0.0,0.0,0.0,,,,0.0,0.01897398941218853,0.0,0.0,0.0,,0.0,0.008289680816233158,0.007186546456068754,0.0,,0.0,0.015495573170483112,0.0,0.0,0.0,,0.002988440217450261,0.0071138362400233746,0.006663523148745298,0.0,,0.0029522741679102182,0.007444577291607857,0.00870683416724205,0.0,0.015951599925756454,0.0,,0.0,0.0,0.0,0.0,0.0,0.0,,0.0,,0.005740217864513397,0.007723913062363863,0.0016765532782301307,0.0,0.0,0.0,0.0,,0.0,0.011521018110215664,0.0028374833054840565,,,0.0,0.0,0.0,0.0,0.0,0.0,0.0,0.0,0.0,,0.0,0.0,0.0014217449352145195,,0.0,0.0,0.0,0.015036061406135559,0.0,0.0,0.0,,,0.0,0.002523822244256735,0.0,0.0,0.0,,0.012212172150611877,,0.010441260412335396,0.0,,0.0,0.0001980172237381339,0.0,0.0,,,0.0,0.009777898900210857,,0.011562291532754898,0.0,,,0.0,0.021612513810396194,0.0,0.0,0.0,0.0,0.0,,,0.0,0.0,0.0,0.0,0.0,,,0.0,0.0,0.0,,0.0,0.0,,0.0,0.0,0.010721533559262753,,0.0,0.0,0.0,0.0,,0.0,0.0,,0.0,0.0,0.0,0.000222572882194072,0.004138255026191473,0.0,0.0,0.0,0.0,0.0,0.0,0.0,0.0,,0.01636638306081295,,0.0,0.013081780634820461,0.00596213573589921,0.0,0.0,0.0,0.00783260352909565,0.013072560541331768,0.0,0.01504174992442131,0.0,,0.0,,0.0,0.007702955510467291,0.0,,0.0,0.0,0.0,0.0064319828525185585,0.0,0.0,0.0,0.0,0.006455377209931612,0.002276746090501547,0.0,,,0.0,0.0,0.0,,,,0.0,0.0,,0.0,,0.0,,0.0,,,0.0,,,,,0.0,,0.0,0.009475049562752247,0.0,,0.0,0.0,0.0006172159337438643,,0.011276694014668465,0.0,,0.0,0.008886725641787052,0.0,,,0.0,,0.01935204491019249,0.0,0.0,,0.0,0.0019069688860327005,,,,0.0,0.0,0.0,0.0,0.0,7.387471123365685e-05,,,,0.007764055393636227,0.0,,0.0,,0.0,0.0,0.0,0.0,,,0.0,0.0,,,0.0,,0.0,,0.0,0.0,0.0,0.0,0.0,0.0,0.0,,0.0,0.010640541091561317,0.0,0.0,0.0,,,0.0,0.0,0.0,0.0,0.004161264281719923,0.0073729087598621845,,,,0.007771022617816925,0.0,0.0,0.0,,,0.008342444896697998,0.0,0.0,,0.0,,,,,0.0,0.013751369901001453,0.0,,0.0,,,0.0,,0.006028351373970509,0.0,0.0,0.0,,0.006963010877370834,0.0,,0.0,0.0,0.0,0.0,0.0,,0.0025301980786025524,0.0,0.0,,0.0,0.0,0.0,0.0,0.0,0.0,0.0,,0.0009805925656110048,0.0,0.0,0.007419695612043142,0.0,0.0,0.0,,0.0,0.0,0.0,0.010489208623766899,0.0,0.0,0.0,0.0,0.0,0.0,0.00028485566144809127,0.0,0.0,0.0,,0.0,0.0,0.0,0.0,0.0,0.0,0.0,0.0,0.0,0.004446286242455244,0.0,0.0,0.0,,0.0,0.006903916597366333,,0.0032303640618920326,0.0,0.0,0.0,0.0,0.0,0.007855664007365704,0.0,0.0,0.0,0.011428353376686573,0.0,0.014265907928347588,0.0,0.0,0.0,0.0,0.0,0.0,0.0,0.0,0.0,0.0,0.0,0.0,0.0071387211792171,0.0,0.0,0.0,0.010663309134542942,0.009583434090018272,0.0,0.00991410668939352,0.0,0.0,0.0,0.019269602373242378,0.0,0.0,0.0,0.0,0.0,0.0,0.0,0.0,0.004451911896467209,0.0,0.0,0.0,0.0,0.0,0.015617968514561653,0.0,0.008543897420167923,0.0,0.0,0.017431413754820824,0.0,0.0,0.0,0.0,0.0,0.011158911511301994,0.0,0.006921166554093361,0.0,0.013884417712688446,0.0,0.0,0.0,0.0,0.0,0.017269155010581017,0.0,0.00583390099927783,0.0,0.0,,,,,,,,,,,,,,,,,,,,,,,,,,,,,,,,,,,,,,,,,,,,,,,,,,,,,,,,,,,,,,,,,,,,,,,,,,,,,,,,,,,,,,,,,,,,,,,,,,,,,,,,,,,,,,,,,,,,,,,,,,,,,,
2021-01-26,724756.8985528545,89.27854160835204,,,,,,,,,,,76494.84123570709,,1039061.7711000025,,,,,,,,,,,,,,,,,,,,,,,,,,,,,,,,,,,,,,,,,,,4470.453547953717,,,,,,,,,,,,,,,,,,,,,,11190.854596227411,9385.6104333931,3322.883401489793,7421.891063893989,8748.295379572133,70895.66629219204,23044.509065315833,4662.957218398774,26951.635132699692,,,,,,,,,,,,,,,,,,,,,,,,,,,,,,,,,,,,0.007672586012631655,0.0,0.0,0.01092440728098154,0.0,0.0,0.0,0.0,0.0,0.0,0.0,0.0,0.0,0.0,0.0,0.0,,0.0,,0.0,,0.0,0.0,0.0,0.010507198981940746,0.0,,0.0,0.0,0.010712611488997936,0.0,0.012846814468502998,0.0,,0.0,,,,0.0,0.0,0.0,,0.0,0.0,0.0012285824632272124,0.009027548134326935,0.0,,,0.0,,0.0,0.0,0.0,0.0,0.0,0.0,0.0,0.0,0.006439491640776396,0.015234255231916904,0.0,0.0,0.0,,0.011381476186215878,0.0,0.0,0.0,0.015055594965815544,,0.0005889178719371557,0.0,,0.0,0.0,0.0,0.0,,0.0,0.0,0.0,,0.0,,0.0,0.0,,0.0,,0.0,0.0,0.0030229962430894375,0.01743323914706707,0.0,0.012673601508140564,0.0,0.016194811090826988,0.0,,,0.009300514124333858,0.0,,,,,0.0,0.0,0.0,0.0,0.0,0.0,0.0,0.0,0.0,,0.012146583758294582,0.0019998527131974697,0.0,,0.019029388204216957,0.0,0.0015352413756772876,0.0,0.0,0.0,,0.002669151872396469,,0.014855947345495224,0.0,0.0,0.01175154373049736,,0.0,0.0,,0.0,0.0,0.0,0.0,0.0,0.0001421356719220057,0.0011042432161048055,0.0,0.0,0.0046468619257211685,0.003770541399717331,0.0,0.0012880248250439763,,0.02132318913936615,0.0,0.004850889090448618,0.0,,0.0,0.007785265799611807,0.0,0.0,0.0,0.0,0.0061191171407699585,0.0,0.0,0.0,,0.015078713186085224,0.0,0.0,,,,0.006918592378497124,0.002163069089874625,,0.0,0.0,0.0,0.0,,0.0,,0.0,0.0,0.013318006880581379,0.0,0.0,0.0,,,,0.0,0.01897398941218853,0.0,0.0,0.0,,0.0,0.008289680816233158,0.007186546456068754,0.0,,0.0,0.015495573170483112,0.0,0.0,0.0,,0.002988440217450261,0.0071138362400233746,0.006663523148745298,0.0,,0.0029522741679102182,0.007444577291607857,0.00870683416724205,0.0,0.015951599925756454,0.0,,0.0,0.0,0.0,0.0,0.0,0.0,,0.0,,0.005740217864513397,0.007723913062363863,0.0016765532782301307,0.0,0.0,0.0,0.0,,0.0,0.011521018110215664,0.0028374833054840565,,,0.0,0.0,0.0,0.0,0.0,0.0,0.0,0.0,0.0,,0.0,0.0,0.0014217449352145195,,0.0,0.0,0.0,0.015036061406135559,0.0,0.0,0.0,,,0.0,0.002523822244256735,0.0,0.0,0.0,,0.012212172150611877,,0.010441260412335396,0.0,,0.0,0.0001980172237381339,0.0,0.0,,,0.0,0.009777898900210857,,0.011562291532754898,0.0,,,0.0,0.021612513810396194,0.0,0.0,0.0,0.0,0.0,,,0.0,0.0,0.0,0.0,0.0,,,0.0,0.0,0.0,,0.0,0.0,,0.0,0.0,0.010721533559262753,,0.0,0.0,0.0,0.0,,0.0,0.0,,0.0,0.0,0.0,0.000222572882194072,0.004138255026191473,0.0,0.0,0.0,0.0,0.0,0.0,0.0,0.0,,0.01636638306081295,,0.0,0.013081780634820461,0.00596213573589921,0.0,0.0,0.0,0.00783260352909565,0.013072560541331768,0.0,0.01504174992442131,0.0,,0.0,,0.0,0.007702955510467291,0.0,,0.0,0.0,0.0,0.0064319828525185585,0.0,0.0,0.0,0.0,0.006455377209931612,0.002276746090501547,0.0,,,0.0,0.0,0.0,,,,0.0,0.0,,0.0,,0.0,,0.0,,,0.0,,,,,0.0,,0.0,0.009475049562752247,0.0,,0.0,0.0,0.0006172159337438643,,0.011276694014668465,0.0,,0.0,0.008886725641787052,0.0,,,0.0,,0.01935204491019249,0.0,0.0,,0.0,0.0019069688860327005,,,,0.0,0.0,0.0,0.0,0.0,7.387471123365685e-05,,,,0.007764055393636227,0.0,,0.0,,0.0,0.0,0.0,0.0,,,0.0,0.0,,,0.0,,0.0,,0.0,0.0,0.0,0.0,0.0,0.0,0.0,,0.0,0.010640541091561317,0.0,0.0,0.0,,,0.0,0.0,0.0,0.0,0.004161264281719923,0.0073729087598621845,,,,0.007771022617816925,0.0,0.0,0.0,,,0.008342444896697998,0.0,0.0,,0.0,,,,,0.0,0.013751369901001453,0.0,,0.0,,,0.0,,0.006028351373970509,0.0,0.0,0.0,,0.006963010877370834,0.0,,0.0,0.0,0.0,0.0,0.0,,0.0025301980786025524,0.0,0.0,,0.0,0.0,0.0,0.0,0.0,0.0,0.0,,0.0009805925656110048,0.0,0.0,0.007419695612043142,0.0,0.0,0.0,,0.0,0.0,0.0,0.010489208623766899,0.0,0.0,0.0,0.0,0.0,0.0,0.00028485566144809127,0.0,0.0,0.0,,0.0,0.0,0.0,0.0,0.0,0.0,0.0,0.0,0.0,0.004446286242455244,0.0,0.0,0.0,,0.0,0.006903916597366333,,0.0032303640618920326,0.0,0.0,0.0,0.0,0.0,0.007855664007365704,0.0,0.0,0.0,0.011428353376686573,0.0,0.014265907928347588,0.0,0.0,0.0,0.0,0.0,0.0,0.0,0.0,0.0,0.0,0.0,0.0,0.0071387211792171,0.0,0.0,0.0,0.010663309134542942,0.009583434090018272,0.0,0.00991410668939352,0.0,0.0,0.0,0.019269602373242378,0.0,0.0,0.0,0.0,0.0,0.0,0.0,0.0,0.004451911896467209,0.0,0.0,0.0,0.0,0.0,0.015617968514561653,0.0,0.008543897420167923,0.0,0.0,0.017431413754820824,0.0,0.0,0.0,0.0,0.0,0.011158911511301994,0.0,0.006921166554093361,0.0,0.013884417712688446,0.0,0.0,0.0,0.0,0.0,0.017269155010581017,0.0,0.00583390099927783,0.0,0.0,,,,,,,,,,,,,,,,,,,,,,,,,,,,,,,,,,,,,,,,,,,,,,,,,,,,,,,,,,,,,,,,,,,,,,,,,,,,,,,,,,,,,,,,,,,,,,,,,,,,,,,,,,,,,,,,,,,,,,,,,,,,,,
2021-01-27,724407.2192426535,89.27854160835204,,,,,,,,,,,76494.84123570709,,1039061.7711000025,,,,,,,,,,,,,,,,,,,,,,,,,,,,,,,,,,,,,,,,,,,4470.453547953717,,,,,,,,,,,,,,,,,,,,,,11190.854596227411,9385.6104333931,3322.883401489793,7421.891063893989,8748.295379572133,70895.66629219204,23044.509065315833,4662.957218398774,26951.635132699692,,,,,,,,,,,,,,,,,,,,,,,,,,,,,,,,,,,,0.007672586012631655,0.0,0.0,0.01092440728098154,0.0,0.0,0.0,0.0,0.0,0.0,0.0,0.0,0.0,0.0,0.0,0.0,,0.0,,0.0,,0.0,0.0,0.0,0.010507198981940746,0.0,,0.0,0.0,0.010712611488997936,0.0,0.012846814468502998,0.0,,0.0,,,,0.0,0.0,0.0,,0.0,0.0,0.0012285824632272124,0.009027548134326935,0.0,,,0.0,,0.0,0.0,0.0,0.0,0.0,0.0,0.0,0.0,0.006439491640776396,0.015234255231916904,0.0,0.0,0.0,,0.011381476186215878,0.0,0.0,0.0,0.015055594965815544,,0.0005889178719371557,0.0,,0.0,0.0,0.0,0.0,,0.0,0.0,0.0,,0.0,,0.0,0.0,,0.0,,0.0,0.0,0.0030229962430894375,0.01743323914706707,0.0,0.012673601508140564,0.0,0.016194811090826988,0.0,,,0.009300514124333858,0.0,,,,,0.0,0.0,0.0,0.0,0.0,0.0,0.0,0.0,0.0,,0.012146583758294582,0.0019998527131974697,0.0,,0.019029388204216957,0.0,0.0015352413756772876,0.0,0.0,0.0,,0.002669151872396469,,0.014855947345495224,0.0,0.0,0.01175154373049736,,0.0,0.0,,0.0,0.0,0.0,0.0,0.0,0.0001421356719220057,0.0011042432161048055,0.0,0.0,0.0046468619257211685,0.003770541399717331,0.0,0.0012880248250439763,,0.02132318913936615,0.0,0.004850889090448618,0.0,,0.0,0.007785265799611807,0.0,0.0,0.0,0.0,0.0061191171407699585,0.0,0.0,0.0,,0.015078713186085224,0.0,0.0,,,,0.006918592378497124,0.002163069089874625,,0.0,0.0,0.0,0.0,,0.0,,0.0,0.0,0.013318006880581379,0.0,0.0,0.0,,,,0.0,0.01897398941218853,0.0,0.0,0.0,,0.0,0.008289680816233158,0.007186546456068754,0.0,,0.0,0.015495573170483112,0.0,0.0,0.0,,0.002988440217450261,0.0071138362400233746,0.006663523148745298,0.0,,0.0029522741679102182,0.007444577291607857,0.00870683416724205,0.0,0.015951599925756454,0.0,,0.0,0.0,0.0,0.0,0.0,0.0,,0.0,,0.005740217864513397,0.007723913062363863,0.0016765532782301307,0.0,0.0,0.0,0.0,,0.0,0.011521018110215664,0.0028374833054840565,,,0.0,0.0,0.0,0.0,0.0,0.0,0.0,0.0,0.0,,0.0,0.0,0.0014217449352145195,,0.0,0.0,0.0,0.015036061406135559,0.0,0.0,0.0,,,0.0,0.002523822244256735,0.0,0.0,0.0,,0.012212172150611877,,0.010441260412335396,0.0,,0.0,0.0001980172237381339,0.0,0.0,,,0.0,0.009777898900210857,,0.011562291532754898,0.0,,,0.0,0.021612513810396194,0.0,0.0,0.0,0.0,0.0,,,0.0,0.0,0.0,0.0,0.0,,,0.0,0.0,0.0,,0.0,0.0,,0.0,0.0,0.010721533559262753,,0.0,0.0,0.0,0.0,,0.0,0.0,,0.0,0.0,0.0,0.000222572882194072,0.004138255026191473,0.0,0.0,0.0,0.0,0.0,0.0,0.0,0.0,,0.01636638306081295,,0.0,0.013081780634820461,0.00596213573589921,0.0,0.0,0.0,0.00783260352909565,0.013072560541331768,0.0,0.01504174992442131,0.0,,0.0,,0.0,0.007702955510467291,0.0,,0.0,0.0,0.0,0.0064319828525185585,0.0,0.0,0.0,0.0,0.006455377209931612,0.002276746090501547,0.0,,,0.0,0.0,0.0,,,,0.0,0.0,,0.0,,0.0,,0.0,,,0.0,,,,,0.0,,0.0,0.009475049562752247,0.0,,0.0,0.0,0.0006172159337438643,,0.011276694014668465,0.0,,0.0,0.008886725641787052,0.0,,,0.0,,0.01935204491019249,0.0,0.0,,0.0,0.0019069688860327005,,,,0.0,0.0,0.0,0.0,0.0,7.387471123365685e-05,,,,0.007764055393636227,0.0,,0.0,,0.0,0.0,0.0,0.0,,,0.0,0.0,,,0.0,,0.0,,0.0,0.0,0.0,0.0,0.0,0.0,0.0,,0.0,0.010640541091561317,0.0,0.0,0.0,,,0.0,0.0,0.0,0.0,0.004161264281719923,0.0073729087598621845,,,,0.007771022617816925,0.0,0.0,0.0,,,0.008342444896697998,0.0,0.0,,0.0,,,,,0.0,0.013751369901001453,0.0,,0.0,,,0.0,,0.006028351373970509,0.0,0.0,0.0,,0.006963010877370834,0.0,,0.0,0.0,0.0,0.0,0.0,,0.0025301980786025524,0.0,0.0,,0.0,0.0,0.0,0.0,0.0,0.0,0.0,,0.0009805925656110048,0.0,0.0,0.007419695612043142,0.0,0.0,0.0,,0.0,0.0,0.0,0.010489208623766899,0.0,0.0,0.0,0.0,0.0,0.0,0.00028485566144809127,0.0,0.0,0.0,,0.0,0.0,0.0,0.0,0.0,0.0,0.0,0.0,0.0,0.004446286242455244,0.0,0.0,0.0,,0.0,0.006903916597366333,,0.0032303640618920326,0.0,0.0,0.0,0.0,0.0,0.007855664007365704,0.0,0.0,0.0,0.011428353376686573,0.0,0.014265907928347588,0.0,0.0,0.0,0.0,0.0,0.0,0.0,0.0,0.0,0.0,0.0,0.0,0.0071387211792171,0.0,0.0,0.0,0.010663309134542942,0.009583434090018272,0.0,0.00991410668939352,0.0,0.0,0.0,0.019269602373242378,0.0,0.0,0.0,0.0,0.0,0.0,0.0,0.0,0.004451911896467209,0.0,0.0,0.0,0.0,0.0,0.015617968514561653,0.0,0.008543897420167923,0.0,0.0,0.017431413754820824,0.0,0.0,0.0,0.0,0.0,0.011158911511301994,0.0,0.006921166554093361,0.0,0.013884417712688446,0.0,0.0,0.0,0.0,0.0,0.017269155010581017,0.0,0.00583390099927783,0.0,0.0,,,,,,,,,,,,,,,,,,,,,,,,,,,,,,,,,,,,,,,,,,,,,,,,,,,,,,,,,,,,,,,,,,,,,,,,,,,,,,,,,,,,,,,,,,,,,,,,,,,,,,,,,,,,,,,,,,,,,,,,,,,,,,
2021-01-28,717993.9021517169,87.00676354288123,,,,,,,,,,,76494.84123570709,,1039061.7711000025,,,,,,,,,,,,,,,,,,,,,,,,,,,,,,,,,,,,,,,,,,,4470.453547953717,,,,,,,,,,,,,,,,,,,,,,11190.854596227411,9385.6104333931,3322.883401489793,7421.891063893989,8748.576693619654,70895.66629219204,23044.509065315833,4662.957218398774,26951.635132699692,,,,,,,,,,,,,,,,,,,,,,,,,,,,,,,,,,,,0.007672586012631655,0.0,0.0,0.01092440728098154,0.0,0.0,0.0,0.0,0.0,0.0,0.0,0.0,0.0,0.0,0.0,0.0,,0.0,,0.0,,0.0,0.0,0.0,0.010507198981940746,0.0,,0.0,0.0,0.010712611488997936,0.0,0.012846814468502998,0.0,,0.0,,,,0.0,0.0,0.0,,0.0,0.0,0.0012285824632272124,0.009027548134326935,0.0,,,0.0,,0.0,0.0,0.0,0.0,0.0,0.0,0.0,0.0,0.006439491640776396,0.015234255231916904,0.0,0.0,0.0,,0.011381476186215878,0.0,0.0,0.0,0.015055594965815544,,0.0005889178719371557,0.0,,0.0,0.0,0.0,0.0,,0.0,0.0,0.0,,0.0,,0.0,0.0,,0.0,,0.0,0.0,0.0030229962430894375,0.01743323914706707,0.0,0.012673601508140564,0.0,0.016194811090826988,0.0,,,0.009300514124333858,0.0,,,,,0.0,0.0,0.0,0.0,0.0,0.0,0.0,0.0,0.0,,0.012146583758294582,0.0019998527131974697,0.0,,0.019029388204216957,0.0,0.0015352413756772876,0.0,0.0,0.0,,0.002669151872396469,,0.014855947345495224,0.0,0.0,0.01175154373049736,,0.0,0.0,,0.0,0.0,0.0,0.0,0.0,0.0001421356719220057,0.0011042432161048055,0.0,0.0,0.0046468619257211685,0.003770541399717331,0.0,0.0012880248250439763,,0.02132318913936615,0.0,0.004850889090448618,0.0,,0.0,0.007785265799611807,0.0,0.0,0.0,0.0,0.0061191171407699585,0.0,0.0,0.0,,0.015078713186085224,0.0,0.0,,,,0.006918592378497124,0.002163069089874625,,0.0,0.0,0.0,0.0,,0.0,,0.0,0.0,0.013318006880581379,0.0,0.0,0.0,,,,0.0,0.01897398941218853,0.0,0.0,0.0,,0.0,0.008289680816233158,0.007186546456068754,0.0,,0.0,0.015495573170483112,0.0,0.0,0.0,,0.002988440217450261,0.0071138362400233746,0.006663523148745298,0.0,,0.0029522741679102182,0.007444577291607857,0.00870683416724205,0.0,0.015951599925756454,0.0,,0.0,0.0,0.0,0.0,0.0,0.0,,0.0,,0.005740217864513397,0.007723913062363863,0.0016765532782301307,0.0,0.0,0.0,0.0,,0.0,0.011521018110215664,0.0028374833054840565,,,0.0,0.0,0.0,0.0,0.0,0.0,0.0,0.0,0.0,,0.0,0.0,0.0014217449352145195,,0.0,0.0,0.0,0.015036061406135559,0.0,0.0,0.0,,,0.0,0.002523822244256735,0.0,0.0,0.0,,0.012212172150611877,,0.010441260412335396,0.0,,0.0,0.0001980172237381339,0.0,0.0,,,0.0,0.009777898900210857,,0.011562291532754898,0.0,,,0.0,0.021612513810396194,0.0,0.0,0.0,0.0,0.0,,,0.0,0.0,0.0,0.0,0.0,,,0.0,0.0,0.0,,0.0,0.0,,0.0,0.0,0.010721533559262753,,0.0,0.0,0.0,0.0,,0.0,0.0,,0.0,0.0,0.0,0.000222572882194072,0.004138255026191473,0.0,0.0,0.0,0.0,0.0,0.0,0.0,0.0,,0.01636638306081295,,0.0,0.013081780634820461,0.00596213573589921,0.0,0.0,0.0,0.00783260352909565,0.013072560541331768,0.0,0.01504174992442131,0.0,,0.0,,0.0,0.007702955510467291,0.0,,0.0,0.0,0.0,0.0064319828525185585,0.0,0.0,0.0,0.0,0.006455377209931612,0.002276746090501547,0.0,,,0.0,0.0,0.0,,,,0.0,0.0,,0.0,,0.0,,0.0,,,0.0,,,,,0.0,,0.0,0.009475049562752247,0.0,,0.0,0.0,0.0006172159337438643,,0.011276694014668465,0.0,,0.0,0.008886725641787052,0.0,,,0.0,,0.01935204491019249,0.0,0.0,,0.0,0.0019069688860327005,,,,0.0,0.0,0.0,0.0,0.0,7.387471123365685e-05,,,,0.007764055393636227,0.0,,0.0,,0.0,0.0,0.0,0.0,,,0.0,0.0,,,0.0,,0.0,,0.0,0.0,0.0,0.0,0.0,0.0,0.0,,0.0,0.010640541091561317,0.0,0.0,0.0,,,0.0,0.0,0.0,0.0,0.004161264281719923,0.0073729087598621845,,,,0.007771022617816925,0.0,0.0,0.0,,,0.008342444896697998,0.0,0.0,,0.0,,,,,0.0,0.013751369901001453,0.0,,0.0,,,0.0,,0.006028351373970509,0.0,0.0,0.0,,0.006963010877370834,0.0,,0.0,0.0,0.0,0.0,0.0,,0.0025301980786025524,0.0,0.0,,0.0,0.0,0.0,0.0,0.0,0.0,0.0,,0.0009805925656110048,0.0,0.0,0.007419695612043142,0.0,0.0,0.0,,0.0,0.0,0.0,0.010489208623766899,0.0,0.0,0.0,0.0,0.0,0.0,0.00028485566144809127,0.0,0.0,0.0,,0.0,0.0,0.0,0.0,0.0,0.0,0.0,0.0,0.0,0.004446286242455244,0.0,0.0,0.0,,0.0,0.006903916597366333,,0.0032303640618920326,0.0,0.0,0.0,0.0,0.0,0.007855664007365704,0.0,0.0,0.0,0.011428353376686573,0.0,0.014265907928347588,0.0,0.0,0.0,0.0,0.0,0.0,0.0,0.0,0.0,0.0,0.0,0.0,0.0071387211792171,0.0,0.0,0.0,0.010663309134542942,0.009583434090018272,0.0,0.00991410668939352,0.0,0.0,0.0,0.019269602373242378,0.0,0.0,0.0,0.0,0.0,0.0,0.0,0.0,0.004451911896467209,0.0,0.0,0.0,0.0,0.0,0.015617968514561653,0.0,0.008543897420167923,0.0,0.0,0.017431413754820824,0.0,0.0,0.0,0.0,0.0,0.011158911511301994,0.0,0.006921166554093361,0.0,0.013884417712688446,0.0,0.0,0.0,0.0,0.0,0.017269155010581017,0.0,0.00583390099927783,0.0,0.0,,,,,,,,,,,,,,,,,,,,,,,,,,,,,,,,,,,,,,,,,,,,,,,,,,,,,,,,,,,,,,,,,,,,,,,,,,,,,,,,,,,,,,,,,,,,,,,,,,,,,,,,,,,,,,,,,,,,,,,,,,,,,,
2021-01-29,717128.1250852605,87.62835366756003,,,,,,,,,,,76494.84123570709,,1039061.7711000025,,,,,,,,,,,,,,,,,,,,,,,,,,,,,,,,,,,,,,,,,,,4470.453547953717,,,,,,,,,,,,,,,,,,,,,,11190.854596227411,9385.6104333931,3322.883401489793,7421.891063893989,8748.498126614417,70895.66629219204,23044.509065315833,4662.957218398774,26951.635132699692,,,,,,,,,,,,,,,,,,,,,,,,,,,,,,,,,,,,0.007672586012631655,0.0,0.0,0.01092440728098154,0.0,0.0,0.0,0.0,0.0,0.0,0.0,0.0,0.0,0.0,0.0,0.0,,0.0,,0.0,,0.0,0.0,0.0,0.010507198981940746,0.0,,0.0,0.0,0.010712611488997936,0.0,0.012846814468502998,0.0,,0.0,,,,0.0,0.0,0.0,,0.0,0.0,0.0012285824632272124,0.009027548134326935,0.0,,,0.0,,0.0,0.0,0.0,0.0,0.0,0.0,0.0,0.0,0.006439491640776396,0.015234255231916904,0.0,0.0,0.0,,0.011381476186215878,0.0,0.0,0.0,0.015055594965815544,,0.0005889178719371557,0.0,,0.0,0.0,0.0,0.0,,0.0,0.0,0.0,,0.0,,0.0,0.0,,0.0,,0.0,0.0,0.0030229962430894375,0.01743323914706707,0.0,0.012673601508140564,0.0,0.016194811090826988,0.0,,,0.009300514124333858,0.0,,,,,0.0,0.0,0.0,0.0,0.0,0.0,0.0,0.0,0.0,,0.012146583758294582,0.0019998527131974697,0.0,,0.019029388204216957,0.0,0.0015352413756772876,0.0,0.0,0.0,,0.002669151872396469,,0.014855947345495224,0.0,0.0,0.01175154373049736,,0.0,0.0,,0.0,0.0,0.0,0.0,0.0,0.0001421356719220057,0.0011042432161048055,0.0,0.0,0.0046468619257211685,0.003770541399717331,0.0,0.0012880248250439763,,0.02132318913936615,0.0,0.004850889090448618,0.0,,0.0,0.007785265799611807,0.0,0.0,0.0,0.0,0.0061191171407699585,0.0,0.0,0.0,,0.015078713186085224,0.0,0.0,,,,0.006918592378497124,0.002163069089874625,,0.0,0.0,0.0,0.0,,0.0,,0.0,0.0,0.013318006880581379,0.0,0.0,0.0,,,,0.0,0.01897398941218853,0.0,0.0,0.0,,0.0,0.008289680816233158,0.007186546456068754,0.0,,0.0,0.015495573170483112,0.0,0.0,0.0,,0.002988440217450261,0.0071138362400233746,0.006663523148745298,0.0,,0.0029522741679102182,0.007444577291607857,0.00870683416724205,0.0,0.015951599925756454,0.0,,0.0,0.0,0.0,0.0,0.0,0.0,,0.0,,0.005740217864513397,0.007723913062363863,0.0016765532782301307,0.0,0.0,0.0,0.0,,0.0,0.011521018110215664,0.0028374833054840565,,,0.0,0.0,0.0,0.0,0.0,0.0,0.0,0.0,0.0,,0.0,0.0,0.0014217449352145195,,0.0,0.0,0.0,0.015036061406135559,0.0,0.0,0.0,,,0.0,0.002523822244256735,0.0,0.0,0.0,,0.012212172150611877,,0.010441260412335396,0.0,,0.0,0.0001980172237381339,0.0,0.0,,,0.0,0.009777898900210857,,0.011562291532754898,0.0,,,0.0,0.021612513810396194,0.0,0.0,0.0,0.0,0.0,,,0.0,0.0,0.0,0.0,0.0,,,0.0,0.0,0.0,,0.0,0.0,,0.0,0.0,0.010721533559262753,,0.0,0.0,0.0,0.0,,0.0,0.0,,0.0,0.0,0.0,0.000222572882194072,0.004138255026191473,0.0,0.0,0.0,0.0,0.0,0.0,0.0,0.0,,0.01636638306081295,,0.0,0.013081780634820461,0.00596213573589921,0.0,0.0,0.0,0.00783260352909565,0.013072560541331768,0.0,0.01504174992442131,0.0,,0.0,,0.0,0.007702955510467291,0.0,,0.0,0.0,0.0,0.0064319828525185585,0.0,0.0,0.0,0.0,0.006455377209931612,0.002276746090501547,0.0,,,0.0,0.0,0.0,,,,0.0,0.0,,0.0,,0.0,,0.0,,,0.0,,,,,0.0,,0.0,0.009475049562752247,0.0,,0.0,0.0,0.0006172159337438643,,0.011276694014668465,0.0,,0.0,0.008886725641787052,0.0,,,0.0,,0.01935204491019249,0.0,0.0,,0.0,0.0019069688860327005,,,,0.0,0.0,0.0,0.0,0.0,7.387471123365685e-05,,,,0.007764055393636227,0.0,,0.0,,0.0,0.0,0.0,0.0,,,0.0,0.0,,,0.0,,0.0,,0.0,0.0,0.0,0.0,0.0,0.0,0.0,,0.0,0.010640541091561317,0.0,0.0,0.0,,,0.0,0.0,0.0,0.0,0.004161264281719923,0.0073729087598621845,,,,0.007771022617816925,0.0,0.0,0.0,,,0.008342444896697998,0.0,0.0,,0.0,,,,,0.0,0.013751369901001453,0.0,,0.0,,,0.0,,0.006028351373970509,0.0,0.0,0.0,,0.006963010877370834,0.0,,0.0,0.0,0.0,0.0,0.0,,0.0025301980786025524,0.0,0.0,,0.0,0.0,0.0,0.0,0.0,0.0,0.0,,0.0009805925656110048,0.0,0.0,0.007419695612043142,0.0,0.0,0.0,,0.0,0.0,0.0,0.010489208623766899,0.0,0.0,0.0,0.0,0.0,0.0,0.00028485566144809127,0.0,0.0,0.0,,0.0,0.0,0.0,0.0,0.0,0.0,0.0,0.0,0.0,0.004446286242455244,0.0,0.0,0.0,,0.0,0.006903916597366333,,0.0032303640618920326,0.0,0.0,0.0,0.0,0.0,0.007855664007365704,0.0,0.0,0.0,0.011428353376686573,0.0,0.014265907928347588,0.0,0.0,0.0,0.0,0.0,0.0,0.0,0.0,0.0,0.0,0.0,0.0,0.0071387211792171,0.0,0.0,0.0,0.010663309134542942,0.009583434090018272,0.0,0.00991410668939352,0.0,0.0,0.0,0.019269602373242378,0.0,0.0,0.0,0.0,0.0,0.0,0.0,0.0,0.004451911896467209,0.0,0.0,0.0,0.0,0.0,0.015617968514561653,0.0,0.008543897420167923,0.0,0.0,0.017431413754820824,0.0,0.0,0.0,0.0,0.0,0.011158911511301994,0.0,0.006921166554093361,0.0,0.013884417712688446,0.0,0.0,0.0,0.0,0.0,0.017269155010581017,0.0,0.00583390099927783,0.0,0.0,,,,,,,,,,,,,,,,,,,,,,,,,,,,,,,,,,,,,,,,,,,,,,,,,,,,,,,,,,,,,,,,,,,,,,,,,,,,,,,,,,,,,,,,,,,,,,,,,,,,,,,,,,,,,,,,,,,,,,,,,,,,,,
2021-02-01,724957.6917440388,87.62835366756003,,,,,,,,,,,76494.84123570709,,1039061.7711000025,,,,,,,,,,,,,,,,,,,,,,,,,,,,,,,,,,,,,,,,,,,4470.453547953717,,,,,,,,,,,,,,,,,,,,,,11190.854596227411,9385.6104333931,3322.883401489793,7421.891063893989,8748.498126614417,70895.66629219204,23044.509065315833,4662.957218398774,26951.635132699692,,,,,,,,,,,,,,,,,,,,,,,,,,,,,,,,,,,,0.007672586012631655,0.0,0.0,0.01092440728098154,0.0,0.0,0.0,0.0,0.0,0.0,0.0,0.0,0.0,0.0,0.0,0.0,,0.0,,0.0,,0.0,0.0,0.0,0.010507198981940746,0.0,,0.0,0.0,0.010712611488997936,0.0,0.012846814468502998,0.0,,0.0,,,,0.0,0.0,0.0,,0.0,0.0,0.0012285824632272124,0.009027548134326935,0.0,,,0.0,,0.0,0.0,0.0,0.0,0.0,0.0,0.0,0.0,0.006439491640776396,0.015234255231916904,0.0,0.0,0.0,,0.011381476186215878,0.0,0.0,0.0,0.015055594965815544,,0.0005889178719371557,0.0,,0.0,0.0,0.0,0.0,,0.0,0.0,0.0,,0.0,,0.0,0.0,,0.0,,0.0,0.0,0.0030229962430894375,0.01743323914706707,0.0,0.012673601508140564,0.0,0.016194811090826988,0.0,,,0.009300514124333858,0.0,,,,,0.0,0.0,0.0,0.0,0.0,0.0,0.0,0.0,0.0,,0.012146583758294582,0.0019998527131974697,0.0,,0.019029388204216957,0.0,0.0015352413756772876,0.0,0.0,0.0,,0.002669151872396469,,0.014855947345495224,0.0,0.0,0.01175154373049736,,0.0,0.0,,0.0,0.0,0.0,0.0,0.0,0.0001421356719220057,0.0011042432161048055,0.0,0.0,0.0046468619257211685,0.003770541399717331,0.0,0.0012880248250439763,,0.02132318913936615,0.0,0.004850889090448618,0.0,,0.0,0.007785265799611807,0.0,0.0,0.0,0.0,0.0061191171407699585,0.0,0.0,0.0,,0.015078713186085224,0.0,0.0,,,,0.006918592378497124,0.002163069089874625,,0.0,0.0,0.0,0.0,,0.0,,0.0,0.0,0.013318006880581379,0.0,0.0,0.0,,,,0.0,0.01897398941218853,0.0,0.0,0.0,,0.0,0.008289680816233158,0.007186546456068754,0.0,,0.0,0.015495573170483112,0.0,0.0,0.0,,0.002988440217450261,0.0071138362400233746,0.006663523148745298,0.0,,0.0029522741679102182,0.007444577291607857,0.00870683416724205,0.0,0.015951599925756454,0.0,,0.0,0.0,0.0,0.0,0.0,0.0,,0.0,,0.005740217864513397,0.007723913062363863,0.0016765532782301307,0.0,0.0,0.0,0.0,,0.0,0.011521018110215664,0.0028374833054840565,,,0.0,0.0,0.0,0.0,0.0,0.0,0.0,0.0,0.0,,0.0,0.0,0.0014217449352145195,,0.0,0.0,0.0,0.015036061406135559,0.0,0.0,0.0,,,0.0,0.002523822244256735,0.0,0.0,0.0,,0.012212172150611877,,0.010441260412335396,0.0,,0.0,0.0001980172237381339,0.0,0.0,,,0.0,0.009777898900210857,,0.011562291532754898,0.0,,,0.0,0.021612513810396194,0.0,0.0,0.0,0.0,0.0,,,0.0,0.0,0.0,0.0,0.0,,,0.0,0.0,0.0,,0.0,0.0,,0.0,0.0,0.010721533559262753,,0.0,0.0,0.0,0.0,,0.0,0.0,,0.0,0.0,0.0,0.000222572882194072,0.004138255026191473,0.0,0.0,0.0,0.0,0.0,0.0,0.0,0.0,,0.01636638306081295,,0.0,0.013081780634820461,0.00596213573589921,0.0,0.0,0.0,0.00783260352909565,0.013072560541331768,0.0,0.01504174992442131,0.0,,0.0,,0.0,0.007702955510467291,0.0,,0.0,0.0,0.0,0.0064319828525185585,0.0,0.0,0.0,0.0,0.006455377209931612,0.002276746090501547,0.0,,,0.0,0.0,0.0,,,,0.0,0.0,,0.0,,0.0,,0.0,,,0.0,,,,,0.0,,0.0,0.009475049562752247,0.0,,0.0,0.0,0.0006172159337438643,,0.011276694014668465,0.0,,0.0,0.008886725641787052,0.0,,,0.0,,0.01935204491019249,0.0,0.0,,0.0,0.0019069688860327005,,,,0.0,0.0,0.0,0.0,0.0,7.387471123365685e-05,,,,0.007764055393636227,0.0,,0.0,,0.0,0.0,0.0,0.0,,,0.0,0.0,,,0.0,,0.0,,0.0,0.0,0.0,0.0,0.0,0.0,0.0,,0.0,0.010640541091561317,0.0,0.0,0.0,,,0.0,0.0,0.0,0.0,0.004161264281719923,0.0073729087598621845,,,,0.007771022617816925,0.0,0.0,0.0,,,0.008342444896697998,0.0,0.0,,0.0,,,,,0.0,0.013751369901001453,0.0,,0.0,,,0.0,,0.006028351373970509,0.0,0.0,0.0,,0.006963010877370834,0.0,,0.0,0.0,0.0,0.0,0.0,,0.0025301980786025524,0.0,0.0,,0.0,0.0,0.0,0.0,0.0,0.0,0.0,,0.0009805925656110048,0.0,0.0,0.007419695612043142,0.0,0.0,0.0,,0.0,0.0,0.0,0.010489208623766899,0.0,0.0,0.0,0.0,0.0,0.0,0.00028485566144809127,0.0,0.0,0.0,,0.0,0.0,0.0,0.0,0.0,0.0,0.0,0.0,0.0,0.004446286242455244,0.0,0.0,0.0,,0.0,0.006903916597366333,,0.0032303640618920326,0.0,0.0,0.0,0.0,0.0,0.007855664007365704,0.0,0.0,0.0,0.011428353376686573,0.0,0.014265907928347588,0.0,0.0,0.0,0.0,0.0,0.0,0.0,0.0,0.0,0.0,0.0,0.0,0.0071387211792171,0.0,0.0,0.0,0.010663309134542942,0.009583434090018272,0.0,0.00991410668939352,0.0,0.0,0.0,0.019269602373242378,0.0,0.0,0.0,0.0,0.0,0.0,0.0,0.0,0.004451911896467209,0.0,0.0,0.0,0.0,0.0,0.015617968514561653,0.0,0.008543897420167923,0.0,0.0,0.017431413754820824,0.0,0.0,0.0,0.0,0.0,0.011158911511301994,0.0,0.006921166554093361,0.0,0.013884417712688446,0.0,0.0,0.0,0.0,0.0,0.017269155010581017,0.0,0.00583390099927783,0.0,0.0,,,,,,,,,,,,,,,,,,,,,,,,,,,,,,,,,,,,,,,,,,,,,,,,,,,,,,,,,,,,,,,,,,,,,,,,,,,,,,,,,,,,,,,,,,,,,,,,,,,,,,,,,,,,,,,,,,,,,,,,,,,,,,
2021-02-02,726571.6969729342,87.62835366756003,,,,,,,,,,,76494.84123570709,,1039061.7711000025,,,,,,,,,,,,,,,,,,,,,,,,,,,,,,,,,,,,,,,,,,,4470.453547953717,,,,,,,,,,,,,,,,,,,,,,11190.854596227411,9385.6104333931,3322.883401489793,7421.891063893989,8748.498126614417,70895.66629219204,23044.509065315833,4662.957218398774,26951.635132699692,,,,,,,,,,,,,,,,,,,,,,,,,,,,,,,,,,,,0.007672586012631655,0.0,0.0,0.01092440728098154,0.0,0.0,0.0,0.0,0.0,0.0,0.0,0.0,0.0,0.0,0.0,0.0,,0.0,,0.0,,0.0,0.0,0.0,0.010507198981940746,0.0,,0.0,0.0,0.010712611488997936,0.0,0.012846814468502998,0.0,,0.0,,,,0.0,0.0,0.0,,0.0,0.0,0.0012285824632272124,0.009027548134326935,0.0,,,0.0,,0.0,0.0,0.0,0.0,0.0,0.0,0.0,0.0,0.006439491640776396,0.015234255231916904,0.0,0.0,0.0,,0.011381476186215878,0.0,0.0,0.0,0.015055594965815544,,0.0005889178719371557,0.0,,0.0,0.0,0.0,0.0,,0.0,0.0,0.0,,0.0,,0.0,0.0,,0.0,,0.0,0.0,0.0030229962430894375,0.01743323914706707,0.0,0.012673601508140564,0.0,0.016194811090826988,0.0,,,0.009300514124333858,0.0,,,,,0.0,0.0,0.0,0.0,0.0,0.0,0.0,0.0,0.0,,0.012146583758294582,0.0019998527131974697,0.0,,0.019029388204216957,0.0,0.0015352413756772876,0.0,0.0,0.0,,0.002669151872396469,,0.014855947345495224,0.0,0.0,0.01175154373049736,,0.0,0.0,,0.0,0.0,0.0,0.0,0.0,0.0001421356719220057,0.0011042432161048055,0.0,0.0,0.0046468619257211685,0.003770541399717331,0.0,0.0012880248250439763,,0.02132318913936615,0.0,0.004850889090448618,0.0,,0.0,0.007785265799611807,0.0,0.0,0.0,0.0,0.0061191171407699585,0.0,0.0,0.0,,0.015078713186085224,0.0,0.0,,,,0.006918592378497124,0.002163069089874625,,0.0,0.0,0.0,0.0,,0.0,,0.0,0.0,0.013318006880581379,0.0,0.0,0.0,,,,0.0,0.01897398941218853,0.0,0.0,0.0,,0.0,0.008289680816233158,0.007186546456068754,0.0,,0.0,0.015495573170483112,0.0,0.0,0.0,,0.002988440217450261,0.0071138362400233746,0.006663523148745298,0.0,,0.0029522741679102182,0.007444577291607857,0.00870683416724205,0.0,0.015951599925756454,0.0,,0.0,0.0,0.0,0.0,0.0,0.0,,0.0,,0.005740217864513397,0.007723913062363863,0.0016765532782301307,0.0,0.0,0.0,0.0,,0.0,0.011521018110215664,0.0028374833054840565,,,0.0,0.0,0.0,0.0,0.0,0.0,0.0,0.0,0.0,,0.0,0.0,0.0014217449352145195,,0.0,0.0,0.0,0.015036061406135559,0.0,0.0,0.0,,,0.0,0.002523822244256735,0.0,0.0,0.0,,0.012212172150611877,,0.010441260412335396,0.0,,0.0,0.0001980172237381339,0.0,0.0,,,0.0,0.009777898900210857,,0.011562291532754898,0.0,,,0.0,0.021612513810396194,0.0,0.0,0.0,0.0,0.0,,,0.0,0.0,0.0,0.0,0.0,,,0.0,0.0,0.0,,0.0,0.0,,0.0,0.0,0.010721533559262753,,0.0,0.0,0.0,0.0,,0.0,0.0,,0.0,0.0,0.0,0.000222572882194072,0.004138255026191473,0.0,0.0,0.0,0.0,0.0,0.0,0.0,0.0,,0.01636638306081295,,0.0,0.013081780634820461,0.00596213573589921,0.0,0.0,0.0,0.00783260352909565,0.013072560541331768,0.0,0.01504174992442131,0.0,,0.0,,0.0,0.007702955510467291,0.0,,0.0,0.0,0.0,0.0064319828525185585,0.0,0.0,0.0,0.0,0.006455377209931612,0.002276746090501547,0.0,,,0.0,0.0,0.0,,,,0.0,0.0,,0.0,,0.0,,0.0,,,0.0,,,,,0.0,,0.0,0.009475049562752247,0.0,,0.0,0.0,0.0006172159337438643,,0.011276694014668465,0.0,,0.0,0.008886725641787052,0.0,,,0.0,,0.01935204491019249,0.0,0.0,,0.0,0.0019069688860327005,,,,0.0,0.0,0.0,0.0,0.0,7.387471123365685e-05,,,,0.007764055393636227,0.0,,0.0,,0.0,0.0,0.0,0.0,,,0.0,0.0,,,0.0,,0.0,,0.0,0.0,0.0,0.0,0.0,0.0,0.0,,0.0,0.010640541091561317,0.0,0.0,0.0,,,0.0,0.0,0.0,0.0,0.004161264281719923,0.0073729087598621845,,,,0.007771022617816925,0.0,0.0,0.0,,,0.008342444896697998,0.0,0.0,,0.0,,,,,0.0,0.013751369901001453,0.0,,0.0,,,0.0,,0.006028351373970509,0.0,0.0,0.0,,0.006963010877370834,0.0,,0.0,0.0,0.0,0.0,0.0,,0.0025301980786025524,0.0,0.0,,0.0,0.0,0.0,0.0,0.0,0.0,0.0,,0.0009805925656110048,0.0,0.0,0.007419695612043142,0.0,0.0,0.0,,0.0,0.0,0.0,0.010489208623766899,0.0,0.0,0.0,0.0,0.0,0.0,0.00028485566144809127,0.0,0.0,0.0,,0.0,0.0,0.0,0.0,0.0,0.0,0.0,0.0,0.0,0.004446286242455244,0.0,0.0,0.0,,0.0,0.006903916597366333,,0.0032303640618920326,0.0,0.0,0.0,0.0,0.0,0.007855664007365704,0.0,0.0,0.0,0.011428353376686573,0.0,0.014265907928347588,0.0,0.0,0.0,0.0,0.0,0.0,0.0,0.0,0.0,0.0,0.0,0.0,0.0071387211792171,0.0,0.0,0.0,0.010663309134542942,0.009583434090018272,0.0,0.00991410668939352,0.0,0.0,0.0,0.019269602373242378,0.0,0.0,0.0,0.0,0.0,0.0,0.0,0.0,0.004451911896467209,0.0,0.0,0.0,0.0,0.0,0.015617968514561653,0.0,0.008543897420167923,0.0,0.0,0.017431413754820824,0.0,0.0,0.0,0.0,0.0,0.011158911511301994,0.0,0.006921166554093361,0.0,0.013884417712688446,0.0,0.0,0.0,0.0,0.0,0.017269155010581017,0.0,0.00583390099927783,0.0,0.0,,,,,,,,,,,,,,,,,,,,,,,,,,,,,,,,,,,,,,,,,,,,,,,,,,,,,,,,,,,,,,,,,,,,,,,,,,,,,,,,,,,,,,,,,,,,,,,,,,,,,,,,,,,,,,,,,,,,,,,,,,,,,,
2021-02-03,706841.0096932884,87.62835366756003,,,,,,,,,,,76494.84123570709,,1039061.7711000025,,,,,,,,,,,,,,,,,,,,,,,,,,,,,,,,,,,,,,,,,,,4470.453547953717,,,,,,,,,,,,,,,,,,,,,,11190.854596227411,9385.6104333931,3322.883401489793,7421.891063893989,8748.498126614417,70895.66629219204,23044.509065315833,4662.957218398774,26951.635132699692,,,,,,,,,,,,,,,,,,,,,,,,,,,,,,,,,,,,0.007672586012631655,0.0,0.0,0.01092440728098154,0.0,0.0,0.0,0.0,0.0,0.0,0.0,0.0,0.0,0.0,0.0,0.0,,0.0,,0.0,,0.0,0.0,0.0,0.010507198981940746,0.0,,0.0,0.0,0.010712611488997936,0.0,0.012846814468502998,0.0,,0.0,,,,0.0,0.0,0.0,,0.0,0.0,0.0012285824632272124,0.009027548134326935,0.0,,,0.0,,0.0,0.0,0.0,0.0,0.0,0.0,0.0,0.0,0.006439491640776396,0.015234255231916904,0.0,0.0,0.0,,0.011381476186215878,0.0,0.0,0.0,0.015055594965815544,,0.0005889178719371557,0.0,,0.0,0.0,0.0,0.0,,0.0,0.0,0.0,,0.0,,0.0,0.0,,0.0,,0.0,0.0,0.0030229962430894375,0.01743323914706707,0.0,0.012673601508140564,0.0,0.016194811090826988,0.0,,,0.009300514124333858,0.0,,,,,0.0,0.0,0.0,0.0,0.0,0.0,0.0,0.0,0.0,,0.012146583758294582,0.0019998527131974697,0.0,,0.019029388204216957,0.0,0.0015352413756772876,0.0,0.0,0.0,,0.002669151872396469,,0.014855947345495224,0.0,0.0,0.01175154373049736,,0.0,0.0,,0.0,0.0,0.0,0.0,0.0,0.0001421356719220057,0.0011042432161048055,0.0,0.0,0.0046468619257211685,0.003770541399717331,0.0,0.0012880248250439763,,0.02132318913936615,0.0,0.004850889090448618,0.0,,0.0,0.007785265799611807,0.0,0.0,0.0,0.0,0.0061191171407699585,0.0,0.0,0.0,,0.015078713186085224,0.0,0.0,,,,0.006918592378497124,0.002163069089874625,,0.0,0.0,0.0,0.0,,0.0,,0.0,0.0,0.013318006880581379,0.0,0.0,0.0,,,,0.0,0.01897398941218853,0.0,0.0,0.0,,0.0,0.008289680816233158,0.007186546456068754,0.0,,0.0,0.015495573170483112,0.0,0.0,0.0,,0.002988440217450261,0.0071138362400233746,0.006663523148745298,0.0,,0.0029522741679102182,0.007444577291607857,0.00870683416724205,0.0,0.015951599925756454,0.0,,0.0,0.0,0.0,0.0,0.0,0.0,,0.0,,0.005740217864513397,0.007723913062363863,0.0016765532782301307,0.0,0.0,0.0,0.0,,0.0,0.011521018110215664,0.0028374833054840565,,,0.0,0.0,0.0,0.0,0.0,0.0,0.0,0.0,0.0,,0.0,0.0,0.0014217449352145195,,0.0,0.0,0.0,0.015036061406135559,0.0,0.0,0.0,,,0.0,0.002523822244256735,0.0,0.0,0.0,,0.012212172150611877,,0.010441260412335396,0.0,,0.0,0.0001980172237381339,0.0,0.0,,,0.0,0.009777898900210857,,0.011562291532754898,0.0,,,0.0,0.021612513810396194,0.0,0.0,0.0,0.0,0.0,,,0.0,0.0,0.0,0.0,0.0,,,0.0,0.0,0.0,,0.0,0.0,,0.0,0.0,0.010721533559262753,,0.0,0.0,0.0,0.0,,0.0,0.0,,0.0,0.0,0.0,0.000222572882194072,0.004138255026191473,0.0,0.0,0.0,0.0,0.0,0.0,0.0,0.0,,0.01636638306081295,,0.0,0.013081780634820461,0.00596213573589921,0.0,0.0,0.0,0.00783260352909565,0.013072560541331768,0.0,0.01504174992442131,0.0,,0.0,,0.0,0.007702955510467291,0.0,,0.0,0.0,0.0,0.0064319828525185585,0.0,0.0,0.0,0.0,0.006455377209931612,0.002276746090501547,0.0,,,0.0,0.0,0.0,,,,0.0,0.0,,0.0,,0.0,,0.0,,,0.0,,,,,0.0,,0.0,0.009475049562752247,0.0,,0.0,0.0,0.0006172159337438643,,0.011276694014668465,0.0,,0.0,0.008886725641787052,0.0,,,0.0,,0.01935204491019249,0.0,0.0,,0.0,0.0019069688860327005,,,,0.0,0.0,0.0,0.0,0.0,7.387471123365685e-05,,,,0.007764055393636227,0.0,,0.0,,0.0,0.0,0.0,0.0,,,0.0,0.0,,,0.0,,0.0,,0.0,0.0,0.0,0.0,0.0,0.0,0.0,,0.0,0.010640541091561317,0.0,0.0,0.0,,,0.0,0.0,0.0,0.0,0.004161264281719923,0.0073729087598621845,,,,0.007771022617816925,0.0,0.0,0.0,,,0.008342444896697998,0.0,0.0,,0.0,,,,,0.0,0.013751369901001453,0.0,,0.0,,,0.0,,0.006028351373970509,0.0,0.0,0.0,,0.006963010877370834,0.0,,0.0,0.0,0.0,0.0,0.0,,0.0025301980786025524,0.0,0.0,,0.0,0.0,0.0,0.0,0.0,0.0,0.0,,0.0009805925656110048,0.0,0.0,0.007419695612043142,0.0,0.0,0.0,,0.0,0.0,0.0,0.010489208623766899,0.0,0.0,0.0,0.0,0.0,0.0,0.00028485566144809127,0.0,0.0,0.0,,0.0,0.0,0.0,0.0,0.0,0.0,0.0,0.0,0.0,0.004446286242455244,0.0,0.0,0.0,,0.0,0.006903916597366333,,0.0032303640618920326,0.0,0.0,0.0,0.0,0.0,0.007855664007365704,0.0,0.0,0.0,0.011428353376686573,0.0,0.014265907928347588,0.0,0.0,0.0,0.0,0.0,0.0,0.0,0.0,0.0,0.0,0.0,0.0,0.0071387211792171,0.0,0.0,0.0,0.010663309134542942,0.009583434090018272,0.0,0.00991410668939352,0.0,0.0,0.0,0.019269602373242378,0.0,0.0,0.0,0.0,0.0,0.0,0.0,0.0,0.004451911896467209,0.0,0.0,0.0,0.0,0.0,0.015617968514561653,0.0,0.008543897420167923,0.0,0.0,0.017431413754820824,0.0,0.0,0.0,0.0,0.0,0.011158911511301994,0.0,0.006921166554093361,0.0,0.013884417712688446,0.0,0.0,0.0,0.0,0.0,0.017269155010581017,0.0,0.00583390099927783,0.0,0.0,,,,,,,,,,,,,,,,,,,,,,,,,,,,,,,,,,,,,,,,,,,,,,,,,,,,,,,,,,,,,,,,,,,,,,,,,,,,,,,,,,,,,,,,,,,,,,,,,,,,,,,,,,,,,,,,,,,,,,,,,,,,,,
2021-02-04,693332.5178559615,87.62835366756003,,,,,,,,,,,76494.84123570709,,1039061.7711000025,,,,,,,,,,,,,,,,,,,,,,,,,,,,,,,,,,,,,,,,,,,4470.453547953717,,,,,,,,,,,,,,,,,,,,,,11190.854596227411,9385.6104333931,3322.883401489793,7421.891063893989,8748.498126614417,70895.66629219204,23044.509065315833,4662.957218398774,26951.635132699692,,,,,,,,,,,,,,,,,,,,,,,,,,,,,,,,,,,,0.007672586012631655,0.0,0.0,0.01092440728098154,0.0,0.0,0.0,0.0,0.0,0.0,0.0,0.0,0.0,0.0,0.0,0.0,,0.0,,0.0,,0.0,0.0,0.0,0.010507198981940746,0.0,,0.0,0.0,0.010712611488997936,0.0,0.012846814468502998,0.0,,0.0,,,,0.0,0.0,0.0,,0.0,0.0,0.0012285824632272124,0.009027548134326935,0.0,,,0.0,,0.0,0.0,0.0,0.0,0.0,0.0,0.0,0.0,0.006439491640776396,0.015234255231916904,0.0,0.0,0.0,,0.011381476186215878,0.0,0.0,0.0,0.015055594965815544,,0.0005889178719371557,0.0,,0.0,0.0,0.0,0.0,,0.0,0.0,0.0,,0.0,,0.0,0.0,,0.0,,0.0,0.0,0.0030229962430894375,0.01743323914706707,0.0,0.012673601508140564,0.0,0.016194811090826988,0.0,,,0.009300514124333858,0.0,,,,,0.0,0.0,0.0,0.0,0.0,0.0,0.0,0.0,0.0,,0.012146583758294582,0.0019998527131974697,0.0,,0.019029388204216957,0.0,0.0015352413756772876,0.0,0.0,0.0,,0.002669151872396469,,0.014855947345495224,0.0,0.0,0.01175154373049736,,0.0,0.0,,0.0,0.0,0.0,0.0,0.0,0.0001421356719220057,0.0011042432161048055,0.0,0.0,0.0046468619257211685,0.003770541399717331,0.0,0.0012880248250439763,,0.02132318913936615,0.0,0.004850889090448618,0.0,,0.0,0.007785265799611807,0.0,0.0,0.0,0.0,0.0061191171407699585,0.0,0.0,0.0,,0.015078713186085224,0.0,0.0,,,,0.006918592378497124,0.002163069089874625,,0.0,0.0,0.0,0.0,,0.0,,0.0,0.0,0.013318006880581379,0.0,0.0,0.0,,,,0.0,0.01897398941218853,0.0,0.0,0.0,,0.0,0.008289680816233158,0.007186546456068754,0.0,,0.0,0.015495573170483112,0.0,0.0,0.0,,0.002988440217450261,0.0071138362400233746,0.006663523148745298,0.0,,0.0029522741679102182,0.007444577291607857,0.00870683416724205,0.0,0.015951599925756454,0.0,,0.0,0.0,0.0,0.0,0.0,0.0,,0.0,,0.005740217864513397,0.007723913062363863,0.0016765532782301307,0.0,0.0,0.0,0.0,,0.0,0.011521018110215664,0.0028374833054840565,,,0.0,0.0,0.0,0.0,0.0,0.0,0.0,0.0,0.0,,0.0,0.0,0.0014217449352145195,,0.0,0.0,0.0,0.015036061406135559,0.0,0.0,0.0,,,0.0,0.002523822244256735,0.0,0.0,0.0,,0.012212172150611877,,0.010441260412335396,0.0,,0.0,0.0001980172237381339,0.0,0.0,,,0.0,0.009777898900210857,,0.011562291532754898,0.0,,,0.0,0.021612513810396194,0.0,0.0,0.0,0.0,0.0,,,0.0,0.0,0.0,0.0,0.0,,,0.0,0.0,0.0,,0.0,0.0,,0.0,0.0,0.010721533559262753,,0.0,0.0,0.0,0.0,,0.0,0.0,,0.0,0.0,0.0,0.000222572882194072,0.004138255026191473,0.0,0.0,0.0,0.0,0.0,0.0,0.0,0.0,,0.01636638306081295,,0.0,0.013081780634820461,0.00596213573589921,0.0,0.0,0.0,0.00783260352909565,0.013072560541331768,0.0,0.01504174992442131,0.0,,0.0,,0.0,0.007702955510467291,0.0,,0.0,0.0,0.0,0.0064319828525185585,0.0,0.0,0.0,0.0,0.006455377209931612,0.002276746090501547,0.0,,,0.0,0.0,0.0,,,,0.0,0.0,,0.0,,0.0,,0.0,,,0.0,,,,,0.0,,0.0,0.009475049562752247,0.0,,0.0,0.0,0.0006172159337438643,,0.011276694014668465,0.0,,0.0,0.008886725641787052,0.0,,,0.0,,0.01935204491019249,0.0,0.0,,0.0,0.0019069688860327005,,,,0.0,0.0,0.0,0.0,0.0,7.387471123365685e-05,,,,0.007764055393636227,0.0,,0.0,,0.0,0.0,0.0,0.0,,,0.0,0.0,,,0.0,,0.0,,0.0,0.0,0.0,0.0,0.0,0.0,0.0,,0.0,0.010640541091561317,0.0,0.0,0.0,,,0.0,0.0,0.0,0.0,0.004161264281719923,0.0073729087598621845,,,,0.007771022617816925,0.0,0.0,0.0,,,0.008342444896697998,0.0,0.0,,0.0,,,,,0.0,0.013751369901001453,0.0,,0.0,,,0.0,,0.006028351373970509,0.0,0.0,0.0,,0.006963010877370834,0.0,,0.0,0.0,0.0,0.0,0.0,,0.0025301980786025524,0.0,0.0,,0.0,0.0,0.0,0.0,0.0,0.0,0.0,,0.0009805925656110048,0.0,0.0,0.007419695612043142,0.0,0.0,0.0,,0.0,0.0,0.0,0.010489208623766899,0.0,0.0,0.0,0.0,0.0,0.0,0.00028485566144809127,0.0,0.0,0.0,,0.0,0.0,0.0,0.0,0.0,0.0,0.0,0.0,0.0,0.004446286242455244,0.0,0.0,0.0,,0.0,0.006903916597366333,,0.0032303640618920326,0.0,0.0,0.0,0.0,0.0,0.007855664007365704,0.0,0.0,0.0,0.011428353376686573,0.0,0.014265907928347588,0.0,0.0,0.0,0.0,0.0,0.0,0.0,0.0,0.0,0.0,0.0,0.0,0.0071387211792171,0.0,0.0,0.0,0.010663309134542942,0.009583434090018272,0.0,0.00991410668939352,0.0,0.0,0.0,0.019269602373242378,0.0,0.0,0.0,0.0,0.0,0.0,0.0,0.0,0.004451911896467209,0.0,0.0,0.0,0.0,0.0,0.015617968514561653,0.0,0.008543897420167923,0.0,0.0,0.017431413754820824,0.0,0.0,0.0,0.0,0.0,0.011158911511301994,0.0,0.006921166554093361,0.0,0.013884417712688446,0.0,0.0,0.0,0.0,0.0,0.017269155010581017,0.0,0.00583390099927783,0.0,0.0,,,,,,,,,,,,,,,,,,,,,,,,,,,,,,,,,,,,,,,,,,,,,,,,,,,,,,,,,,,,,,,,,,,,,,,,,,,,,,,,,,,,,,,,,,,,,,,,,,,,,,,,,,,,,,,,,,,,,,,,,,,,,,
2021-02-05,691791.2896293971,87.62835366756003,,,,,,,,,,,76494.84123570709,,1039061.7711000025,,,,,,,,,,,,,,,,,,,,,,,,,,,,,,,,,,,,,,,,,,,4470.453547953717,,,,,,,,,,,,,,,,,,,,,,11190.854596227411,9385.6104333931,3322.883401489793,7421.891063893989,8748.498126614417,70895.66629219204,23044.509065315833,4662.957218398774,26951.635132699692,,,,,,,,,,,,,,,,,,,,,,,,,,,,,,,,,,,,0.007672586012631655,0.0,0.0,0.01092440728098154,0.0,0.0,0.0,0.0,0.0,0.0,0.0,0.0,0.0,0.0,0.0,0.0,,0.0,,0.0,,0.0,0.0,0.0,0.010507198981940746,0.0,,0.0,0.0,0.010712611488997936,0.0,0.012846814468502998,0.0,,0.0,,,,0.0,0.0,0.0,,0.0,0.0,0.0012285824632272124,0.009027548134326935,0.0,,,0.0,,0.0,0.0,0.0,0.0,0.0,0.0,0.0,0.0,0.006439491640776396,0.015234255231916904,0.0,0.0,0.0,,0.011381476186215878,0.0,0.0,0.0,0.015055594965815544,,0.0005889178719371557,0.0,,0.0,0.0,0.0,0.0,,0.0,0.0,0.0,,0.0,,0.0,0.0,,0.0,,0.0,0.0,0.0030229962430894375,0.01743323914706707,0.0,0.012673601508140564,0.0,0.016194811090826988,0.0,,,0.009300514124333858,0.0,,,,,0.0,0.0,0.0,0.0,0.0,0.0,0.0,0.0,0.0,,0.012146583758294582,0.0019998527131974697,0.0,,0.019029388204216957,0.0,0.0015352413756772876,0.0,0.0,0.0,,0.002669151872396469,,0.014855947345495224,0.0,0.0,0.01175154373049736,,0.0,0.0,,0.0,0.0,0.0,0.0,0.0,0.0001421356719220057,0.0011042432161048055,0.0,0.0,0.0046468619257211685,0.003770541399717331,0.0,0.0012880248250439763,,0.02132318913936615,0.0,0.004850889090448618,0.0,,0.0,0.007785265799611807,0.0,0.0,0.0,0.0,0.0061191171407699585,0.0,0.0,0.0,,0.015078713186085224,0.0,0.0,,,,0.006918592378497124,0.002163069089874625,,0.0,0.0,0.0,0.0,,0.0,,0.0,0.0,0.013318006880581379,0.0,0.0,0.0,,,,0.0,0.01897398941218853,0.0,0.0,0.0,,0.0,0.008289680816233158,0.007186546456068754,0.0,,0.0,0.015495573170483112,0.0,0.0,0.0,,0.002988440217450261,0.0071138362400233746,0.006663523148745298,0.0,,0.0029522741679102182,0.007444577291607857,0.00870683416724205,0.0,0.015951599925756454,0.0,,0.0,0.0,0.0,0.0,0.0,0.0,,0.0,,0.005740217864513397,0.007723913062363863,0.0016765532782301307,0.0,0.0,0.0,0.0,,0.0,0.011521018110215664,0.0028374833054840565,,,0.0,0.0,0.0,0.0,0.0,0.0,0.0,0.0,0.0,,0.0,0.0,0.0014217449352145195,,0.0,0.0,0.0,0.015036061406135559,0.0,0.0,0.0,,,0.0,0.002523822244256735,0.0,0.0,0.0,,0.012212172150611877,,0.010441260412335396,0.0,,0.0,0.0001980172237381339,0.0,0.0,,,0.0,0.009777898900210857,,0.011562291532754898,0.0,,,0.0,0.021612513810396194,0.0,0.0,0.0,0.0,0.0,,,0.0,0.0,0.0,0.0,0.0,,,0.0,0.0,0.0,,0.0,0.0,,0.0,0.0,0.010721533559262753,,0.0,0.0,0.0,0.0,,0.0,0.0,,0.0,0.0,0.0,0.000222572882194072,0.004138255026191473,0.0,0.0,0.0,0.0,0.0,0.0,0.0,0.0,,0.01636638306081295,,0.0,0.013081780634820461,0.00596213573589921,0.0,0.0,0.0,0.00783260352909565,0.013072560541331768,0.0,0.01504174992442131,0.0,,0.0,,0.0,0.007702955510467291,0.0,,0.0,0.0,0.0,0.0064319828525185585,0.0,0.0,0.0,0.0,0.006455377209931612,0.002276746090501547,0.0,,,0.0,0.0,0.0,,,,0.0,0.0,,0.0,,0.0,,0.0,,,0.0,,,,,0.0,,0.0,0.009475049562752247,0.0,,0.0,0.0,0.0006172159337438643,,0.011276694014668465,0.0,,0.0,0.008886725641787052,0.0,,,0.0,,0.01935204491019249,0.0,0.0,,0.0,0.0019069688860327005,,,,0.0,0.0,0.0,0.0,0.0,7.387471123365685e-05,,,,0.007764055393636227,0.0,,0.0,,0.0,0.0,0.0,0.0,,,0.0,0.0,,,0.0,,0.0,,0.0,0.0,0.0,0.0,0.0,0.0,0.0,,0.0,0.010640541091561317,0.0,0.0,0.0,,,0.0,0.0,0.0,0.0,0.004161264281719923,0.0073729087598621845,,,,0.007771022617816925,0.0,0.0,0.0,,,0.008342444896697998,0.0,0.0,,0.0,,,,,0.0,0.013751369901001453,0.0,,0.0,,,0.0,,0.006028351373970509,0.0,0.0,0.0,,0.006963010877370834,0.0,,0.0,0.0,0.0,0.0,0.0,,0.0025301980786025524,0.0,0.0,,0.0,0.0,0.0,0.0,0.0,0.0,0.0,,0.0009805925656110048,0.0,0.0,0.007419695612043142,0.0,0.0,0.0,,0.0,0.0,0.0,0.010489208623766899,0.0,0.0,0.0,0.0,0.0,0.0,0.00028485566144809127,0.0,0.0,0.0,,0.0,0.0,0.0,0.0,0.0,0.0,0.0,0.0,0.0,0.004446286242455244,0.0,0.0,0.0,,0.0,0.006903916597366333,,0.0032303640618920326,0.0,0.0,0.0,0.0,0.0,0.007855664007365704,0.0,0.0,0.0,0.011428353376686573,0.0,0.014265907928347588,0.0,0.0,0.0,0.0,0.0,0.0,0.0,0.0,0.0,0.0,0.0,0.0,0.0071387211792171,0.0,0.0,0.0,0.010663309134542942,0.009583434090018272,0.0,0.00991410668939352,0.0,0.0,0.0,0.019269602373242378,0.0,0.0,0.0,0.0,0.0,0.0,0.0,0.0,0.004451911896467209,0.0,0.0,0.0,0.0,0.0,0.015617968514561653,0.0,0.008543897420167923,0.0,0.0,0.017431413754820824,0.0,0.0,0.0,0.0,0.0,0.011158911511301994,0.0,0.006921166554093361,0.0,0.013884417712688446,0.0,0.0,0.0,0.0,0.0,0.017269155010581017,0.0,0.00583390099927783,0.0,0.0,,,,,,,,,,,,,,,,,,,,,,,,,,,,,,,,,,,,,,,,,,,,,,,,,,,,,,,,,,,,,,,,,,,,,,,,,,,,,,,,,,,,,,,,,,,,,,,,,,,,,,,,,,,,,,,,,,,,,,,,,,,,,,
2021-02-08,702083.9945733373,87.62835366756003,,,,,,,,,,,76494.84123570709,,1039061.7711000025,,,,,,,,,,,,,,,,,,,,,,,,,,,,,,,,,,,,,,,,,,,4470.453547953717,,,,,,,,,,,,,,,,,,,,,,11190.854596227411,9385.6104333931,3322.883401489793,7421.891063893989,8748.498126614417,70895.66629219204,23044.509065315833,4662.957218398774,26951.635132699692,,,,,,,,,,,,,,,,,,,,,,,,,,,,,,,,,,,,0.007672586012631655,0.0,0.0,0.01092440728098154,0.0,0.0,0.0,0.0,0.0,0.0,0.0,0.0,0.0,0.0,0.0,0.0,,0.0,,0.0,,0.0,0.0,0.0,0.010507198981940746,0.0,,0.0,0.0,0.010712611488997936,0.0,0.012846814468502998,0.0,,0.0,,,,0.0,0.0,0.0,,0.0,0.0,0.0012285824632272124,0.009027548134326935,0.0,,,0.0,,0.0,0.0,0.0,0.0,0.0,0.0,0.0,0.0,0.006439491640776396,0.015234255231916904,0.0,0.0,0.0,,0.011381476186215878,0.0,0.0,0.0,0.015055594965815544,,0.0005889178719371557,0.0,,0.0,0.0,0.0,0.0,,0.0,0.0,0.0,,0.0,,0.0,0.0,,0.0,,0.0,0.0,0.0030229962430894375,0.01743323914706707,0.0,0.012673601508140564,0.0,0.016194811090826988,0.0,,,0.009300514124333858,0.0,,,,,0.0,0.0,0.0,0.0,0.0,0.0,0.0,0.0,0.0,,0.012146583758294582,0.0019998527131974697,0.0,,0.019029388204216957,0.0,0.0015352413756772876,0.0,0.0,0.0,,0.002669151872396469,,0.014855947345495224,0.0,0.0,0.01175154373049736,,0.0,0.0,,0.0,0.0,0.0,0.0,0.0,0.0001421356719220057,0.0011042432161048055,0.0,0.0,0.0046468619257211685,0.003770541399717331,0.0,0.0012880248250439763,,0.02132318913936615,0.0,0.004850889090448618,0.0,,0.0,0.007785265799611807,0.0,0.0,0.0,0.0,0.0061191171407699585,0.0,0.0,0.0,,0.015078713186085224,0.0,0.0,,,,0.006918592378497124,0.002163069089874625,,0.0,0.0,0.0,0.0,,0.0,,0.0,0.0,0.013318006880581379,0.0,0.0,0.0,,,,0.0,0.01897398941218853,0.0,0.0,0.0,,0.0,0.008289680816233158,0.007186546456068754,0.0,,0.0,0.015495573170483112,0.0,0.0,0.0,,0.002988440217450261,0.0071138362400233746,0.006663523148745298,0.0,,0.0029522741679102182,0.007444577291607857,0.00870683416724205,0.0,0.015951599925756454,0.0,,0.0,0.0,0.0,0.0,0.0,0.0,,0.0,,0.005740217864513397,0.007723913062363863,0.0016765532782301307,0.0,0.0,0.0,0.0,,0.0,0.011521018110215664,0.0028374833054840565,,,0.0,0.0,0.0,0.0,0.0,0.0,0.0,0.0,0.0,,0.0,0.0,0.0014217449352145195,,0.0,0.0,0.0,0.015036061406135559,0.0,0.0,0.0,,,0.0,0.002523822244256735,0.0,0.0,0.0,,0.012212172150611877,,0.010441260412335396,0.0,,0.0,0.0001980172237381339,0.0,0.0,,,0.0,0.009777898900210857,,0.011562291532754898,0.0,,,0.0,0.021612513810396194,0.0,0.0,0.0,0.0,0.0,,,0.0,0.0,0.0,0.0,0.0,,,0.0,0.0,0.0,,0.0,0.0,,0.0,0.0,0.010721533559262753,,0.0,0.0,0.0,0.0,,0.0,0.0,,0.0,0.0,0.0,0.000222572882194072,0.004138255026191473,0.0,0.0,0.0,0.0,0.0,0.0,0.0,0.0,,0.01636638306081295,,0.0,0.013081780634820461,0.00596213573589921,0.0,0.0,0.0,0.00783260352909565,0.013072560541331768,0.0,0.01504174992442131,0.0,,0.0,,0.0,0.007702955510467291,0.0,,0.0,0.0,0.0,0.0064319828525185585,0.0,0.0,0.0,0.0,0.006455377209931612,0.002276746090501547,0.0,,,0.0,0.0,0.0,,,,0.0,0.0,,0.0,,0.0,,0.0,,,0.0,,,,,0.0,,0.0,0.009475049562752247,0.0,,0.0,0.0,0.0006172159337438643,,0.011276694014668465,0.0,,0.0,0.008886725641787052,0.0,,,0.0,,0.01935204491019249,0.0,0.0,,0.0,0.0019069688860327005,,,,0.0,0.0,0.0,0.0,0.0,7.387471123365685e-05,,,,0.007764055393636227,0.0,,0.0,,0.0,0.0,0.0,0.0,,,0.0,0.0,,,0.0,,0.0,,0.0,0.0,0.0,0.0,0.0,0.0,0.0,,0.0,0.010640541091561317,0.0,0.0,0.0,,,0.0,0.0,0.0,0.0,0.004161264281719923,0.0073729087598621845,,,,0.007771022617816925,0.0,0.0,0.0,,,0.008342444896697998,0.0,0.0,,0.0,,,,,0.0,0.013751369901001453,0.0,,0.0,,,0.0,,0.006028351373970509,0.0,0.0,0.0,,0.006963010877370834,0.0,,0.0,0.0,0.0,0.0,0.0,,0.0025301980786025524,0.0,0.0,,0.0,0.0,0.0,0.0,0.0,0.0,0.0,,0.0009805925656110048,0.0,0.0,0.007419695612043142,0.0,0.0,0.0,,0.0,0.0,0.0,0.010489208623766899,0.0,0.0,0.0,0.0,0.0,0.0,0.00028485566144809127,0.0,0.0,0.0,,0.0,0.0,0.0,0.0,0.0,0.0,0.0,0.0,0.0,0.004446286242455244,0.0,0.0,0.0,,0.0,0.006903916597366333,,0.0032303640618920326,0.0,0.0,0.0,0.0,0.0,0.007855664007365704,0.0,0.0,0.0,0.011428353376686573,0.0,0.014265907928347588,0.0,0.0,0.0,0.0,0.0,0.0,0.0,0.0,0.0,0.0,0.0,0.0,0.0071387211792171,0.0,0.0,0.0,0.010663309134542942,0.009583434090018272,0.0,0.00991410668939352,0.0,0.0,0.0,0.019269602373242378,0.0,0.0,0.0,0.0,0.0,0.0,0.0,0.0,0.004451911896467209,0.0,0.0,0.0,0.0,0.0,0.015617968514561653,0.0,0.008543897420167923,0.0,0.0,0.017431413754820824,0.0,0.0,0.0,0.0,0.0,0.011158911511301994,0.0,0.006921166554093361,0.0,0.013884417712688446,0.0,0.0,0.0,0.0,0.0,0.017269155010581017,0.0,0.00583390099927783,0.0,0.0,,,,,,,,,,,,,,,,,,,,,,,,,,,,,,,,,,,,,,,,,,,,,,,,,,,,,,,,,,,,,,,,,,,,,,,,,,,,,,,,,,,,,,,,,,,,,,,,,,,,,,,,,,,,,,,,,,,,,,,,,,,,,,
2021-02-09,719821.3165571094,3410.020839757981,,,,,,,,,,,76494.84123570709,,1039061.7711000025,,,,,,,,,,,,,,,,,,,,,,,,,,,,,,,,,,,,,,,,,,,4267.048025154545,,,,,,,,,,,,,,,,,,,,,,11190.854596227411,9385.6104333931,3322.883401489793,7421.891063893989,8748.844085452994,70895.66629219204,23044.509065315833,4662.957218398774,26951.635132699692,,,,,,,,,,,,,,,,,,,,,,,,,,,,,,,,,,,,0.007672586012631655,0.0,0.0,0.01092440728098154,0.0,0.0,0.0,0.0,0.0,0.0,0.0,0.0,0.0,0.0,0.0,0.0,,0.0,,0.0,,0.0,0.0,0.0,0.010507198981940746,0.0,,0.0,0.0,0.010712611488997936,0.0,0.012846814468502998,0.0,,0.0,,,,0.0,0.0,0.0,,0.0,0.0,0.0012285824632272124,0.009027548134326935,0.0,,,0.0,,0.0,0.0,0.0,0.0,0.0,0.0,0.0,0.0,0.006439491640776396,0.015234255231916904,0.0,0.0,0.0,,0.011381476186215878,0.0,0.0,0.0,0.015055594965815544,,0.0005889178719371557,0.0,,0.0,0.0,0.0,0.0,,0.0,0.0,0.0,,0.0,,0.0,0.0,,0.0,,0.0,0.0,0.0030229962430894375,0.01743323914706707,0.0,0.012673601508140564,0.0,0.016194811090826988,0.0,,,0.009300514124333858,0.0,,,,,0.0,0.0,0.0,0.0,0.0,0.0,0.0,0.0,0.0,,0.012146583758294582,0.0019998527131974697,0.0,,0.019029388204216957,0.0,0.0015352413756772876,0.0,0.0,0.0,,0.002669151872396469,,0.014855947345495224,0.0,0.0,0.01175154373049736,,0.0,0.0,,0.0,0.0,0.0,0.0,0.0,0.0001421356719220057,0.0011042432161048055,0.0,0.0,0.0046468619257211685,0.003770541399717331,0.0,0.0012880248250439763,,0.02132318913936615,0.0,0.004850889090448618,0.0,,0.0,0.007785265799611807,0.0,0.0,0.0,0.0,0.0061191171407699585,0.0,0.0,0.0,,0.015078713186085224,0.0,0.0,,,,0.006918592378497124,0.002163069089874625,,0.0,0.0,0.0,0.0,,0.0,,0.0,0.0,0.013318006880581379,0.0,0.0,0.0,,,,0.0,0.01897398941218853,0.0,0.0,0.0,,0.0,0.008289680816233158,0.007186546456068754,0.0,,0.0,0.015495573170483112,0.0,0.0,0.0,,0.002988440217450261,0.0071138362400233746,0.006663523148745298,0.0,,0.0029522741679102182,0.007444577291607857,0.00870683416724205,0.0,0.015951599925756454,0.0,,0.0,0.0,0.0,0.0,0.0,0.0,,0.0,,0.005740217864513397,0.007723913062363863,0.0016765532782301307,0.0,0.0,0.0,0.0,,0.0,0.011521018110215664,0.0028374833054840565,,,0.0,0.0,0.0,0.0,0.0,0.0,0.0,0.0,0.0,,0.0,0.0,0.0014217449352145195,,0.0,0.0,0.0,0.015036061406135559,0.0,0.0,0.0,,,0.0,0.002523822244256735,0.0,0.0,0.0,,0.012212172150611877,,0.010441260412335396,0.0,,0.0,0.0001980172237381339,0.0,0.0,,,0.0,0.009777898900210857,,0.011562291532754898,0.0,,,0.0,0.021612513810396194,0.0,0.0,0.0,0.0,0.0,,,0.0,0.0,0.0,0.0,0.0,,,0.0,0.0,0.0,,0.0,0.0,,0.0,0.0,0.010721533559262753,,0.0,0.0,0.0,0.0,,0.0,0.0,,0.0,0.0,0.0,0.000222572882194072,0.004138255026191473,0.0,0.0,0.0,0.0,0.0,0.0,0.0,0.0,,0.01636638306081295,,0.0,0.013081780634820461,0.00596213573589921,0.0,0.0,0.0,0.00783260352909565,0.013072560541331768,0.0,0.01504174992442131,0.0,,0.0,,0.0,0.007702955510467291,0.0,,0.0,0.0,0.0,0.0064319828525185585,0.0,0.0,0.0,0.0,0.006455377209931612,0.002276746090501547,0.0,,,0.0,0.0,0.0,,,,0.0,0.0,,0.0,,0.0,,0.0,,,0.0,,,,,0.0,,0.0,0.009475049562752247,0.0,,0.0,0.0,0.0006172159337438643,,0.011276694014668465,0.0,,0.0,0.008886725641787052,0.0,,,0.0,,0.01935204491019249,0.0,0.0,,0.0,0.0019069688860327005,,,,0.0,0.0,0.0,0.0,0.0,7.387471123365685e-05,,,,0.007764055393636227,0.0,,0.0,,0.0,0.0,0.0,0.0,,,0.0,0.0,,,0.0,,0.0,,0.0,0.0,0.0,0.0,0.0,0.0,0.0,,0.0,0.010640541091561317,0.0,0.0,0.0,,,0.0,0.0,0.0,0.0,0.004161264281719923,0.0073729087598621845,,,,0.007771022617816925,0.0,0.0,0.0,,,0.008342444896697998,0.0,0.0,,0.0,,,,,0.0,0.013751369901001453,0.0,,0.0,,,0.0,,0.006028351373970509,0.0,0.0,0.0,,0.006963010877370834,0.0,,0.0,0.0,0.0,0.0,0.0,,0.0025301980786025524,0.0,0.0,,0.0,0.0,0.0,0.0,0.0,0.0,0.0,,0.0009805925656110048,0.0,0.0,0.007419695612043142,0.0,0.0,0.0,,0.0,0.0,0.0,0.010489208623766899,0.0,0.0,0.0,0.0,0.0,0.0,0.00028485566144809127,0.0,0.0,0.0,,0.0,0.0,0.0,0.0,0.0,0.0,0.0,0.0,0.0,0.004446286242455244,0.0,0.0,0.0,,0.0,0.006903916597366333,,0.0032303640618920326,0.0,0.0,0.0,0.0,0.0,0.007855664007365704,0.0,0.0,0.0,0.011428353376686573,0.0,0.014265907928347588,0.0,0.0,0.0,0.0,0.0,0.0,0.0,0.0,0.0,0.0,0.0,0.0,0.0071387211792171,0.0,0.0,0.0,0.010663309134542942,0.009583434090018272,0.0,0.00991410668939352,0.0,0.0,0.0,0.019269602373242378,0.0,0.0,0.0,0.0,0.0,0.0,0.0,0.0,0.004451911896467209,0.0,0.0,0.0,0.0,0.0,0.015617968514561653,0.0,0.008543897420167923,0.0,0.0,0.017431413754820824,0.0,0.0,0.0,0.0,0.0,0.011158911511301994,0.0,0.006921166554093361,0.0,0.013884417712688446,0.0,0.0,0.0,0.0,0.0,0.017269155010581017,0.0,0.00583390099927783,0.0,0.0,,,,,,,,,,,,,,,,,,,,,,,,,,,,,,,,,,,,,,,,,,,,,,,,,,,,,,,,,,,,,,,,,,,,,,,,,,,,,,,,,,,,,,,,,,,,,,,,,,,,,,,,,,,,,,,,,,,,,,,,,,,,,,
2021-02-10,719184.935326508,55.44011171992824,,,,,,,,,,,76494.84123570709,,1039061.7711000025,,,,,,,,,,,,,,,,,,,,,,,,,,,,,,,,,,,,,,,,,,,4267.048025154545,,,,,,,,,,,,,,,,,,,,,,11190.854596227411,9817.134233963614,3322.883401489793,7421.891063893989,8748.644490476152,70895.66629219204,23134.51552131957,4662.957218398774,26951.635132699692,,,,,,,,,,,,,,,,,,,,,,,,,,,,,,,,,,,,0.007672586012631655,0.0,0.0,0.01092440728098154,0.0,0.0,0.0,0.0,0.0,0.0,0.0,0.0,0.0,0.0,0.0,0.0,,0.0,,0.0,,0.0,0.0,0.0,0.010507198981940746,0.0,,0.0,0.0,0.010712611488997936,0.0,0.012846814468502998,0.0,,0.0,,,,0.0,0.0,0.0,,0.0,0.0,0.0012285824632272124,0.009027548134326935,0.0,,,0.0,,0.0,0.0,0.0,0.0,0.0,0.0,0.0,0.0,0.006439491640776396,0.015234255231916904,0.0,0.0,0.0,,0.011381476186215878,0.0,0.0,0.0,0.015055594965815544,,0.0005889178719371557,0.0,,0.0,0.0,0.0,0.0,,0.0,0.0,0.0,,0.0,,0.0,0.0,,0.0,,0.0,0.0,0.0030229962430894375,0.01743323914706707,0.0,0.012673601508140564,0.0,0.016194811090826988,0.0,,,0.009300514124333858,0.0,,,,,0.0,0.0,0.0,0.0,0.0,0.0,0.0,0.0,0.0,,0.012146583758294582,0.0019998527131974697,0.0,,0.019029388204216957,0.0,0.0015352413756772876,0.0,0.0,0.0,,0.002669151872396469,,0.014855947345495224,0.0,0.0,0.01175154373049736,,0.0,0.0,,0.0,0.0,0.0,0.0,0.0,0.0001421356719220057,0.0011042432161048055,0.0,0.0,0.0046468619257211685,0.003770541399717331,0.0,0.0012880248250439763,,0.02132318913936615,0.0,0.004850889090448618,0.0,,0.0,0.007785265799611807,0.0,0.0,0.0,0.0,0.0061191171407699585,0.0,0.0,0.0,,0.015078713186085224,0.0,0.0,,,,0.006918592378497124,0.002163069089874625,,0.0,0.0,0.0,0.0,,0.0,,0.0,0.0,0.013318006880581379,0.0,0.0,0.0,,,,0.0,0.01897398941218853,0.0,0.0,0.0,,0.0,0.008289680816233158,0.007186546456068754,0.0,,0.0,0.015495573170483112,0.0,0.0,0.0,,0.002988440217450261,0.0071138362400233746,0.006663523148745298,0.0,,0.0029522741679102182,0.007444577291607857,0.00870683416724205,0.0,0.015951599925756454,0.0,,0.0,0.0,0.0,0.0,0.0,0.0,,0.0,,0.005740217864513397,0.007723913062363863,0.0016765532782301307,0.0,0.0,0.0,0.0,,0.0,0.011521018110215664,0.0028374833054840565,,,0.0,0.0,0.0,0.0,0.0,0.0,0.0,0.0,0.0,,0.0,0.0,0.0014217449352145195,,0.0,0.0,0.0,0.015036061406135559,0.0,0.0,0.0,,,0.0,0.002523822244256735,0.0,0.0,0.0,,0.012212172150611877,,0.010441260412335396,0.0,,0.0,0.0001980172237381339,0.0,0.0,,,0.0,0.009777898900210857,,0.011562291532754898,0.0,,,0.0,0.021612513810396194,0.0,0.0,0.0,0.0,0.0,,,0.0,0.0,0.0,0.0,0.0,,,0.0,0.0,0.0,,0.0,0.0,,0.0,0.0,0.010721533559262753,,0.0,0.0,0.0,0.0,,0.0,0.0,,0.0,0.0,0.0,0.000222572882194072,0.004138255026191473,0.0,0.0,0.0,0.0,0.0,0.0,0.0,0.0,,0.01636638306081295,,0.0,0.013081780634820461,0.00596213573589921,0.0,0.0,0.0,0.00783260352909565,0.013072560541331768,0.0,0.01504174992442131,0.0,,0.0,,0.0,0.007702955510467291,0.0,,0.0,0.0,0.0,0.0064319828525185585,0.0,0.0,0.0,0.0,0.006455377209931612,0.002276746090501547,0.0,,,0.0,0.0,0.0,,,,0.0,0.0,,0.0,,0.0,,0.0,,,0.0,,,,,0.0,,0.0,0.009475049562752247,0.0,,0.0,0.0,0.0006172159337438643,,0.011276694014668465,0.0,,0.0,0.008886725641787052,0.0,,,0.0,,0.01935204491019249,0.0,0.0,,0.0,0.0019069688860327005,,,,0.0,0.0,0.0,0.0,0.0,7.387471123365685e-05,,,,0.007764055393636227,0.0,,0.0,,0.0,0.0,0.0,0.0,,,0.0,0.0,,,0.0,,0.0,,0.0,0.0,0.0,0.0,0.0,0.0,0.0,,0.0,0.010640541091561317,0.0,0.0,0.0,,,0.0,0.0,0.0,0.0,0.004161264281719923,0.0073729087598621845,,,,0.007771022617816925,0.0,0.0,0.0,,,0.008342444896697998,0.0,0.0,,0.0,,,,,0.0,0.013751369901001453,0.0,,0.0,,,0.0,,0.006028351373970509,0.0,0.0,0.0,,0.006963010877370834,0.0,,0.0,0.0,0.0,0.0,0.0,,0.0025301980786025524,0.0,0.0,,0.0,0.0,0.0,0.0,0.0,0.0,0.0,,0.0009805925656110048,0.0,0.0,0.007419695612043142,0.0,0.0,0.0,,0.0,0.0,0.0,0.010489208623766899,0.0,0.0,0.0,0.0,0.0,0.0,0.00028485566144809127,0.0,0.0,0.0,,0.0,0.0,0.0,0.0,0.0,0.0,0.0,0.0,0.0,0.004446286242455244,0.0,0.0,0.0,,0.0,0.006903916597366333,,0.0032303640618920326,0.0,0.0,0.0,0.0,0.0,0.007855664007365704,0.0,0.0,0.0,0.011428353376686573,0.0,0.014265907928347588,0.0,0.0,0.0,0.0,0.0,0.0,0.0,0.0,0.0,0.0,0.0,0.0,0.0071387211792171,0.0,0.0,0.0,0.010663309134542942,0.009583434090018272,0.0,0.00991410668939352,0.0,0.0,0.0,0.019269602373242378,0.0,0.0,0.0,0.0,0.0,0.0,0.0,0.0,0.004451911896467209,0.0,0.0,0.0,0.0,0.0,0.015617968514561653,0.0,0.008543897420167923,0.0,0.0,0.017431413754820824,0.0,0.0,0.0,0.0,0.0,0.011158911511301994,0.0,0.006921166554093361,0.0,0.013884417712688446,0.0,0.0,0.0,0.0,0.0,0.017269155010581017,0.0,0.00583390099927783,0.0,0.0,,,,,,,,,,,,,,,,,,,,,,,,,,,,,,,,,,,,,,,,,,,,,,,,,,,,,,,,,,,,,,,,,,,,,,,,,,,,,,,,,,,,,,,,,,,,,,,,,,,,,,,,,,,,,,,,,,,,,,,,,,,,,,
2021-02-18,735953.1513361722,55.44011171992824,,,,,,,,,,,76494.84123570709,,1039061.7711000025,,,,,,,,,,,,,,,,,,,,,,,,,,,,,,,,,,,,,,,,,,,4267.048025154545,,,,,,,,,,,,,,,,,,,,,,11190.854596227411,9817.134233963614,3322.883401489793,7421.891063893989,8748.644490476152,70895.66629219204,23134.51552131957,4662.957218398774,26951.635132699692,,,,,,,,,,,,,,,,,,,,,,,,,,,,,,,,,,,,0.007672586012631655,0.0,0.0,0.01092440728098154,0.0,0.0,0.0,0.0,0.0,0.0,0.0,0.0,0.0,0.0,0.0,0.0,,0.0,,0.0,,0.0,0.0,0.0,0.010507198981940746,0.0,,0.0,0.0,0.010712611488997936,0.0,0.012846814468502998,0.0,,0.0,,,,0.0,0.0,0.0,,0.0,0.0,0.0012285824632272124,0.009027548134326935,0.0,,,0.0,,0.0,0.0,0.0,0.0,0.0,0.0,0.0,0.0,0.006439491640776396,0.015234255231916904,0.0,0.0,0.0,,0.011381476186215878,0.0,0.0,0.0,0.015055594965815544,,0.0005889178719371557,0.0,,0.0,0.0,0.0,0.0,,0.0,0.0,0.0,,0.0,,0.0,0.0,,0.0,,0.0,0.0,0.0030229962430894375,0.01743323914706707,0.0,0.012673601508140564,0.0,0.016194811090826988,0.0,,,0.009300514124333858,0.0,,,,,0.0,0.0,0.0,0.0,0.0,0.0,0.0,0.0,0.0,,0.012146583758294582,0.0019998527131974697,0.0,,0.019029388204216957,0.0,0.0015352413756772876,0.0,0.0,0.0,,0.002669151872396469,,0.014855947345495224,0.0,0.0,0.01175154373049736,,0.0,0.0,,0.0,0.0,0.0,0.0,0.0,0.0001421356719220057,0.0011042432161048055,0.0,0.0,0.0046468619257211685,0.003770541399717331,0.0,0.0012880248250439763,,0.02132318913936615,0.0,0.004850889090448618,0.0,,0.0,0.007785265799611807,0.0,0.0,0.0,0.0,0.0061191171407699585,0.0,0.0,0.0,,0.015078713186085224,0.0,0.0,,,,0.006918592378497124,0.002163069089874625,,0.0,0.0,0.0,0.0,,0.0,,0.0,0.0,0.013318006880581379,0.0,0.0,0.0,,,,0.0,0.01897398941218853,0.0,0.0,0.0,,0.0,0.008289680816233158,0.007186546456068754,0.0,,0.0,0.015495573170483112,0.0,0.0,0.0,,0.002988440217450261,0.0071138362400233746,0.006663523148745298,0.0,,0.0029522741679102182,0.007444577291607857,0.00870683416724205,0.0,0.015951599925756454,0.0,,0.0,0.0,0.0,0.0,0.0,0.0,,0.0,,0.005740217864513397,0.007723913062363863,0.0016765532782301307,0.0,0.0,0.0,0.0,,0.0,0.011521018110215664,0.0028374833054840565,,,0.0,0.0,0.0,0.0,0.0,0.0,0.0,0.0,0.0,,0.0,0.0,0.0014217449352145195,,0.0,0.0,0.0,0.015036061406135559,0.0,0.0,0.0,,,0.0,0.002523822244256735,0.0,0.0,0.0,,0.012212172150611877,,0.010441260412335396,0.0,,0.0,0.0001980172237381339,0.0,0.0,,,0.0,0.009777898900210857,,0.011562291532754898,0.0,,,0.0,0.021612513810396194,0.0,0.0,0.0,0.0,0.0,,,0.0,0.0,0.0,0.0,0.0,,,0.0,0.0,0.0,,0.0,0.0,,0.0,0.0,0.010721533559262753,,0.0,0.0,0.0,0.0,,0.0,0.0,,0.0,0.0,0.0,0.000222572882194072,0.004138255026191473,0.0,0.0,0.0,0.0,0.0,0.0,0.0,0.0,,0.01636638306081295,,0.0,0.013081780634820461,0.00596213573589921,0.0,0.0,0.0,0.00783260352909565,0.013072560541331768,0.0,0.01504174992442131,0.0,,0.0,,0.0,0.007702955510467291,0.0,,0.0,0.0,0.0,0.0064319828525185585,0.0,0.0,0.0,0.0,0.006455377209931612,0.002276746090501547,0.0,,,0.0,0.0,0.0,,,,0.0,0.0,,0.0,,0.0,,0.0,,,0.0,,,,,0.0,,0.0,0.009475049562752247,0.0,,0.0,0.0,0.0006172159337438643,,0.011276694014668465,0.0,,0.0,0.008886725641787052,0.0,,,0.0,,0.01935204491019249,0.0,0.0,,0.0,0.0019069688860327005,,,,0.0,0.0,0.0,0.0,0.0,7.387471123365685e-05,,,,0.007764055393636227,0.0,,0.0,,0.0,0.0,0.0,0.0,,,0.0,0.0,,,0.0,,0.0,,0.0,0.0,0.0,0.0,0.0,0.0,0.0,,0.0,0.010640541091561317,0.0,0.0,0.0,,,0.0,0.0,0.0,0.0,0.004161264281719923,0.0073729087598621845,,,,0.007771022617816925,0.0,0.0,0.0,,,0.008342444896697998,0.0,0.0,,0.0,,,,,0.0,0.013751369901001453,0.0,,0.0,,,0.0,,0.006028351373970509,0.0,0.0,0.0,,0.006963010877370834,0.0,,0.0,0.0,0.0,0.0,0.0,,0.0025301980786025524,0.0,0.0,,0.0,0.0,0.0,0.0,0.0,0.0,0.0,,0.0009805925656110048,0.0,0.0,0.007419695612043142,0.0,0.0,0.0,,0.0,0.0,0.0,0.010489208623766899,0.0,0.0,0.0,0.0,0.0,0.0,0.00028485566144809127,0.0,0.0,0.0,,0.0,0.0,0.0,0.0,0.0,0.0,0.0,0.0,0.0,0.004446286242455244,0.0,0.0,0.0,,0.0,0.006903916597366333,,0.0032303640618920326,0.0,0.0,0.0,0.0,0.0,0.007855664007365704,0.0,0.0,0.0,0.011428353376686573,0.0,0.014265907928347588,0.0,0.0,0.0,0.0,0.0,0.0,0.0,0.0,0.0,0.0,0.0,0.0,0.0071387211792171,0.0,0.0,0.0,0.010663309134542942,0.009583434090018272,0.0,0.00991410668939352,0.0,0.0,0.0,0.019269602373242378,0.0,0.0,0.0,0.0,0.0,0.0,0.0,0.0,0.004451911896467209,0.0,0.0,0.0,0.0,0.0,0.015617968514561653,0.0,0.008543897420167923,0.0,0.0,0.017431413754820824,0.0,0.0,0.0,0.0,0.0,0.011158911511301994,0.0,0.006921166554093361,0.0,0.013884417712688446,0.0,0.0,0.0,0.0,0.0,0.017269155010581017,0.0,0.00583390099927783,0.0,0.0,,,,,,,,,,,,,,,,,,,,,,,,,,,,,,,,,,,,,,,,,,,,,,,,,,,,,,,,,,,,,,,,,,,,,,,,,,,,,,,,,,,,,,,,,,,,,,,,,,,,,,,,,,,,,,,,,,,,,,,,,,,,,,
2021-02-19,743681.057401662,118.82725714845645,,,,,,,,,,,76494.84123570709,,1039061.7711000025,,,,,,,,,,,,,,,,,,,,,,,,,,,,,,,,,,,,,,,,,,,4267.048025154545,,,,,,,,,,,,,,,,,,,,,,11190.854596227411,9817.134233963614,3322.883401489793,7421.891063893989,8748.644490476152,70374.51891039564,23314.56813373912,4662.957218398774,26951.635132699692,,,,,,,,,,,,,,,,,,,,,,,,,,,,,,,,,,,,0.007672586012631655,0.0,0.0,0.01092440728098154,0.0,0.0,0.0,0.0,0.0,0.0,0.0,0.0,0.0,0.0,0.0,0.0,,0.0,,0.0,,0.0,0.0,0.0,0.010507198981940746,0.0,,0.0,0.0,0.010712611488997936,0.0,0.012846814468502998,0.0,,0.0,,,,0.0,0.0,0.0,,0.0,0.0,0.0012285824632272124,0.009027548134326935,0.0,,,0.0,,0.0,0.0,0.0,0.0,0.0,0.0,0.0,0.0,0.006439491640776396,0.015234255231916904,0.0,0.0,0.0,,0.011381476186215878,0.0,0.0,0.0,0.015055594965815544,,0.0005889178719371557,0.0,,0.0,0.0,0.0,0.0,,0.0,0.0,0.0,,0.0,,0.0,0.0,,0.0,,0.0,0.0,0.0030229962430894375,0.01743323914706707,0.0,0.012673601508140564,0.0,0.016194811090826988,0.0,,,0.009300514124333858,0.0,,,,,0.0,0.0,0.0,0.0,0.0,0.0,0.0,0.0,0.0,,0.012146583758294582,0.0019998527131974697,0.0,,0.019029388204216957,0.0,0.0015352413756772876,0.0,0.0,0.0,,0.002669151872396469,,0.014855947345495224,0.0,0.0,0.01175154373049736,,0.0,0.0,,0.0,0.0,0.0,0.0,0.0,0.0001421356719220057,0.0011042432161048055,0.0,0.0,0.0046468619257211685,0.003770541399717331,0.0,0.0012880248250439763,,0.02132318913936615,0.0,0.004850889090448618,0.0,,0.0,0.007785265799611807,0.0,0.0,0.0,0.0,0.0061191171407699585,0.0,0.0,0.0,,0.015078713186085224,0.0,0.0,,,,0.006918592378497124,0.002163069089874625,,0.0,0.0,0.0,0.0,,0.0,,0.0,0.0,0.013318006880581379,0.0,0.0,0.0,,,,0.0,0.01897398941218853,0.0,0.0,0.0,,0.0,0.008289680816233158,0.007186546456068754,0.0,,0.0,0.015495573170483112,0.0,0.0,0.0,,0.002988440217450261,0.0071138362400233746,0.006663523148745298,0.0,,0.0029522741679102182,0.007444577291607857,0.00870683416724205,0.0,0.015951599925756454,0.0,,0.0,0.0,0.0,0.0,0.0,0.0,,0.0,,0.005740217864513397,0.007723913062363863,0.0016765532782301307,0.0,0.0,0.0,0.0,,0.0,0.011521018110215664,0.0028374833054840565,,,0.0,0.0,0.0,0.0,0.0,0.0,0.0,0.0,0.0,,0.0,0.0,0.0014217449352145195,,0.0,0.0,0.0,0.015036061406135559,0.0,0.0,0.0,,,0.0,0.002523822244256735,0.0,0.0,0.0,,0.012212172150611877,,0.010441260412335396,0.0,,0.0,0.0001980172237381339,0.0,0.0,,,0.0,0.009777898900210857,,0.011562291532754898,0.0,,,0.0,0.021612513810396194,0.0,0.0,0.0,0.0,0.0,,,0.0,0.0,0.0,0.0,0.0,,,0.0,0.0,0.0,,0.0,0.0,,0.0,0.0,0.010721533559262753,,0.0,0.0,0.0,0.0,,0.0,0.0,,0.0,0.0,0.0,0.000222572882194072,0.004138255026191473,0.0,0.0,0.0,0.0,0.0,0.0,0.0,0.0,,0.01636638306081295,,0.0,0.013081780634820461,0.00596213573589921,0.0,0.0,0.0,0.00783260352909565,0.013072560541331768,0.0,0.01504174992442131,0.0,,0.0,,0.0,0.007702955510467291,0.0,,0.0,0.0,0.0,0.0064319828525185585,0.0,0.0,0.0,0.0,0.006455377209931612,0.002276746090501547,0.0,,,0.0,0.0,0.0,,,,0.0,0.0,,0.0,,0.0,,0.0,,,0.0,,,,,0.0,,0.0,0.009475049562752247,0.0,,0.0,0.0,0.0006172159337438643,,0.011276694014668465,0.0,,0.0,0.008886725641787052,0.0,,,0.0,,0.01935204491019249,0.0,0.0,,0.0,0.0019069688860327005,,,,0.0,0.0,0.0,0.0,0.0,7.387471123365685e-05,,,,0.007764055393636227,0.0,,0.0,,0.0,0.0,0.0,0.0,,,0.0,0.0,,,0.0,,0.0,,0.0,0.0,0.0,0.0,0.0,0.0,0.0,,0.0,0.010640541091561317,0.0,0.0,0.0,,,0.0,0.0,0.0,0.0,0.004161264281719923,0.0073729087598621845,,,,0.007771022617816925,0.0,0.0,0.0,,,0.008342444896697998,0.0,0.0,,0.0,,,,,0.0,0.013751369901001453,0.0,,0.0,,,0.0,,0.006028351373970509,0.0,0.0,0.0,,0.006963010877370834,0.0,,0.0,0.0,0.0,0.0,0.0,,0.0025301980786025524,0.0,0.0,,0.0,0.0,0.0,0.0,0.0,0.0,0.0,,0.0009805925656110048,0.0,0.0,0.007419695612043142,0.0,0.0,0.0,,0.0,0.0,0.0,0.010489208623766899,0.0,0.0,0.0,0.0,0.0,0.0,0.00028485566144809127,0.0,0.0,0.0,,0.0,0.0,0.0,0.0,0.0,0.0,0.0,0.0,0.0,0.004446286242455244,0.0,0.0,0.0,,0.0,0.006903916597366333,,0.0032303640618920326,0.0,0.0,0.0,0.0,0.0,0.007855664007365704,0.0,0.0,0.0,0.011428353376686573,0.0,0.014265907928347588,0.0,0.0,0.0,0.0,0.0,0.0,0.0,0.0,0.0,0.0,0.0,0.0,0.0071387211792171,0.0,0.0,0.0,0.010663309134542942,0.009583434090018272,0.0,0.00991410668939352,0.0,0.0,0.0,0.019269602373242378,0.0,0.0,0.0,0.0,0.0,0.0,0.0,0.0,0.004451911896467209,0.0,0.0,0.0,0.0,0.0,0.015617968514561653,0.0,0.008543897420167923,0.0,0.0,0.017431413754820824,0.0,0.0,0.0,0.0,0.0,0.011158911511301994,0.0,0.006921166554093361,0.0,0.013884417712688446,0.0,0.0,0.0,0.0,0.0,0.017269155010581017,0.0,0.00583390099927783,0.0,0.0,,,,,,,,,,,,,,,,,,,,,,,,,,,,,,,,,,,,,,,,,,,,,,,,,,,,,,,,,,,,,,,,,,,,,,,,,,,,,,,,,,,,,,,,,,,,,,,,,,,,,,,,,,,,,,,,,,,,,,,,,,,,,,
2021-02-22,743618.9917888902,74.47609231239176,,,,,,,,,,,76494.84123570709,,1039061.7711000025,,,,,,,,,,,,,,,,,,,,,,,,,,,,,,,,,,,,,,,,,,,4267.048025154545,,,,,,,,,,,,,,,,,,,,,,11190.854596227411,9817.238427602555,3322.883401489793,7421.891063893989,8748.644490476152,68782.86292749424,23944.63725755736,4662.957218398774,26951.635132699692,,,,,,,,,,,,,,,,,,,,,,,,,,,,,,,,,,,,0.007672586012631655,0.0,0.0,0.01092440728098154,0.0,0.0,0.0,0.0,0.0,0.0,0.0,0.0,0.0,0.0,0.0,0.0,,0.0,,0.0,,0.0,0.0,0.0,0.010507198981940746,0.0,,0.0,0.0,0.010712611488997936,0.0,0.012846814468502998,0.0,,0.0,,,,0.0,0.0,0.0,,0.0,0.0,0.0012285824632272124,0.009027548134326935,0.0,,,0.0,,0.0,0.0,0.0,0.0,0.0,0.0,0.0,0.0,0.006439491640776396,0.015234255231916904,0.0,0.0,0.0,,0.011381476186215878,0.0,0.0,0.0,0.015055594965815544,,0.0005889178719371557,0.0,,0.0,0.0,0.0,0.0,,0.0,0.0,0.0,,0.0,,0.0,0.0,,0.0,,0.0,0.0,0.0030229962430894375,0.01743323914706707,0.0,0.012673601508140564,0.0,0.016194811090826988,0.0,,,0.009300514124333858,0.0,,,,,0.0,0.0,0.0,0.0,0.0,0.0,0.0,0.0,0.0,,0.012146583758294582,0.0019998527131974697,0.0,,0.019029388204216957,0.0,0.0015352413756772876,0.0,0.0,0.0,,0.002669151872396469,,0.014855947345495224,0.0,0.0,0.01175154373049736,,0.0,0.0,,0.0,0.0,0.0,0.0,0.0,0.0001421356719220057,0.0011042432161048055,0.0,0.0,0.0046468619257211685,0.003770541399717331,0.0,0.0012880248250439763,,0.02132318913936615,0.0,0.004850889090448618,0.0,,0.0,0.007785265799611807,0.0,0.0,0.0,0.0,0.0061191171407699585,0.0,0.0,0.0,,0.015078713186085224,0.0,0.0,,,,0.006918592378497124,0.002163069089874625,,0.0,0.0,0.0,0.0,,0.0,,0.0,0.0,0.013318006880581379,0.0,0.0,0.0,,,,0.0,0.01897398941218853,0.0,0.0,0.0,,0.0,0.008289680816233158,0.007186546456068754,0.0,,0.0,0.015495573170483112,0.0,0.0,0.0,,0.002988440217450261,0.0071138362400233746,0.006663523148745298,0.0,,0.0029522741679102182,0.007444577291607857,0.00870683416724205,0.0,0.015951599925756454,0.0,,0.0,0.0,0.0,0.0,0.0,0.0,,0.0,,0.005740217864513397,0.007723913062363863,0.0016765532782301307,0.0,0.0,0.0,0.0,,0.0,0.011521018110215664,0.0028374833054840565,,,0.0,0.0,0.0,0.0,0.0,0.0,0.0,0.0,0.0,,0.0,0.0,0.0014217449352145195,,0.0,0.0,0.0,0.015036061406135559,0.0,0.0,0.0,,,0.0,0.002523822244256735,0.0,0.0,0.0,,0.012212172150611877,,0.010441260412335396,0.0,,0.0,0.0001980172237381339,0.0,0.0,,,0.0,0.009777898900210857,,0.011562291532754898,0.0,,,0.0,0.021612513810396194,0.0,0.0,0.0,0.0,0.0,,,0.0,0.0,0.0,0.0,0.0,,,0.0,0.0,0.0,,0.0,0.0,,0.0,0.0,0.010721533559262753,,0.0,0.0,0.0,0.0,,0.0,0.0,,0.0,0.0,0.0,0.000222572882194072,0.004138255026191473,0.0,0.0,0.0,0.0,0.0,0.0,0.0,0.0,,0.01636638306081295,,0.0,0.013081780634820461,0.00596213573589921,0.0,0.0,0.0,0.00783260352909565,0.013072560541331768,0.0,0.01504174992442131,0.0,,0.0,,0.0,0.007702955510467291,0.0,,0.0,0.0,0.0,0.0064319828525185585,0.0,0.0,0.0,0.0,0.006455377209931612,0.002276746090501547,0.0,,,0.0,0.0,0.0,,,,0.0,0.0,,0.0,,0.0,,0.0,,,0.0,,,,,0.0,,0.0,0.009475049562752247,0.0,,0.0,0.0,0.0006172159337438643,,0.011276694014668465,0.0,,0.0,0.008886725641787052,0.0,,,0.0,,0.01935204491019249,0.0,0.0,,0.0,0.0019069688860327005,,,,0.0,0.0,0.0,0.0,0.0,7.387471123365685e-05,,,,0.007764055393636227,0.0,,0.0,,0.0,0.0,0.0,0.0,,,0.0,0.0,,,0.0,,0.0,,0.0,0.0,0.0,0.0,0.0,0.0,0.0,,0.0,0.010640541091561317,0.0,0.0,0.0,,,0.0,0.0,0.0,0.0,0.004161264281719923,0.0073729087598621845,,,,0.007771022617816925,0.0,0.0,0.0,,,0.008342444896697998,0.0,0.0,,0.0,,,,,0.0,0.013751369901001453,0.0,,0.0,,,0.0,,0.006028351373970509,0.0,0.0,0.0,,0.006963010877370834,0.0,,0.0,0.0,0.0,0.0,0.0,,0.0025301980786025524,0.0,0.0,,0.0,0.0,0.0,0.0,0.0,0.0,0.0,,0.0009805925656110048,0.0,0.0,0.007419695612043142,0.0,0.0,0.0,,0.0,0.0,0.0,0.010489208623766899,0.0,0.0,0.0,0.0,0.0,0.0,0.00028485566144809127,0.0,0.0,0.0,,0.0,0.0,0.0,0.0,0.0,0.0,0.0,0.0,0.0,0.004446286242455244,0.0,0.0,0.0,,0.0,0.006903916597366333,,0.0032303640618920326,0.0,0.0,0.0,0.0,0.0,0.007855664007365704,0.0,0.0,0.0,0.011428353376686573,0.0,0.014265907928347588,0.0,0.0,0.0,0.0,0.0,0.0,0.0,0.0,0.0,0.0,0.0,0.0,0.0071387211792171,0.0,0.0,0.0,0.010663309134542942,0.009583434090018272,0.0,0.00991410668939352,0.0,0.0,0.0,0.019269602373242378,0.0,0.0,0.0,0.0,0.0,0.0,0.0,0.0,0.004451911896467209,0.0,0.0,0.0,0.0,0.0,0.015617968514561653,0.0,0.008543897420167923,0.0,0.0,0.017431413754820824,0.0,0.0,0.0,0.0,0.0,0.011158911511301994,0.0,0.006921166554093361,0.0,0.013884417712688446,0.0,0.0,0.0,0.0,0.0,0.017269155010581017,0.0,0.00583390099927783,0.0,0.0,,,,,,,,,,,,,,,,,,,,,,,,,,,,,,,,,,,,,,,,,,,,,,,,,,,,,,,,,,,,,,,,,,,,,,,,,,,,,,,,,,,,,,,,,,,,,,,,,,,,,,,,,,,,,,,,,,,,,,,,,,,,,,
2021-02-23,736534.0509271227,15.712152881081238,,,,,,,,,,,76494.84123570709,,1039061.7711000025,,,,,,,,,,,,,,,,,,,,,,,,,,,,,,,,,,,,,,,,,,,4267.048025154545,,,,,,,,,,,,,,,,,,,,,,11190.854596227411,9709.17937840138,3322.883401489793,7421.891063893989,8748.644490476152,67691.00128101664,24664.80318934401,4662.957218398774,26951.635132699692,,,,,,,,,,,,,,,,,,,,,,,,,,,,,,,,,,,,0.007672586012631655,0.0,0.0,0.01092440728098154,0.0,0.0,0.0,0.0,0.0,0.0,0.0,0.0,0.0,0.0,0.0,0.0,,0.0,,0.0,,0.0,0.0,0.0,0.010507198981940746,0.0,,0.0,0.0,0.010712611488997936,0.0,0.012846814468502998,0.0,,0.0,,,,0.0,0.0,0.0,,0.0,0.0,0.0012285824632272124,0.009027548134326935,0.0,,,0.0,,0.0,0.0,0.0,0.0,0.0,0.0,0.0,0.0,0.006439491640776396,0.015234255231916904,0.0,0.0,0.0,,0.011381476186215878,0.0,0.0,0.0,0.015055594965815544,,0.0005889178719371557,0.0,,0.0,0.0,0.0,0.0,,0.0,0.0,0.0,,0.0,,0.0,0.0,,0.0,,0.0,0.0,0.0030229962430894375,0.01743323914706707,0.0,0.012673601508140564,0.0,0.016194811090826988,0.0,,,0.009300514124333858,0.0,,,,,0.0,0.0,0.0,0.0,0.0,0.0,0.0,0.0,0.0,,0.012146583758294582,0.0019998527131974697,0.0,,0.019029388204216957,0.0,0.0015352413756772876,0.0,0.0,0.0,,0.002669151872396469,,0.014855947345495224,0.0,0.0,0.01175154373049736,,0.0,0.0,,0.0,0.0,0.0,0.0,0.0,0.0001421356719220057,0.0011042432161048055,0.0,0.0,0.0046468619257211685,0.003770541399717331,0.0,0.0012880248250439763,,0.02132318913936615,0.0,0.004850889090448618,0.0,,0.0,0.007785265799611807,0.0,0.0,0.0,0.0,0.0061191171407699585,0.0,0.0,0.0,,0.015078713186085224,0.0,0.0,,,,0.006918592378497124,0.002163069089874625,,0.0,0.0,0.0,0.0,,0.0,,0.0,0.0,0.013318006880581379,0.0,0.0,0.0,,,,0.0,0.01897398941218853,0.0,0.0,0.0,,0.0,0.008289680816233158,0.007186546456068754,0.0,,0.0,0.015495573170483112,0.0,0.0,0.0,,0.002988440217450261,0.0071138362400233746,0.006663523148745298,0.0,,0.0029522741679102182,0.007444577291607857,0.00870683416724205,0.0,0.015951599925756454,0.0,,0.0,0.0,0.0,0.0,0.0,0.0,,0.0,,0.005740217864513397,0.007723913062363863,0.0016765532782301307,0.0,0.0,0.0,0.0,,0.0,0.011521018110215664,0.0028374833054840565,,,0.0,0.0,0.0,0.0,0.0,0.0,0.0,0.0,0.0,,0.0,0.0,0.0014217449352145195,,0.0,0.0,0.0,0.015036061406135559,0.0,0.0,0.0,,,0.0,0.002523822244256735,0.0,0.0,0.0,,0.012212172150611877,,0.010441260412335396,0.0,,0.0,0.0001980172237381339,0.0,0.0,,,0.0,0.009777898900210857,,0.011562291532754898,0.0,,,0.0,0.021612513810396194,0.0,0.0,0.0,0.0,0.0,,,0.0,0.0,0.0,0.0,0.0,,,0.0,0.0,0.0,,0.0,0.0,,0.0,0.0,0.010721533559262753,,0.0,0.0,0.0,0.0,,0.0,0.0,,0.0,0.0,0.0,0.000222572882194072,0.004138255026191473,0.0,0.0,0.0,0.0,0.0,0.0,0.0,0.0,,0.01636638306081295,,0.0,0.013081780634820461,0.00596213573589921,0.0,0.0,0.0,0.00783260352909565,0.013072560541331768,0.0,0.01504174992442131,0.0,,0.0,,0.0,0.007702955510467291,0.0,,0.0,0.0,0.0,0.0064319828525185585,0.0,0.0,0.0,0.0,0.006455377209931612,0.002276746090501547,0.0,,,0.0,0.0,0.0,,,,0.0,0.0,,0.0,,0.0,,0.0,,,0.0,,,,,0.0,,0.0,0.009475049562752247,0.0,,0.0,0.0,0.0006172159337438643,,0.011276694014668465,0.0,,0.0,0.008886725641787052,0.0,,,0.0,,0.01935204491019249,0.0,0.0,,0.0,0.0019069688860327005,,,,0.0,0.0,0.0,0.0,0.0,7.387471123365685e-05,,,,0.007764055393636227,0.0,,0.0,,0.0,0.0,0.0,0.0,,,0.0,0.0,,,0.0,,0.0,,0.0,0.0,0.0,0.0,0.0,0.0,0.0,,0.0,0.010640541091561317,0.0,0.0,0.0,,,0.0,0.0,0.0,0.0,0.004161264281719923,0.0073729087598621845,,,,0.007771022617816925,0.0,0.0,0.0,,,0.008342444896697998,0.0,0.0,,0.0,,,,,0.0,0.013751369901001453,0.0,,0.0,,,0.0,,0.006028351373970509,0.0,0.0,0.0,,0.006963010877370834,0.0,,0.0,0.0,0.0,0.0,0.0,,0.0025301980786025524,0.0,0.0,,0.0,0.0,0.0,0.0,0.0,0.0,0.0,,0.0009805925656110048,0.0,0.0,0.007419695612043142,0.0,0.0,0.0,,0.0,0.0,0.0,0.010489208623766899,0.0,0.0,0.0,0.0,0.0,0.0,0.00028485566144809127,0.0,0.0,0.0,,0.0,0.0,0.0,0.0,0.0,0.0,0.0,0.0,0.0,0.004446286242455244,0.0,0.0,0.0,,0.0,0.006903916597366333,,0.0032303640618920326,0.0,0.0,0.0,0.0,0.0,0.007855664007365704,0.0,0.0,0.0,0.011428353376686573,0.0,0.014265907928347588,0.0,0.0,0.0,0.0,0.0,0.0,0.0,0.0,0.0,0.0,0.0,0.0,0.0071387211792171,0.0,0.0,0.0,0.010663309134542942,0.009583434090018272,0.0,0.00991410668939352,0.0,0.0,0.0,0.019269602373242378,0.0,0.0,0.0,0.0,0.0,0.0,0.0,0.0,0.004451911896467209,0.0,0.0,0.0,0.0,0.0,0.015617968514561653,0.0,0.008543897420167923,0.0,0.0,0.017431413754820824,0.0,0.0,0.0,0.0,0.0,0.011158911511301994,0.0,0.006921166554093361,0.0,0.013884417712688446,0.0,0.0,0.0,0.0,0.0,0.017269155010581017,0.0,0.00583390099927783,0.0,0.0,,,,,,,,,,,,,,,,,,,,,,,,,,,,,,,,,,,,,,,,,,,,,,,,,,,,,,,,,,,,,,,,,,,,,,,,,,,,,,,,,,,,,,,,,,,,,,,,,,,,,,,,,,,,,,,,,,,,,,,,,,,,,,
2021-02-24,735162.003924681,176.5691377947265,,,,,,,,,,,76494.84123570709,,1039061.7711000025,,,,,,,,,,,,,,,,,,,,,,,,,,,,,,,,,,,,,,,,,,,4267.393528650441,,,,,,,,,,,,,,,,,,,,,,11190.854596227411,9709.000828057611,3322.883401489793,7421.891063893989,8748.644490476152,66625.00126084316,25024.87518135329,4662.957218398774,26951.635132699692,,,,,,,,,,,,,,,,,,,,,,,,,,,,,,,,,,,,0.007672586012631655,0.0,0.0,0.01092440728098154,0.0,0.0,0.0,0.0,0.0,0.0,0.0,0.0,0.0,0.0,0.0,0.0,,0.0,,0.0,,0.0,0.0,0.0,0.010507198981940746,0.0,,0.0,0.0,0.010712611488997936,0.0,0.012846814468502998,0.0,,0.0,,,,0.0,0.0,0.0,,0.0,0.0,0.0012285824632272124,0.009027548134326935,0.0,,,0.0,,0.0,0.0,0.0,0.0,0.0,0.0,0.0,0.0,0.006439491640776396,0.015234255231916904,0.0,0.0,0.0,,0.011381476186215878,0.0,0.0,0.0,0.015055594965815544,,0.0005889178719371557,0.0,,0.0,0.0,0.0,0.0,,0.0,0.0,0.0,,0.0,,0.0,0.0,,0.0,,0.0,0.0,0.0030229962430894375,0.01743323914706707,0.0,0.012673601508140564,0.0,0.016194811090826988,0.0,,,0.009300514124333858,0.0,,,,,0.0,0.0,0.0,0.0,0.0,0.0,0.0,0.0,0.0,,0.012146583758294582,0.0019998527131974697,0.0,,0.019029388204216957,0.0,0.0015352413756772876,0.0,0.0,0.0,,0.002669151872396469,,0.014855947345495224,0.0,0.0,0.01175154373049736,,0.0,0.0,,0.0,0.0,0.0,0.0,0.0,0.0001421356719220057,0.0011042432161048055,0.0,0.0,0.0046468619257211685,0.003770541399717331,0.0,0.0012880248250439763,,0.02132318913936615,0.0,0.004850889090448618,0.0,,0.0,0.007785265799611807,0.0,0.0,0.0,0.0,0.0061191171407699585,0.0,0.0,0.0,,0.015078713186085224,0.0,0.0,,,,0.006918592378497124,0.002163069089874625,,0.0,0.0,0.0,0.0,,0.0,,0.0,0.0,0.013318006880581379,0.0,0.0,0.0,,,,0.0,0.01897398941218853,0.0,0.0,0.0,,0.0,0.008289680816233158,0.007186546456068754,0.0,,0.0,0.015495573170483112,0.0,0.0,0.0,,0.002988440217450261,0.0071138362400233746,0.006663523148745298,0.0,,0.0029522741679102182,0.007444577291607857,0.00870683416724205,0.0,0.015951599925756454,0.0,,0.0,0.0,0.0,0.0,0.0,0.0,,0.0,,0.005740217864513397,0.007723913062363863,0.0016765532782301307,0.0,0.0,0.0,0.0,,0.0,0.011521018110215664,0.0028374833054840565,,,0.0,0.0,0.0,0.0,0.0,0.0,0.0,0.0,0.0,,0.0,0.0,0.0014217449352145195,,0.0,0.0,0.0,0.015036061406135559,0.0,0.0,0.0,,,0.0,0.002523822244256735,0.0,0.0,0.0,,0.012212172150611877,,0.010441260412335396,0.0,,0.0,0.0001980172237381339,0.0,0.0,,,0.0,0.009777898900210857,,0.011562291532754898,0.0,,,0.0,0.021612513810396194,0.0,0.0,0.0,0.0,0.0,,,0.0,0.0,0.0,0.0,0.0,,,0.0,0.0,0.0,,0.0,0.0,,0.0,0.0,0.010721533559262753,,0.0,0.0,0.0,0.0,,0.0,0.0,,0.0,0.0,0.0,0.000222572882194072,0.004138255026191473,0.0,0.0,0.0,0.0,0.0,0.0,0.0,0.0,,0.01636638306081295,,0.0,0.013081780634820461,0.00596213573589921,0.0,0.0,0.0,0.00783260352909565,0.013072560541331768,0.0,0.01504174992442131,0.0,,0.0,,0.0,0.007702955510467291,0.0,,0.0,0.0,0.0,0.0064319828525185585,0.0,0.0,0.0,0.0,0.006455377209931612,0.002276746090501547,0.0,,,0.0,0.0,0.0,,,,0.0,0.0,,0.0,,0.0,,0.0,,,0.0,,,,,0.0,,0.0,0.009475049562752247,0.0,,0.0,0.0,0.0006172159337438643,,0.011276694014668465,0.0,,0.0,0.008886725641787052,0.0,,,0.0,,0.01935204491019249,0.0,0.0,,0.0,0.0019069688860327005,,,,0.0,0.0,0.0,0.0,0.0,7.387471123365685e-05,,,,0.007764055393636227,0.0,,0.0,,0.0,0.0,0.0,0.0,,,0.0,0.0,,,0.0,,0.0,,0.0,0.0,0.0,0.0,0.0,0.0,0.0,,0.0,0.010640541091561317,0.0,0.0,0.0,,,0.0,0.0,0.0,0.0,0.004161264281719923,0.0073729087598621845,,,,0.007771022617816925,0.0,0.0,0.0,,,0.008342444896697998,0.0,0.0,,0.0,,,,,0.0,0.013751369901001453,0.0,,0.0,,,0.0,,0.006028351373970509,0.0,0.0,0.0,,0.006963010877370834,0.0,,0.0,0.0,0.0,0.0,0.0,,0.0025301980786025524,0.0,0.0,,0.0,0.0,0.0,0.0,0.0,0.0,0.0,,0.0009805925656110048,0.0,0.0,0.007419695612043142,0.0,0.0,0.0,,0.0,0.0,0.0,0.010489208623766899,0.0,0.0,0.0,0.0,0.0,0.0,0.00028485566144809127,0.0,0.0,0.0,,0.0,0.0,0.0,0.0,0.0,0.0,0.0,0.0,0.0,0.004446286242455244,0.0,0.0,0.0,,0.0,0.006903916597366333,,0.0032303640618920326,0.0,0.0,0.0,0.0,0.0,0.007855664007365704,0.0,0.0,0.0,0.011428353376686573,0.0,0.014265907928347588,0.0,0.0,0.0,0.0,0.0,0.0,0.0,0.0,0.0,0.0,0.0,0.0,0.0071387211792171,0.0,0.0,0.0,0.010663309134542942,0.009583434090018272,0.0,0.00991410668939352,0.0,0.0,0.0,0.019269602373242378,0.0,0.0,0.0,0.0,0.0,0.0,0.0,0.0,0.004451911896467209,0.0,0.0,0.0,0.0,0.0,0.015617968514561653,0.0,0.008543897420167923,0.0,0.0,0.017431413754820824,0.0,0.0,0.0,0.0,0.0,0.011158911511301994,0.0,0.006921166554093361,0.0,0.013884417712688446,0.0,0.0,0.0,0.0,0.0,0.017269155010581017,0.0,0.00583390099927783,0.0,0.0,,,,,,,,,,,,,,,,,,,,,,,,,,,,,,,,,,,,,,,,,,,,,,,,,,,,,,,,,,,,,,,,,,,,,,,,,,,,,,,,,,,,,,,,,,,,,,,,,,,,,,,,,,,,,,,,,,,,,,,,,,,,,,
2021-02-25,733762.9960625721,167.92272973665362,,,,,,,,,,,76494.84123570709,,1039061.7711000025,,,,,,,,,,,,,,,,,,,,,,,,,,,,,,,,,,,,,,,,,,,4267.327886433761,,,,,,,,,,,,,,,,,,,,,,11190.854596227411,9709.037661332155,3322.883401489793,7421.891063893989,8748.644490476152,66633.60117231052,25024.87518135329,4662.957218398774,26951.635132699692,,,,,,,,,,,,,,,,,,,,,,,,,,,,,,,,,,,,0.007672586012631655,0.0,0.0,0.01092440728098154,0.0,0.0,0.0,0.0,0.0,0.0,0.0,0.0,0.0,0.0,0.0,0.0,,0.0,,0.0,,0.0,0.0,0.0,0.010507198981940746,0.0,,0.0,0.0,0.010712611488997936,0.0,0.012846814468502998,0.0,,0.0,,,,0.0,0.0,0.0,,0.0,0.0,0.0012285824632272124,0.009027548134326935,0.0,,,0.0,,0.0,0.0,0.0,0.0,0.0,0.0,0.0,0.0,0.006439491640776396,0.015234255231916904,0.0,0.0,0.0,,0.011381476186215878,0.0,0.0,0.0,0.015055594965815544,,0.0005889178719371557,0.0,,0.0,0.0,0.0,0.0,,0.0,0.0,0.0,,0.0,,0.0,0.0,,0.0,,0.0,0.0,0.0030229962430894375,0.01743323914706707,0.0,0.012673601508140564,0.0,0.016194811090826988,0.0,,,0.009300514124333858,0.0,,,,,0.0,0.0,0.0,0.0,0.0,0.0,0.0,0.0,0.0,,0.012146583758294582,0.0019998527131974697,0.0,,0.019029388204216957,0.0,0.0015352413756772876,0.0,0.0,0.0,,0.002669151872396469,,0.014855947345495224,0.0,0.0,0.01175154373049736,,0.0,0.0,,0.0,0.0,0.0,0.0,0.0,0.0001421356719220057,0.0011042432161048055,0.0,0.0,0.0046468619257211685,0.003770541399717331,0.0,0.0012880248250439763,,0.02132318913936615,0.0,0.004850889090448618,0.0,,0.0,0.007785265799611807,0.0,0.0,0.0,0.0,0.0061191171407699585,0.0,0.0,0.0,,0.015078713186085224,0.0,0.0,,,,0.006918592378497124,0.002163069089874625,,0.0,0.0,0.0,0.0,,0.0,,0.0,0.0,0.013318006880581379,0.0,0.0,0.0,,,,0.0,0.01897398941218853,0.0,0.0,0.0,,0.0,0.008289680816233158,0.007186546456068754,0.0,,0.0,0.015495573170483112,0.0,0.0,0.0,,0.002988440217450261,0.0071138362400233746,0.006663523148745298,0.0,,0.0029522741679102182,0.007444577291607857,0.00870683416724205,0.0,0.015951599925756454,0.0,,0.0,0.0,0.0,0.0,0.0,0.0,,0.0,,0.005740217864513397,0.007723913062363863,0.0016765532782301307,0.0,0.0,0.0,0.0,,0.0,0.011521018110215664,0.0028374833054840565,,,0.0,0.0,0.0,0.0,0.0,0.0,0.0,0.0,0.0,,0.0,0.0,0.0014217449352145195,,0.0,0.0,0.0,0.015036061406135559,0.0,0.0,0.0,,,0.0,0.002523822244256735,0.0,0.0,0.0,,0.012212172150611877,,0.010441260412335396,0.0,,0.0,0.0001980172237381339,0.0,0.0,,,0.0,0.009777898900210857,,0.011562291532754898,0.0,,,0.0,0.021612513810396194,0.0,0.0,0.0,0.0,0.0,,,0.0,0.0,0.0,0.0,0.0,,,0.0,0.0,0.0,,0.0,0.0,,0.0,0.0,0.010721533559262753,,0.0,0.0,0.0,0.0,,0.0,0.0,,0.0,0.0,0.0,0.000222572882194072,0.004138255026191473,0.0,0.0,0.0,0.0,0.0,0.0,0.0,0.0,,0.01636638306081295,,0.0,0.013081780634820461,0.00596213573589921,0.0,0.0,0.0,0.00783260352909565,0.013072560541331768,0.0,0.01504174992442131,0.0,,0.0,,0.0,0.007702955510467291,0.0,,0.0,0.0,0.0,0.0064319828525185585,0.0,0.0,0.0,0.0,0.006455377209931612,0.002276746090501547,0.0,,,0.0,0.0,0.0,,,,0.0,0.0,,0.0,,0.0,,0.0,,,0.0,,,,,0.0,,0.0,0.009475049562752247,0.0,,0.0,0.0,0.0006172159337438643,,0.011276694014668465,0.0,,0.0,0.008886725641787052,0.0,,,0.0,,0.01935204491019249,0.0,0.0,,0.0,0.0019069688860327005,,,,0.0,0.0,0.0,0.0,0.0,7.387471123365685e-05,,,,0.007764055393636227,0.0,,0.0,,0.0,0.0,0.0,0.0,,,0.0,0.0,,,0.0,,0.0,,0.0,0.0,0.0,0.0,0.0,0.0,0.0,,0.0,0.010640541091561317,0.0,0.0,0.0,,,0.0,0.0,0.0,0.0,0.004161264281719923,0.0073729087598621845,,,,0.007771022617816925,0.0,0.0,0.0,,,0.008342444896697998,0.0,0.0,,0.0,,,,,0.0,0.013751369901001453,0.0,,0.0,,,0.0,,0.006028351373970509,0.0,0.0,0.0,,0.006963010877370834,0.0,,0.0,0.0,0.0,0.0,0.0,,0.0025301980786025524,0.0,0.0,,0.0,0.0,0.0,0.0,0.0,0.0,0.0,,0.0009805925656110048,0.0,0.0,0.007419695612043142,0.0,0.0,0.0,,0.0,0.0,0.0,0.010489208623766899,0.0,0.0,0.0,0.0,0.0,0.0,0.00028485566144809127,0.0,0.0,0.0,,0.0,0.0,0.0,0.0,0.0,0.0,0.0,0.0,0.0,0.004446286242455244,0.0,0.0,0.0,,0.0,0.006903916597366333,,0.0032303640618920326,0.0,0.0,0.0,0.0,0.0,0.007855664007365704,0.0,0.0,0.0,0.011428353376686573,0.0,0.014265907928347588,0.0,0.0,0.0,0.0,0.0,0.0,0.0,0.0,0.0,0.0,0.0,0.0,0.0071387211792171,0.0,0.0,0.0,0.010663309134542942,0.009583434090018272,0.0,0.00991410668939352,0.0,0.0,0.0,0.019269602373242378,0.0,0.0,0.0,0.0,0.0,0.0,0.0,0.0,0.004451911896467209,0.0,0.0,0.0,0.0,0.0,0.015617968514561653,0.0,0.008543897420167923,0.0,0.0,0.017431413754820824,0.0,0.0,0.0,0.0,0.0,0.011158911511301994,0.0,0.006921166554093361,0.0,0.013884417712688446,0.0,0.0,0.0,0.0,0.0,0.017269155010581017,0.0,0.00583390099927783,0.0,0.0,,,,,,,,,,,,,,,,,,,,,,,,,,,,,,,,,,,,,,,,,,,,,,,,,,,,,,,,,,,,,,,,,,,,,,,,,,,,,,,,,,,,,,,,,,,,,,,,,,,,,,,,,,,,,,,,,,,,,,,,,,,,,,
2021-02-26,735922.9591589815,162.5245573737046,,,,,,,,,,,76494.84123570709,,1039061.7711000025,,,,,,,,,,,,,,,,,,,,,,,,,,,,,,,,,,,,,,,,,,,4267.350111525096,,,,,,,,,,,,,,,,,,,,,,11190.854596227411,9601.123041079194,3322.883401489793,7421.891063893989,8748.644490476152,67166.75705412602,25114.88240029318,4662.957218398774,26951.635132699692,,,,,,,,,,,,,,,,,,,,,,,,,,,,,,,,,,,,0.007672586012631655,0.0,0.0,0.01092440728098154,0.0,0.0,0.0,0.0,0.0,0.0,0.0,0.0,0.0,0.0,0.0,0.0,,0.0,,0.0,,0.0,0.0,0.0,0.010507198981940746,0.0,,0.0,0.0,0.010712611488997936,0.0,0.012846814468502998,0.0,,0.0,,,,0.0,0.0,0.0,,0.0,0.0,0.0012285824632272124,0.009027548134326935,0.0,,,0.0,,0.0,0.0,0.0,0.0,0.0,0.0,0.0,0.0,0.006439491640776396,0.015234255231916904,0.0,0.0,0.0,,0.011381476186215878,0.0,0.0,0.0,0.015055594965815544,,0.0005889178719371557,0.0,,0.0,0.0,0.0,0.0,,0.0,0.0,0.0,,0.0,,0.0,0.0,,0.0,,0.0,0.0,0.0030229962430894375,0.01743323914706707,0.0,0.012673601508140564,0.0,0.016194811090826988,0.0,,,0.009300514124333858,0.0,,,,,0.0,0.0,0.0,0.0,0.0,0.0,0.0,0.0,0.0,,0.012146583758294582,0.0019998527131974697,0.0,,0.019029388204216957,0.0,0.0015352413756772876,0.0,0.0,0.0,,0.002669151872396469,,0.014855947345495224,0.0,0.0,0.01175154373049736,,0.0,0.0,,0.0,0.0,0.0,0.0,0.0,0.0001421356719220057,0.0011042432161048055,0.0,0.0,0.0046468619257211685,0.003770541399717331,0.0,0.0012880248250439763,,0.02132318913936615,0.0,0.004850889090448618,0.0,,0.0,0.007785265799611807,0.0,0.0,0.0,0.0,0.0061191171407699585,0.0,0.0,0.0,,0.015078713186085224,0.0,0.0,,,,0.006918592378497124,0.002163069089874625,,0.0,0.0,0.0,0.0,,0.0,,0.0,0.0,0.013318006880581379,0.0,0.0,0.0,,,,0.0,0.01897398941218853,0.0,0.0,0.0,,0.0,0.008289680816233158,0.007186546456068754,0.0,,0.0,0.015495573170483112,0.0,0.0,0.0,,0.002988440217450261,0.0071138362400233746,0.006663523148745298,0.0,,0.0029522741679102182,0.007444577291607857,0.00870683416724205,0.0,0.015951599925756454,0.0,,0.0,0.0,0.0,0.0,0.0,0.0,,0.0,,0.005740217864513397,0.007723913062363863,0.0016765532782301307,0.0,0.0,0.0,0.0,,0.0,0.011521018110215664,0.0028374833054840565,,,0.0,0.0,0.0,0.0,0.0,0.0,0.0,0.0,0.0,,0.0,0.0,0.0014217449352145195,,0.0,0.0,0.0,0.015036061406135559,0.0,0.0,0.0,,,0.0,0.002523822244256735,0.0,0.0,0.0,,0.012212172150611877,,0.010441260412335396,0.0,,0.0,0.0001980172237381339,0.0,0.0,,,0.0,0.009777898900210857,,0.011562291532754898,0.0,,,0.0,0.021612513810396194,0.0,0.0,0.0,0.0,0.0,,,0.0,0.0,0.0,0.0,0.0,,,0.0,0.0,0.0,,0.0,0.0,,0.0,0.0,0.010721533559262753,,0.0,0.0,0.0,0.0,,0.0,0.0,,0.0,0.0,0.0,0.000222572882194072,0.004138255026191473,0.0,0.0,0.0,0.0,0.0,0.0,0.0,0.0,,0.01636638306081295,,0.0,0.013081780634820461,0.00596213573589921,0.0,0.0,0.0,0.00783260352909565,0.013072560541331768,0.0,0.01504174992442131,0.0,,0.0,,0.0,0.007702955510467291,0.0,,0.0,0.0,0.0,0.0064319828525185585,0.0,0.0,0.0,0.0,0.006455377209931612,0.002276746090501547,0.0,,,0.0,0.0,0.0,,,,0.0,0.0,,0.0,,0.0,,0.0,,,0.0,,,,,0.0,,0.0,0.009475049562752247,0.0,,0.0,0.0,0.0006172159337438643,,0.011276694014668465,0.0,,0.0,0.008886725641787052,0.0,,,0.0,,0.01935204491019249,0.0,0.0,,0.0,0.0019069688860327005,,,,0.0,0.0,0.0,0.0,0.0,7.387471123365685e-05,,,,0.007764055393636227,0.0,,0.0,,0.0,0.0,0.0,0.0,,,0.0,0.0,,,0.0,,0.0,,0.0,0.0,0.0,0.0,0.0,0.0,0.0,,0.0,0.010640541091561317,0.0,0.0,0.0,,,0.0,0.0,0.0,0.0,0.004161264281719923,0.0073729087598621845,,,,0.007771022617816925,0.0,0.0,0.0,,,0.008342444896697998,0.0,0.0,,0.0,,,,,0.0,0.013751369901001453,0.0,,0.0,,,0.0,,0.006028351373970509,0.0,0.0,0.0,,0.006963010877370834,0.0,,0.0,0.0,0.0,0.0,0.0,,0.0025301980786025524,0.0,0.0,,0.0,0.0,0.0,0.0,0.0,0.0,0.0,,0.0009805925656110048,0.0,0.0,0.007419695612043142,0.0,0.0,0.0,,0.0,0.0,0.0,0.010489208623766899,0.0,0.0,0.0,0.0,0.0,0.0,0.00028485566144809127,0.0,0.0,0.0,,0.0,0.0,0.0,0.0,0.0,0.0,0.0,0.0,0.0,0.004446286242455244,0.0,0.0,0.0,,0.0,0.006903916597366333,,0.0032303640618920326,0.0,0.0,0.0,0.0,0.0,0.007855664007365704,0.0,0.0,0.0,0.011428353376686573,0.0,0.014265907928347588,0.0,0.0,0.0,0.0,0.0,0.0,0.0,0.0,0.0,0.0,0.0,0.0,0.0071387211792171,0.0,0.0,0.0,0.010663309134542942,0.009583434090018272,0.0,0.00991410668939352,0.0,0.0,0.0,0.019269602373242378,0.0,0.0,0.0,0.0,0.0,0.0,0.0,0.0,0.004451911896467209,0.0,0.0,0.0,0.0,0.0,0.015617968514561653,0.0,0.008543897420167923,0.0,0.0,0.017431413754820824,0.0,0.0,0.0,0.0,0.0,0.011158911511301994,0.0,0.006921166554093361,0.0,0.013884417712688446,0.0,0.0,0.0,0.0,0.0,0.017269155010581017,0.0,0.00583390099927783,0.0,0.0,,,,,,,,,,,,,,,,,,,,,,,,,,,,,,,,,,,,,,,,,,,,,,,,,,,,,,,,,,,,,,,,,,,,,,,,,,,,,,,,,,,,,,,,,,,,,,,,,,,,,,,,,,,,,,,,,,,,,,,,,,,,,,
2021-03-01,752579.8035274936,227.36902869856127,,,,,,,,,,,76494.84123570709,,1039061.7711000025,,,,,,,,,,,,,,,,,,,,,,,,,,,,,,,,,,,,,,,,,,,4267.194282333406,,,,,,,,,,,,,,,,,,,,,,11190.854596227411,9601.123041079194,3322.883401489793,7421.891063893989,8748.644490476152,66645.92011220618,25294.934085204106,4662.957218398774,26951.635132699692,,,,,,,,,,,,,,,,,,,,,,,,,,,,,,,,,,,,0.007672586012631655,0.0,0.0,0.01092440728098154,0.0,0.0,0.0,0.0,0.0,0.0,0.0,0.0,0.0,0.0,0.0,0.0,,0.0,,0.0,,0.0,0.0,0.0,0.010507198981940746,0.0,,0.0,0.0,0.010712611488997936,0.0,0.012846814468502998,0.0,,0.0,,,,0.0,0.0,0.0,,0.0,0.0,0.0012285824632272124,0.009027548134326935,0.0,,,0.0,,0.0,0.0,0.0,0.0,0.0,0.0,0.0,0.0,0.006439491640776396,0.015234255231916904,0.0,0.0,0.0,,0.011381476186215878,0.0,0.0,0.0,0.015055594965815544,,0.0005889178719371557,0.0,,0.0,0.0,0.0,0.0,,0.0,0.0,0.0,,0.0,,0.0,0.0,,0.0,,0.0,0.0,0.0030229962430894375,0.01743323914706707,0.0,0.012673601508140564,0.0,0.016194811090826988,0.0,,,0.009300514124333858,0.0,,,,,0.0,0.0,0.0,0.0,0.0,0.0,0.0,0.0,0.0,,0.012146583758294582,0.0019998527131974697,0.0,,0.019029388204216957,0.0,0.0015352413756772876,0.0,0.0,0.0,,0.002669151872396469,,0.014855947345495224,0.0,0.0,0.01175154373049736,,0.0,0.0,,0.0,0.0,0.0,0.0,0.0,0.0001421356719220057,0.0011042432161048055,0.0,0.0,0.0046468619257211685,0.003770541399717331,0.0,0.0012880248250439763,,0.02132318913936615,0.0,0.004850889090448618,0.0,,0.0,0.007785265799611807,0.0,0.0,0.0,0.0,0.0061191171407699585,0.0,0.0,0.0,,0.015078713186085224,0.0,0.0,,,,0.006918592378497124,0.002163069089874625,,0.0,0.0,0.0,0.0,,0.0,,0.0,0.0,0.013318006880581379,0.0,0.0,0.0,,,,0.0,0.01897398941218853,0.0,0.0,0.0,,0.0,0.008289680816233158,0.007186546456068754,0.0,,0.0,0.015495573170483112,0.0,0.0,0.0,,0.002988440217450261,0.0071138362400233746,0.006663523148745298,0.0,,0.0029522741679102182,0.007444577291607857,0.00870683416724205,0.0,0.015951599925756454,0.0,,0.0,0.0,0.0,0.0,0.0,0.0,,0.0,,0.005740217864513397,0.007723913062363863,0.0016765532782301307,0.0,0.0,0.0,0.0,,0.0,0.011521018110215664,0.0028374833054840565,,,0.0,0.0,0.0,0.0,0.0,0.0,0.0,0.0,0.0,,0.0,0.0,0.0014217449352145195,,0.0,0.0,0.0,0.015036061406135559,0.0,0.0,0.0,,,0.0,0.002523822244256735,0.0,0.0,0.0,,0.012212172150611877,,0.010441260412335396,0.0,,0.0,0.0001980172237381339,0.0,0.0,,,0.0,0.009777898900210857,,0.011562291532754898,0.0,,,0.0,0.021612513810396194,0.0,0.0,0.0,0.0,0.0,,,0.0,0.0,0.0,0.0,0.0,,,0.0,0.0,0.0,,0.0,0.0,,0.0,0.0,0.010721533559262753,,0.0,0.0,0.0,0.0,,0.0,0.0,,0.0,0.0,0.0,0.000222572882194072,0.004138255026191473,0.0,0.0,0.0,0.0,0.0,0.0,0.0,0.0,,0.01636638306081295,,0.0,0.013081780634820461,0.00596213573589921,0.0,0.0,0.0,0.00783260352909565,0.013072560541331768,0.0,0.01504174992442131,0.0,,0.0,,0.0,0.007702955510467291,0.0,,0.0,0.0,0.0,0.0064319828525185585,0.0,0.0,0.0,0.0,0.006455377209931612,0.002276746090501547,0.0,,,0.0,0.0,0.0,,,,0.0,0.0,,0.0,,0.0,,0.0,,,0.0,,,,,0.0,,0.0,0.009475049562752247,0.0,,0.0,0.0,0.0006172159337438643,,0.011276694014668465,0.0,,0.0,0.008886725641787052,0.0,,,0.0,,0.01935204491019249,0.0,0.0,,0.0,0.0019069688860327005,,,,0.0,0.0,0.0,0.0,0.0,7.387471123365685e-05,,,,0.007764055393636227,0.0,,0.0,,0.0,0.0,0.0,0.0,,,0.0,0.0,,,0.0,,0.0,,0.0,0.0,0.0,0.0,0.0,0.0,0.0,,0.0,0.010640541091561317,0.0,0.0,0.0,,,0.0,0.0,0.0,0.0,0.004161264281719923,0.0073729087598621845,,,,0.007771022617816925,0.0,0.0,0.0,,,0.008342444896697998,0.0,0.0,,0.0,,,,,0.0,0.013751369901001453,0.0,,0.0,,,0.0,,0.006028351373970509,0.0,0.0,0.0,,0.006963010877370834,0.0,,0.0,0.0,0.0,0.0,0.0,,0.0025301980786025524,0.0,0.0,,0.0,0.0,0.0,0.0,0.0,0.0,0.0,,0.0009805925656110048,0.0,0.0,0.007419695612043142,0.0,0.0,0.0,,0.0,0.0,0.0,0.010489208623766899,0.0,0.0,0.0,0.0,0.0,0.0,0.00028485566144809127,0.0,0.0,0.0,,0.0,0.0,0.0,0.0,0.0,0.0,0.0,0.0,0.0,0.004446286242455244,0.0,0.0,0.0,,0.0,0.006903916597366333,,0.0032303640618920326,0.0,0.0,0.0,0.0,0.0,0.007855664007365704,0.0,0.0,0.0,0.011428353376686573,0.0,0.014265907928347588,0.0,0.0,0.0,0.0,0.0,0.0,0.0,0.0,0.0,0.0,0.0,0.0,0.0071387211792171,0.0,0.0,0.0,0.010663309134542942,0.009583434090018272,0.0,0.00991410668939352,0.0,0.0,0.0,0.019269602373242378,0.0,0.0,0.0,0.0,0.0,0.0,0.0,0.0,0.004451911896467209,0.0,0.0,0.0,0.0,0.0,0.015617968514561653,0.0,0.008543897420167923,0.0,0.0,0.017431413754820824,0.0,0.0,0.0,0.0,0.0,0.011158911511301994,0.0,0.006921166554093361,0.0,0.013884417712688446,0.0,0.0,0.0,0.0,0.0,0.017269155010581017,0.0,0.00583390099927783,0.0,0.0,,,,,,,,,,,,,,,,,,,,,,,,,,,,,,,,,,,,,,,,,,,,,,,,,,,,,,,,,,,,,,,,,,,,,,,,,,,,,,,,,,,,,,,,,,,,,,,,,,,,,,,,,,,,,,,,,,,,,,,,,,,,,,
2021-03-02,750914.9816370952,227.70677138896892,,,,,,,,,,,76494.84123570709,,1039061.7711000025,,,,,,,,,,,,,,,,,,,,,,,,,,,,,,,,,,,,,,,,,,,4267.175159800362,,,,,,,,,,,,,,,,,,,,,,11190.854596227411,9601.123041079194,3322.883401489793,7421.891063893989,8748.644490476152,66645.92011220618,25294.934085204106,4662.957218398774,26951.635132699692,,,,,,,,,,,,,,,,,,,,,,,,,,,,,,,,,,,,0.007672586012631655,0.0,0.0,0.01092440728098154,0.0,0.0,0.0,0.0,0.0,0.0,0.0,0.0,0.0,0.0,0.0,0.0,,0.0,,0.0,,0.0,0.0,0.0,0.010507198981940746,0.0,,0.0,0.0,0.010712611488997936,0.0,0.012846814468502998,0.0,,0.0,,,,0.0,0.0,0.0,,0.0,0.0,0.0012285824632272124,0.009027548134326935,0.0,,,0.0,,0.0,0.0,0.0,0.0,0.0,0.0,0.0,0.0,0.006439491640776396,0.015234255231916904,0.0,0.0,0.0,,0.011381476186215878,0.0,0.0,0.0,0.015055594965815544,,0.0005889178719371557,0.0,,0.0,0.0,0.0,0.0,,0.0,0.0,0.0,,0.0,,0.0,0.0,,0.0,,0.0,0.0,0.0030229962430894375,0.01743323914706707,0.0,0.012673601508140564,0.0,0.016194811090826988,0.0,,,0.009300514124333858,0.0,,,,,0.0,0.0,0.0,0.0,0.0,0.0,0.0,0.0,0.0,,0.012146583758294582,0.0019998527131974697,0.0,,0.019029388204216957,0.0,0.0015352413756772876,0.0,0.0,0.0,,0.002669151872396469,,0.014855947345495224,0.0,0.0,0.01175154373049736,,0.0,0.0,,0.0,0.0,0.0,0.0,0.0,0.0001421356719220057,0.0011042432161048055,0.0,0.0,0.0046468619257211685,0.003770541399717331,0.0,0.0012880248250439763,,0.02132318913936615,0.0,0.004850889090448618,0.0,,0.0,0.007785265799611807,0.0,0.0,0.0,0.0,0.0061191171407699585,0.0,0.0,0.0,,0.015078713186085224,0.0,0.0,,,,0.006918592378497124,0.002163069089874625,,0.0,0.0,0.0,0.0,,0.0,,0.0,0.0,0.013318006880581379,0.0,0.0,0.0,,,,0.0,0.01897398941218853,0.0,0.0,0.0,,0.0,0.008289680816233158,0.007186546456068754,0.0,,0.0,0.015495573170483112,0.0,0.0,0.0,,0.002988440217450261,0.0071138362400233746,0.006663523148745298,0.0,,0.0029522741679102182,0.007444577291607857,0.00870683416724205,0.0,0.015951599925756454,0.0,,0.0,0.0,0.0,0.0,0.0,0.0,,0.0,,0.005740217864513397,0.007723913062363863,0.0016765532782301307,0.0,0.0,0.0,0.0,,0.0,0.011521018110215664,0.0028374833054840565,,,0.0,0.0,0.0,0.0,0.0,0.0,0.0,0.0,0.0,,0.0,0.0,0.0014217449352145195,,0.0,0.0,0.0,0.015036061406135559,0.0,0.0,0.0,,,0.0,0.002523822244256735,0.0,0.0,0.0,,0.012212172150611877,,0.010441260412335396,0.0,,0.0,0.0001980172237381339,0.0,0.0,,,0.0,0.009777898900210857,,0.011562291532754898,0.0,,,0.0,0.021612513810396194,0.0,0.0,0.0,0.0,0.0,,,0.0,0.0,0.0,0.0,0.0,,,0.0,0.0,0.0,,0.0,0.0,,0.0,0.0,0.010721533559262753,,0.0,0.0,0.0,0.0,,0.0,0.0,,0.0,0.0,0.0,0.000222572882194072,0.004138255026191473,0.0,0.0,0.0,0.0,0.0,0.0,0.0,0.0,,0.01636638306081295,,0.0,0.013081780634820461,0.00596213573589921,0.0,0.0,0.0,0.00783260352909565,0.013072560541331768,0.0,0.01504174992442131,0.0,,0.0,,0.0,0.007702955510467291,0.0,,0.0,0.0,0.0,0.0064319828525185585,0.0,0.0,0.0,0.0,0.006455377209931612,0.002276746090501547,0.0,,,0.0,0.0,0.0,,,,0.0,0.0,,0.0,,0.0,,0.0,,,0.0,,,,,0.0,,0.0,0.009475049562752247,0.0,,0.0,0.0,0.0006172159337438643,,0.011276694014668465,0.0,,0.0,0.008886725641787052,0.0,,,0.0,,0.01935204491019249,0.0,0.0,,0.0,0.0019069688860327005,,,,0.0,0.0,0.0,0.0,0.0,7.387471123365685e-05,,,,0.007764055393636227,0.0,,0.0,,0.0,0.0,0.0,0.0,,,0.0,0.0,,,0.0,,0.0,,0.0,0.0,0.0,0.0,0.0,0.0,0.0,,0.0,0.010640541091561317,0.0,0.0,0.0,,,0.0,0.0,0.0,0.0,0.004161264281719923,0.0073729087598621845,,,,0.007771022617816925,0.0,0.0,0.0,,,0.008342444896697998,0.0,0.0,,0.0,,,,,0.0,0.013751369901001453,0.0,,0.0,,,0.0,,0.006028351373970509,0.0,0.0,0.0,,0.006963010877370834,0.0,,0.0,0.0,0.0,0.0,0.0,,0.0025301980786025524,0.0,0.0,,0.0,0.0,0.0,0.0,0.0,0.0,0.0,,0.0009805925656110048,0.0,0.0,0.007419695612043142,0.0,0.0,0.0,,0.0,0.0,0.0,0.010489208623766899,0.0,0.0,0.0,0.0,0.0,0.0,0.00028485566144809127,0.0,0.0,0.0,,0.0,0.0,0.0,0.0,0.0,0.0,0.0,0.0,0.0,0.004446286242455244,0.0,0.0,0.0,,0.0,0.006903916597366333,,0.0032303640618920326,0.0,0.0,0.0,0.0,0.0,0.007855664007365704,0.0,0.0,0.0,0.011428353376686573,0.0,0.014265907928347588,0.0,0.0,0.0,0.0,0.0,0.0,0.0,0.0,0.0,0.0,0.0,0.0,0.0071387211792171,0.0,0.0,0.0,0.010663309134542942,0.009583434090018272,0.0,0.00991410668939352,0.0,0.0,0.0,0.019269602373242378,0.0,0.0,0.0,0.0,0.0,0.0,0.0,0.0,0.004451911896467209,0.0,0.0,0.0,0.0,0.0,0.015617968514561653,0.0,0.008543897420167923,0.0,0.0,0.017431413754820824,0.0,0.0,0.0,0.0,0.0,0.011158911511301994,0.0,0.006921166554093361,0.0,0.013884417712688446,0.0,0.0,0.0,0.0,0.0,0.017269155010581017,0.0,0.00583390099927783,0.0,0.0,,,,,,,,,,,,,,,,,,,,,,,,,,,,,,,,,,,,,,,,,,,,,,,,,,,,,,,,,,,,,,,,,,,,,,,,,,,,,,,,,,,,,,,,,,,,,,,,,,,,,,,,,,,,,,,,,,,,,,,,,,,,,,
2021-03-03,760837.0037866398,230.1821309314012,,,,,,,,,,,76494.84123570709,,1039061.7711000025,,,,,,,,,,,,,,,,,,,,,,,,,,,,,,,,,,,,,,,,,,,4267.034071813318,,,,,,,,,,,,,,,,,,,,,,11190.854596227411,9601.123041079194,3322.883401489793,7421.891063893989,8748.644490476152,66645.92011220618,25294.934085204106,4662.957218398774,26951.635132699692,,,,,,,,,,,,,,,,,,,,,,,,,,,,,,,,,,,,0.007672586012631655,0.0,0.0,0.01092440728098154,0.0,0.0,0.0,0.0,0.0,0.0,0.0,0.0,0.0,0.0,0.0,0.0,,0.0,,0.0,,0.0,0.0,0.0,0.010507198981940746,0.0,,0.0,0.0,0.010712611488997936,0.0,0.012846814468502998,0.0,,0.0,,,,0.0,0.0,0.0,,0.0,0.0,0.0012285824632272124,0.009027548134326935,0.0,,,0.0,,0.0,0.0,0.0,0.0,0.0,0.0,0.0,0.0,0.006439491640776396,0.015234255231916904,0.0,0.0,0.0,,0.011381476186215878,0.0,0.0,0.0,0.015055594965815544,,0.0005889178719371557,0.0,,0.0,0.0,0.0,0.0,,0.0,0.0,0.0,,0.0,,0.0,0.0,,0.0,,0.0,0.0,0.0030229962430894375,0.01743323914706707,0.0,0.012673601508140564,0.0,0.016194811090826988,0.0,,,0.009300514124333858,0.0,,,,,0.0,0.0,0.0,0.0,0.0,0.0,0.0,0.0,0.0,,0.012146583758294582,0.0019998527131974697,0.0,,0.019029388204216957,0.0,0.0015352413756772876,0.0,0.0,0.0,,0.002669151872396469,,0.014855947345495224,0.0,0.0,0.01175154373049736,,0.0,0.0,,0.0,0.0,0.0,0.0,0.0,0.0001421356719220057,0.0011042432161048055,0.0,0.0,0.0046468619257211685,0.003770541399717331,0.0,0.0012880248250439763,,0.02132318913936615,0.0,0.004850889090448618,0.0,,0.0,0.007785265799611807,0.0,0.0,0.0,0.0,0.0061191171407699585,0.0,0.0,0.0,,0.015078713186085224,0.0,0.0,,,,0.006918592378497124,0.002163069089874625,,0.0,0.0,0.0,0.0,,0.0,,0.0,0.0,0.013318006880581379,0.0,0.0,0.0,,,,0.0,0.01897398941218853,0.0,0.0,0.0,,0.0,0.008289680816233158,0.007186546456068754,0.0,,0.0,0.015495573170483112,0.0,0.0,0.0,,0.002988440217450261,0.0071138362400233746,0.006663523148745298,0.0,,0.0029522741679102182,0.007444577291607857,0.00870683416724205,0.0,0.015951599925756454,0.0,,0.0,0.0,0.0,0.0,0.0,0.0,,0.0,,0.005740217864513397,0.007723913062363863,0.0016765532782301307,0.0,0.0,0.0,0.0,,0.0,0.011521018110215664,0.0028374833054840565,,,0.0,0.0,0.0,0.0,0.0,0.0,0.0,0.0,0.0,,0.0,0.0,0.0014217449352145195,,0.0,0.0,0.0,0.015036061406135559,0.0,0.0,0.0,,,0.0,0.002523822244256735,0.0,0.0,0.0,,0.012212172150611877,,0.010441260412335396,0.0,,0.0,0.0001980172237381339,0.0,0.0,,,0.0,0.009777898900210857,,0.011562291532754898,0.0,,,0.0,0.021612513810396194,0.0,0.0,0.0,0.0,0.0,,,0.0,0.0,0.0,0.0,0.0,,,0.0,0.0,0.0,,0.0,0.0,,0.0,0.0,0.010721533559262753,,0.0,0.0,0.0,0.0,,0.0,0.0,,0.0,0.0,0.0,0.000222572882194072,0.004138255026191473,0.0,0.0,0.0,0.0,0.0,0.0,0.0,0.0,,0.01636638306081295,,0.0,0.013081780634820461,0.00596213573589921,0.0,0.0,0.0,0.00783260352909565,0.013072560541331768,0.0,0.01504174992442131,0.0,,0.0,,0.0,0.007702955510467291,0.0,,0.0,0.0,0.0,0.0064319828525185585,0.0,0.0,0.0,0.0,0.006455377209931612,0.002276746090501547,0.0,,,0.0,0.0,0.0,,,,0.0,0.0,,0.0,,0.0,,0.0,,,0.0,,,,,0.0,,0.0,0.009475049562752247,0.0,,0.0,0.0,0.0006172159337438643,,0.011276694014668465,0.0,,0.0,0.008886725641787052,0.0,,,0.0,,0.01935204491019249,0.0,0.0,,0.0,0.0019069688860327005,,,,0.0,0.0,0.0,0.0,0.0,7.387471123365685e-05,,,,0.007764055393636227,0.0,,0.0,,0.0,0.0,0.0,0.0,,,0.0,0.0,,,0.0,,0.0,,0.0,0.0,0.0,0.0,0.0,0.0,0.0,,0.0,0.010640541091561317,0.0,0.0,0.0,,,0.0,0.0,0.0,0.0,0.004161264281719923,0.0073729087598621845,,,,0.007771022617816925,0.0,0.0,0.0,,,0.008342444896697998,0.0,0.0,,0.0,,,,,0.0,0.013751369901001453,0.0,,0.0,,,0.0,,0.006028351373970509,0.0,0.0,0.0,,0.006963010877370834,0.0,,0.0,0.0,0.0,0.0,0.0,,0.0025301980786025524,0.0,0.0,,0.0,0.0,0.0,0.0,0.0,0.0,0.0,,0.0009805925656110048,0.0,0.0,0.007419695612043142,0.0,0.0,0.0,,0.0,0.0,0.0,0.010489208623766899,0.0,0.0,0.0,0.0,0.0,0.0,0.00028485566144809127,0.0,0.0,0.0,,0.0,0.0,0.0,0.0,0.0,0.0,0.0,0.0,0.0,0.004446286242455244,0.0,0.0,0.0,,0.0,0.006903916597366333,,0.0032303640618920326,0.0,0.0,0.0,0.0,0.0,0.007855664007365704,0.0,0.0,0.0,0.011428353376686573,0.0,0.014265907928347588,0.0,0.0,0.0,0.0,0.0,0.0,0.0,0.0,0.0,0.0,0.0,0.0,0.0071387211792171,0.0,0.0,0.0,0.010663309134542942,0.009583434090018272,0.0,0.00991410668939352,0.0,0.0,0.0,0.019269602373242378,0.0,0.0,0.0,0.0,0.0,0.0,0.0,0.0,0.004451911896467209,0.0,0.0,0.0,0.0,0.0,0.015617968514561653,0.0,0.008543897420167923,0.0,0.0,0.017431413754820824,0.0,0.0,0.0,0.0,0.0,0.011158911511301994,0.0,0.006921166554093361,0.0,0.013884417712688446,0.0,0.0,0.0,0.0,0.0,0.017269155010581017,0.0,0.00583390099927783,0.0,0.0,,,,,,,,,,,,,,,,,,,,,,,,,,,,,,,,,,,,,,,,,,,,,,,,,,,,,,,,,,,,,,,,,,,,,,,,,,,,,,,,,,,,,,,,,,,,,,,,,,,,,,,,,,,,,,,,,,,,,,,,,,,,,,
2021-03-04,755681.4419989196,229.7567923197667,,,,,,,,,,,76494.84123570709,,1039061.7711000025,,,,,,,,,,,,,,,,,,,,,,,,,,,,,,,,,,,,,,,,,,,4267.05784422715,,,,,,,,,,,,,,,,,,,,,,11190.854596227411,9601.123041079194,3322.883401489793,7421.891063893989,8748.644490476152,66645.92011220618,25294.934085204106,4662.957218398774,26951.635132699692,,,,,,,,,,,,,,,,,,,,,,,,,,,,,,,,,,,,0.007672586012631655,0.0,0.0,0.01092440728098154,0.0,0.0,0.0,0.0,0.0,0.0,0.0,0.0,0.0,0.0,0.0,0.0,,0.0,,0.0,,0.0,0.0,0.0,0.010507198981940746,0.0,,0.0,0.0,0.010712611488997936,0.0,0.012846814468502998,0.0,,0.0,,,,0.0,0.0,0.0,,0.0,0.0,0.0012285824632272124,0.009027548134326935,0.0,,,0.0,,0.0,0.0,0.0,0.0,0.0,0.0,0.0,0.0,0.006439491640776396,0.015234255231916904,0.0,0.0,0.0,,0.011381476186215878,0.0,0.0,0.0,0.015055594965815544,,0.0005889178719371557,0.0,,0.0,0.0,0.0,0.0,,0.0,0.0,0.0,,0.0,,0.0,0.0,,0.0,,0.0,0.0,0.0030229962430894375,0.01743323914706707,0.0,0.012673601508140564,0.0,0.016194811090826988,0.0,,,0.009300514124333858,0.0,,,,,0.0,0.0,0.0,0.0,0.0,0.0,0.0,0.0,0.0,,0.012146583758294582,0.0019998527131974697,0.0,,0.019029388204216957,0.0,0.0015352413756772876,0.0,0.0,0.0,,0.002669151872396469,,0.014855947345495224,0.0,0.0,0.01175154373049736,,0.0,0.0,,0.0,0.0,0.0,0.0,0.0,0.0001421356719220057,0.0011042432161048055,0.0,0.0,0.0046468619257211685,0.003770541399717331,0.0,0.0012880248250439763,,0.02132318913936615,0.0,0.004850889090448618,0.0,,0.0,0.007785265799611807,0.0,0.0,0.0,0.0,0.0061191171407699585,0.0,0.0,0.0,,0.015078713186085224,0.0,0.0,,,,0.006918592378497124,0.002163069089874625,,0.0,0.0,0.0,0.0,,0.0,,0.0,0.0,0.013318006880581379,0.0,0.0,0.0,,,,0.0,0.01897398941218853,0.0,0.0,0.0,,0.0,0.008289680816233158,0.007186546456068754,0.0,,0.0,0.015495573170483112,0.0,0.0,0.0,,0.002988440217450261,0.0071138362400233746,0.006663523148745298,0.0,,0.0029522741679102182,0.007444577291607857,0.00870683416724205,0.0,0.015951599925756454,0.0,,0.0,0.0,0.0,0.0,0.0,0.0,,0.0,,0.005740217864513397,0.007723913062363863,0.0016765532782301307,0.0,0.0,0.0,0.0,,0.0,0.011521018110215664,0.0028374833054840565,,,0.0,0.0,0.0,0.0,0.0,0.0,0.0,0.0,0.0,,0.0,0.0,0.0014217449352145195,,0.0,0.0,0.0,0.015036061406135559,0.0,0.0,0.0,,,0.0,0.002523822244256735,0.0,0.0,0.0,,0.012212172150611877,,0.010441260412335396,0.0,,0.0,0.0001980172237381339,0.0,0.0,,,0.0,0.009777898900210857,,0.011562291532754898,0.0,,,0.0,0.021612513810396194,0.0,0.0,0.0,0.0,0.0,,,0.0,0.0,0.0,0.0,0.0,,,0.0,0.0,0.0,,0.0,0.0,,0.0,0.0,0.010721533559262753,,0.0,0.0,0.0,0.0,,0.0,0.0,,0.0,0.0,0.0,0.000222572882194072,0.004138255026191473,0.0,0.0,0.0,0.0,0.0,0.0,0.0,0.0,,0.01636638306081295,,0.0,0.013081780634820461,0.00596213573589921,0.0,0.0,0.0,0.00783260352909565,0.013072560541331768,0.0,0.01504174992442131,0.0,,0.0,,0.0,0.007702955510467291,0.0,,0.0,0.0,0.0,0.0064319828525185585,0.0,0.0,0.0,0.0,0.006455377209931612,0.002276746090501547,0.0,,,0.0,0.0,0.0,,,,0.0,0.0,,0.0,,0.0,,0.0,,,0.0,,,,,0.0,,0.0,0.009475049562752247,0.0,,0.0,0.0,0.0006172159337438643,,0.011276694014668465,0.0,,0.0,0.008886725641787052,0.0,,,0.0,,0.01935204491019249,0.0,0.0,,0.0,0.0019069688860327005,,,,0.0,0.0,0.0,0.0,0.0,7.387471123365685e-05,,,,0.007764055393636227,0.0,,0.0,,0.0,0.0,0.0,0.0,,,0.0,0.0,,,0.0,,0.0,,0.0,0.0,0.0,0.0,0.0,0.0,0.0,,0.0,0.010640541091561317,0.0,0.0,0.0,,,0.0,0.0,0.0,0.0,0.004161264281719923,0.0073729087598621845,,,,0.007771022617816925,0.0,0.0,0.0,,,0.008342444896697998,0.0,0.0,,0.0,,,,,0.0,0.013751369901001453,0.0,,0.0,,,0.0,,0.006028351373970509,0.0,0.0,0.0,,0.006963010877370834,0.0,,0.0,0.0,0.0,0.0,0.0,,0.0025301980786025524,0.0,0.0,,0.0,0.0,0.0,0.0,0.0,0.0,0.0,,0.0009805925656110048,0.0,0.0,0.007419695612043142,0.0,0.0,0.0,,0.0,0.0,0.0,0.010489208623766899,0.0,0.0,0.0,0.0,0.0,0.0,0.00028485566144809127,0.0,0.0,0.0,,0.0,0.0,0.0,0.0,0.0,0.0,0.0,0.0,0.0,0.004446286242455244,0.0,0.0,0.0,,0.0,0.006903916597366333,,0.0032303640618920326,0.0,0.0,0.0,0.0,0.0,0.007855664007365704,0.0,0.0,0.0,0.011428353376686573,0.0,0.014265907928347588,0.0,0.0,0.0,0.0,0.0,0.0,0.0,0.0,0.0,0.0,0.0,0.0,0.0071387211792171,0.0,0.0,0.0,0.010663309134542942,0.009583434090018272,0.0,0.00991410668939352,0.0,0.0,0.0,0.019269602373242378,0.0,0.0,0.0,0.0,0.0,0.0,0.0,0.0,0.004451911896467209,0.0,0.0,0.0,0.0,0.0,0.015617968514561653,0.0,0.008543897420167923,0.0,0.0,0.017431413754820824,0.0,0.0,0.0,0.0,0.0,0.011158911511301994,0.0,0.006921166554093361,0.0,0.013884417712688446,0.0,0.0,0.0,0.0,0.0,0.017269155010581017,0.0,0.00583390099927783,0.0,0.0,,,,,,,,,,,,,,,,,,,,,,,,,,,,,,,,,,,,,,,,,,,,,,,,,,,,,,,,,,,,,,,,,,,,,,,,,,,,,,,,,,,,,,,,,,,,,,,,,,,,,,,,,,,,,,,,,,,,,,,,,,,,,,
2021-03-05,758799.6263124929,224.9745720286198,,,,,,,,,,,76494.84123570709,,1039061.7711000025,,,,,,,,,,,,,,,,,,,,,,,,,,,,,,,,,,,,,,,,,,,4267.329178583896,,,,,,,,,,,,,,,,,,,,,,11190.854596227411,9601.123041079194,3322.883401489793,7421.891063893989,8748.644490476152,66645.92011220618,25294.934085204106,4662.957218398774,26951.635132699692,,,,,,,,,,,,,,,,,,,,,,,,,,,,,,,,,,,,0.007672586012631655,0.0,0.0,0.01092440728098154,0.0,0.0,0.0,0.0,0.0,0.0,0.0,0.0,0.0,0.0,0.0,0.0,,0.0,,0.0,,0.0,0.0,0.0,0.010507198981940746,0.0,,0.0,0.0,0.010712611488997936,0.0,0.012846814468502998,0.0,,0.0,,,,0.0,0.0,0.0,,0.0,0.0,0.0012285824632272124,0.009027548134326935,0.0,,,0.0,,0.0,0.0,0.0,0.0,0.0,0.0,0.0,0.0,0.006439491640776396,0.015234255231916904,0.0,0.0,0.0,,0.011381476186215878,0.0,0.0,0.0,0.015055594965815544,,0.0005889178719371557,0.0,,0.0,0.0,0.0,0.0,,0.0,0.0,0.0,,0.0,,0.0,0.0,,0.0,,0.0,0.0,0.0030229962430894375,0.01743323914706707,0.0,0.012673601508140564,0.0,0.016194811090826988,0.0,,,0.009300514124333858,0.0,,,,,0.0,0.0,0.0,0.0,0.0,0.0,0.0,0.0,0.0,,0.012146583758294582,0.0019998527131974697,0.0,,0.019029388204216957,0.0,0.0015352413756772876,0.0,0.0,0.0,,0.002669151872396469,,0.014855947345495224,0.0,0.0,0.01175154373049736,,0.0,0.0,,0.0,0.0,0.0,0.0,0.0,0.0001421356719220057,0.0011042432161048055,0.0,0.0,0.0046468619257211685,0.003770541399717331,0.0,0.0012880248250439763,,0.02132318913936615,0.0,0.004850889090448618,0.0,,0.0,0.007785265799611807,0.0,0.0,0.0,0.0,0.0061191171407699585,0.0,0.0,0.0,,0.015078713186085224,0.0,0.0,,,,0.006918592378497124,0.002163069089874625,,0.0,0.0,0.0,0.0,,0.0,,0.0,0.0,0.013318006880581379,0.0,0.0,0.0,,,,0.0,0.01897398941218853,0.0,0.0,0.0,,0.0,0.008289680816233158,0.007186546456068754,0.0,,0.0,0.015495573170483112,0.0,0.0,0.0,,0.002988440217450261,0.0071138362400233746,0.006663523148745298,0.0,,0.0029522741679102182,0.007444577291607857,0.00870683416724205,0.0,0.015951599925756454,0.0,,0.0,0.0,0.0,0.0,0.0,0.0,,0.0,,0.005740217864513397,0.007723913062363863,0.0016765532782301307,0.0,0.0,0.0,0.0,,0.0,0.011521018110215664,0.0028374833054840565,,,0.0,0.0,0.0,0.0,0.0,0.0,0.0,0.0,0.0,,0.0,0.0,0.0014217449352145195,,0.0,0.0,0.0,0.015036061406135559,0.0,0.0,0.0,,,0.0,0.002523822244256735,0.0,0.0,0.0,,0.012212172150611877,,0.010441260412335396,0.0,,0.0,0.0001980172237381339,0.0,0.0,,,0.0,0.009777898900210857,,0.011562291532754898,0.0,,,0.0,0.021612513810396194,0.0,0.0,0.0,0.0,0.0,,,0.0,0.0,0.0,0.0,0.0,,,0.0,0.0,0.0,,0.0,0.0,,0.0,0.0,0.010721533559262753,,0.0,0.0,0.0,0.0,,0.0,0.0,,0.0,0.0,0.0,0.000222572882194072,0.004138255026191473,0.0,0.0,0.0,0.0,0.0,0.0,0.0,0.0,,0.01636638306081295,,0.0,0.013081780634820461,0.00596213573589921,0.0,0.0,0.0,0.00783260352909565,0.013072560541331768,0.0,0.01504174992442131,0.0,,0.0,,0.0,0.007702955510467291,0.0,,0.0,0.0,0.0,0.0064319828525185585,0.0,0.0,0.0,0.0,0.006455377209931612,0.002276746090501547,0.0,,,0.0,0.0,0.0,,,,0.0,0.0,,0.0,,0.0,,0.0,,,0.0,,,,,0.0,,0.0,0.009475049562752247,0.0,,0.0,0.0,0.0006172159337438643,,0.011276694014668465,0.0,,0.0,0.008886725641787052,0.0,,,0.0,,0.01935204491019249,0.0,0.0,,0.0,0.0019069688860327005,,,,0.0,0.0,0.0,0.0,0.0,7.387471123365685e-05,,,,0.007764055393636227,0.0,,0.0,,0.0,0.0,0.0,0.0,,,0.0,0.0,,,0.0,,0.0,,0.0,0.0,0.0,0.0,0.0,0.0,0.0,,0.0,0.010640541091561317,0.0,0.0,0.0,,,0.0,0.0,0.0,0.0,0.004161264281719923,0.0073729087598621845,,,,0.007771022617816925,0.0,0.0,0.0,,,0.008342444896697998,0.0,0.0,,0.0,,,,,0.0,0.013751369901001453,0.0,,0.0,,,0.0,,0.006028351373970509,0.0,0.0,0.0,,0.006963010877370834,0.0,,0.0,0.0,0.0,0.0,0.0,,0.0025301980786025524,0.0,0.0,,0.0,0.0,0.0,0.0,0.0,0.0,0.0,,0.0009805925656110048,0.0,0.0,0.007419695612043142,0.0,0.0,0.0,,0.0,0.0,0.0,0.010489208623766899,0.0,0.0,0.0,0.0,0.0,0.0,0.00028485566144809127,0.0,0.0,0.0,,0.0,0.0,0.0,0.0,0.0,0.0,0.0,0.0,0.0,0.004446286242455244,0.0,0.0,0.0,,0.0,0.006903916597366333,,0.0032303640618920326,0.0,0.0,0.0,0.0,0.0,0.007855664007365704,0.0,0.0,0.0,0.011428353376686573,0.0,0.014265907928347588,0.0,0.0,0.0,0.0,0.0,0.0,0.0,0.0,0.0,0.0,0.0,0.0,0.0071387211792171,0.0,0.0,0.0,0.010663309134542942,0.009583434090018272,0.0,0.00991410668939352,0.0,0.0,0.0,0.019269602373242378,0.0,0.0,0.0,0.0,0.0,0.0,0.0,0.0,0.004451911896467209,0.0,0.0,0.0,0.0,0.0,0.015617968514561653,0.0,0.008543897420167923,0.0,0.0,0.017431413754820824,0.0,0.0,0.0,0.0,0.0,0.011158911511301994,0.0,0.006921166554093361,0.0,0.013884417712688446,0.0,0.0,0.0,0.0,0.0,0.017269155010581017,0.0,0.00583390099927783,0.0,0.0,,,,,,,,,,,,,,,,,,,,,,,,,,,,,,,,,,,,,,,,,,,,,,,,,,,,,,,,,,,,,,,,,,,,,,,,,,,,,,,,,,,,,,,,,,,,,,,,,,,,,,,,,,,,,,,,,,,,,,,,,,,,,,
2021-03-08,751204.3266380362,227.00611565101153,,,,,,,,,,,76494.84123570709,,1039061.7711000025,,,,,,,,,,,,,,,,,,,,,,,,,,,,,,,,,,,,,,,,,,,4267.215730783851,,,,,,,,,,,,,,,,,,,,,,11190.854596227411,9601.123041079194,3322.883401489793,7421.891063893989,8748.644490476152,66645.92011220618,25294.934085204106,4662.957218398774,26951.635132699692,,,,,,,,,,,,,,,,,,,,,,,,,,,,,,,,,,,,0.007672586012631655,0.0,0.0,0.01092440728098154,0.0,0.0,0.0,0.0,0.0,0.0,0.0,0.0,0.0,0.0,0.0,0.0,,0.0,,0.0,,0.0,0.0,0.0,0.010507198981940746,0.0,,0.0,0.0,0.010712611488997936,0.0,0.012846814468502998,0.0,,0.0,,,,0.0,0.0,0.0,,0.0,0.0,0.0012285824632272124,0.009027548134326935,0.0,,,0.0,,0.0,0.0,0.0,0.0,0.0,0.0,0.0,0.0,0.006439491640776396,0.015234255231916904,0.0,0.0,0.0,,0.011381476186215878,0.0,0.0,0.0,0.015055594965815544,,0.0005889178719371557,0.0,,0.0,0.0,0.0,0.0,,0.0,0.0,0.0,,0.0,,0.0,0.0,,0.0,,0.0,0.0,0.0030229962430894375,0.01743323914706707,0.0,0.012673601508140564,0.0,0.016194811090826988,0.0,,,0.009300514124333858,0.0,,,,,0.0,0.0,0.0,0.0,0.0,0.0,0.0,0.0,0.0,,0.012146583758294582,0.0019998527131974697,0.0,,0.019029388204216957,0.0,0.0015352413756772876,0.0,0.0,0.0,,0.002669151872396469,,0.014855947345495224,0.0,0.0,0.01175154373049736,,0.0,0.0,,0.0,0.0,0.0,0.0,0.0,0.0001421356719220057,0.0011042432161048055,0.0,0.0,0.0046468619257211685,0.003770541399717331,0.0,0.0012880248250439763,,0.02132318913936615,0.0,0.004850889090448618,0.0,,0.0,0.007785265799611807,0.0,0.0,0.0,0.0,0.0061191171407699585,0.0,0.0,0.0,,0.015078713186085224,0.0,0.0,,,,0.006918592378497124,0.002163069089874625,,0.0,0.0,0.0,0.0,,0.0,,0.0,0.0,0.013318006880581379,0.0,0.0,0.0,,,,0.0,0.01897398941218853,0.0,0.0,0.0,,0.0,0.008289680816233158,0.007186546456068754,0.0,,0.0,0.015495573170483112,0.0,0.0,0.0,,0.002988440217450261,0.0071138362400233746,0.006663523148745298,0.0,,0.0029522741679102182,0.007444577291607857,0.00870683416724205,0.0,0.015951599925756454,0.0,,0.0,0.0,0.0,0.0,0.0,0.0,,0.0,,0.005740217864513397,0.007723913062363863,0.0016765532782301307,0.0,0.0,0.0,0.0,,0.0,0.011521018110215664,0.0028374833054840565,,,0.0,0.0,0.0,0.0,0.0,0.0,0.0,0.0,0.0,,0.0,0.0,0.0014217449352145195,,0.0,0.0,0.0,0.015036061406135559,0.0,0.0,0.0,,,0.0,0.002523822244256735,0.0,0.0,0.0,,0.012212172150611877,,0.010441260412335396,0.0,,0.0,0.0001980172237381339,0.0,0.0,,,0.0,0.009777898900210857,,0.011562291532754898,0.0,,,0.0,0.021612513810396194,0.0,0.0,0.0,0.0,0.0,,,0.0,0.0,0.0,0.0,0.0,,,0.0,0.0,0.0,,0.0,0.0,,0.0,0.0,0.010721533559262753,,0.0,0.0,0.0,0.0,,0.0,0.0,,0.0,0.0,0.0,0.000222572882194072,0.004138255026191473,0.0,0.0,0.0,0.0,0.0,0.0,0.0,0.0,,0.01636638306081295,,0.0,0.013081780634820461,0.00596213573589921,0.0,0.0,0.0,0.00783260352909565,0.013072560541331768,0.0,0.01504174992442131,0.0,,0.0,,0.0,0.007702955510467291,0.0,,0.0,0.0,0.0,0.0064319828525185585,0.0,0.0,0.0,0.0,0.006455377209931612,0.002276746090501547,0.0,,,0.0,0.0,0.0,,,,0.0,0.0,,0.0,,0.0,,0.0,,,0.0,,,,,0.0,,0.0,0.009475049562752247,0.0,,0.0,0.0,0.0006172159337438643,,0.011276694014668465,0.0,,0.0,0.008886725641787052,0.0,,,0.0,,0.01935204491019249,0.0,0.0,,0.0,0.0019069688860327005,,,,0.0,0.0,0.0,0.0,0.0,7.387471123365685e-05,,,,0.007764055393636227,0.0,,0.0,,0.0,0.0,0.0,0.0,,,0.0,0.0,,,0.0,,0.0,,0.0,0.0,0.0,0.0,0.0,0.0,0.0,,0.0,0.010640541091561317,0.0,0.0,0.0,,,0.0,0.0,0.0,0.0,0.004161264281719923,0.0073729087598621845,,,,0.007771022617816925,0.0,0.0,0.0,,,0.008342444896697998,0.0,0.0,,0.0,,,,,0.0,0.013751369901001453,0.0,,0.0,,,0.0,,0.006028351373970509,0.0,0.0,0.0,,0.006963010877370834,0.0,,0.0,0.0,0.0,0.0,0.0,,0.0025301980786025524,0.0,0.0,,0.0,0.0,0.0,0.0,0.0,0.0,0.0,,0.0009805925656110048,0.0,0.0,0.007419695612043142,0.0,0.0,0.0,,0.0,0.0,0.0,0.010489208623766899,0.0,0.0,0.0,0.0,0.0,0.0,0.00028485566144809127,0.0,0.0,0.0,,0.0,0.0,0.0,0.0,0.0,0.0,0.0,0.0,0.0,0.004446286242455244,0.0,0.0,0.0,,0.0,0.006903916597366333,,0.0032303640618920326,0.0,0.0,0.0,0.0,0.0,0.007855664007365704,0.0,0.0,0.0,0.011428353376686573,0.0,0.014265907928347588,0.0,0.0,0.0,0.0,0.0,0.0,0.0,0.0,0.0,0.0,0.0,0.0,0.0071387211792171,0.0,0.0,0.0,0.010663309134542942,0.009583434090018272,0.0,0.00991410668939352,0.0,0.0,0.0,0.019269602373242378,0.0,0.0,0.0,0.0,0.0,0.0,0.0,0.0,0.004451911896467209,0.0,0.0,0.0,0.0,0.0,0.015617968514561653,0.0,0.008543897420167923,0.0,0.0,0.017431413754820824,0.0,0.0,0.0,0.0,0.0,0.011158911511301994,0.0,0.006921166554093361,0.0,0.013884417712688446,0.0,0.0,0.0,0.0,0.0,0.017269155010581017,0.0,0.00583390099927783,0.0,0.0,,,,,,,,,,,,,,,,,,,,,,,,,,,,,,,,,,,,,,,,,,,,,,,,,,,,,,,,,,,,,,,,,,,,,,,,,,,,,,,,,,,,,,,,,,,,,,,,,,,,,,,,,,,,,,,,,,,,,,,,,,,,,,
2021-03-09,730906.6521184074,2026.0547637399422,,,,,,,,,,,76494.84123570709,,1039061.7711000025,,,,,,,,,,,,,,,,,,,,,,,,,,,,,,,,,,,,,,,,,,,4165.691793512899,,,,,,,,,,,,,,,,,,,,,,11190.854596227411,9601.123041079194,3322.883401489793,7421.891063893989,8748.644490476152,66645.92011220618,25294.934085204106,4662.957218398774,26951.635132699692,,,,,,,,,,,,,,,,,,,,,,,,,,,,,,,,,,,,0.007672586012631655,0.0,0.0,0.01092440728098154,0.0,0.0,0.0,0.0,0.0,0.0,0.0,0.0,0.0,0.0,0.0,0.0,,0.0,,0.0,,0.0,0.0,0.0,0.010507198981940746,0.0,,0.0,0.0,0.010712611488997936,0.0,0.012846814468502998,0.0,,0.0,,,,0.0,0.0,0.0,,0.0,0.0,0.0012285824632272124,0.009027548134326935,0.0,,,0.0,,0.0,0.0,0.0,0.0,0.0,0.0,0.0,0.0,0.006439491640776396,0.015234255231916904,0.0,0.0,0.0,,0.011381476186215878,0.0,0.0,0.0,0.015055594965815544,,0.0005889178719371557,0.0,,0.0,0.0,0.0,0.0,,0.0,0.0,0.0,,0.0,,0.0,0.0,,0.0,,0.0,0.0,0.0030229962430894375,0.01743323914706707,0.0,0.012673601508140564,0.0,0.016194811090826988,0.0,,,0.009300514124333858,0.0,,,,,0.0,0.0,0.0,0.0,0.0,0.0,0.0,0.0,0.0,,0.012146583758294582,0.0019998527131974697,0.0,,0.019029388204216957,0.0,0.0015352413756772876,0.0,0.0,0.0,,0.002669151872396469,,0.014855947345495224,0.0,0.0,0.01175154373049736,,0.0,0.0,,0.0,0.0,0.0,0.0,0.0,0.0001421356719220057,0.0011042432161048055,0.0,0.0,0.0046468619257211685,0.003770541399717331,0.0,0.0012880248250439763,,0.02132318913936615,0.0,0.004850889090448618,0.0,,0.0,0.007785265799611807,0.0,0.0,0.0,0.0,0.0061191171407699585,0.0,0.0,0.0,,0.015078713186085224,0.0,0.0,,,,0.006918592378497124,0.002163069089874625,,0.0,0.0,0.0,0.0,,0.0,,0.0,0.0,0.013318006880581379,0.0,0.0,0.0,,,,0.0,0.01897398941218853,0.0,0.0,0.0,,0.0,0.008289680816233158,0.007186546456068754,0.0,,0.0,0.015495573170483112,0.0,0.0,0.0,,0.002988440217450261,0.0071138362400233746,0.006663523148745298,0.0,,0.0029522741679102182,0.007444577291607857,0.00870683416724205,0.0,0.015951599925756454,0.0,,0.0,0.0,0.0,0.0,0.0,0.0,,0.0,,0.005740217864513397,0.007723913062363863,0.0016765532782301307,0.0,0.0,0.0,0.0,,0.0,0.011521018110215664,0.0028374833054840565,,,0.0,0.0,0.0,0.0,0.0,0.0,0.0,0.0,0.0,,0.0,0.0,0.0014217449352145195,,0.0,0.0,0.0,0.015036061406135559,0.0,0.0,0.0,,,0.0,0.002523822244256735,0.0,0.0,0.0,,0.012212172150611877,,0.010441260412335396,0.0,,0.0,0.0001980172237381339,0.0,0.0,,,0.0,0.009777898900210857,,0.011562291532754898,0.0,,,0.0,0.021612513810396194,0.0,0.0,0.0,0.0,0.0,,,0.0,0.0,0.0,0.0,0.0,,,0.0,0.0,0.0,,0.0,0.0,,0.0,0.0,0.010721533559262753,,0.0,0.0,0.0,0.0,,0.0,0.0,,0.0,0.0,0.0,0.000222572882194072,0.004138255026191473,0.0,0.0,0.0,0.0,0.0,0.0,0.0,0.0,,0.01636638306081295,,0.0,0.013081780634820461,0.00596213573589921,0.0,0.0,0.0,0.00783260352909565,0.013072560541331768,0.0,0.01504174992442131,0.0,,0.0,,0.0,0.007702955510467291,0.0,,0.0,0.0,0.0,0.0064319828525185585,0.0,0.0,0.0,0.0,0.006455377209931612,0.002276746090501547,0.0,,,0.0,0.0,0.0,,,,0.0,0.0,,0.0,,0.0,,0.0,,,0.0,,,,,0.0,,0.0,0.009475049562752247,0.0,,0.0,0.0,0.0006172159337438643,,0.011276694014668465,0.0,,0.0,0.008886725641787052,0.0,,,0.0,,0.01935204491019249,0.0,0.0,,0.0,0.0019069688860327005,,,,0.0,0.0,0.0,0.0,0.0,7.387471123365685e-05,,,,0.007764055393636227,0.0,,0.0,,0.0,0.0,0.0,0.0,,,0.0,0.0,,,0.0,,0.0,,0.0,0.0,0.0,0.0,0.0,0.0,0.0,,0.0,0.010640541091561317,0.0,0.0,0.0,,,0.0,0.0,0.0,0.0,0.004161264281719923,0.0073729087598621845,,,,0.007771022617816925,0.0,0.0,0.0,,,0.008342444896697998,0.0,0.0,,0.0,,,,,0.0,0.013751369901001453,0.0,,0.0,,,0.0,,0.006028351373970509,0.0,0.0,0.0,,0.006963010877370834,0.0,,0.0,0.0,0.0,0.0,0.0,,0.0025301980786025524,0.0,0.0,,0.0,0.0,0.0,0.0,0.0,0.0,0.0,,0.0009805925656110048,0.0,0.0,0.007419695612043142,0.0,0.0,0.0,,0.0,0.0,0.0,0.010489208623766899,0.0,0.0,0.0,0.0,0.0,0.0,0.00028485566144809127,0.0,0.0,0.0,,0.0,0.0,0.0,0.0,0.0,0.0,0.0,0.0,0.0,0.004446286242455244,0.0,0.0,0.0,,0.0,0.006903916597366333,,0.0032303640618920326,0.0,0.0,0.0,0.0,0.0,0.007855664007365704,0.0,0.0,0.0,0.011428353376686573,0.0,0.014265907928347588,0.0,0.0,0.0,0.0,0.0,0.0,0.0,0.0,0.0,0.0,0.0,0.0,0.0071387211792171,0.0,0.0,0.0,0.010663309134542942,0.009583434090018272,0.0,0.00991410668939352,0.0,0.0,0.0,0.019269602373242378,0.0,0.0,0.0,0.0,0.0,0.0,0.0,0.0,0.004451911896467209,0.0,0.0,0.0,0.0,0.0,0.015617968514561653,0.0,0.008543897420167923,0.0,0.0,0.017431413754820824,0.0,0.0,0.0,0.0,0.0,0.011158911511301994,0.0,0.006921166554093361,0.0,0.013884417712688446,0.0,0.0,0.0,0.0,0.0,0.017269155010581017,0.0,0.00583390099927783,0.0,0.0,,,,,,,,,,,,,,,,,,,,,,,,,,,,,,,,,,,,,,,,,,,,,,,,,,,,,,,,,,,,,,,,,,,,,,,,,,,,,,,,,,,,,,,,,,,,,,,,,,,,,,,,,,,,,,,,,,,,,,,,,,,,,,
2021-03-10,719663.6982787478,88.5799254491672,,,,,,,,,,,76494.84123570709,,1039061.7711000025,,,,,,,,,,,,,,,,,,,,,,,,,,,,,,,,,,,,,,,,,,,4165.556579653344,,,,,,,,,,,,,,,,,,,,,,11190.854596227411,9708.719905496913,3322.883401489793,7421.891063893989,8748.644490476152,67712.13590277822,25294.934085204106,4662.957218398774,26951.635132699692,,,,,,,,,,,,,,,,,,,,,,,,,,,,,,,,,,,,0.007672586012631655,0.0,0.0,0.01092440728098154,0.0,0.0,0.0,0.0,0.0,0.0,0.0,0.0,0.0,0.0,0.0,0.0,,0.0,,0.0,,0.0,0.0,0.0,0.010507198981940746,0.0,,0.0,0.0,0.010712611488997936,0.0,0.012846814468502998,0.0,,0.0,,,,0.0,0.0,0.0,,0.0,0.0,0.0012285824632272124,0.009027548134326935,0.0,,,0.0,,0.0,0.0,0.0,0.0,0.0,0.0,0.0,0.0,0.006439491640776396,0.015234255231916904,0.0,0.0,0.0,,0.011381476186215878,0.0,0.0,0.0,0.015055594965815544,,0.0005889178719371557,0.0,,0.0,0.0,0.0,0.0,,0.0,0.0,0.0,,0.0,,0.0,0.0,,0.0,,0.0,0.0,0.0030229962430894375,0.01743323914706707,0.0,0.012673601508140564,0.0,0.016194811090826988,0.0,,,0.009300514124333858,0.0,,,,,0.0,0.0,0.0,0.0,0.0,0.0,0.0,0.0,0.0,,0.012146583758294582,0.0019998527131974697,0.0,,0.019029388204216957,0.0,0.0015352413756772876,0.0,0.0,0.0,,0.002669151872396469,,0.014855947345495224,0.0,0.0,0.01175154373049736,,0.0,0.0,,0.0,0.0,0.0,0.0,0.0,0.0001421356719220057,0.0011042432161048055,0.0,0.0,0.0046468619257211685,0.003770541399717331,0.0,0.0012880248250439763,,0.02132318913936615,0.0,0.004850889090448618,0.0,,0.0,0.007785265799611807,0.0,0.0,0.0,0.0,0.0061191171407699585,0.0,0.0,0.0,,0.015078713186085224,0.0,0.0,,,,0.006918592378497124,0.002163069089874625,,0.0,0.0,0.0,0.0,,0.0,,0.0,0.0,0.013318006880581379,0.0,0.0,0.0,,,,0.0,0.01897398941218853,0.0,0.0,0.0,,0.0,0.008289680816233158,0.007186546456068754,0.0,,0.0,0.015495573170483112,0.0,0.0,0.0,,0.002988440217450261,0.0071138362400233746,0.006663523148745298,0.0,,0.0029522741679102182,0.007444577291607857,0.00870683416724205,0.0,0.015951599925756454,0.0,,0.0,0.0,0.0,0.0,0.0,0.0,,0.0,,0.005740217864513397,0.007723913062363863,0.0016765532782301307,0.0,0.0,0.0,0.0,,0.0,0.011521018110215664,0.0028374833054840565,,,0.0,0.0,0.0,0.0,0.0,0.0,0.0,0.0,0.0,,0.0,0.0,0.0014217449352145195,,0.0,0.0,0.0,0.015036061406135559,0.0,0.0,0.0,,,0.0,0.002523822244256735,0.0,0.0,0.0,,0.012212172150611877,,0.010441260412335396,0.0,,0.0,0.0001980172237381339,0.0,0.0,,,0.0,0.009777898900210857,,0.011562291532754898,0.0,,,0.0,0.021612513810396194,0.0,0.0,0.0,0.0,0.0,,,0.0,0.0,0.0,0.0,0.0,,,0.0,0.0,0.0,,0.0,0.0,,0.0,0.0,0.010721533559262753,,0.0,0.0,0.0,0.0,,0.0,0.0,,0.0,0.0,0.0,0.000222572882194072,0.004138255026191473,0.0,0.0,0.0,0.0,0.0,0.0,0.0,0.0,,0.01636638306081295,,0.0,0.013081780634820461,0.00596213573589921,0.0,0.0,0.0,0.00783260352909565,0.013072560541331768,0.0,0.01504174992442131,0.0,,0.0,,0.0,0.007702955510467291,0.0,,0.0,0.0,0.0,0.0064319828525185585,0.0,0.0,0.0,0.0,0.006455377209931612,0.002276746090501547,0.0,,,0.0,0.0,0.0,,,,0.0,0.0,,0.0,,0.0,,0.0,,,0.0,,,,,0.0,,0.0,0.009475049562752247,0.0,,0.0,0.0,0.0006172159337438643,,0.011276694014668465,0.0,,0.0,0.008886725641787052,0.0,,,0.0,,0.01935204491019249,0.0,0.0,,0.0,0.0019069688860327005,,,,0.0,0.0,0.0,0.0,0.0,7.387471123365685e-05,,,,0.007764055393636227,0.0,,0.0,,0.0,0.0,0.0,0.0,,,0.0,0.0,,,0.0,,0.0,,0.0,0.0,0.0,0.0,0.0,0.0,0.0,,0.0,0.010640541091561317,0.0,0.0,0.0,,,0.0,0.0,0.0,0.0,0.004161264281719923,0.0073729087598621845,,,,0.007771022617816925,0.0,0.0,0.0,,,0.008342444896697998,0.0,0.0,,0.0,,,,,0.0,0.013751369901001453,0.0,,0.0,,,0.0,,0.006028351373970509,0.0,0.0,0.0,,0.006963010877370834,0.0,,0.0,0.0,0.0,0.0,0.0,,0.0025301980786025524,0.0,0.0,,0.0,0.0,0.0,0.0,0.0,0.0,0.0,,0.0009805925656110048,0.0,0.0,0.007419695612043142,0.0,0.0,0.0,,0.0,0.0,0.0,0.010489208623766899,0.0,0.0,0.0,0.0,0.0,0.0,0.00028485566144809127,0.0,0.0,0.0,,0.0,0.0,0.0,0.0,0.0,0.0,0.0,0.0,0.0,0.004446286242455244,0.0,0.0,0.0,,0.0,0.006903916597366333,,0.0032303640618920326,0.0,0.0,0.0,0.0,0.0,0.007855664007365704,0.0,0.0,0.0,0.011428353376686573,0.0,0.014265907928347588,0.0,0.0,0.0,0.0,0.0,0.0,0.0,0.0,0.0,0.0,0.0,0.0,0.0071387211792171,0.0,0.0,0.0,0.010663309134542942,0.009583434090018272,0.0,0.00991410668939352,0.0,0.0,0.0,0.019269602373242378,0.0,0.0,0.0,0.0,0.0,0.0,0.0,0.0,0.004451911896467209,0.0,0.0,0.0,0.0,0.0,0.015617968514561653,0.0,0.008543897420167923,0.0,0.0,0.017431413754820824,0.0,0.0,0.0,0.0,0.0,0.011158911511301994,0.0,0.006921166554093361,0.0,0.013884417712688446,0.0,0.0,0.0,0.0,0.0,0.017269155010581017,0.0,0.00583390099927783,0.0,0.0,,,,,,,,,,,,,,,,,,,,,,,,,,,,,,,,,,,,,,,,,,,,,,,,,,,,,,,,,,,,,,,,,,,,,,,,,,,,,,,,,,,,,,,,,,,,,,,,,,,,,,,,,,,,,,,,,,,,,,,,,,,,,,
2021-03-11,731858.0711343623,69.91817983425139,,,,,,,,,,,76494.84123570709,,1039061.7711000025,,,,,,,,,,,,,,,,,,,,,,,,,,,,,,,,,,,,,,,,,,,4165.6706027011405,,,,,,,,,,,,,,,,,,,,,,11190.854596227411,9493.489427300934,3322.883401489793,7421.891063893989,8748.644490476152,69311.5002453821,25294.934085204106,4662.957218398774,26951.635132699692,,,,,,,,,,,,,,,,,,,,,,,,,,,,,,,,,,,,0.007672586012631655,0.0,0.0,0.01092440728098154,0.0,0.0,0.0,0.0,0.0,0.0,0.0,0.0,0.0,0.0,0.0,0.0,,0.0,,0.0,,0.0,0.0,0.0,0.010507198981940746,0.0,,0.0,0.0,0.010712611488997936,0.0,0.012846814468502998,0.0,,0.0,,,,0.0,0.0,0.0,,0.0,0.0,0.0012285824632272124,0.009027548134326935,0.0,,,0.0,,0.0,0.0,0.0,0.0,0.0,0.0,0.0,0.0,0.006439491640776396,0.015234255231916904,0.0,0.0,0.0,,0.011381476186215878,0.0,0.0,0.0,0.015055594965815544,,0.0005889178719371557,0.0,,0.0,0.0,0.0,0.0,,0.0,0.0,0.0,,0.0,,0.0,0.0,,0.0,,0.0,0.0,0.0030229962430894375,0.01743323914706707,0.0,0.012673601508140564,0.0,0.016194811090826988,0.0,,,0.009300514124333858,0.0,,,,,0.0,0.0,0.0,0.0,0.0,0.0,0.0,0.0,0.0,,0.012146583758294582,0.0019998527131974697,0.0,,0.019029388204216957,0.0,0.0015352413756772876,0.0,0.0,0.0,,0.002669151872396469,,0.014855947345495224,0.0,0.0,0.01175154373049736,,0.0,0.0,,0.0,0.0,0.0,0.0,0.0,0.0001421356719220057,0.0011042432161048055,0.0,0.0,0.0046468619257211685,0.003770541399717331,0.0,0.0012880248250439763,,0.02132318913936615,0.0,0.004850889090448618,0.0,,0.0,0.007785265799611807,0.0,0.0,0.0,0.0,0.0061191171407699585,0.0,0.0,0.0,,0.015078713186085224,0.0,0.0,,,,0.006918592378497124,0.002163069089874625,,0.0,0.0,0.0,0.0,,0.0,,0.0,0.0,0.013318006880581379,0.0,0.0,0.0,,,,0.0,0.01897398941218853,0.0,0.0,0.0,,0.0,0.008289680816233158,0.007186546456068754,0.0,,0.0,0.015495573170483112,0.0,0.0,0.0,,0.002988440217450261,0.0071138362400233746,0.006663523148745298,0.0,,0.0029522741679102182,0.007444577291607857,0.00870683416724205,0.0,0.015951599925756454,0.0,,0.0,0.0,0.0,0.0,0.0,0.0,,0.0,,0.005740217864513397,0.007723913062363863,0.0016765532782301307,0.0,0.0,0.0,0.0,,0.0,0.011521018110215664,0.0028374833054840565,,,0.0,0.0,0.0,0.0,0.0,0.0,0.0,0.0,0.0,,0.0,0.0,0.0014217449352145195,,0.0,0.0,0.0,0.015036061406135559,0.0,0.0,0.0,,,0.0,0.002523822244256735,0.0,0.0,0.0,,0.012212172150611877,,0.010441260412335396,0.0,,0.0,0.0001980172237381339,0.0,0.0,,,0.0,0.009777898900210857,,0.011562291532754898,0.0,,,0.0,0.021612513810396194,0.0,0.0,0.0,0.0,0.0,,,0.0,0.0,0.0,0.0,0.0,,,0.0,0.0,0.0,,0.0,0.0,,0.0,0.0,0.010721533559262753,,0.0,0.0,0.0,0.0,,0.0,0.0,,0.0,0.0,0.0,0.000222572882194072,0.004138255026191473,0.0,0.0,0.0,0.0,0.0,0.0,0.0,0.0,,0.01636638306081295,,0.0,0.013081780634820461,0.00596213573589921,0.0,0.0,0.0,0.00783260352909565,0.013072560541331768,0.0,0.01504174992442131,0.0,,0.0,,0.0,0.007702955510467291,0.0,,0.0,0.0,0.0,0.0064319828525185585,0.0,0.0,0.0,0.0,0.006455377209931612,0.002276746090501547,0.0,,,0.0,0.0,0.0,,,,0.0,0.0,,0.0,,0.0,,0.0,,,0.0,,,,,0.0,,0.0,0.009475049562752247,0.0,,0.0,0.0,0.0006172159337438643,,0.011276694014668465,0.0,,0.0,0.008886725641787052,0.0,,,0.0,,0.01935204491019249,0.0,0.0,,0.0,0.0019069688860327005,,,,0.0,0.0,0.0,0.0,0.0,7.387471123365685e-05,,,,0.007764055393636227,0.0,,0.0,,0.0,0.0,0.0,0.0,,,0.0,0.0,,,0.0,,0.0,,0.0,0.0,0.0,0.0,0.0,0.0,0.0,,0.0,0.010640541091561317,0.0,0.0,0.0,,,0.0,0.0,0.0,0.0,0.004161264281719923,0.0073729087598621845,,,,0.007771022617816925,0.0,0.0,0.0,,,0.008342444896697998,0.0,0.0,,0.0,,,,,0.0,0.013751369901001453,0.0,,0.0,,,0.0,,0.006028351373970509,0.0,0.0,0.0,,0.006963010877370834,0.0,,0.0,0.0,0.0,0.0,0.0,,0.0025301980786025524,0.0,0.0,,0.0,0.0,0.0,0.0,0.0,0.0,0.0,,0.0009805925656110048,0.0,0.0,0.007419695612043142,0.0,0.0,0.0,,0.0,0.0,0.0,0.010489208623766899,0.0,0.0,0.0,0.0,0.0,0.0,0.00028485566144809127,0.0,0.0,0.0,,0.0,0.0,0.0,0.0,0.0,0.0,0.0,0.0,0.0,0.004446286242455244,0.0,0.0,0.0,,0.0,0.006903916597366333,,0.0032303640618920326,0.0,0.0,0.0,0.0,0.0,0.007855664007365704,0.0,0.0,0.0,0.011428353376686573,0.0,0.014265907928347588,0.0,0.0,0.0,0.0,0.0,0.0,0.0,0.0,0.0,0.0,0.0,0.0,0.0071387211792171,0.0,0.0,0.0,0.010663309134542942,0.009583434090018272,0.0,0.00991410668939352,0.0,0.0,0.0,0.019269602373242378,0.0,0.0,0.0,0.0,0.0,0.0,0.0,0.0,0.004451911896467209,0.0,0.0,0.0,0.0,0.0,0.015617968514561653,0.0,0.008543897420167923,0.0,0.0,0.017431413754820824,0.0,0.0,0.0,0.0,0.0,0.011158911511301994,0.0,0.006921166554093361,0.0,0.013884417712688446,0.0,0.0,0.0,0.0,0.0,0.017269155010581017,0.0,0.00583390099927783,0.0,0.0,,,,,,,,,,,,,,,,,,,,,,,,,,,,,,,,,,,,,,,,,,,,,,,,,,,,,,,,,,,,,,,,,,,,,,,,,,,,,,,,,,,,,,,,,,,,,,,,,,,,,,,,,,,,,,,,,,,,,,,,,,,,,,
2021-03-12,741603.344364029,262.69964748485836,,,,,,,,,,,76494.84123570709,,1039061.7711000025,,,,,,,,,,,,,,,,,,,,,,,,,,,,,,,,,,,,,,,,,,,4165.6706027011405,,,,,,,,,,,,,,,,,,,,,,11190.854596227411,9493.489427300934,3322.883401489793,7421.891063893989,8748.644490476152,69312.24701550997,23765.95267333531,5000.857677753801,26951.635132699692,,,,,,,,,,,,,,,,,,,,,,,,,,,,,,,,,,,,0.007672586012631655,0.0,0.0,0.01092440728098154,0.0,0.0,0.0,0.0,0.0,0.0,0.0,0.0,0.0,0.0,0.0,0.0,,0.0,,0.0,,0.0,0.0,0.0,0.010507198981940746,0.0,,0.0,0.0,0.010712611488997936,0.0,0.012846814468502998,0.0,,0.0,,,,0.0,0.0,0.0,,0.0,0.0,0.0012285824632272124,0.009027548134326935,0.0,,,0.0,,0.0,0.0,0.0,0.0,0.0,0.0,0.0,0.0,0.006439491640776396,0.015234255231916904,0.0,0.0,0.0,,0.011381476186215878,0.0,0.0,0.0,0.015055594965815544,,0.0005889178719371557,0.0,,0.0,0.0,0.0,0.0,,0.0,0.0,0.0,,0.0,,0.0,0.0,,0.0,,0.0,0.0,0.0030229962430894375,0.01743323914706707,0.0,0.012673601508140564,0.0,0.016194811090826988,0.0,,,0.009300514124333858,0.0,,,,,0.0,0.0,0.0,0.0,0.0,0.0,0.0,0.0,0.0,,0.012146583758294582,0.0019998527131974697,0.0,,0.019029388204216957,0.0,0.0015352413756772876,0.0,0.0,0.0,,0.002669151872396469,,0.014855947345495224,0.0,0.0,0.01175154373049736,,0.0,0.0,,0.0,0.0,0.0,0.0,0.0,0.0001421356719220057,0.0011042432161048055,0.0,0.0,0.0046468619257211685,0.003770541399717331,0.0,0.0012880248250439763,,0.02132318913936615,0.0,0.004850889090448618,0.0,,0.0,0.007785265799611807,0.0,0.0,0.0,0.0,0.0061191171407699585,0.0,0.0,0.0,,0.015078713186085224,0.0,0.0,,,,0.006918592378497124,0.002163069089874625,,0.0,0.0,0.0,0.0,,0.0,,0.0,0.0,0.013318006880581379,0.0,0.0,0.0,,,,0.0,0.01897398941218853,0.0,0.0,0.0,,0.0,0.008289680816233158,0.007186546456068754,0.0,,0.0,0.015495573170483112,0.0,0.0,0.0,,0.002988440217450261,0.0071138362400233746,0.006663523148745298,0.0,,0.0029522741679102182,0.007444577291607857,0.00870683416724205,0.0,0.015951599925756454,0.0,,0.0,0.0,0.0,0.0,0.0,0.0,,0.0,,0.005740217864513397,0.007723913062363863,0.0016765532782301307,0.0,0.0,0.0,0.0,,0.0,0.011521018110215664,0.0028374833054840565,,,0.0,0.0,0.0,0.0,0.0,0.0,0.0,0.0,0.0,,0.0,0.0,0.0014217449352145195,,0.0,0.0,0.0,0.015036061406135559,0.0,0.0,0.0,,,0.0,0.002523822244256735,0.0,0.0,0.0,,0.012212172150611877,,0.010441260412335396,0.0,,0.0,0.0001980172237381339,0.0,0.0,,,0.0,0.009777898900210857,,0.011562291532754898,0.0,,,0.0,0.021612513810396194,0.0,0.0,0.0,0.0,0.0,,,0.0,0.0,0.0,0.0,0.0,,,0.0,0.0,0.0,,0.0,0.0,,0.0,0.0,0.010721533559262753,,0.0,0.0,0.0,0.0,,0.0,0.0,,0.0,0.0,0.0,0.000222572882194072,0.004138255026191473,0.0,0.0,0.0,0.0,0.0,0.0,0.0,0.0,,0.01636638306081295,,0.0,0.013081780634820461,0.00596213573589921,0.0,0.0,0.0,0.00783260352909565,0.013072560541331768,0.0,0.01504174992442131,0.0,,0.0,,0.0,0.007702955510467291,0.0,,0.0,0.0,0.0,0.0064319828525185585,0.0,0.0,0.0,0.0,0.006455377209931612,0.002276746090501547,0.0,,,0.0,0.0,0.0,,,,0.0,0.0,,0.0,,0.0,,0.0,,,0.0,,,,,0.0,,0.0,0.009475049562752247,0.0,,0.0,0.0,0.0006172159337438643,,0.011276694014668465,0.0,,0.0,0.008886725641787052,0.0,,,0.0,,0.01935204491019249,0.0,0.0,,0.0,0.0019069688860327005,,,,0.0,0.0,0.0,0.0,0.0,7.387471123365685e-05,,,,0.007764055393636227,0.0,,0.0,,0.0,0.0,0.0,0.0,,,0.0,0.0,,,0.0,,0.0,,0.0,0.0,0.0,0.0,0.0,0.0,0.0,,0.0,0.010640541091561317,0.0,0.0,0.0,,,0.0,0.0,0.0,0.0,0.004161264281719923,0.0073729087598621845,,,,0.007771022617816925,0.0,0.0,0.0,,,0.008342444896697998,0.0,0.0,,0.0,,,,,0.0,0.013751369901001453,0.0,,0.0,,,0.0,,0.006028351373970509,0.0,0.0,0.0,,0.006963010877370834,0.0,,0.0,0.0,0.0,0.0,0.0,,0.0025301980786025524,0.0,0.0,,0.0,0.0,0.0,0.0,0.0,0.0,0.0,,0.0009805925656110048,0.0,0.0,0.007419695612043142,0.0,0.0,0.0,,0.0,0.0,0.0,0.010489208623766899,0.0,0.0,0.0,0.0,0.0,0.0,0.00028485566144809127,0.0,0.0,0.0,,0.0,0.0,0.0,0.0,0.0,0.0,0.0,0.0,0.0,0.004446286242455244,0.0,0.0,0.0,,0.0,0.006903916597366333,,0.0032303640618920326,0.0,0.0,0.0,0.0,0.0,0.007855664007365704,0.0,0.0,0.0,0.011428353376686573,0.0,0.014265907928347588,0.0,0.0,0.0,0.0,0.0,0.0,0.0,0.0,0.0,0.0,0.0,0.0,0.0071387211792171,0.0,0.0,0.0,0.010663309134542942,0.009583434090018272,0.0,0.00991410668939352,0.0,0.0,0.0,0.019269602373242378,0.0,0.0,0.0,0.0,0.0,0.0,0.0,0.0,0.004451911896467209,0.0,0.0,0.0,0.0,0.0,0.015617968514561653,0.0,0.008543897420167923,0.0,0.0,0.017431413754820824,0.0,0.0,0.0,0.0,0.0,0.011158911511301994,0.0,0.006921166554093361,0.0,0.013884417712688446,0.0,0.0,0.0,0.0,0.0,0.017269155010581017,0.0,0.00583390099927783,0.0,0.0,,,,,,,,,,,,,,,,,,,,,,,,,,,,,,,,,,,,,,,,,,,,,,,,,,,,,,,,,,,,,,,,,,,,,,,,,,,,,,,,,,,,,,,,,,,,,,,,,,,,,,,,,,,,,,,,,,,,,,,,,,,,,,
2021-03-15,746609.4925396834,850.3291931874028,,,,,,,,,,,76494.84123570709,,1039061.7711000025,,,,,,,,,,,,,,,,,,,,,,,,,,,,,,,,,,,,,,,,,,,4165.6706027011405,,,,,,,,,,,,,,,,,,,,,,11190.854596227411,9493.489427300934,3322.883401489793,7421.891063893989,8748.644490476152,69294.38216169439,21962.107822061484,5406.341299627931,26951.635132699692,,,,,,,,,,,,,,,,,,,,,,,,,,,,,,,,,,,,0.007672586012631655,0.0,0.0,0.01092440728098154,0.0,0.0,0.0,0.0,0.0,0.0,0.0,0.0,0.0,0.0,0.0,0.0,,0.0,,0.0,,0.0,0.0,0.0,0.010507198981940746,0.0,,0.0,0.0,0.010712611488997936,0.0,0.012846814468502998,0.0,,0.0,,,,0.0,0.0,0.0,,0.0,0.0,0.0012285824632272124,0.009027548134326935,0.0,,,0.0,,0.0,0.0,0.0,0.0,0.0,0.0,0.0,0.0,0.006439491640776396,0.015234255231916904,0.0,0.0,0.0,,0.011381476186215878,0.0,0.0,0.0,0.015055594965815544,,0.0005889178719371557,0.0,,0.0,0.0,0.0,0.0,,0.0,0.0,0.0,,0.0,,0.0,0.0,,0.0,,0.0,0.0,0.0030229962430894375,0.01743323914706707,0.0,0.012673601508140564,0.0,0.016194811090826988,0.0,,,0.009300514124333858,0.0,,,,,0.0,0.0,0.0,0.0,0.0,0.0,0.0,0.0,0.0,,0.012146583758294582,0.0019998527131974697,0.0,,0.019029388204216957,0.0,0.0015352413756772876,0.0,0.0,0.0,,0.002669151872396469,,0.014855947345495224,0.0,0.0,0.01175154373049736,,0.0,0.0,,0.0,0.0,0.0,0.0,0.0,0.0001421356719220057,0.0011042432161048055,0.0,0.0,0.0046468619257211685,0.003770541399717331,0.0,0.0012880248250439763,,0.02132318913936615,0.0,0.004850889090448618,0.0,,0.0,0.007785265799611807,0.0,0.0,0.0,0.0,0.0061191171407699585,0.0,0.0,0.0,,0.015078713186085224,0.0,0.0,,,,0.006918592378497124,0.002163069089874625,,0.0,0.0,0.0,0.0,,0.0,,0.0,0.0,0.013318006880581379,0.0,0.0,0.0,,,,0.0,0.01897398941218853,0.0,0.0,0.0,,0.0,0.008289680816233158,0.007186546456068754,0.0,,0.0,0.015495573170483112,0.0,0.0,0.0,,0.002988440217450261,0.0071138362400233746,0.006663523148745298,0.0,,0.0029522741679102182,0.007444577291607857,0.00870683416724205,0.0,0.015951599925756454,0.0,,0.0,0.0,0.0,0.0,0.0,0.0,,0.0,,0.005740217864513397,0.007723913062363863,0.0016765532782301307,0.0,0.0,0.0,0.0,,0.0,0.011521018110215664,0.0028374833054840565,,,0.0,0.0,0.0,0.0,0.0,0.0,0.0,0.0,0.0,,0.0,0.0,0.0014217449352145195,,0.0,0.0,0.0,0.015036061406135559,0.0,0.0,0.0,,,0.0,0.002523822244256735,0.0,0.0,0.0,,0.012212172150611877,,0.010441260412335396,0.0,,0.0,0.0001980172237381339,0.0,0.0,,,0.0,0.009777898900210857,,0.011562291532754898,0.0,,,0.0,0.021612513810396194,0.0,0.0,0.0,0.0,0.0,,,0.0,0.0,0.0,0.0,0.0,,,0.0,0.0,0.0,,0.0,0.0,,0.0,0.0,0.010721533559262753,,0.0,0.0,0.0,0.0,,0.0,0.0,,0.0,0.0,0.0,0.000222572882194072,0.004138255026191473,0.0,0.0,0.0,0.0,0.0,0.0,0.0,0.0,,0.01636638306081295,,0.0,0.013081780634820461,0.00596213573589921,0.0,0.0,0.0,0.00783260352909565,0.013072560541331768,0.0,0.01504174992442131,0.0,,0.0,,0.0,0.007702955510467291,0.0,,0.0,0.0,0.0,0.0064319828525185585,0.0,0.0,0.0,0.0,0.006455377209931612,0.002276746090501547,0.0,,,0.0,0.0,0.0,,,,0.0,0.0,,0.0,,0.0,,0.0,,,0.0,,,,,0.0,,0.0,0.009475049562752247,0.0,,0.0,0.0,0.0006172159337438643,,0.011276694014668465,0.0,,0.0,0.008886725641787052,0.0,,,0.0,,0.01935204491019249,0.0,0.0,,0.0,0.0019069688860327005,,,,0.0,0.0,0.0,0.0,0.0,7.387471123365685e-05,,,,0.007764055393636227,0.0,,0.0,,0.0,0.0,0.0,0.0,,,0.0,0.0,,,0.0,,0.0,,0.0,0.0,0.0,0.0,0.0,0.0,0.0,,0.0,0.010640541091561317,0.0,0.0,0.0,,,0.0,0.0,0.0,0.0,0.004161264281719923,0.0073729087598621845,,,,0.007771022617816925,0.0,0.0,0.0,,,0.008342444896697998,0.0,0.0,,0.0,,,,,0.0,0.013751369901001453,0.0,,0.0,,,0.0,,0.006028351373970509,0.0,0.0,0.0,,0.006963010877370834,0.0,,0.0,0.0,0.0,0.0,0.0,,0.0025301980786025524,0.0,0.0,,0.0,0.0,0.0,0.0,0.0,0.0,0.0,,0.0009805925656110048,0.0,0.0,0.007419695612043142,0.0,0.0,0.0,,0.0,0.0,0.0,0.010489208623766899,0.0,0.0,0.0,0.0,0.0,0.0,0.00028485566144809127,0.0,0.0,0.0,,0.0,0.0,0.0,0.0,0.0,0.0,0.0,0.0,0.0,0.004446286242455244,0.0,0.0,0.0,,0.0,0.006903916597366333,,0.0032303640618920326,0.0,0.0,0.0,0.0,0.0,0.007855664007365704,0.0,0.0,0.0,0.011428353376686573,0.0,0.014265907928347588,0.0,0.0,0.0,0.0,0.0,0.0,0.0,0.0,0.0,0.0,0.0,0.0,0.0071387211792171,0.0,0.0,0.0,0.010663309134542942,0.009583434090018272,0.0,0.00991410668939352,0.0,0.0,0.0,0.019269602373242378,0.0,0.0,0.0,0.0,0.0,0.0,0.0,0.0,0.004451911896467209,0.0,0.0,0.0,0.0,0.0,0.015617968514561653,0.0,0.008543897420167923,0.0,0.0,0.017431413754820824,0.0,0.0,0.0,0.0,0.0,0.011158911511301994,0.0,0.006921166554093361,0.0,0.013884417712688446,0.0,0.0,0.0,0.0,0.0,0.017269155010581017,0.0,0.00583390099927783,0.0,0.0,,,,,,,,,,,,,,,,,,,,,,,,,,,,,,,,,,,,,,,,,,,,,,,,,,,,,,,,,,,,,,,,,,,,,,,,,,,,,,,,,,,,,,,,,,,,,,,,,,,,,,,,,,,,,,,,,,,,,,,,,,,,,,
2021-03-16,749784.4655621046,1176.5277120502342,,,,,,,,,,,76494.84123570709,,1039061.7711000025,,,,,,,,,,,,,,,,,,,,,,,,,,,,,,,,,,,,,,,,,,,4165.6706027011405,,,,,,,,,,,,,,,,,,,,,,11190.854596227411,9600.995250531032,3322.883401489793,7421.891063893989,8748.644490476152,67699.54519718184,21602.17757241192,5541.491639940002,26951.635132699692,,,,,,,,,,,,,,,,,,,,,,,,,,,,,,,,,,,,0.007672586012631655,0.0,0.0,0.01092440728098154,0.0,0.0,0.0,0.0,0.0,0.0,0.0,0.0,0.0,0.0,0.0,0.0,,0.0,,0.0,,0.0,0.0,0.0,0.010507198981940746,0.0,,0.0,0.0,0.010712611488997936,0.0,0.012846814468502998,0.0,,0.0,,,,0.0,0.0,0.0,,0.0,0.0,0.0012285824632272124,0.009027548134326935,0.0,,,0.0,,0.0,0.0,0.0,0.0,0.0,0.0,0.0,0.0,0.006439491640776396,0.015234255231916904,0.0,0.0,0.0,,0.011381476186215878,0.0,0.0,0.0,0.015055594965815544,,0.0005889178719371557,0.0,,0.0,0.0,0.0,0.0,,0.0,0.0,0.0,,0.0,,0.0,0.0,,0.0,,0.0,0.0,0.0030229962430894375,0.01743323914706707,0.0,0.012673601508140564,0.0,0.016194811090826988,0.0,,,0.009300514124333858,0.0,,,,,0.0,0.0,0.0,0.0,0.0,0.0,0.0,0.0,0.0,,0.012146583758294582,0.0019998527131974697,0.0,,0.019029388204216957,0.0,0.0015352413756772876,0.0,0.0,0.0,,0.002669151872396469,,0.014855947345495224,0.0,0.0,0.01175154373049736,,0.0,0.0,,0.0,0.0,0.0,0.0,0.0,0.0001421356719220057,0.0011042432161048055,0.0,0.0,0.0046468619257211685,0.003770541399717331,0.0,0.0012880248250439763,,0.02132318913936615,0.0,0.004850889090448618,0.0,,0.0,0.007785265799611807,0.0,0.0,0.0,0.0,0.0061191171407699585,0.0,0.0,0.0,,0.015078713186085224,0.0,0.0,,,,0.006918592378497124,0.002163069089874625,,0.0,0.0,0.0,0.0,,0.0,,0.0,0.0,0.013318006880581379,0.0,0.0,0.0,,,,0.0,0.01897398941218853,0.0,0.0,0.0,,0.0,0.008289680816233158,0.007186546456068754,0.0,,0.0,0.015495573170483112,0.0,0.0,0.0,,0.002988440217450261,0.0071138362400233746,0.006663523148745298,0.0,,0.0029522741679102182,0.007444577291607857,0.00870683416724205,0.0,0.015951599925756454,0.0,,0.0,0.0,0.0,0.0,0.0,0.0,,0.0,,0.005740217864513397,0.007723913062363863,0.0016765532782301307,0.0,0.0,0.0,0.0,,0.0,0.011521018110215664,0.0028374833054840565,,,0.0,0.0,0.0,0.0,0.0,0.0,0.0,0.0,0.0,,0.0,0.0,0.0014217449352145195,,0.0,0.0,0.0,0.015036061406135559,0.0,0.0,0.0,,,0.0,0.002523822244256735,0.0,0.0,0.0,,0.012212172150611877,,0.010441260412335396,0.0,,0.0,0.0001980172237381339,0.0,0.0,,,0.0,0.009777898900210857,,0.011562291532754898,0.0,,,0.0,0.021612513810396194,0.0,0.0,0.0,0.0,0.0,,,0.0,0.0,0.0,0.0,0.0,,,0.0,0.0,0.0,,0.0,0.0,,0.0,0.0,0.010721533559262753,,0.0,0.0,0.0,0.0,,0.0,0.0,,0.0,0.0,0.0,0.000222572882194072,0.004138255026191473,0.0,0.0,0.0,0.0,0.0,0.0,0.0,0.0,,0.01636638306081295,,0.0,0.013081780634820461,0.00596213573589921,0.0,0.0,0.0,0.00783260352909565,0.013072560541331768,0.0,0.01504174992442131,0.0,,0.0,,0.0,0.007702955510467291,0.0,,0.0,0.0,0.0,0.0064319828525185585,0.0,0.0,0.0,0.0,0.006455377209931612,0.002276746090501547,0.0,,,0.0,0.0,0.0,,,,0.0,0.0,,0.0,,0.0,,0.0,,,0.0,,,,,0.0,,0.0,0.009475049562752247,0.0,,0.0,0.0,0.0006172159337438643,,0.011276694014668465,0.0,,0.0,0.008886725641787052,0.0,,,0.0,,0.01935204491019249,0.0,0.0,,0.0,0.0019069688860327005,,,,0.0,0.0,0.0,0.0,0.0,7.387471123365685e-05,,,,0.007764055393636227,0.0,,0.0,,0.0,0.0,0.0,0.0,,,0.0,0.0,,,0.0,,0.0,,0.0,0.0,0.0,0.0,0.0,0.0,0.0,,0.0,0.010640541091561317,0.0,0.0,0.0,,,0.0,0.0,0.0,0.0,0.004161264281719923,0.0073729087598621845,,,,0.007771022617816925,0.0,0.0,0.0,,,0.008342444896697998,0.0,0.0,,0.0,,,,,0.0,0.013751369901001453,0.0,,0.0,,,0.0,,0.006028351373970509,0.0,0.0,0.0,,0.006963010877370834,0.0,,0.0,0.0,0.0,0.0,0.0,,0.0025301980786025524,0.0,0.0,,0.0,0.0,0.0,0.0,0.0,0.0,0.0,,0.0009805925656110048,0.0,0.0,0.007419695612043142,0.0,0.0,0.0,,0.0,0.0,0.0,0.010489208623766899,0.0,0.0,0.0,0.0,0.0,0.0,0.00028485566144809127,0.0,0.0,0.0,,0.0,0.0,0.0,0.0,0.0,0.0,0.0,0.0,0.0,0.004446286242455244,0.0,0.0,0.0,,0.0,0.006903916597366333,,0.0032303640618920326,0.0,0.0,0.0,0.0,0.0,0.007855664007365704,0.0,0.0,0.0,0.011428353376686573,0.0,0.014265907928347588,0.0,0.0,0.0,0.0,0.0,0.0,0.0,0.0,0.0,0.0,0.0,0.0,0.0071387211792171,0.0,0.0,0.0,0.010663309134542942,0.009583434090018272,0.0,0.00991410668939352,0.0,0.0,0.0,0.019269602373242378,0.0,0.0,0.0,0.0,0.0,0.0,0.0,0.0,0.004451911896467209,0.0,0.0,0.0,0.0,0.0,0.015617968514561653,0.0,0.008543897420167923,0.0,0.0,0.017431413754820824,0.0,0.0,0.0,0.0,0.0,0.011158911511301994,0.0,0.006921166554093361,0.0,0.013884417712688446,0.0,0.0,0.0,0.0,0.0,0.017269155010581017,0.0,0.00583390099927783,0.0,0.0,,,,,,,,,,,,,,,,,,,,,,,,,,,,,,,,,,,,,,,,,,,,,,,,,,,,,,,,,,,,,,,,,,,,,,,,,,,,,,,,,,,,,,,,,,,,,,,,,,,,,,,,,,,,,,,,,,,,,,,,,,,,,,
2021-03-17,752963.5307997339,1775.301895323464,,,,,,,,,,,76494.84123570709,,1039061.7711000025,,,,,,,,,,,,,,,,,,,,,,,,,,,,,,,,,,,,,,,,,,,4165.612581343694,,,,,,,,,,,,,,,,,,,,,,11190.854596227411,9601.094642885619,3322.883401489793,7421.891063893989,8748.644490476152,68228.41229051673,20705.01272801749,5541.476461492964,28074.744815145135,,,,,,,,,,,,,,,,,,,,,,,,,,,,,,,,,,,,0.007672586012631655,0.0,0.0,0.01092440728098154,0.0,0.0,0.0,0.0,0.0,0.0,0.0,0.0,0.0,0.0,0.0,0.0,,0.0,,0.0,,0.0,0.0,0.0,0.010507198981940746,0.0,,0.0,0.0,0.010712611488997936,0.0,0.012846814468502998,0.0,,0.0,,,,0.0,0.0,0.0,,0.0,0.0,0.0012285824632272124,0.009027548134326935,0.0,,,0.0,,0.0,0.0,0.0,0.0,0.0,0.0,0.0,0.0,0.006439491640776396,0.015234255231916904,0.0,0.0,0.0,,0.011381476186215878,0.0,0.0,0.0,0.015055594965815544,,0.0005889178719371557,0.0,,0.0,0.0,0.0,0.0,,0.0,0.0,0.0,,0.0,,0.0,0.0,,0.0,,0.0,0.0,0.0030229962430894375,0.01743323914706707,0.0,0.012673601508140564,0.0,0.016194811090826988,0.0,,,0.009300514124333858,0.0,,,,,0.0,0.0,0.0,0.0,0.0,0.0,0.0,0.0,0.0,,0.012146583758294582,0.0019998527131974697,0.0,,0.019029388204216957,0.0,0.0015352413756772876,0.0,0.0,0.0,,0.002669151872396469,,0.014855947345495224,0.0,0.0,0.01175154373049736,,0.0,0.0,,0.0,0.0,0.0,0.0,0.0,0.0001421356719220057,0.0011042432161048055,0.0,0.0,0.0046468619257211685,0.003770541399717331,0.0,0.0012880248250439763,,0.02132318913936615,0.0,0.004850889090448618,0.0,,0.0,0.007785265799611807,0.0,0.0,0.0,0.0,0.0061191171407699585,0.0,0.0,0.0,,0.015078713186085224,0.0,0.0,,,,0.006918592378497124,0.002163069089874625,,0.0,0.0,0.0,0.0,,0.0,,0.0,0.0,0.013318006880581379,0.0,0.0,0.0,,,,0.0,0.01897398941218853,0.0,0.0,0.0,,0.0,0.008289680816233158,0.007186546456068754,0.0,,0.0,0.015495573170483112,0.0,0.0,0.0,,0.002988440217450261,0.0071138362400233746,0.006663523148745298,0.0,,0.0029522741679102182,0.007444577291607857,0.00870683416724205,0.0,0.015951599925756454,0.0,,0.0,0.0,0.0,0.0,0.0,0.0,,0.0,,0.005740217864513397,0.007723913062363863,0.0016765532782301307,0.0,0.0,0.0,0.0,,0.0,0.011521018110215664,0.0028374833054840565,,,0.0,0.0,0.0,0.0,0.0,0.0,0.0,0.0,0.0,,0.0,0.0,0.0014217449352145195,,0.0,0.0,0.0,0.015036061406135559,0.0,0.0,0.0,,,0.0,0.002523822244256735,0.0,0.0,0.0,,0.012212172150611877,,0.010441260412335396,0.0,,0.0,0.0001980172237381339,0.0,0.0,,,0.0,0.009777898900210857,,0.011562291532754898,0.0,,,0.0,0.021612513810396194,0.0,0.0,0.0,0.0,0.0,,,0.0,0.0,0.0,0.0,0.0,,,0.0,0.0,0.0,,0.0,0.0,,0.0,0.0,0.010721533559262753,,0.0,0.0,0.0,0.0,,0.0,0.0,,0.0,0.0,0.0,0.000222572882194072,0.004138255026191473,0.0,0.0,0.0,0.0,0.0,0.0,0.0,0.0,,0.01636638306081295,,0.0,0.013081780634820461,0.00596213573589921,0.0,0.0,0.0,0.00783260352909565,0.013072560541331768,0.0,0.01504174992442131,0.0,,0.0,,0.0,0.007702955510467291,0.0,,0.0,0.0,0.0,0.0064319828525185585,0.0,0.0,0.0,0.0,0.006455377209931612,0.002276746090501547,0.0,,,0.0,0.0,0.0,,,,0.0,0.0,,0.0,,0.0,,0.0,,,0.0,,,,,0.0,,0.0,0.009475049562752247,0.0,,0.0,0.0,0.0006172159337438643,,0.011276694014668465,0.0,,0.0,0.008886725641787052,0.0,,,0.0,,0.01935204491019249,0.0,0.0,,0.0,0.0019069688860327005,,,,0.0,0.0,0.0,0.0,0.0,7.387471123365685e-05,,,,0.007764055393636227,0.0,,0.0,,0.0,0.0,0.0,0.0,,,0.0,0.0,,,0.0,,0.0,,0.0,0.0,0.0,0.0,0.0,0.0,0.0,,0.0,0.010640541091561317,0.0,0.0,0.0,,,0.0,0.0,0.0,0.0,0.004161264281719923,0.0073729087598621845,,,,0.007771022617816925,0.0,0.0,0.0,,,0.008342444896697998,0.0,0.0,,0.0,,,,,0.0,0.013751369901001453,0.0,,0.0,,,0.0,,0.006028351373970509,0.0,0.0,0.0,,0.006963010877370834,0.0,,0.0,0.0,0.0,0.0,0.0,,0.0025301980786025524,0.0,0.0,,0.0,0.0,0.0,0.0,0.0,0.0,0.0,,0.0009805925656110048,0.0,0.0,0.007419695612043142,0.0,0.0,0.0,,0.0,0.0,0.0,0.010489208623766899,0.0,0.0,0.0,0.0,0.0,0.0,0.00028485566144809127,0.0,0.0,0.0,,0.0,0.0,0.0,0.0,0.0,0.0,0.0,0.0,0.0,0.004446286242455244,0.0,0.0,0.0,,0.0,0.006903916597366333,,0.0032303640618920326,0.0,0.0,0.0,0.0,0.0,0.007855664007365704,0.0,0.0,0.0,0.011428353376686573,0.0,0.014265907928347588,0.0,0.0,0.0,0.0,0.0,0.0,0.0,0.0,0.0,0.0,0.0,0.0,0.0071387211792171,0.0,0.0,0.0,0.010663309134542942,0.009583434090018272,0.0,0.00991410668939352,0.0,0.0,0.0,0.019269602373242378,0.0,0.0,0.0,0.0,0.0,0.0,0.0,0.0,0.004451911896467209,0.0,0.0,0.0,0.0,0.0,0.015617968514561653,0.0,0.008543897420167923,0.0,0.0,0.017431413754820824,0.0,0.0,0.0,0.0,0.0,0.011158911511301994,0.0,0.006921166554093361,0.0,0.013884417712688446,0.0,0.0,0.0,0.0,0.0,0.017269155010581017,0.0,0.00583390099927783,0.0,0.0,,,,,,,,,,,,,,,,,,,,,,,,,,,,,,,,,,,,,,,,,,,,,,,,,,,,,,,,,,,,,,,,,,,,,,,,,,,,,,,,,,,,,,,,,,,,,,,,,,,,,,,,,,,,,,,,,,,,,,,,,,,,,,
2021-03-18,752871.2369275952,55.969560997115934,,,,,,,,,,,76494.84123570709,,1039061.7711000025,,,,,,,,,,,,,,,,,,,,,,,,,,,,,,,,,,,,,,,,,,,4165.612581343694,,,,,,,,,,,,,,,,,,,,,,11190.854596227411,9709.459703203387,3322.883401489793,7421.891063893989,8748.644490476152,68761.5108690315,20795.03232957763,5541.476461492964,28074.744815145135,,,,,,,,,,,,,,,,,,,,,,,,,,,,,,,,,,,,0.007672586012631655,0.0,0.0,0.01092440728098154,0.0,0.0,0.0,0.0,0.0,0.0,0.0,0.0,0.0,0.0,0.0,0.0,,0.0,,0.0,,0.0,0.0,0.0,0.010507198981940746,0.0,,0.0,0.0,0.010712611488997936,0.0,0.012846814468502998,0.0,,0.0,,,,0.0,0.0,0.0,,0.0,0.0,0.0012285824632272124,0.009027548134326935,0.0,,,0.0,,0.0,0.0,0.0,0.0,0.0,0.0,0.0,0.0,0.006439491640776396,0.015234255231916904,0.0,0.0,0.0,,0.011381476186215878,0.0,0.0,0.0,0.015055594965815544,,0.0005889178719371557,0.0,,0.0,0.0,0.0,0.0,,0.0,0.0,0.0,,0.0,,0.0,0.0,,0.0,,0.0,0.0,0.0030229962430894375,0.01743323914706707,0.0,0.012673601508140564,0.0,0.016194811090826988,0.0,,,0.009300514124333858,0.0,,,,,0.0,0.0,0.0,0.0,0.0,0.0,0.0,0.0,0.0,,0.012146583758294582,0.0019998527131974697,0.0,,0.019029388204216957,0.0,0.0015352413756772876,0.0,0.0,0.0,,0.002669151872396469,,0.014855947345495224,0.0,0.0,0.01175154373049736,,0.0,0.0,,0.0,0.0,0.0,0.0,0.0,0.0001421356719220057,0.0011042432161048055,0.0,0.0,0.0046468619257211685,0.003770541399717331,0.0,0.0012880248250439763,,0.02132318913936615,0.0,0.004850889090448618,0.0,,0.0,0.007785265799611807,0.0,0.0,0.0,0.0,0.0061191171407699585,0.0,0.0,0.0,,0.015078713186085224,0.0,0.0,,,,0.006918592378497124,0.002163069089874625,,0.0,0.0,0.0,0.0,,0.0,,0.0,0.0,0.013318006880581379,0.0,0.0,0.0,,,,0.0,0.01897398941218853,0.0,0.0,0.0,,0.0,0.008289680816233158,0.007186546456068754,0.0,,0.0,0.015495573170483112,0.0,0.0,0.0,,0.002988440217450261,0.0071138362400233746,0.006663523148745298,0.0,,0.0029522741679102182,0.007444577291607857,0.00870683416724205,0.0,0.015951599925756454,0.0,,0.0,0.0,0.0,0.0,0.0,0.0,,0.0,,0.005740217864513397,0.007723913062363863,0.0016765532782301307,0.0,0.0,0.0,0.0,,0.0,0.011521018110215664,0.0028374833054840565,,,0.0,0.0,0.0,0.0,0.0,0.0,0.0,0.0,0.0,,0.0,0.0,0.0014217449352145195,,0.0,0.0,0.0,0.015036061406135559,0.0,0.0,0.0,,,0.0,0.002523822244256735,0.0,0.0,0.0,,0.012212172150611877,,0.010441260412335396,0.0,,0.0,0.0001980172237381339,0.0,0.0,,,0.0,0.009777898900210857,,0.011562291532754898,0.0,,,0.0,0.021612513810396194,0.0,0.0,0.0,0.0,0.0,,,0.0,0.0,0.0,0.0,0.0,,,0.0,0.0,0.0,,0.0,0.0,,0.0,0.0,0.010721533559262753,,0.0,0.0,0.0,0.0,,0.0,0.0,,0.0,0.0,0.0,0.000222572882194072,0.004138255026191473,0.0,0.0,0.0,0.0,0.0,0.0,0.0,0.0,,0.01636638306081295,,0.0,0.013081780634820461,0.00596213573589921,0.0,0.0,0.0,0.00783260352909565,0.013072560541331768,0.0,0.01504174992442131,0.0,,0.0,,0.0,0.007702955510467291,0.0,,0.0,0.0,0.0,0.0064319828525185585,0.0,0.0,0.0,0.0,0.006455377209931612,0.002276746090501547,0.0,,,0.0,0.0,0.0,,,,0.0,0.0,,0.0,,0.0,,0.0,,,0.0,,,,,0.0,,0.0,0.009475049562752247,0.0,,0.0,0.0,0.0006172159337438643,,0.011276694014668465,0.0,,0.0,0.008886725641787052,0.0,,,0.0,,0.01935204491019249,0.0,0.0,,0.0,0.0019069688860327005,,,,0.0,0.0,0.0,0.0,0.0,7.387471123365685e-05,,,,0.007764055393636227,0.0,,0.0,,0.0,0.0,0.0,0.0,,,0.0,0.0,,,0.0,,0.0,,0.0,0.0,0.0,0.0,0.0,0.0,0.0,,0.0,0.010640541091561317,0.0,0.0,0.0,,,0.0,0.0,0.0,0.0,0.004161264281719923,0.0073729087598621845,,,,0.007771022617816925,0.0,0.0,0.0,,,0.008342444896697998,0.0,0.0,,0.0,,,,,0.0,0.013751369901001453,0.0,,0.0,,,0.0,,0.006028351373970509,0.0,0.0,0.0,,0.006963010877370834,0.0,,0.0,0.0,0.0,0.0,0.0,,0.0025301980786025524,0.0,0.0,,0.0,0.0,0.0,0.0,0.0,0.0,0.0,,0.0009805925656110048,0.0,0.0,0.007419695612043142,0.0,0.0,0.0,,0.0,0.0,0.0,0.010489208623766899,0.0,0.0,0.0,0.0,0.0,0.0,0.00028485566144809127,0.0,0.0,0.0,,0.0,0.0,0.0,0.0,0.0,0.0,0.0,0.0,0.0,0.004446286242455244,0.0,0.0,0.0,,0.0,0.006903916597366333,,0.0032303640618920326,0.0,0.0,0.0,0.0,0.0,0.007855664007365704,0.0,0.0,0.0,0.011428353376686573,0.0,0.014265907928347588,0.0,0.0,0.0,0.0,0.0,0.0,0.0,0.0,0.0,0.0,0.0,0.0,0.0071387211792171,0.0,0.0,0.0,0.010663309134542942,0.009583434090018272,0.0,0.00991410668939352,0.0,0.0,0.0,0.019269602373242378,0.0,0.0,0.0,0.0,0.0,0.0,0.0,0.0,0.004451911896467209,0.0,0.0,0.0,0.0,0.0,0.015617968514561653,0.0,0.008543897420167923,0.0,0.0,0.017431413754820824,0.0,0.0,0.0,0.0,0.0,0.011158911511301994,0.0,0.006921166554093361,0.0,0.013884417712688446,0.0,0.0,0.0,0.0,0.0,0.017269155010581017,0.0,0.00583390099927783,0.0,0.0,,,,,,,,,,,,,,,,,,,,,,,,,,,,,,,,,,,,,,,,,,,,,,,,,,,,,,,,,,,,,,,,,,,,,,,,,,,,,,,,,,,,,,,,,,,,,,,,,,,,,,,,,,,,,,,,,,,,,,,,,,,,,,
2021-03-19,746831.173795869,262.3017937613689,,,,,,,,,,,76494.84123570709,,1039061.7711000025,,,,,,,,,,,,,,,,,,,,,,,,,,,,,,,,,,,,,,,,,,,4165.504615467718,,,,,,,,,,,,,,,,,,,,,,11190.854596227411,9708.97211078321,3322.883401489793,7421.891063893989,8748.644490476152,67164.57861711954,21245.108651366387,5541.476461492964,28074.744815145135,,,,,,,,,,,,,,,,,,,,,,,,,,,,,,,,,,,,0.007672586012631655,0.0,0.0,0.01092440728098154,0.0,0.0,0.0,0.0,0.0,0.0,0.0,0.0,0.0,0.0,0.0,0.0,,0.0,,0.0,,0.0,0.0,0.0,0.010507198981940746,0.0,,0.0,0.0,0.010712611488997936,0.0,0.012846814468502998,0.0,,0.0,,,,0.0,0.0,0.0,,0.0,0.0,0.0012285824632272124,0.009027548134326935,0.0,,,0.0,,0.0,0.0,0.0,0.0,0.0,0.0,0.0,0.0,0.006439491640776396,0.015234255231916904,0.0,0.0,0.0,,0.011381476186215878,0.0,0.0,0.0,0.015055594965815544,,0.0005889178719371557,0.0,,0.0,0.0,0.0,0.0,,0.0,0.0,0.0,,0.0,,0.0,0.0,,0.0,,0.0,0.0,0.0030229962430894375,0.01743323914706707,0.0,0.012673601508140564,0.0,0.016194811090826988,0.0,,,0.009300514124333858,0.0,,,,,0.0,0.0,0.0,0.0,0.0,0.0,0.0,0.0,0.0,,0.012146583758294582,0.0019998527131974697,0.0,,0.019029388204216957,0.0,0.0015352413756772876,0.0,0.0,0.0,,0.002669151872396469,,0.014855947345495224,0.0,0.0,0.01175154373049736,,0.0,0.0,,0.0,0.0,0.0,0.0,0.0,0.0001421356719220057,0.0011042432161048055,0.0,0.0,0.0046468619257211685,0.003770541399717331,0.0,0.0012880248250439763,,0.02132318913936615,0.0,0.004850889090448618,0.0,,0.0,0.007785265799611807,0.0,0.0,0.0,0.0,0.0061191171407699585,0.0,0.0,0.0,,0.015078713186085224,0.0,0.0,,,,0.006918592378497124,0.002163069089874625,,0.0,0.0,0.0,0.0,,0.0,,0.0,0.0,0.013318006880581379,0.0,0.0,0.0,,,,0.0,0.01897398941218853,0.0,0.0,0.0,,0.0,0.008289680816233158,0.007186546456068754,0.0,,0.0,0.015495573170483112,0.0,0.0,0.0,,0.002988440217450261,0.0071138362400233746,0.006663523148745298,0.0,,0.0029522741679102182,0.007444577291607857,0.00870683416724205,0.0,0.015951599925756454,0.0,,0.0,0.0,0.0,0.0,0.0,0.0,,0.0,,0.005740217864513397,0.007723913062363863,0.0016765532782301307,0.0,0.0,0.0,0.0,,0.0,0.011521018110215664,0.0028374833054840565,,,0.0,0.0,0.0,0.0,0.0,0.0,0.0,0.0,0.0,,0.0,0.0,0.0014217449352145195,,0.0,0.0,0.0,0.015036061406135559,0.0,0.0,0.0,,,0.0,0.002523822244256735,0.0,0.0,0.0,,0.012212172150611877,,0.010441260412335396,0.0,,0.0,0.0001980172237381339,0.0,0.0,,,0.0,0.009777898900210857,,0.011562291532754898,0.0,,,0.0,0.021612513810396194,0.0,0.0,0.0,0.0,0.0,,,0.0,0.0,0.0,0.0,0.0,,,0.0,0.0,0.0,,0.0,0.0,,0.0,0.0,0.010721533559262753,,0.0,0.0,0.0,0.0,,0.0,0.0,,0.0,0.0,0.0,0.000222572882194072,0.004138255026191473,0.0,0.0,0.0,0.0,0.0,0.0,0.0,0.0,,0.01636638306081295,,0.0,0.013081780634820461,0.00596213573589921,0.0,0.0,0.0,0.00783260352909565,0.013072560541331768,0.0,0.01504174992442131,0.0,,0.0,,0.0,0.007702955510467291,0.0,,0.0,0.0,0.0,0.0064319828525185585,0.0,0.0,0.0,0.0,0.006455377209931612,0.002276746090501547,0.0,,,0.0,0.0,0.0,,,,0.0,0.0,,0.0,,0.0,,0.0,,,0.0,,,,,0.0,,0.0,0.009475049562752247,0.0,,0.0,0.0,0.0006172159337438643,,0.011276694014668465,0.0,,0.0,0.008886725641787052,0.0,,,0.0,,0.01935204491019249,0.0,0.0,,0.0,0.0019069688860327005,,,,0.0,0.0,0.0,0.0,0.0,7.387471123365685e-05,,,,0.007764055393636227,0.0,,0.0,,0.0,0.0,0.0,0.0,,,0.0,0.0,,,0.0,,0.0,,0.0,0.0,0.0,0.0,0.0,0.0,0.0,,0.0,0.010640541091561317,0.0,0.0,0.0,,,0.0,0.0,0.0,0.0,0.004161264281719923,0.0073729087598621845,,,,0.007771022617816925,0.0,0.0,0.0,,,0.008342444896697998,0.0,0.0,,0.0,,,,,0.0,0.013751369901001453,0.0,,0.0,,,0.0,,0.006028351373970509,0.0,0.0,0.0,,0.006963010877370834,0.0,,0.0,0.0,0.0,0.0,0.0,,0.0025301980786025524,0.0,0.0,,0.0,0.0,0.0,0.0,0.0,0.0,0.0,,0.0009805925656110048,0.0,0.0,0.007419695612043142,0.0,0.0,0.0,,0.0,0.0,0.0,0.010489208623766899,0.0,0.0,0.0,0.0,0.0,0.0,0.00028485566144809127,0.0,0.0,0.0,,0.0,0.0,0.0,0.0,0.0,0.0,0.0,0.0,0.0,0.004446286242455244,0.0,0.0,0.0,,0.0,0.006903916597366333,,0.0032303640618920326,0.0,0.0,0.0,0.0,0.0,0.007855664007365704,0.0,0.0,0.0,0.011428353376686573,0.0,0.014265907928347588,0.0,0.0,0.0,0.0,0.0,0.0,0.0,0.0,0.0,0.0,0.0,0.0,0.0071387211792171,0.0,0.0,0.0,0.010663309134542942,0.009583434090018272,0.0,0.00991410668939352,0.0,0.0,0.0,0.019269602373242378,0.0,0.0,0.0,0.0,0.0,0.0,0.0,0.0,0.004451911896467209,0.0,0.0,0.0,0.0,0.0,0.015617968514561653,0.0,0.008543897420167923,0.0,0.0,0.017431413754820824,0.0,0.0,0.0,0.0,0.0,0.011158911511301994,0.0,0.006921166554093361,0.0,0.013884417712688446,0.0,0.0,0.0,0.0,0.0,0.017269155010581017,0.0,0.00583390099927783,0.0,0.0,,,,,,,,,,,,,,,,,,,,,,,,,,,,,,,,,,,,,,,,,,,,,,,,,,,,,,,,,,,,,,,,,,,,,,,,,,,,,,,,,,,,,,,,,,,,,,,,,,,,,,,,,,,,,,,,,,,,,,,,,,,,,,
2021-03-22,756947.1842881087,263.8338260131564,,,,,,,,,,,76494.84123570709,,1039061.7711000025,,,,,,,,,,,,,,,,,,,,,,,,,,,,,,,,,,,,,,,,,,,4165.504615467718,,,,,,,,,,,,,,,,,,,,,,11190.854596227411,9708.772967401928,3322.883401489793,7421.891063893989,8748.644490476152,67164.57861711954,21245.108651366387,5541.476461492964,28074.744815145135,,,,,,,,,,,,,,,,,,,,,,,,,,,,,,,,,,,,0.007672586012631655,0.0,0.0,0.01092440728098154,0.0,0.0,0.0,0.0,0.0,0.0,0.0,0.0,0.0,0.0,0.0,0.0,,0.0,,0.0,,0.0,0.0,0.0,0.010507198981940746,0.0,,0.0,0.0,0.010712611488997936,0.0,0.012846814468502998,0.0,,0.0,,,,0.0,0.0,0.0,,0.0,0.0,0.0012285824632272124,0.009027548134326935,0.0,,,0.0,,0.0,0.0,0.0,0.0,0.0,0.0,0.0,0.0,0.006439491640776396,0.015234255231916904,0.0,0.0,0.0,,0.011381476186215878,0.0,0.0,0.0,0.015055594965815544,,0.0005889178719371557,0.0,,0.0,0.0,0.0,0.0,,0.0,0.0,0.0,,0.0,,0.0,0.0,,0.0,,0.0,0.0,0.0030229962430894375,0.01743323914706707,0.0,0.012673601508140564,0.0,0.016194811090826988,0.0,,,0.009300514124333858,0.0,,,,,0.0,0.0,0.0,0.0,0.0,0.0,0.0,0.0,0.0,,0.012146583758294582,0.0019998527131974697,0.0,,0.019029388204216957,0.0,0.0015352413756772876,0.0,0.0,0.0,,0.002669151872396469,,0.014855947345495224,0.0,0.0,0.01175154373049736,,0.0,0.0,,0.0,0.0,0.0,0.0,0.0,0.0001421356719220057,0.0011042432161048055,0.0,0.0,0.0046468619257211685,0.003770541399717331,0.0,0.0012880248250439763,,0.02132318913936615,0.0,0.004850889090448618,0.0,,0.0,0.007785265799611807,0.0,0.0,0.0,0.0,0.0061191171407699585,0.0,0.0,0.0,,0.015078713186085224,0.0,0.0,,,,0.006918592378497124,0.002163069089874625,,0.0,0.0,0.0,0.0,,0.0,,0.0,0.0,0.013318006880581379,0.0,0.0,0.0,,,,0.0,0.01897398941218853,0.0,0.0,0.0,,0.0,0.008289680816233158,0.007186546456068754,0.0,,0.0,0.015495573170483112,0.0,0.0,0.0,,0.002988440217450261,0.0071138362400233746,0.006663523148745298,0.0,,0.0029522741679102182,0.007444577291607857,0.00870683416724205,0.0,0.015951599925756454,0.0,,0.0,0.0,0.0,0.0,0.0,0.0,,0.0,,0.005740217864513397,0.007723913062363863,0.0016765532782301307,0.0,0.0,0.0,0.0,,0.0,0.011521018110215664,0.0028374833054840565,,,0.0,0.0,0.0,0.0,0.0,0.0,0.0,0.0,0.0,,0.0,0.0,0.0014217449352145195,,0.0,0.0,0.0,0.015036061406135559,0.0,0.0,0.0,,,0.0,0.002523822244256735,0.0,0.0,0.0,,0.012212172150611877,,0.010441260412335396,0.0,,0.0,0.0001980172237381339,0.0,0.0,,,0.0,0.009777898900210857,,0.011562291532754898,0.0,,,0.0,0.021612513810396194,0.0,0.0,0.0,0.0,0.0,,,0.0,0.0,0.0,0.0,0.0,,,0.0,0.0,0.0,,0.0,0.0,,0.0,0.0,0.010721533559262753,,0.0,0.0,0.0,0.0,,0.0,0.0,,0.0,0.0,0.0,0.000222572882194072,0.004138255026191473,0.0,0.0,0.0,0.0,0.0,0.0,0.0,0.0,,0.01636638306081295,,0.0,0.013081780634820461,0.00596213573589921,0.0,0.0,0.0,0.00783260352909565,0.013072560541331768,0.0,0.01504174992442131,0.0,,0.0,,0.0,0.007702955510467291,0.0,,0.0,0.0,0.0,0.0064319828525185585,0.0,0.0,0.0,0.0,0.006455377209931612,0.002276746090501547,0.0,,,0.0,0.0,0.0,,,,0.0,0.0,,0.0,,0.0,,0.0,,,0.0,,,,,0.0,,0.0,0.009475049562752247,0.0,,0.0,0.0,0.0006172159337438643,,0.011276694014668465,0.0,,0.0,0.008886725641787052,0.0,,,0.0,,0.01935204491019249,0.0,0.0,,0.0,0.0019069688860327005,,,,0.0,0.0,0.0,0.0,0.0,7.387471123365685e-05,,,,0.007764055393636227,0.0,,0.0,,0.0,0.0,0.0,0.0,,,0.0,0.0,,,0.0,,0.0,,0.0,0.0,0.0,0.0,0.0,0.0,0.0,,0.0,0.010640541091561317,0.0,0.0,0.0,,,0.0,0.0,0.0,0.0,0.004161264281719923,0.0073729087598621845,,,,0.007771022617816925,0.0,0.0,0.0,,,0.008342444896697998,0.0,0.0,,0.0,,,,,0.0,0.013751369901001453,0.0,,0.0,,,0.0,,0.006028351373970509,0.0,0.0,0.0,,0.006963010877370834,0.0,,0.0,0.0,0.0,0.0,0.0,,0.0025301980786025524,0.0,0.0,,0.0,0.0,0.0,0.0,0.0,0.0,0.0,,0.0009805925656110048,0.0,0.0,0.007419695612043142,0.0,0.0,0.0,,0.0,0.0,0.0,0.010489208623766899,0.0,0.0,0.0,0.0,0.0,0.0,0.00028485566144809127,0.0,0.0,0.0,,0.0,0.0,0.0,0.0,0.0,0.0,0.0,0.0,0.0,0.004446286242455244,0.0,0.0,0.0,,0.0,0.006903916597366333,,0.0032303640618920326,0.0,0.0,0.0,0.0,0.0,0.007855664007365704,0.0,0.0,0.0,0.011428353376686573,0.0,0.014265907928347588,0.0,0.0,0.0,0.0,0.0,0.0,0.0,0.0,0.0,0.0,0.0,0.0,0.0071387211792171,0.0,0.0,0.0,0.010663309134542942,0.009583434090018272,0.0,0.00991410668939352,0.0,0.0,0.0,0.019269602373242378,0.0,0.0,0.0,0.0,0.0,0.0,0.0,0.0,0.004451911896467209,0.0,0.0,0.0,0.0,0.0,0.015617968514561653,0.0,0.008543897420167923,0.0,0.0,0.017431413754820824,0.0,0.0,0.0,0.0,0.0,0.011158911511301994,0.0,0.006921166554093361,0.0,0.013884417712688446,0.0,0.0,0.0,0.0,0.0,0.017269155010581017,0.0,0.00583390099927783,0.0,0.0,,,,,,,,,,,,,,,,,,,,,,,,,,,,,,,,,,,,,,,,,,,,,,,,,,,,,,,,,,,,,,,,,,,,,,,,,,,,,,,,,,,,,,,,,,,,,,,,,,,,,,,,,,,,,,,,,,,,,,,,,,,,,,
2021-03-23,759768.4169750735,204.97589454655355,,,,,,,,,,,76494.84123570709,,1039061.7711000025,,,,,,,,,,,,,,,,,,,,,,,,,,,,,,,,,,,,,,,,,,,4165.504615467718,,,,,,,,,,,,,,,,,,,,,,11190.854596227411,9601.236635533442,3322.883401489793,7421.891063893989,8748.644490476152,67691.00128101664,21335.119482356797,5541.476461492964,28074.744815145135,,,,,,,,,,,,,,,,,,,,,,,,,,,,,,,,,,,,0.007672586012631655,0.0,0.0,0.01092440728098154,0.0,0.0,0.0,0.0,0.0,0.0,0.0,0.0,0.0,0.0,0.0,0.0,,0.0,,0.0,,0.0,0.0,0.0,0.010507198981940746,0.0,,0.0,0.0,0.010712611488997936,0.0,0.012846814468502998,0.0,,0.0,,,,0.0,0.0,0.0,,0.0,0.0,0.0012285824632272124,0.009027548134326935,0.0,,,0.0,,0.0,0.0,0.0,0.0,0.0,0.0,0.0,0.0,0.006439491640776396,0.015234255231916904,0.0,0.0,0.0,,0.011381476186215878,0.0,0.0,0.0,0.015055594965815544,,0.0005889178719371557,0.0,,0.0,0.0,0.0,0.0,,0.0,0.0,0.0,,0.0,,0.0,0.0,,0.0,,0.0,0.0,0.0030229962430894375,0.01743323914706707,0.0,0.012673601508140564,0.0,0.016194811090826988,0.0,,,0.009300514124333858,0.0,,,,,0.0,0.0,0.0,0.0,0.0,0.0,0.0,0.0,0.0,,0.012146583758294582,0.0019998527131974697,0.0,,0.019029388204216957,0.0,0.0015352413756772876,0.0,0.0,0.0,,0.002669151872396469,,0.014855947345495224,0.0,0.0,0.01175154373049736,,0.0,0.0,,0.0,0.0,0.0,0.0,0.0,0.0001421356719220057,0.0011042432161048055,0.0,0.0,0.0046468619257211685,0.003770541399717331,0.0,0.0012880248250439763,,0.02132318913936615,0.0,0.004850889090448618,0.0,,0.0,0.007785265799611807,0.0,0.0,0.0,0.0,0.0061191171407699585,0.0,0.0,0.0,,0.015078713186085224,0.0,0.0,,,,0.006918592378497124,0.002163069089874625,,0.0,0.0,0.0,0.0,,0.0,,0.0,0.0,0.013318006880581379,0.0,0.0,0.0,,,,0.0,0.01897398941218853,0.0,0.0,0.0,,0.0,0.008289680816233158,0.007186546456068754,0.0,,0.0,0.015495573170483112,0.0,0.0,0.0,,0.002988440217450261,0.0071138362400233746,0.006663523148745298,0.0,,0.0029522741679102182,0.007444577291607857,0.00870683416724205,0.0,0.015951599925756454,0.0,,0.0,0.0,0.0,0.0,0.0,0.0,,0.0,,0.005740217864513397,0.007723913062363863,0.0016765532782301307,0.0,0.0,0.0,0.0,,0.0,0.011521018110215664,0.0028374833054840565,,,0.0,0.0,0.0,0.0,0.0,0.0,0.0,0.0,0.0,,0.0,0.0,0.0014217449352145195,,0.0,0.0,0.0,0.015036061406135559,0.0,0.0,0.0,,,0.0,0.002523822244256735,0.0,0.0,0.0,,0.012212172150611877,,0.010441260412335396,0.0,,0.0,0.0001980172237381339,0.0,0.0,,,0.0,0.009777898900210857,,0.011562291532754898,0.0,,,0.0,0.021612513810396194,0.0,0.0,0.0,0.0,0.0,,,0.0,0.0,0.0,0.0,0.0,,,0.0,0.0,0.0,,0.0,0.0,,0.0,0.0,0.010721533559262753,,0.0,0.0,0.0,0.0,,0.0,0.0,,0.0,0.0,0.0,0.000222572882194072,0.004138255026191473,0.0,0.0,0.0,0.0,0.0,0.0,0.0,0.0,,0.01636638306081295,,0.0,0.013081780634820461,0.00596213573589921,0.0,0.0,0.0,0.00783260352909565,0.013072560541331768,0.0,0.01504174992442131,0.0,,0.0,,0.0,0.007702955510467291,0.0,,0.0,0.0,0.0,0.0064319828525185585,0.0,0.0,0.0,0.0,0.006455377209931612,0.002276746090501547,0.0,,,0.0,0.0,0.0,,,,0.0,0.0,,0.0,,0.0,,0.0,,,0.0,,,,,0.0,,0.0,0.009475049562752247,0.0,,0.0,0.0,0.0006172159337438643,,0.011276694014668465,0.0,,0.0,0.008886725641787052,0.0,,,0.0,,0.01935204491019249,0.0,0.0,,0.0,0.0019069688860327005,,,,0.0,0.0,0.0,0.0,0.0,7.387471123365685e-05,,,,0.007764055393636227,0.0,,0.0,,0.0,0.0,0.0,0.0,,,0.0,0.0,,,0.0,,0.0,,0.0,0.0,0.0,0.0,0.0,0.0,0.0,,0.0,0.010640541091561317,0.0,0.0,0.0,,,0.0,0.0,0.0,0.0,0.004161264281719923,0.0073729087598621845,,,,0.007771022617816925,0.0,0.0,0.0,,,0.008342444896697998,0.0,0.0,,0.0,,,,,0.0,0.013751369901001453,0.0,,0.0,,,0.0,,0.006028351373970509,0.0,0.0,0.0,,0.006963010877370834,0.0,,0.0,0.0,0.0,0.0,0.0,,0.0025301980786025524,0.0,0.0,,0.0,0.0,0.0,0.0,0.0,0.0,0.0,,0.0009805925656110048,0.0,0.0,0.007419695612043142,0.0,0.0,0.0,,0.0,0.0,0.0,0.010489208623766899,0.0,0.0,0.0,0.0,0.0,0.0,0.00028485566144809127,0.0,0.0,0.0,,0.0,0.0,0.0,0.0,0.0,0.0,0.0,0.0,0.0,0.004446286242455244,0.0,0.0,0.0,,0.0,0.006903916597366333,,0.0032303640618920326,0.0,0.0,0.0,0.0,0.0,0.007855664007365704,0.0,0.0,0.0,0.011428353376686573,0.0,0.014265907928347588,0.0,0.0,0.0,0.0,0.0,0.0,0.0,0.0,0.0,0.0,0.0,0.0,0.0071387211792171,0.0,0.0,0.0,0.010663309134542942,0.009583434090018272,0.0,0.00991410668939352,0.0,0.0,0.0,0.019269602373242378,0.0,0.0,0.0,0.0,0.0,0.0,0.0,0.0,0.004451911896467209,0.0,0.0,0.0,0.0,0.0,0.015617968514561653,0.0,0.008543897420167923,0.0,0.0,0.017431413754820824,0.0,0.0,0.0,0.0,0.0,0.011158911511301994,0.0,0.006921166554093361,0.0,0.013884417712688446,0.0,0.0,0.0,0.0,0.0,0.017269155010581017,0.0,0.00583390099927783,0.0,0.0,,,,,,,,,,,,,,,,,,,,,,,,,,,,,,,,,,,,,,,,,,,,,,,,,,,,,,,,,,,,,,,,,,,,,,,,,,,,,,,,,,,,,,,,,,,,,,,,,,,,,,,,,,,,,,,,,,,,,,,,,,,,,,
2021-03-24,752998.9001235159,205.35483261244624,,,,,,,,,,,76494.84123570709,,1039061.7711000025,,,,,,,,,,,,,,,,,,,,,,,,,,,,,,,,,,,,,,,,,,,4165.439535937677,,,,,,,,,,,,,,,,,,,,,,11190.854596227411,9601.102668445033,3322.883401489793,7421.891063893989,8748.644490476152,67691.00128101664,21335.119482356797,5541.610838282146,28074.744815145135,,,,,,,,,,,,,,,,,,,,,,,,,,,,,,,,,,,,0.007672586012631655,0.0,0.0,0.01092440728098154,0.0,0.0,0.0,0.0,0.0,0.0,0.0,0.0,0.0,0.0,0.0,0.0,,0.0,,0.0,,0.0,0.0,0.0,0.010507198981940746,0.0,,0.0,0.0,0.010712611488997936,0.0,0.012846814468502998,0.0,,0.0,,,,0.0,0.0,0.0,,0.0,0.0,0.0012285824632272124,0.009027548134326935,0.0,,,0.0,,0.0,0.0,0.0,0.0,0.0,0.0,0.0,0.0,0.006439491640776396,0.015234255231916904,0.0,0.0,0.0,,0.011381476186215878,0.0,0.0,0.0,0.015055594965815544,,0.0005889178719371557,0.0,,0.0,0.0,0.0,0.0,,0.0,0.0,0.0,,0.0,,0.0,0.0,,0.0,,0.0,0.0,0.0030229962430894375,0.01743323914706707,0.0,0.012673601508140564,0.0,0.016194811090826988,0.0,,,0.009300514124333858,0.0,,,,,0.0,0.0,0.0,0.0,0.0,0.0,0.0,0.0,0.0,,0.012146583758294582,0.0019998527131974697,0.0,,0.019029388204216957,0.0,0.0015352413756772876,0.0,0.0,0.0,,0.002669151872396469,,0.014855947345495224,0.0,0.0,0.01175154373049736,,0.0,0.0,,0.0,0.0,0.0,0.0,0.0,0.0001421356719220057,0.0011042432161048055,0.0,0.0,0.0046468619257211685,0.003770541399717331,0.0,0.0012880248250439763,,0.02132318913936615,0.0,0.004850889090448618,0.0,,0.0,0.007785265799611807,0.0,0.0,0.0,0.0,0.0061191171407699585,0.0,0.0,0.0,,0.015078713186085224,0.0,0.0,,,,0.006918592378497124,0.002163069089874625,,0.0,0.0,0.0,0.0,,0.0,,0.0,0.0,0.013318006880581379,0.0,0.0,0.0,,,,0.0,0.01897398941218853,0.0,0.0,0.0,,0.0,0.008289680816233158,0.007186546456068754,0.0,,0.0,0.015495573170483112,0.0,0.0,0.0,,0.002988440217450261,0.0071138362400233746,0.006663523148745298,0.0,,0.0029522741679102182,0.007444577291607857,0.00870683416724205,0.0,0.015951599925756454,0.0,,0.0,0.0,0.0,0.0,0.0,0.0,,0.0,,0.005740217864513397,0.007723913062363863,0.0016765532782301307,0.0,0.0,0.0,0.0,,0.0,0.011521018110215664,0.0028374833054840565,,,0.0,0.0,0.0,0.0,0.0,0.0,0.0,0.0,0.0,,0.0,0.0,0.0014217449352145195,,0.0,0.0,0.0,0.015036061406135559,0.0,0.0,0.0,,,0.0,0.002523822244256735,0.0,0.0,0.0,,0.012212172150611877,,0.010441260412335396,0.0,,0.0,0.0001980172237381339,0.0,0.0,,,0.0,0.009777898900210857,,0.011562291532754898,0.0,,,0.0,0.021612513810396194,0.0,0.0,0.0,0.0,0.0,,,0.0,0.0,0.0,0.0,0.0,,,0.0,0.0,0.0,,0.0,0.0,,0.0,0.0,0.010721533559262753,,0.0,0.0,0.0,0.0,,0.0,0.0,,0.0,0.0,0.0,0.000222572882194072,0.004138255026191473,0.0,0.0,0.0,0.0,0.0,0.0,0.0,0.0,,0.01636638306081295,,0.0,0.013081780634820461,0.00596213573589921,0.0,0.0,0.0,0.00783260352909565,0.013072560541331768,0.0,0.01504174992442131,0.0,,0.0,,0.0,0.007702955510467291,0.0,,0.0,0.0,0.0,0.0064319828525185585,0.0,0.0,0.0,0.0,0.006455377209931612,0.002276746090501547,0.0,,,0.0,0.0,0.0,,,,0.0,0.0,,0.0,,0.0,,0.0,,,0.0,,,,,0.0,,0.0,0.009475049562752247,0.0,,0.0,0.0,0.0006172159337438643,,0.011276694014668465,0.0,,0.0,0.008886725641787052,0.0,,,0.0,,0.01935204491019249,0.0,0.0,,0.0,0.0019069688860327005,,,,0.0,0.0,0.0,0.0,0.0,7.387471123365685e-05,,,,0.007764055393636227,0.0,,0.0,,0.0,0.0,0.0,0.0,,,0.0,0.0,,,0.0,,0.0,,0.0,0.0,0.0,0.0,0.0,0.0,0.0,,0.0,0.010640541091561317,0.0,0.0,0.0,,,0.0,0.0,0.0,0.0,0.004161264281719923,0.0073729087598621845,,,,0.007771022617816925,0.0,0.0,0.0,,,0.008342444896697998,0.0,0.0,,0.0,,,,,0.0,0.013751369901001453,0.0,,0.0,,,0.0,,0.006028351373970509,0.0,0.0,0.0,,0.006963010877370834,0.0,,0.0,0.0,0.0,0.0,0.0,,0.0025301980786025524,0.0,0.0,,0.0,0.0,0.0,0.0,0.0,0.0,0.0,,0.0009805925656110048,0.0,0.0,0.007419695612043142,0.0,0.0,0.0,,0.0,0.0,0.0,0.010489208623766899,0.0,0.0,0.0,0.0,0.0,0.0,0.00028485566144809127,0.0,0.0,0.0,,0.0,0.0,0.0,0.0,0.0,0.0,0.0,0.0,0.0,0.004446286242455244,0.0,0.0,0.0,,0.0,0.006903916597366333,,0.0032303640618920326,0.0,0.0,0.0,0.0,0.0,0.007855664007365704,0.0,0.0,0.0,0.011428353376686573,0.0,0.014265907928347588,0.0,0.0,0.0,0.0,0.0,0.0,0.0,0.0,0.0,0.0,0.0,0.0,0.0071387211792171,0.0,0.0,0.0,0.010663309134542942,0.009583434090018272,0.0,0.00991410668939352,0.0,0.0,0.0,0.019269602373242378,0.0,0.0,0.0,0.0,0.0,0.0,0.0,0.0,0.004451911896467209,0.0,0.0,0.0,0.0,0.0,0.015617968514561653,0.0,0.008543897420167923,0.0,0.0,0.017431413754820824,0.0,0.0,0.0,0.0,0.0,0.011158911511301994,0.0,0.006921166554093361,0.0,0.013884417712688446,0.0,0.0,0.0,0.0,0.0,0.017269155010581017,0.0,0.00583390099927783,0.0,0.0,,,,,,,,,,,,,,,,,,,,,,,,,,,,,,,,,,,,,,,,,,,,,,,,,,,,,,,,,,,,,,,,,,,,,,,,,,,,,,,,,,,,,,,,,,,,,,,,,,,,,,,,,,,,,,,,,,,,,,,,,,,,,,
2021-03-25,745696.8226965053,1122.210983502877,,,,,,,,,,,76494.84123570709,,1039061.7711000025,,,,,,,,,,,,,,,,,,,,,,,,,,,,,,,,,,,,,,,,,,,4165.439535937677,,,,,,,,,,,,,,,,,,,,,,11190.854596227411,9493.624338381076,3322.883401489793,7421.891063893989,8748.644490476152,68224.03824999211,21425.14608807711,5473.897480255245,28074.744815145135,,,,,,,,,,,,,,,,,,,,,,,,,,,,,,,,,,,,0.007672586012631655,0.0,0.0,0.01092440728098154,0.0,0.0,0.0,0.0,0.0,0.0,0.0,0.0,0.0,0.0,0.0,0.0,,0.0,,0.0,,0.0,0.0,0.0,0.010507198981940746,0.0,,0.0,0.0,0.010712611488997936,0.0,0.012846814468502998,0.0,,0.0,,,,0.0,0.0,0.0,,0.0,0.0,0.0012285824632272124,0.009027548134326935,0.0,,,0.0,,0.0,0.0,0.0,0.0,0.0,0.0,0.0,0.0,0.006439491640776396,0.015234255231916904,0.0,0.0,0.0,,0.011381476186215878,0.0,0.0,0.0,0.015055594965815544,,0.0005889178719371557,0.0,,0.0,0.0,0.0,0.0,,0.0,0.0,0.0,,0.0,,0.0,0.0,,0.0,,0.0,0.0,0.0030229962430894375,0.01743323914706707,0.0,0.012673601508140564,0.0,0.016194811090826988,0.0,,,0.009300514124333858,0.0,,,,,0.0,0.0,0.0,0.0,0.0,0.0,0.0,0.0,0.0,,0.012146583758294582,0.0019998527131974697,0.0,,0.019029388204216957,0.0,0.0015352413756772876,0.0,0.0,0.0,,0.002669151872396469,,0.014855947345495224,0.0,0.0,0.01175154373049736,,0.0,0.0,,0.0,0.0,0.0,0.0,0.0,0.0001421356719220057,0.0011042432161048055,0.0,0.0,0.0046468619257211685,0.003770541399717331,0.0,0.0012880248250439763,,0.02132318913936615,0.0,0.004850889090448618,0.0,,0.0,0.007785265799611807,0.0,0.0,0.0,0.0,0.0061191171407699585,0.0,0.0,0.0,,0.015078713186085224,0.0,0.0,,,,0.006918592378497124,0.002163069089874625,,0.0,0.0,0.0,0.0,,0.0,,0.0,0.0,0.013318006880581379,0.0,0.0,0.0,,,,0.0,0.01897398941218853,0.0,0.0,0.0,,0.0,0.008289680816233158,0.007186546456068754,0.0,,0.0,0.015495573170483112,0.0,0.0,0.0,,0.002988440217450261,0.0071138362400233746,0.006663523148745298,0.0,,0.0029522741679102182,0.007444577291607857,0.00870683416724205,0.0,0.015951599925756454,0.0,,0.0,0.0,0.0,0.0,0.0,0.0,,0.0,,0.005740217864513397,0.007723913062363863,0.0016765532782301307,0.0,0.0,0.0,0.0,,0.0,0.011521018110215664,0.0028374833054840565,,,0.0,0.0,0.0,0.0,0.0,0.0,0.0,0.0,0.0,,0.0,0.0,0.0014217449352145195,,0.0,0.0,0.0,0.015036061406135559,0.0,0.0,0.0,,,0.0,0.002523822244256735,0.0,0.0,0.0,,0.012212172150611877,,0.010441260412335396,0.0,,0.0,0.0001980172237381339,0.0,0.0,,,0.0,0.009777898900210857,,0.011562291532754898,0.0,,,0.0,0.021612513810396194,0.0,0.0,0.0,0.0,0.0,,,0.0,0.0,0.0,0.0,0.0,,,0.0,0.0,0.0,,0.0,0.0,,0.0,0.0,0.010721533559262753,,0.0,0.0,0.0,0.0,,0.0,0.0,,0.0,0.0,0.0,0.000222572882194072,0.004138255026191473,0.0,0.0,0.0,0.0,0.0,0.0,0.0,0.0,,0.01636638306081295,,0.0,0.013081780634820461,0.00596213573589921,0.0,0.0,0.0,0.00783260352909565,0.013072560541331768,0.0,0.01504174992442131,0.0,,0.0,,0.0,0.007702955510467291,0.0,,0.0,0.0,0.0,0.0064319828525185585,0.0,0.0,0.0,0.0,0.006455377209931612,0.002276746090501547,0.0,,,0.0,0.0,0.0,,,,0.0,0.0,,0.0,,0.0,,0.0,,,0.0,,,,,0.0,,0.0,0.009475049562752247,0.0,,0.0,0.0,0.0006172159337438643,,0.011276694014668465,0.0,,0.0,0.008886725641787052,0.0,,,0.0,,0.01935204491019249,0.0,0.0,,0.0,0.0019069688860327005,,,,0.0,0.0,0.0,0.0,0.0,7.387471123365685e-05,,,,0.007764055393636227,0.0,,0.0,,0.0,0.0,0.0,0.0,,,0.0,0.0,,,0.0,,0.0,,0.0,0.0,0.0,0.0,0.0,0.0,0.0,,0.0,0.010640541091561317,0.0,0.0,0.0,,,0.0,0.0,0.0,0.0,0.004161264281719923,0.0073729087598621845,,,,0.007771022617816925,0.0,0.0,0.0,,,0.008342444896697998,0.0,0.0,,0.0,,,,,0.0,0.013751369901001453,0.0,,0.0,,,0.0,,0.006028351373970509,0.0,0.0,0.0,,0.006963010877370834,0.0,,0.0,0.0,0.0,0.0,0.0,,0.0025301980786025524,0.0,0.0,,0.0,0.0,0.0,0.0,0.0,0.0,0.0,,0.0009805925656110048,0.0,0.0,0.007419695612043142,0.0,0.0,0.0,,0.0,0.0,0.0,0.010489208623766899,0.0,0.0,0.0,0.0,0.0,0.0,0.00028485566144809127,0.0,0.0,0.0,,0.0,0.0,0.0,0.0,0.0,0.0,0.0,0.0,0.0,0.004446286242455244,0.0,0.0,0.0,,0.0,0.006903916597366333,,0.0032303640618920326,0.0,0.0,0.0,0.0,0.0,0.007855664007365704,0.0,0.0,0.0,0.011428353376686573,0.0,0.014265907928347588,0.0,0.0,0.0,0.0,0.0,0.0,0.0,0.0,0.0,0.0,0.0,0.0,0.0071387211792171,0.0,0.0,0.0,0.010663309134542942,0.009583434090018272,0.0,0.00991410668939352,0.0,0.0,0.0,0.019269602373242378,0.0,0.0,0.0,0.0,0.0,0.0,0.0,0.0,0.004451911896467209,0.0,0.0,0.0,0.0,0.0,0.015617968514561653,0.0,0.008543897420167923,0.0,0.0,0.017431413754820824,0.0,0.0,0.0,0.0,0.0,0.011158911511301994,0.0,0.006921166554093361,0.0,0.013884417712688446,0.0,0.0,0.0,0.0,0.0,0.017269155010581017,0.0,0.00583390099927783,0.0,0.0,,,,,,,,,,,,,,,,,,,,,,,,,,,,,,,,,,,,,,,,,,,,,,,,,,,,,,,,,,,,,,,,,,,,,,,,,,,,,,,,,,,,,,,,,,,,,,,,,,,,,,,,,,,,,,,,,,,,,,,,,,,,,,
2021-03-26,759295.635177094,54.92700711397242,,,,,,,,,,,76494.84123570709,,1039061.7711000025,,,,,,,,,,,,,,,,,,,,,,,,,,,,,,,,,,,,,,,,,,,4165.439535937677,,,,,,,,,,,,,,,,,,,,,,11190.854596227411,9493.322777730946,3322.883401489793,7421.891063893989,8748.644490476152,69290.4053351592,21425.14608807711,5473.897480255245,28074.744815145135,,,,,,,,,,,,,,,,,,,,,,,,,,,,,,,,,,,,0.007672586012631655,0.0,0.0,0.01092440728098154,0.0,0.0,0.0,0.0,0.0,0.0,0.0,0.0,0.0,0.0,0.0,0.0,,0.0,,0.0,,0.0,0.0,0.0,0.010507198981940746,0.0,,0.0,0.0,0.010712611488997936,0.0,0.012846814468502998,0.0,,0.0,,,,0.0,0.0,0.0,,0.0,0.0,0.0012285824632272124,0.009027548134326935,0.0,,,0.0,,0.0,0.0,0.0,0.0,0.0,0.0,0.0,0.0,0.006439491640776396,0.015234255231916904,0.0,0.0,0.0,,0.011381476186215878,0.0,0.0,0.0,0.015055594965815544,,0.0005889178719371557,0.0,,0.0,0.0,0.0,0.0,,0.0,0.0,0.0,,0.0,,0.0,0.0,,0.0,,0.0,0.0,0.0030229962430894375,0.01743323914706707,0.0,0.012673601508140564,0.0,0.016194811090826988,0.0,,,0.009300514124333858,0.0,,,,,0.0,0.0,0.0,0.0,0.0,0.0,0.0,0.0,0.0,,0.012146583758294582,0.0019998527131974697,0.0,,0.019029388204216957,0.0,0.0015352413756772876,0.0,0.0,0.0,,0.002669151872396469,,0.014855947345495224,0.0,0.0,0.01175154373049736,,0.0,0.0,,0.0,0.0,0.0,0.0,0.0,0.0001421356719220057,0.0011042432161048055,0.0,0.0,0.0046468619257211685,0.003770541399717331,0.0,0.0012880248250439763,,0.02132318913936615,0.0,0.004850889090448618,0.0,,0.0,0.007785265799611807,0.0,0.0,0.0,0.0,0.0061191171407699585,0.0,0.0,0.0,,0.015078713186085224,0.0,0.0,,,,0.006918592378497124,0.002163069089874625,,0.0,0.0,0.0,0.0,,0.0,,0.0,0.0,0.013318006880581379,0.0,0.0,0.0,,,,0.0,0.01897398941218853,0.0,0.0,0.0,,0.0,0.008289680816233158,0.007186546456068754,0.0,,0.0,0.015495573170483112,0.0,0.0,0.0,,0.002988440217450261,0.0071138362400233746,0.006663523148745298,0.0,,0.0029522741679102182,0.007444577291607857,0.00870683416724205,0.0,0.015951599925756454,0.0,,0.0,0.0,0.0,0.0,0.0,0.0,,0.0,,0.005740217864513397,0.007723913062363863,0.0016765532782301307,0.0,0.0,0.0,0.0,,0.0,0.011521018110215664,0.0028374833054840565,,,0.0,0.0,0.0,0.0,0.0,0.0,0.0,0.0,0.0,,0.0,0.0,0.0014217449352145195,,0.0,0.0,0.0,0.015036061406135559,0.0,0.0,0.0,,,0.0,0.002523822244256735,0.0,0.0,0.0,,0.012212172150611877,,0.010441260412335396,0.0,,0.0,0.0001980172237381339,0.0,0.0,,,0.0,0.009777898900210857,,0.011562291532754898,0.0,,,0.0,0.021612513810396194,0.0,0.0,0.0,0.0,0.0,,,0.0,0.0,0.0,0.0,0.0,,,0.0,0.0,0.0,,0.0,0.0,,0.0,0.0,0.010721533559262753,,0.0,0.0,0.0,0.0,,0.0,0.0,,0.0,0.0,0.0,0.000222572882194072,0.004138255026191473,0.0,0.0,0.0,0.0,0.0,0.0,0.0,0.0,,0.01636638306081295,,0.0,0.013081780634820461,0.00596213573589921,0.0,0.0,0.0,0.00783260352909565,0.013072560541331768,0.0,0.01504174992442131,0.0,,0.0,,0.0,0.007702955510467291,0.0,,0.0,0.0,0.0,0.0064319828525185585,0.0,0.0,0.0,0.0,0.006455377209931612,0.002276746090501547,0.0,,,0.0,0.0,0.0,,,,0.0,0.0,,0.0,,0.0,,0.0,,,0.0,,,,,0.0,,0.0,0.009475049562752247,0.0,,0.0,0.0,0.0006172159337438643,,0.011276694014668465,0.0,,0.0,0.008886725641787052,0.0,,,0.0,,0.01935204491019249,0.0,0.0,,0.0,0.0019069688860327005,,,,0.0,0.0,0.0,0.0,0.0,7.387471123365685e-05,,,,0.007764055393636227,0.0,,0.0,,0.0,0.0,0.0,0.0,,,0.0,0.0,,,0.0,,0.0,,0.0,0.0,0.0,0.0,0.0,0.0,0.0,,0.0,0.010640541091561317,0.0,0.0,0.0,,,0.0,0.0,0.0,0.0,0.004161264281719923,0.0073729087598621845,,,,0.007771022617816925,0.0,0.0,0.0,,,0.008342444896697998,0.0,0.0,,0.0,,,,,0.0,0.013751369901001453,0.0,,0.0,,,0.0,,0.006028351373970509,0.0,0.0,0.0,,0.006963010877370834,0.0,,0.0,0.0,0.0,0.0,0.0,,0.0025301980786025524,0.0,0.0,,0.0,0.0,0.0,0.0,0.0,0.0,0.0,,0.0009805925656110048,0.0,0.0,0.007419695612043142,0.0,0.0,0.0,,0.0,0.0,0.0,0.010489208623766899,0.0,0.0,0.0,0.0,0.0,0.0,0.00028485566144809127,0.0,0.0,0.0,,0.0,0.0,0.0,0.0,0.0,0.0,0.0,0.0,0.0,0.004446286242455244,0.0,0.0,0.0,,0.0,0.006903916597366333,,0.0032303640618920326,0.0,0.0,0.0,0.0,0.0,0.007855664007365704,0.0,0.0,0.0,0.011428353376686573,0.0,0.014265907928347588,0.0,0.0,0.0,0.0,0.0,0.0,0.0,0.0,0.0,0.0,0.0,0.0,0.0071387211792171,0.0,0.0,0.0,0.010663309134542942,0.009583434090018272,0.0,0.00991410668939352,0.0,0.0,0.0,0.019269602373242378,0.0,0.0,0.0,0.0,0.0,0.0,0.0,0.0,0.004451911896467209,0.0,0.0,0.0,0.0,0.0,0.015617968514561653,0.0,0.008543897420167923,0.0,0.0,0.017431413754820824,0.0,0.0,0.0,0.0,0.0,0.011158911511301994,0.0,0.006921166554093361,0.0,0.013884417712688446,0.0,0.0,0.0,0.0,0.0,0.017269155010581017,0.0,0.00583390099927783,0.0,0.0,,,,,,,,,,,,,,,,,,,,,,,,,,,,,,,,,,,,,,,,,,,,,,,,,,,,,,,,,,,,,,,,,,,,,,,,,,,,,,,,,,,,,,,,,,,,,,,,,,,,,,,,,,,,,,,,,,,,,,,,,,,,,,
2021-03-29,768290.2666659313,1962.4339299687902,,,,,,,,,,,76494.84123570709,,1039061.7711000025,,,,,,,,,,,,,,,,,,,,,,,,,,,,,,,,,,,,,,,,,,,4064.081432707731,,,,,,,,,,,,,,,,,,,,,,11190.854596227411,9493.322777730946,3322.883401489793,7421.891063893989,8748.533608313008,69290.4053351592,21425.14608807711,5473.897480255245,28074.744815145135,,,,,,,,,,,,,,,,,,,,,,,,,,,,,,,,,,,,0.007672586012631655,0.0,0.0,0.01092440728098154,0.0,0.0,0.0,0.0,0.0,0.0,0.0,0.0,0.0,0.0,0.0,0.0,,0.0,,0.0,,0.0,0.0,0.0,0.010507198981940746,0.0,,0.0,0.0,0.010712611488997936,0.0,0.012846814468502998,0.0,,0.0,,,,0.0,0.0,0.0,,0.0,0.0,0.0012285824632272124,0.009027548134326935,0.0,,,0.0,,0.0,0.0,0.0,0.0,0.0,0.0,0.0,0.0,0.006439491640776396,0.015234255231916904,0.0,0.0,0.0,,0.011381476186215878,0.0,0.0,0.0,0.015055594965815544,,0.0005889178719371557,0.0,,0.0,0.0,0.0,0.0,,0.0,0.0,0.0,,0.0,,0.0,0.0,,0.0,,0.0,0.0,0.0030229962430894375,0.01743323914706707,0.0,0.012673601508140564,0.0,0.016194811090826988,0.0,,,0.009300514124333858,0.0,,,,,0.0,0.0,0.0,0.0,0.0,0.0,0.0,0.0,0.0,,0.012146583758294582,0.0019998527131974697,0.0,,0.019029388204216957,0.0,0.0015352413756772876,0.0,0.0,0.0,,0.002669151872396469,,0.014855947345495224,0.0,0.0,0.01175154373049736,,0.0,0.0,,0.0,0.0,0.0,0.0,0.0,0.0001421356719220057,0.0011042432161048055,0.0,0.0,0.0046468619257211685,0.003770541399717331,0.0,0.0012880248250439763,,0.02132318913936615,0.0,0.004850889090448618,0.0,,0.0,0.007785265799611807,0.0,0.0,0.0,0.0,0.0061191171407699585,0.0,0.0,0.0,,0.015078713186085224,0.0,0.0,,,,0.006918592378497124,0.002163069089874625,,0.0,0.0,0.0,0.0,,0.0,,0.0,0.0,0.013318006880581379,0.0,0.0,0.0,,,,0.0,0.01897398941218853,0.0,0.0,0.0,,0.0,0.008289680816233158,0.007186546456068754,0.0,,0.0,0.015495573170483112,0.0,0.0,0.0,,0.002988440217450261,0.0071138362400233746,0.006663523148745298,0.0,,0.0029522741679102182,0.007444577291607857,0.00870683416724205,0.0,0.015951599925756454,0.0,,0.0,0.0,0.0,0.0,0.0,0.0,,0.0,,0.005740217864513397,0.007723913062363863,0.0016765532782301307,0.0,0.0,0.0,0.0,,0.0,0.011521018110215664,0.0028374833054840565,,,0.0,0.0,0.0,0.0,0.0,0.0,0.0,0.0,0.0,,0.0,0.0,0.0014217449352145195,,0.0,0.0,0.0,0.015036061406135559,0.0,0.0,0.0,,,0.0,0.002523822244256735,0.0,0.0,0.0,,0.012212172150611877,,0.010441260412335396,0.0,,0.0,0.0001980172237381339,0.0,0.0,,,0.0,0.009777898900210857,,0.011562291532754898,0.0,,,0.0,0.021612513810396194,0.0,0.0,0.0,0.0,0.0,,,0.0,0.0,0.0,0.0,0.0,,,0.0,0.0,0.0,,0.0,0.0,,0.0,0.0,0.010721533559262753,,0.0,0.0,0.0,0.0,,0.0,0.0,,0.0,0.0,0.0,0.000222572882194072,0.004138255026191473,0.0,0.0,0.0,0.0,0.0,0.0,0.0,0.0,,0.01636638306081295,,0.0,0.013081780634820461,0.00596213573589921,0.0,0.0,0.0,0.00783260352909565,0.013072560541331768,0.0,0.01504174992442131,0.0,,0.0,,0.0,0.007702955510467291,0.0,,0.0,0.0,0.0,0.0064319828525185585,0.0,0.0,0.0,0.0,0.006455377209931612,0.002276746090501547,0.0,,,0.0,0.0,0.0,,,,0.0,0.0,,0.0,,0.0,,0.0,,,0.0,,,,,0.0,,0.0,0.009475049562752247,0.0,,0.0,0.0,0.0006172159337438643,,0.011276694014668465,0.0,,0.0,0.008886725641787052,0.0,,,0.0,,0.01935204491019249,0.0,0.0,,0.0,0.0019069688860327005,,,,0.0,0.0,0.0,0.0,0.0,7.387471123365685e-05,,,,0.007764055393636227,0.0,,0.0,,0.0,0.0,0.0,0.0,,,0.0,0.0,,,0.0,,0.0,,0.0,0.0,0.0,0.0,0.0,0.0,0.0,,0.0,0.010640541091561317,0.0,0.0,0.0,,,0.0,0.0,0.0,0.0,0.004161264281719923,0.0073729087598621845,,,,0.007771022617816925,0.0,0.0,0.0,,,0.008342444896697998,0.0,0.0,,0.0,,,,,0.0,0.013751369901001453,0.0,,0.0,,,0.0,,0.006028351373970509,0.0,0.0,0.0,,0.006963010877370834,0.0,,0.0,0.0,0.0,0.0,0.0,,0.0025301980786025524,0.0,0.0,,0.0,0.0,0.0,0.0,0.0,0.0,0.0,,0.0009805925656110048,0.0,0.0,0.007419695612043142,0.0,0.0,0.0,,0.0,0.0,0.0,0.010489208623766899,0.0,0.0,0.0,0.0,0.0,0.0,0.00028485566144809127,0.0,0.0,0.0,,0.0,0.0,0.0,0.0,0.0,0.0,0.0,0.0,0.0,0.004446286242455244,0.0,0.0,0.0,,0.0,0.006903916597366333,,0.0032303640618920326,0.0,0.0,0.0,0.0,0.0,0.007855664007365704,0.0,0.0,0.0,0.011428353376686573,0.0,0.014265907928347588,0.0,0.0,0.0,0.0,0.0,0.0,0.0,0.0,0.0,0.0,0.0,0.0,0.0071387211792171,0.0,0.0,0.0,0.010663309134542942,0.009583434090018272,0.0,0.00991410668939352,0.0,0.0,0.0,0.019269602373242378,0.0,0.0,0.0,0.0,0.0,0.0,0.0,0.0,0.004451911896467209,0.0,0.0,0.0,0.0,0.0,0.015617968514561653,0.0,0.008543897420167923,0.0,0.0,0.017431413754820824,0.0,0.0,0.0,0.0,0.0,0.011158911511301994,0.0,0.006921166554093361,0.0,0.013884417712688446,0.0,0.0,0.0,0.0,0.0,0.017269155010581017,0.0,0.00583390099927783,0.0,0.0,,,,,,,,,,,,,,,,,,,,,,,,,,,,,,,,,,,,,,,,,,,,,,,,,,,,,,,,,,,,,,,,,,,,,,,,,,,,,,,,,,,,,,,,,,,,,,,,,,,,,,,,,,,,,,,,,,,,,,,,,,,,,,
2021-03-30,766641.9344303621,4025.666020805259,,,,,,,,,,,76494.84123570709,,1039061.7711000025,,,,,,,,,,,,,,,,,,,,,,,,,,,,,,,,,,,,,,,,,,,3860.8804006428036,,,,,,,,,,,,,,,,,,,,,,11190.854596227411,9600.970557097486,3322.883401489793,7421.891063893989,8748.33656180454,70356.69253210789,21425.14608807711,5473.897480255245,28074.744815145135,,,,,,,,,,,,,,,,,,,,,,,,,,,,,,,,,,,,0.007672586012631655,0.0,0.0,0.01092440728098154,0.0,0.0,0.0,0.0,0.0,0.0,0.0,0.0,0.0,0.0,0.0,0.0,,0.0,,0.0,,0.0,0.0,0.0,0.010507198981940746,0.0,,0.0,0.0,0.010712611488997936,0.0,0.012846814468502998,0.0,,0.0,,,,0.0,0.0,0.0,,0.0,0.0,0.0012285824632272124,0.009027548134326935,0.0,,,0.0,,0.0,0.0,0.0,0.0,0.0,0.0,0.0,0.0,0.006439491640776396,0.015234255231916904,0.0,0.0,0.0,,0.011381476186215878,0.0,0.0,0.0,0.015055594965815544,,0.0005889178719371557,0.0,,0.0,0.0,0.0,0.0,,0.0,0.0,0.0,,0.0,,0.0,0.0,,0.0,,0.0,0.0,0.0030229962430894375,0.01743323914706707,0.0,0.012673601508140564,0.0,0.016194811090826988,0.0,,,0.009300514124333858,0.0,,,,,0.0,0.0,0.0,0.0,0.0,0.0,0.0,0.0,0.0,,0.012146583758294582,0.0019998527131974697,0.0,,0.019029388204216957,0.0,0.0015352413756772876,0.0,0.0,0.0,,0.002669151872396469,,0.014855947345495224,0.0,0.0,0.01175154373049736,,0.0,0.0,,0.0,0.0,0.0,0.0,0.0,0.0001421356719220057,0.0011042432161048055,0.0,0.0,0.0046468619257211685,0.003770541399717331,0.0,0.0012880248250439763,,0.02132318913936615,0.0,0.004850889090448618,0.0,,0.0,0.007785265799611807,0.0,0.0,0.0,0.0,0.0061191171407699585,0.0,0.0,0.0,,0.015078713186085224,0.0,0.0,,,,0.006918592378497124,0.002163069089874625,,0.0,0.0,0.0,0.0,,0.0,,0.0,0.0,0.013318006880581379,0.0,0.0,0.0,,,,0.0,0.01897398941218853,0.0,0.0,0.0,,0.0,0.008289680816233158,0.007186546456068754,0.0,,0.0,0.015495573170483112,0.0,0.0,0.0,,0.002988440217450261,0.0071138362400233746,0.006663523148745298,0.0,,0.0029522741679102182,0.007444577291607857,0.00870683416724205,0.0,0.015951599925756454,0.0,,0.0,0.0,0.0,0.0,0.0,0.0,,0.0,,0.005740217864513397,0.007723913062363863,0.0016765532782301307,0.0,0.0,0.0,0.0,,0.0,0.011521018110215664,0.0028374833054840565,,,0.0,0.0,0.0,0.0,0.0,0.0,0.0,0.0,0.0,,0.0,0.0,0.0014217449352145195,,0.0,0.0,0.0,0.015036061406135559,0.0,0.0,0.0,,,0.0,0.002523822244256735,0.0,0.0,0.0,,0.012212172150611877,,0.010441260412335396,0.0,,0.0,0.0001980172237381339,0.0,0.0,,,0.0,0.009777898900210857,,0.011562291532754898,0.0,,,0.0,0.021612513810396194,0.0,0.0,0.0,0.0,0.0,,,0.0,0.0,0.0,0.0,0.0,,,0.0,0.0,0.0,,0.0,0.0,,0.0,0.0,0.010721533559262753,,0.0,0.0,0.0,0.0,,0.0,0.0,,0.0,0.0,0.0,0.000222572882194072,0.004138255026191473,0.0,0.0,0.0,0.0,0.0,0.0,0.0,0.0,,0.01636638306081295,,0.0,0.013081780634820461,0.00596213573589921,0.0,0.0,0.0,0.00783260352909565,0.013072560541331768,0.0,0.01504174992442131,0.0,,0.0,,0.0,0.007702955510467291,0.0,,0.0,0.0,0.0,0.0064319828525185585,0.0,0.0,0.0,0.0,0.006455377209931612,0.002276746090501547,0.0,,,0.0,0.0,0.0,,,,0.0,0.0,,0.0,,0.0,,0.0,,,0.0,,,,,0.0,,0.0,0.009475049562752247,0.0,,0.0,0.0,0.0006172159337438643,,0.011276694014668465,0.0,,0.0,0.008886725641787052,0.0,,,0.0,,0.01935204491019249,0.0,0.0,,0.0,0.0019069688860327005,,,,0.0,0.0,0.0,0.0,0.0,7.387471123365685e-05,,,,0.007764055393636227,0.0,,0.0,,0.0,0.0,0.0,0.0,,,0.0,0.0,,,0.0,,0.0,,0.0,0.0,0.0,0.0,0.0,0.0,0.0,,0.0,0.010640541091561317,0.0,0.0,0.0,,,0.0,0.0,0.0,0.0,0.004161264281719923,0.0073729087598621845,,,,0.007771022617816925,0.0,0.0,0.0,,,0.008342444896697998,0.0,0.0,,0.0,,,,,0.0,0.013751369901001453,0.0,,0.0,,,0.0,,0.006028351373970509,0.0,0.0,0.0,,0.006963010877370834,0.0,,0.0,0.0,0.0,0.0,0.0,,0.0025301980786025524,0.0,0.0,,0.0,0.0,0.0,0.0,0.0,0.0,0.0,,0.0009805925656110048,0.0,0.0,0.007419695612043142,0.0,0.0,0.0,,0.0,0.0,0.0,0.010489208623766899,0.0,0.0,0.0,0.0,0.0,0.0,0.00028485566144809127,0.0,0.0,0.0,,0.0,0.0,0.0,0.0,0.0,0.0,0.0,0.0,0.0,0.004446286242455244,0.0,0.0,0.0,,0.0,0.006903916597366333,,0.0032303640618920326,0.0,0.0,0.0,0.0,0.0,0.007855664007365704,0.0,0.0,0.0,0.011428353376686573,0.0,0.014265907928347588,0.0,0.0,0.0,0.0,0.0,0.0,0.0,0.0,0.0,0.0,0.0,0.0,0.0071387211792171,0.0,0.0,0.0,0.010663309134542942,0.009583434090018272,0.0,0.00991410668939352,0.0,0.0,0.0,0.019269602373242378,0.0,0.0,0.0,0.0,0.0,0.0,0.0,0.0,0.004451911896467209,0.0,0.0,0.0,0.0,0.0,0.015617968514561653,0.0,0.008543897420167923,0.0,0.0,0.017431413754820824,0.0,0.0,0.0,0.0,0.0,0.011158911511301994,0.0,0.006921166554093361,0.0,0.013884417712688446,0.0,0.0,0.0,0.0,0.0,0.017269155010581017,0.0,0.00583390099927783,0.0,0.0,,,,,,,,,,,,,,,,,,,,,,,,,,,,,,,,,,,,,,,,,,,,,,,,,,,,,,,,,,,,,,,,,,,,,,,,,,,,,,,,,,,,,,,,,,,,,,,,,,,,,,,,,,,,,,,,,,,,,,,,,,,,,,
2021-03-31,765970.864272166,1092.513603013458,,,,,,,,,,,76494.84123570709,,1039061.7711000025,,,,,,,,,,,,,,,,,,,,,,,,,,,,,,,,,,,,,,,,,,,3860.8453289669465,,,,,,,,,,,,,,,,,,,,,,11190.854596227411,9709.023302564772,3560.2355437396636,7421.891063893989,8748.626115523393,70356.69253210789,21425.14608807711,5406.298028935584,28074.744815145135,,,,,,,,,,,,,,,,,,,,,,,,,,,,,,,,,,,,0.007672586012631655,0.0,0.0,0.01092440728098154,0.0,0.0,0.0,0.0,0.0,0.0,0.0,0.0,0.0,0.0,0.0,0.0,,0.0,,0.0,,0.0,0.0,0.0,0.010507198981940746,0.0,,0.0,0.0,0.010712611488997936,0.0,0.012846814468502998,0.0,,0.0,,,,0.0,0.0,0.0,,0.0,0.0,0.0012285824632272124,0.009027548134326935,0.0,,,0.0,,0.0,0.0,0.0,0.0,0.0,0.0,0.0,0.0,0.006439491640776396,0.015234255231916904,0.0,0.0,0.0,,0.011381476186215878,0.0,0.0,0.0,0.015055594965815544,,0.0005889178719371557,0.0,,0.0,0.0,0.0,0.0,,0.0,0.0,0.0,,0.0,,0.0,0.0,,0.0,,0.0,0.0,0.0030229962430894375,0.01743323914706707,0.0,0.012673601508140564,0.0,0.016194811090826988,0.0,,,0.009300514124333858,0.0,,,,,0.0,0.0,0.0,0.0,0.0,0.0,0.0,0.0,0.0,,0.012146583758294582,0.0019998527131974697,0.0,,0.019029388204216957,0.0,0.0015352413756772876,0.0,0.0,0.0,,0.002669151872396469,,0.014855947345495224,0.0,0.0,0.01175154373049736,,0.0,0.0,,0.0,0.0,0.0,0.0,0.0,0.0001421356719220057,0.0011042432161048055,0.0,0.0,0.0046468619257211685,0.003770541399717331,0.0,0.0012880248250439763,,0.02132318913936615,0.0,0.004850889090448618,0.0,,0.0,0.007785265799611807,0.0,0.0,0.0,0.0,0.0061191171407699585,0.0,0.0,0.0,,0.015078713186085224,0.0,0.0,,,,0.006918592378497124,0.002163069089874625,,0.0,0.0,0.0,0.0,,0.0,,0.0,0.0,0.013318006880581379,0.0,0.0,0.0,,,,0.0,0.01897398941218853,0.0,0.0,0.0,,0.0,0.008289680816233158,0.007186546456068754,0.0,,0.0,0.015495573170483112,0.0,0.0,0.0,,0.002988440217450261,0.0071138362400233746,0.006663523148745298,0.0,,0.0029522741679102182,0.007444577291607857,0.00870683416724205,0.0,0.015951599925756454,0.0,,0.0,0.0,0.0,0.0,0.0,0.0,,0.0,,0.005740217864513397,0.007723913062363863,0.0016765532782301307,0.0,0.0,0.0,0.0,,0.0,0.011521018110215664,0.0028374833054840565,,,0.0,0.0,0.0,0.0,0.0,0.0,0.0,0.0,0.0,,0.0,0.0,0.0014217449352145195,,0.0,0.0,0.0,0.015036061406135559,0.0,0.0,0.0,,,0.0,0.002523822244256735,0.0,0.0,0.0,,0.012212172150611877,,0.010441260412335396,0.0,,0.0,0.0001980172237381339,0.0,0.0,,,0.0,0.009777898900210857,,0.011562291532754898,0.0,,,0.0,0.021612513810396194,0.0,0.0,0.0,0.0,0.0,,,0.0,0.0,0.0,0.0,0.0,,,0.0,0.0,0.0,,0.0,0.0,,0.0,0.0,0.010721533559262753,,0.0,0.0,0.0,0.0,,0.0,0.0,,0.0,0.0,0.0,0.000222572882194072,0.004138255026191473,0.0,0.0,0.0,0.0,0.0,0.0,0.0,0.0,,0.01636638306081295,,0.0,0.013081780634820461,0.00596213573589921,0.0,0.0,0.0,0.00783260352909565,0.013072560541331768,0.0,0.01504174992442131,0.0,,0.0,,0.0,0.007702955510467291,0.0,,0.0,0.0,0.0,0.0064319828525185585,0.0,0.0,0.0,0.0,0.006455377209931612,0.002276746090501547,0.0,,,0.0,0.0,0.0,,,,0.0,0.0,,0.0,,0.0,,0.0,,,0.0,,,,,0.0,,0.0,0.009475049562752247,0.0,,0.0,0.0,0.0006172159337438643,,0.011276694014668465,0.0,,0.0,0.008886725641787052,0.0,,,0.0,,0.01935204491019249,0.0,0.0,,0.0,0.0019069688860327005,,,,0.0,0.0,0.0,0.0,0.0,7.387471123365685e-05,,,,0.007764055393636227,0.0,,0.0,,0.0,0.0,0.0,0.0,,,0.0,0.0,,,0.0,,0.0,,0.0,0.0,0.0,0.0,0.0,0.0,0.0,,0.0,0.010640541091561317,0.0,0.0,0.0,,,0.0,0.0,0.0,0.0,0.004161264281719923,0.0073729087598621845,,,,0.007771022617816925,0.0,0.0,0.0,,,0.008342444896697998,0.0,0.0,,0.0,,,,,0.0,0.013751369901001453,0.0,,0.0,,,0.0,,0.006028351373970509,0.0,0.0,0.0,,0.006963010877370834,0.0,,0.0,0.0,0.0,0.0,0.0,,0.0025301980786025524,0.0,0.0,,0.0,0.0,0.0,0.0,0.0,0.0,0.0,,0.0009805925656110048,0.0,0.0,0.007419695612043142,0.0,0.0,0.0,,0.0,0.0,0.0,0.010489208623766899,0.0,0.0,0.0,0.0,0.0,0.0,0.00028485566144809127,0.0,0.0,0.0,,0.0,0.0,0.0,0.0,0.0,0.0,0.0,0.0,0.0,0.004446286242455244,0.0,0.0,0.0,,0.0,0.006903916597366333,,0.0032303640618920326,0.0,0.0,0.0,0.0,0.0,0.007855664007365704,0.0,0.0,0.0,0.011428353376686573,0.0,0.014265907928347588,0.0,0.0,0.0,0.0,0.0,0.0,0.0,0.0,0.0,0.0,0.0,0.0,0.0071387211792171,0.0,0.0,0.0,0.010663309134542942,0.009583434090018272,0.0,0.00991410668939352,0.0,0.0,0.0,0.019269602373242378,0.0,0.0,0.0,0.0,0.0,0.0,0.0,0.0,0.004451911896467209,0.0,0.0,0.0,0.0,0.0,0.015617968514561653,0.0,0.008543897420167923,0.0,0.0,0.017431413754820824,0.0,0.0,0.0,0.0,0.0,0.011158911511301994,0.0,0.006921166554093361,0.0,0.013884417712688446,0.0,0.0,0.0,0.0,0.0,0.017269155010581017,0.0,0.00583390099927783,0.0,0.0,,,,,,,,,,,,,,,,,,,,,,,,,,,,,,,,,,,,,,,,,,,,,,,,,,,,,,,,,,,,,,,,,,,,,,,,,,,,,,,,,,,,,,,,,,,,,,,,,,,,,,,,,,,,,,,,,,,,,,,,,,,,,,
2021-04-01,764514.6310499691,1043.7245452673094,,,,,,,,,,,76494.84123570709,,1039061.7711000025,,,,,,,,,,,,,,,,,,,,,,,,,,,,,,,,,,,,,,,,,,,3860.7637313336036,,,,,,,,,,,,,,,,,,,,,,11812.554581210383,9493.491258647391,3560.2355437396636,7421.891063893989,8748.626115523393,70889.69254219464,21425.14608807711,5338.751130265199,28074.744815145135,,,,,,,,,,,,,,,,,,,,,,,,,,,,,,,,,,,,0.007672586012631655,0.0,0.0,0.01092440728098154,0.0,0.0,0.0,0.0,0.0,0.0,0.0,0.0,0.0,0.0,0.0,0.0,,0.0,,0.0,,0.0,0.0,0.0,0.010507198981940746,0.0,,0.0,0.0,0.010712611488997936,0.0,0.012846814468502998,0.0,,0.0,,,,0.0,0.0,0.0,,0.0,0.0,0.0012285824632272124,0.009027548134326935,0.0,,,0.0,,0.0,0.0,0.0,0.0,0.0,0.0,0.0,0.0,0.006439491640776396,0.015234255231916904,0.0,0.0,0.0,,0.011381476186215878,0.0,0.0,0.0,0.015055594965815544,,0.0005889178719371557,0.0,,0.0,0.0,0.0,0.0,,0.0,0.0,0.0,,0.0,,0.0,0.0,,0.0,,0.0,0.0,0.0030229962430894375,0.01743323914706707,0.0,0.012673601508140564,0.0,0.016194811090826988,0.0,,,0.009300514124333858,0.0,,,,,0.0,0.0,0.0,0.0,0.0,0.0,0.0,0.0,0.0,,0.012146583758294582,0.0019998527131974697,0.0,,0.019029388204216957,0.0,0.0015352413756772876,0.0,0.0,0.0,,0.002669151872396469,,0.014855947345495224,0.0,0.0,0.01175154373049736,,0.0,0.0,,0.0,0.0,0.0,0.0,0.0,0.0001421356719220057,0.0011042432161048055,0.0,0.0,0.0046468619257211685,0.003770541399717331,0.0,0.0012880248250439763,,0.02132318913936615,0.0,0.004850889090448618,0.0,,0.0,0.007785265799611807,0.0,0.0,0.0,0.0,0.0061191171407699585,0.0,0.0,0.0,,0.015078713186085224,0.0,0.0,,,,0.006918592378497124,0.002163069089874625,,0.0,0.0,0.0,0.0,,0.0,,0.0,0.0,0.013318006880581379,0.0,0.0,0.0,,,,0.0,0.01897398941218853,0.0,0.0,0.0,,0.0,0.008289680816233158,0.007186546456068754,0.0,,0.0,0.015495573170483112,0.0,0.0,0.0,,0.002988440217450261,0.0071138362400233746,0.006663523148745298,0.0,,0.0029522741679102182,0.007444577291607857,0.00870683416724205,0.0,0.015951599925756454,0.0,,0.0,0.0,0.0,0.0,0.0,0.0,,0.0,,0.005740217864513397,0.007723913062363863,0.0016765532782301307,0.0,0.0,0.0,0.0,,0.0,0.011521018110215664,0.0028374833054840565,,,0.0,0.0,0.0,0.0,0.0,0.0,0.0,0.0,0.0,,0.0,0.0,0.0014217449352145195,,0.0,0.0,0.0,0.015036061406135559,0.0,0.0,0.0,,,0.0,0.002523822244256735,0.0,0.0,0.0,,0.012212172150611877,,0.010441260412335396,0.0,,0.0,0.0001980172237381339,0.0,0.0,,,0.0,0.009777898900210857,,0.011562291532754898,0.0,,,0.0,0.021612513810396194,0.0,0.0,0.0,0.0,0.0,,,0.0,0.0,0.0,0.0,0.0,,,0.0,0.0,0.0,,0.0,0.0,,0.0,0.0,0.010721533559262753,,0.0,0.0,0.0,0.0,,0.0,0.0,,0.0,0.0,0.0,0.000222572882194072,0.004138255026191473,0.0,0.0,0.0,0.0,0.0,0.0,0.0,0.0,,0.01636638306081295,,0.0,0.013081780634820461,0.00596213573589921,0.0,0.0,0.0,0.00783260352909565,0.013072560541331768,0.0,0.01504174992442131,0.0,,0.0,,0.0,0.007702955510467291,0.0,,0.0,0.0,0.0,0.0064319828525185585,0.0,0.0,0.0,0.0,0.006455377209931612,0.002276746090501547,0.0,,,0.0,0.0,0.0,,,,0.0,0.0,,0.0,,0.0,,0.0,,,0.0,,,,,0.0,,0.0,0.009475049562752247,0.0,,0.0,0.0,0.0006172159337438643,,0.011276694014668465,0.0,,0.0,0.008886725641787052,0.0,,,0.0,,0.01935204491019249,0.0,0.0,,0.0,0.0019069688860327005,,,,0.0,0.0,0.0,0.0,0.0,7.387471123365685e-05,,,,0.007764055393636227,0.0,,0.0,,0.0,0.0,0.0,0.0,,,0.0,0.0,,,0.0,,0.0,,0.0,0.0,0.0,0.0,0.0,0.0,0.0,,0.0,0.010640541091561317,0.0,0.0,0.0,,,0.0,0.0,0.0,0.0,0.004161264281719923,0.0073729087598621845,,,,0.007771022617816925,0.0,0.0,0.0,,,0.008342444896697998,0.0,0.0,,0.0,,,,,0.0,0.013751369901001453,0.0,,0.0,,,0.0,,0.006028351373970509,0.0,0.0,0.0,,0.006963010877370834,0.0,,0.0,0.0,0.0,0.0,0.0,,0.0025301980786025524,0.0,0.0,,0.0,0.0,0.0,0.0,0.0,0.0,0.0,,0.0009805925656110048,0.0,0.0,0.007419695612043142,0.0,0.0,0.0,,0.0,0.0,0.0,0.010489208623766899,0.0,0.0,0.0,0.0,0.0,0.0,0.00028485566144809127,0.0,0.0,0.0,,0.0,0.0,0.0,0.0,0.0,0.0,0.0,0.0,0.0,0.004446286242455244,0.0,0.0,0.0,,0.0,0.006903916597366333,,0.0032303640618920326,0.0,0.0,0.0,0.0,0.0,0.007855664007365704,0.0,0.0,0.0,0.011428353376686573,0.0,0.014265907928347588,0.0,0.0,0.0,0.0,0.0,0.0,0.0,0.0,0.0,0.0,0.0,0.0,0.0071387211792171,0.0,0.0,0.0,0.010663309134542942,0.009583434090018272,0.0,0.00991410668939352,0.0,0.0,0.0,0.019269602373242378,0.0,0.0,0.0,0.0,0.0,0.0,0.0,0.0,0.004451911896467209,0.0,0.0,0.0,0.0,0.0,0.015617968514561653,0.0,0.008543897420167923,0.0,0.0,0.017431413754820824,0.0,0.0,0.0,0.0,0.0,0.011158911511301994,0.0,0.006921166554093361,0.0,0.013884417712688446,0.0,0.0,0.0,0.0,0.0,0.017269155010581017,0.0,0.00583390099927783,0.0,0.0,,,,,,,,,,,,,,,,,,,,,,,,,,,,,,,,,,,,,,,,,,,,,,,,,,,,,,,,,,,,,,,,,,,,,,,,,,,,,,,,,,,,,,,,,,,,,,,,,,,,,,,,,,,,,,,,,,,,,,,,,,,,,,
2021-04-02,768177.8341358904,197.64339629461045,,,,,,,,,,,76494.84123570709,,1039061.7711000025,,,,,,,,,,,,,,,,,,,,,,,,,,,,,,,,,,,,,,,,,,,3860.7637313336036,,,,,,,,,,,,,,,,,,,,,,11812.554581210383,9493.6218965175,3560.2355437396636,7421.891063893989,8748.354935541005,71422.74729390495,21515.151877729466,5338.751130265199,28074.744815145135,,,,,,,,,,,,,,,,,,,,,,,,,,,,,,,,,,,,0.007672586012631655,0.0,0.0,0.01092440728098154,0.0,0.0,0.0,0.0,0.0,0.0,0.0,0.0,0.0,0.0,0.0,0.0,,0.0,,0.0,,0.0,0.0,0.0,0.010507198981940746,0.0,,0.0,0.0,0.010712611488997936,0.0,0.012846814468502998,0.0,,0.0,,,,0.0,0.0,0.0,,0.0,0.0,0.0012285824632272124,0.009027548134326935,0.0,,,0.0,,0.0,0.0,0.0,0.0,0.0,0.0,0.0,0.0,0.006439491640776396,0.015234255231916904,0.0,0.0,0.0,,0.011381476186215878,0.0,0.0,0.0,0.015055594965815544,,0.0005889178719371557,0.0,,0.0,0.0,0.0,0.0,,0.0,0.0,0.0,,0.0,,0.0,0.0,,0.0,,0.0,0.0,0.0030229962430894375,0.01743323914706707,0.0,0.012673601508140564,0.0,0.016194811090826988,0.0,,,0.009300514124333858,0.0,,,,,0.0,0.0,0.0,0.0,0.0,0.0,0.0,0.0,0.0,,0.012146583758294582,0.0019998527131974697,0.0,,0.019029388204216957,0.0,0.0015352413756772876,0.0,0.0,0.0,,0.002669151872396469,,0.014855947345495224,0.0,0.0,0.01175154373049736,,0.0,0.0,,0.0,0.0,0.0,0.0,0.0,0.0001421356719220057,0.0011042432161048055,0.0,0.0,0.0046468619257211685,0.003770541399717331,0.0,0.0012880248250439763,,0.02132318913936615,0.0,0.004850889090448618,0.0,,0.0,0.007785265799611807,0.0,0.0,0.0,0.0,0.0061191171407699585,0.0,0.0,0.0,,0.015078713186085224,0.0,0.0,,,,0.006918592378497124,0.002163069089874625,,0.0,0.0,0.0,0.0,,0.0,,0.0,0.0,0.013318006880581379,0.0,0.0,0.0,,,,0.0,0.01897398941218853,0.0,0.0,0.0,,0.0,0.008289680816233158,0.007186546456068754,0.0,,0.0,0.015495573170483112,0.0,0.0,0.0,,0.002988440217450261,0.0071138362400233746,0.006663523148745298,0.0,,0.0029522741679102182,0.007444577291607857,0.00870683416724205,0.0,0.015951599925756454,0.0,,0.0,0.0,0.0,0.0,0.0,0.0,,0.0,,0.005740217864513397,0.007723913062363863,0.0016765532782301307,0.0,0.0,0.0,0.0,,0.0,0.011521018110215664,0.0028374833054840565,,,0.0,0.0,0.0,0.0,0.0,0.0,0.0,0.0,0.0,,0.0,0.0,0.0014217449352145195,,0.0,0.0,0.0,0.015036061406135559,0.0,0.0,0.0,,,0.0,0.002523822244256735,0.0,0.0,0.0,,0.012212172150611877,,0.010441260412335396,0.0,,0.0,0.0001980172237381339,0.0,0.0,,,0.0,0.009777898900210857,,0.011562291532754898,0.0,,,0.0,0.021612513810396194,0.0,0.0,0.0,0.0,0.0,,,0.0,0.0,0.0,0.0,0.0,,,0.0,0.0,0.0,,0.0,0.0,,0.0,0.0,0.010721533559262753,,0.0,0.0,0.0,0.0,,0.0,0.0,,0.0,0.0,0.0,0.000222572882194072,0.004138255026191473,0.0,0.0,0.0,0.0,0.0,0.0,0.0,0.0,,0.01636638306081295,,0.0,0.013081780634820461,0.00596213573589921,0.0,0.0,0.0,0.00783260352909565,0.013072560541331768,0.0,0.01504174992442131,0.0,,0.0,,0.0,0.007702955510467291,0.0,,0.0,0.0,0.0,0.0064319828525185585,0.0,0.0,0.0,0.0,0.006455377209931612,0.002276746090501547,0.0,,,0.0,0.0,0.0,,,,0.0,0.0,,0.0,,0.0,,0.0,,,0.0,,,,,0.0,,0.0,0.009475049562752247,0.0,,0.0,0.0,0.0006172159337438643,,0.011276694014668465,0.0,,0.0,0.008886725641787052,0.0,,,0.0,,0.01935204491019249,0.0,0.0,,0.0,0.0019069688860327005,,,,0.0,0.0,0.0,0.0,0.0,7.387471123365685e-05,,,,0.007764055393636227,0.0,,0.0,,0.0,0.0,0.0,0.0,,,0.0,0.0,,,0.0,,0.0,,0.0,0.0,0.0,0.0,0.0,0.0,0.0,,0.0,0.010640541091561317,0.0,0.0,0.0,,,0.0,0.0,0.0,0.0,0.004161264281719923,0.0073729087598621845,,,,0.007771022617816925,0.0,0.0,0.0,,,0.008342444896697998,0.0,0.0,,0.0,,,,,0.0,0.013751369901001453,0.0,,0.0,,,0.0,,0.006028351373970509,0.0,0.0,0.0,,0.006963010877370834,0.0,,0.0,0.0,0.0,0.0,0.0,,0.0025301980786025524,0.0,0.0,,0.0,0.0,0.0,0.0,0.0,0.0,0.0,,0.0009805925656110048,0.0,0.0,0.007419695612043142,0.0,0.0,0.0,,0.0,0.0,0.0,0.010489208623766899,0.0,0.0,0.0,0.0,0.0,0.0,0.00028485566144809127,0.0,0.0,0.0,,0.0,0.0,0.0,0.0,0.0,0.0,0.0,0.0,0.0,0.004446286242455244,0.0,0.0,0.0,,0.0,0.006903916597366333,,0.0032303640618920326,0.0,0.0,0.0,0.0,0.0,0.007855664007365704,0.0,0.0,0.0,0.011428353376686573,0.0,0.014265907928347588,0.0,0.0,0.0,0.0,0.0,0.0,0.0,0.0,0.0,0.0,0.0,0.0,0.0071387211792171,0.0,0.0,0.0,0.010663309134542942,0.009583434090018272,0.0,0.00991410668939352,0.0,0.0,0.0,0.019269602373242378,0.0,0.0,0.0,0.0,0.0,0.0,0.0,0.0,0.004451911896467209,0.0,0.0,0.0,0.0,0.0,0.015617968514561653,0.0,0.008543897420167923,0.0,0.0,0.017431413754820824,0.0,0.0,0.0,0.0,0.0,0.011158911511301994,0.0,0.006921166554093361,0.0,0.013884417712688446,0.0,0.0,0.0,0.0,0.0,0.017269155010581017,0.0,0.00583390099927783,0.0,0.0,,,,,,,,,,,,,,,,,,,,,,,,,,,,,,,,,,,,,,,,,,,,,,,,,,,,,,,,,,,,,,,,,,,,,,,,,,,,,,,,,,,,,,,,,,,,,,,,,,,,,,,,,,,,,,,,,,,,,,,,,,,,,,
2021-04-06,765473.8812398361,196.82133729419925,,,,,,,,,,,76494.84123570709,,1039061.7711000025,,,,,,,,,,,,,,,,,,,,,,,,,,,,,,,,,,,,,,,,,,,3860.7637313336036,,,,,,,,,,,,,,,,,,,,,,11812.554581210383,9493.523612551298,3560.2355437396636,7421.891063893989,8748.538043545568,71422.74729390495,21515.151877729466,5338.751130265199,28074.744815145135,,,,,,,,,,,,,,,,,,,,,,,,,,,,,,,,,,,,0.007672586012631655,0.0,0.0,0.01092440728098154,0.0,0.0,0.0,0.0,0.0,0.0,0.0,0.0,0.0,0.0,0.0,0.0,,0.0,,0.0,,0.0,0.0,0.0,0.010507198981940746,0.0,,0.0,0.0,0.010712611488997936,0.0,0.012846814468502998,0.0,,0.0,,,,0.0,0.0,0.0,,0.0,0.0,0.0012285824632272124,0.009027548134326935,0.0,,,0.0,,0.0,0.0,0.0,0.0,0.0,0.0,0.0,0.0,0.006439491640776396,0.015234255231916904,0.0,0.0,0.0,,0.011381476186215878,0.0,0.0,0.0,0.015055594965815544,,0.0005889178719371557,0.0,,0.0,0.0,0.0,0.0,,0.0,0.0,0.0,,0.0,,0.0,0.0,,0.0,,0.0,0.0,0.0030229962430894375,0.01743323914706707,0.0,0.012673601508140564,0.0,0.016194811090826988,0.0,,,0.009300514124333858,0.0,,,,,0.0,0.0,0.0,0.0,0.0,0.0,0.0,0.0,0.0,,0.012146583758294582,0.0019998527131974697,0.0,,0.019029388204216957,0.0,0.0015352413756772876,0.0,0.0,0.0,,0.002669151872396469,,0.014855947345495224,0.0,0.0,0.01175154373049736,,0.0,0.0,,0.0,0.0,0.0,0.0,0.0,0.0001421356719220057,0.0011042432161048055,0.0,0.0,0.0046468619257211685,0.003770541399717331,0.0,0.0012880248250439763,,0.02132318913936615,0.0,0.004850889090448618,0.0,,0.0,0.007785265799611807,0.0,0.0,0.0,0.0,0.0061191171407699585,0.0,0.0,0.0,,0.015078713186085224,0.0,0.0,,,,0.006918592378497124,0.002163069089874625,,0.0,0.0,0.0,0.0,,0.0,,0.0,0.0,0.013318006880581379,0.0,0.0,0.0,,,,0.0,0.01897398941218853,0.0,0.0,0.0,,0.0,0.008289680816233158,0.007186546456068754,0.0,,0.0,0.015495573170483112,0.0,0.0,0.0,,0.002988440217450261,0.0071138362400233746,0.006663523148745298,0.0,,0.0029522741679102182,0.007444577291607857,0.00870683416724205,0.0,0.015951599925756454,0.0,,0.0,0.0,0.0,0.0,0.0,0.0,,0.0,,0.005740217864513397,0.007723913062363863,0.0016765532782301307,0.0,0.0,0.0,0.0,,0.0,0.011521018110215664,0.0028374833054840565,,,0.0,0.0,0.0,0.0,0.0,0.0,0.0,0.0,0.0,,0.0,0.0,0.0014217449352145195,,0.0,0.0,0.0,0.015036061406135559,0.0,0.0,0.0,,,0.0,0.002523822244256735,0.0,0.0,0.0,,0.012212172150611877,,0.010441260412335396,0.0,,0.0,0.0001980172237381339,0.0,0.0,,,0.0,0.009777898900210857,,0.011562291532754898,0.0,,,0.0,0.021612513810396194,0.0,0.0,0.0,0.0,0.0,,,0.0,0.0,0.0,0.0,0.0,,,0.0,0.0,0.0,,0.0,0.0,,0.0,0.0,0.010721533559262753,,0.0,0.0,0.0,0.0,,0.0,0.0,,0.0,0.0,0.0,0.000222572882194072,0.004138255026191473,0.0,0.0,0.0,0.0,0.0,0.0,0.0,0.0,,0.01636638306081295,,0.0,0.013081780634820461,0.00596213573589921,0.0,0.0,0.0,0.00783260352909565,0.013072560541331768,0.0,0.01504174992442131,0.0,,0.0,,0.0,0.007702955510467291,0.0,,0.0,0.0,0.0,0.0064319828525185585,0.0,0.0,0.0,0.0,0.006455377209931612,0.002276746090501547,0.0,,,0.0,0.0,0.0,,,,0.0,0.0,,0.0,,0.0,,0.0,,,0.0,,,,,0.0,,0.0,0.009475049562752247,0.0,,0.0,0.0,0.0006172159337438643,,0.011276694014668465,0.0,,0.0,0.008886725641787052,0.0,,,0.0,,0.01935204491019249,0.0,0.0,,0.0,0.0019069688860327005,,,,0.0,0.0,0.0,0.0,0.0,7.387471123365685e-05,,,,0.007764055393636227,0.0,,0.0,,0.0,0.0,0.0,0.0,,,0.0,0.0,,,0.0,,0.0,,0.0,0.0,0.0,0.0,0.0,0.0,0.0,,0.0,0.010640541091561317,0.0,0.0,0.0,,,0.0,0.0,0.0,0.0,0.004161264281719923,0.0073729087598621845,,,,0.007771022617816925,0.0,0.0,0.0,,,0.008342444896697998,0.0,0.0,,0.0,,,,,0.0,0.013751369901001453,0.0,,0.0,,,0.0,,0.006028351373970509,0.0,0.0,0.0,,0.006963010877370834,0.0,,0.0,0.0,0.0,0.0,0.0,,0.0025301980786025524,0.0,0.0,,0.0,0.0,0.0,0.0,0.0,0.0,0.0,,0.0009805925656110048,0.0,0.0,0.007419695612043142,0.0,0.0,0.0,,0.0,0.0,0.0,0.010489208623766899,0.0,0.0,0.0,0.0,0.0,0.0,0.00028485566144809127,0.0,0.0,0.0,,0.0,0.0,0.0,0.0,0.0,0.0,0.0,0.0,0.0,0.004446286242455244,0.0,0.0,0.0,,0.0,0.006903916597366333,,0.0032303640618920326,0.0,0.0,0.0,0.0,0.0,0.007855664007365704,0.0,0.0,0.0,0.011428353376686573,0.0,0.014265907928347588,0.0,0.0,0.0,0.0,0.0,0.0,0.0,0.0,0.0,0.0,0.0,0.0,0.0071387211792171,0.0,0.0,0.0,0.010663309134542942,0.009583434090018272,0.0,0.00991410668939352,0.0,0.0,0.0,0.019269602373242378,0.0,0.0,0.0,0.0,0.0,0.0,0.0,0.0,0.004451911896467209,0.0,0.0,0.0,0.0,0.0,0.015617968514561653,0.0,0.008543897420167923,0.0,0.0,0.017431413754820824,0.0,0.0,0.0,0.0,0.0,0.011158911511301994,0.0,0.006921166554093361,0.0,0.013884417712688446,0.0,0.0,0.0,0.0,0.0,0.017269155010581017,0.0,0.00583390099927783,0.0,0.0,,,,,,,,,,,,,,,,,,,,,,,,,,,,,,,,,,,,,,,,,,,,,,,,,,,,,,,,,,,,,,,,,,,,,,,,,,,,,,,,,,,,,,,,,,,,,,,,,,,,,,,,,,,,,,,,,,,,,,,,,,,,,,
2021-04-07,767621.9507037535,197.8055628576661,,,,,,,,,,,76494.84123570709,,1039061.7711000025,,,,,,,,,,,,,,,,,,,,,,,,,,,,,,,,,,,,,,,,,,,3860.7637313336036,,,,,,,,,,,,,,,,,,,,,,11812.554581210383,9493.523612551298,3560.2355437396636,7421.891063893989,8748.423996137239,71422.74729390495,21515.151877729466,5338.751130265199,28074.744815145135,,,,,,,,,,,,,,,,,,,,,,,,,,,,,,,,,,,,0.007672586012631655,0.0,0.0,0.01092440728098154,0.0,0.0,0.0,0.0,0.0,0.0,0.0,0.0,0.0,0.0,0.0,0.0,,0.0,,0.0,,0.0,0.0,0.0,0.010507198981940746,0.0,,0.0,0.0,0.010712611488997936,0.0,0.012846814468502998,0.0,,0.0,,,,0.0,0.0,0.0,,0.0,0.0,0.0012285824632272124,0.009027548134326935,0.0,,,0.0,,0.0,0.0,0.0,0.0,0.0,0.0,0.0,0.0,0.006439491640776396,0.015234255231916904,0.0,0.0,0.0,,0.011381476186215878,0.0,0.0,0.0,0.015055594965815544,,0.0005889178719371557,0.0,,0.0,0.0,0.0,0.0,,0.0,0.0,0.0,,0.0,,0.0,0.0,,0.0,,0.0,0.0,0.0030229962430894375,0.01743323914706707,0.0,0.012673601508140564,0.0,0.016194811090826988,0.0,,,0.009300514124333858,0.0,,,,,0.0,0.0,0.0,0.0,0.0,0.0,0.0,0.0,0.0,,0.012146583758294582,0.0019998527131974697,0.0,,0.019029388204216957,0.0,0.0015352413756772876,0.0,0.0,0.0,,0.002669151872396469,,0.014855947345495224,0.0,0.0,0.01175154373049736,,0.0,0.0,,0.0,0.0,0.0,0.0,0.0,0.0001421356719220057,0.0011042432161048055,0.0,0.0,0.0046468619257211685,0.003770541399717331,0.0,0.0012880248250439763,,0.02132318913936615,0.0,0.004850889090448618,0.0,,0.0,0.007785265799611807,0.0,0.0,0.0,0.0,0.0061191171407699585,0.0,0.0,0.0,,0.015078713186085224,0.0,0.0,,,,0.006918592378497124,0.002163069089874625,,0.0,0.0,0.0,0.0,,0.0,,0.0,0.0,0.013318006880581379,0.0,0.0,0.0,,,,0.0,0.01897398941218853,0.0,0.0,0.0,,0.0,0.008289680816233158,0.007186546456068754,0.0,,0.0,0.015495573170483112,0.0,0.0,0.0,,0.002988440217450261,0.0071138362400233746,0.006663523148745298,0.0,,0.0029522741679102182,0.007444577291607857,0.00870683416724205,0.0,0.015951599925756454,0.0,,0.0,0.0,0.0,0.0,0.0,0.0,,0.0,,0.005740217864513397,0.007723913062363863,0.0016765532782301307,0.0,0.0,0.0,0.0,,0.0,0.011521018110215664,0.0028374833054840565,,,0.0,0.0,0.0,0.0,0.0,0.0,0.0,0.0,0.0,,0.0,0.0,0.0014217449352145195,,0.0,0.0,0.0,0.015036061406135559,0.0,0.0,0.0,,,0.0,0.002523822244256735,0.0,0.0,0.0,,0.012212172150611877,,0.010441260412335396,0.0,,0.0,0.0001980172237381339,0.0,0.0,,,0.0,0.009777898900210857,,0.011562291532754898,0.0,,,0.0,0.021612513810396194,0.0,0.0,0.0,0.0,0.0,,,0.0,0.0,0.0,0.0,0.0,,,0.0,0.0,0.0,,0.0,0.0,,0.0,0.0,0.010721533559262753,,0.0,0.0,0.0,0.0,,0.0,0.0,,0.0,0.0,0.0,0.000222572882194072,0.004138255026191473,0.0,0.0,0.0,0.0,0.0,0.0,0.0,0.0,,0.01636638306081295,,0.0,0.013081780634820461,0.00596213573589921,0.0,0.0,0.0,0.00783260352909565,0.013072560541331768,0.0,0.01504174992442131,0.0,,0.0,,0.0,0.007702955510467291,0.0,,0.0,0.0,0.0,0.0064319828525185585,0.0,0.0,0.0,0.0,0.006455377209931612,0.002276746090501547,0.0,,,0.0,0.0,0.0,,,,0.0,0.0,,0.0,,0.0,,0.0,,,0.0,,,,,0.0,,0.0,0.009475049562752247,0.0,,0.0,0.0,0.0006172159337438643,,0.011276694014668465,0.0,,0.0,0.008886725641787052,0.0,,,0.0,,0.01935204491019249,0.0,0.0,,0.0,0.0019069688860327005,,,,0.0,0.0,0.0,0.0,0.0,7.387471123365685e-05,,,,0.007764055393636227,0.0,,0.0,,0.0,0.0,0.0,0.0,,,0.0,0.0,,,0.0,,0.0,,0.0,0.0,0.0,0.0,0.0,0.0,0.0,,0.0,0.010640541091561317,0.0,0.0,0.0,,,0.0,0.0,0.0,0.0,0.004161264281719923,0.0073729087598621845,,,,0.007771022617816925,0.0,0.0,0.0,,,0.008342444896697998,0.0,0.0,,0.0,,,,,0.0,0.013751369901001453,0.0,,0.0,,,0.0,,0.006028351373970509,0.0,0.0,0.0,,0.006963010877370834,0.0,,0.0,0.0,0.0,0.0,0.0,,0.0025301980786025524,0.0,0.0,,0.0,0.0,0.0,0.0,0.0,0.0,0.0,,0.0009805925656110048,0.0,0.0,0.007419695612043142,0.0,0.0,0.0,,0.0,0.0,0.0,0.010489208623766899,0.0,0.0,0.0,0.0,0.0,0.0,0.00028485566144809127,0.0,0.0,0.0,,0.0,0.0,0.0,0.0,0.0,0.0,0.0,0.0,0.0,0.004446286242455244,0.0,0.0,0.0,,0.0,0.006903916597366333,,0.0032303640618920326,0.0,0.0,0.0,0.0,0.0,0.007855664007365704,0.0,0.0,0.0,0.011428353376686573,0.0,0.014265907928347588,0.0,0.0,0.0,0.0,0.0,0.0,0.0,0.0,0.0,0.0,0.0,0.0,0.0071387211792171,0.0,0.0,0.0,0.010663309134542942,0.009583434090018272,0.0,0.00991410668939352,0.0,0.0,0.0,0.019269602373242378,0.0,0.0,0.0,0.0,0.0,0.0,0.0,0.0,0.004451911896467209,0.0,0.0,0.0,0.0,0.0,0.015617968514561653,0.0,0.008543897420167923,0.0,0.0,0.017431413754820824,0.0,0.0,0.0,0.0,0.0,0.011158911511301994,0.0,0.006921166554093361,0.0,0.013884417712688446,0.0,0.0,0.0,0.0,0.0,0.017269155010581017,0.0,0.00583390099927783,0.0,0.0,,,,,,,,,,,,,,,,,,,,,,,,,,,,,,,,,,,,,,,,,,,,,,,,,,,,,,,,,,,,,,,,,,,,,,,,,,,,,,,,,,,,,,,,,,,,,,,,,,,,,,,,,,,,,,,,,,,,,,,,,,,,,,
2021-04-08,768089.6643656678,317.00741800551145,,,,,,,,,,,76494.84123570709,,1039061.7711000025,,,,,,,,,,,,,,,,,,,,,,,,,,,,,,,,,,,,,,,,,,,3860.7637313336036,,,,,,,,,,,,,,,,,,,,,,11812.554581210383,9493.523612551298,3560.2355437396636,7421.891063893989,8748.749039090111,65578.71530268223,22953.892411226625,5473.910268696199,28074.744815145135,,,,,,,,,,,,,,,,,,,,,,,,,,,,,,,,,,,,0.007672586012631655,0.0,0.0,0.01092440728098154,0.0,0.0,0.0,0.0,0.0,0.0,0.0,0.0,0.0,0.0,0.0,0.0,,0.0,,0.0,,0.0,0.0,0.0,0.010507198981940746,0.0,,0.0,0.0,0.010712611488997936,0.0,0.012846814468502998,0.0,,0.0,,,,0.0,0.0,0.0,,0.0,0.0,0.0012285824632272124,0.009027548134326935,0.0,,,0.0,,0.0,0.0,0.0,0.0,0.0,0.0,0.0,0.0,0.006439491640776396,0.015234255231916904,0.0,0.0,0.0,,0.011381476186215878,0.0,0.0,0.0,0.015055594965815544,,0.0005889178719371557,0.0,,0.0,0.0,0.0,0.0,,0.0,0.0,0.0,,0.0,,0.0,0.0,,0.0,,0.0,0.0,0.0030229962430894375,0.01743323914706707,0.0,0.012673601508140564,0.0,0.016194811090826988,0.0,,,0.009300514124333858,0.0,,,,,0.0,0.0,0.0,0.0,0.0,0.0,0.0,0.0,0.0,,0.012146583758294582,0.0019998527131974697,0.0,,0.019029388204216957,0.0,0.0015352413756772876,0.0,0.0,0.0,,0.002669151872396469,,0.014855947345495224,0.0,0.0,0.01175154373049736,,0.0,0.0,,0.0,0.0,0.0,0.0,0.0,0.0001421356719220057,0.0011042432161048055,0.0,0.0,0.0046468619257211685,0.003770541399717331,0.0,0.0012880248250439763,,0.02132318913936615,0.0,0.004850889090448618,0.0,,0.0,0.007785265799611807,0.0,0.0,0.0,0.0,0.0061191171407699585,0.0,0.0,0.0,,0.015078713186085224,0.0,0.0,,,,0.006918592378497124,0.002163069089874625,,0.0,0.0,0.0,0.0,,0.0,,0.0,0.0,0.013318006880581379,0.0,0.0,0.0,,,,0.0,0.01897398941218853,0.0,0.0,0.0,,0.0,0.008289680816233158,0.007186546456068754,0.0,,0.0,0.015495573170483112,0.0,0.0,0.0,,0.002988440217450261,0.0071138362400233746,0.006663523148745298,0.0,,0.0029522741679102182,0.007444577291607857,0.00870683416724205,0.0,0.015951599925756454,0.0,,0.0,0.0,0.0,0.0,0.0,0.0,,0.0,,0.005740217864513397,0.007723913062363863,0.0016765532782301307,0.0,0.0,0.0,0.0,,0.0,0.011521018110215664,0.0028374833054840565,,,0.0,0.0,0.0,0.0,0.0,0.0,0.0,0.0,0.0,,0.0,0.0,0.0014217449352145195,,0.0,0.0,0.0,0.015036061406135559,0.0,0.0,0.0,,,0.0,0.002523822244256735,0.0,0.0,0.0,,0.012212172150611877,,0.010441260412335396,0.0,,0.0,0.0001980172237381339,0.0,0.0,,,0.0,0.009777898900210857,,0.011562291532754898,0.0,,,0.0,0.021612513810396194,0.0,0.0,0.0,0.0,0.0,,,0.0,0.0,0.0,0.0,0.0,,,0.0,0.0,0.0,,0.0,0.0,,0.0,0.0,0.010721533559262753,,0.0,0.0,0.0,0.0,,0.0,0.0,,0.0,0.0,0.0,0.000222572882194072,0.004138255026191473,0.0,0.0,0.0,0.0,0.0,0.0,0.0,0.0,,0.01636638306081295,,0.0,0.013081780634820461,0.00596213573589921,0.0,0.0,0.0,0.00783260352909565,0.013072560541331768,0.0,0.01504174992442131,0.0,,0.0,,0.0,0.007702955510467291,0.0,,0.0,0.0,0.0,0.0064319828525185585,0.0,0.0,0.0,0.0,0.006455377209931612,0.002276746090501547,0.0,,,0.0,0.0,0.0,,,,0.0,0.0,,0.0,,0.0,,0.0,,,0.0,,,,,0.0,,0.0,0.009475049562752247,0.0,,0.0,0.0,0.0006172159337438643,,0.011276694014668465,0.0,,0.0,0.008886725641787052,0.0,,,0.0,,0.01935204491019249,0.0,0.0,,0.0,0.0019069688860327005,,,,0.0,0.0,0.0,0.0,0.0,7.387471123365685e-05,,,,0.007764055393636227,0.0,,0.0,,0.0,0.0,0.0,0.0,,,0.0,0.0,,,0.0,,0.0,,0.0,0.0,0.0,0.0,0.0,0.0,0.0,,0.0,0.010640541091561317,0.0,0.0,0.0,,,0.0,0.0,0.0,0.0,0.004161264281719923,0.0073729087598621845,,,,0.007771022617816925,0.0,0.0,0.0,,,0.008342444896697998,0.0,0.0,,0.0,,,,,0.0,0.013751369901001453,0.0,,0.0,,,0.0,,0.006028351373970509,0.0,0.0,0.0,,0.006963010877370834,0.0,,0.0,0.0,0.0,0.0,0.0,,0.0025301980786025524,0.0,0.0,,0.0,0.0,0.0,0.0,0.0,0.0,0.0,,0.0009805925656110048,0.0,0.0,0.007419695612043142,0.0,0.0,0.0,,0.0,0.0,0.0,0.010489208623766899,0.0,0.0,0.0,0.0,0.0,0.0,0.00028485566144809127,0.0,0.0,0.0,,0.0,0.0,0.0,0.0,0.0,0.0,0.0,0.0,0.0,0.004446286242455244,0.0,0.0,0.0,,0.0,0.006903916597366333,,0.0032303640618920326,0.0,0.0,0.0,0.0,0.0,0.007855664007365704,0.0,0.0,0.0,0.011428353376686573,0.0,0.014265907928347588,0.0,0.0,0.0,0.0,0.0,0.0,0.0,0.0,0.0,0.0,0.0,0.0,0.0071387211792171,0.0,0.0,0.0,0.010663309134542942,0.009583434090018272,0.0,0.00991410668939352,0.0,0.0,0.0,0.019269602373242378,0.0,0.0,0.0,0.0,0.0,0.0,0.0,0.0,0.004451911896467209,0.0,0.0,0.0,0.0,0.0,0.015617968514561653,0.0,0.008543897420167923,0.0,0.0,0.017431413754820824,0.0,0.0,0.0,0.0,0.0,0.011158911511301994,0.0,0.006921166554093361,0.0,0.013884417712688446,0.0,0.0,0.0,0.0,0.0,0.017269155010581017,0.0,0.00583390099927783,0.0,0.0,,,,,,,,,,,,,,,,,,,,,,,,,,,,,,,,,,,,,,,,,,,,,,,,,,,,,,,,,,,,,,,,,,,,,,,,,,,,,,,,,,,,,,,,,,,,,,,,,,,,,,,,,,,,,,,,,,,,,,,,,,,,,,
2021-04-09,767954.3627019178,22.543229781587627,,,,,,,,,,,76494.84123570709,,1039061.7711000025,,,,,,,,,,,,,,,,,,,,,,,,,,,,,,,,,,,,,,,,,,,3860.7637313336036,,,,,,,,,,,,,,,,,,,,,,11812.554581210383,9493.523612551298,3560.2355437396636,7421.891063893989,8748.514600224398,65578.71530268223,23043.90307802663,5473.910268696199,28074.744815145135,,,,,,,,,,,,,,,,,,,,,,,,,,,,,,,,,,,,0.007672586012631655,0.0,0.0,0.01092440728098154,0.0,0.0,0.0,0.0,0.0,0.0,0.0,0.0,0.0,0.0,0.0,0.0,,0.0,,0.0,,0.0,0.0,0.0,0.010507198981940746,0.0,,0.0,0.0,0.010712611488997936,0.0,0.012846814468502998,0.0,,0.0,,,,0.0,0.0,0.0,,0.0,0.0,0.0012285824632272124,0.009027548134326935,0.0,,,0.0,,0.0,0.0,0.0,0.0,0.0,0.0,0.0,0.0,0.006439491640776396,0.015234255231916904,0.0,0.0,0.0,,0.011381476186215878,0.0,0.0,0.0,0.015055594965815544,,0.0005889178719371557,0.0,,0.0,0.0,0.0,0.0,,0.0,0.0,0.0,,0.0,,0.0,0.0,,0.0,,0.0,0.0,0.0030229962430894375,0.01743323914706707,0.0,0.012673601508140564,0.0,0.016194811090826988,0.0,,,0.009300514124333858,0.0,,,,,0.0,0.0,0.0,0.0,0.0,0.0,0.0,0.0,0.0,,0.012146583758294582,0.0019998527131974697,0.0,,0.019029388204216957,0.0,0.0015352413756772876,0.0,0.0,0.0,,0.002669151872396469,,0.014855947345495224,0.0,0.0,0.01175154373049736,,0.0,0.0,,0.0,0.0,0.0,0.0,0.0,0.0001421356719220057,0.0011042432161048055,0.0,0.0,0.0046468619257211685,0.003770541399717331,0.0,0.0012880248250439763,,0.02132318913936615,0.0,0.004850889090448618,0.0,,0.0,0.007785265799611807,0.0,0.0,0.0,0.0,0.0061191171407699585,0.0,0.0,0.0,,0.015078713186085224,0.0,0.0,,,,0.006918592378497124,0.002163069089874625,,0.0,0.0,0.0,0.0,,0.0,,0.0,0.0,0.013318006880581379,0.0,0.0,0.0,,,,0.0,0.01897398941218853,0.0,0.0,0.0,,0.0,0.008289680816233158,0.007186546456068754,0.0,,0.0,0.015495573170483112,0.0,0.0,0.0,,0.002988440217450261,0.0071138362400233746,0.006663523148745298,0.0,,0.0029522741679102182,0.007444577291607857,0.00870683416724205,0.0,0.015951599925756454,0.0,,0.0,0.0,0.0,0.0,0.0,0.0,,0.0,,0.005740217864513397,0.007723913062363863,0.0016765532782301307,0.0,0.0,0.0,0.0,,0.0,0.011521018110215664,0.0028374833054840565,,,0.0,0.0,0.0,0.0,0.0,0.0,0.0,0.0,0.0,,0.0,0.0,0.0014217449352145195,,0.0,0.0,0.0,0.015036061406135559,0.0,0.0,0.0,,,0.0,0.002523822244256735,0.0,0.0,0.0,,0.012212172150611877,,0.010441260412335396,0.0,,0.0,0.0001980172237381339,0.0,0.0,,,0.0,0.009777898900210857,,0.011562291532754898,0.0,,,0.0,0.021612513810396194,0.0,0.0,0.0,0.0,0.0,,,0.0,0.0,0.0,0.0,0.0,,,0.0,0.0,0.0,,0.0,0.0,,0.0,0.0,0.010721533559262753,,0.0,0.0,0.0,0.0,,0.0,0.0,,0.0,0.0,0.0,0.000222572882194072,0.004138255026191473,0.0,0.0,0.0,0.0,0.0,0.0,0.0,0.0,,0.01636638306081295,,0.0,0.013081780634820461,0.00596213573589921,0.0,0.0,0.0,0.00783260352909565,0.013072560541331768,0.0,0.01504174992442131,0.0,,0.0,,0.0,0.007702955510467291,0.0,,0.0,0.0,0.0,0.0064319828525185585,0.0,0.0,0.0,0.0,0.006455377209931612,0.002276746090501547,0.0,,,0.0,0.0,0.0,,,,0.0,0.0,,0.0,,0.0,,0.0,,,0.0,,,,,0.0,,0.0,0.009475049562752247,0.0,,0.0,0.0,0.0006172159337438643,,0.011276694014668465,0.0,,0.0,0.008886725641787052,0.0,,,0.0,,0.01935204491019249,0.0,0.0,,0.0,0.0019069688860327005,,,,0.0,0.0,0.0,0.0,0.0,7.387471123365685e-05,,,,0.007764055393636227,0.0,,0.0,,0.0,0.0,0.0,0.0,,,0.0,0.0,,,0.0,,0.0,,0.0,0.0,0.0,0.0,0.0,0.0,0.0,,0.0,0.010640541091561317,0.0,0.0,0.0,,,0.0,0.0,0.0,0.0,0.004161264281719923,0.0073729087598621845,,,,0.007771022617816925,0.0,0.0,0.0,,,0.008342444896697998,0.0,0.0,,0.0,,,,,0.0,0.013751369901001453,0.0,,0.0,,,0.0,,0.006028351373970509,0.0,0.0,0.0,,0.006963010877370834,0.0,,0.0,0.0,0.0,0.0,0.0,,0.0025301980786025524,0.0,0.0,,0.0,0.0,0.0,0.0,0.0,0.0,0.0,,0.0009805925656110048,0.0,0.0,0.007419695612043142,0.0,0.0,0.0,,0.0,0.0,0.0,0.010489208623766899,0.0,0.0,0.0,0.0,0.0,0.0,0.00028485566144809127,0.0,0.0,0.0,,0.0,0.0,0.0,0.0,0.0,0.0,0.0,0.0,0.0,0.004446286242455244,0.0,0.0,0.0,,0.0,0.006903916597366333,,0.0032303640618920326,0.0,0.0,0.0,0.0,0.0,0.007855664007365704,0.0,0.0,0.0,0.011428353376686573,0.0,0.014265907928347588,0.0,0.0,0.0,0.0,0.0,0.0,0.0,0.0,0.0,0.0,0.0,0.0,0.0071387211792171,0.0,0.0,0.0,0.010663309134542942,0.009583434090018272,0.0,0.00991410668939352,0.0,0.0,0.0,0.019269602373242378,0.0,0.0,0.0,0.0,0.0,0.0,0.0,0.0,0.004451911896467209,0.0,0.0,0.0,0.0,0.0,0.015617968514561653,0.0,0.008543897420167923,0.0,0.0,0.017431413754820824,0.0,0.0,0.0,0.0,0.0,0.011158911511301994,0.0,0.006921166554093361,0.0,0.013884417712688446,0.0,0.0,0.0,0.0,0.0,0.017269155010581017,0.0,0.00583390099927783,0.0,0.0,,,,,,,,,,,,,,,,,,,,,,,,,,,,,,,,,,,,,,,,,,,,,,,,,,,,,,,,,,,,,,,,,,,,,,,,,,,,,,,,,,,,,,,,,,,,,,,,,,,,,,,,,,,,,,,,,,,,,,,,,,,,,,
2021-04-12,756218.4023321776,978.5048092114971,,,,,,,,,,,76494.84123570709,,1039061.7711000025,,,,,,,,,,,,,,,,,,,,,,,,,,,,,,,,,,,,,,,,,,,3860.7637313336036,,,,,,,,,,,,,,,,,,,,,,11812.554581210383,9493.523612551298,3560.2355437396636,7421.891063893989,8748.773750945793,65578.71530268223,23043.90307802663,5406.290189370785,28074.744815145135,,,,,,,,,,,,,,,,,,,,,,,,,,,,,,,,,,,,0.007672586012631655,0.0,0.0,0.01092440728098154,0.0,0.0,0.0,0.0,0.0,0.0,0.0,0.0,0.0,0.0,0.0,0.0,,0.0,,0.0,,0.0,0.0,0.0,0.010507198981940746,0.0,,0.0,0.0,0.010712611488997936,0.0,0.012846814468502998,0.0,,0.0,,,,0.0,0.0,0.0,,0.0,0.0,0.0012285824632272124,0.009027548134326935,0.0,,,0.0,,0.0,0.0,0.0,0.0,0.0,0.0,0.0,0.0,0.006439491640776396,0.015234255231916904,0.0,0.0,0.0,,0.011381476186215878,0.0,0.0,0.0,0.015055594965815544,,0.0005889178719371557,0.0,,0.0,0.0,0.0,0.0,,0.0,0.0,0.0,,0.0,,0.0,0.0,,0.0,,0.0,0.0,0.0030229962430894375,0.01743323914706707,0.0,0.012673601508140564,0.0,0.016194811090826988,0.0,,,0.009300514124333858,0.0,,,,,0.0,0.0,0.0,0.0,0.0,0.0,0.0,0.0,0.0,,0.012146583758294582,0.0019998527131974697,0.0,,0.019029388204216957,0.0,0.0015352413756772876,0.0,0.0,0.0,,0.002669151872396469,,0.014855947345495224,0.0,0.0,0.01175154373049736,,0.0,0.0,,0.0,0.0,0.0,0.0,0.0,0.0001421356719220057,0.0011042432161048055,0.0,0.0,0.0046468619257211685,0.003770541399717331,0.0,0.0012880248250439763,,0.02132318913936615,0.0,0.004850889090448618,0.0,,0.0,0.007785265799611807,0.0,0.0,0.0,0.0,0.0061191171407699585,0.0,0.0,0.0,,0.015078713186085224,0.0,0.0,,,,0.006918592378497124,0.002163069089874625,,0.0,0.0,0.0,0.0,,0.0,,0.0,0.0,0.013318006880581379,0.0,0.0,0.0,,,,0.0,0.01897398941218853,0.0,0.0,0.0,,0.0,0.008289680816233158,0.007186546456068754,0.0,,0.0,0.015495573170483112,0.0,0.0,0.0,,0.002988440217450261,0.0071138362400233746,0.006663523148745298,0.0,,0.0029522741679102182,0.007444577291607857,0.00870683416724205,0.0,0.015951599925756454,0.0,,0.0,0.0,0.0,0.0,0.0,0.0,,0.0,,0.005740217864513397,0.007723913062363863,0.0016765532782301307,0.0,0.0,0.0,0.0,,0.0,0.011521018110215664,0.0028374833054840565,,,0.0,0.0,0.0,0.0,0.0,0.0,0.0,0.0,0.0,,0.0,0.0,0.0014217449352145195,,0.0,0.0,0.0,0.015036061406135559,0.0,0.0,0.0,,,0.0,0.002523822244256735,0.0,0.0,0.0,,0.012212172150611877,,0.010441260412335396,0.0,,0.0,0.0001980172237381339,0.0,0.0,,,0.0,0.009777898900210857,,0.011562291532754898,0.0,,,0.0,0.021612513810396194,0.0,0.0,0.0,0.0,0.0,,,0.0,0.0,0.0,0.0,0.0,,,0.0,0.0,0.0,,0.0,0.0,,0.0,0.0,0.010721533559262753,,0.0,0.0,0.0,0.0,,0.0,0.0,,0.0,0.0,0.0,0.000222572882194072,0.004138255026191473,0.0,0.0,0.0,0.0,0.0,0.0,0.0,0.0,,0.01636638306081295,,0.0,0.013081780634820461,0.00596213573589921,0.0,0.0,0.0,0.00783260352909565,0.013072560541331768,0.0,0.01504174992442131,0.0,,0.0,,0.0,0.007702955510467291,0.0,,0.0,0.0,0.0,0.0064319828525185585,0.0,0.0,0.0,0.0,0.006455377209931612,0.002276746090501547,0.0,,,0.0,0.0,0.0,,,,0.0,0.0,,0.0,,0.0,,0.0,,,0.0,,,,,0.0,,0.0,0.009475049562752247,0.0,,0.0,0.0,0.0006172159337438643,,0.011276694014668465,0.0,,0.0,0.008886725641787052,0.0,,,0.0,,0.01935204491019249,0.0,0.0,,0.0,0.0019069688860327005,,,,0.0,0.0,0.0,0.0,0.0,7.387471123365685e-05,,,,0.007764055393636227,0.0,,0.0,,0.0,0.0,0.0,0.0,,,0.0,0.0,,,0.0,,0.0,,0.0,0.0,0.0,0.0,0.0,0.0,0.0,,0.0,0.010640541091561317,0.0,0.0,0.0,,,0.0,0.0,0.0,0.0,0.004161264281719923,0.0073729087598621845,,,,0.007771022617816925,0.0,0.0,0.0,,,0.008342444896697998,0.0,0.0,,0.0,,,,,0.0,0.013751369901001453,0.0,,0.0,,,0.0,,0.006028351373970509,0.0,0.0,0.0,,0.006963010877370834,0.0,,0.0,0.0,0.0,0.0,0.0,,0.0025301980786025524,0.0,0.0,,0.0,0.0,0.0,0.0,0.0,0.0,0.0,,0.0009805925656110048,0.0,0.0,0.007419695612043142,0.0,0.0,0.0,,0.0,0.0,0.0,0.010489208623766899,0.0,0.0,0.0,0.0,0.0,0.0,0.00028485566144809127,0.0,0.0,0.0,,0.0,0.0,0.0,0.0,0.0,0.0,0.0,0.0,0.0,0.004446286242455244,0.0,0.0,0.0,,0.0,0.006903916597366333,,0.0032303640618920326,0.0,0.0,0.0,0.0,0.0,0.007855664007365704,0.0,0.0,0.0,0.011428353376686573,0.0,0.014265907928347588,0.0,0.0,0.0,0.0,0.0,0.0,0.0,0.0,0.0,0.0,0.0,0.0,0.0071387211792171,0.0,0.0,0.0,0.010663309134542942,0.009583434090018272,0.0,0.00991410668939352,0.0,0.0,0.0,0.019269602373242378,0.0,0.0,0.0,0.0,0.0,0.0,0.0,0.0,0.004451911896467209,0.0,0.0,0.0,0.0,0.0,0.015617968514561653,0.0,0.008543897420167923,0.0,0.0,0.017431413754820824,0.0,0.0,0.0,0.0,0.0,0.011158911511301994,0.0,0.006921166554093361,0.0,0.013884417712688446,0.0,0.0,0.0,0.0,0.0,0.017269155010581017,0.0,0.00583390099927783,0.0,0.0,,,,,,,,,,,,,,,,,,,,,,,,,,,,,,,,,,,,,,,,,,,,,,,,,,,,,,,,,,,,,,,,,,,,,,,,,,,,,,,,,,,,,,,,,,,,,,,,,,,,,,,,,,,,,,,,,,,,,,,,,,,,,,
2021-04-13,749313.9436539405,60.65005897853098,,,,,,,,,,,76494.84123570709,,1039061.7711000025,,,,,,,,,,,,,,,,,,,,,,,,,,,,,,,,,,,,,,,,,,,3860.7637313336036,,,,,,,,,,,,,,,,,,,,,,11812.554581210383,9601.406498142447,3560.2355437396636,7421.891063893989,8748.773750945793,65578.71530268223,22683.267311083313,5203.533766631647,30320.765712261764,,,,,,,,,,,,,,,,,,,,,,,,,,,,,,,,,,,,0.007672586012631655,0.0,0.0,0.01092440728098154,0.0,0.0,0.0,0.0,0.0,0.0,0.0,0.0,0.0,0.0,0.0,0.0,,0.0,,0.0,,0.0,0.0,0.0,0.010507198981940746,0.0,,0.0,0.0,0.010712611488997936,0.0,0.012846814468502998,0.0,,0.0,,,,0.0,0.0,0.0,,0.0,0.0,0.0012285824632272124,0.009027548134326935,0.0,,,0.0,,0.0,0.0,0.0,0.0,0.0,0.0,0.0,0.0,0.006439491640776396,0.015234255231916904,0.0,0.0,0.0,,0.011381476186215878,0.0,0.0,0.0,0.015055594965815544,,0.0005889178719371557,0.0,,0.0,0.0,0.0,0.0,,0.0,0.0,0.0,,0.0,,0.0,0.0,,0.0,,0.0,0.0,0.0030229962430894375,0.01743323914706707,0.0,0.012673601508140564,0.0,0.016194811090826988,0.0,,,0.009300514124333858,0.0,,,,,0.0,0.0,0.0,0.0,0.0,0.0,0.0,0.0,0.0,,0.012146583758294582,0.0019998527131974697,0.0,,0.019029388204216957,0.0,0.0015352413756772876,0.0,0.0,0.0,,0.002669151872396469,,0.014855947345495224,0.0,0.0,0.01175154373049736,,0.0,0.0,,0.0,0.0,0.0,0.0,0.0,0.0001421356719220057,0.0011042432161048055,0.0,0.0,0.0046468619257211685,0.003770541399717331,0.0,0.0012880248250439763,,0.02132318913936615,0.0,0.004850889090448618,0.0,,0.0,0.007785265799611807,0.0,0.0,0.0,0.0,0.0061191171407699585,0.0,0.0,0.0,,0.015078713186085224,0.0,0.0,,,,0.006918592378497124,0.002163069089874625,,0.0,0.0,0.0,0.0,,0.0,,0.0,0.0,0.013318006880581379,0.0,0.0,0.0,,,,0.0,0.01897398941218853,0.0,0.0,0.0,,0.0,0.008289680816233158,0.007186546456068754,0.0,,0.0,0.015495573170483112,0.0,0.0,0.0,,0.002988440217450261,0.0071138362400233746,0.006663523148745298,0.0,,0.0029522741679102182,0.007444577291607857,0.00870683416724205,0.0,0.015951599925756454,0.0,,0.0,0.0,0.0,0.0,0.0,0.0,,0.0,,0.005740217864513397,0.007723913062363863,0.0016765532782301307,0.0,0.0,0.0,0.0,,0.0,0.011521018110215664,0.0028374833054840565,,,0.0,0.0,0.0,0.0,0.0,0.0,0.0,0.0,0.0,,0.0,0.0,0.0014217449352145195,,0.0,0.0,0.0,0.015036061406135559,0.0,0.0,0.0,,,0.0,0.002523822244256735,0.0,0.0,0.0,,0.012212172150611877,,0.010441260412335396,0.0,,0.0,0.0001980172237381339,0.0,0.0,,,0.0,0.009777898900210857,,0.011562291532754898,0.0,,,0.0,0.021612513810396194,0.0,0.0,0.0,0.0,0.0,,,0.0,0.0,0.0,0.0,0.0,,,0.0,0.0,0.0,,0.0,0.0,,0.0,0.0,0.010721533559262753,,0.0,0.0,0.0,0.0,,0.0,0.0,,0.0,0.0,0.0,0.000222572882194072,0.004138255026191473,0.0,0.0,0.0,0.0,0.0,0.0,0.0,0.0,,0.01636638306081295,,0.0,0.013081780634820461,0.00596213573589921,0.0,0.0,0.0,0.00783260352909565,0.013072560541331768,0.0,0.01504174992442131,0.0,,0.0,,0.0,0.007702955510467291,0.0,,0.0,0.0,0.0,0.0064319828525185585,0.0,0.0,0.0,0.0,0.006455377209931612,0.002276746090501547,0.0,,,0.0,0.0,0.0,,,,0.0,0.0,,0.0,,0.0,,0.0,,,0.0,,,,,0.0,,0.0,0.009475049562752247,0.0,,0.0,0.0,0.0006172159337438643,,0.011276694014668465,0.0,,0.0,0.008886725641787052,0.0,,,0.0,,0.01935204491019249,0.0,0.0,,0.0,0.0019069688860327005,,,,0.0,0.0,0.0,0.0,0.0,7.387471123365685e-05,,,,0.007764055393636227,0.0,,0.0,,0.0,0.0,0.0,0.0,,,0.0,0.0,,,0.0,,0.0,,0.0,0.0,0.0,0.0,0.0,0.0,0.0,,0.0,0.010640541091561317,0.0,0.0,0.0,,,0.0,0.0,0.0,0.0,0.004161264281719923,0.0073729087598621845,,,,0.007771022617816925,0.0,0.0,0.0,,,0.008342444896697998,0.0,0.0,,0.0,,,,,0.0,0.013751369901001453,0.0,,0.0,,,0.0,,0.006028351373970509,0.0,0.0,0.0,,0.006963010877370834,0.0,,0.0,0.0,0.0,0.0,0.0,,0.0025301980786025524,0.0,0.0,,0.0,0.0,0.0,0.0,0.0,0.0,0.0,,0.0009805925656110048,0.0,0.0,0.007419695612043142,0.0,0.0,0.0,,0.0,0.0,0.0,0.010489208623766899,0.0,0.0,0.0,0.0,0.0,0.0,0.00028485566144809127,0.0,0.0,0.0,,0.0,0.0,0.0,0.0,0.0,0.0,0.0,0.0,0.0,0.004446286242455244,0.0,0.0,0.0,,0.0,0.006903916597366333,,0.0032303640618920326,0.0,0.0,0.0,0.0,0.0,0.007855664007365704,0.0,0.0,0.0,0.011428353376686573,0.0,0.014265907928347588,0.0,0.0,0.0,0.0,0.0,0.0,0.0,0.0,0.0,0.0,0.0,0.0,0.0071387211792171,0.0,0.0,0.0,0.010663309134542942,0.009583434090018272,0.0,0.00991410668939352,0.0,0.0,0.0,0.019269602373242378,0.0,0.0,0.0,0.0,0.0,0.0,0.0,0.0,0.004451911896467209,0.0,0.0,0.0,0.0,0.0,0.015617968514561653,0.0,0.008543897420167923,0.0,0.0,0.017431413754820824,0.0,0.0,0.0,0.0,0.0,0.011158911511301994,0.0,0.006921166554093361,0.0,0.013884417712688446,0.0,0.0,0.0,0.0,0.0,0.017269155010581017,0.0,0.00583390099927783,0.0,0.0,,,,,,,,,,,,,,,,,,,,,,,,,,,,,,,,,,,,,,,,,,,,,,,,,,,,,,,,,,,,,,,,,,,,,,,,,,,,,,,,,,,,,,,,,,,,,,,,,,,,,,,,,,,,,,,,,,,,,,,,,,,,,,
2021-04-14,755467.3850544037,355.9836080068776,,,,,,,,,,,76494.84123570709,,1039061.7711000025,,,,,,,,,,,,,,,,,,,,,,,,,,,,,,,,,,,,,,,,,,,3860.7637313336036,,,,,,,,,,,,,,,,,,,,,,11812.554581210383,9601.406498142447,3560.2355437396636,7421.891063893989,8748.773750945793,65578.71530268223,22593.83135379562,5203.533766631647,30320.765712261764,,,,,,,,,,,,,,,,,,,,,,,,,,,,,,,,,,,,0.007672586012631655,0.0,0.0,0.01092440728098154,0.0,0.0,0.0,0.0,0.0,0.0,0.0,0.0,0.0,0.0,0.0,0.0,,0.0,,0.0,,0.0,0.0,0.0,0.010507198981940746,0.0,,0.0,0.0,0.010712611488997936,0.0,0.012846814468502998,0.0,,0.0,,,,0.0,0.0,0.0,,0.0,0.0,0.0012285824632272124,0.009027548134326935,0.0,,,0.0,,0.0,0.0,0.0,0.0,0.0,0.0,0.0,0.0,0.006439491640776396,0.015234255231916904,0.0,0.0,0.0,,0.011381476186215878,0.0,0.0,0.0,0.015055594965815544,,0.0005889178719371557,0.0,,0.0,0.0,0.0,0.0,,0.0,0.0,0.0,,0.0,,0.0,0.0,,0.0,,0.0,0.0,0.0030229962430894375,0.01743323914706707,0.0,0.012673601508140564,0.0,0.016194811090826988,0.0,,,0.009300514124333858,0.0,,,,,0.0,0.0,0.0,0.0,0.0,0.0,0.0,0.0,0.0,,0.012146583758294582,0.0019998527131974697,0.0,,0.019029388204216957,0.0,0.0015352413756772876,0.0,0.0,0.0,,0.002669151872396469,,0.014855947345495224,0.0,0.0,0.01175154373049736,,0.0,0.0,,0.0,0.0,0.0,0.0,0.0,0.0001421356719220057,0.0011042432161048055,0.0,0.0,0.0046468619257211685,0.003770541399717331,0.0,0.0012880248250439763,,0.02132318913936615,0.0,0.004850889090448618,0.0,,0.0,0.007785265799611807,0.0,0.0,0.0,0.0,0.0061191171407699585,0.0,0.0,0.0,,0.015078713186085224,0.0,0.0,,,,0.006918592378497124,0.002163069089874625,,0.0,0.0,0.0,0.0,,0.0,,0.0,0.0,0.013318006880581379,0.0,0.0,0.0,,,,0.0,0.01897398941218853,0.0,0.0,0.0,,0.0,0.008289680816233158,0.007186546456068754,0.0,,0.0,0.015495573170483112,0.0,0.0,0.0,,0.002988440217450261,0.0071138362400233746,0.006663523148745298,0.0,,0.0029522741679102182,0.007444577291607857,0.00870683416724205,0.0,0.015951599925756454,0.0,,0.0,0.0,0.0,0.0,0.0,0.0,,0.0,,0.005740217864513397,0.007723913062363863,0.0016765532782301307,0.0,0.0,0.0,0.0,,0.0,0.011521018110215664,0.0028374833054840565,,,0.0,0.0,0.0,0.0,0.0,0.0,0.0,0.0,0.0,,0.0,0.0,0.0014217449352145195,,0.0,0.0,0.0,0.015036061406135559,0.0,0.0,0.0,,,0.0,0.002523822244256735,0.0,0.0,0.0,,0.012212172150611877,,0.010441260412335396,0.0,,0.0,0.0001980172237381339,0.0,0.0,,,0.0,0.009777898900210857,,0.011562291532754898,0.0,,,0.0,0.021612513810396194,0.0,0.0,0.0,0.0,0.0,,,0.0,0.0,0.0,0.0,0.0,,,0.0,0.0,0.0,,0.0,0.0,,0.0,0.0,0.010721533559262753,,0.0,0.0,0.0,0.0,,0.0,0.0,,0.0,0.0,0.0,0.000222572882194072,0.004138255026191473,0.0,0.0,0.0,0.0,0.0,0.0,0.0,0.0,,0.01636638306081295,,0.0,0.013081780634820461,0.00596213573589921,0.0,0.0,0.0,0.00783260352909565,0.013072560541331768,0.0,0.01504174992442131,0.0,,0.0,,0.0,0.007702955510467291,0.0,,0.0,0.0,0.0,0.0064319828525185585,0.0,0.0,0.0,0.0,0.006455377209931612,0.002276746090501547,0.0,,,0.0,0.0,0.0,,,,0.0,0.0,,0.0,,0.0,,0.0,,,0.0,,,,,0.0,,0.0,0.009475049562752247,0.0,,0.0,0.0,0.0006172159337438643,,0.011276694014668465,0.0,,0.0,0.008886725641787052,0.0,,,0.0,,0.01935204491019249,0.0,0.0,,0.0,0.0019069688860327005,,,,0.0,0.0,0.0,0.0,0.0,7.387471123365685e-05,,,,0.007764055393636227,0.0,,0.0,,0.0,0.0,0.0,0.0,,,0.0,0.0,,,0.0,,0.0,,0.0,0.0,0.0,0.0,0.0,0.0,0.0,,0.0,0.010640541091561317,0.0,0.0,0.0,,,0.0,0.0,0.0,0.0,0.004161264281719923,0.0073729087598621845,,,,0.007771022617816925,0.0,0.0,0.0,,,0.008342444896697998,0.0,0.0,,0.0,,,,,0.0,0.013751369901001453,0.0,,0.0,,,0.0,,0.006028351373970509,0.0,0.0,0.0,,0.006963010877370834,0.0,,0.0,0.0,0.0,0.0,0.0,,0.0025301980786025524,0.0,0.0,,0.0,0.0,0.0,0.0,0.0,0.0,0.0,,0.0009805925656110048,0.0,0.0,0.007419695612043142,0.0,0.0,0.0,,0.0,0.0,0.0,0.010489208623766899,0.0,0.0,0.0,0.0,0.0,0.0,0.00028485566144809127,0.0,0.0,0.0,,0.0,0.0,0.0,0.0,0.0,0.0,0.0,0.0,0.0,0.004446286242455244,0.0,0.0,0.0,,0.0,0.006903916597366333,,0.0032303640618920326,0.0,0.0,0.0,0.0,0.0,0.007855664007365704,0.0,0.0,0.0,0.011428353376686573,0.0,0.014265907928347588,0.0,0.0,0.0,0.0,0.0,0.0,0.0,0.0,0.0,0.0,0.0,0.0,0.0071387211792171,0.0,0.0,0.0,0.010663309134542942,0.009583434090018272,0.0,0.00991410668939352,0.0,0.0,0.0,0.019269602373242378,0.0,0.0,0.0,0.0,0.0,0.0,0.0,0.0,0.004451911896467209,0.0,0.0,0.0,0.0,0.0,0.015617968514561653,0.0,0.008543897420167923,0.0,0.0,0.017431413754820824,0.0,0.0,0.0,0.0,0.0,0.011158911511301994,0.0,0.006921166554093361,0.0,0.013884417712688446,0.0,0.0,0.0,0.0,0.0,0.017269155010581017,0.0,0.00583390099927783,0.0,0.0,,,,,,,,,,,,,,,,,,,,,,,,,,,,,,,,,,,,,,,,,,,,,,,,,,,,,,,,,,,,,,,,,,,,,,,,,,,,,,,,,,,,,,,,,,,,,,,,,,,,,,,,,,,,,,,,,,,,,,,,,,,,,,
2021-04-15,750836.3118092896,59.53061620377605,,,,,,,,,,,76494.84123570709,,1039061.7711000025,,,,,,,,,,,,,,,,,,,,,,,,,,,,,,,,,,,,,,,,,,,3860.7637313336036,,,,,,,,,,,,,,,,,,,,,,11812.554581210383,9601.406498142447,3560.2355437396636,7421.891063893989,8748.773750945793,65578.71530268223,22683.83975096612,5203.533766631647,30320.765712261764,,,,,,,,,,,,,,,,,,,,,,,,,,,,,,,,,,,,0.007672586012631655,0.0,0.0,0.01092440728098154,0.0,0.0,0.0,0.0,0.0,0.0,0.0,0.0,0.0,0.0,0.0,0.0,,0.0,,0.0,,0.0,0.0,0.0,0.010507198981940746,0.0,,0.0,0.0,0.010712611488997936,0.0,0.012846814468502998,0.0,,0.0,,,,0.0,0.0,0.0,,0.0,0.0,0.0012285824632272124,0.009027548134326935,0.0,,,0.0,,0.0,0.0,0.0,0.0,0.0,0.0,0.0,0.0,0.006439491640776396,0.015234255231916904,0.0,0.0,0.0,,0.011381476186215878,0.0,0.0,0.0,0.015055594965815544,,0.0005889178719371557,0.0,,0.0,0.0,0.0,0.0,,0.0,0.0,0.0,,0.0,,0.0,0.0,,0.0,,0.0,0.0,0.0030229962430894375,0.01743323914706707,0.0,0.012673601508140564,0.0,0.016194811090826988,0.0,,,0.009300514124333858,0.0,,,,,0.0,0.0,0.0,0.0,0.0,0.0,0.0,0.0,0.0,,0.012146583758294582,0.0019998527131974697,0.0,,0.019029388204216957,0.0,0.0015352413756772876,0.0,0.0,0.0,,0.002669151872396469,,0.014855947345495224,0.0,0.0,0.01175154373049736,,0.0,0.0,,0.0,0.0,0.0,0.0,0.0,0.0001421356719220057,0.0011042432161048055,0.0,0.0,0.0046468619257211685,0.003770541399717331,0.0,0.0012880248250439763,,0.02132318913936615,0.0,0.004850889090448618,0.0,,0.0,0.007785265799611807,0.0,0.0,0.0,0.0,0.0061191171407699585,0.0,0.0,0.0,,0.015078713186085224,0.0,0.0,,,,0.006918592378497124,0.002163069089874625,,0.0,0.0,0.0,0.0,,0.0,,0.0,0.0,0.013318006880581379,0.0,0.0,0.0,,,,0.0,0.01897398941218853,0.0,0.0,0.0,,0.0,0.008289680816233158,0.007186546456068754,0.0,,0.0,0.015495573170483112,0.0,0.0,0.0,,0.002988440217450261,0.0071138362400233746,0.006663523148745298,0.0,,0.0029522741679102182,0.007444577291607857,0.00870683416724205,0.0,0.015951599925756454,0.0,,0.0,0.0,0.0,0.0,0.0,0.0,,0.0,,0.005740217864513397,0.007723913062363863,0.0016765532782301307,0.0,0.0,0.0,0.0,,0.0,0.011521018110215664,0.0028374833054840565,,,0.0,0.0,0.0,0.0,0.0,0.0,0.0,0.0,0.0,,0.0,0.0,0.0014217449352145195,,0.0,0.0,0.0,0.015036061406135559,0.0,0.0,0.0,,,0.0,0.002523822244256735,0.0,0.0,0.0,,0.012212172150611877,,0.010441260412335396,0.0,,0.0,0.0001980172237381339,0.0,0.0,,,0.0,0.009777898900210857,,0.011562291532754898,0.0,,,0.0,0.021612513810396194,0.0,0.0,0.0,0.0,0.0,,,0.0,0.0,0.0,0.0,0.0,,,0.0,0.0,0.0,,0.0,0.0,,0.0,0.0,0.010721533559262753,,0.0,0.0,0.0,0.0,,0.0,0.0,,0.0,0.0,0.0,0.000222572882194072,0.004138255026191473,0.0,0.0,0.0,0.0,0.0,0.0,0.0,0.0,,0.01636638306081295,,0.0,0.013081780634820461,0.00596213573589921,0.0,0.0,0.0,0.00783260352909565,0.013072560541331768,0.0,0.01504174992442131,0.0,,0.0,,0.0,0.007702955510467291,0.0,,0.0,0.0,0.0,0.0064319828525185585,0.0,0.0,0.0,0.0,0.006455377209931612,0.002276746090501547,0.0,,,0.0,0.0,0.0,,,,0.0,0.0,,0.0,,0.0,,0.0,,,0.0,,,,,0.0,,0.0,0.009475049562752247,0.0,,0.0,0.0,0.0006172159337438643,,0.011276694014668465,0.0,,0.0,0.008886725641787052,0.0,,,0.0,,0.01935204491019249,0.0,0.0,,0.0,0.0019069688860327005,,,,0.0,0.0,0.0,0.0,0.0,7.387471123365685e-05,,,,0.007764055393636227,0.0,,0.0,,0.0,0.0,0.0,0.0,,,0.0,0.0,,,0.0,,0.0,,0.0,0.0,0.0,0.0,0.0,0.0,0.0,,0.0,0.010640541091561317,0.0,0.0,0.0,,,0.0,0.0,0.0,0.0,0.004161264281719923,0.0073729087598621845,,,,0.007771022617816925,0.0,0.0,0.0,,,0.008342444896697998,0.0,0.0,,0.0,,,,,0.0,0.013751369901001453,0.0,,0.0,,,0.0,,0.006028351373970509,0.0,0.0,0.0,,0.006963010877370834,0.0,,0.0,0.0,0.0,0.0,0.0,,0.0025301980786025524,0.0,0.0,,0.0,0.0,0.0,0.0,0.0,0.0,0.0,,0.0009805925656110048,0.0,0.0,0.007419695612043142,0.0,0.0,0.0,,0.0,0.0,0.0,0.010489208623766899,0.0,0.0,0.0,0.0,0.0,0.0,0.00028485566144809127,0.0,0.0,0.0,,0.0,0.0,0.0,0.0,0.0,0.0,0.0,0.0,0.0,0.004446286242455244,0.0,0.0,0.0,,0.0,0.006903916597366333,,0.0032303640618920326,0.0,0.0,0.0,0.0,0.0,0.007855664007365704,0.0,0.0,0.0,0.011428353376686573,0.0,0.014265907928347588,0.0,0.0,0.0,0.0,0.0,0.0,0.0,0.0,0.0,0.0,0.0,0.0,0.0071387211792171,0.0,0.0,0.0,0.010663309134542942,0.009583434090018272,0.0,0.00991410668939352,0.0,0.0,0.0,0.019269602373242378,0.0,0.0,0.0,0.0,0.0,0.0,0.0,0.0,0.004451911896467209,0.0,0.0,0.0,0.0,0.0,0.015617968514561653,0.0,0.008543897420167923,0.0,0.0,0.017431413754820824,0.0,0.0,0.0,0.0,0.0,0.011158911511301994,0.0,0.006921166554093361,0.0,0.013884417712688446,0.0,0.0,0.0,0.0,0.0,0.017269155010581017,0.0,0.00583390099927783,0.0,0.0,,,,,,,,,,,,,,,,,,,,,,,,,,,,,,,,,,,,,,,,,,,,,,,,,,,,,,,,,,,,,,,,,,,,,,,,,,,,,,,,,,,,,,,,,,,,,,,,,,,,,,,,,,,,,,,,,,,,,,,,,,,,,,
2021-04-16,757938.5691148649,652.3264221716959,,,,,,,,,,,76494.84123570709,,1039061.7711000025,,,,,,,,,,,,,,,,,,,,,,,,,,,,,,,,,,,,,,,,,,,3860.7637313336036,,,,,,,,,,,,,,,,,,,,,,11812.554581210383,9601.406498142447,3560.2355437396636,7421.891063893989,8748.773750945793,65578.71530268223,22505.50658133724,5203.533766631647,30320.765712261764,,,,,,,,,,,,,,,,,,,,,,,,,,,,,,,,,,,,0.007672586012631655,0.0,0.0,0.01092440728098154,0.0,0.0,0.0,0.0,0.0,0.0,0.0,0.0,0.0,0.0,0.0,0.0,,0.0,,0.0,,0.0,0.0,0.0,0.010507198981940746,0.0,,0.0,0.0,0.010712611488997936,0.0,0.012846814468502998,0.0,,0.0,,,,0.0,0.0,0.0,,0.0,0.0,0.0012285824632272124,0.009027548134326935,0.0,,,0.0,,0.0,0.0,0.0,0.0,0.0,0.0,0.0,0.0,0.006439491640776396,0.015234255231916904,0.0,0.0,0.0,,0.011381476186215878,0.0,0.0,0.0,0.015055594965815544,,0.0005889178719371557,0.0,,0.0,0.0,0.0,0.0,,0.0,0.0,0.0,,0.0,,0.0,0.0,,0.0,,0.0,0.0,0.0030229962430894375,0.01743323914706707,0.0,0.012673601508140564,0.0,0.016194811090826988,0.0,,,0.009300514124333858,0.0,,,,,0.0,0.0,0.0,0.0,0.0,0.0,0.0,0.0,0.0,,0.012146583758294582,0.0019998527131974697,0.0,,0.019029388204216957,0.0,0.0015352413756772876,0.0,0.0,0.0,,0.002669151872396469,,0.014855947345495224,0.0,0.0,0.01175154373049736,,0.0,0.0,,0.0,0.0,0.0,0.0,0.0,0.0001421356719220057,0.0011042432161048055,0.0,0.0,0.0046468619257211685,0.003770541399717331,0.0,0.0012880248250439763,,0.02132318913936615,0.0,0.004850889090448618,0.0,,0.0,0.007785265799611807,0.0,0.0,0.0,0.0,0.0061191171407699585,0.0,0.0,0.0,,0.015078713186085224,0.0,0.0,,,,0.006918592378497124,0.002163069089874625,,0.0,0.0,0.0,0.0,,0.0,,0.0,0.0,0.013318006880581379,0.0,0.0,0.0,,,,0.0,0.01897398941218853,0.0,0.0,0.0,,0.0,0.008289680816233158,0.007186546456068754,0.0,,0.0,0.015495573170483112,0.0,0.0,0.0,,0.002988440217450261,0.0071138362400233746,0.006663523148745298,0.0,,0.0029522741679102182,0.007444577291607857,0.00870683416724205,0.0,0.015951599925756454,0.0,,0.0,0.0,0.0,0.0,0.0,0.0,,0.0,,0.005740217864513397,0.007723913062363863,0.0016765532782301307,0.0,0.0,0.0,0.0,,0.0,0.011521018110215664,0.0028374833054840565,,,0.0,0.0,0.0,0.0,0.0,0.0,0.0,0.0,0.0,,0.0,0.0,0.0014217449352145195,,0.0,0.0,0.0,0.015036061406135559,0.0,0.0,0.0,,,0.0,0.002523822244256735,0.0,0.0,0.0,,0.012212172150611877,,0.010441260412335396,0.0,,0.0,0.0001980172237381339,0.0,0.0,,,0.0,0.009777898900210857,,0.011562291532754898,0.0,,,0.0,0.021612513810396194,0.0,0.0,0.0,0.0,0.0,,,0.0,0.0,0.0,0.0,0.0,,,0.0,0.0,0.0,,0.0,0.0,,0.0,0.0,0.010721533559262753,,0.0,0.0,0.0,0.0,,0.0,0.0,,0.0,0.0,0.0,0.000222572882194072,0.004138255026191473,0.0,0.0,0.0,0.0,0.0,0.0,0.0,0.0,,0.01636638306081295,,0.0,0.013081780634820461,0.00596213573589921,0.0,0.0,0.0,0.00783260352909565,0.013072560541331768,0.0,0.01504174992442131,0.0,,0.0,,0.0,0.007702955510467291,0.0,,0.0,0.0,0.0,0.0064319828525185585,0.0,0.0,0.0,0.0,0.006455377209931612,0.002276746090501547,0.0,,,0.0,0.0,0.0,,,,0.0,0.0,,0.0,,0.0,,0.0,,,0.0,,,,,0.0,,0.0,0.009475049562752247,0.0,,0.0,0.0,0.0006172159337438643,,0.011276694014668465,0.0,,0.0,0.008886725641787052,0.0,,,0.0,,0.01935204491019249,0.0,0.0,,0.0,0.0019069688860327005,,,,0.0,0.0,0.0,0.0,0.0,7.387471123365685e-05,,,,0.007764055393636227,0.0,,0.0,,0.0,0.0,0.0,0.0,,,0.0,0.0,,,0.0,,0.0,,0.0,0.0,0.0,0.0,0.0,0.0,0.0,,0.0,0.010640541091561317,0.0,0.0,0.0,,,0.0,0.0,0.0,0.0,0.004161264281719923,0.0073729087598621845,,,,0.007771022617816925,0.0,0.0,0.0,,,0.008342444896697998,0.0,0.0,,0.0,,,,,0.0,0.013751369901001453,0.0,,0.0,,,0.0,,0.006028351373970509,0.0,0.0,0.0,,0.006963010877370834,0.0,,0.0,0.0,0.0,0.0,0.0,,0.0025301980786025524,0.0,0.0,,0.0,0.0,0.0,0.0,0.0,0.0,0.0,,0.0009805925656110048,0.0,0.0,0.007419695612043142,0.0,0.0,0.0,,0.0,0.0,0.0,0.010489208623766899,0.0,0.0,0.0,0.0,0.0,0.0,0.00028485566144809127,0.0,0.0,0.0,,0.0,0.0,0.0,0.0,0.0,0.0,0.0,0.0,0.0,0.004446286242455244,0.0,0.0,0.0,,0.0,0.006903916597366333,,0.0032303640618920326,0.0,0.0,0.0,0.0,0.0,0.007855664007365704,0.0,0.0,0.0,0.011428353376686573,0.0,0.014265907928347588,0.0,0.0,0.0,0.0,0.0,0.0,0.0,0.0,0.0,0.0,0.0,0.0,0.0071387211792171,0.0,0.0,0.0,0.010663309134542942,0.009583434090018272,0.0,0.00991410668939352,0.0,0.0,0.0,0.019269602373242378,0.0,0.0,0.0,0.0,0.0,0.0,0.0,0.0,0.004451911896467209,0.0,0.0,0.0,0.0,0.0,0.015617968514561653,0.0,0.008543897420167923,0.0,0.0,0.017431413754820824,0.0,0.0,0.0,0.0,0.0,0.011158911511301994,0.0,0.006921166554093361,0.0,0.013884417712688446,0.0,0.0,0.0,0.0,0.0,0.017269155010581017,0.0,0.00583390099927783,0.0,0.0,,,,,,,,,,,,,,,,,,,,,,,,,,,,,,,,,,,,,,,,,,,,,,,,,,,,,,,,,,,,,,,,,,,,,,,,,,,,,,,,,,,,,,,,,,,,,,,,,,,,,,,,,,,,,,,,,,,,,,,,,,,,,,
2021-04-19,768426.009443067,672.8567572851005,,,,,,,,,,,76494.84123570709,,1039061.7711000025,,,,,,,,,,,,,,,,,,,,,,,,,,,,,,,,,,,,,,,,,,,3860.7637313336036,,,,,,,,,,,,,,,,,,,,,,11812.554581210383,9601.406498142447,3560.2355437396636,7421.891063893989,8748.773750945793,65572.40655480165,22501.53432817885,5203.533766631647,30320.765712261764,,,,,,,,,,,,,,,,,,,,,,,,,,,,,,,,,,,,0.007672586012631655,0.0,0.0,0.01092440728098154,0.0,0.0,0.0,0.0,0.0,0.0,0.0,0.0,0.0,0.0,0.0,0.0,,0.0,,0.0,,0.0,0.0,0.0,0.010507198981940746,0.0,,0.0,0.0,0.010712611488997936,0.0,0.012846814468502998,0.0,,0.0,,,,0.0,0.0,0.0,,0.0,0.0,0.0012285824632272124,0.009027548134326935,0.0,,,0.0,,0.0,0.0,0.0,0.0,0.0,0.0,0.0,0.0,0.006439491640776396,0.015234255231916904,0.0,0.0,0.0,,0.011381476186215878,0.0,0.0,0.0,0.015055594965815544,,0.0005889178719371557,0.0,,0.0,0.0,0.0,0.0,,0.0,0.0,0.0,,0.0,,0.0,0.0,,0.0,,0.0,0.0,0.0030229962430894375,0.01743323914706707,0.0,0.012673601508140564,0.0,0.016194811090826988,0.0,,,0.009300514124333858,0.0,,,,,0.0,0.0,0.0,0.0,0.0,0.0,0.0,0.0,0.0,,0.012146583758294582,0.0019998527131974697,0.0,,0.019029388204216957,0.0,0.0015352413756772876,0.0,0.0,0.0,,0.002669151872396469,,0.014855947345495224,0.0,0.0,0.01175154373049736,,0.0,0.0,,0.0,0.0,0.0,0.0,0.0,0.0001421356719220057,0.0011042432161048055,0.0,0.0,0.0046468619257211685,0.003770541399717331,0.0,0.0012880248250439763,,0.02132318913936615,0.0,0.004850889090448618,0.0,,0.0,0.007785265799611807,0.0,0.0,0.0,0.0,0.0061191171407699585,0.0,0.0,0.0,,0.015078713186085224,0.0,0.0,,,,0.006918592378497124,0.002163069089874625,,0.0,0.0,0.0,0.0,,0.0,,0.0,0.0,0.013318006880581379,0.0,0.0,0.0,,,,0.0,0.01897398941218853,0.0,0.0,0.0,,0.0,0.008289680816233158,0.007186546456068754,0.0,,0.0,0.015495573170483112,0.0,0.0,0.0,,0.002988440217450261,0.0071138362400233746,0.006663523148745298,0.0,,0.0029522741679102182,0.007444577291607857,0.00870683416724205,0.0,0.015951599925756454,0.0,,0.0,0.0,0.0,0.0,0.0,0.0,,0.0,,0.005740217864513397,0.007723913062363863,0.0016765532782301307,0.0,0.0,0.0,0.0,,0.0,0.011521018110215664,0.0028374833054840565,,,0.0,0.0,0.0,0.0,0.0,0.0,0.0,0.0,0.0,,0.0,0.0,0.0014217449352145195,,0.0,0.0,0.0,0.015036061406135559,0.0,0.0,0.0,,,0.0,0.002523822244256735,0.0,0.0,0.0,,0.012212172150611877,,0.010441260412335396,0.0,,0.0,0.0001980172237381339,0.0,0.0,,,0.0,0.009777898900210857,,0.011562291532754898,0.0,,,0.0,0.021612513810396194,0.0,0.0,0.0,0.0,0.0,,,0.0,0.0,0.0,0.0,0.0,,,0.0,0.0,0.0,,0.0,0.0,,0.0,0.0,0.010721533559262753,,0.0,0.0,0.0,0.0,,0.0,0.0,,0.0,0.0,0.0,0.000222572882194072,0.004138255026191473,0.0,0.0,0.0,0.0,0.0,0.0,0.0,0.0,,0.01636638306081295,,0.0,0.013081780634820461,0.00596213573589921,0.0,0.0,0.0,0.00783260352909565,0.013072560541331768,0.0,0.01504174992442131,0.0,,0.0,,0.0,0.007702955510467291,0.0,,0.0,0.0,0.0,0.0064319828525185585,0.0,0.0,0.0,0.0,0.006455377209931612,0.002276746090501547,0.0,,,0.0,0.0,0.0,,,,0.0,0.0,,0.0,,0.0,,0.0,,,0.0,,,,,0.0,,0.0,0.009475049562752247,0.0,,0.0,0.0,0.0006172159337438643,,0.011276694014668465,0.0,,0.0,0.008886725641787052,0.0,,,0.0,,0.01935204491019249,0.0,0.0,,0.0,0.0019069688860327005,,,,0.0,0.0,0.0,0.0,0.0,7.387471123365685e-05,,,,0.007764055393636227,0.0,,0.0,,0.0,0.0,0.0,0.0,,,0.0,0.0,,,0.0,,0.0,,0.0,0.0,0.0,0.0,0.0,0.0,0.0,,0.0,0.010640541091561317,0.0,0.0,0.0,,,0.0,0.0,0.0,0.0,0.004161264281719923,0.0073729087598621845,,,,0.007771022617816925,0.0,0.0,0.0,,,0.008342444896697998,0.0,0.0,,0.0,,,,,0.0,0.013751369901001453,0.0,,0.0,,,0.0,,0.006028351373970509,0.0,0.0,0.0,,0.006963010877370834,0.0,,0.0,0.0,0.0,0.0,0.0,,0.0025301980786025524,0.0,0.0,,0.0,0.0,0.0,0.0,0.0,0.0,0.0,,0.0009805925656110048,0.0,0.0,0.007419695612043142,0.0,0.0,0.0,,0.0,0.0,0.0,0.010489208623766899,0.0,0.0,0.0,0.0,0.0,0.0,0.00028485566144809127,0.0,0.0,0.0,,0.0,0.0,0.0,0.0,0.0,0.0,0.0,0.0,0.0,0.004446286242455244,0.0,0.0,0.0,,0.0,0.006903916597366333,,0.0032303640618920326,0.0,0.0,0.0,0.0,0.0,0.007855664007365704,0.0,0.0,0.0,0.011428353376686573,0.0,0.014265907928347588,0.0,0.0,0.0,0.0,0.0,0.0,0.0,0.0,0.0,0.0,0.0,0.0,0.0071387211792171,0.0,0.0,0.0,0.010663309134542942,0.009583434090018272,0.0,0.00991410668939352,0.0,0.0,0.0,0.019269602373242378,0.0,0.0,0.0,0.0,0.0,0.0,0.0,0.0,0.004451911896467209,0.0,0.0,0.0,0.0,0.0,0.015617968514561653,0.0,0.008543897420167923,0.0,0.0,0.017431413754820824,0.0,0.0,0.0,0.0,0.0,0.011158911511301994,0.0,0.006921166554093361,0.0,0.013884417712688446,0.0,0.0,0.0,0.0,0.0,0.017269155010581017,0.0,0.00583390099927783,0.0,0.0,,,,,,,,,,,,,,,,,,,,,,,,,,,,,,,,,,,,,,,,,,,,,,,,,,,,,,,,,,,,,,,,,,,,,,,,,,,,,,,,,,,,,,,,,,,,,,,,,,,,,,,,,,,,,,,,,,,,,,,,,,,,,,
2021-04-20,764159.4318653012,769.8939378317293,,,,,,,,,,,76494.84123570709,,1039061.7711000025,,,,,,,,,,,,,,,,,,,,,,,,,,,,,,,,,,,,,,,,,,,3860.7637313336036,,,,,,,,,,,,,,,,,,,,,,11812.554581210383,9601.406498142447,3560.2355437396636,7421.891063893989,8748.773750945793,63450.50011449122,22953.30620764383,5271.114386610698,30320.765712261764,,,,,,,,,,,,,,,,,,,,,,,,,,,,,,,,,,,,0.007672586012631655,0.0,0.0,0.01092440728098154,0.0,0.0,0.0,0.0,0.0,0.0,0.0,0.0,0.0,0.0,0.0,0.0,,0.0,,0.0,,0.0,0.0,0.0,0.010507198981940746,0.0,,0.0,0.0,0.010712611488997936,0.0,0.012846814468502998,0.0,,0.0,,,,0.0,0.0,0.0,,0.0,0.0,0.0012285824632272124,0.009027548134326935,0.0,,,0.0,,0.0,0.0,0.0,0.0,0.0,0.0,0.0,0.0,0.006439491640776396,0.015234255231916904,0.0,0.0,0.0,,0.011381476186215878,0.0,0.0,0.0,0.015055594965815544,,0.0005889178719371557,0.0,,0.0,0.0,0.0,0.0,,0.0,0.0,0.0,,0.0,,0.0,0.0,,0.0,,0.0,0.0,0.0030229962430894375,0.01743323914706707,0.0,0.012673601508140564,0.0,0.016194811090826988,0.0,,,0.009300514124333858,0.0,,,,,0.0,0.0,0.0,0.0,0.0,0.0,0.0,0.0,0.0,,0.012146583758294582,0.0019998527131974697,0.0,,0.019029388204216957,0.0,0.0015352413756772876,0.0,0.0,0.0,,0.002669151872396469,,0.014855947345495224,0.0,0.0,0.01175154373049736,,0.0,0.0,,0.0,0.0,0.0,0.0,0.0,0.0001421356719220057,0.0011042432161048055,0.0,0.0,0.0046468619257211685,0.003770541399717331,0.0,0.0012880248250439763,,0.02132318913936615,0.0,0.004850889090448618,0.0,,0.0,0.007785265799611807,0.0,0.0,0.0,0.0,0.0061191171407699585,0.0,0.0,0.0,,0.015078713186085224,0.0,0.0,,,,0.006918592378497124,0.002163069089874625,,0.0,0.0,0.0,0.0,,0.0,,0.0,0.0,0.013318006880581379,0.0,0.0,0.0,,,,0.0,0.01897398941218853,0.0,0.0,0.0,,0.0,0.008289680816233158,0.007186546456068754,0.0,,0.0,0.015495573170483112,0.0,0.0,0.0,,0.002988440217450261,0.0071138362400233746,0.006663523148745298,0.0,,0.0029522741679102182,0.007444577291607857,0.00870683416724205,0.0,0.015951599925756454,0.0,,0.0,0.0,0.0,0.0,0.0,0.0,,0.0,,0.005740217864513397,0.007723913062363863,0.0016765532782301307,0.0,0.0,0.0,0.0,,0.0,0.011521018110215664,0.0028374833054840565,,,0.0,0.0,0.0,0.0,0.0,0.0,0.0,0.0,0.0,,0.0,0.0,0.0014217449352145195,,0.0,0.0,0.0,0.015036061406135559,0.0,0.0,0.0,,,0.0,0.002523822244256735,0.0,0.0,0.0,,0.012212172150611877,,0.010441260412335396,0.0,,0.0,0.0001980172237381339,0.0,0.0,,,0.0,0.009777898900210857,,0.011562291532754898,0.0,,,0.0,0.021612513810396194,0.0,0.0,0.0,0.0,0.0,,,0.0,0.0,0.0,0.0,0.0,,,0.0,0.0,0.0,,0.0,0.0,,0.0,0.0,0.010721533559262753,,0.0,0.0,0.0,0.0,,0.0,0.0,,0.0,0.0,0.0,0.000222572882194072,0.004138255026191473,0.0,0.0,0.0,0.0,0.0,0.0,0.0,0.0,,0.01636638306081295,,0.0,0.013081780634820461,0.00596213573589921,0.0,0.0,0.0,0.00783260352909565,0.013072560541331768,0.0,0.01504174992442131,0.0,,0.0,,0.0,0.007702955510467291,0.0,,0.0,0.0,0.0,0.0064319828525185585,0.0,0.0,0.0,0.0,0.006455377209931612,0.002276746090501547,0.0,,,0.0,0.0,0.0,,,,0.0,0.0,,0.0,,0.0,,0.0,,,0.0,,,,,0.0,,0.0,0.009475049562752247,0.0,,0.0,0.0,0.0006172159337438643,,0.011276694014668465,0.0,,0.0,0.008886725641787052,0.0,,,0.0,,0.01935204491019249,0.0,0.0,,0.0,0.0019069688860327005,,,,0.0,0.0,0.0,0.0,0.0,7.387471123365685e-05,,,,0.007764055393636227,0.0,,0.0,,0.0,0.0,0.0,0.0,,,0.0,0.0,,,0.0,,0.0,,0.0,0.0,0.0,0.0,0.0,0.0,0.0,,0.0,0.010640541091561317,0.0,0.0,0.0,,,0.0,0.0,0.0,0.0,0.004161264281719923,0.0073729087598621845,,,,0.007771022617816925,0.0,0.0,0.0,,,0.008342444896697998,0.0,0.0,,0.0,,,,,0.0,0.013751369901001453,0.0,,0.0,,,0.0,,0.006028351373970509,0.0,0.0,0.0,,0.006963010877370834,0.0,,0.0,0.0,0.0,0.0,0.0,,0.0025301980786025524,0.0,0.0,,0.0,0.0,0.0,0.0,0.0,0.0,0.0,,0.0009805925656110048,0.0,0.0,0.007419695612043142,0.0,0.0,0.0,,0.0,0.0,0.0,0.010489208623766899,0.0,0.0,0.0,0.0,0.0,0.0,0.00028485566144809127,0.0,0.0,0.0,,0.0,0.0,0.0,0.0,0.0,0.0,0.0,0.0,0.0,0.004446286242455244,0.0,0.0,0.0,,0.0,0.006903916597366333,,0.0032303640618920326,0.0,0.0,0.0,0.0,0.0,0.007855664007365704,0.0,0.0,0.0,0.011428353376686573,0.0,0.014265907928347588,0.0,0.0,0.0,0.0,0.0,0.0,0.0,0.0,0.0,0.0,0.0,0.0,0.0071387211792171,0.0,0.0,0.0,0.010663309134542942,0.009583434090018272,0.0,0.00991410668939352,0.0,0.0,0.0,0.019269602373242378,0.0,0.0,0.0,0.0,0.0,0.0,0.0,0.0,0.004451911896467209,0.0,0.0,0.0,0.0,0.0,0.015617968514561653,0.0,0.008543897420167923,0.0,0.0,0.017431413754820824,0.0,0.0,0.0,0.0,0.0,0.011158911511301994,0.0,0.006921166554093361,0.0,0.013884417712688446,0.0,0.0,0.0,0.0,0.0,0.017269155010581017,0.0,0.00583390099927783,0.0,0.0,,,,,,,,,,,,,,,,,,,,,,,,,,,,,,,,,,,,,,,,,,,,,,,,,,,,,,,,,,,,,,,,,,,,,,,,,,,,,,,,,,,,,,,,,,,,,,,,,,,,,,,,,,,,,,,,,,,,,,,,,,,,,,
2021-04-21,761637.5404755833,159.23359118826613,,,,,,,,,,,76494.84123570709,,1039061.7711000025,,,,,,,,,,,,,,,,,,,,,,,,,,,,,,,,,,,,,,,,,,,3860.7637313336036,,,,,,,,,,,,,,,,,,,,,,11812.554581210383,9601.406498142447,3560.2355437396636,7421.891063893989,8748.773750945793,63434.3518737546,22865.658485943193,5338.693215411403,30320.765712261764,,,,,,,,,,,,,,,,,,,,,,,,,,,,,,,,,,,,0.007672586012631655,0.0,0.0,0.01092440728098154,0.0,0.0,0.0,0.0,0.0,0.0,0.0,0.0,0.0,0.0,0.0,0.0,,0.0,,0.0,,0.0,0.0,0.0,0.010507198981940746,0.0,,0.0,0.0,0.010712611488997936,0.0,0.012846814468502998,0.0,,0.0,,,,0.0,0.0,0.0,,0.0,0.0,0.0012285824632272124,0.009027548134326935,0.0,,,0.0,,0.0,0.0,0.0,0.0,0.0,0.0,0.0,0.0,0.006439491640776396,0.015234255231916904,0.0,0.0,0.0,,0.011381476186215878,0.0,0.0,0.0,0.015055594965815544,,0.0005889178719371557,0.0,,0.0,0.0,0.0,0.0,,0.0,0.0,0.0,,0.0,,0.0,0.0,,0.0,,0.0,0.0,0.0030229962430894375,0.01743323914706707,0.0,0.012673601508140564,0.0,0.016194811090826988,0.0,,,0.009300514124333858,0.0,,,,,0.0,0.0,0.0,0.0,0.0,0.0,0.0,0.0,0.0,,0.012146583758294582,0.0019998527131974697,0.0,,0.019029388204216957,0.0,0.0015352413756772876,0.0,0.0,0.0,,0.002669151872396469,,0.014855947345495224,0.0,0.0,0.01175154373049736,,0.0,0.0,,0.0,0.0,0.0,0.0,0.0,0.0001421356719220057,0.0011042432161048055,0.0,0.0,0.0046468619257211685,0.003770541399717331,0.0,0.0012880248250439763,,0.02132318913936615,0.0,0.004850889090448618,0.0,,0.0,0.007785265799611807,0.0,0.0,0.0,0.0,0.0061191171407699585,0.0,0.0,0.0,,0.015078713186085224,0.0,0.0,,,,0.006918592378497124,0.002163069089874625,,0.0,0.0,0.0,0.0,,0.0,,0.0,0.0,0.013318006880581379,0.0,0.0,0.0,,,,0.0,0.01897398941218853,0.0,0.0,0.0,,0.0,0.008289680816233158,0.007186546456068754,0.0,,0.0,0.015495573170483112,0.0,0.0,0.0,,0.002988440217450261,0.0071138362400233746,0.006663523148745298,0.0,,0.0029522741679102182,0.007444577291607857,0.00870683416724205,0.0,0.015951599925756454,0.0,,0.0,0.0,0.0,0.0,0.0,0.0,,0.0,,0.005740217864513397,0.007723913062363863,0.0016765532782301307,0.0,0.0,0.0,0.0,,0.0,0.011521018110215664,0.0028374833054840565,,,0.0,0.0,0.0,0.0,0.0,0.0,0.0,0.0,0.0,,0.0,0.0,0.0014217449352145195,,0.0,0.0,0.0,0.015036061406135559,0.0,0.0,0.0,,,0.0,0.002523822244256735,0.0,0.0,0.0,,0.012212172150611877,,0.010441260412335396,0.0,,0.0,0.0001980172237381339,0.0,0.0,,,0.0,0.009777898900210857,,0.011562291532754898,0.0,,,0.0,0.021612513810396194,0.0,0.0,0.0,0.0,0.0,,,0.0,0.0,0.0,0.0,0.0,,,0.0,0.0,0.0,,0.0,0.0,,0.0,0.0,0.010721533559262753,,0.0,0.0,0.0,0.0,,0.0,0.0,,0.0,0.0,0.0,0.000222572882194072,0.004138255026191473,0.0,0.0,0.0,0.0,0.0,0.0,0.0,0.0,,0.01636638306081295,,0.0,0.013081780634820461,0.00596213573589921,0.0,0.0,0.0,0.00783260352909565,0.013072560541331768,0.0,0.01504174992442131,0.0,,0.0,,0.0,0.007702955510467291,0.0,,0.0,0.0,0.0,0.0064319828525185585,0.0,0.0,0.0,0.0,0.006455377209931612,0.002276746090501547,0.0,,,0.0,0.0,0.0,,,,0.0,0.0,,0.0,,0.0,,0.0,,,0.0,,,,,0.0,,0.0,0.009475049562752247,0.0,,0.0,0.0,0.0006172159337438643,,0.011276694014668465,0.0,,0.0,0.008886725641787052,0.0,,,0.0,,0.01935204491019249,0.0,0.0,,0.0,0.0019069688860327005,,,,0.0,0.0,0.0,0.0,0.0,7.387471123365685e-05,,,,0.007764055393636227,0.0,,0.0,,0.0,0.0,0.0,0.0,,,0.0,0.0,,,0.0,,0.0,,0.0,0.0,0.0,0.0,0.0,0.0,0.0,,0.0,0.010640541091561317,0.0,0.0,0.0,,,0.0,0.0,0.0,0.0,0.004161264281719923,0.0073729087598621845,,,,0.007771022617816925,0.0,0.0,0.0,,,0.008342444896697998,0.0,0.0,,0.0,,,,,0.0,0.013751369901001453,0.0,,0.0,,,0.0,,0.006028351373970509,0.0,0.0,0.0,,0.006963010877370834,0.0,,0.0,0.0,0.0,0.0,0.0,,0.0025301980786025524,0.0,0.0,,0.0,0.0,0.0,0.0,0.0,0.0,0.0,,0.0009805925656110048,0.0,0.0,0.007419695612043142,0.0,0.0,0.0,,0.0,0.0,0.0,0.010489208623766899,0.0,0.0,0.0,0.0,0.0,0.0,0.00028485566144809127,0.0,0.0,0.0,,0.0,0.0,0.0,0.0,0.0,0.0,0.0,0.0,0.0,0.004446286242455244,0.0,0.0,0.0,,0.0,0.006903916597366333,,0.0032303640618920326,0.0,0.0,0.0,0.0,0.0,0.007855664007365704,0.0,0.0,0.0,0.011428353376686573,0.0,0.014265907928347588,0.0,0.0,0.0,0.0,0.0,0.0,0.0,0.0,0.0,0.0,0.0,0.0,0.0071387211792171,0.0,0.0,0.0,0.010663309134542942,0.009583434090018272,0.0,0.00991410668939352,0.0,0.0,0.0,0.019269602373242378,0.0,0.0,0.0,0.0,0.0,0.0,0.0,0.0,0.004451911896467209,0.0,0.0,0.0,0.0,0.0,0.015617968514561653,0.0,0.008543897420167923,0.0,0.0,0.017431413754820824,0.0,0.0,0.0,0.0,0.0,0.011158911511301994,0.0,0.006921166554093361,0.0,0.013884417712688446,0.0,0.0,0.0,0.0,0.0,0.017269155010581017,0.0,0.00583390099927783,0.0,0.0,,,,,,,,,,,,,,,,,,,,,,,,,,,,,,,,,,,,,,,,,,,,,,,,,,,,,,,,,,,,,,,,,,,,,,,,,,,,,,,,,,,,,,,,,,,,,,,,,,,,,,,,,,,,,,,,,,,,,,,,,,,,,,
2021-04-22,761069.2422877885,166.55003032904938,,,,,,,,,,,76494.84123570709,,1039061.7711000025,,,,,,,,,,,,,,,,,,,,,,,,,,,,,,,,,,,,,,,,,,,3860.7637313336036,,,,,,,,,,,,,,,,,,,,,,11812.554581210383,9601.406498142447,3560.2355437396636,7421.891063893989,8748.773750945793,63438.01525110626,22862.132881306756,5338.693215411403,30320.765712261764,,,,,,,,,,,,,,,,,,,,,,,,,,,,,,,,,,,,0.007672586012631655,0.0,0.0,0.01092440728098154,0.0,0.0,0.0,0.0,0.0,0.0,0.0,0.0,0.0,0.0,0.0,0.0,,0.0,,0.0,,0.0,0.0,0.0,0.010507198981940746,0.0,,0.0,0.0,0.010712611488997936,0.0,0.012846814468502998,0.0,,0.0,,,,0.0,0.0,0.0,,0.0,0.0,0.0012285824632272124,0.009027548134326935,0.0,,,0.0,,0.0,0.0,0.0,0.0,0.0,0.0,0.0,0.0,0.006439491640776396,0.015234255231916904,0.0,0.0,0.0,,0.011381476186215878,0.0,0.0,0.0,0.015055594965815544,,0.0005889178719371557,0.0,,0.0,0.0,0.0,0.0,,0.0,0.0,0.0,,0.0,,0.0,0.0,,0.0,,0.0,0.0,0.0030229962430894375,0.01743323914706707,0.0,0.012673601508140564,0.0,0.016194811090826988,0.0,,,0.009300514124333858,0.0,,,,,0.0,0.0,0.0,0.0,0.0,0.0,0.0,0.0,0.0,,0.012146583758294582,0.0019998527131974697,0.0,,0.019029388204216957,0.0,0.0015352413756772876,0.0,0.0,0.0,,0.002669151872396469,,0.014855947345495224,0.0,0.0,0.01175154373049736,,0.0,0.0,,0.0,0.0,0.0,0.0,0.0,0.0001421356719220057,0.0011042432161048055,0.0,0.0,0.0046468619257211685,0.003770541399717331,0.0,0.0012880248250439763,,0.02132318913936615,0.0,0.004850889090448618,0.0,,0.0,0.007785265799611807,0.0,0.0,0.0,0.0,0.0061191171407699585,0.0,0.0,0.0,,0.015078713186085224,0.0,0.0,,,,0.006918592378497124,0.002163069089874625,,0.0,0.0,0.0,0.0,,0.0,,0.0,0.0,0.013318006880581379,0.0,0.0,0.0,,,,0.0,0.01897398941218853,0.0,0.0,0.0,,0.0,0.008289680816233158,0.007186546456068754,0.0,,0.0,0.015495573170483112,0.0,0.0,0.0,,0.002988440217450261,0.0071138362400233746,0.006663523148745298,0.0,,0.0029522741679102182,0.007444577291607857,0.00870683416724205,0.0,0.015951599925756454,0.0,,0.0,0.0,0.0,0.0,0.0,0.0,,0.0,,0.005740217864513397,0.007723913062363863,0.0016765532782301307,0.0,0.0,0.0,0.0,,0.0,0.011521018110215664,0.0028374833054840565,,,0.0,0.0,0.0,0.0,0.0,0.0,0.0,0.0,0.0,,0.0,0.0,0.0014217449352145195,,0.0,0.0,0.0,0.015036061406135559,0.0,0.0,0.0,,,0.0,0.002523822244256735,0.0,0.0,0.0,,0.012212172150611877,,0.010441260412335396,0.0,,0.0,0.0001980172237381339,0.0,0.0,,,0.0,0.009777898900210857,,0.011562291532754898,0.0,,,0.0,0.021612513810396194,0.0,0.0,0.0,0.0,0.0,,,0.0,0.0,0.0,0.0,0.0,,,0.0,0.0,0.0,,0.0,0.0,,0.0,0.0,0.010721533559262753,,0.0,0.0,0.0,0.0,,0.0,0.0,,0.0,0.0,0.0,0.000222572882194072,0.004138255026191473,0.0,0.0,0.0,0.0,0.0,0.0,0.0,0.0,,0.01636638306081295,,0.0,0.013081780634820461,0.00596213573589921,0.0,0.0,0.0,0.00783260352909565,0.013072560541331768,0.0,0.01504174992442131,0.0,,0.0,,0.0,0.007702955510467291,0.0,,0.0,0.0,0.0,0.0064319828525185585,0.0,0.0,0.0,0.0,0.006455377209931612,0.002276746090501547,0.0,,,0.0,0.0,0.0,,,,0.0,0.0,,0.0,,0.0,,0.0,,,0.0,,,,,0.0,,0.0,0.009475049562752247,0.0,,0.0,0.0,0.0006172159337438643,,0.011276694014668465,0.0,,0.0,0.008886725641787052,0.0,,,0.0,,0.01935204491019249,0.0,0.0,,0.0,0.0019069688860327005,,,,0.0,0.0,0.0,0.0,0.0,7.387471123365685e-05,,,,0.007764055393636227,0.0,,0.0,,0.0,0.0,0.0,0.0,,,0.0,0.0,,,0.0,,0.0,,0.0,0.0,0.0,0.0,0.0,0.0,0.0,,0.0,0.010640541091561317,0.0,0.0,0.0,,,0.0,0.0,0.0,0.0,0.004161264281719923,0.0073729087598621845,,,,0.007771022617816925,0.0,0.0,0.0,,,0.008342444896697998,0.0,0.0,,0.0,,,,,0.0,0.013751369901001453,0.0,,0.0,,,0.0,,0.006028351373970509,0.0,0.0,0.0,,0.006963010877370834,0.0,,0.0,0.0,0.0,0.0,0.0,,0.0025301980786025524,0.0,0.0,,0.0,0.0,0.0,0.0,0.0,0.0,0.0,,0.0009805925656110048,0.0,0.0,0.007419695612043142,0.0,0.0,0.0,,0.0,0.0,0.0,0.010489208623766899,0.0,0.0,0.0,0.0,0.0,0.0,0.00028485566144809127,0.0,0.0,0.0,,0.0,0.0,0.0,0.0,0.0,0.0,0.0,0.0,0.0,0.004446286242455244,0.0,0.0,0.0,,0.0,0.006903916597366333,,0.0032303640618920326,0.0,0.0,0.0,0.0,0.0,0.007855664007365704,0.0,0.0,0.0,0.011428353376686573,0.0,0.014265907928347588,0.0,0.0,0.0,0.0,0.0,0.0,0.0,0.0,0.0,0.0,0.0,0.0,0.0071387211792171,0.0,0.0,0.0,0.010663309134542942,0.009583434090018272,0.0,0.00991410668939352,0.0,0.0,0.0,0.019269602373242378,0.0,0.0,0.0,0.0,0.0,0.0,0.0,0.0,0.004451911896467209,0.0,0.0,0.0,0.0,0.0,0.015617968514561653,0.0,0.008543897420167923,0.0,0.0,0.017431413754820824,0.0,0.0,0.0,0.0,0.0,0.011158911511301994,0.0,0.006921166554093361,0.0,0.013884417712688446,0.0,0.0,0.0,0.0,0.0,0.017269155010581017,0.0,0.00583390099927783,0.0,0.0,,,,,,,,,,,,,,,,,,,,,,,,,,,,,,,,,,,,,,,,,,,,,,,,,,,,,,,,,,,,,,,,,,,,,,,,,,,,,,,,,,,,,,,,,,,,,,,,,,,,,,,,,,,,,,,,,,,,,,,,,,,,,,
2021-04-23,756044.5578563939,464.8342854126031,,,,,,,,,,,76494.84123570709,,1039061.7711000025,,,,,,,,,,,,,,,,,,,,,,,,,,,,,,,,,,,,,,,,,,,3860.7637313336036,,,,,,,,,,,,,,,,,,,,,,11812.554581210383,9601.406498142447,3560.2355437396636,7421.891063893989,8748.773750945793,63430.683881318975,22775.042291706104,5338.693215411403,30320.765712261764,,,,,,,,,,,,,,,,,,,,,,,,,,,,,,,,,,,,0.007672586012631655,0.0,0.0,0.01092440728098154,0.0,0.0,0.0,0.0,0.0,0.0,0.0,0.0,0.0,0.0,0.0,0.0,,0.0,,0.0,,0.0,0.0,0.0,0.010507198981940746,0.0,,0.0,0.0,0.010712611488997936,0.0,0.012846814468502998,0.0,,0.0,,,,0.0,0.0,0.0,,0.0,0.0,0.0012285824632272124,0.009027548134326935,0.0,,,0.0,,0.0,0.0,0.0,0.0,0.0,0.0,0.0,0.0,0.006439491640776396,0.015234255231916904,0.0,0.0,0.0,,0.011381476186215878,0.0,0.0,0.0,0.015055594965815544,,0.0005889178719371557,0.0,,0.0,0.0,0.0,0.0,,0.0,0.0,0.0,,0.0,,0.0,0.0,,0.0,,0.0,0.0,0.0030229962430894375,0.01743323914706707,0.0,0.012673601508140564,0.0,0.016194811090826988,0.0,,,0.009300514124333858,0.0,,,,,0.0,0.0,0.0,0.0,0.0,0.0,0.0,0.0,0.0,,0.012146583758294582,0.0019998527131974697,0.0,,0.019029388204216957,0.0,0.0015352413756772876,0.0,0.0,0.0,,0.002669151872396469,,0.014855947345495224,0.0,0.0,0.01175154373049736,,0.0,0.0,,0.0,0.0,0.0,0.0,0.0,0.0001421356719220057,0.0011042432161048055,0.0,0.0,0.0046468619257211685,0.003770541399717331,0.0,0.0012880248250439763,,0.02132318913936615,0.0,0.004850889090448618,0.0,,0.0,0.007785265799611807,0.0,0.0,0.0,0.0,0.0061191171407699585,0.0,0.0,0.0,,0.015078713186085224,0.0,0.0,,,,0.006918592378497124,0.002163069089874625,,0.0,0.0,0.0,0.0,,0.0,,0.0,0.0,0.013318006880581379,0.0,0.0,0.0,,,,0.0,0.01897398941218853,0.0,0.0,0.0,,0.0,0.008289680816233158,0.007186546456068754,0.0,,0.0,0.015495573170483112,0.0,0.0,0.0,,0.002988440217450261,0.0071138362400233746,0.006663523148745298,0.0,,0.0029522741679102182,0.007444577291607857,0.00870683416724205,0.0,0.015951599925756454,0.0,,0.0,0.0,0.0,0.0,0.0,0.0,,0.0,,0.005740217864513397,0.007723913062363863,0.0016765532782301307,0.0,0.0,0.0,0.0,,0.0,0.011521018110215664,0.0028374833054840565,,,0.0,0.0,0.0,0.0,0.0,0.0,0.0,0.0,0.0,,0.0,0.0,0.0014217449352145195,,0.0,0.0,0.0,0.015036061406135559,0.0,0.0,0.0,,,0.0,0.002523822244256735,0.0,0.0,0.0,,0.012212172150611877,,0.010441260412335396,0.0,,0.0,0.0001980172237381339,0.0,0.0,,,0.0,0.009777898900210857,,0.011562291532754898,0.0,,,0.0,0.021612513810396194,0.0,0.0,0.0,0.0,0.0,,,0.0,0.0,0.0,0.0,0.0,,,0.0,0.0,0.0,,0.0,0.0,,0.0,0.0,0.010721533559262753,,0.0,0.0,0.0,0.0,,0.0,0.0,,0.0,0.0,0.0,0.000222572882194072,0.004138255026191473,0.0,0.0,0.0,0.0,0.0,0.0,0.0,0.0,,0.01636638306081295,,0.0,0.013081780634820461,0.00596213573589921,0.0,0.0,0.0,0.00783260352909565,0.013072560541331768,0.0,0.01504174992442131,0.0,,0.0,,0.0,0.007702955510467291,0.0,,0.0,0.0,0.0,0.0064319828525185585,0.0,0.0,0.0,0.0,0.006455377209931612,0.002276746090501547,0.0,,,0.0,0.0,0.0,,,,0.0,0.0,,0.0,,0.0,,0.0,,,0.0,,,,,0.0,,0.0,0.009475049562752247,0.0,,0.0,0.0,0.0006172159337438643,,0.011276694014668465,0.0,,0.0,0.008886725641787052,0.0,,,0.0,,0.01935204491019249,0.0,0.0,,0.0,0.0019069688860327005,,,,0.0,0.0,0.0,0.0,0.0,7.387471123365685e-05,,,,0.007764055393636227,0.0,,0.0,,0.0,0.0,0.0,0.0,,,0.0,0.0,,,0.0,,0.0,,0.0,0.0,0.0,0.0,0.0,0.0,0.0,,0.0,0.010640541091561317,0.0,0.0,0.0,,,0.0,0.0,0.0,0.0,0.004161264281719923,0.0073729087598621845,,,,0.007771022617816925,0.0,0.0,0.0,,,0.008342444896697998,0.0,0.0,,0.0,,,,,0.0,0.013751369901001453,0.0,,0.0,,,0.0,,0.006028351373970509,0.0,0.0,0.0,,0.006963010877370834,0.0,,0.0,0.0,0.0,0.0,0.0,,0.0025301980786025524,0.0,0.0,,0.0,0.0,0.0,0.0,0.0,0.0,0.0,,0.0009805925656110048,0.0,0.0,0.007419695612043142,0.0,0.0,0.0,,0.0,0.0,0.0,0.010489208623766899,0.0,0.0,0.0,0.0,0.0,0.0,0.00028485566144809127,0.0,0.0,0.0,,0.0,0.0,0.0,0.0,0.0,0.0,0.0,0.0,0.0,0.004446286242455244,0.0,0.0,0.0,,0.0,0.006903916597366333,,0.0032303640618920326,0.0,0.0,0.0,0.0,0.0,0.007855664007365704,0.0,0.0,0.0,0.011428353376686573,0.0,0.014265907928347588,0.0,0.0,0.0,0.0,0.0,0.0,0.0,0.0,0.0,0.0,0.0,0.0,0.0071387211792171,0.0,0.0,0.0,0.010663309134542942,0.009583434090018272,0.0,0.00991410668939352,0.0,0.0,0.0,0.019269602373242378,0.0,0.0,0.0,0.0,0.0,0.0,0.0,0.0,0.004451911896467209,0.0,0.0,0.0,0.0,0.0,0.015617968514561653,0.0,0.008543897420167923,0.0,0.0,0.017431413754820824,0.0,0.0,0.0,0.0,0.0,0.011158911511301994,0.0,0.006921166554093361,0.0,0.013884417712688446,0.0,0.0,0.0,0.0,0.0,0.017269155010581017,0.0,0.00583390099927783,0.0,0.0,,,,,,,,,,,,,,,,,,,,,,,,,,,,,,,,,,,,,,,,,,,,,,,,,,,,,,,,,,,,,,,,,,,,,,,,,,,,,,,,,,,,,,,,,,,,,,,,,,,,,,,,,,,,,,,,,,,,,,,,,,,,,,
2021-04-26,747903.8684202258,150.63532515004255,,,,,,,,,,,76494.84123570709,,1039061.7711000025,,,,,,,,,,,,,,,,,,,,,,,,,,,,,,,,,,,,,,,,,,,3860.7637313336036,,,,,,,,,,,,,,,,,,,,,,11812.554581210383,9601.406498142447,3560.2355437396636,7421.891063893989,8748.773750945793,63447.31920847869,22865.0527846581,5338.693215411403,30320.765712261764,,,,,,,,,,,,,,,,,,,,,,,,,,,,,,,,,,,,0.007672586012631655,0.0,0.0,0.01092440728098154,0.0,0.0,0.0,0.0,0.0,0.0,0.0,0.0,0.0,0.0,0.0,0.0,,0.0,,0.0,,0.0,0.0,0.0,0.010507198981940746,0.0,,0.0,0.0,0.010712611488997936,0.0,0.012846814468502998,0.0,,0.0,,,,0.0,0.0,0.0,,0.0,0.0,0.0012285824632272124,0.009027548134326935,0.0,,,0.0,,0.0,0.0,0.0,0.0,0.0,0.0,0.0,0.0,0.006439491640776396,0.015234255231916904,0.0,0.0,0.0,,0.011381476186215878,0.0,0.0,0.0,0.015055594965815544,,0.0005889178719371557,0.0,,0.0,0.0,0.0,0.0,,0.0,0.0,0.0,,0.0,,0.0,0.0,,0.0,,0.0,0.0,0.0030229962430894375,0.01743323914706707,0.0,0.012673601508140564,0.0,0.016194811090826988,0.0,,,0.009300514124333858,0.0,,,,,0.0,0.0,0.0,0.0,0.0,0.0,0.0,0.0,0.0,,0.012146583758294582,0.0019998527131974697,0.0,,0.019029388204216957,0.0,0.0015352413756772876,0.0,0.0,0.0,,0.002669151872396469,,0.014855947345495224,0.0,0.0,0.01175154373049736,,0.0,0.0,,0.0,0.0,0.0,0.0,0.0,0.0001421356719220057,0.0011042432161048055,0.0,0.0,0.0046468619257211685,0.003770541399717331,0.0,0.0012880248250439763,,0.02132318913936615,0.0,0.004850889090448618,0.0,,0.0,0.007785265799611807,0.0,0.0,0.0,0.0,0.0061191171407699585,0.0,0.0,0.0,,0.015078713186085224,0.0,0.0,,,,0.006918592378497124,0.002163069089874625,,0.0,0.0,0.0,0.0,,0.0,,0.0,0.0,0.013318006880581379,0.0,0.0,0.0,,,,0.0,0.01897398941218853,0.0,0.0,0.0,,0.0,0.008289680816233158,0.007186546456068754,0.0,,0.0,0.015495573170483112,0.0,0.0,0.0,,0.002988440217450261,0.0071138362400233746,0.006663523148745298,0.0,,0.0029522741679102182,0.007444577291607857,0.00870683416724205,0.0,0.015951599925756454,0.0,,0.0,0.0,0.0,0.0,0.0,0.0,,0.0,,0.005740217864513397,0.007723913062363863,0.0016765532782301307,0.0,0.0,0.0,0.0,,0.0,0.011521018110215664,0.0028374833054840565,,,0.0,0.0,0.0,0.0,0.0,0.0,0.0,0.0,0.0,,0.0,0.0,0.0014217449352145195,,0.0,0.0,0.0,0.015036061406135559,0.0,0.0,0.0,,,0.0,0.002523822244256735,0.0,0.0,0.0,,0.012212172150611877,,0.010441260412335396,0.0,,0.0,0.0001980172237381339,0.0,0.0,,,0.0,0.009777898900210857,,0.011562291532754898,0.0,,,0.0,0.021612513810396194,0.0,0.0,0.0,0.0,0.0,,,0.0,0.0,0.0,0.0,0.0,,,0.0,0.0,0.0,,0.0,0.0,,0.0,0.0,0.010721533559262753,,0.0,0.0,0.0,0.0,,0.0,0.0,,0.0,0.0,0.0,0.000222572882194072,0.004138255026191473,0.0,0.0,0.0,0.0,0.0,0.0,0.0,0.0,,0.01636638306081295,,0.0,0.013081780634820461,0.00596213573589921,0.0,0.0,0.0,0.00783260352909565,0.013072560541331768,0.0,0.01504174992442131,0.0,,0.0,,0.0,0.007702955510467291,0.0,,0.0,0.0,0.0,0.0064319828525185585,0.0,0.0,0.0,0.0,0.006455377209931612,0.002276746090501547,0.0,,,0.0,0.0,0.0,,,,0.0,0.0,,0.0,,0.0,,0.0,,,0.0,,,,,0.0,,0.0,0.009475049562752247,0.0,,0.0,0.0,0.0006172159337438643,,0.011276694014668465,0.0,,0.0,0.008886725641787052,0.0,,,0.0,,0.01935204491019249,0.0,0.0,,0.0,0.0019069688860327005,,,,0.0,0.0,0.0,0.0,0.0,7.387471123365685e-05,,,,0.007764055393636227,0.0,,0.0,,0.0,0.0,0.0,0.0,,,0.0,0.0,,,0.0,,0.0,,0.0,0.0,0.0,0.0,0.0,0.0,0.0,,0.0,0.010640541091561317,0.0,0.0,0.0,,,0.0,0.0,0.0,0.0,0.004161264281719923,0.0073729087598621845,,,,0.007771022617816925,0.0,0.0,0.0,,,0.008342444896697998,0.0,0.0,,0.0,,,,,0.0,0.013751369901001453,0.0,,0.0,,,0.0,,0.006028351373970509,0.0,0.0,0.0,,0.006963010877370834,0.0,,0.0,0.0,0.0,0.0,0.0,,0.0025301980786025524,0.0,0.0,,0.0,0.0,0.0,0.0,0.0,0.0,0.0,,0.0009805925656110048,0.0,0.0,0.007419695612043142,0.0,0.0,0.0,,0.0,0.0,0.0,0.010489208623766899,0.0,0.0,0.0,0.0,0.0,0.0,0.00028485566144809127,0.0,0.0,0.0,,0.0,0.0,0.0,0.0,0.0,0.0,0.0,0.0,0.0,0.004446286242455244,0.0,0.0,0.0,,0.0,0.006903916597366333,,0.0032303640618920326,0.0,0.0,0.0,0.0,0.0,0.007855664007365704,0.0,0.0,0.0,0.011428353376686573,0.0,0.014265907928347588,0.0,0.0,0.0,0.0,0.0,0.0,0.0,0.0,0.0,0.0,0.0,0.0,0.0071387211792171,0.0,0.0,0.0,0.010663309134542942,0.009583434090018272,0.0,0.00991410668939352,0.0,0.0,0.0,0.019269602373242378,0.0,0.0,0.0,0.0,0.0,0.0,0.0,0.0,0.004451911896467209,0.0,0.0,0.0,0.0,0.0,0.015617968514561653,0.0,0.008543897420167923,0.0,0.0,0.017431413754820824,0.0,0.0,0.0,0.0,0.0,0.011158911511301994,0.0,0.006921166554093361,0.0,0.013884417712688446,0.0,0.0,0.0,0.0,0.0,0.017269155010581017,0.0,0.00583390099927783,0.0,0.0,,,,,,,,,,,,,,,,,,,,,,,,,,,,,,,,,,,,,,,,,,,,,,,,,,,,,,,,,,,,,,,,,,,,,,,,,,,,,,,,,,,,,,,,,,,,,,,,,,,,,,,,,,,,,,,,,,,,,,,,,,,,,,
2021-04-27,742572.0555779979,206.0804894680947,,,,,,,,,,,76494.84123570709,,1039061.7711000025,,,,,,,,,,,,,,,,,,,,,,,,,,,,,,,,,,,,,,,,,,,3860.7637313336036,,,,,,,,,,,,,,,,,,,,,,11812.554581210383,9601.406498142447,3560.2355437396636,7421.891063893989,8748.773750945793,62910.85465728925,23045.073770562092,5338.693215411403,30320.765712261764,,,,,,,,,,,,,,,,,,,,,,,,,,,,,,,,,,,,0.007672586012631655,0.0,0.0,0.01092440728098154,0.0,0.0,0.0,0.0,0.0,0.0,0.0,0.0,0.0,0.0,0.0,0.0,,0.0,,0.0,,0.0,0.0,0.0,0.010507198981940746,0.0,,0.0,0.0,0.010712611488997936,0.0,0.012846814468502998,0.0,,0.0,,,,0.0,0.0,0.0,,0.0,0.0,0.0012285824632272124,0.009027548134326935,0.0,,,0.0,,0.0,0.0,0.0,0.0,0.0,0.0,0.0,0.0,0.006439491640776396,0.015234255231916904,0.0,0.0,0.0,,0.011381476186215878,0.0,0.0,0.0,0.015055594965815544,,0.0005889178719371557,0.0,,0.0,0.0,0.0,0.0,,0.0,0.0,0.0,,0.0,,0.0,0.0,,0.0,,0.0,0.0,0.0030229962430894375,0.01743323914706707,0.0,0.012673601508140564,0.0,0.016194811090826988,0.0,,,0.009300514124333858,0.0,,,,,0.0,0.0,0.0,0.0,0.0,0.0,0.0,0.0,0.0,,0.012146583758294582,0.0019998527131974697,0.0,,0.019029388204216957,0.0,0.0015352413756772876,0.0,0.0,0.0,,0.002669151872396469,,0.014855947345495224,0.0,0.0,0.01175154373049736,,0.0,0.0,,0.0,0.0,0.0,0.0,0.0,0.0001421356719220057,0.0011042432161048055,0.0,0.0,0.0046468619257211685,0.003770541399717331,0.0,0.0012880248250439763,,0.02132318913936615,0.0,0.004850889090448618,0.0,,0.0,0.007785265799611807,0.0,0.0,0.0,0.0,0.0061191171407699585,0.0,0.0,0.0,,0.015078713186085224,0.0,0.0,,,,0.006918592378497124,0.002163069089874625,,0.0,0.0,0.0,0.0,,0.0,,0.0,0.0,0.013318006880581379,0.0,0.0,0.0,,,,0.0,0.01897398941218853,0.0,0.0,0.0,,0.0,0.008289680816233158,0.007186546456068754,0.0,,0.0,0.015495573170483112,0.0,0.0,0.0,,0.002988440217450261,0.0071138362400233746,0.006663523148745298,0.0,,0.0029522741679102182,0.007444577291607857,0.00870683416724205,0.0,0.015951599925756454,0.0,,0.0,0.0,0.0,0.0,0.0,0.0,,0.0,,0.005740217864513397,0.007723913062363863,0.0016765532782301307,0.0,0.0,0.0,0.0,,0.0,0.011521018110215664,0.0028374833054840565,,,0.0,0.0,0.0,0.0,0.0,0.0,0.0,0.0,0.0,,0.0,0.0,0.0014217449352145195,,0.0,0.0,0.0,0.015036061406135559,0.0,0.0,0.0,,,0.0,0.002523822244256735,0.0,0.0,0.0,,0.012212172150611877,,0.010441260412335396,0.0,,0.0,0.0001980172237381339,0.0,0.0,,,0.0,0.009777898900210857,,0.011562291532754898,0.0,,,0.0,0.021612513810396194,0.0,0.0,0.0,0.0,0.0,,,0.0,0.0,0.0,0.0,0.0,,,0.0,0.0,0.0,,0.0,0.0,,0.0,0.0,0.010721533559262753,,0.0,0.0,0.0,0.0,,0.0,0.0,,0.0,0.0,0.0,0.000222572882194072,0.004138255026191473,0.0,0.0,0.0,0.0,0.0,0.0,0.0,0.0,,0.01636638306081295,,0.0,0.013081780634820461,0.00596213573589921,0.0,0.0,0.0,0.00783260352909565,0.013072560541331768,0.0,0.01504174992442131,0.0,,0.0,,0.0,0.007702955510467291,0.0,,0.0,0.0,0.0,0.0064319828525185585,0.0,0.0,0.0,0.0,0.006455377209931612,0.002276746090501547,0.0,,,0.0,0.0,0.0,,,,0.0,0.0,,0.0,,0.0,,0.0,,,0.0,,,,,0.0,,0.0,0.009475049562752247,0.0,,0.0,0.0,0.0006172159337438643,,0.011276694014668465,0.0,,0.0,0.008886725641787052,0.0,,,0.0,,0.01935204491019249,0.0,0.0,,0.0,0.0019069688860327005,,,,0.0,0.0,0.0,0.0,0.0,7.387471123365685e-05,,,,0.007764055393636227,0.0,,0.0,,0.0,0.0,0.0,0.0,,,0.0,0.0,,,0.0,,0.0,,0.0,0.0,0.0,0.0,0.0,0.0,0.0,,0.0,0.010640541091561317,0.0,0.0,0.0,,,0.0,0.0,0.0,0.0,0.004161264281719923,0.0073729087598621845,,,,0.007771022617816925,0.0,0.0,0.0,,,0.008342444896697998,0.0,0.0,,0.0,,,,,0.0,0.013751369901001453,0.0,,0.0,,,0.0,,0.006028351373970509,0.0,0.0,0.0,,0.006963010877370834,0.0,,0.0,0.0,0.0,0.0,0.0,,0.0025301980786025524,0.0,0.0,,0.0,0.0,0.0,0.0,0.0,0.0,0.0,,0.0009805925656110048,0.0,0.0,0.007419695612043142,0.0,0.0,0.0,,0.0,0.0,0.0,0.010489208623766899,0.0,0.0,0.0,0.0,0.0,0.0,0.00028485566144809127,0.0,0.0,0.0,,0.0,0.0,0.0,0.0,0.0,0.0,0.0,0.0,0.0,0.004446286242455244,0.0,0.0,0.0,,0.0,0.006903916597366333,,0.0032303640618920326,0.0,0.0,0.0,0.0,0.0,0.007855664007365704,0.0,0.0,0.0,0.011428353376686573,0.0,0.014265907928347588,0.0,0.0,0.0,0.0,0.0,0.0,0.0,0.0,0.0,0.0,0.0,0.0,0.0071387211792171,0.0,0.0,0.0,0.010663309134542942,0.009583434090018272,0.0,0.00991410668939352,0.0,0.0,0.0,0.019269602373242378,0.0,0.0,0.0,0.0,0.0,0.0,0.0,0.0,0.004451911896467209,0.0,0.0,0.0,0.0,0.0,0.015617968514561653,0.0,0.008543897420167923,0.0,0.0,0.017431413754820824,0.0,0.0,0.0,0.0,0.0,0.011158911511301994,0.0,0.006921166554093361,0.0,0.013884417712688446,0.0,0.0,0.0,0.0,0.0,0.017269155010581017,0.0,0.00583390099927783,0.0,0.0,,,,,,,,,,,,,,,,,,,,,,,,,,,,,,,,,,,,,,,,,,,,,,,,,,,,,,,,,,,,,,,,,,,,,,,,,,,,,,,,,,,,,,,,,,,,,,,,,,,,,,,,,,,,,,,,,,,,,,,,,,,,,,
2021-04-28,752698.730713254,206.0804894680947,,,,,,,,,,,76494.84123570709,,1039061.7711000025,,,,,,,,,,,,,,,,,,,,,,,,,,,,,,,,,,,,,,,,,,,3860.7637313336036,,,,,,,,,,,,,,,,,,,,,,11812.554581210383,9601.406498142447,3560.2355437396636,7421.891063893989,8748.773750945793,62910.85465728925,23045.073770562092,5338.693215411403,30320.765712261764,,,,,,,,,,,,,,,,,,,,,,,,,,,,,,,,,,,,0.007672586012631655,0.0,0.0,0.01092440728098154,0.0,0.0,0.0,0.0,0.0,0.0,0.0,0.0,0.0,0.0,0.0,0.0,,0.0,,0.0,,0.0,0.0,0.0,0.010507198981940746,0.0,,0.0,0.0,0.010712611488997936,0.0,0.012846814468502998,0.0,,0.0,,,,0.0,0.0,0.0,,0.0,0.0,0.0012285824632272124,0.009027548134326935,0.0,,,0.0,,0.0,0.0,0.0,0.0,0.0,0.0,0.0,0.0,0.006439491640776396,0.015234255231916904,0.0,0.0,0.0,,0.011381476186215878,0.0,0.0,0.0,0.015055594965815544,,0.0005889178719371557,0.0,,0.0,0.0,0.0,0.0,,0.0,0.0,0.0,,0.0,,0.0,0.0,,0.0,,0.0,0.0,0.0030229962430894375,0.01743323914706707,0.0,0.012673601508140564,0.0,0.016194811090826988,0.0,,,0.009300514124333858,0.0,,,,,0.0,0.0,0.0,0.0,0.0,0.0,0.0,0.0,0.0,,0.012146583758294582,0.0019998527131974697,0.0,,0.019029388204216957,0.0,0.0015352413756772876,0.0,0.0,0.0,,0.002669151872396469,,0.014855947345495224,0.0,0.0,0.01175154373049736,,0.0,0.0,,0.0,0.0,0.0,0.0,0.0,0.0001421356719220057,0.0011042432161048055,0.0,0.0,0.0046468619257211685,0.003770541399717331,0.0,0.0012880248250439763,,0.02132318913936615,0.0,0.004850889090448618,0.0,,0.0,0.007785265799611807,0.0,0.0,0.0,0.0,0.0061191171407699585,0.0,0.0,0.0,,0.015078713186085224,0.0,0.0,,,,0.006918592378497124,0.002163069089874625,,0.0,0.0,0.0,0.0,,0.0,,0.0,0.0,0.013318006880581379,0.0,0.0,0.0,,,,0.0,0.01897398941218853,0.0,0.0,0.0,,0.0,0.008289680816233158,0.007186546456068754,0.0,,0.0,0.015495573170483112,0.0,0.0,0.0,,0.002988440217450261,0.0071138362400233746,0.006663523148745298,0.0,,0.0029522741679102182,0.007444577291607857,0.00870683416724205,0.0,0.015951599925756454,0.0,,0.0,0.0,0.0,0.0,0.0,0.0,,0.0,,0.005740217864513397,0.007723913062363863,0.0016765532782301307,0.0,0.0,0.0,0.0,,0.0,0.011521018110215664,0.0028374833054840565,,,0.0,0.0,0.0,0.0,0.0,0.0,0.0,0.0,0.0,,0.0,0.0,0.0014217449352145195,,0.0,0.0,0.0,0.015036061406135559,0.0,0.0,0.0,,,0.0,0.002523822244256735,0.0,0.0,0.0,,0.012212172150611877,,0.010441260412335396,0.0,,0.0,0.0001980172237381339,0.0,0.0,,,0.0,0.009777898900210857,,0.011562291532754898,0.0,,,0.0,0.021612513810396194,0.0,0.0,0.0,0.0,0.0,,,0.0,0.0,0.0,0.0,0.0,,,0.0,0.0,0.0,,0.0,0.0,,0.0,0.0,0.010721533559262753,,0.0,0.0,0.0,0.0,,0.0,0.0,,0.0,0.0,0.0,0.000222572882194072,0.004138255026191473,0.0,0.0,0.0,0.0,0.0,0.0,0.0,0.0,,0.01636638306081295,,0.0,0.013081780634820461,0.00596213573589921,0.0,0.0,0.0,0.00783260352909565,0.013072560541331768,0.0,0.01504174992442131,0.0,,0.0,,0.0,0.007702955510467291,0.0,,0.0,0.0,0.0,0.0064319828525185585,0.0,0.0,0.0,0.0,0.006455377209931612,0.002276746090501547,0.0,,,0.0,0.0,0.0,,,,0.0,0.0,,0.0,,0.0,,0.0,,,0.0,,,,,0.0,,0.0,0.009475049562752247,0.0,,0.0,0.0,0.0006172159337438643,,0.011276694014668465,0.0,,0.0,0.008886725641787052,0.0,,,0.0,,0.01935204491019249,0.0,0.0,,0.0,0.0019069688860327005,,,,0.0,0.0,0.0,0.0,0.0,7.387471123365685e-05,,,,0.007764055393636227,0.0,,0.0,,0.0,0.0,0.0,0.0,,,0.0,0.0,,,0.0,,0.0,,0.0,0.0,0.0,0.0,0.0,0.0,0.0,,0.0,0.010640541091561317,0.0,0.0,0.0,,,0.0,0.0,0.0,0.0,0.004161264281719923,0.0073729087598621845,,,,0.007771022617816925,0.0,0.0,0.0,,,0.008342444896697998,0.0,0.0,,0.0,,,,,0.0,0.013751369901001453,0.0,,0.0,,,0.0,,0.006028351373970509,0.0,0.0,0.0,,0.006963010877370834,0.0,,0.0,0.0,0.0,0.0,0.0,,0.0025301980786025524,0.0,0.0,,0.0,0.0,0.0,0.0,0.0,0.0,0.0,,0.0009805925656110048,0.0,0.0,0.007419695612043142,0.0,0.0,0.0,,0.0,0.0,0.0,0.010489208623766899,0.0,0.0,0.0,0.0,0.0,0.0,0.00028485566144809127,0.0,0.0,0.0,,0.0,0.0,0.0,0.0,0.0,0.0,0.0,0.0,0.0,0.004446286242455244,0.0,0.0,0.0,,0.0,0.006903916597366333,,0.0032303640618920326,0.0,0.0,0.0,0.0,0.0,0.007855664007365704,0.0,0.0,0.0,0.011428353376686573,0.0,0.014265907928347588,0.0,0.0,0.0,0.0,0.0,0.0,0.0,0.0,0.0,0.0,0.0,0.0,0.0071387211792171,0.0,0.0,0.0,0.010663309134542942,0.009583434090018272,0.0,0.00991410668939352,0.0,0.0,0.0,0.019269602373242378,0.0,0.0,0.0,0.0,0.0,0.0,0.0,0.0,0.004451911896467209,0.0,0.0,0.0,0.0,0.0,0.015617968514561653,0.0,0.008543897420167923,0.0,0.0,0.017431413754820824,0.0,0.0,0.0,0.0,0.0,0.011158911511301994,0.0,0.006921166554093361,0.0,0.013884417712688446,0.0,0.0,0.0,0.0,0.0,0.017269155010581017,0.0,0.00583390099927783,0.0,0.0,,,,,,,,,,,,,,,,,,,,,,,,,,,,,,,,,,,,,,,,,,,,,,,,,,,,,,,,,,,,,,,,,,,,,,,,,,,,,,,,,,,,,,,,,,,,,,,,,,,,,,,,,,,,,,,,,,,,,,,,,,,,,,
2021-04-29,752151.4545435422,217.26122291396126,,,,,,,,,,,76494.84123570709,,1039061.7711000025,,,,,,,,,,,,,,,,,,,,,,,,,,,,,,,,,,,,,,,,,,,3860.7637313336036,,,,,,,,,,,,,,,,,,,,,,11812.554581210383,9601.406498142447,3560.2355437396636,7421.891063893989,8748.773750945793,62901.444982088346,23045.073770562092,5338.693215411403,30320.765712261764,,,,,,,,,,,,,,,,,,,,,,,,,,,,,,,,,,,,0.007672586012631655,0.0,0.0,0.01092440728098154,0.0,0.0,0.0,0.0,0.0,0.0,0.0,0.0,0.0,0.0,0.0,0.0,,0.0,,0.0,,0.0,0.0,0.0,0.010507198981940746,0.0,,0.0,0.0,0.010712611488997936,0.0,0.012846814468502998,0.0,,0.0,,,,0.0,0.0,0.0,,0.0,0.0,0.0012285824632272124,0.009027548134326935,0.0,,,0.0,,0.0,0.0,0.0,0.0,0.0,0.0,0.0,0.0,0.006439491640776396,0.015234255231916904,0.0,0.0,0.0,,0.011381476186215878,0.0,0.0,0.0,0.015055594965815544,,0.0005889178719371557,0.0,,0.0,0.0,0.0,0.0,,0.0,0.0,0.0,,0.0,,0.0,0.0,,0.0,,0.0,0.0,0.0030229962430894375,0.01743323914706707,0.0,0.012673601508140564,0.0,0.016194811090826988,0.0,,,0.009300514124333858,0.0,,,,,0.0,0.0,0.0,0.0,0.0,0.0,0.0,0.0,0.0,,0.012146583758294582,0.0019998527131974697,0.0,,0.019029388204216957,0.0,0.0015352413756772876,0.0,0.0,0.0,,0.002669151872396469,,0.014855947345495224,0.0,0.0,0.01175154373049736,,0.0,0.0,,0.0,0.0,0.0,0.0,0.0,0.0001421356719220057,0.0011042432161048055,0.0,0.0,0.0046468619257211685,0.003770541399717331,0.0,0.0012880248250439763,,0.02132318913936615,0.0,0.004850889090448618,0.0,,0.0,0.007785265799611807,0.0,0.0,0.0,0.0,0.0061191171407699585,0.0,0.0,0.0,,0.015078713186085224,0.0,0.0,,,,0.006918592378497124,0.002163069089874625,,0.0,0.0,0.0,0.0,,0.0,,0.0,0.0,0.013318006880581379,0.0,0.0,0.0,,,,0.0,0.01897398941218853,0.0,0.0,0.0,,0.0,0.008289680816233158,0.007186546456068754,0.0,,0.0,0.015495573170483112,0.0,0.0,0.0,,0.002988440217450261,0.0071138362400233746,0.006663523148745298,0.0,,0.0029522741679102182,0.007444577291607857,0.00870683416724205,0.0,0.015951599925756454,0.0,,0.0,0.0,0.0,0.0,0.0,0.0,,0.0,,0.005740217864513397,0.007723913062363863,0.0016765532782301307,0.0,0.0,0.0,0.0,,0.0,0.011521018110215664,0.0028374833054840565,,,0.0,0.0,0.0,0.0,0.0,0.0,0.0,0.0,0.0,,0.0,0.0,0.0014217449352145195,,0.0,0.0,0.0,0.015036061406135559,0.0,0.0,0.0,,,0.0,0.002523822244256735,0.0,0.0,0.0,,0.012212172150611877,,0.010441260412335396,0.0,,0.0,0.0001980172237381339,0.0,0.0,,,0.0,0.009777898900210857,,0.011562291532754898,0.0,,,0.0,0.021612513810396194,0.0,0.0,0.0,0.0,0.0,,,0.0,0.0,0.0,0.0,0.0,,,0.0,0.0,0.0,,0.0,0.0,,0.0,0.0,0.010721533559262753,,0.0,0.0,0.0,0.0,,0.0,0.0,,0.0,0.0,0.0,0.000222572882194072,0.004138255026191473,0.0,0.0,0.0,0.0,0.0,0.0,0.0,0.0,,0.01636638306081295,,0.0,0.013081780634820461,0.00596213573589921,0.0,0.0,0.0,0.00783260352909565,0.013072560541331768,0.0,0.01504174992442131,0.0,,0.0,,0.0,0.007702955510467291,0.0,,0.0,0.0,0.0,0.0064319828525185585,0.0,0.0,0.0,0.0,0.006455377209931612,0.002276746090501547,0.0,,,0.0,0.0,0.0,,,,0.0,0.0,,0.0,,0.0,,0.0,,,0.0,,,,,0.0,,0.0,0.009475049562752247,0.0,,0.0,0.0,0.0006172159337438643,,0.011276694014668465,0.0,,0.0,0.008886725641787052,0.0,,,0.0,,0.01935204491019249,0.0,0.0,,0.0,0.0019069688860327005,,,,0.0,0.0,0.0,0.0,0.0,7.387471123365685e-05,,,,0.007764055393636227,0.0,,0.0,,0.0,0.0,0.0,0.0,,,0.0,0.0,,,0.0,,0.0,,0.0,0.0,0.0,0.0,0.0,0.0,0.0,,0.0,0.010640541091561317,0.0,0.0,0.0,,,0.0,0.0,0.0,0.0,0.004161264281719923,0.0073729087598621845,,,,0.007771022617816925,0.0,0.0,0.0,,,0.008342444896697998,0.0,0.0,,0.0,,,,,0.0,0.013751369901001453,0.0,,0.0,,,0.0,,0.006028351373970509,0.0,0.0,0.0,,0.006963010877370834,0.0,,0.0,0.0,0.0,0.0,0.0,,0.0025301980786025524,0.0,0.0,,0.0,0.0,0.0,0.0,0.0,0.0,0.0,,0.0009805925656110048,0.0,0.0,0.007419695612043142,0.0,0.0,0.0,,0.0,0.0,0.0,0.010489208623766899,0.0,0.0,0.0,0.0,0.0,0.0,0.00028485566144809127,0.0,0.0,0.0,,0.0,0.0,0.0,0.0,0.0,0.0,0.0,0.0,0.0,0.004446286242455244,0.0,0.0,0.0,,0.0,0.006903916597366333,,0.0032303640618920326,0.0,0.0,0.0,0.0,0.0,0.007855664007365704,0.0,0.0,0.0,0.011428353376686573,0.0,0.014265907928347588,0.0,0.0,0.0,0.0,0.0,0.0,0.0,0.0,0.0,0.0,0.0,0.0,0.0071387211792171,0.0,0.0,0.0,0.010663309134542942,0.009583434090018272,0.0,0.00991410668939352,0.0,0.0,0.0,0.019269602373242378,0.0,0.0,0.0,0.0,0.0,0.0,0.0,0.0,0.004451911896467209,0.0,0.0,0.0,0.0,0.0,0.015617968514561653,0.0,0.008543897420167923,0.0,0.0,0.017431413754820824,0.0,0.0,0.0,0.0,0.0,0.011158911511301994,0.0,0.006921166554093361,0.0,0.013884417712688446,0.0,0.0,0.0,0.0,0.0,0.017269155010581017,0.0,0.00583390099927783,0.0,0.0,,,,,,,,,,,,,,,,,,,,,,,,,,,,,,,,,,,,,,,,,,,,,,,,,,,,,,,,,,,,,,,,,,,,,,,,,,,,,,,,,,,,,,,,,,,,,,,,,,,,,,,,,,,,,,,,,,,,,,,,,,,,,,
2021-04-30,750541.6322763198,217.26122291396126,,,,,,,,,,,76494.84123570709,,1039061.7711000025,,,,,,,,,,,,,,,,,,,,,,,,,,,,,,,,,,,,,,,,,,,3860.7637313336036,,,,,,,,,,,,,,,,,,,,,,11812.554581210383,9601.406498142447,3560.2355437396636,7421.891063893989,8748.773750945793,62901.444982088346,23045.073770562092,5338.693215411403,30320.765712261764,,,,,,,,,,,,,,,,,,,,,,,,,,,,,,,,,,,,0.007672586012631655,0.0,0.0,0.01092440728098154,0.0,0.0,0.0,0.0,0.0,0.0,0.0,0.0,0.0,0.0,0.0,0.0,,0.0,,0.0,,0.0,0.0,0.0,0.010507198981940746,0.0,,0.0,0.0,0.010712611488997936,0.0,0.012846814468502998,0.0,,0.0,,,,0.0,0.0,0.0,,0.0,0.0,0.0012285824632272124,0.009027548134326935,0.0,,,0.0,,0.0,0.0,0.0,0.0,0.0,0.0,0.0,0.0,0.006439491640776396,0.015234255231916904,0.0,0.0,0.0,,0.011381476186215878,0.0,0.0,0.0,0.015055594965815544,,0.0005889178719371557,0.0,,0.0,0.0,0.0,0.0,,0.0,0.0,0.0,,0.0,,0.0,0.0,,0.0,,0.0,0.0,0.0030229962430894375,0.01743323914706707,0.0,0.012673601508140564,0.0,0.016194811090826988,0.0,,,0.009300514124333858,0.0,,,,,0.0,0.0,0.0,0.0,0.0,0.0,0.0,0.0,0.0,,0.012146583758294582,0.0019998527131974697,0.0,,0.019029388204216957,0.0,0.0015352413756772876,0.0,0.0,0.0,,0.002669151872396469,,0.014855947345495224,0.0,0.0,0.01175154373049736,,0.0,0.0,,0.0,0.0,0.0,0.0,0.0,0.0001421356719220057,0.0011042432161048055,0.0,0.0,0.0046468619257211685,0.003770541399717331,0.0,0.0012880248250439763,,0.02132318913936615,0.0,0.004850889090448618,0.0,,0.0,0.007785265799611807,0.0,0.0,0.0,0.0,0.0061191171407699585,0.0,0.0,0.0,,0.015078713186085224,0.0,0.0,,,,0.006918592378497124,0.002163069089874625,,0.0,0.0,0.0,0.0,,0.0,,0.0,0.0,0.013318006880581379,0.0,0.0,0.0,,,,0.0,0.01897398941218853,0.0,0.0,0.0,,0.0,0.008289680816233158,0.007186546456068754,0.0,,0.0,0.015495573170483112,0.0,0.0,0.0,,0.002988440217450261,0.0071138362400233746,0.006663523148745298,0.0,,0.0029522741679102182,0.007444577291607857,0.00870683416724205,0.0,0.015951599925756454,0.0,,0.0,0.0,0.0,0.0,0.0,0.0,,0.0,,0.005740217864513397,0.007723913062363863,0.0016765532782301307,0.0,0.0,0.0,0.0,,0.0,0.011521018110215664,0.0028374833054840565,,,0.0,0.0,0.0,0.0,0.0,0.0,0.0,0.0,0.0,,0.0,0.0,0.0014217449352145195,,0.0,0.0,0.0,0.015036061406135559,0.0,0.0,0.0,,,0.0,0.002523822244256735,0.0,0.0,0.0,,0.012212172150611877,,0.010441260412335396,0.0,,0.0,0.0001980172237381339,0.0,0.0,,,0.0,0.009777898900210857,,0.011562291532754898,0.0,,,0.0,0.021612513810396194,0.0,0.0,0.0,0.0,0.0,,,0.0,0.0,0.0,0.0,0.0,,,0.0,0.0,0.0,,0.0,0.0,,0.0,0.0,0.010721533559262753,,0.0,0.0,0.0,0.0,,0.0,0.0,,0.0,0.0,0.0,0.000222572882194072,0.004138255026191473,0.0,0.0,0.0,0.0,0.0,0.0,0.0,0.0,,0.01636638306081295,,0.0,0.013081780634820461,0.00596213573589921,0.0,0.0,0.0,0.00783260352909565,0.013072560541331768,0.0,0.01504174992442131,0.0,,0.0,,0.0,0.007702955510467291,0.0,,0.0,0.0,0.0,0.0064319828525185585,0.0,0.0,0.0,0.0,0.006455377209931612,0.002276746090501547,0.0,,,0.0,0.0,0.0,,,,0.0,0.0,,0.0,,0.0,,0.0,,,0.0,,,,,0.0,,0.0,0.009475049562752247,0.0,,0.0,0.0,0.0006172159337438643,,0.011276694014668465,0.0,,0.0,0.008886725641787052,0.0,,,0.0,,0.01935204491019249,0.0,0.0,,0.0,0.0019069688860327005,,,,0.0,0.0,0.0,0.0,0.0,7.387471123365685e-05,,,,0.007764055393636227,0.0,,0.0,,0.0,0.0,0.0,0.0,,,0.0,0.0,,,0.0,,0.0,,0.0,0.0,0.0,0.0,0.0,0.0,0.0,,0.0,0.010640541091561317,0.0,0.0,0.0,,,0.0,0.0,0.0,0.0,0.004161264281719923,0.0073729087598621845,,,,0.007771022617816925,0.0,0.0,0.0,,,0.008342444896697998,0.0,0.0,,0.0,,,,,0.0,0.013751369901001453,0.0,,0.0,,,0.0,,0.006028351373970509,0.0,0.0,0.0,,0.006963010877370834,0.0,,0.0,0.0,0.0,0.0,0.0,,0.0025301980786025524,0.0,0.0,,0.0,0.0,0.0,0.0,0.0,0.0,0.0,,0.0009805925656110048,0.0,0.0,0.007419695612043142,0.0,0.0,0.0,,0.0,0.0,0.0,0.010489208623766899,0.0,0.0,0.0,0.0,0.0,0.0,0.00028485566144809127,0.0,0.0,0.0,,0.0,0.0,0.0,0.0,0.0,0.0,0.0,0.0,0.0,0.004446286242455244,0.0,0.0,0.0,,0.0,0.006903916597366333,,0.0032303640618920326,0.0,0.0,0.0,0.0,0.0,0.007855664007365704,0.0,0.0,0.0,0.011428353376686573,0.0,0.014265907928347588,0.0,0.0,0.0,0.0,0.0,0.0,0.0,0.0,0.0,0.0,0.0,0.0,0.0071387211792171,0.0,0.0,0.0,0.010663309134542942,0.009583434090018272,0.0,0.00991410668939352,0.0,0.0,0.0,0.019269602373242378,0.0,0.0,0.0,0.0,0.0,0.0,0.0,0.0,0.004451911896467209,0.0,0.0,0.0,0.0,0.0,0.015617968514561653,0.0,0.008543897420167923,0.0,0.0,0.017431413754820824,0.0,0.0,0.0,0.0,0.0,0.011158911511301994,0.0,0.006921166554093361,0.0,0.013884417712688446,0.0,0.0,0.0,0.0,0.0,0.017269155010581017,0.0,0.00583390099927783,0.0,0.0,,,,,,,,,,,,,,,,,,,,,,,,,,,,,,,,,,,,,,,,,,,,,,,,,,,,,,,,,,,,,,,,,,,,,,,,,,,,,,,,,,,,,,,,,,,,,,,,,,,,,,,,,,,,,,,,,,,,,,,,,,,,,,
2021-05-06,749649.9904501472,217.26122291396126,,,,,,,,,,,76494.84123570709,,1039061.7711000025,,,,,,,,,,,,,,,,,,,,,,,,,,,,,,,,,,,,,,,,,,,3860.7637313336036,,,,,,,,,,,,,,,,,,,,,,11812.554581210383,9601.406498142447,3560.2355437396636,7421.891063893989,8748.773750945793,62901.444982088346,23045.073770562092,5338.693215411403,30320.765712261764,,,,,,,,,,,,,,,,,,,,,,,,,,,,,,,,,,,,0.007672586012631655,0.0,0.0,0.01092440728098154,0.0,0.0,0.0,0.0,0.0,0.0,0.0,0.0,0.0,0.0,0.0,0.0,,0.0,,0.0,,0.0,0.0,0.0,0.010507198981940746,0.0,,0.0,0.0,0.010712611488997936,0.0,0.012846814468502998,0.0,,0.0,,,,0.0,0.0,0.0,,0.0,0.0,0.0012285824632272124,0.009027548134326935,0.0,,,0.0,,0.0,0.0,0.0,0.0,0.0,0.0,0.0,0.0,0.006439491640776396,0.015234255231916904,0.0,0.0,0.0,,0.011381476186215878,0.0,0.0,0.0,0.015055594965815544,,0.0005889178719371557,0.0,,0.0,0.0,0.0,0.0,,0.0,0.0,0.0,,0.0,,0.0,0.0,,0.0,,0.0,0.0,0.0030229962430894375,0.01743323914706707,0.0,0.012673601508140564,0.0,0.016194811090826988,0.0,,,0.009300514124333858,0.0,,,,,0.0,0.0,0.0,0.0,0.0,0.0,0.0,0.0,0.0,,0.012146583758294582,0.0019998527131974697,0.0,,0.019029388204216957,0.0,0.0015352413756772876,0.0,0.0,0.0,,0.002669151872396469,,0.014855947345495224,0.0,0.0,0.01175154373049736,,0.0,0.0,,0.0,0.0,0.0,0.0,0.0,0.0001421356719220057,0.0011042432161048055,0.0,0.0,0.0046468619257211685,0.003770541399717331,0.0,0.0012880248250439763,,0.02132318913936615,0.0,0.004850889090448618,0.0,,0.0,0.007785265799611807,0.0,0.0,0.0,0.0,0.0061191171407699585,0.0,0.0,0.0,,0.015078713186085224,0.0,0.0,,,,0.006918592378497124,0.002163069089874625,,0.0,0.0,0.0,0.0,,0.0,,0.0,0.0,0.013318006880581379,0.0,0.0,0.0,,,,0.0,0.01897398941218853,0.0,0.0,0.0,,0.0,0.008289680816233158,0.007186546456068754,0.0,,0.0,0.015495573170483112,0.0,0.0,0.0,,0.002988440217450261,0.0071138362400233746,0.006663523148745298,0.0,,0.0029522741679102182,0.007444577291607857,0.00870683416724205,0.0,0.015951599925756454,0.0,,0.0,0.0,0.0,0.0,0.0,0.0,,0.0,,0.005740217864513397,0.007723913062363863,0.0016765532782301307,0.0,0.0,0.0,0.0,,0.0,0.011521018110215664,0.0028374833054840565,,,0.0,0.0,0.0,0.0,0.0,0.0,0.0,0.0,0.0,,0.0,0.0,0.0014217449352145195,,0.0,0.0,0.0,0.015036061406135559,0.0,0.0,0.0,,,0.0,0.002523822244256735,0.0,0.0,0.0,,0.012212172150611877,,0.010441260412335396,0.0,,0.0,0.0001980172237381339,0.0,0.0,,,0.0,0.009777898900210857,,0.011562291532754898,0.0,,,0.0,0.021612513810396194,0.0,0.0,0.0,0.0,0.0,,,0.0,0.0,0.0,0.0,0.0,,,0.0,0.0,0.0,,0.0,0.0,,0.0,0.0,0.010721533559262753,,0.0,0.0,0.0,0.0,,0.0,0.0,,0.0,0.0,0.0,0.000222572882194072,0.004138255026191473,0.0,0.0,0.0,0.0,0.0,0.0,0.0,0.0,,0.01636638306081295,,0.0,0.013081780634820461,0.00596213573589921,0.0,0.0,0.0,0.00783260352909565,0.013072560541331768,0.0,0.01504174992442131,0.0,,0.0,,0.0,0.007702955510467291,0.0,,0.0,0.0,0.0,0.0064319828525185585,0.0,0.0,0.0,0.0,0.006455377209931612,0.002276746090501547,0.0,,,0.0,0.0,0.0,,,,0.0,0.0,,0.0,,0.0,,0.0,,,0.0,,,,,0.0,,0.0,0.009475049562752247,0.0,,0.0,0.0,0.0006172159337438643,,0.011276694014668465,0.0,,0.0,0.008886725641787052,0.0,,,0.0,,0.01935204491019249,0.0,0.0,,0.0,0.0019069688860327005,,,,0.0,0.0,0.0,0.0,0.0,7.387471123365685e-05,,,,0.007764055393636227,0.0,,0.0,,0.0,0.0,0.0,0.0,,,0.0,0.0,,,0.0,,0.0,,0.0,0.0,0.0,0.0,0.0,0.0,0.0,,0.0,0.010640541091561317,0.0,0.0,0.0,,,0.0,0.0,0.0,0.0,0.004161264281719923,0.0073729087598621845,,,,0.007771022617816925,0.0,0.0,0.0,,,0.008342444896697998,0.0,0.0,,0.0,,,,,0.0,0.013751369901001453,0.0,,0.0,,,0.0,,0.006028351373970509,0.0,0.0,0.0,,0.006963010877370834,0.0,,0.0,0.0,0.0,0.0,0.0,,0.0025301980786025524,0.0,0.0,,0.0,0.0,0.0,0.0,0.0,0.0,0.0,,0.0009805925656110048,0.0,0.0,0.007419695612043142,0.0,0.0,0.0,,0.0,0.0,0.0,0.010489208623766899,0.0,0.0,0.0,0.0,0.0,0.0,0.00028485566144809127,0.0,0.0,0.0,,0.0,0.0,0.0,0.0,0.0,0.0,0.0,0.0,0.0,0.004446286242455244,0.0,0.0,0.0,,0.0,0.006903916597366333,,0.0032303640618920326,0.0,0.0,0.0,0.0,0.0,0.007855664007365704,0.0,0.0,0.0,0.011428353376686573,0.0,0.014265907928347588,0.0,0.0,0.0,0.0,0.0,0.0,0.0,0.0,0.0,0.0,0.0,0.0,0.0071387211792171,0.0,0.0,0.0,0.010663309134542942,0.009583434090018272,0.0,0.00991410668939352,0.0,0.0,0.0,0.019269602373242378,0.0,0.0,0.0,0.0,0.0,0.0,0.0,0.0,0.004451911896467209,0.0,0.0,0.0,0.0,0.0,0.015617968514561653,0.0,0.008543897420167923,0.0,0.0,0.017431413754820824,0.0,0.0,0.0,0.0,0.0,0.011158911511301994,0.0,0.006921166554093361,0.0,0.013884417712688446,0.0,0.0,0.0,0.0,0.0,0.017269155010581017,0.0,0.00583390099927783,0.0,0.0,,,,,,,,,,,,,,,,,,,,,,,,,,,,,,,,,,,,,,,,,,,,,,,,,,,,,,,,,,,,,,,,,,,,,,,,,,,,,,,,,,,,,,,,,,,,,,,,,,,,,,,,,,,,,,,,,,,,,,,,,,,,,,
2021-05-07,746351.4675718038,27.492383156592723,,,,,,,,,,,76494.84123570709,,1039061.7711000025,,,,,,,,,,,,,,,,,,,,,,,,,,,,,,,,,,,,,,,,,,,3860.7637313336036,,,,,,,,,,,,,,,,,,,,,,11812.554581210383,9601.406498142447,3560.2355437396636,7421.891063893989,8748.773750945793,62371.61211787867,23315.12709804348,5338.693215411403,30320.765712261764,,,,,,,,,,,,,,,,,,,,,,,,,,,,,,,,,,,,0.007672586012631655,0.0,0.0,0.01092440728098154,0.0,0.0,0.0,0.0,0.0,0.0,0.0,0.0,0.0,0.0,0.0,0.0,,0.0,,0.0,,0.0,0.0,0.0,0.010507198981940746,0.0,,0.0,0.0,0.010712611488997936,0.0,0.012846814468502998,0.0,,0.0,,,,0.0,0.0,0.0,,0.0,0.0,0.0012285824632272124,0.009027548134326935,0.0,,,0.0,,0.0,0.0,0.0,0.0,0.0,0.0,0.0,0.0,0.006439491640776396,0.015234255231916904,0.0,0.0,0.0,,0.011381476186215878,0.0,0.0,0.0,0.015055594965815544,,0.0005889178719371557,0.0,,0.0,0.0,0.0,0.0,,0.0,0.0,0.0,,0.0,,0.0,0.0,,0.0,,0.0,0.0,0.0030229962430894375,0.01743323914706707,0.0,0.012673601508140564,0.0,0.016194811090826988,0.0,,,0.009300514124333858,0.0,,,,,0.0,0.0,0.0,0.0,0.0,0.0,0.0,0.0,0.0,,0.012146583758294582,0.0019998527131974697,0.0,,0.019029388204216957,0.0,0.0015352413756772876,0.0,0.0,0.0,,0.002669151872396469,,0.014855947345495224,0.0,0.0,0.01175154373049736,,0.0,0.0,,0.0,0.0,0.0,0.0,0.0,0.0001421356719220057,0.0011042432161048055,0.0,0.0,0.0046468619257211685,0.003770541399717331,0.0,0.0012880248250439763,,0.02132318913936615,0.0,0.004850889090448618,0.0,,0.0,0.007785265799611807,0.0,0.0,0.0,0.0,0.0061191171407699585,0.0,0.0,0.0,,0.015078713186085224,0.0,0.0,,,,0.006918592378497124,0.002163069089874625,,0.0,0.0,0.0,0.0,,0.0,,0.0,0.0,0.013318006880581379,0.0,0.0,0.0,,,,0.0,0.01897398941218853,0.0,0.0,0.0,,0.0,0.008289680816233158,0.007186546456068754,0.0,,0.0,0.015495573170483112,0.0,0.0,0.0,,0.002988440217450261,0.0071138362400233746,0.006663523148745298,0.0,,0.0029522741679102182,0.007444577291607857,0.00870683416724205,0.0,0.015951599925756454,0.0,,0.0,0.0,0.0,0.0,0.0,0.0,,0.0,,0.005740217864513397,0.007723913062363863,0.0016765532782301307,0.0,0.0,0.0,0.0,,0.0,0.011521018110215664,0.0028374833054840565,,,0.0,0.0,0.0,0.0,0.0,0.0,0.0,0.0,0.0,,0.0,0.0,0.0014217449352145195,,0.0,0.0,0.0,0.015036061406135559,0.0,0.0,0.0,,,0.0,0.002523822244256735,0.0,0.0,0.0,,0.012212172150611877,,0.010441260412335396,0.0,,0.0,0.0001980172237381339,0.0,0.0,,,0.0,0.009777898900210857,,0.011562291532754898,0.0,,,0.0,0.021612513810396194,0.0,0.0,0.0,0.0,0.0,,,0.0,0.0,0.0,0.0,0.0,,,0.0,0.0,0.0,,0.0,0.0,,0.0,0.0,0.010721533559262753,,0.0,0.0,0.0,0.0,,0.0,0.0,,0.0,0.0,0.0,0.000222572882194072,0.004138255026191473,0.0,0.0,0.0,0.0,0.0,0.0,0.0,0.0,,0.01636638306081295,,0.0,0.013081780634820461,0.00596213573589921,0.0,0.0,0.0,0.00783260352909565,0.013072560541331768,0.0,0.01504174992442131,0.0,,0.0,,0.0,0.007702955510467291,0.0,,0.0,0.0,0.0,0.0064319828525185585,0.0,0.0,0.0,0.0,0.006455377209931612,0.002276746090501547,0.0,,,0.0,0.0,0.0,,,,0.0,0.0,,0.0,,0.0,,0.0,,,0.0,,,,,0.0,,0.0,0.009475049562752247,0.0,,0.0,0.0,0.0006172159337438643,,0.011276694014668465,0.0,,0.0,0.008886725641787052,0.0,,,0.0,,0.01935204491019249,0.0,0.0,,0.0,0.0019069688860327005,,,,0.0,0.0,0.0,0.0,0.0,7.387471123365685e-05,,,,0.007764055393636227,0.0,,0.0,,0.0,0.0,0.0,0.0,,,0.0,0.0,,,0.0,,0.0,,0.0,0.0,0.0,0.0,0.0,0.0,0.0,,0.0,0.010640541091561317,0.0,0.0,0.0,,,0.0,0.0,0.0,0.0,0.004161264281719923,0.0073729087598621845,,,,0.007771022617816925,0.0,0.0,0.0,,,0.008342444896697998,0.0,0.0,,0.0,,,,,0.0,0.013751369901001453,0.0,,0.0,,,0.0,,0.006028351373970509,0.0,0.0,0.0,,0.006963010877370834,0.0,,0.0,0.0,0.0,0.0,0.0,,0.0025301980786025524,0.0,0.0,,0.0,0.0,0.0,0.0,0.0,0.0,0.0,,0.0009805925656110048,0.0,0.0,0.007419695612043142,0.0,0.0,0.0,,0.0,0.0,0.0,0.010489208623766899,0.0,0.0,0.0,0.0,0.0,0.0,0.00028485566144809127,0.0,0.0,0.0,,0.0,0.0,0.0,0.0,0.0,0.0,0.0,0.0,0.0,0.004446286242455244,0.0,0.0,0.0,,0.0,0.006903916597366333,,0.0032303640618920326,0.0,0.0,0.0,0.0,0.0,0.007855664007365704,0.0,0.0,0.0,0.011428353376686573,0.0,0.014265907928347588,0.0,0.0,0.0,0.0,0.0,0.0,0.0,0.0,0.0,0.0,0.0,0.0,0.0071387211792171,0.0,0.0,0.0,0.010663309134542942,0.009583434090018272,0.0,0.00991410668939352,0.0,0.0,0.0,0.019269602373242378,0.0,0.0,0.0,0.0,0.0,0.0,0.0,0.0,0.004451911896467209,0.0,0.0,0.0,0.0,0.0,0.015617968514561653,0.0,0.008543897420167923,0.0,0.0,0.017431413754820824,0.0,0.0,0.0,0.0,0.0,0.011158911511301994,0.0,0.006921166554093361,0.0,0.013884417712688446,0.0,0.0,0.0,0.0,0.0,0.017269155010581017,0.0,0.00583390099927783,0.0,0.0,,,,,,,,,,,,,,,,,,,,,,,,,,,,,,,,,,,,,,,,,,,,,,,,,,,,,,,,,,,,,,,,,,,,,,,,,,,,,,,,,,,,,,,,,,,,,,,,,,,,,,,,,,,,,,,,,,,,,,,,,,,,,,
2021-05-10,741693.709504675,182.5795053049692,,,,,,,,,,,76494.84123570709,,1039061.7711000025,,,,,,,,,,,,,,,,,,,,,,,,,,,,,,,,,,,,,,,,,,,3860.7637313336036,,,,,,,,,,,,,,,,,,,,,,11812.554581210383,9601.406498142447,3560.2355437396636,7421.891063893989,8748.773750945793,60237.30179395643,24125.309771916112,5338.693215411403,30320.765712261764,,,,,,,,,,,,,,,,,,,,,,,,,,,,,,,,,,,,0.007672586012631655,0.0,0.0,0.01092440728098154,0.0,0.0,0.0,0.0,0.0,0.0,0.0,0.0,0.0,0.0,0.0,0.0,,0.0,,0.0,,0.0,0.0,0.0,0.010507198981940746,0.0,,0.0,0.0,0.010712611488997936,0.0,0.012846814468502998,0.0,,0.0,,,,0.0,0.0,0.0,,0.0,0.0,0.0012285824632272124,0.009027548134326935,0.0,,,0.0,,0.0,0.0,0.0,0.0,0.0,0.0,0.0,0.0,0.006439491640776396,0.015234255231916904,0.0,0.0,0.0,,0.011381476186215878,0.0,0.0,0.0,0.015055594965815544,,0.0005889178719371557,0.0,,0.0,0.0,0.0,0.0,,0.0,0.0,0.0,,0.0,,0.0,0.0,,0.0,,0.0,0.0,0.0030229962430894375,0.01743323914706707,0.0,0.012673601508140564,0.0,0.016194811090826988,0.0,,,0.009300514124333858,0.0,,,,,0.0,0.0,0.0,0.0,0.0,0.0,0.0,0.0,0.0,,0.012146583758294582,0.0019998527131974697,0.0,,0.019029388204216957,0.0,0.0015352413756772876,0.0,0.0,0.0,,0.002669151872396469,,0.014855947345495224,0.0,0.0,0.01175154373049736,,0.0,0.0,,0.0,0.0,0.0,0.0,0.0,0.0001421356719220057,0.0011042432161048055,0.0,0.0,0.0046468619257211685,0.003770541399717331,0.0,0.0012880248250439763,,0.02132318913936615,0.0,0.004850889090448618,0.0,,0.0,0.007785265799611807,0.0,0.0,0.0,0.0,0.0061191171407699585,0.0,0.0,0.0,,0.015078713186085224,0.0,0.0,,,,0.006918592378497124,0.002163069089874625,,0.0,0.0,0.0,0.0,,0.0,,0.0,0.0,0.013318006880581379,0.0,0.0,0.0,,,,0.0,0.01897398941218853,0.0,0.0,0.0,,0.0,0.008289680816233158,0.007186546456068754,0.0,,0.0,0.015495573170483112,0.0,0.0,0.0,,0.002988440217450261,0.0071138362400233746,0.006663523148745298,0.0,,0.0029522741679102182,0.007444577291607857,0.00870683416724205,0.0,0.015951599925756454,0.0,,0.0,0.0,0.0,0.0,0.0,0.0,,0.0,,0.005740217864513397,0.007723913062363863,0.0016765532782301307,0.0,0.0,0.0,0.0,,0.0,0.011521018110215664,0.0028374833054840565,,,0.0,0.0,0.0,0.0,0.0,0.0,0.0,0.0,0.0,,0.0,0.0,0.0014217449352145195,,0.0,0.0,0.0,0.015036061406135559,0.0,0.0,0.0,,,0.0,0.002523822244256735,0.0,0.0,0.0,,0.012212172150611877,,0.010441260412335396,0.0,,0.0,0.0001980172237381339,0.0,0.0,,,0.0,0.009777898900210857,,0.011562291532754898,0.0,,,0.0,0.021612513810396194,0.0,0.0,0.0,0.0,0.0,,,0.0,0.0,0.0,0.0,0.0,,,0.0,0.0,0.0,,0.0,0.0,,0.0,0.0,0.010721533559262753,,0.0,0.0,0.0,0.0,,0.0,0.0,,0.0,0.0,0.0,0.000222572882194072,0.004138255026191473,0.0,0.0,0.0,0.0,0.0,0.0,0.0,0.0,,0.01636638306081295,,0.0,0.013081780634820461,0.00596213573589921,0.0,0.0,0.0,0.00783260352909565,0.013072560541331768,0.0,0.01504174992442131,0.0,,0.0,,0.0,0.007702955510467291,0.0,,0.0,0.0,0.0,0.0064319828525185585,0.0,0.0,0.0,0.0,0.006455377209931612,0.002276746090501547,0.0,,,0.0,0.0,0.0,,,,0.0,0.0,,0.0,,0.0,,0.0,,,0.0,,,,,0.0,,0.0,0.009475049562752247,0.0,,0.0,0.0,0.0006172159337438643,,0.011276694014668465,0.0,,0.0,0.008886725641787052,0.0,,,0.0,,0.01935204491019249,0.0,0.0,,0.0,0.0019069688860327005,,,,0.0,0.0,0.0,0.0,0.0,7.387471123365685e-05,,,,0.007764055393636227,0.0,,0.0,,0.0,0.0,0.0,0.0,,,0.0,0.0,,,0.0,,0.0,,0.0,0.0,0.0,0.0,0.0,0.0,0.0,,0.0,0.010640541091561317,0.0,0.0,0.0,,,0.0,0.0,0.0,0.0,0.004161264281719923,0.0073729087598621845,,,,0.007771022617816925,0.0,0.0,0.0,,,0.008342444896697998,0.0,0.0,,0.0,,,,,0.0,0.013751369901001453,0.0,,0.0,,,0.0,,0.006028351373970509,0.0,0.0,0.0,,0.006963010877370834,0.0,,0.0,0.0,0.0,0.0,0.0,,0.0025301980786025524,0.0,0.0,,0.0,0.0,0.0,0.0,0.0,0.0,0.0,,0.0009805925656110048,0.0,0.0,0.007419695612043142,0.0,0.0,0.0,,0.0,0.0,0.0,0.010489208623766899,0.0,0.0,0.0,0.0,0.0,0.0,0.00028485566144809127,0.0,0.0,0.0,,0.0,0.0,0.0,0.0,0.0,0.0,0.0,0.0,0.0,0.004446286242455244,0.0,0.0,0.0,,0.0,0.006903916597366333,,0.0032303640618920326,0.0,0.0,0.0,0.0,0.0,0.007855664007365704,0.0,0.0,0.0,0.011428353376686573,0.0,0.014265907928347588,0.0,0.0,0.0,0.0,0.0,0.0,0.0,0.0,0.0,0.0,0.0,0.0,0.0071387211792171,0.0,0.0,0.0,0.010663309134542942,0.009583434090018272,0.0,0.00991410668939352,0.0,0.0,0.0,0.019269602373242378,0.0,0.0,0.0,0.0,0.0,0.0,0.0,0.0,0.004451911896467209,0.0,0.0,0.0,0.0,0.0,0.015617968514561653,0.0,0.008543897420167923,0.0,0.0,0.017431413754820824,0.0,0.0,0.0,0.0,0.0,0.011158911511301994,0.0,0.006921166554093361,0.0,0.013884417712688446,0.0,0.0,0.0,0.0,0.0,0.017269155010581017,0.0,0.00583390099927783,0.0,0.0,,,,,,,,,,,,,,,,,,,,,,,,,,,,,,,,,,,,,,,,,,,,,,,,,,,,,,,,,,,,,,,,,,,,,,,,,,,,,,,,,,,,,,,,,,,,,,,,,,,,,,,,,,,,,,,,,,,,,,,,,,,,,,
2021-05-11,750071.3937729864,306.59455373541516,,,,,,,,,,,76494.84123570709,,1039061.7711000025,,,,,,,,,,,,,,,,,,,,,,,,,,,,,,,,,,,,,,,,,,,3860.7637313336036,,,,,,,,,,,,,,,,,,,,,,11812.554581210383,9601.406498142447,3560.2355437396636,7421.891063893989,8748.773750945793,59704.38957401899,24301.46151630103,5338.693215411403,30320.765712261764,,,,,,,,,,,,,,,,,,,,,,,,,,,,,,,,,,,,0.007672586012631655,0.0,0.0,0.01092440728098154,0.0,0.0,0.0,0.0,0.0,0.0,0.0,0.0,0.0,0.0,0.0,0.0,,0.0,,0.0,,0.0,0.0,0.0,0.010507198981940746,0.0,,0.0,0.0,0.010712611488997936,0.0,0.012846814468502998,0.0,,0.0,,,,0.0,0.0,0.0,,0.0,0.0,0.0012285824632272124,0.009027548134326935,0.0,,,0.0,,0.0,0.0,0.0,0.0,0.0,0.0,0.0,0.0,0.006439491640776396,0.015234255231916904,0.0,0.0,0.0,,0.011381476186215878,0.0,0.0,0.0,0.015055594965815544,,0.0005889178719371557,0.0,,0.0,0.0,0.0,0.0,,0.0,0.0,0.0,,0.0,,0.0,0.0,,0.0,,0.0,0.0,0.0030229962430894375,0.01743323914706707,0.0,0.012673601508140564,0.0,0.016194811090826988,0.0,,,0.009300514124333858,0.0,,,,,0.0,0.0,0.0,0.0,0.0,0.0,0.0,0.0,0.0,,0.012146583758294582,0.0019998527131974697,0.0,,0.019029388204216957,0.0,0.0015352413756772876,0.0,0.0,0.0,,0.002669151872396469,,0.014855947345495224,0.0,0.0,0.01175154373049736,,0.0,0.0,,0.0,0.0,0.0,0.0,0.0,0.0001421356719220057,0.0011042432161048055,0.0,0.0,0.0046468619257211685,0.003770541399717331,0.0,0.0012880248250439763,,0.02132318913936615,0.0,0.004850889090448618,0.0,,0.0,0.007785265799611807,0.0,0.0,0.0,0.0,0.0061191171407699585,0.0,0.0,0.0,,0.015078713186085224,0.0,0.0,,,,0.006918592378497124,0.002163069089874625,,0.0,0.0,0.0,0.0,,0.0,,0.0,0.0,0.013318006880581379,0.0,0.0,0.0,,,,0.0,0.01897398941218853,0.0,0.0,0.0,,0.0,0.008289680816233158,0.007186546456068754,0.0,,0.0,0.015495573170483112,0.0,0.0,0.0,,0.002988440217450261,0.0071138362400233746,0.006663523148745298,0.0,,0.0029522741679102182,0.007444577291607857,0.00870683416724205,0.0,0.015951599925756454,0.0,,0.0,0.0,0.0,0.0,0.0,0.0,,0.0,,0.005740217864513397,0.007723913062363863,0.0016765532782301307,0.0,0.0,0.0,0.0,,0.0,0.011521018110215664,0.0028374833054840565,,,0.0,0.0,0.0,0.0,0.0,0.0,0.0,0.0,0.0,,0.0,0.0,0.0014217449352145195,,0.0,0.0,0.0,0.015036061406135559,0.0,0.0,0.0,,,0.0,0.002523822244256735,0.0,0.0,0.0,,0.012212172150611877,,0.010441260412335396,0.0,,0.0,0.0001980172237381339,0.0,0.0,,,0.0,0.009777898900210857,,0.011562291532754898,0.0,,,0.0,0.021612513810396194,0.0,0.0,0.0,0.0,0.0,,,0.0,0.0,0.0,0.0,0.0,,,0.0,0.0,0.0,,0.0,0.0,,0.0,0.0,0.010721533559262753,,0.0,0.0,0.0,0.0,,0.0,0.0,,0.0,0.0,0.0,0.000222572882194072,0.004138255026191473,0.0,0.0,0.0,0.0,0.0,0.0,0.0,0.0,,0.01636638306081295,,0.0,0.013081780634820461,0.00596213573589921,0.0,0.0,0.0,0.00783260352909565,0.013072560541331768,0.0,0.01504174992442131,0.0,,0.0,,0.0,0.007702955510467291,0.0,,0.0,0.0,0.0,0.0064319828525185585,0.0,0.0,0.0,0.0,0.006455377209931612,0.002276746090501547,0.0,,,0.0,0.0,0.0,,,,0.0,0.0,,0.0,,0.0,,0.0,,,0.0,,,,,0.0,,0.0,0.009475049562752247,0.0,,0.0,0.0,0.0006172159337438643,,0.011276694014668465,0.0,,0.0,0.008886725641787052,0.0,,,0.0,,0.01935204491019249,0.0,0.0,,0.0,0.0019069688860327005,,,,0.0,0.0,0.0,0.0,0.0,7.387471123365685e-05,,,,0.007764055393636227,0.0,,0.0,,0.0,0.0,0.0,0.0,,,0.0,0.0,,,0.0,,0.0,,0.0,0.0,0.0,0.0,0.0,0.0,0.0,,0.0,0.010640541091561317,0.0,0.0,0.0,,,0.0,0.0,0.0,0.0,0.004161264281719923,0.0073729087598621845,,,,0.007771022617816925,0.0,0.0,0.0,,,0.008342444896697998,0.0,0.0,,0.0,,,,,0.0,0.013751369901001453,0.0,,0.0,,,0.0,,0.006028351373970509,0.0,0.0,0.0,,0.006963010877370834,0.0,,0.0,0.0,0.0,0.0,0.0,,0.0025301980786025524,0.0,0.0,,0.0,0.0,0.0,0.0,0.0,0.0,0.0,,0.0009805925656110048,0.0,0.0,0.007419695612043142,0.0,0.0,0.0,,0.0,0.0,0.0,0.010489208623766899,0.0,0.0,0.0,0.0,0.0,0.0,0.00028485566144809127,0.0,0.0,0.0,,0.0,0.0,0.0,0.0,0.0,0.0,0.0,0.0,0.0,0.004446286242455244,0.0,0.0,0.0,,0.0,0.006903916597366333,,0.0032303640618920326,0.0,0.0,0.0,0.0,0.0,0.007855664007365704,0.0,0.0,0.0,0.011428353376686573,0.0,0.014265907928347588,0.0,0.0,0.0,0.0,0.0,0.0,0.0,0.0,0.0,0.0,0.0,0.0,0.0071387211792171,0.0,0.0,0.0,0.010663309134542942,0.009583434090018272,0.0,0.00991410668939352,0.0,0.0,0.0,0.019269602373242378,0.0,0.0,0.0,0.0,0.0,0.0,0.0,0.0,0.004451911896467209,0.0,0.0,0.0,0.0,0.0,0.015617968514561653,0.0,0.008543897420167923,0.0,0.0,0.017431413754820824,0.0,0.0,0.0,0.0,0.0,0.011158911511301994,0.0,0.006921166554093361,0.0,0.013884417712688446,0.0,0.0,0.0,0.0,0.0,0.017269155010581017,0.0,0.00583390099927783,0.0,0.0,,,,,,,,,,,,,,,,,,,,,,,,,,,,,,,,,,,,,,,,,,,,,,,,,,,,,,,,,,,,,,,,,,,,,,,,,,,,,,,,,,,,,,,,,,,,,,,,,,,,,,,,,,,,,,,,,,,,,,,,,,,,,,
2021-05-12,756001.3727312891,565.5277886469069,,,,,,,,,,,76494.84123570709,,1039061.7711000025,,,,,,,,,,,,,,,,,,,,,,,,,,,,,,,,,,,,,,,,,,,3860.7637313336036,,,,,,,,,,,,,,,,,,,,,,11812.554581210383,9601.406498142447,3560.2355437396636,7421.891063893989,8748.773750945793,59704.38957401899,24217.396047942068,5338.693215411403,30320.765712261764,,,,,,,,,,,,,,,,,,,,,,,,,,,,,,,,,,,,0.007672586012631655,0.0,0.0,0.01092440728098154,0.0,0.0,0.0,0.0,0.0,0.0,0.0,0.0,0.0,0.0,0.0,0.0,,0.0,,0.0,,0.0,0.0,0.0,0.010507198981940746,0.0,,0.0,0.0,0.010712611488997936,0.0,0.012846814468502998,0.0,,0.0,,,,0.0,0.0,0.0,,0.0,0.0,0.0012285824632272124,0.009027548134326935,0.0,,,0.0,,0.0,0.0,0.0,0.0,0.0,0.0,0.0,0.0,0.006439491640776396,0.015234255231916904,0.0,0.0,0.0,,0.011381476186215878,0.0,0.0,0.0,0.015055594965815544,,0.0005889178719371557,0.0,,0.0,0.0,0.0,0.0,,0.0,0.0,0.0,,0.0,,0.0,0.0,,0.0,,0.0,0.0,0.0030229962430894375,0.01743323914706707,0.0,0.012673601508140564,0.0,0.016194811090826988,0.0,,,0.009300514124333858,0.0,,,,,0.0,0.0,0.0,0.0,0.0,0.0,0.0,0.0,0.0,,0.012146583758294582,0.0019998527131974697,0.0,,0.019029388204216957,0.0,0.0015352413756772876,0.0,0.0,0.0,,0.002669151872396469,,0.014855947345495224,0.0,0.0,0.01175154373049736,,0.0,0.0,,0.0,0.0,0.0,0.0,0.0,0.0001421356719220057,0.0011042432161048055,0.0,0.0,0.0046468619257211685,0.003770541399717331,0.0,0.0012880248250439763,,0.02132318913936615,0.0,0.004850889090448618,0.0,,0.0,0.007785265799611807,0.0,0.0,0.0,0.0,0.0061191171407699585,0.0,0.0,0.0,,0.015078713186085224,0.0,0.0,,,,0.006918592378497124,0.002163069089874625,,0.0,0.0,0.0,0.0,,0.0,,0.0,0.0,0.013318006880581379,0.0,0.0,0.0,,,,0.0,0.01897398941218853,0.0,0.0,0.0,,0.0,0.008289680816233158,0.007186546456068754,0.0,,0.0,0.015495573170483112,0.0,0.0,0.0,,0.002988440217450261,0.0071138362400233746,0.006663523148745298,0.0,,0.0029522741679102182,0.007444577291607857,0.00870683416724205,0.0,0.015951599925756454,0.0,,0.0,0.0,0.0,0.0,0.0,0.0,,0.0,,0.005740217864513397,0.007723913062363863,0.0016765532782301307,0.0,0.0,0.0,0.0,,0.0,0.011521018110215664,0.0028374833054840565,,,0.0,0.0,0.0,0.0,0.0,0.0,0.0,0.0,0.0,,0.0,0.0,0.0014217449352145195,,0.0,0.0,0.0,0.015036061406135559,0.0,0.0,0.0,,,0.0,0.002523822244256735,0.0,0.0,0.0,,0.012212172150611877,,0.010441260412335396,0.0,,0.0,0.0001980172237381339,0.0,0.0,,,0.0,0.009777898900210857,,0.011562291532754898,0.0,,,0.0,0.021612513810396194,0.0,0.0,0.0,0.0,0.0,,,0.0,0.0,0.0,0.0,0.0,,,0.0,0.0,0.0,,0.0,0.0,,0.0,0.0,0.010721533559262753,,0.0,0.0,0.0,0.0,,0.0,0.0,,0.0,0.0,0.0,0.000222572882194072,0.004138255026191473,0.0,0.0,0.0,0.0,0.0,0.0,0.0,0.0,,0.01636638306081295,,0.0,0.013081780634820461,0.00596213573589921,0.0,0.0,0.0,0.00783260352909565,0.013072560541331768,0.0,0.01504174992442131,0.0,,0.0,,0.0,0.007702955510467291,0.0,,0.0,0.0,0.0,0.0064319828525185585,0.0,0.0,0.0,0.0,0.006455377209931612,0.002276746090501547,0.0,,,0.0,0.0,0.0,,,,0.0,0.0,,0.0,,0.0,,0.0,,,0.0,,,,,0.0,,0.0,0.009475049562752247,0.0,,0.0,0.0,0.0006172159337438643,,0.011276694014668465,0.0,,0.0,0.008886725641787052,0.0,,,0.0,,0.01935204491019249,0.0,0.0,,0.0,0.0019069688860327005,,,,0.0,0.0,0.0,0.0,0.0,7.387471123365685e-05,,,,0.007764055393636227,0.0,,0.0,,0.0,0.0,0.0,0.0,,,0.0,0.0,,,0.0,,0.0,,0.0,0.0,0.0,0.0,0.0,0.0,0.0,,0.0,0.010640541091561317,0.0,0.0,0.0,,,0.0,0.0,0.0,0.0,0.004161264281719923,0.0073729087598621845,,,,0.007771022617816925,0.0,0.0,0.0,,,0.008342444896697998,0.0,0.0,,0.0,,,,,0.0,0.013751369901001453,0.0,,0.0,,,0.0,,0.006028351373970509,0.0,0.0,0.0,,0.006963010877370834,0.0,,0.0,0.0,0.0,0.0,0.0,,0.0025301980786025524,0.0,0.0,,0.0,0.0,0.0,0.0,0.0,0.0,0.0,,0.0009805925656110048,0.0,0.0,0.007419695612043142,0.0,0.0,0.0,,0.0,0.0,0.0,0.010489208623766899,0.0,0.0,0.0,0.0,0.0,0.0,0.00028485566144809127,0.0,0.0,0.0,,0.0,0.0,0.0,0.0,0.0,0.0,0.0,0.0,0.0,0.004446286242455244,0.0,0.0,0.0,,0.0,0.006903916597366333,,0.0032303640618920326,0.0,0.0,0.0,0.0,0.0,0.007855664007365704,0.0,0.0,0.0,0.011428353376686573,0.0,0.014265907928347588,0.0,0.0,0.0,0.0,0.0,0.0,0.0,0.0,0.0,0.0,0.0,0.0,0.0071387211792171,0.0,0.0,0.0,0.010663309134542942,0.009583434090018272,0.0,0.00991410668939352,0.0,0.0,0.0,0.019269602373242378,0.0,0.0,0.0,0.0,0.0,0.0,0.0,0.0,0.004451911896467209,0.0,0.0,0.0,0.0,0.0,0.015617968514561653,0.0,0.008543897420167923,0.0,0.0,0.017431413754820824,0.0,0.0,0.0,0.0,0.0,0.011158911511301994,0.0,0.006921166554093361,0.0,0.013884417712688446,0.0,0.0,0.0,0.0,0.0,0.017269155010581017,0.0,0.00583390099927783,0.0,0.0,,,,,,,,,,,,,,,,,,,,,,,,,,,,,,,,,,,,,,,,,,,,,,,,,,,,,,,,,,,,,,,,,,,,,,,,,,,,,,,,,,,,,,,,,,,,,,,,,,,,,,,,,,,,,,,,,,,,,,,,,,,,,,
2021-05-13,756284.5244179517,326.09827273320525,,,,,,,,,,,76494.84123570709,,1039061.7711000025,,,,,,,,,,,,,,,,,,,,,,,,,,,,,,,,,,,,,,,,,,,3860.7637313336036,,,,,,,,,,,,,,,,,,,,,,11812.554581210383,9601.406498142447,3560.2355437396636,7421.891063893989,8748.773750945793,58107.20499627837,24031.44527723102,5406.43609610842,31443.702310616554,,,,,,,,,,,,,,,,,,,,,,,,,,,,,,,,,,,,0.007672586012631655,0.0,0.0,0.01092440728098154,0.0,0.0,0.0,0.0,0.0,0.0,0.0,0.0,0.0,0.0,0.0,0.0,,0.0,,0.0,,0.0,0.0,0.0,0.010507198981940746,0.0,,0.0,0.0,0.010712611488997936,0.0,0.012846814468502998,0.0,,0.0,,,,0.0,0.0,0.0,,0.0,0.0,0.0012285824632272124,0.009027548134326935,0.0,,,0.0,,0.0,0.0,0.0,0.0,0.0,0.0,0.0,0.0,0.006439491640776396,0.015234255231916904,0.0,0.0,0.0,,0.011381476186215878,0.0,0.0,0.0,0.015055594965815544,,0.0005889178719371557,0.0,,0.0,0.0,0.0,0.0,,0.0,0.0,0.0,,0.0,,0.0,0.0,,0.0,,0.0,0.0,0.0030229962430894375,0.01743323914706707,0.0,0.012673601508140564,0.0,0.016194811090826988,0.0,,,0.009300514124333858,0.0,,,,,0.0,0.0,0.0,0.0,0.0,0.0,0.0,0.0,0.0,,0.012146583758294582,0.0019998527131974697,0.0,,0.019029388204216957,0.0,0.0015352413756772876,0.0,0.0,0.0,,0.002669151872396469,,0.014855947345495224,0.0,0.0,0.01175154373049736,,0.0,0.0,,0.0,0.0,0.0,0.0,0.0,0.0001421356719220057,0.0011042432161048055,0.0,0.0,0.0046468619257211685,0.003770541399717331,0.0,0.0012880248250439763,,0.02132318913936615,0.0,0.004850889090448618,0.0,,0.0,0.007785265799611807,0.0,0.0,0.0,0.0,0.0061191171407699585,0.0,0.0,0.0,,0.015078713186085224,0.0,0.0,,,,0.006918592378497124,0.002163069089874625,,0.0,0.0,0.0,0.0,,0.0,,0.0,0.0,0.013318006880581379,0.0,0.0,0.0,,,,0.0,0.01897398941218853,0.0,0.0,0.0,,0.0,0.008289680816233158,0.007186546456068754,0.0,,0.0,0.015495573170483112,0.0,0.0,0.0,,0.002988440217450261,0.0071138362400233746,0.006663523148745298,0.0,,0.0029522741679102182,0.007444577291607857,0.00870683416724205,0.0,0.015951599925756454,0.0,,0.0,0.0,0.0,0.0,0.0,0.0,,0.0,,0.005740217864513397,0.007723913062363863,0.0016765532782301307,0.0,0.0,0.0,0.0,,0.0,0.011521018110215664,0.0028374833054840565,,,0.0,0.0,0.0,0.0,0.0,0.0,0.0,0.0,0.0,,0.0,0.0,0.0014217449352145195,,0.0,0.0,0.0,0.015036061406135559,0.0,0.0,0.0,,,0.0,0.002523822244256735,0.0,0.0,0.0,,0.012212172150611877,,0.010441260412335396,0.0,,0.0,0.0001980172237381339,0.0,0.0,,,0.0,0.009777898900210857,,0.011562291532754898,0.0,,,0.0,0.021612513810396194,0.0,0.0,0.0,0.0,0.0,,,0.0,0.0,0.0,0.0,0.0,,,0.0,0.0,0.0,,0.0,0.0,,0.0,0.0,0.010721533559262753,,0.0,0.0,0.0,0.0,,0.0,0.0,,0.0,0.0,0.0,0.000222572882194072,0.004138255026191473,0.0,0.0,0.0,0.0,0.0,0.0,0.0,0.0,,0.01636638306081295,,0.0,0.013081780634820461,0.00596213573589921,0.0,0.0,0.0,0.00783260352909565,0.013072560541331768,0.0,0.01504174992442131,0.0,,0.0,,0.0,0.007702955510467291,0.0,,0.0,0.0,0.0,0.0064319828525185585,0.0,0.0,0.0,0.0,0.006455377209931612,0.002276746090501547,0.0,,,0.0,0.0,0.0,,,,0.0,0.0,,0.0,,0.0,,0.0,,,0.0,,,,,0.0,,0.0,0.009475049562752247,0.0,,0.0,0.0,0.0006172159337438643,,0.011276694014668465,0.0,,0.0,0.008886725641787052,0.0,,,0.0,,0.01935204491019249,0.0,0.0,,0.0,0.0019069688860327005,,,,0.0,0.0,0.0,0.0,0.0,7.387471123365685e-05,,,,0.007764055393636227,0.0,,0.0,,0.0,0.0,0.0,0.0,,,0.0,0.0,,,0.0,,0.0,,0.0,0.0,0.0,0.0,0.0,0.0,0.0,,0.0,0.010640541091561317,0.0,0.0,0.0,,,0.0,0.0,0.0,0.0,0.004161264281719923,0.0073729087598621845,,,,0.007771022617816925,0.0,0.0,0.0,,,0.008342444896697998,0.0,0.0,,0.0,,,,,0.0,0.013751369901001453,0.0,,0.0,,,0.0,,0.006028351373970509,0.0,0.0,0.0,,0.006963010877370834,0.0,,0.0,0.0,0.0,0.0,0.0,,0.0025301980786025524,0.0,0.0,,0.0,0.0,0.0,0.0,0.0,0.0,0.0,,0.0009805925656110048,0.0,0.0,0.007419695612043142,0.0,0.0,0.0,,0.0,0.0,0.0,0.010489208623766899,0.0,0.0,0.0,0.0,0.0,0.0,0.00028485566144809127,0.0,0.0,0.0,,0.0,0.0,0.0,0.0,0.0,0.0,0.0,0.0,0.0,0.004446286242455244,0.0,0.0,0.0,,0.0,0.006903916597366333,,0.0032303640618920326,0.0,0.0,0.0,0.0,0.0,0.007855664007365704,0.0,0.0,0.0,0.011428353376686573,0.0,0.014265907928347588,0.0,0.0,0.0,0.0,0.0,0.0,0.0,0.0,0.0,0.0,0.0,0.0,0.0071387211792171,0.0,0.0,0.0,0.010663309134542942,0.009583434090018272,0.0,0.00991410668939352,0.0,0.0,0.0,0.019269602373242378,0.0,0.0,0.0,0.0,0.0,0.0,0.0,0.0,0.004451911896467209,0.0,0.0,0.0,0.0,0.0,0.015617968514561653,0.0,0.008543897420167923,0.0,0.0,0.017431413754820824,0.0,0.0,0.0,0.0,0.0,0.011158911511301994,0.0,0.006921166554093361,0.0,0.013884417712688446,0.0,0.0,0.0,0.0,0.0,0.017269155010581017,0.0,0.00583390099927783,0.0,0.0,,,,,,,,,,,,,,,,,,,,,,,,,,,,,,,,,,,,,,,,,,,,,,,,,,,,,,,,,,,,,,,,,,,,,,,,,,,,,,,,,,,,,,,,,,,,,,,,,,,,,,,,,,,,,,,,,,,,,,,,,,,,,,
2021-05-14,764148.0097445389,86.15837172967895,,,,,,,,,,,76494.84123570709,,1039061.7711000025,,,,,,,,,,,,,,,,,,,,,,,,,,,,,,,,,,,,,,,,,,,3962.364019737361,,,,,,,,,,,,,,,,,,,,,,11812.554581210383,9601.406498142447,3560.2355437396636,7421.891063893989,8748.773750945793,54914.388326031105,24031.545837179867,5474.016547309775,32566.660987848907,,,,,,,,,,,,,,,,,,,,,,,,,,,,,,,,,,,,0.007672586012631655,0.0,0.0,0.01092440728098154,0.0,0.0,0.0,0.0,0.0,0.0,0.0,0.0,0.0,0.0,0.0,0.0,,0.0,,0.0,,0.0,0.0,0.0,0.010507198981940746,0.0,,0.0,0.0,0.010712611488997936,0.0,0.012846814468502998,0.0,,0.0,,,,0.0,0.0,0.0,,0.0,0.0,0.0012285824632272124,0.009027548134326935,0.0,,,0.0,,0.0,0.0,0.0,0.0,0.0,0.0,0.0,0.0,0.006439491640776396,0.015234255231916904,0.0,0.0,0.0,,0.011381476186215878,0.0,0.0,0.0,0.015055594965815544,,0.0005889178719371557,0.0,,0.0,0.0,0.0,0.0,,0.0,0.0,0.0,,0.0,,0.0,0.0,,0.0,,0.0,0.0,0.0030229962430894375,0.01743323914706707,0.0,0.012673601508140564,0.0,0.016194811090826988,0.0,,,0.009300514124333858,0.0,,,,,0.0,0.0,0.0,0.0,0.0,0.0,0.0,0.0,0.0,,0.012146583758294582,0.0019998527131974697,0.0,,0.019029388204216957,0.0,0.0015352413756772876,0.0,0.0,0.0,,0.002669151872396469,,0.014855947345495224,0.0,0.0,0.01175154373049736,,0.0,0.0,,0.0,0.0,0.0,0.0,0.0,0.0001421356719220057,0.0011042432161048055,0.0,0.0,0.0046468619257211685,0.003770541399717331,0.0,0.0012880248250439763,,0.02132318913936615,0.0,0.004850889090448618,0.0,,0.0,0.007785265799611807,0.0,0.0,0.0,0.0,0.0061191171407699585,0.0,0.0,0.0,,0.015078713186085224,0.0,0.0,,,,0.006918592378497124,0.002163069089874625,,0.0,0.0,0.0,0.0,,0.0,,0.0,0.0,0.013318006880581379,0.0,0.0,0.0,,,,0.0,0.01897398941218853,0.0,0.0,0.0,,0.0,0.008289680816233158,0.007186546456068754,0.0,,0.0,0.015495573170483112,0.0,0.0,0.0,,0.002988440217450261,0.0071138362400233746,0.006663523148745298,0.0,,0.0029522741679102182,0.007444577291607857,0.00870683416724205,0.0,0.015951599925756454,0.0,,0.0,0.0,0.0,0.0,0.0,0.0,,0.0,,0.005740217864513397,0.007723913062363863,0.0016765532782301307,0.0,0.0,0.0,0.0,,0.0,0.011521018110215664,0.0028374833054840565,,,0.0,0.0,0.0,0.0,0.0,0.0,0.0,0.0,0.0,,0.0,0.0,0.0014217449352145195,,0.0,0.0,0.0,0.015036061406135559,0.0,0.0,0.0,,,0.0,0.002523822244256735,0.0,0.0,0.0,,0.012212172150611877,,0.010441260412335396,0.0,,0.0,0.0001980172237381339,0.0,0.0,,,0.0,0.009777898900210857,,0.011562291532754898,0.0,,,0.0,0.021612513810396194,0.0,0.0,0.0,0.0,0.0,,,0.0,0.0,0.0,0.0,0.0,,,0.0,0.0,0.0,,0.0,0.0,,0.0,0.0,0.010721533559262753,,0.0,0.0,0.0,0.0,,0.0,0.0,,0.0,0.0,0.0,0.000222572882194072,0.004138255026191473,0.0,0.0,0.0,0.0,0.0,0.0,0.0,0.0,,0.01636638306081295,,0.0,0.013081780634820461,0.00596213573589921,0.0,0.0,0.0,0.00783260352909565,0.013072560541331768,0.0,0.01504174992442131,0.0,,0.0,,0.0,0.007702955510467291,0.0,,0.0,0.0,0.0,0.0064319828525185585,0.0,0.0,0.0,0.0,0.006455377209931612,0.002276746090501547,0.0,,,0.0,0.0,0.0,,,,0.0,0.0,,0.0,,0.0,,0.0,,,0.0,,,,,0.0,,0.0,0.009475049562752247,0.0,,0.0,0.0,0.0006172159337438643,,0.011276694014668465,0.0,,0.0,0.008886725641787052,0.0,,,0.0,,0.01935204491019249,0.0,0.0,,0.0,0.0019069688860327005,,,,0.0,0.0,0.0,0.0,0.0,7.387471123365685e-05,,,,0.007764055393636227,0.0,,0.0,,0.0,0.0,0.0,0.0,,,0.0,0.0,,,0.0,,0.0,,0.0,0.0,0.0,0.0,0.0,0.0,0.0,,0.0,0.010640541091561317,0.0,0.0,0.0,,,0.0,0.0,0.0,0.0,0.004161264281719923,0.0073729087598621845,,,,0.007771022617816925,0.0,0.0,0.0,,,0.008342444896697998,0.0,0.0,,0.0,,,,,0.0,0.013751369901001453,0.0,,0.0,,,0.0,,0.006028351373970509,0.0,0.0,0.0,,0.006963010877370834,0.0,,0.0,0.0,0.0,0.0,0.0,,0.0025301980786025524,0.0,0.0,,0.0,0.0,0.0,0.0,0.0,0.0,0.0,,0.0009805925656110048,0.0,0.0,0.007419695612043142,0.0,0.0,0.0,,0.0,0.0,0.0,0.010489208623766899,0.0,0.0,0.0,0.0,0.0,0.0,0.00028485566144809127,0.0,0.0,0.0,,0.0,0.0,0.0,0.0,0.0,0.0,0.0,0.0,0.0,0.004446286242455244,0.0,0.0,0.0,,0.0,0.006903916597366333,,0.0032303640618920326,0.0,0.0,0.0,0.0,0.0,0.007855664007365704,0.0,0.0,0.0,0.011428353376686573,0.0,0.014265907928347588,0.0,0.0,0.0,0.0,0.0,0.0,0.0,0.0,0.0,0.0,0.0,0.0,0.0071387211792171,0.0,0.0,0.0,0.010663309134542942,0.009583434090018272,0.0,0.00991410668939352,0.0,0.0,0.0,0.019269602373242378,0.0,0.0,0.0,0.0,0.0,0.0,0.0,0.0,0.004451911896467209,0.0,0.0,0.0,0.0,0.0,0.015617968514561653,0.0,0.008543897420167923,0.0,0.0,0.017431413754820824,0.0,0.0,0.0,0.0,0.0,0.011158911511301994,0.0,0.006921166554093361,0.0,0.013884417712688446,0.0,0.0,0.0,0.0,0.0,0.017269155010581017,0.0,0.00583390099927783,0.0,0.0,,,,,,,,,,,,,,,,,,,,,,,,,,,,,,,,,,,,,,,,,,,,,,,,,,,,,,,,,,,,,,,,,,,,,,,,,,,,,,,,,,,,,,,,,,,,,,,,,,,,,,,,,,,,,,,,,,,,,,,,,,,,,,
2021-05-17,756485.7400157993,371.76955391085386,,,,,,,,,,,76494.84123570709,,1039061.7711000025,,,,,,,,,,,,,,,,,,,,,,,,,,,,,,,,,,,,,,,,,,,3962.364019737361,,,,,,,,,,,,,,,,,,,,,,11812.554581210383,9601.406498142447,3560.2355437396636,7421.891063893989,8748.773750945793,54914.388326031105,23941.439864207685,5473.94290152051,32566.660987848907,,,,,,,,,,,,,,,,,,,,,,,,,,,,,,,,,,,,0.007672586012631655,0.0,0.0,0.01092440728098154,0.0,0.0,0.0,0.0,0.0,0.0,0.0,0.0,0.0,0.0,0.0,0.0,,0.0,,0.0,,0.0,0.0,0.0,0.010507198981940746,0.0,,0.0,0.0,0.010712611488997936,0.0,0.012846814468502998,0.0,,0.0,,,,0.0,0.0,0.0,,0.0,0.0,0.0012285824632272124,0.009027548134326935,0.0,,,0.0,,0.0,0.0,0.0,0.0,0.0,0.0,0.0,0.0,0.006439491640776396,0.015234255231916904,0.0,0.0,0.0,,0.011381476186215878,0.0,0.0,0.0,0.015055594965815544,,0.0005889178719371557,0.0,,0.0,0.0,0.0,0.0,,0.0,0.0,0.0,,0.0,,0.0,0.0,,0.0,,0.0,0.0,0.0030229962430894375,0.01743323914706707,0.0,0.012673601508140564,0.0,0.016194811090826988,0.0,,,0.009300514124333858,0.0,,,,,0.0,0.0,0.0,0.0,0.0,0.0,0.0,0.0,0.0,,0.012146583758294582,0.0019998527131974697,0.0,,0.019029388204216957,0.0,0.0015352413756772876,0.0,0.0,0.0,,0.002669151872396469,,0.014855947345495224,0.0,0.0,0.01175154373049736,,0.0,0.0,,0.0,0.0,0.0,0.0,0.0,0.0001421356719220057,0.0011042432161048055,0.0,0.0,0.0046468619257211685,0.003770541399717331,0.0,0.0012880248250439763,,0.02132318913936615,0.0,0.004850889090448618,0.0,,0.0,0.007785265799611807,0.0,0.0,0.0,0.0,0.0061191171407699585,0.0,0.0,0.0,,0.015078713186085224,0.0,0.0,,,,0.006918592378497124,0.002163069089874625,,0.0,0.0,0.0,0.0,,0.0,,0.0,0.0,0.013318006880581379,0.0,0.0,0.0,,,,0.0,0.01897398941218853,0.0,0.0,0.0,,0.0,0.008289680816233158,0.007186546456068754,0.0,,0.0,0.015495573170483112,0.0,0.0,0.0,,0.002988440217450261,0.0071138362400233746,0.006663523148745298,0.0,,0.0029522741679102182,0.007444577291607857,0.00870683416724205,0.0,0.015951599925756454,0.0,,0.0,0.0,0.0,0.0,0.0,0.0,,0.0,,0.005740217864513397,0.007723913062363863,0.0016765532782301307,0.0,0.0,0.0,0.0,,0.0,0.011521018110215664,0.0028374833054840565,,,0.0,0.0,0.0,0.0,0.0,0.0,0.0,0.0,0.0,,0.0,0.0,0.0014217449352145195,,0.0,0.0,0.0,0.015036061406135559,0.0,0.0,0.0,,,0.0,0.002523822244256735,0.0,0.0,0.0,,0.012212172150611877,,0.010441260412335396,0.0,,0.0,0.0001980172237381339,0.0,0.0,,,0.0,0.009777898900210857,,0.011562291532754898,0.0,,,0.0,0.021612513810396194,0.0,0.0,0.0,0.0,0.0,,,0.0,0.0,0.0,0.0,0.0,,,0.0,0.0,0.0,,0.0,0.0,,0.0,0.0,0.010721533559262753,,0.0,0.0,0.0,0.0,,0.0,0.0,,0.0,0.0,0.0,0.000222572882194072,0.004138255026191473,0.0,0.0,0.0,0.0,0.0,0.0,0.0,0.0,,0.01636638306081295,,0.0,0.013081780634820461,0.00596213573589921,0.0,0.0,0.0,0.00783260352909565,0.013072560541331768,0.0,0.01504174992442131,0.0,,0.0,,0.0,0.007702955510467291,0.0,,0.0,0.0,0.0,0.0064319828525185585,0.0,0.0,0.0,0.0,0.006455377209931612,0.002276746090501547,0.0,,,0.0,0.0,0.0,,,,0.0,0.0,,0.0,,0.0,,0.0,,,0.0,,,,,0.0,,0.0,0.009475049562752247,0.0,,0.0,0.0,0.0006172159337438643,,0.011276694014668465,0.0,,0.0,0.008886725641787052,0.0,,,0.0,,0.01935204491019249,0.0,0.0,,0.0,0.0019069688860327005,,,,0.0,0.0,0.0,0.0,0.0,7.387471123365685e-05,,,,0.007764055393636227,0.0,,0.0,,0.0,0.0,0.0,0.0,,,0.0,0.0,,,0.0,,0.0,,0.0,0.0,0.0,0.0,0.0,0.0,0.0,,0.0,0.010640541091561317,0.0,0.0,0.0,,,0.0,0.0,0.0,0.0,0.004161264281719923,0.0073729087598621845,,,,0.007771022617816925,0.0,0.0,0.0,,,0.008342444896697998,0.0,0.0,,0.0,,,,,0.0,0.013751369901001453,0.0,,0.0,,,0.0,,0.006028351373970509,0.0,0.0,0.0,,0.006963010877370834,0.0,,0.0,0.0,0.0,0.0,0.0,,0.0025301980786025524,0.0,0.0,,0.0,0.0,0.0,0.0,0.0,0.0,0.0,,0.0009805925656110048,0.0,0.0,0.007419695612043142,0.0,0.0,0.0,,0.0,0.0,0.0,0.010489208623766899,0.0,0.0,0.0,0.0,0.0,0.0,0.00028485566144809127,0.0,0.0,0.0,,0.0,0.0,0.0,0.0,0.0,0.0,0.0,0.0,0.0,0.004446286242455244,0.0,0.0,0.0,,0.0,0.006903916597366333,,0.0032303640618920326,0.0,0.0,0.0,0.0,0.0,0.007855664007365704,0.0,0.0,0.0,0.011428353376686573,0.0,0.014265907928347588,0.0,0.0,0.0,0.0,0.0,0.0,0.0,0.0,0.0,0.0,0.0,0.0,0.0071387211792171,0.0,0.0,0.0,0.010663309134542942,0.009583434090018272,0.0,0.00991410668939352,0.0,0.0,0.0,0.019269602373242378,0.0,0.0,0.0,0.0,0.0,0.0,0.0,0.0,0.004451911896467209,0.0,0.0,0.0,0.0,0.0,0.015617968514561653,0.0,0.008543897420167923,0.0,0.0,0.017431413754820824,0.0,0.0,0.0,0.0,0.0,0.011158911511301994,0.0,0.006921166554093361,0.0,0.013884417712688446,0.0,0.0,0.0,0.0,0.0,0.017269155010581017,0.0,0.00583390099927783,0.0,0.0,,,,,,,,,,,,,,,,,,,,,,,,,,,,,,,,,,,,,,,,,,,,,,,,,,,,,,,,,,,,,,,,,,,,,,,,,,,,,,,,,,,,,,,,,,,,,,,,,,,,,,,,,,,,,,,,,,,,,,,,,,,,,,
2021-05-18,754859.0324622777,92.34259009387182,,,,,,,,,,,76494.84123570709,,1039061.7711000025,,,,,,,,,,,,,,,,,,,,,,,,,,,,,,,,,,,,,,,,,,,3962.364019737361,,,,,,,,,,,,,,,,,,,,,,11812.554581210383,9601.406498142447,3560.2355437396636,7421.891063893989,8748.773750945793,54914.388326031105,24031.44527723102,5473.94290152051,32566.660987848907,,,,,,,,,,,,,,,,,,,,,,,,,,,,,,,,,,,,0.007672586012631655,0.0,0.0,0.01092440728098154,0.0,0.0,0.0,0.0,0.0,0.0,0.0,0.0,0.0,0.0,0.0,0.0,,0.0,,0.0,,0.0,0.0,0.0,0.010507198981940746,0.0,,0.0,0.0,0.010712611488997936,0.0,0.012846814468502998,0.0,,0.0,,,,0.0,0.0,0.0,,0.0,0.0,0.0012285824632272124,0.009027548134326935,0.0,,,0.0,,0.0,0.0,0.0,0.0,0.0,0.0,0.0,0.0,0.006439491640776396,0.015234255231916904,0.0,0.0,0.0,,0.011381476186215878,0.0,0.0,0.0,0.015055594965815544,,0.0005889178719371557,0.0,,0.0,0.0,0.0,0.0,,0.0,0.0,0.0,,0.0,,0.0,0.0,,0.0,,0.0,0.0,0.0030229962430894375,0.01743323914706707,0.0,0.012673601508140564,0.0,0.016194811090826988,0.0,,,0.009300514124333858,0.0,,,,,0.0,0.0,0.0,0.0,0.0,0.0,0.0,0.0,0.0,,0.012146583758294582,0.0019998527131974697,0.0,,0.019029388204216957,0.0,0.0015352413756772876,0.0,0.0,0.0,,0.002669151872396469,,0.014855947345495224,0.0,0.0,0.01175154373049736,,0.0,0.0,,0.0,0.0,0.0,0.0,0.0,0.0001421356719220057,0.0011042432161048055,0.0,0.0,0.0046468619257211685,0.003770541399717331,0.0,0.0012880248250439763,,0.02132318913936615,0.0,0.004850889090448618,0.0,,0.0,0.007785265799611807,0.0,0.0,0.0,0.0,0.0061191171407699585,0.0,0.0,0.0,,0.015078713186085224,0.0,0.0,,,,0.006918592378497124,0.002163069089874625,,0.0,0.0,0.0,0.0,,0.0,,0.0,0.0,0.013318006880581379,0.0,0.0,0.0,,,,0.0,0.01897398941218853,0.0,0.0,0.0,,0.0,0.008289680816233158,0.007186546456068754,0.0,,0.0,0.015495573170483112,0.0,0.0,0.0,,0.002988440217450261,0.0071138362400233746,0.006663523148745298,0.0,,0.0029522741679102182,0.007444577291607857,0.00870683416724205,0.0,0.015951599925756454,0.0,,0.0,0.0,0.0,0.0,0.0,0.0,,0.0,,0.005740217864513397,0.007723913062363863,0.0016765532782301307,0.0,0.0,0.0,0.0,,0.0,0.011521018110215664,0.0028374833054840565,,,0.0,0.0,0.0,0.0,0.0,0.0,0.0,0.0,0.0,,0.0,0.0,0.0014217449352145195,,0.0,0.0,0.0,0.015036061406135559,0.0,0.0,0.0,,,0.0,0.002523822244256735,0.0,0.0,0.0,,0.012212172150611877,,0.010441260412335396,0.0,,0.0,0.0001980172237381339,0.0,0.0,,,0.0,0.009777898900210857,,0.011562291532754898,0.0,,,0.0,0.021612513810396194,0.0,0.0,0.0,0.0,0.0,,,0.0,0.0,0.0,0.0,0.0,,,0.0,0.0,0.0,,0.0,0.0,,0.0,0.0,0.010721533559262753,,0.0,0.0,0.0,0.0,,0.0,0.0,,0.0,0.0,0.0,0.000222572882194072,0.004138255026191473,0.0,0.0,0.0,0.0,0.0,0.0,0.0,0.0,,0.01636638306081295,,0.0,0.013081780634820461,0.00596213573589921,0.0,0.0,0.0,0.00783260352909565,0.013072560541331768,0.0,0.01504174992442131,0.0,,0.0,,0.0,0.007702955510467291,0.0,,0.0,0.0,0.0,0.0064319828525185585,0.0,0.0,0.0,0.0,0.006455377209931612,0.002276746090501547,0.0,,,0.0,0.0,0.0,,,,0.0,0.0,,0.0,,0.0,,0.0,,,0.0,,,,,0.0,,0.0,0.009475049562752247,0.0,,0.0,0.0,0.0006172159337438643,,0.011276694014668465,0.0,,0.0,0.008886725641787052,0.0,,,0.0,,0.01935204491019249,0.0,0.0,,0.0,0.0019069688860327005,,,,0.0,0.0,0.0,0.0,0.0,7.387471123365685e-05,,,,0.007764055393636227,0.0,,0.0,,0.0,0.0,0.0,0.0,,,0.0,0.0,,,0.0,,0.0,,0.0,0.0,0.0,0.0,0.0,0.0,0.0,,0.0,0.010640541091561317,0.0,0.0,0.0,,,0.0,0.0,0.0,0.0,0.004161264281719923,0.0073729087598621845,,,,0.007771022617816925,0.0,0.0,0.0,,,0.008342444896697998,0.0,0.0,,0.0,,,,,0.0,0.013751369901001453,0.0,,0.0,,,0.0,,0.006028351373970509,0.0,0.0,0.0,,0.006963010877370834,0.0,,0.0,0.0,0.0,0.0,0.0,,0.0025301980786025524,0.0,0.0,,0.0,0.0,0.0,0.0,0.0,0.0,0.0,,0.0009805925656110048,0.0,0.0,0.007419695612043142,0.0,0.0,0.0,,0.0,0.0,0.0,0.010489208623766899,0.0,0.0,0.0,0.0,0.0,0.0,0.00028485566144809127,0.0,0.0,0.0,,0.0,0.0,0.0,0.0,0.0,0.0,0.0,0.0,0.0,0.004446286242455244,0.0,0.0,0.0,,0.0,0.006903916597366333,,0.0032303640618920326,0.0,0.0,0.0,0.0,0.0,0.007855664007365704,0.0,0.0,0.0,0.011428353376686573,0.0,0.014265907928347588,0.0,0.0,0.0,0.0,0.0,0.0,0.0,0.0,0.0,0.0,0.0,0.0,0.0071387211792171,0.0,0.0,0.0,0.010663309134542942,0.009583434090018272,0.0,0.00991410668939352,0.0,0.0,0.0,0.019269602373242378,0.0,0.0,0.0,0.0,0.0,0.0,0.0,0.0,0.004451911896467209,0.0,0.0,0.0,0.0,0.0,0.015617968514561653,0.0,0.008543897420167923,0.0,0.0,0.017431413754820824,0.0,0.0,0.0,0.0,0.0,0.011158911511301994,0.0,0.006921166554093361,0.0,0.013884417712688446,0.0,0.0,0.0,0.0,0.0,0.017269155010581017,0.0,0.00583390099927783,0.0,0.0,,,,,,,,,,,,,,,,,,,,,,,,,,,,,,,,,,,,,,,,,,,,,,,,,,,,,,,,,,,,,,,,,,,,,,,,,,,,,,,,,,,,,,,,,,,,,,,,,,,,,,,,,,,,,,,,,,,,,,,,,,,,,,
2021-05-19,750947.0585618268,92.34259009387182,,,,,,,,,,,76494.84123570709,,1039061.7711000025,,,,,,,,,,,,,,,,,,,,,,,,,,,,,,,,,,,,,,,,,,,3962.364019737361,,,,,,,,,,,,,,,,,,,,,,11812.554581210383,9601.406498142447,3560.2355437396636,7421.891063893989,8748.773750945793,54914.388326031105,24031.44527723102,5473.94290152051,32566.660987848907,,,,,,,,,,,,,,,,,,,,,,,,,,,,,,,,,,,,0.007672586012631655,0.0,0.0,0.01092440728098154,0.0,0.0,0.0,0.0,0.0,0.0,0.0,0.0,0.0,0.0,0.0,0.0,,0.0,,0.0,,0.0,0.0,0.0,0.010507198981940746,0.0,,0.0,0.0,0.010712611488997936,0.0,0.012846814468502998,0.0,,0.0,,,,0.0,0.0,0.0,,0.0,0.0,0.0012285824632272124,0.009027548134326935,0.0,,,0.0,,0.0,0.0,0.0,0.0,0.0,0.0,0.0,0.0,0.006439491640776396,0.015234255231916904,0.0,0.0,0.0,,0.011381476186215878,0.0,0.0,0.0,0.015055594965815544,,0.0005889178719371557,0.0,,0.0,0.0,0.0,0.0,,0.0,0.0,0.0,,0.0,,0.0,0.0,,0.0,,0.0,0.0,0.0030229962430894375,0.01743323914706707,0.0,0.012673601508140564,0.0,0.016194811090826988,0.0,,,0.009300514124333858,0.0,,,,,0.0,0.0,0.0,0.0,0.0,0.0,0.0,0.0,0.0,,0.012146583758294582,0.0019998527131974697,0.0,,0.019029388204216957,0.0,0.0015352413756772876,0.0,0.0,0.0,,0.002669151872396469,,0.014855947345495224,0.0,0.0,0.01175154373049736,,0.0,0.0,,0.0,0.0,0.0,0.0,0.0,0.0001421356719220057,0.0011042432161048055,0.0,0.0,0.0046468619257211685,0.003770541399717331,0.0,0.0012880248250439763,,0.02132318913936615,0.0,0.004850889090448618,0.0,,0.0,0.007785265799611807,0.0,0.0,0.0,0.0,0.0061191171407699585,0.0,0.0,0.0,,0.015078713186085224,0.0,0.0,,,,0.006918592378497124,0.002163069089874625,,0.0,0.0,0.0,0.0,,0.0,,0.0,0.0,0.013318006880581379,0.0,0.0,0.0,,,,0.0,0.01897398941218853,0.0,0.0,0.0,,0.0,0.008289680816233158,0.007186546456068754,0.0,,0.0,0.015495573170483112,0.0,0.0,0.0,,0.002988440217450261,0.0071138362400233746,0.006663523148745298,0.0,,0.0029522741679102182,0.007444577291607857,0.00870683416724205,0.0,0.015951599925756454,0.0,,0.0,0.0,0.0,0.0,0.0,0.0,,0.0,,0.005740217864513397,0.007723913062363863,0.0016765532782301307,0.0,0.0,0.0,0.0,,0.0,0.011521018110215664,0.0028374833054840565,,,0.0,0.0,0.0,0.0,0.0,0.0,0.0,0.0,0.0,,0.0,0.0,0.0014217449352145195,,0.0,0.0,0.0,0.015036061406135559,0.0,0.0,0.0,,,0.0,0.002523822244256735,0.0,0.0,0.0,,0.012212172150611877,,0.010441260412335396,0.0,,0.0,0.0001980172237381339,0.0,0.0,,,0.0,0.009777898900210857,,0.011562291532754898,0.0,,,0.0,0.021612513810396194,0.0,0.0,0.0,0.0,0.0,,,0.0,0.0,0.0,0.0,0.0,,,0.0,0.0,0.0,,0.0,0.0,,0.0,0.0,0.010721533559262753,,0.0,0.0,0.0,0.0,,0.0,0.0,,0.0,0.0,0.0,0.000222572882194072,0.004138255026191473,0.0,0.0,0.0,0.0,0.0,0.0,0.0,0.0,,0.01636638306081295,,0.0,0.013081780634820461,0.00596213573589921,0.0,0.0,0.0,0.00783260352909565,0.013072560541331768,0.0,0.01504174992442131,0.0,,0.0,,0.0,0.007702955510467291,0.0,,0.0,0.0,0.0,0.0064319828525185585,0.0,0.0,0.0,0.0,0.006455377209931612,0.002276746090501547,0.0,,,0.0,0.0,0.0,,,,0.0,0.0,,0.0,,0.0,,0.0,,,0.0,,,,,0.0,,0.0,0.009475049562752247,0.0,,0.0,0.0,0.0006172159337438643,,0.011276694014668465,0.0,,0.0,0.008886725641787052,0.0,,,0.0,,0.01935204491019249,0.0,0.0,,0.0,0.0019069688860327005,,,,0.0,0.0,0.0,0.0,0.0,7.387471123365685e-05,,,,0.007764055393636227,0.0,,0.0,,0.0,0.0,0.0,0.0,,,0.0,0.0,,,0.0,,0.0,,0.0,0.0,0.0,0.0,0.0,0.0,0.0,,0.0,0.010640541091561317,0.0,0.0,0.0,,,0.0,0.0,0.0,0.0,0.004161264281719923,0.0073729087598621845,,,,0.007771022617816925,0.0,0.0,0.0,,,0.008342444896697998,0.0,0.0,,0.0,,,,,0.0,0.013751369901001453,0.0,,0.0,,,0.0,,0.006028351373970509,0.0,0.0,0.0,,0.006963010877370834,0.0,,0.0,0.0,0.0,0.0,0.0,,0.0025301980786025524,0.0,0.0,,0.0,0.0,0.0,0.0,0.0,0.0,0.0,,0.0009805925656110048,0.0,0.0,0.007419695612043142,0.0,0.0,0.0,,0.0,0.0,0.0,0.010489208623766899,0.0,0.0,0.0,0.0,0.0,0.0,0.00028485566144809127,0.0,0.0,0.0,,0.0,0.0,0.0,0.0,0.0,0.0,0.0,0.0,0.0,0.004446286242455244,0.0,0.0,0.0,,0.0,0.006903916597366333,,0.0032303640618920326,0.0,0.0,0.0,0.0,0.0,0.007855664007365704,0.0,0.0,0.0,0.011428353376686573,0.0,0.014265907928347588,0.0,0.0,0.0,0.0,0.0,0.0,0.0,0.0,0.0,0.0,0.0,0.0,0.0071387211792171,0.0,0.0,0.0,0.010663309134542942,0.009583434090018272,0.0,0.00991410668939352,0.0,0.0,0.0,0.019269602373242378,0.0,0.0,0.0,0.0,0.0,0.0,0.0,0.0,0.004451911896467209,0.0,0.0,0.0,0.0,0.0,0.015617968514561653,0.0,0.008543897420167923,0.0,0.0,0.017431413754820824,0.0,0.0,0.0,0.0,0.0,0.011158911511301994,0.0,0.006921166554093361,0.0,0.013884417712688446,0.0,0.0,0.0,0.0,0.0,0.017269155010581017,0.0,0.00583390099927783,0.0,0.0,,,,,,,,,,,,,,,,,,,,,,,,,,,,,,,,,,,,,,,,,,,,,,,,,,,,,,,,,,,,,,,,,,,,,,,,,,,,,,,,,,,,,,,,,,,,,,,,,,,,,,,,,,,,,,,,,,,,,,,,,,,,,,
2021-05-20,742314.5346676758,86.23481711466093,,,,,,,,,,,76494.84123570709,,1039061.7711000025,,,,,,,,,,,,,,,,,,,,,,,,,,,,,,,,,,,,,,,,,,,3962.364019737361,,,,,,,,,,,,,,,,,,,,,,11812.554581210383,9601.406498142447,3560.2355437396636,7421.891063893989,8748.773750945793,54914.388326031105,24033.41279522439,5473.94290152051,32566.660987848907,,,,,,,,,,,,,,,,,,,,,,,,,,,,,,,,,,,,0.007672586012631655,0.0,0.0,0.01092440728098154,0.0,0.0,0.0,0.0,0.0,0.0,0.0,0.0,0.0,0.0,0.0,0.0,,0.0,,0.0,,0.0,0.0,0.0,0.010507198981940746,0.0,,0.0,0.0,0.010712611488997936,0.0,0.012846814468502998,0.0,,0.0,,,,0.0,0.0,0.0,,0.0,0.0,0.0012285824632272124,0.009027548134326935,0.0,,,0.0,,0.0,0.0,0.0,0.0,0.0,0.0,0.0,0.0,0.006439491640776396,0.015234255231916904,0.0,0.0,0.0,,0.011381476186215878,0.0,0.0,0.0,0.015055594965815544,,0.0005889178719371557,0.0,,0.0,0.0,0.0,0.0,,0.0,0.0,0.0,,0.0,,0.0,0.0,,0.0,,0.0,0.0,0.0030229962430894375,0.01743323914706707,0.0,0.012673601508140564,0.0,0.016194811090826988,0.0,,,0.009300514124333858,0.0,,,,,0.0,0.0,0.0,0.0,0.0,0.0,0.0,0.0,0.0,,0.012146583758294582,0.0019998527131974697,0.0,,0.019029388204216957,0.0,0.0015352413756772876,0.0,0.0,0.0,,0.002669151872396469,,0.014855947345495224,0.0,0.0,0.01175154373049736,,0.0,0.0,,0.0,0.0,0.0,0.0,0.0,0.0001421356719220057,0.0011042432161048055,0.0,0.0,0.0046468619257211685,0.003770541399717331,0.0,0.0012880248250439763,,0.02132318913936615,0.0,0.004850889090448618,0.0,,0.0,0.007785265799611807,0.0,0.0,0.0,0.0,0.0061191171407699585,0.0,0.0,0.0,,0.015078713186085224,0.0,0.0,,,,0.006918592378497124,0.002163069089874625,,0.0,0.0,0.0,0.0,,0.0,,0.0,0.0,0.013318006880581379,0.0,0.0,0.0,,,,0.0,0.01897398941218853,0.0,0.0,0.0,,0.0,0.008289680816233158,0.007186546456068754,0.0,,0.0,0.015495573170483112,0.0,0.0,0.0,,0.002988440217450261,0.0071138362400233746,0.006663523148745298,0.0,,0.0029522741679102182,0.007444577291607857,0.00870683416724205,0.0,0.015951599925756454,0.0,,0.0,0.0,0.0,0.0,0.0,0.0,,0.0,,0.005740217864513397,0.007723913062363863,0.0016765532782301307,0.0,0.0,0.0,0.0,,0.0,0.011521018110215664,0.0028374833054840565,,,0.0,0.0,0.0,0.0,0.0,0.0,0.0,0.0,0.0,,0.0,0.0,0.0014217449352145195,,0.0,0.0,0.0,0.015036061406135559,0.0,0.0,0.0,,,0.0,0.002523822244256735,0.0,0.0,0.0,,0.012212172150611877,,0.010441260412335396,0.0,,0.0,0.0001980172237381339,0.0,0.0,,,0.0,0.009777898900210857,,0.011562291532754898,0.0,,,0.0,0.021612513810396194,0.0,0.0,0.0,0.0,0.0,,,0.0,0.0,0.0,0.0,0.0,,,0.0,0.0,0.0,,0.0,0.0,,0.0,0.0,0.010721533559262753,,0.0,0.0,0.0,0.0,,0.0,0.0,,0.0,0.0,0.0,0.000222572882194072,0.004138255026191473,0.0,0.0,0.0,0.0,0.0,0.0,0.0,0.0,,0.01636638306081295,,0.0,0.013081780634820461,0.00596213573589921,0.0,0.0,0.0,0.00783260352909565,0.013072560541331768,0.0,0.01504174992442131,0.0,,0.0,,0.0,0.007702955510467291,0.0,,0.0,0.0,0.0,0.0064319828525185585,0.0,0.0,0.0,0.0,0.006455377209931612,0.002276746090501547,0.0,,,0.0,0.0,0.0,,,,0.0,0.0,,0.0,,0.0,,0.0,,,0.0,,,,,0.0,,0.0,0.009475049562752247,0.0,,0.0,0.0,0.0006172159337438643,,0.011276694014668465,0.0,,0.0,0.008886725641787052,0.0,,,0.0,,0.01935204491019249,0.0,0.0,,0.0,0.0019069688860327005,,,,0.0,0.0,0.0,0.0,0.0,7.387471123365685e-05,,,,0.007764055393636227,0.0,,0.0,,0.0,0.0,0.0,0.0,,,0.0,0.0,,,0.0,,0.0,,0.0,0.0,0.0,0.0,0.0,0.0,0.0,,0.0,0.010640541091561317,0.0,0.0,0.0,,,0.0,0.0,0.0,0.0,0.004161264281719923,0.0073729087598621845,,,,0.007771022617816925,0.0,0.0,0.0,,,0.008342444896697998,0.0,0.0,,0.0,,,,,0.0,0.013751369901001453,0.0,,0.0,,,0.0,,0.006028351373970509,0.0,0.0,0.0,,0.006963010877370834,0.0,,0.0,0.0,0.0,0.0,0.0,,0.0025301980786025524,0.0,0.0,,0.0,0.0,0.0,0.0,0.0,0.0,0.0,,0.0009805925656110048,0.0,0.0,0.007419695612043142,0.0,0.0,0.0,,0.0,0.0,0.0,0.010489208623766899,0.0,0.0,0.0,0.0,0.0,0.0,0.00028485566144809127,0.0,0.0,0.0,,0.0,0.0,0.0,0.0,0.0,0.0,0.0,0.0,0.0,0.004446286242455244,0.0,0.0,0.0,,0.0,0.006903916597366333,,0.0032303640618920326,0.0,0.0,0.0,0.0,0.0,0.007855664007365704,0.0,0.0,0.0,0.011428353376686573,0.0,0.014265907928347588,0.0,0.0,0.0,0.0,0.0,0.0,0.0,0.0,0.0,0.0,0.0,0.0,0.0071387211792171,0.0,0.0,0.0,0.010663309134542942,0.009583434090018272,0.0,0.00991410668939352,0.0,0.0,0.0,0.019269602373242378,0.0,0.0,0.0,0.0,0.0,0.0,0.0,0.0,0.004451911896467209,0.0,0.0,0.0,0.0,0.0,0.015617968514561653,0.0,0.008543897420167923,0.0,0.0,0.017431413754820824,0.0,0.0,0.0,0.0,0.0,0.011158911511301994,0.0,0.006921166554093361,0.0,0.013884417712688446,0.0,0.0,0.0,0.0,0.0,0.017269155010581017,0.0,0.00583390099927783,0.0,0.0,,,,,,,,,,,,,,,,,,,,,,,,,,,,,,,,,,,,,,,,,,,,,,,,,,,,,,,,,,,,,,,,,,,,,,,,,,,,,,,,,,,,,,,,,,,,,,,,,,,,,,,,,,,,,,,,,,,,,,,,,,,,,,
2021-05-21,739234.7350332282,86.23481711466093,,,,,,,,,,,76494.84123570709,,1039061.7711000025,,,,,,,,,,,,,,,,,,,,,,,,,,,,,,,,,,,,,,,,,,,3962.364019737361,,,,,,,,,,,,,,,,,,,,,,11812.554581210383,9601.406498142447,3560.2355437396636,7421.891063893989,8748.773750945793,54914.388326031105,24033.41279522439,5473.94290152051,32566.660987848907,,,,,,,,,,,,,,,,,,,,,,,,,,,,,,,,,,,,0.007672586012631655,0.0,0.0,0.01092440728098154,0.0,0.0,0.0,0.0,0.0,0.0,0.0,0.0,0.0,0.0,0.0,0.0,,0.0,,0.0,,0.0,0.0,0.0,0.010507198981940746,0.0,,0.0,0.0,0.010712611488997936,0.0,0.012846814468502998,0.0,,0.0,,,,0.0,0.0,0.0,,0.0,0.0,0.0012285824632272124,0.009027548134326935,0.0,,,0.0,,0.0,0.0,0.0,0.0,0.0,0.0,0.0,0.0,0.006439491640776396,0.015234255231916904,0.0,0.0,0.0,,0.011381476186215878,0.0,0.0,0.0,0.015055594965815544,,0.0005889178719371557,0.0,,0.0,0.0,0.0,0.0,,0.0,0.0,0.0,,0.0,,0.0,0.0,,0.0,,0.0,0.0,0.0030229962430894375,0.01743323914706707,0.0,0.012673601508140564,0.0,0.016194811090826988,0.0,,,0.009300514124333858,0.0,,,,,0.0,0.0,0.0,0.0,0.0,0.0,0.0,0.0,0.0,,0.012146583758294582,0.0019998527131974697,0.0,,0.019029388204216957,0.0,0.0015352413756772876,0.0,0.0,0.0,,0.002669151872396469,,0.014855947345495224,0.0,0.0,0.01175154373049736,,0.0,0.0,,0.0,0.0,0.0,0.0,0.0,0.0001421356719220057,0.0011042432161048055,0.0,0.0,0.0046468619257211685,0.003770541399717331,0.0,0.0012880248250439763,,0.02132318913936615,0.0,0.004850889090448618,0.0,,0.0,0.007785265799611807,0.0,0.0,0.0,0.0,0.0061191171407699585,0.0,0.0,0.0,,0.015078713186085224,0.0,0.0,,,,0.006918592378497124,0.002163069089874625,,0.0,0.0,0.0,0.0,,0.0,,0.0,0.0,0.013318006880581379,0.0,0.0,0.0,,,,0.0,0.01897398941218853,0.0,0.0,0.0,,0.0,0.008289680816233158,0.007186546456068754,0.0,,0.0,0.015495573170483112,0.0,0.0,0.0,,0.002988440217450261,0.0071138362400233746,0.006663523148745298,0.0,,0.0029522741679102182,0.007444577291607857,0.00870683416724205,0.0,0.015951599925756454,0.0,,0.0,0.0,0.0,0.0,0.0,0.0,,0.0,,0.005740217864513397,0.007723913062363863,0.0016765532782301307,0.0,0.0,0.0,0.0,,0.0,0.011521018110215664,0.0028374833054840565,,,0.0,0.0,0.0,0.0,0.0,0.0,0.0,0.0,0.0,,0.0,0.0,0.0014217449352145195,,0.0,0.0,0.0,0.015036061406135559,0.0,0.0,0.0,,,0.0,0.002523822244256735,0.0,0.0,0.0,,0.012212172150611877,,0.010441260412335396,0.0,,0.0,0.0001980172237381339,0.0,0.0,,,0.0,0.009777898900210857,,0.011562291532754898,0.0,,,0.0,0.021612513810396194,0.0,0.0,0.0,0.0,0.0,,,0.0,0.0,0.0,0.0,0.0,,,0.0,0.0,0.0,,0.0,0.0,,0.0,0.0,0.010721533559262753,,0.0,0.0,0.0,0.0,,0.0,0.0,,0.0,0.0,0.0,0.000222572882194072,0.004138255026191473,0.0,0.0,0.0,0.0,0.0,0.0,0.0,0.0,,0.01636638306081295,,0.0,0.013081780634820461,0.00596213573589921,0.0,0.0,0.0,0.00783260352909565,0.013072560541331768,0.0,0.01504174992442131,0.0,,0.0,,0.0,0.007702955510467291,0.0,,0.0,0.0,0.0,0.0064319828525185585,0.0,0.0,0.0,0.0,0.006455377209931612,0.002276746090501547,0.0,,,0.0,0.0,0.0,,,,0.0,0.0,,0.0,,0.0,,0.0,,,0.0,,,,,0.0,,0.0,0.009475049562752247,0.0,,0.0,0.0,0.0006172159337438643,,0.011276694014668465,0.0,,0.0,0.008886725641787052,0.0,,,0.0,,0.01935204491019249,0.0,0.0,,0.0,0.0019069688860327005,,,,0.0,0.0,0.0,0.0,0.0,7.387471123365685e-05,,,,0.007764055393636227,0.0,,0.0,,0.0,0.0,0.0,0.0,,,0.0,0.0,,,0.0,,0.0,,0.0,0.0,0.0,0.0,0.0,0.0,0.0,,0.0,0.010640541091561317,0.0,0.0,0.0,,,0.0,0.0,0.0,0.0,0.004161264281719923,0.0073729087598621845,,,,0.007771022617816925,0.0,0.0,0.0,,,0.008342444896697998,0.0,0.0,,0.0,,,,,0.0,0.013751369901001453,0.0,,0.0,,,0.0,,0.006028351373970509,0.0,0.0,0.0,,0.006963010877370834,0.0,,0.0,0.0,0.0,0.0,0.0,,0.0025301980786025524,0.0,0.0,,0.0,0.0,0.0,0.0,0.0,0.0,0.0,,0.0009805925656110048,0.0,0.0,0.007419695612043142,0.0,0.0,0.0,,0.0,0.0,0.0,0.010489208623766899,0.0,0.0,0.0,0.0,0.0,0.0,0.00028485566144809127,0.0,0.0,0.0,,0.0,0.0,0.0,0.0,0.0,0.0,0.0,0.0,0.0,0.004446286242455244,0.0,0.0,0.0,,0.0,0.006903916597366333,,0.0032303640618920326,0.0,0.0,0.0,0.0,0.0,0.007855664007365704,0.0,0.0,0.0,0.011428353376686573,0.0,0.014265907928347588,0.0,0.0,0.0,0.0,0.0,0.0,0.0,0.0,0.0,0.0,0.0,0.0,0.0071387211792171,0.0,0.0,0.0,0.010663309134542942,0.009583434090018272,0.0,0.00991410668939352,0.0,0.0,0.0,0.019269602373242378,0.0,0.0,0.0,0.0,0.0,0.0,0.0,0.0,0.004451911896467209,0.0,0.0,0.0,0.0,0.0,0.015617968514561653,0.0,0.008543897420167923,0.0,0.0,0.017431413754820824,0.0,0.0,0.0,0.0,0.0,0.011158911511301994,0.0,0.006921166554093361,0.0,0.013884417712688446,0.0,0.0,0.0,0.0,0.0,0.017269155010581017,0.0,0.00583390099927783,0.0,0.0,,,,,,,,,,,,,,,,,,,,,,,,,,,,,,,,,,,,,,,,,,,,,,,,,,,,,,,,,,,,,,,,,,,,,,,,,,,,,,,,,,,,,,,,,,,,,,,,,,,,,,,,,,,,,,,,,,,,,,,,,,,,,,
2021-05-24,748498.9503352824,364.5757297611722,,,,,,,,,,,76494.84123570709,,1039061.7711000025,,,,,,,,,,,,,,,,,,,,,,,,,,,,,,,,,,,,,,,,,,,3962.364019737361,,,,,,,,,,,,,,,,,,,,,,11812.554581210383,9601.404562693928,3560.2355437396636,7421.891063893989,8748.773750945793,54914.388326031105,23942.742312766804,5473.94290152051,32566.660987848907,,,,,,,,,,,,,,,,,,,,,,,,,,,,,,,,,,,,0.007672586012631655,0.0,0.0,0.01092440728098154,0.0,0.0,0.0,0.0,0.0,0.0,0.0,0.0,0.0,0.0,0.0,0.0,,0.0,,0.0,,0.0,0.0,0.0,0.010507198981940746,0.0,,0.0,0.0,0.010712611488997936,0.0,0.012846814468502998,0.0,,0.0,,,,0.0,0.0,0.0,,0.0,0.0,0.0012285824632272124,0.009027548134326935,0.0,,,0.0,,0.0,0.0,0.0,0.0,0.0,0.0,0.0,0.0,0.006439491640776396,0.015234255231916904,0.0,0.0,0.0,,0.011381476186215878,0.0,0.0,0.0,0.015055594965815544,,0.0005889178719371557,0.0,,0.0,0.0,0.0,0.0,,0.0,0.0,0.0,,0.0,,0.0,0.0,,0.0,,0.0,0.0,0.0030229962430894375,0.01743323914706707,0.0,0.012673601508140564,0.0,0.016194811090826988,0.0,,,0.009300514124333858,0.0,,,,,0.0,0.0,0.0,0.0,0.0,0.0,0.0,0.0,0.0,,0.012146583758294582,0.0019998527131974697,0.0,,0.019029388204216957,0.0,0.0015352413756772876,0.0,0.0,0.0,,0.002669151872396469,,0.014855947345495224,0.0,0.0,0.01175154373049736,,0.0,0.0,,0.0,0.0,0.0,0.0,0.0,0.0001421356719220057,0.0011042432161048055,0.0,0.0,0.0046468619257211685,0.003770541399717331,0.0,0.0012880248250439763,,0.02132318913936615,0.0,0.004850889090448618,0.0,,0.0,0.007785265799611807,0.0,0.0,0.0,0.0,0.0061191171407699585,0.0,0.0,0.0,,0.015078713186085224,0.0,0.0,,,,0.006918592378497124,0.002163069089874625,,0.0,0.0,0.0,0.0,,0.0,,0.0,0.0,0.013318006880581379,0.0,0.0,0.0,,,,0.0,0.01897398941218853,0.0,0.0,0.0,,0.0,0.008289680816233158,0.007186546456068754,0.0,,0.0,0.015495573170483112,0.0,0.0,0.0,,0.002988440217450261,0.0071138362400233746,0.006663523148745298,0.0,,0.0029522741679102182,0.007444577291607857,0.00870683416724205,0.0,0.015951599925756454,0.0,,0.0,0.0,0.0,0.0,0.0,0.0,,0.0,,0.005740217864513397,0.007723913062363863,0.0016765532782301307,0.0,0.0,0.0,0.0,,0.0,0.011521018110215664,0.0028374833054840565,,,0.0,0.0,0.0,0.0,0.0,0.0,0.0,0.0,0.0,,0.0,0.0,0.0014217449352145195,,0.0,0.0,0.0,0.015036061406135559,0.0,0.0,0.0,,,0.0,0.002523822244256735,0.0,0.0,0.0,,0.012212172150611877,,0.010441260412335396,0.0,,0.0,0.0001980172237381339,0.0,0.0,,,0.0,0.009777898900210857,,0.011562291532754898,0.0,,,0.0,0.021612513810396194,0.0,0.0,0.0,0.0,0.0,,,0.0,0.0,0.0,0.0,0.0,,,0.0,0.0,0.0,,0.0,0.0,,0.0,0.0,0.010721533559262753,,0.0,0.0,0.0,0.0,,0.0,0.0,,0.0,0.0,0.0,0.000222572882194072,0.004138255026191473,0.0,0.0,0.0,0.0,0.0,0.0,0.0,0.0,,0.01636638306081295,,0.0,0.013081780634820461,0.00596213573589921,0.0,0.0,0.0,0.00783260352909565,0.013072560541331768,0.0,0.01504174992442131,0.0,,0.0,,0.0,0.007702955510467291,0.0,,0.0,0.0,0.0,0.0064319828525185585,0.0,0.0,0.0,0.0,0.006455377209931612,0.002276746090501547,0.0,,,0.0,0.0,0.0,,,,0.0,0.0,,0.0,,0.0,,0.0,,,0.0,,,,,0.0,,0.0,0.009475049562752247,0.0,,0.0,0.0,0.0006172159337438643,,0.011276694014668465,0.0,,0.0,0.008886725641787052,0.0,,,0.0,,0.01935204491019249,0.0,0.0,,0.0,0.0019069688860327005,,,,0.0,0.0,0.0,0.0,0.0,7.387471123365685e-05,,,,0.007764055393636227,0.0,,0.0,,0.0,0.0,0.0,0.0,,,0.0,0.0,,,0.0,,0.0,,0.0,0.0,0.0,0.0,0.0,0.0,0.0,,0.0,0.010640541091561317,0.0,0.0,0.0,,,0.0,0.0,0.0,0.0,0.004161264281719923,0.0073729087598621845,,,,0.007771022617816925,0.0,0.0,0.0,,,0.008342444896697998,0.0,0.0,,0.0,,,,,0.0,0.013751369901001453,0.0,,0.0,,,0.0,,0.006028351373970509,0.0,0.0,0.0,,0.006963010877370834,0.0,,0.0,0.0,0.0,0.0,0.0,,0.0025301980786025524,0.0,0.0,,0.0,0.0,0.0,0.0,0.0,0.0,0.0,,0.0009805925656110048,0.0,0.0,0.007419695612043142,0.0,0.0,0.0,,0.0,0.0,0.0,0.010489208623766899,0.0,0.0,0.0,0.0,0.0,0.0,0.00028485566144809127,0.0,0.0,0.0,,0.0,0.0,0.0,0.0,0.0,0.0,0.0,0.0,0.0,0.004446286242455244,0.0,0.0,0.0,,0.0,0.006903916597366333,,0.0032303640618920326,0.0,0.0,0.0,0.0,0.0,0.007855664007365704,0.0,0.0,0.0,0.011428353376686573,0.0,0.014265907928347588,0.0,0.0,0.0,0.0,0.0,0.0,0.0,0.0,0.0,0.0,0.0,0.0,0.0071387211792171,0.0,0.0,0.0,0.010663309134542942,0.009583434090018272,0.0,0.00991410668939352,0.0,0.0,0.0,0.019269602373242378,0.0,0.0,0.0,0.0,0.0,0.0,0.0,0.0,0.004451911896467209,0.0,0.0,0.0,0.0,0.0,0.015617968514561653,0.0,0.008543897420167923,0.0,0.0,0.017431413754820824,0.0,0.0,0.0,0.0,0.0,0.011158911511301994,0.0,0.006921166554093361,0.0,0.013884417712688446,0.0,0.0,0.0,0.0,0.0,0.017269155010581017,0.0,0.00583390099927783,0.0,0.0,,,,,,,,,,,,,,,,,,,,,,,,,,,,,,,,,,,,,,,,,,,,,,,,,,,,,,,,,,,,,,,,,,,,,,,,,,,,,,,,,,,,,,,,,,,,,,,,,,,,,,,,,,,,,,,,,,,,,,,,,,,,,,
2021-05-25,755378.401388073,87.15179777464243,,,,,,,,,,,76494.84123570709,,1039061.7711000025,,,,,,,,,,,,,,,,,,,,,,,,,,,,,,,,,,,,,,,,,,,3962.364019737361,,,,,,,,,,,,,,,,,,,,,,11812.554581210383,9601.404562693928,3560.2355437396636,7421.891063893989,8748.773750945793,54914.388326031105,24032.752622213295,5473.94290152051,32566.660987848907,,,,,,,,,,,,,,,,,,,,,,,,,,,,,,,,,,,,0.007672586012631655,0.0,0.0,0.01092440728098154,0.0,0.0,0.0,0.0,0.0,0.0,0.0,0.0,0.0,0.0,0.0,0.0,,0.0,,0.0,,0.0,0.0,0.0,0.010507198981940746,0.0,,0.0,0.0,0.010712611488997936,0.0,0.012846814468502998,0.0,,0.0,,,,0.0,0.0,0.0,,0.0,0.0,0.0012285824632272124,0.009027548134326935,0.0,,,0.0,,0.0,0.0,0.0,0.0,0.0,0.0,0.0,0.0,0.006439491640776396,0.015234255231916904,0.0,0.0,0.0,,0.011381476186215878,0.0,0.0,0.0,0.015055594965815544,,0.0005889178719371557,0.0,,0.0,0.0,0.0,0.0,,0.0,0.0,0.0,,0.0,,0.0,0.0,,0.0,,0.0,0.0,0.0030229962430894375,0.01743323914706707,0.0,0.012673601508140564,0.0,0.016194811090826988,0.0,,,0.009300514124333858,0.0,,,,,0.0,0.0,0.0,0.0,0.0,0.0,0.0,0.0,0.0,,0.012146583758294582,0.0019998527131974697,0.0,,0.019029388204216957,0.0,0.0015352413756772876,0.0,0.0,0.0,,0.002669151872396469,,0.014855947345495224,0.0,0.0,0.01175154373049736,,0.0,0.0,,0.0,0.0,0.0,0.0,0.0,0.0001421356719220057,0.0011042432161048055,0.0,0.0,0.0046468619257211685,0.003770541399717331,0.0,0.0012880248250439763,,0.02132318913936615,0.0,0.004850889090448618,0.0,,0.0,0.007785265799611807,0.0,0.0,0.0,0.0,0.0061191171407699585,0.0,0.0,0.0,,0.015078713186085224,0.0,0.0,,,,0.006918592378497124,0.002163069089874625,,0.0,0.0,0.0,0.0,,0.0,,0.0,0.0,0.013318006880581379,0.0,0.0,0.0,,,,0.0,0.01897398941218853,0.0,0.0,0.0,,0.0,0.008289680816233158,0.007186546456068754,0.0,,0.0,0.015495573170483112,0.0,0.0,0.0,,0.002988440217450261,0.0071138362400233746,0.006663523148745298,0.0,,0.0029522741679102182,0.007444577291607857,0.00870683416724205,0.0,0.015951599925756454,0.0,,0.0,0.0,0.0,0.0,0.0,0.0,,0.0,,0.005740217864513397,0.007723913062363863,0.0016765532782301307,0.0,0.0,0.0,0.0,,0.0,0.011521018110215664,0.0028374833054840565,,,0.0,0.0,0.0,0.0,0.0,0.0,0.0,0.0,0.0,,0.0,0.0,0.0014217449352145195,,0.0,0.0,0.0,0.015036061406135559,0.0,0.0,0.0,,,0.0,0.002523822244256735,0.0,0.0,0.0,,0.012212172150611877,,0.010441260412335396,0.0,,0.0,0.0001980172237381339,0.0,0.0,,,0.0,0.009777898900210857,,0.011562291532754898,0.0,,,0.0,0.021612513810396194,0.0,0.0,0.0,0.0,0.0,,,0.0,0.0,0.0,0.0,0.0,,,0.0,0.0,0.0,,0.0,0.0,,0.0,0.0,0.010721533559262753,,0.0,0.0,0.0,0.0,,0.0,0.0,,0.0,0.0,0.0,0.000222572882194072,0.004138255026191473,0.0,0.0,0.0,0.0,0.0,0.0,0.0,0.0,,0.01636638306081295,,0.0,0.013081780634820461,0.00596213573589921,0.0,0.0,0.0,0.00783260352909565,0.013072560541331768,0.0,0.01504174992442131,0.0,,0.0,,0.0,0.007702955510467291,0.0,,0.0,0.0,0.0,0.0064319828525185585,0.0,0.0,0.0,0.0,0.006455377209931612,0.002276746090501547,0.0,,,0.0,0.0,0.0,,,,0.0,0.0,,0.0,,0.0,,0.0,,,0.0,,,,,0.0,,0.0,0.009475049562752247,0.0,,0.0,0.0,0.0006172159337438643,,0.011276694014668465,0.0,,0.0,0.008886725641787052,0.0,,,0.0,,0.01935204491019249,0.0,0.0,,0.0,0.0019069688860327005,,,,0.0,0.0,0.0,0.0,0.0,7.387471123365685e-05,,,,0.007764055393636227,0.0,,0.0,,0.0,0.0,0.0,0.0,,,0.0,0.0,,,0.0,,0.0,,0.0,0.0,0.0,0.0,0.0,0.0,0.0,,0.0,0.010640541091561317,0.0,0.0,0.0,,,0.0,0.0,0.0,0.0,0.004161264281719923,0.0073729087598621845,,,,0.007771022617816925,0.0,0.0,0.0,,,0.008342444896697998,0.0,0.0,,0.0,,,,,0.0,0.013751369901001453,0.0,,0.0,,,0.0,,0.006028351373970509,0.0,0.0,0.0,,0.006963010877370834,0.0,,0.0,0.0,0.0,0.0,0.0,,0.0025301980786025524,0.0,0.0,,0.0,0.0,0.0,0.0,0.0,0.0,0.0,,0.0009805925656110048,0.0,0.0,0.007419695612043142,0.0,0.0,0.0,,0.0,0.0,0.0,0.010489208623766899,0.0,0.0,0.0,0.0,0.0,0.0,0.00028485566144809127,0.0,0.0,0.0,,0.0,0.0,0.0,0.0,0.0,0.0,0.0,0.0,0.0,0.004446286242455244,0.0,0.0,0.0,,0.0,0.006903916597366333,,0.0032303640618920326,0.0,0.0,0.0,0.0,0.0,0.007855664007365704,0.0,0.0,0.0,0.011428353376686573,0.0,0.014265907928347588,0.0,0.0,0.0,0.0,0.0,0.0,0.0,0.0,0.0,0.0,0.0,0.0,0.0071387211792171,0.0,0.0,0.0,0.010663309134542942,0.009583434090018272,0.0,0.00991410668939352,0.0,0.0,0.0,0.019269602373242378,0.0,0.0,0.0,0.0,0.0,0.0,0.0,0.0,0.004451911896467209,0.0,0.0,0.0,0.0,0.0,0.015617968514561653,0.0,0.008543897420167923,0.0,0.0,0.017431413754820824,0.0,0.0,0.0,0.0,0.0,0.011158911511301994,0.0,0.006921166554093361,0.0,0.013884417712688446,0.0,0.0,0.0,0.0,0.0,0.017269155010581017,0.0,0.00583390099927783,0.0,0.0,,,,,,,,,,,,,,,,,,,,,,,,,,,,,,,,,,,,,,,,,,,,,,,,,,,,,,,,,,,,,,,,,,,,,,,,,,,,,,,,,,,,,,,,,,,,,,,,,,,,,,,,,,,,,,,,,,,,,,,,,,,,,,
2021-05-26,754874.124718364,86.61157803525727,,,,,,,,,,,76494.84123570709,,1039061.7711000025,,,,,,,,,,,,,,,,,,,,,,,,,,,,,,,,,,,,,,,,,,,3962.364019737361,,,,,,,,,,,,,,,,,,,,,,11812.554581210383,9601.404562693928,3560.2355437396636,7421.891063893989,8748.839016261507,54914.388326031105,24032.752622213295,5473.94290152051,32566.660987848907,,,,,,,,,,,,,,,,,,,,,,,,,,,,,,,,,,,,0.007672586012631655,0.0,0.0,0.01092440728098154,0.0,0.0,0.0,0.0,0.0,0.0,0.0,0.0,0.0,0.0,0.0,0.0,,0.0,,0.0,,0.0,0.0,0.0,0.010507198981940746,0.0,,0.0,0.0,0.010712611488997936,0.0,0.012846814468502998,0.0,,0.0,,,,0.0,0.0,0.0,,0.0,0.0,0.0012285824632272124,0.009027548134326935,0.0,,,0.0,,0.0,0.0,0.0,0.0,0.0,0.0,0.0,0.0,0.006439491640776396,0.015234255231916904,0.0,0.0,0.0,,0.011381476186215878,0.0,0.0,0.0,0.015055594965815544,,0.0005889178719371557,0.0,,0.0,0.0,0.0,0.0,,0.0,0.0,0.0,,0.0,,0.0,0.0,,0.0,,0.0,0.0,0.0030229962430894375,0.01743323914706707,0.0,0.012673601508140564,0.0,0.016194811090826988,0.0,,,0.009300514124333858,0.0,,,,,0.0,0.0,0.0,0.0,0.0,0.0,0.0,0.0,0.0,,0.012146583758294582,0.0019998527131974697,0.0,,0.019029388204216957,0.0,0.0015352413756772876,0.0,0.0,0.0,,0.002669151872396469,,0.014855947345495224,0.0,0.0,0.01175154373049736,,0.0,0.0,,0.0,0.0,0.0,0.0,0.0,0.0001421356719220057,0.0011042432161048055,0.0,0.0,0.0046468619257211685,0.003770541399717331,0.0,0.0012880248250439763,,0.02132318913936615,0.0,0.004850889090448618,0.0,,0.0,0.007785265799611807,0.0,0.0,0.0,0.0,0.0061191171407699585,0.0,0.0,0.0,,0.015078713186085224,0.0,0.0,,,,0.006918592378497124,0.002163069089874625,,0.0,0.0,0.0,0.0,,0.0,,0.0,0.0,0.013318006880581379,0.0,0.0,0.0,,,,0.0,0.01897398941218853,0.0,0.0,0.0,,0.0,0.008289680816233158,0.007186546456068754,0.0,,0.0,0.015495573170483112,0.0,0.0,0.0,,0.002988440217450261,0.0071138362400233746,0.006663523148745298,0.0,,0.0029522741679102182,0.007444577291607857,0.00870683416724205,0.0,0.015951599925756454,0.0,,0.0,0.0,0.0,0.0,0.0,0.0,,0.0,,0.005740217864513397,0.007723913062363863,0.0016765532782301307,0.0,0.0,0.0,0.0,,0.0,0.011521018110215664,0.0028374833054840565,,,0.0,0.0,0.0,0.0,0.0,0.0,0.0,0.0,0.0,,0.0,0.0,0.0014217449352145195,,0.0,0.0,0.0,0.015036061406135559,0.0,0.0,0.0,,,0.0,0.002523822244256735,0.0,0.0,0.0,,0.012212172150611877,,0.010441260412335396,0.0,,0.0,0.0001980172237381339,0.0,0.0,,,0.0,0.009777898900210857,,0.011562291532754898,0.0,,,0.0,0.021612513810396194,0.0,0.0,0.0,0.0,0.0,,,0.0,0.0,0.0,0.0,0.0,,,0.0,0.0,0.0,,0.0,0.0,,0.0,0.0,0.010721533559262753,,0.0,0.0,0.0,0.0,,0.0,0.0,,0.0,0.0,0.0,0.000222572882194072,0.004138255026191473,0.0,0.0,0.0,0.0,0.0,0.0,0.0,0.0,,0.01636638306081295,,0.0,0.013081780634820461,0.00596213573589921,0.0,0.0,0.0,0.00783260352909565,0.013072560541331768,0.0,0.01504174992442131,0.0,,0.0,,0.0,0.007702955510467291,0.0,,0.0,0.0,0.0,0.0064319828525185585,0.0,0.0,0.0,0.0,0.006455377209931612,0.002276746090501547,0.0,,,0.0,0.0,0.0,,,,0.0,0.0,,0.0,,0.0,,0.0,,,0.0,,,,,0.0,,0.0,0.009475049562752247,0.0,,0.0,0.0,0.0006172159337438643,,0.011276694014668465,0.0,,0.0,0.008886725641787052,0.0,,,0.0,,0.01935204491019249,0.0,0.0,,0.0,0.0019069688860327005,,,,0.0,0.0,0.0,0.0,0.0,7.387471123365685e-05,,,,0.007764055393636227,0.0,,0.0,,0.0,0.0,0.0,0.0,,,0.0,0.0,,,0.0,,0.0,,0.0,0.0,0.0,0.0,0.0,0.0,0.0,,0.0,0.010640541091561317,0.0,0.0,0.0,,,0.0,0.0,0.0,0.0,0.004161264281719923,0.0073729087598621845,,,,0.007771022617816925,0.0,0.0,0.0,,,0.008342444896697998,0.0,0.0,,0.0,,,,,0.0,0.013751369901001453,0.0,,0.0,,,0.0,,0.006028351373970509,0.0,0.0,0.0,,0.006963010877370834,0.0,,0.0,0.0,0.0,0.0,0.0,,0.0025301980786025524,0.0,0.0,,0.0,0.0,0.0,0.0,0.0,0.0,0.0,,0.0009805925656110048,0.0,0.0,0.007419695612043142,0.0,0.0,0.0,,0.0,0.0,0.0,0.010489208623766899,0.0,0.0,0.0,0.0,0.0,0.0,0.00028485566144809127,0.0,0.0,0.0,,0.0,0.0,0.0,0.0,0.0,0.0,0.0,0.0,0.0,0.004446286242455244,0.0,0.0,0.0,,0.0,0.006903916597366333,,0.0032303640618920326,0.0,0.0,0.0,0.0,0.0,0.007855664007365704,0.0,0.0,0.0,0.011428353376686573,0.0,0.014265907928347588,0.0,0.0,0.0,0.0,0.0,0.0,0.0,0.0,0.0,0.0,0.0,0.0,0.0071387211792171,0.0,0.0,0.0,0.010663309134542942,0.009583434090018272,0.0,0.00991410668939352,0.0,0.0,0.0,0.019269602373242378,0.0,0.0,0.0,0.0,0.0,0.0,0.0,0.0,0.004451911896467209,0.0,0.0,0.0,0.0,0.0,0.015617968514561653,0.0,0.008543897420167923,0.0,0.0,0.017431413754820824,0.0,0.0,0.0,0.0,0.0,0.011158911511301994,0.0,0.006921166554093361,0.0,0.013884417712688446,0.0,0.0,0.0,0.0,0.0,0.017269155010581017,0.0,0.00583390099927783,0.0,0.0,,,,,,,,,,,,,,,,,,,,,,,,,,,,,,,,,,,,,,,,,,,,,,,,,,,,,,,,,,,,,,,,,,,,,,,,,,,,,,,,,,,,,,,,,,,,,,,,,,,,,,,,,,,,,,,,,,,,,,,,,,,,,,
2021-05-27,761814.7737831003,86.61157803525727,,,,,,,,,,,76494.84123570709,,1039061.7711000025,,,,,,,,,,,,,,,,,,,,,,,,,,,,,,,,,,,,,,,,,,,3962.364019737361,,,,,,,,,,,,,,,,,,,,,,11812.554581210383,9601.404562693928,3560.2355437396636,7421.891063893989,8748.839016261507,54914.388326031105,24032.752622213295,5473.94290152051,32566.660987848907,,,,,,,,,,,,,,,,,,,,,,,,,,,,,,,,,,,,0.007672586012631655,0.0,0.0,0.01092440728098154,0.0,0.0,0.0,0.0,0.0,0.0,0.0,0.0,0.0,0.0,0.0,0.0,,0.0,,0.0,,0.0,0.0,0.0,0.010507198981940746,0.0,,0.0,0.0,0.010712611488997936,0.0,0.012846814468502998,0.0,,0.0,,,,0.0,0.0,0.0,,0.0,0.0,0.0012285824632272124,0.009027548134326935,0.0,,,0.0,,0.0,0.0,0.0,0.0,0.0,0.0,0.0,0.0,0.006439491640776396,0.015234255231916904,0.0,0.0,0.0,,0.011381476186215878,0.0,0.0,0.0,0.015055594965815544,,0.0005889178719371557,0.0,,0.0,0.0,0.0,0.0,,0.0,0.0,0.0,,0.0,,0.0,0.0,,0.0,,0.0,0.0,0.0030229962430894375,0.01743323914706707,0.0,0.012673601508140564,0.0,0.016194811090826988,0.0,,,0.009300514124333858,0.0,,,,,0.0,0.0,0.0,0.0,0.0,0.0,0.0,0.0,0.0,,0.012146583758294582,0.0019998527131974697,0.0,,0.019029388204216957,0.0,0.0015352413756772876,0.0,0.0,0.0,,0.002669151872396469,,0.014855947345495224,0.0,0.0,0.01175154373049736,,0.0,0.0,,0.0,0.0,0.0,0.0,0.0,0.0001421356719220057,0.0011042432161048055,0.0,0.0,0.0046468619257211685,0.003770541399717331,0.0,0.0012880248250439763,,0.02132318913936615,0.0,0.004850889090448618,0.0,,0.0,0.007785265799611807,0.0,0.0,0.0,0.0,0.0061191171407699585,0.0,0.0,0.0,,0.015078713186085224,0.0,0.0,,,,0.006918592378497124,0.002163069089874625,,0.0,0.0,0.0,0.0,,0.0,,0.0,0.0,0.013318006880581379,0.0,0.0,0.0,,,,0.0,0.01897398941218853,0.0,0.0,0.0,,0.0,0.008289680816233158,0.007186546456068754,0.0,,0.0,0.015495573170483112,0.0,0.0,0.0,,0.002988440217450261,0.0071138362400233746,0.006663523148745298,0.0,,0.0029522741679102182,0.007444577291607857,0.00870683416724205,0.0,0.015951599925756454,0.0,,0.0,0.0,0.0,0.0,0.0,0.0,,0.0,,0.005740217864513397,0.007723913062363863,0.0016765532782301307,0.0,0.0,0.0,0.0,,0.0,0.011521018110215664,0.0028374833054840565,,,0.0,0.0,0.0,0.0,0.0,0.0,0.0,0.0,0.0,,0.0,0.0,0.0014217449352145195,,0.0,0.0,0.0,0.015036061406135559,0.0,0.0,0.0,,,0.0,0.002523822244256735,0.0,0.0,0.0,,0.012212172150611877,,0.010441260412335396,0.0,,0.0,0.0001980172237381339,0.0,0.0,,,0.0,0.009777898900210857,,0.011562291532754898,0.0,,,0.0,0.021612513810396194,0.0,0.0,0.0,0.0,0.0,,,0.0,0.0,0.0,0.0,0.0,,,0.0,0.0,0.0,,0.0,0.0,,0.0,0.0,0.010721533559262753,,0.0,0.0,0.0,0.0,,0.0,0.0,,0.0,0.0,0.0,0.000222572882194072,0.004138255026191473,0.0,0.0,0.0,0.0,0.0,0.0,0.0,0.0,,0.01636638306081295,,0.0,0.013081780634820461,0.00596213573589921,0.0,0.0,0.0,0.00783260352909565,0.013072560541331768,0.0,0.01504174992442131,0.0,,0.0,,0.0,0.007702955510467291,0.0,,0.0,0.0,0.0,0.0064319828525185585,0.0,0.0,0.0,0.0,0.006455377209931612,0.002276746090501547,0.0,,,0.0,0.0,0.0,,,,0.0,0.0,,0.0,,0.0,,0.0,,,0.0,,,,,0.0,,0.0,0.009475049562752247,0.0,,0.0,0.0,0.0006172159337438643,,0.011276694014668465,0.0,,0.0,0.008886725641787052,0.0,,,0.0,,0.01935204491019249,0.0,0.0,,0.0,0.0019069688860327005,,,,0.0,0.0,0.0,0.0,0.0,7.387471123365685e-05,,,,0.007764055393636227,0.0,,0.0,,0.0,0.0,0.0,0.0,,,0.0,0.0,,,0.0,,0.0,,0.0,0.0,0.0,0.0,0.0,0.0,0.0,,0.0,0.010640541091561317,0.0,0.0,0.0,,,0.0,0.0,0.0,0.0,0.004161264281719923,0.0073729087598621845,,,,0.007771022617816925,0.0,0.0,0.0,,,0.008342444896697998,0.0,0.0,,0.0,,,,,0.0,0.013751369901001453,0.0,,0.0,,,0.0,,0.006028351373970509,0.0,0.0,0.0,,0.006963010877370834,0.0,,0.0,0.0,0.0,0.0,0.0,,0.0025301980786025524,0.0,0.0,,0.0,0.0,0.0,0.0,0.0,0.0,0.0,,0.0009805925656110048,0.0,0.0,0.007419695612043142,0.0,0.0,0.0,,0.0,0.0,0.0,0.010489208623766899,0.0,0.0,0.0,0.0,0.0,0.0,0.00028485566144809127,0.0,0.0,0.0,,0.0,0.0,0.0,0.0,0.0,0.0,0.0,0.0,0.0,0.004446286242455244,0.0,0.0,0.0,,0.0,0.006903916597366333,,0.0032303640618920326,0.0,0.0,0.0,0.0,0.0,0.007855664007365704,0.0,0.0,0.0,0.011428353376686573,0.0,0.014265907928347588,0.0,0.0,0.0,0.0,0.0,0.0,0.0,0.0,0.0,0.0,0.0,0.0,0.0071387211792171,0.0,0.0,0.0,0.010663309134542942,0.009583434090018272,0.0,0.00991410668939352,0.0,0.0,0.0,0.019269602373242378,0.0,0.0,0.0,0.0,0.0,0.0,0.0,0.0,0.004451911896467209,0.0,0.0,0.0,0.0,0.0,0.015617968514561653,0.0,0.008543897420167923,0.0,0.0,0.017431413754820824,0.0,0.0,0.0,0.0,0.0,0.011158911511301994,0.0,0.006921166554093361,0.0,0.013884417712688446,0.0,0.0,0.0,0.0,0.0,0.017269155010581017,0.0,0.00583390099927783,0.0,0.0,,,,,,,,,,,,,,,,,,,,,,,,,,,,,,,,,,,,,,,,,,,,,,,,,,,,,,,,,,,,,,,,,,,,,,,,,,,,,,,,,,,,,,,,,,,,,,,,,,,,,,,,,,,,,,,,,,,,,,,,,,,,,,
2021-05-28,759855.476649321,87.35878162094656,,,,,,,,,,,76494.84123570709,,1039061.7711000025,,,,,,,,,,,,,,,,,,,,,,,,,,,,,,,,,,,,,,,,,,,3962.364019737361,,,,,,,,,,,,,,,,,,,,,,11812.554581210383,9601.404562693928,3560.2355437396636,7421.891063893989,8748.749039090111,54914.388326031105,24032.752622213295,5473.94290152051,32566.660987848907,,,,,,,,,,,,,,,,,,,,,,,,,,,,,,,,,,,,0.007672586012631655,0.0,0.0,0.01092440728098154,0.0,0.0,0.0,0.0,0.0,0.0,0.0,0.0,0.0,0.0,0.0,0.0,,0.0,,0.0,,0.0,0.0,0.0,0.010507198981940746,0.0,,0.0,0.0,0.010712611488997936,0.0,0.012846814468502998,0.0,,0.0,,,,0.0,0.0,0.0,,0.0,0.0,0.0012285824632272124,0.009027548134326935,0.0,,,0.0,,0.0,0.0,0.0,0.0,0.0,0.0,0.0,0.0,0.006439491640776396,0.015234255231916904,0.0,0.0,0.0,,0.011381476186215878,0.0,0.0,0.0,0.015055594965815544,,0.0005889178719371557,0.0,,0.0,0.0,0.0,0.0,,0.0,0.0,0.0,,0.0,,0.0,0.0,,0.0,,0.0,0.0,0.0030229962430894375,0.01743323914706707,0.0,0.012673601508140564,0.0,0.016194811090826988,0.0,,,0.009300514124333858,0.0,,,,,0.0,0.0,0.0,0.0,0.0,0.0,0.0,0.0,0.0,,0.012146583758294582,0.0019998527131974697,0.0,,0.019029388204216957,0.0,0.0015352413756772876,0.0,0.0,0.0,,0.002669151872396469,,0.014855947345495224,0.0,0.0,0.01175154373049736,,0.0,0.0,,0.0,0.0,0.0,0.0,0.0,0.0001421356719220057,0.0011042432161048055,0.0,0.0,0.0046468619257211685,0.003770541399717331,0.0,0.0012880248250439763,,0.02132318913936615,0.0,0.004850889090448618,0.0,,0.0,0.007785265799611807,0.0,0.0,0.0,0.0,0.0061191171407699585,0.0,0.0,0.0,,0.015078713186085224,0.0,0.0,,,,0.006918592378497124,0.002163069089874625,,0.0,0.0,0.0,0.0,,0.0,,0.0,0.0,0.013318006880581379,0.0,0.0,0.0,,,,0.0,0.01897398941218853,0.0,0.0,0.0,,0.0,0.008289680816233158,0.007186546456068754,0.0,,0.0,0.015495573170483112,0.0,0.0,0.0,,0.002988440217450261,0.0071138362400233746,0.006663523148745298,0.0,,0.0029522741679102182,0.007444577291607857,0.00870683416724205,0.0,0.015951599925756454,0.0,,0.0,0.0,0.0,0.0,0.0,0.0,,0.0,,0.005740217864513397,0.007723913062363863,0.0016765532782301307,0.0,0.0,0.0,0.0,,0.0,0.011521018110215664,0.0028374833054840565,,,0.0,0.0,0.0,0.0,0.0,0.0,0.0,0.0,0.0,,0.0,0.0,0.0014217449352145195,,0.0,0.0,0.0,0.015036061406135559,0.0,0.0,0.0,,,0.0,0.002523822244256735,0.0,0.0,0.0,,0.012212172150611877,,0.010441260412335396,0.0,,0.0,0.0001980172237381339,0.0,0.0,,,0.0,0.009777898900210857,,0.011562291532754898,0.0,,,0.0,0.021612513810396194,0.0,0.0,0.0,0.0,0.0,,,0.0,0.0,0.0,0.0,0.0,,,0.0,0.0,0.0,,0.0,0.0,,0.0,0.0,0.010721533559262753,,0.0,0.0,0.0,0.0,,0.0,0.0,,0.0,0.0,0.0,0.000222572882194072,0.004138255026191473,0.0,0.0,0.0,0.0,0.0,0.0,0.0,0.0,,0.01636638306081295,,0.0,0.013081780634820461,0.00596213573589921,0.0,0.0,0.0,0.00783260352909565,0.013072560541331768,0.0,0.01504174992442131,0.0,,0.0,,0.0,0.007702955510467291,0.0,,0.0,0.0,0.0,0.0064319828525185585,0.0,0.0,0.0,0.0,0.006455377209931612,0.002276746090501547,0.0,,,0.0,0.0,0.0,,,,0.0,0.0,,0.0,,0.0,,0.0,,,0.0,,,,,0.0,,0.0,0.009475049562752247,0.0,,0.0,0.0,0.0006172159337438643,,0.011276694014668465,0.0,,0.0,0.008886725641787052,0.0,,,0.0,,0.01935204491019249,0.0,0.0,,0.0,0.0019069688860327005,,,,0.0,0.0,0.0,0.0,0.0,7.387471123365685e-05,,,,0.007764055393636227,0.0,,0.0,,0.0,0.0,0.0,0.0,,,0.0,0.0,,,0.0,,0.0,,0.0,0.0,0.0,0.0,0.0,0.0,0.0,,0.0,0.010640541091561317,0.0,0.0,0.0,,,0.0,0.0,0.0,0.0,0.004161264281719923,0.0073729087598621845,,,,0.007771022617816925,0.0,0.0,0.0,,,0.008342444896697998,0.0,0.0,,0.0,,,,,0.0,0.013751369901001453,0.0,,0.0,,,0.0,,0.006028351373970509,0.0,0.0,0.0,,0.006963010877370834,0.0,,0.0,0.0,0.0,0.0,0.0,,0.0025301980786025524,0.0,0.0,,0.0,0.0,0.0,0.0,0.0,0.0,0.0,,0.0009805925656110048,0.0,0.0,0.007419695612043142,0.0,0.0,0.0,,0.0,0.0,0.0,0.010489208623766899,0.0,0.0,0.0,0.0,0.0,0.0,0.00028485566144809127,0.0,0.0,0.0,,0.0,0.0,0.0,0.0,0.0,0.0,0.0,0.0,0.0,0.004446286242455244,0.0,0.0,0.0,,0.0,0.006903916597366333,,0.0032303640618920326,0.0,0.0,0.0,0.0,0.0,0.007855664007365704,0.0,0.0,0.0,0.011428353376686573,0.0,0.014265907928347588,0.0,0.0,0.0,0.0,0.0,0.0,0.0,0.0,0.0,0.0,0.0,0.0,0.0071387211792171,0.0,0.0,0.0,0.010663309134542942,0.009583434090018272,0.0,0.00991410668939352,0.0,0.0,0.0,0.019269602373242378,0.0,0.0,0.0,0.0,0.0,0.0,0.0,0.0,0.004451911896467209,0.0,0.0,0.0,0.0,0.0,0.015617968514561653,0.0,0.008543897420167923,0.0,0.0,0.017431413754820824,0.0,0.0,0.0,0.0,0.0,0.011158911511301994,0.0,0.006921166554093361,0.0,0.013884417712688446,0.0,0.0,0.0,0.0,0.0,0.017269155010581017,0.0,0.00583390099927783,0.0,0.0,,,,,,,,,,,,,,,,,,,,,,,,,,,,,,,,,,,,,,,,,,,,,,,,,,,,,,,,,,,,,,,,,,,,,,,,,,,,,,,,,,,,,,,,,,,,,,,,,,,,,,,,,,,,,,,,,,,,,,,,,,,,,,
2021-05-31,766016.0409606905,89.73569888596731,,,,,,,,,,,76494.84123570709,,1039061.7711000025,,,,,,,,,,,,,,,,,,,,,,,,,,,,,,,,,,,,,,,,,,,3962.364019737361,,,,,,,,,,,,,,,,,,,,,,11812.554581210383,9601.404562693928,3560.2355437396636,7421.891063893989,8748.4645459862,54914.388326031105,24032.752622213295,5473.94290152051,32566.660987848907,,,,,,,,,,,,,,,,,,,,,,,,,,,,,,,,,,,,0.007672586012631655,0.0,0.0,0.01092440728098154,0.0,0.0,0.0,0.0,0.0,0.0,0.0,0.0,0.0,0.0,0.0,0.0,,0.0,,0.0,,0.0,0.0,0.0,0.010507198981940746,0.0,,0.0,0.0,0.010712611488997936,0.0,0.012846814468502998,0.0,,0.0,,,,0.0,0.0,0.0,,0.0,0.0,0.0012285824632272124,0.009027548134326935,0.0,,,0.0,,0.0,0.0,0.0,0.0,0.0,0.0,0.0,0.0,0.006439491640776396,0.015234255231916904,0.0,0.0,0.0,,0.011381476186215878,0.0,0.0,0.0,0.015055594965815544,,0.0005889178719371557,0.0,,0.0,0.0,0.0,0.0,,0.0,0.0,0.0,,0.0,,0.0,0.0,,0.0,,0.0,0.0,0.0030229962430894375,0.01743323914706707,0.0,0.012673601508140564,0.0,0.016194811090826988,0.0,,,0.009300514124333858,0.0,,,,,0.0,0.0,0.0,0.0,0.0,0.0,0.0,0.0,0.0,,0.012146583758294582,0.0019998527131974697,0.0,,0.019029388204216957,0.0,0.0015352413756772876,0.0,0.0,0.0,,0.002669151872396469,,0.014855947345495224,0.0,0.0,0.01175154373049736,,0.0,0.0,,0.0,0.0,0.0,0.0,0.0,0.0001421356719220057,0.0011042432161048055,0.0,0.0,0.0046468619257211685,0.003770541399717331,0.0,0.0012880248250439763,,0.02132318913936615,0.0,0.004850889090448618,0.0,,0.0,0.007785265799611807,0.0,0.0,0.0,0.0,0.0061191171407699585,0.0,0.0,0.0,,0.015078713186085224,0.0,0.0,,,,0.006918592378497124,0.002163069089874625,,0.0,0.0,0.0,0.0,,0.0,,0.0,0.0,0.013318006880581379,0.0,0.0,0.0,,,,0.0,0.01897398941218853,0.0,0.0,0.0,,0.0,0.008289680816233158,0.007186546456068754,0.0,,0.0,0.015495573170483112,0.0,0.0,0.0,,0.002988440217450261,0.0071138362400233746,0.006663523148745298,0.0,,0.0029522741679102182,0.007444577291607857,0.00870683416724205,0.0,0.015951599925756454,0.0,,0.0,0.0,0.0,0.0,0.0,0.0,,0.0,,0.005740217864513397,0.007723913062363863,0.0016765532782301307,0.0,0.0,0.0,0.0,,0.0,0.011521018110215664,0.0028374833054840565,,,0.0,0.0,0.0,0.0,0.0,0.0,0.0,0.0,0.0,,0.0,0.0,0.0014217449352145195,,0.0,0.0,0.0,0.015036061406135559,0.0,0.0,0.0,,,0.0,0.002523822244256735,0.0,0.0,0.0,,0.012212172150611877,,0.010441260412335396,0.0,,0.0,0.0001980172237381339,0.0,0.0,,,0.0,0.009777898900210857,,0.011562291532754898,0.0,,,0.0,0.021612513810396194,0.0,0.0,0.0,0.0,0.0,,,0.0,0.0,0.0,0.0,0.0,,,0.0,0.0,0.0,,0.0,0.0,,0.0,0.0,0.010721533559262753,,0.0,0.0,0.0,0.0,,0.0,0.0,,0.0,0.0,0.0,0.000222572882194072,0.004138255026191473,0.0,0.0,0.0,0.0,0.0,0.0,0.0,0.0,,0.01636638306081295,,0.0,0.013081780634820461,0.00596213573589921,0.0,0.0,0.0,0.00783260352909565,0.013072560541331768,0.0,0.01504174992442131,0.0,,0.0,,0.0,0.007702955510467291,0.0,,0.0,0.0,0.0,0.0064319828525185585,0.0,0.0,0.0,0.0,0.006455377209931612,0.002276746090501547,0.0,,,0.0,0.0,0.0,,,,0.0,0.0,,0.0,,0.0,,0.0,,,0.0,,,,,0.0,,0.0,0.009475049562752247,0.0,,0.0,0.0,0.0006172159337438643,,0.011276694014668465,0.0,,0.0,0.008886725641787052,0.0,,,0.0,,0.01935204491019249,0.0,0.0,,0.0,0.0019069688860327005,,,,0.0,0.0,0.0,0.0,0.0,7.387471123365685e-05,,,,0.007764055393636227,0.0,,0.0,,0.0,0.0,0.0,0.0,,,0.0,0.0,,,0.0,,0.0,,0.0,0.0,0.0,0.0,0.0,0.0,0.0,,0.0,0.010640541091561317,0.0,0.0,0.0,,,0.0,0.0,0.0,0.0,0.004161264281719923,0.0073729087598621845,,,,0.007771022617816925,0.0,0.0,0.0,,,0.008342444896697998,0.0,0.0,,0.0,,,,,0.0,0.013751369901001453,0.0,,0.0,,,0.0,,0.006028351373970509,0.0,0.0,0.0,,0.006963010877370834,0.0,,0.0,0.0,0.0,0.0,0.0,,0.0025301980786025524,0.0,0.0,,0.0,0.0,0.0,0.0,0.0,0.0,0.0,,0.0009805925656110048,0.0,0.0,0.007419695612043142,0.0,0.0,0.0,,0.0,0.0,0.0,0.010489208623766899,0.0,0.0,0.0,0.0,0.0,0.0,0.00028485566144809127,0.0,0.0,0.0,,0.0,0.0,0.0,0.0,0.0,0.0,0.0,0.0,0.0,0.004446286242455244,0.0,0.0,0.0,,0.0,0.006903916597366333,,0.0032303640618920326,0.0,0.0,0.0,0.0,0.0,0.007855664007365704,0.0,0.0,0.0,0.011428353376686573,0.0,0.014265907928347588,0.0,0.0,0.0,0.0,0.0,0.0,0.0,0.0,0.0,0.0,0.0,0.0,0.0071387211792171,0.0,0.0,0.0,0.010663309134542942,0.009583434090018272,0.0,0.00991410668939352,0.0,0.0,0.0,0.019269602373242378,0.0,0.0,0.0,0.0,0.0,0.0,0.0,0.0,0.004451911896467209,0.0,0.0,0.0,0.0,0.0,0.015617968514561653,0.0,0.008543897420167923,0.0,0.0,0.017431413754820824,0.0,0.0,0.0,0.0,0.0,0.011158911511301994,0.0,0.006921166554093361,0.0,0.013884417712688446,0.0,0.0,0.0,0.0,0.0,0.017269155010581017,0.0,0.00583390099927783,0.0,0.0,,,,,,,,,,,,,,,,,,,,,,,,,,,,,,,,,,,,,,,,,,,,,,,,,,,,,,,,,,,,,,,,,,,,,,,,,,,,,,,,,,,,,,,,,,,,,,,,,,,,,,,,,,,,,,,,,,,,,,,,,,,,,,
2021-06-01,770406.4737970204,90.6787374713139,,,,,,,,,,,76494.84123570709,,1039061.7711000025,,,,,,,,,,,,,,,,,,,,,,,,,,,,,,,,,,,,,,,,,,,3962.364019737361,,,,,,,,,,,,,,,,,,,,,,11812.554581210383,9601.404562693928,3560.2355437396636,7421.891063893989,8748.354301962601,54914.388326031105,24032.752622213295,5473.94290152051,32566.660987848907,,,,,,,,,,,,,,,,,,,,,,,,,,,,,,,,,,,,0.007672586012631655,0.0,0.0,0.01092440728098154,0.0,0.0,0.0,0.0,0.0,0.0,0.0,0.0,0.0,0.0,0.0,0.0,,0.0,,0.0,,0.0,0.0,0.0,0.010507198981940746,0.0,,0.0,0.0,0.010712611488997936,0.0,0.012846814468502998,0.0,,0.0,,,,0.0,0.0,0.0,,0.0,0.0,0.0012285824632272124,0.009027548134326935,0.0,,,0.0,,0.0,0.0,0.0,0.0,0.0,0.0,0.0,0.0,0.006439491640776396,0.015234255231916904,0.0,0.0,0.0,,0.011381476186215878,0.0,0.0,0.0,0.015055594965815544,,0.0005889178719371557,0.0,,0.0,0.0,0.0,0.0,,0.0,0.0,0.0,,0.0,,0.0,0.0,,0.0,,0.0,0.0,0.0030229962430894375,0.01743323914706707,0.0,0.012673601508140564,0.0,0.016194811090826988,0.0,,,0.009300514124333858,0.0,,,,,0.0,0.0,0.0,0.0,0.0,0.0,0.0,0.0,0.0,,0.012146583758294582,0.0019998527131974697,0.0,,0.019029388204216957,0.0,0.0015352413756772876,0.0,0.0,0.0,,0.002669151872396469,,0.014855947345495224,0.0,0.0,0.01175154373049736,,0.0,0.0,,0.0,0.0,0.0,0.0,0.0,0.0001421356719220057,0.0011042432161048055,0.0,0.0,0.0046468619257211685,0.003770541399717331,0.0,0.0012880248250439763,,0.02132318913936615,0.0,0.004850889090448618,0.0,,0.0,0.007785265799611807,0.0,0.0,0.0,0.0,0.0061191171407699585,0.0,0.0,0.0,,0.015078713186085224,0.0,0.0,,,,0.006918592378497124,0.002163069089874625,,0.0,0.0,0.0,0.0,,0.0,,0.0,0.0,0.013318006880581379,0.0,0.0,0.0,,,,0.0,0.01897398941218853,0.0,0.0,0.0,,0.0,0.008289680816233158,0.007186546456068754,0.0,,0.0,0.015495573170483112,0.0,0.0,0.0,,0.002988440217450261,0.0071138362400233746,0.006663523148745298,0.0,,0.0029522741679102182,0.007444577291607857,0.00870683416724205,0.0,0.015951599925756454,0.0,,0.0,0.0,0.0,0.0,0.0,0.0,,0.0,,0.005740217864513397,0.007723913062363863,0.0016765532782301307,0.0,0.0,0.0,0.0,,0.0,0.011521018110215664,0.0028374833054840565,,,0.0,0.0,0.0,0.0,0.0,0.0,0.0,0.0,0.0,,0.0,0.0,0.0014217449352145195,,0.0,0.0,0.0,0.015036061406135559,0.0,0.0,0.0,,,0.0,0.002523822244256735,0.0,0.0,0.0,,0.012212172150611877,,0.010441260412335396,0.0,,0.0,0.0001980172237381339,0.0,0.0,,,0.0,0.009777898900210857,,0.011562291532754898,0.0,,,0.0,0.021612513810396194,0.0,0.0,0.0,0.0,0.0,,,0.0,0.0,0.0,0.0,0.0,,,0.0,0.0,0.0,,0.0,0.0,,0.0,0.0,0.010721533559262753,,0.0,0.0,0.0,0.0,,0.0,0.0,,0.0,0.0,0.0,0.000222572882194072,0.004138255026191473,0.0,0.0,0.0,0.0,0.0,0.0,0.0,0.0,,0.01636638306081295,,0.0,0.013081780634820461,0.00596213573589921,0.0,0.0,0.0,0.00783260352909565,0.013072560541331768,0.0,0.01504174992442131,0.0,,0.0,,0.0,0.007702955510467291,0.0,,0.0,0.0,0.0,0.0064319828525185585,0.0,0.0,0.0,0.0,0.006455377209931612,0.002276746090501547,0.0,,,0.0,0.0,0.0,,,,0.0,0.0,,0.0,,0.0,,0.0,,,0.0,,,,,0.0,,0.0,0.009475049562752247,0.0,,0.0,0.0,0.0006172159337438643,,0.011276694014668465,0.0,,0.0,0.008886725641787052,0.0,,,0.0,,0.01935204491019249,0.0,0.0,,0.0,0.0019069688860327005,,,,0.0,0.0,0.0,0.0,0.0,7.387471123365685e-05,,,,0.007764055393636227,0.0,,0.0,,0.0,0.0,0.0,0.0,,,0.0,0.0,,,0.0,,0.0,,0.0,0.0,0.0,0.0,0.0,0.0,0.0,,0.0,0.010640541091561317,0.0,0.0,0.0,,,0.0,0.0,0.0,0.0,0.004161264281719923,0.0073729087598621845,,,,0.007771022617816925,0.0,0.0,0.0,,,0.008342444896697998,0.0,0.0,,0.0,,,,,0.0,0.013751369901001453,0.0,,0.0,,,0.0,,0.006028351373970509,0.0,0.0,0.0,,0.006963010877370834,0.0,,0.0,0.0,0.0,0.0,0.0,,0.0025301980786025524,0.0,0.0,,0.0,0.0,0.0,0.0,0.0,0.0,0.0,,0.0009805925656110048,0.0,0.0,0.007419695612043142,0.0,0.0,0.0,,0.0,0.0,0.0,0.010489208623766899,0.0,0.0,0.0,0.0,0.0,0.0,0.00028485566144809127,0.0,0.0,0.0,,0.0,0.0,0.0,0.0,0.0,0.0,0.0,0.0,0.0,0.004446286242455244,0.0,0.0,0.0,,0.0,0.006903916597366333,,0.0032303640618920326,0.0,0.0,0.0,0.0,0.0,0.007855664007365704,0.0,0.0,0.0,0.011428353376686573,0.0,0.014265907928347588,0.0,0.0,0.0,0.0,0.0,0.0,0.0,0.0,0.0,0.0,0.0,0.0,0.0071387211792171,0.0,0.0,0.0,0.010663309134542942,0.009583434090018272,0.0,0.00991410668939352,0.0,0.0,0.0,0.019269602373242378,0.0,0.0,0.0,0.0,0.0,0.0,0.0,0.0,0.004451911896467209,0.0,0.0,0.0,0.0,0.0,0.015617968514561653,0.0,0.008543897420167923,0.0,0.0,0.017431413754820824,0.0,0.0,0.0,0.0,0.0,0.011158911511301994,0.0,0.006921166554093361,0.0,0.013884417712688446,0.0,0.0,0.0,0.0,0.0,0.017269155010581017,0.0,0.00583390099927783,0.0,0.0,,,,,,,,,,,,,,,,,,,,,,,,,,,,,,,,,,,,,,,,,,,,,,,,,,,,,,,,,,,,,,,,,,,,,,,,,,,,,,,,,,,,,,,,,,,,,,,,,,,,,,,,,,,,,,,,,,,,,,,,,,,,,,
2021-06-02,761376.9037408724,90.08517191488453,,,,,,,,,,,76494.84123570709,,1039061.7711000025,,,,,,,,,,,,,,,,,,,,,,,,,,,,,,,,,,,,,,,,,,,3962.364019737361,,,,,,,,,,,,,,,,,,,,,,11812.554581210383,9601.404562693928,3560.2355437396636,7421.891063893989,8748.423996137239,54914.388326031105,24032.752622213295,5473.94290152051,32566.660987848907,,,,,,,,,,,,,,,,,,,,,,,,,,,,,,,,,,,,0.007672586012631655,0.0,0.0,0.01092440728098154,0.0,0.0,0.0,0.0,0.0,0.0,0.0,0.0,0.0,0.0,0.0,0.0,,0.0,,0.0,,0.0,0.0,0.0,0.010507198981940746,0.0,,0.0,0.0,0.010712611488997936,0.0,0.012846814468502998,0.0,,0.0,,,,0.0,0.0,0.0,,0.0,0.0,0.0012285824632272124,0.009027548134326935,0.0,,,0.0,,0.0,0.0,0.0,0.0,0.0,0.0,0.0,0.0,0.006439491640776396,0.015234255231916904,0.0,0.0,0.0,,0.011381476186215878,0.0,0.0,0.0,0.015055594965815544,,0.0005889178719371557,0.0,,0.0,0.0,0.0,0.0,,0.0,0.0,0.0,,0.0,,0.0,0.0,,0.0,,0.0,0.0,0.0030229962430894375,0.01743323914706707,0.0,0.012673601508140564,0.0,0.016194811090826988,0.0,,,0.009300514124333858,0.0,,,,,0.0,0.0,0.0,0.0,0.0,0.0,0.0,0.0,0.0,,0.012146583758294582,0.0019998527131974697,0.0,,0.019029388204216957,0.0,0.0015352413756772876,0.0,0.0,0.0,,0.002669151872396469,,0.014855947345495224,0.0,0.0,0.01175154373049736,,0.0,0.0,,0.0,0.0,0.0,0.0,0.0,0.0001421356719220057,0.0011042432161048055,0.0,0.0,0.0046468619257211685,0.003770541399717331,0.0,0.0012880248250439763,,0.02132318913936615,0.0,0.004850889090448618,0.0,,0.0,0.007785265799611807,0.0,0.0,0.0,0.0,0.0061191171407699585,0.0,0.0,0.0,,0.015078713186085224,0.0,0.0,,,,0.006918592378497124,0.002163069089874625,,0.0,0.0,0.0,0.0,,0.0,,0.0,0.0,0.013318006880581379,0.0,0.0,0.0,,,,0.0,0.01897398941218853,0.0,0.0,0.0,,0.0,0.008289680816233158,0.007186546456068754,0.0,,0.0,0.015495573170483112,0.0,0.0,0.0,,0.002988440217450261,0.0071138362400233746,0.006663523148745298,0.0,,0.0029522741679102182,0.007444577291607857,0.00870683416724205,0.0,0.015951599925756454,0.0,,0.0,0.0,0.0,0.0,0.0,0.0,,0.0,,0.005740217864513397,0.007723913062363863,0.0016765532782301307,0.0,0.0,0.0,0.0,,0.0,0.011521018110215664,0.0028374833054840565,,,0.0,0.0,0.0,0.0,0.0,0.0,0.0,0.0,0.0,,0.0,0.0,0.0014217449352145195,,0.0,0.0,0.0,0.015036061406135559,0.0,0.0,0.0,,,0.0,0.002523822244256735,0.0,0.0,0.0,,0.012212172150611877,,0.010441260412335396,0.0,,0.0,0.0001980172237381339,0.0,0.0,,,0.0,0.009777898900210857,,0.011562291532754898,0.0,,,0.0,0.021612513810396194,0.0,0.0,0.0,0.0,0.0,,,0.0,0.0,0.0,0.0,0.0,,,0.0,0.0,0.0,,0.0,0.0,,0.0,0.0,0.010721533559262753,,0.0,0.0,0.0,0.0,,0.0,0.0,,0.0,0.0,0.0,0.000222572882194072,0.004138255026191473,0.0,0.0,0.0,0.0,0.0,0.0,0.0,0.0,,0.01636638306081295,,0.0,0.013081780634820461,0.00596213573589921,0.0,0.0,0.0,0.00783260352909565,0.013072560541331768,0.0,0.01504174992442131,0.0,,0.0,,0.0,0.007702955510467291,0.0,,0.0,0.0,0.0,0.0064319828525185585,0.0,0.0,0.0,0.0,0.006455377209931612,0.002276746090501547,0.0,,,0.0,0.0,0.0,,,,0.0,0.0,,0.0,,0.0,,0.0,,,0.0,,,,,0.0,,0.0,0.009475049562752247,0.0,,0.0,0.0,0.0006172159337438643,,0.011276694014668465,0.0,,0.0,0.008886725641787052,0.0,,,0.0,,0.01935204491019249,0.0,0.0,,0.0,0.0019069688860327005,,,,0.0,0.0,0.0,0.0,0.0,7.387471123365685e-05,,,,0.007764055393636227,0.0,,0.0,,0.0,0.0,0.0,0.0,,,0.0,0.0,,,0.0,,0.0,,0.0,0.0,0.0,0.0,0.0,0.0,0.0,,0.0,0.010640541091561317,0.0,0.0,0.0,,,0.0,0.0,0.0,0.0,0.004161264281719923,0.0073729087598621845,,,,0.007771022617816925,0.0,0.0,0.0,,,0.008342444896697998,0.0,0.0,,0.0,,,,,0.0,0.013751369901001453,0.0,,0.0,,,0.0,,0.006028351373970509,0.0,0.0,0.0,,0.006963010877370834,0.0,,0.0,0.0,0.0,0.0,0.0,,0.0025301980786025524,0.0,0.0,,0.0,0.0,0.0,0.0,0.0,0.0,0.0,,0.0009805925656110048,0.0,0.0,0.007419695612043142,0.0,0.0,0.0,,0.0,0.0,0.0,0.010489208623766899,0.0,0.0,0.0,0.0,0.0,0.0,0.00028485566144809127,0.0,0.0,0.0,,0.0,0.0,0.0,0.0,0.0,0.0,0.0,0.0,0.0,0.004446286242455244,0.0,0.0,0.0,,0.0,0.006903916597366333,,0.0032303640618920326,0.0,0.0,0.0,0.0,0.0,0.007855664007365704,0.0,0.0,0.0,0.011428353376686573,0.0,0.014265907928347588,0.0,0.0,0.0,0.0,0.0,0.0,0.0,0.0,0.0,0.0,0.0,0.0,0.0071387211792171,0.0,0.0,0.0,0.010663309134542942,0.009583434090018272,0.0,0.00991410668939352,0.0,0.0,0.0,0.019269602373242378,0.0,0.0,0.0,0.0,0.0,0.0,0.0,0.0,0.004451911896467209,0.0,0.0,0.0,0.0,0.0,0.015617968514561653,0.0,0.008543897420167923,0.0,0.0,0.017431413754820824,0.0,0.0,0.0,0.0,0.0,0.011158911511301994,0.0,0.006921166554093361,0.0,0.013884417712688446,0.0,0.0,0.0,0.0,0.0,0.017269155010581017,0.0,0.00583390099927783,0.0,0.0,,,,,,,,,,,,,,,,,,,,,,,,,,,,,,,,,,,,,,,,,,,,,,,,,,,,,,,,,,,,,,,,,,,,,,,,,,,,,,,,,,,,,,,,,,,,,,,,,,,,,,,,,,,,,,,,,,,,,,,,,,,,,,
2021-06-03,759554.7018053095,88.48299044082519,,,,,,,,,,,76494.84123570709,,1039061.7711000025,,,,,,,,,,,,,,,,,,,,,,,,,,,,,,,,,,,,,,,,,,,3962.364019737361,,,,,,,,,,,,,,,,,,,,,,11812.554581210383,9601.404562693928,3560.2355437396636,7421.891063893989,8748.615977651463,54914.388326031105,24032.752622213295,5473.94290152051,32566.660987848907,,,,,,,,,,,,,,,,,,,,,,,,,,,,,,,,,,,,0.007672586012631655,0.0,0.0,0.01092440728098154,0.0,0.0,0.0,0.0,0.0,0.0,0.0,0.0,0.0,0.0,0.0,0.0,,0.0,,0.0,,0.0,0.0,0.0,0.010507198981940746,0.0,,0.0,0.0,0.010712611488997936,0.0,0.012846814468502998,0.0,,0.0,,,,0.0,0.0,0.0,,0.0,0.0,0.0012285824632272124,0.009027548134326935,0.0,,,0.0,,0.0,0.0,0.0,0.0,0.0,0.0,0.0,0.0,0.006439491640776396,0.015234255231916904,0.0,0.0,0.0,,0.011381476186215878,0.0,0.0,0.0,0.015055594965815544,,0.0005889178719371557,0.0,,0.0,0.0,0.0,0.0,,0.0,0.0,0.0,,0.0,,0.0,0.0,,0.0,,0.0,0.0,0.0030229962430894375,0.01743323914706707,0.0,0.012673601508140564,0.0,0.016194811090826988,0.0,,,0.009300514124333858,0.0,,,,,0.0,0.0,0.0,0.0,0.0,0.0,0.0,0.0,0.0,,0.012146583758294582,0.0019998527131974697,0.0,,0.019029388204216957,0.0,0.0015352413756772876,0.0,0.0,0.0,,0.002669151872396469,,0.014855947345495224,0.0,0.0,0.01175154373049736,,0.0,0.0,,0.0,0.0,0.0,0.0,0.0,0.0001421356719220057,0.0011042432161048055,0.0,0.0,0.0046468619257211685,0.003770541399717331,0.0,0.0012880248250439763,,0.02132318913936615,0.0,0.004850889090448618,0.0,,0.0,0.007785265799611807,0.0,0.0,0.0,0.0,0.0061191171407699585,0.0,0.0,0.0,,0.015078713186085224,0.0,0.0,,,,0.006918592378497124,0.002163069089874625,,0.0,0.0,0.0,0.0,,0.0,,0.0,0.0,0.013318006880581379,0.0,0.0,0.0,,,,0.0,0.01897398941218853,0.0,0.0,0.0,,0.0,0.008289680816233158,0.007186546456068754,0.0,,0.0,0.015495573170483112,0.0,0.0,0.0,,0.002988440217450261,0.0071138362400233746,0.006663523148745298,0.0,,0.0029522741679102182,0.007444577291607857,0.00870683416724205,0.0,0.015951599925756454,0.0,,0.0,0.0,0.0,0.0,0.0,0.0,,0.0,,0.005740217864513397,0.007723913062363863,0.0016765532782301307,0.0,0.0,0.0,0.0,,0.0,0.011521018110215664,0.0028374833054840565,,,0.0,0.0,0.0,0.0,0.0,0.0,0.0,0.0,0.0,,0.0,0.0,0.0014217449352145195,,0.0,0.0,0.0,0.015036061406135559,0.0,0.0,0.0,,,0.0,0.002523822244256735,0.0,0.0,0.0,,0.012212172150611877,,0.010441260412335396,0.0,,0.0,0.0001980172237381339,0.0,0.0,,,0.0,0.009777898900210857,,0.011562291532754898,0.0,,,0.0,0.021612513810396194,0.0,0.0,0.0,0.0,0.0,,,0.0,0.0,0.0,0.0,0.0,,,0.0,0.0,0.0,,0.0,0.0,,0.0,0.0,0.010721533559262753,,0.0,0.0,0.0,0.0,,0.0,0.0,,0.0,0.0,0.0,0.000222572882194072,0.004138255026191473,0.0,0.0,0.0,0.0,0.0,0.0,0.0,0.0,,0.01636638306081295,,0.0,0.013081780634820461,0.00596213573589921,0.0,0.0,0.0,0.00783260352909565,0.013072560541331768,0.0,0.01504174992442131,0.0,,0.0,,0.0,0.007702955510467291,0.0,,0.0,0.0,0.0,0.0064319828525185585,0.0,0.0,0.0,0.0,0.006455377209931612,0.002276746090501547,0.0,,,0.0,0.0,0.0,,,,0.0,0.0,,0.0,,0.0,,0.0,,,0.0,,,,,0.0,,0.0,0.009475049562752247,0.0,,0.0,0.0,0.0006172159337438643,,0.011276694014668465,0.0,,0.0,0.008886725641787052,0.0,,,0.0,,0.01935204491019249,0.0,0.0,,0.0,0.0019069688860327005,,,,0.0,0.0,0.0,0.0,0.0,7.387471123365685e-05,,,,0.007764055393636227,0.0,,0.0,,0.0,0.0,0.0,0.0,,,0.0,0.0,,,0.0,,0.0,,0.0,0.0,0.0,0.0,0.0,0.0,0.0,,0.0,0.010640541091561317,0.0,0.0,0.0,,,0.0,0.0,0.0,0.0,0.004161264281719923,0.0073729087598621845,,,,0.007771022617816925,0.0,0.0,0.0,,,0.008342444896697998,0.0,0.0,,0.0,,,,,0.0,0.013751369901001453,0.0,,0.0,,,0.0,,0.006028351373970509,0.0,0.0,0.0,,0.006963010877370834,0.0,,0.0,0.0,0.0,0.0,0.0,,0.0025301980786025524,0.0,0.0,,0.0,0.0,0.0,0.0,0.0,0.0,0.0,,0.0009805925656110048,0.0,0.0,0.007419695612043142,0.0,0.0,0.0,,0.0,0.0,0.0,0.010489208623766899,0.0,0.0,0.0,0.0,0.0,0.0,0.00028485566144809127,0.0,0.0,0.0,,0.0,0.0,0.0,0.0,0.0,0.0,0.0,0.0,0.0,0.004446286242455244,0.0,0.0,0.0,,0.0,0.006903916597366333,,0.0032303640618920326,0.0,0.0,0.0,0.0,0.0,0.007855664007365704,0.0,0.0,0.0,0.011428353376686573,0.0,0.014265907928347588,0.0,0.0,0.0,0.0,0.0,0.0,0.0,0.0,0.0,0.0,0.0,0.0,0.0071387211792171,0.0,0.0,0.0,0.010663309134542942,0.009583434090018272,0.0,0.00991410668939352,0.0,0.0,0.0,0.019269602373242378,0.0,0.0,0.0,0.0,0.0,0.0,0.0,0.0,0.004451911896467209,0.0,0.0,0.0,0.0,0.0,0.015617968514561653,0.0,0.008543897420167923,0.0,0.0,0.017431413754820824,0.0,0.0,0.0,0.0,0.0,0.011158911511301994,0.0,0.006921166554093361,0.0,0.013884417712688446,0.0,0.0,0.0,0.0,0.0,0.017269155010581017,0.0,0.00583390099927783,0.0,0.0,,,,,,,,,,,,,,,,,,,,,,,,,,,,,,,,,,,,,,,,,,,,,,,,,,,,,,,,,,,,,,,,,,,,,,,,,,,,,,,,,,,,,,,,,,,,,,,,,,,,,,,,,,,,,,,,,,,,,,,,,,,,,,
2021-06-04,761690.7221491601,306.7591313198581,,,,,,,,,,,76494.84123570709,,1039061.7711000025,,,,,,,,,,,,,,,,,,,,,,,,,,,,,,,,,,,,,,,,,,,3962.364019737361,,,,,,,,,,,,,,,,,,,,,,11812.554581210383,9601.404562693928,3560.2355437396636,7421.891063893989,8748.615977651463,54914.388326031105,23963.41088264888,5473.94290152051,32566.660987848907,,,,,,,,,,,,,,,,,,,,,,,,,,,,,,,,,,,,0.007672586012631655,0.0,0.0,0.01092440728098154,0.0,0.0,0.0,0.0,0.0,0.0,0.0,0.0,0.0,0.0,0.0,0.0,,0.0,,0.0,,0.0,0.0,0.0,0.010507198981940746,0.0,,0.0,0.0,0.010712611488997936,0.0,0.012846814468502998,0.0,,0.0,,,,0.0,0.0,0.0,,0.0,0.0,0.0012285824632272124,0.009027548134326935,0.0,,,0.0,,0.0,0.0,0.0,0.0,0.0,0.0,0.0,0.0,0.006439491640776396,0.015234255231916904,0.0,0.0,0.0,,0.011381476186215878,0.0,0.0,0.0,0.015055594965815544,,0.0005889178719371557,0.0,,0.0,0.0,0.0,0.0,,0.0,0.0,0.0,,0.0,,0.0,0.0,,0.0,,0.0,0.0,0.0030229962430894375,0.01743323914706707,0.0,0.012673601508140564,0.0,0.016194811090826988,0.0,,,0.009300514124333858,0.0,,,,,0.0,0.0,0.0,0.0,0.0,0.0,0.0,0.0,0.0,,0.012146583758294582,0.0019998527131974697,0.0,,0.019029388204216957,0.0,0.0015352413756772876,0.0,0.0,0.0,,0.002669151872396469,,0.014855947345495224,0.0,0.0,0.01175154373049736,,0.0,0.0,,0.0,0.0,0.0,0.0,0.0,0.0001421356719220057,0.0011042432161048055,0.0,0.0,0.0046468619257211685,0.003770541399717331,0.0,0.0012880248250439763,,0.02132318913936615,0.0,0.004850889090448618,0.0,,0.0,0.007785265799611807,0.0,0.0,0.0,0.0,0.0061191171407699585,0.0,0.0,0.0,,0.015078713186085224,0.0,0.0,,,,0.006918592378497124,0.002163069089874625,,0.0,0.0,0.0,0.0,,0.0,,0.0,0.0,0.013318006880581379,0.0,0.0,0.0,,,,0.0,0.01897398941218853,0.0,0.0,0.0,,0.0,0.008289680816233158,0.007186546456068754,0.0,,0.0,0.015495573170483112,0.0,0.0,0.0,,0.002988440217450261,0.0071138362400233746,0.006663523148745298,0.0,,0.0029522741679102182,0.007444577291607857,0.00870683416724205,0.0,0.015951599925756454,0.0,,0.0,0.0,0.0,0.0,0.0,0.0,,0.0,,0.005740217864513397,0.007723913062363863,0.0016765532782301307,0.0,0.0,0.0,0.0,,0.0,0.011521018110215664,0.0028374833054840565,,,0.0,0.0,0.0,0.0,0.0,0.0,0.0,0.0,0.0,,0.0,0.0,0.0014217449352145195,,0.0,0.0,0.0,0.015036061406135559,0.0,0.0,0.0,,,0.0,0.002523822244256735,0.0,0.0,0.0,,0.012212172150611877,,0.010441260412335396,0.0,,0.0,0.0001980172237381339,0.0,0.0,,,0.0,0.009777898900210857,,0.011562291532754898,0.0,,,0.0,0.021612513810396194,0.0,0.0,0.0,0.0,0.0,,,0.0,0.0,0.0,0.0,0.0,,,0.0,0.0,0.0,,0.0,0.0,,0.0,0.0,0.010721533559262753,,0.0,0.0,0.0,0.0,,0.0,0.0,,0.0,0.0,0.0,0.000222572882194072,0.004138255026191473,0.0,0.0,0.0,0.0,0.0,0.0,0.0,0.0,,0.01636638306081295,,0.0,0.013081780634820461,0.00596213573589921,0.0,0.0,0.0,0.00783260352909565,0.013072560541331768,0.0,0.01504174992442131,0.0,,0.0,,0.0,0.007702955510467291,0.0,,0.0,0.0,0.0,0.0064319828525185585,0.0,0.0,0.0,0.0,0.006455377209931612,0.002276746090501547,0.0,,,0.0,0.0,0.0,,,,0.0,0.0,,0.0,,0.0,,0.0,,,0.0,,,,,0.0,,0.0,0.009475049562752247,0.0,,0.0,0.0,0.0006172159337438643,,0.011276694014668465,0.0,,0.0,0.008886725641787052,0.0,,,0.0,,0.01935204491019249,0.0,0.0,,0.0,0.0019069688860327005,,,,0.0,0.0,0.0,0.0,0.0,7.387471123365685e-05,,,,0.007764055393636227,0.0,,0.0,,0.0,0.0,0.0,0.0,,,0.0,0.0,,,0.0,,0.0,,0.0,0.0,0.0,0.0,0.0,0.0,0.0,,0.0,0.010640541091561317,0.0,0.0,0.0,,,0.0,0.0,0.0,0.0,0.004161264281719923,0.0073729087598621845,,,,0.007771022617816925,0.0,0.0,0.0,,,0.008342444896697998,0.0,0.0,,0.0,,,,,0.0,0.013751369901001453,0.0,,0.0,,,0.0,,0.006028351373970509,0.0,0.0,0.0,,0.006963010877370834,0.0,,0.0,0.0,0.0,0.0,0.0,,0.0025301980786025524,0.0,0.0,,0.0,0.0,0.0,0.0,0.0,0.0,0.0,,0.0009805925656110048,0.0,0.0,0.007419695612043142,0.0,0.0,0.0,,0.0,0.0,0.0,0.010489208623766899,0.0,0.0,0.0,0.0,0.0,0.0,0.00028485566144809127,0.0,0.0,0.0,,0.0,0.0,0.0,0.0,0.0,0.0,0.0,0.0,0.0,0.004446286242455244,0.0,0.0,0.0,,0.0,0.006903916597366333,,0.0032303640618920326,0.0,0.0,0.0,0.0,0.0,0.007855664007365704,0.0,0.0,0.0,0.011428353376686573,0.0,0.014265907928347588,0.0,0.0,0.0,0.0,0.0,0.0,0.0,0.0,0.0,0.0,0.0,0.0,0.0071387211792171,0.0,0.0,0.0,0.010663309134542942,0.009583434090018272,0.0,0.00991410668939352,0.0,0.0,0.0,0.019269602373242378,0.0,0.0,0.0,0.0,0.0,0.0,0.0,0.0,0.004451911896467209,0.0,0.0,0.0,0.0,0.0,0.015617968514561653,0.0,0.008543897420167923,0.0,0.0,0.017431413754820824,0.0,0.0,0.0,0.0,0.0,0.011158911511301994,0.0,0.006921166554093361,0.0,0.013884417712688446,0.0,0.0,0.0,0.0,0.0,0.017269155010581017,0.0,0.00583390099927783,0.0,0.0,,,,,,,,,,,,,,,,,,,,,,,,,,,,,,,,,,,,,,,,,,,,,,,,,,,,,,,,,,,,,,,,,,,,,,,,,,,,,,,,,,,,,,,,,,,,,,,,,,,,,,,,,,,,,,,,,,,,,,,,,,,,,,
2021-06-07,769869.4348670883,36.841888092558406,,,,,,,,,,,76494.84123570709,,1039061.7711000025,,,,,,,,,,,,,,,,,,,,,,,,,,,,,,,,,,,,,,,,,,,3962.364019737361,,,,,,,,,,,,,,,,,,,,,,11812.554581210383,9601.404562693928,3560.2355437396636,7421.891063893989,8748.44427101473,54914.388326031105,24050.87464146409,5473.94290152051,32566.660987848907,,,,,,,,,,,,,,,,,,,,,,,,,,,,,,,,,,,,0.007672586012631655,0.0,0.0,0.01092440728098154,0.0,0.0,0.0,0.0,0.0,0.0,0.0,0.0,0.0,0.0,0.0,0.0,,0.0,,0.0,,0.0,0.0,0.0,0.010507198981940746,0.0,,0.0,0.0,0.010712611488997936,0.0,0.012846814468502998,0.0,,0.0,,,,0.0,0.0,0.0,,0.0,0.0,0.0012285824632272124,0.009027548134326935,0.0,,,0.0,,0.0,0.0,0.0,0.0,0.0,0.0,0.0,0.0,0.006439491640776396,0.015234255231916904,0.0,0.0,0.0,,0.011381476186215878,0.0,0.0,0.0,0.015055594965815544,,0.0005889178719371557,0.0,,0.0,0.0,0.0,0.0,,0.0,0.0,0.0,,0.0,,0.0,0.0,,0.0,,0.0,0.0,0.0030229962430894375,0.01743323914706707,0.0,0.012673601508140564,0.0,0.016194811090826988,0.0,,,0.009300514124333858,0.0,,,,,0.0,0.0,0.0,0.0,0.0,0.0,0.0,0.0,0.0,,0.012146583758294582,0.0019998527131974697,0.0,,0.019029388204216957,0.0,0.0015352413756772876,0.0,0.0,0.0,,0.002669151872396469,,0.014855947345495224,0.0,0.0,0.01175154373049736,,0.0,0.0,,0.0,0.0,0.0,0.0,0.0,0.0001421356719220057,0.0011042432161048055,0.0,0.0,0.0046468619257211685,0.003770541399717331,0.0,0.0012880248250439763,,0.02132318913936615,0.0,0.004850889090448618,0.0,,0.0,0.007785265799611807,0.0,0.0,0.0,0.0,0.0061191171407699585,0.0,0.0,0.0,,0.015078713186085224,0.0,0.0,,,,0.006918592378497124,0.002163069089874625,,0.0,0.0,0.0,0.0,,0.0,,0.0,0.0,0.013318006880581379,0.0,0.0,0.0,,,,0.0,0.01897398941218853,0.0,0.0,0.0,,0.0,0.008289680816233158,0.007186546456068754,0.0,,0.0,0.015495573170483112,0.0,0.0,0.0,,0.002988440217450261,0.0071138362400233746,0.006663523148745298,0.0,,0.0029522741679102182,0.007444577291607857,0.00870683416724205,0.0,0.015951599925756454,0.0,,0.0,0.0,0.0,0.0,0.0,0.0,,0.0,,0.005740217864513397,0.007723913062363863,0.0016765532782301307,0.0,0.0,0.0,0.0,,0.0,0.011521018110215664,0.0028374833054840565,,,0.0,0.0,0.0,0.0,0.0,0.0,0.0,0.0,0.0,,0.0,0.0,0.0014217449352145195,,0.0,0.0,0.0,0.015036061406135559,0.0,0.0,0.0,,,0.0,0.002523822244256735,0.0,0.0,0.0,,0.012212172150611877,,0.010441260412335396,0.0,,0.0,0.0001980172237381339,0.0,0.0,,,0.0,0.009777898900210857,,0.011562291532754898,0.0,,,0.0,0.021612513810396194,0.0,0.0,0.0,0.0,0.0,,,0.0,0.0,0.0,0.0,0.0,,,0.0,0.0,0.0,,0.0,0.0,,0.0,0.0,0.010721533559262753,,0.0,0.0,0.0,0.0,,0.0,0.0,,0.0,0.0,0.0,0.000222572882194072,0.004138255026191473,0.0,0.0,0.0,0.0,0.0,0.0,0.0,0.0,,0.01636638306081295,,0.0,0.013081780634820461,0.00596213573589921,0.0,0.0,0.0,0.00783260352909565,0.013072560541331768,0.0,0.01504174992442131,0.0,,0.0,,0.0,0.007702955510467291,0.0,,0.0,0.0,0.0,0.0064319828525185585,0.0,0.0,0.0,0.0,0.006455377209931612,0.002276746090501547,0.0,,,0.0,0.0,0.0,,,,0.0,0.0,,0.0,,0.0,,0.0,,,0.0,,,,,0.0,,0.0,0.009475049562752247,0.0,,0.0,0.0,0.0006172159337438643,,0.011276694014668465,0.0,,0.0,0.008886725641787052,0.0,,,0.0,,0.01935204491019249,0.0,0.0,,0.0,0.0019069688860327005,,,,0.0,0.0,0.0,0.0,0.0,7.387471123365685e-05,,,,0.007764055393636227,0.0,,0.0,,0.0,0.0,0.0,0.0,,,0.0,0.0,,,0.0,,0.0,,0.0,0.0,0.0,0.0,0.0,0.0,0.0,,0.0,0.010640541091561317,0.0,0.0,0.0,,,0.0,0.0,0.0,0.0,0.004161264281719923,0.0073729087598621845,,,,0.007771022617816925,0.0,0.0,0.0,,,0.008342444896697998,0.0,0.0,,0.0,,,,,0.0,0.013751369901001453,0.0,,0.0,,,0.0,,0.006028351373970509,0.0,0.0,0.0,,0.006963010877370834,0.0,,0.0,0.0,0.0,0.0,0.0,,0.0025301980786025524,0.0,0.0,,0.0,0.0,0.0,0.0,0.0,0.0,0.0,,0.0009805925656110048,0.0,0.0,0.007419695612043142,0.0,0.0,0.0,,0.0,0.0,0.0,0.010489208623766899,0.0,0.0,0.0,0.0,0.0,0.0,0.00028485566144809127,0.0,0.0,0.0,,0.0,0.0,0.0,0.0,0.0,0.0,0.0,0.0,0.0,0.004446286242455244,0.0,0.0,0.0,,0.0,0.006903916597366333,,0.0032303640618920326,0.0,0.0,0.0,0.0,0.0,0.007855664007365704,0.0,0.0,0.0,0.011428353376686573,0.0,0.014265907928347588,0.0,0.0,0.0,0.0,0.0,0.0,0.0,0.0,0.0,0.0,0.0,0.0,0.0071387211792171,0.0,0.0,0.0,0.010663309134542942,0.009583434090018272,0.0,0.00991410668939352,0.0,0.0,0.0,0.019269602373242378,0.0,0.0,0.0,0.0,0.0,0.0,0.0,0.0,0.004451911896467209,0.0,0.0,0.0,0.0,0.0,0.015617968514561653,0.0,0.008543897420167923,0.0,0.0,0.017431413754820824,0.0,0.0,0.0,0.0,0.0,0.011158911511301994,0.0,0.006921166554093361,0.0,0.013884417712688446,0.0,0.0,0.0,0.0,0.0,0.017269155010581017,0.0,0.00583390099927783,0.0,0.0,,,,,,,,,,,,,,,,,,,,,,,,,,,,,,,,,,,,,,,,,,,,,,,,,,,,,,,,,,,,,,,,,,,,,,,,,,,,,,,,,,,,,,,,,,,,,,,,,,,,,,,,,,,,,,,,,,,,,,,,,,,,,,
2021-06-08,768040.416221089,36.73273870084155,,,,,,,,,,,76494.84123570709,,1039061.7711000025,,,,,,,,,,,,,,,,,,,,,,,,,,,,,,,,,,,,,,,,,,,3962.364019737361,,,,,,,,,,,,,,,,,,,,,,11812.554581210383,9601.404562693928,3560.2355437396636,7421.891063893989,8748.456309267707,54914.388326031105,24050.87464146409,5473.94290152051,32566.660987848907,,,,,,,,,,,,,,,,,,,,,,,,,,,,,,,,,,,,0.007672586012631655,0.0,0.0,0.01092440728098154,0.0,0.0,0.0,0.0,0.0,0.0,0.0,0.0,0.0,0.0,0.0,0.0,,0.0,,0.0,,0.0,0.0,0.0,0.010507198981940746,0.0,,0.0,0.0,0.010712611488997936,0.0,0.012846814468502998,0.0,,0.0,,,,0.0,0.0,0.0,,0.0,0.0,0.0012285824632272124,0.009027548134326935,0.0,,,0.0,,0.0,0.0,0.0,0.0,0.0,0.0,0.0,0.0,0.006439491640776396,0.015234255231916904,0.0,0.0,0.0,,0.011381476186215878,0.0,0.0,0.0,0.015055594965815544,,0.0005889178719371557,0.0,,0.0,0.0,0.0,0.0,,0.0,0.0,0.0,,0.0,,0.0,0.0,,0.0,,0.0,0.0,0.0030229962430894375,0.01743323914706707,0.0,0.012673601508140564,0.0,0.016194811090826988,0.0,,,0.009300514124333858,0.0,,,,,0.0,0.0,0.0,0.0,0.0,0.0,0.0,0.0,0.0,,0.012146583758294582,0.0019998527131974697,0.0,,0.019029388204216957,0.0,0.0015352413756772876,0.0,0.0,0.0,,0.002669151872396469,,0.014855947345495224,0.0,0.0,0.01175154373049736,,0.0,0.0,,0.0,0.0,0.0,0.0,0.0,0.0001421356719220057,0.0011042432161048055,0.0,0.0,0.0046468619257211685,0.003770541399717331,0.0,0.0012880248250439763,,0.02132318913936615,0.0,0.004850889090448618,0.0,,0.0,0.007785265799611807,0.0,0.0,0.0,0.0,0.0061191171407699585,0.0,0.0,0.0,,0.015078713186085224,0.0,0.0,,,,0.006918592378497124,0.002163069089874625,,0.0,0.0,0.0,0.0,,0.0,,0.0,0.0,0.013318006880581379,0.0,0.0,0.0,,,,0.0,0.01897398941218853,0.0,0.0,0.0,,0.0,0.008289680816233158,0.007186546456068754,0.0,,0.0,0.015495573170483112,0.0,0.0,0.0,,0.002988440217450261,0.0071138362400233746,0.006663523148745298,0.0,,0.0029522741679102182,0.007444577291607857,0.00870683416724205,0.0,0.015951599925756454,0.0,,0.0,0.0,0.0,0.0,0.0,0.0,,0.0,,0.005740217864513397,0.007723913062363863,0.0016765532782301307,0.0,0.0,0.0,0.0,,0.0,0.011521018110215664,0.0028374833054840565,,,0.0,0.0,0.0,0.0,0.0,0.0,0.0,0.0,0.0,,0.0,0.0,0.0014217449352145195,,0.0,0.0,0.0,0.015036061406135559,0.0,0.0,0.0,,,0.0,0.002523822244256735,0.0,0.0,0.0,,0.012212172150611877,,0.010441260412335396,0.0,,0.0,0.0001980172237381339,0.0,0.0,,,0.0,0.009777898900210857,,0.011562291532754898,0.0,,,0.0,0.021612513810396194,0.0,0.0,0.0,0.0,0.0,,,0.0,0.0,0.0,0.0,0.0,,,0.0,0.0,0.0,,0.0,0.0,,0.0,0.0,0.010721533559262753,,0.0,0.0,0.0,0.0,,0.0,0.0,,0.0,0.0,0.0,0.000222572882194072,0.004138255026191473,0.0,0.0,0.0,0.0,0.0,0.0,0.0,0.0,,0.01636638306081295,,0.0,0.013081780634820461,0.00596213573589921,0.0,0.0,0.0,0.00783260352909565,0.013072560541331768,0.0,0.01504174992442131,0.0,,0.0,,0.0,0.007702955510467291,0.0,,0.0,0.0,0.0,0.0064319828525185585,0.0,0.0,0.0,0.0,0.006455377209931612,0.002276746090501547,0.0,,,0.0,0.0,0.0,,,,0.0,0.0,,0.0,,0.0,,0.0,,,0.0,,,,,0.0,,0.0,0.009475049562752247,0.0,,0.0,0.0,0.0006172159337438643,,0.011276694014668465,0.0,,0.0,0.008886725641787052,0.0,,,0.0,,0.01935204491019249,0.0,0.0,,0.0,0.0019069688860327005,,,,0.0,0.0,0.0,0.0,0.0,7.387471123365685e-05,,,,0.007764055393636227,0.0,,0.0,,0.0,0.0,0.0,0.0,,,0.0,0.0,,,0.0,,0.0,,0.0,0.0,0.0,0.0,0.0,0.0,0.0,,0.0,0.010640541091561317,0.0,0.0,0.0,,,0.0,0.0,0.0,0.0,0.004161264281719923,0.0073729087598621845,,,,0.007771022617816925,0.0,0.0,0.0,,,0.008342444896697998,0.0,0.0,,0.0,,,,,0.0,0.013751369901001453,0.0,,0.0,,,0.0,,0.006028351373970509,0.0,0.0,0.0,,0.006963010877370834,0.0,,0.0,0.0,0.0,0.0,0.0,,0.0025301980786025524,0.0,0.0,,0.0,0.0,0.0,0.0,0.0,0.0,0.0,,0.0009805925656110048,0.0,0.0,0.007419695612043142,0.0,0.0,0.0,,0.0,0.0,0.0,0.010489208623766899,0.0,0.0,0.0,0.0,0.0,0.0,0.00028485566144809127,0.0,0.0,0.0,,0.0,0.0,0.0,0.0,0.0,0.0,0.0,0.0,0.0,0.004446286242455244,0.0,0.0,0.0,,0.0,0.006903916597366333,,0.0032303640618920326,0.0,0.0,0.0,0.0,0.0,0.007855664007365704,0.0,0.0,0.0,0.011428353376686573,0.0,0.014265907928347588,0.0,0.0,0.0,0.0,0.0,0.0,0.0,0.0,0.0,0.0,0.0,0.0,0.0071387211792171,0.0,0.0,0.0,0.010663309134542942,0.009583434090018272,0.0,0.00991410668939352,0.0,0.0,0.0,0.019269602373242378,0.0,0.0,0.0,0.0,0.0,0.0,0.0,0.0,0.004451911896467209,0.0,0.0,0.0,0.0,0.0,0.015617968514561653,0.0,0.008543897420167923,0.0,0.0,0.017431413754820824,0.0,0.0,0.0,0.0,0.0,0.011158911511301994,0.0,0.006921166554093361,0.0,0.013884417712688446,0.0,0.0,0.0,0.0,0.0,0.017269155010581017,0.0,0.00583390099927783,0.0,0.0,,,,,,,,,,,,,,,,,,,,,,,,,,,,,,,,,,,,,,,,,,,,,,,,,,,,,,,,,,,,,,,,,,,,,,,,,,,,,,,,,,,,,,,,,,,,,,,,,,,,,,,,,,,,,,,,,,,,,,,,,,,,,,
2021-06-09,768282.2217139312,132.8202846438138,,,,,,,,,,,76494.84123570709,,1039061.7711000025,,,,,,,,,,,,,,,,,,,,,,,,,,,,,,,,,,,,,,,,,,,3962.364019737361,,,,,,,,,,,,,,,,,,,,,,14299.49183426924,9601.404562693928,3560.2355437396636,7421.891063893989,7776.30874009441,54914.388326031105,24225.814525878246,5473.94290152051,32566.660987848907,,,,,,,,,,,,,,,,,,,,,,,,,,,,,,,,,,,,0.007672586012631655,0.0,0.0,0.01092440728098154,0.0,0.0,0.0,0.0,0.0,0.0,0.0,0.0,0.0,0.0,0.0,0.0,,0.0,,0.0,,0.0,0.0,0.0,0.010507198981940746,0.0,,0.0,0.0,0.010712611488997936,0.0,0.012846814468502998,0.0,,0.0,,,,0.0,0.0,0.0,,0.0,0.0,0.0012285824632272124,0.009027548134326935,0.0,,,0.0,,0.0,0.0,0.0,0.0,0.0,0.0,0.0,0.0,0.006439491640776396,0.015234255231916904,0.0,0.0,0.0,,0.011381476186215878,0.0,0.0,0.0,0.015055594965815544,,0.0005889178719371557,0.0,,0.0,0.0,0.0,0.0,,0.0,0.0,0.0,,0.0,,0.0,0.0,,0.0,,0.0,0.0,0.0030229962430894375,0.01743323914706707,0.0,0.012673601508140564,0.0,0.016194811090826988,0.0,,,0.009300514124333858,0.0,,,,,0.0,0.0,0.0,0.0,0.0,0.0,0.0,0.0,0.0,,0.012146583758294582,0.0019998527131974697,0.0,,0.019029388204216957,0.0,0.0015352413756772876,0.0,0.0,0.0,,0.002669151872396469,,0.014855947345495224,0.0,0.0,0.01175154373049736,,0.0,0.0,,0.0,0.0,0.0,0.0,0.0,0.0001421356719220057,0.0011042432161048055,0.0,0.0,0.0046468619257211685,0.003770541399717331,0.0,0.0012880248250439763,,0.02132318913936615,0.0,0.004850889090448618,0.0,,0.0,0.007785265799611807,0.0,0.0,0.0,0.0,0.0061191171407699585,0.0,0.0,0.0,,0.015078713186085224,0.0,0.0,,,,0.006918592378497124,0.002163069089874625,,0.0,0.0,0.0,0.0,,0.0,,0.0,0.0,0.013318006880581379,0.0,0.0,0.0,,,,0.0,0.01897398941218853,0.0,0.0,0.0,,0.0,0.008289680816233158,0.007186546456068754,0.0,,0.0,0.015495573170483112,0.0,0.0,0.0,,0.002988440217450261,0.0071138362400233746,0.006663523148745298,0.0,,0.0029522741679102182,0.007444577291607857,0.00870683416724205,0.0,0.015951599925756454,0.0,,0.0,0.0,0.0,0.0,0.0,0.0,,0.0,,0.005740217864513397,0.007723913062363863,0.0016765532782301307,0.0,0.0,0.0,0.0,,0.0,0.011521018110215664,0.0028374833054840565,,,0.0,0.0,0.0,0.0,0.0,0.0,0.0,0.0,0.0,,0.0,0.0,0.0014217449352145195,,0.0,0.0,0.0,0.015036061406135559,0.0,0.0,0.0,,,0.0,0.002523822244256735,0.0,0.0,0.0,,0.012212172150611877,,0.010441260412335396,0.0,,0.0,0.0001980172237381339,0.0,0.0,,,0.0,0.009777898900210857,,0.011562291532754898,0.0,,,0.0,0.021612513810396194,0.0,0.0,0.0,0.0,0.0,,,0.0,0.0,0.0,0.0,0.0,,,0.0,0.0,0.0,,0.0,0.0,,0.0,0.0,0.010721533559262753,,0.0,0.0,0.0,0.0,,0.0,0.0,,0.0,0.0,0.0,0.000222572882194072,0.004138255026191473,0.0,0.0,0.0,0.0,0.0,0.0,0.0,0.0,,0.01636638306081295,,0.0,0.013081780634820461,0.00596213573589921,0.0,0.0,0.0,0.00783260352909565,0.013072560541331768,0.0,0.01504174992442131,0.0,,0.0,,0.0,0.007702955510467291,0.0,,0.0,0.0,0.0,0.0064319828525185585,0.0,0.0,0.0,0.0,0.006455377209931612,0.002276746090501547,0.0,,,0.0,0.0,0.0,,,,0.0,0.0,,0.0,,0.0,,0.0,,,0.0,,,,,0.0,,0.0,0.009475049562752247,0.0,,0.0,0.0,0.0006172159337438643,,0.011276694014668465,0.0,,0.0,0.008886725641787052,0.0,,,0.0,,0.01935204491019249,0.0,0.0,,0.0,0.0019069688860327005,,,,0.0,0.0,0.0,0.0,0.0,7.387471123365685e-05,,,,0.007764055393636227,0.0,,0.0,,0.0,0.0,0.0,0.0,,,0.0,0.0,,,0.0,,0.0,,0.0,0.0,0.0,0.0,0.0,0.0,0.0,,0.0,0.010640541091561317,0.0,0.0,0.0,,,0.0,0.0,0.0,0.0,0.004161264281719923,0.0073729087598621845,,,,0.007771022617816925,0.0,0.0,0.0,,,0.008342444896697998,0.0,0.0,,0.0,,,,,0.0,0.013751369901001453,0.0,,0.0,,,0.0,,0.006028351373970509,0.0,0.0,0.0,,0.006963010877370834,0.0,,0.0,0.0,0.0,0.0,0.0,,0.0025301980786025524,0.0,0.0,,0.0,0.0,0.0,0.0,0.0,0.0,0.0,,0.0009805925656110048,0.0,0.0,0.007419695612043142,0.0,0.0,0.0,,0.0,0.0,0.0,0.010489208623766899,0.0,0.0,0.0,0.0,0.0,0.0,0.00028485566144809127,0.0,0.0,0.0,,0.0,0.0,0.0,0.0,0.0,0.0,0.0,0.0,0.0,0.004446286242455244,0.0,0.0,0.0,,0.0,0.006903916597366333,,0.0032303640618920326,0.0,0.0,0.0,0.0,0.0,0.007855664007365704,0.0,0.0,0.0,0.011428353376686573,0.0,0.014265907928347588,0.0,0.0,0.0,0.0,0.0,0.0,0.0,0.0,0.0,0.0,0.0,0.0,0.0071387211792171,0.0,0.0,0.0,0.010663309134542942,0.009583434090018272,0.0,0.00991410668939352,0.0,0.0,0.0,0.019269602373242378,0.0,0.0,0.0,0.0,0.0,0.0,0.0,0.0,0.004451911896467209,0.0,0.0,0.0,0.0,0.0,0.015617968514561653,0.0,0.008543897420167923,0.0,0.0,0.017431413754820824,0.0,0.0,0.0,0.0,0.0,0.011158911511301994,0.0,0.006921166554093361,0.0,0.013884417712688446,0.0,0.0,0.0,0.0,0.0,0.017269155010581017,0.0,0.00583390099927783,0.0,0.0,,,,,,,,,,,,,,,,,,,,,,,,,,,,,,,,,,,,,,,,,,,,,,,,,,,,,,,,,,,,,,,,,,,,,,,,,,,,,,,,,,,,,,,,,,,,,,,,,,,,,,,,,,,,,,,,,,,,,,,,,,,,,,
2021-06-10,768904.9818997411,131.20284888067562,,,,,,,,,,,76494.84123570709,,1039061.7711000025,,,,,,,,,,,,,,,,,,,,,,,,,,,,,,,,,,,,,,,,,,,3962.364019737361,,,,,,,,,,,,,,,,,,,,,,14299.49183426924,9601.404562693928,3560.2355437396636,7421.891063893989,7776.482203362334,54914.388326031105,24225.814525878246,5473.94290152051,32566.660987848907,,,,,,,,,,,,,,,,,,,,,,,,,,,,,,,,,,,,0.007672586012631655,0.0,0.0,0.01092440728098154,0.0,0.0,0.0,0.0,0.0,0.0,0.0,0.0,0.0,0.0,0.0,0.0,,0.0,,0.0,,0.0,0.0,0.0,0.010507198981940746,0.0,,0.0,0.0,0.010712611488997936,0.0,0.012846814468502998,0.0,,0.0,,,,0.0,0.0,0.0,,0.0,0.0,0.0012285824632272124,0.009027548134326935,0.0,,,0.0,,0.0,0.0,0.0,0.0,0.0,0.0,0.0,0.0,0.006439491640776396,0.015234255231916904,0.0,0.0,0.0,,0.011381476186215878,0.0,0.0,0.0,0.015055594965815544,,0.0005889178719371557,0.0,,0.0,0.0,0.0,0.0,,0.0,0.0,0.0,,0.0,,0.0,0.0,,0.0,,0.0,0.0,0.0030229962430894375,0.01743323914706707,0.0,0.012673601508140564,0.0,0.016194811090826988,0.0,,,0.009300514124333858,0.0,,,,,0.0,0.0,0.0,0.0,0.0,0.0,0.0,0.0,0.0,,0.012146583758294582,0.0019998527131974697,0.0,,0.019029388204216957,0.0,0.0015352413756772876,0.0,0.0,0.0,,0.002669151872396469,,0.014855947345495224,0.0,0.0,0.01175154373049736,,0.0,0.0,,0.0,0.0,0.0,0.0,0.0,0.0001421356719220057,0.0011042432161048055,0.0,0.0,0.0046468619257211685,0.003770541399717331,0.0,0.0012880248250439763,,0.02132318913936615,0.0,0.004850889090448618,0.0,,0.0,0.007785265799611807,0.0,0.0,0.0,0.0,0.0061191171407699585,0.0,0.0,0.0,,0.015078713186085224,0.0,0.0,,,,0.006918592378497124,0.002163069089874625,,0.0,0.0,0.0,0.0,,0.0,,0.0,0.0,0.013318006880581379,0.0,0.0,0.0,,,,0.0,0.01897398941218853,0.0,0.0,0.0,,0.0,0.008289680816233158,0.007186546456068754,0.0,,0.0,0.015495573170483112,0.0,0.0,0.0,,0.002988440217450261,0.0071138362400233746,0.006663523148745298,0.0,,0.0029522741679102182,0.007444577291607857,0.00870683416724205,0.0,0.015951599925756454,0.0,,0.0,0.0,0.0,0.0,0.0,0.0,,0.0,,0.005740217864513397,0.007723913062363863,0.0016765532782301307,0.0,0.0,0.0,0.0,,0.0,0.011521018110215664,0.0028374833054840565,,,0.0,0.0,0.0,0.0,0.0,0.0,0.0,0.0,0.0,,0.0,0.0,0.0014217449352145195,,0.0,0.0,0.0,0.015036061406135559,0.0,0.0,0.0,,,0.0,0.002523822244256735,0.0,0.0,0.0,,0.012212172150611877,,0.010441260412335396,0.0,,0.0,0.0001980172237381339,0.0,0.0,,,0.0,0.009777898900210857,,0.011562291532754898,0.0,,,0.0,0.021612513810396194,0.0,0.0,0.0,0.0,0.0,,,0.0,0.0,0.0,0.0,0.0,,,0.0,0.0,0.0,,0.0,0.0,,0.0,0.0,0.010721533559262753,,0.0,0.0,0.0,0.0,,0.0,0.0,,0.0,0.0,0.0,0.000222572882194072,0.004138255026191473,0.0,0.0,0.0,0.0,0.0,0.0,0.0,0.0,,0.01636638306081295,,0.0,0.013081780634820461,0.00596213573589921,0.0,0.0,0.0,0.00783260352909565,0.013072560541331768,0.0,0.01504174992442131,0.0,,0.0,,0.0,0.007702955510467291,0.0,,0.0,0.0,0.0,0.0064319828525185585,0.0,0.0,0.0,0.0,0.006455377209931612,0.002276746090501547,0.0,,,0.0,0.0,0.0,,,,0.0,0.0,,0.0,,0.0,,0.0,,,0.0,,,,,0.0,,0.0,0.009475049562752247,0.0,,0.0,0.0,0.0006172159337438643,,0.011276694014668465,0.0,,0.0,0.008886725641787052,0.0,,,0.0,,0.01935204491019249,0.0,0.0,,0.0,0.0019069688860327005,,,,0.0,0.0,0.0,0.0,0.0,7.387471123365685e-05,,,,0.007764055393636227,0.0,,0.0,,0.0,0.0,0.0,0.0,,,0.0,0.0,,,0.0,,0.0,,0.0,0.0,0.0,0.0,0.0,0.0,0.0,,0.0,0.010640541091561317,0.0,0.0,0.0,,,0.0,0.0,0.0,0.0,0.004161264281719923,0.0073729087598621845,,,,0.007771022617816925,0.0,0.0,0.0,,,0.008342444896697998,0.0,0.0,,0.0,,,,,0.0,0.013751369901001453,0.0,,0.0,,,0.0,,0.006028351373970509,0.0,0.0,0.0,,0.006963010877370834,0.0,,0.0,0.0,0.0,0.0,0.0,,0.0025301980786025524,0.0,0.0,,0.0,0.0,0.0,0.0,0.0,0.0,0.0,,0.0009805925656110048,0.0,0.0,0.007419695612043142,0.0,0.0,0.0,,0.0,0.0,0.0,0.010489208623766899,0.0,0.0,0.0,0.0,0.0,0.0,0.00028485566144809127,0.0,0.0,0.0,,0.0,0.0,0.0,0.0,0.0,0.0,0.0,0.0,0.0,0.004446286242455244,0.0,0.0,0.0,,0.0,0.006903916597366333,,0.0032303640618920326,0.0,0.0,0.0,0.0,0.0,0.007855664007365704,0.0,0.0,0.0,0.011428353376686573,0.0,0.014265907928347588,0.0,0.0,0.0,0.0,0.0,0.0,0.0,0.0,0.0,0.0,0.0,0.0,0.0071387211792171,0.0,0.0,0.0,0.010663309134542942,0.009583434090018272,0.0,0.00991410668939352,0.0,0.0,0.0,0.019269602373242378,0.0,0.0,0.0,0.0,0.0,0.0,0.0,0.0,0.004451911896467209,0.0,0.0,0.0,0.0,0.0,0.015617968514561653,0.0,0.008543897420167923,0.0,0.0,0.017431413754820824,0.0,0.0,0.0,0.0,0.0,0.011158911511301994,0.0,0.006921166554093361,0.0,0.013884417712688446,0.0,0.0,0.0,0.0,0.0,0.017269155010581017,0.0,0.00583390099927783,0.0,0.0,,,,,,,,,,,,,,,,,,,,,,,,,,,,,,,,,,,,,,,,,,,,,,,,,,,,,,,,,,,,,,,,,,,,,,,,,,,,,,,,,,,,,,,,,,,,,,,,,,,,,,,,,,,,,,,,,,,,,,,,,,,,,,
2021-06-11,760760.4644097412,131.25015519154204,,,,,,,,,,,76494.84123570709,,1039061.7711000025,,,,,,,,,,,,,,,,,,,,,,,,,,,,,,,,,,,,,,,,,,,3962.364019737361,,,,,,,,,,,,,,,,,,,,,,14299.49183426924,9601.404562693928,3560.2355437396636,7421.891063893989,7776.477134520716,54914.388326031105,24225.814525878246,5473.94290152051,32566.660987848907,,,,,,,,,,,,,,,,,,,,,,,,,,,,,,,,,,,,0.007672586012631655,0.0,0.0,0.01092440728098154,0.0,0.0,0.0,0.0,0.0,0.0,0.0,0.0,0.0,0.0,0.0,0.0,,0.0,,0.0,,0.0,0.0,0.0,0.010507198981940746,0.0,,0.0,0.0,0.010712611488997936,0.0,0.012846814468502998,0.0,,0.0,,,,0.0,0.0,0.0,,0.0,0.0,0.0012285824632272124,0.009027548134326935,0.0,,,0.0,,0.0,0.0,0.0,0.0,0.0,0.0,0.0,0.0,0.006439491640776396,0.015234255231916904,0.0,0.0,0.0,,0.011381476186215878,0.0,0.0,0.0,0.015055594965815544,,0.0005889178719371557,0.0,,0.0,0.0,0.0,0.0,,0.0,0.0,0.0,,0.0,,0.0,0.0,,0.0,,0.0,0.0,0.0030229962430894375,0.01743323914706707,0.0,0.012673601508140564,0.0,0.016194811090826988,0.0,,,0.009300514124333858,0.0,,,,,0.0,0.0,0.0,0.0,0.0,0.0,0.0,0.0,0.0,,0.012146583758294582,0.0019998527131974697,0.0,,0.019029388204216957,0.0,0.0015352413756772876,0.0,0.0,0.0,,0.002669151872396469,,0.014855947345495224,0.0,0.0,0.01175154373049736,,0.0,0.0,,0.0,0.0,0.0,0.0,0.0,0.0001421356719220057,0.0011042432161048055,0.0,0.0,0.0046468619257211685,0.003770541399717331,0.0,0.0012880248250439763,,0.02132318913936615,0.0,0.004850889090448618,0.0,,0.0,0.007785265799611807,0.0,0.0,0.0,0.0,0.0061191171407699585,0.0,0.0,0.0,,0.015078713186085224,0.0,0.0,,,,0.006918592378497124,0.002163069089874625,,0.0,0.0,0.0,0.0,,0.0,,0.0,0.0,0.013318006880581379,0.0,0.0,0.0,,,,0.0,0.01897398941218853,0.0,0.0,0.0,,0.0,0.008289680816233158,0.007186546456068754,0.0,,0.0,0.015495573170483112,0.0,0.0,0.0,,0.002988440217450261,0.0071138362400233746,0.006663523148745298,0.0,,0.0029522741679102182,0.007444577291607857,0.00870683416724205,0.0,0.015951599925756454,0.0,,0.0,0.0,0.0,0.0,0.0,0.0,,0.0,,0.005740217864513397,0.007723913062363863,0.0016765532782301307,0.0,0.0,0.0,0.0,,0.0,0.011521018110215664,0.0028374833054840565,,,0.0,0.0,0.0,0.0,0.0,0.0,0.0,0.0,0.0,,0.0,0.0,0.0014217449352145195,,0.0,0.0,0.0,0.015036061406135559,0.0,0.0,0.0,,,0.0,0.002523822244256735,0.0,0.0,0.0,,0.012212172150611877,,0.010441260412335396,0.0,,0.0,0.0001980172237381339,0.0,0.0,,,0.0,0.009777898900210857,,0.011562291532754898,0.0,,,0.0,0.021612513810396194,0.0,0.0,0.0,0.0,0.0,,,0.0,0.0,0.0,0.0,0.0,,,0.0,0.0,0.0,,0.0,0.0,,0.0,0.0,0.010721533559262753,,0.0,0.0,0.0,0.0,,0.0,0.0,,0.0,0.0,0.0,0.000222572882194072,0.004138255026191473,0.0,0.0,0.0,0.0,0.0,0.0,0.0,0.0,,0.01636638306081295,,0.0,0.013081780634820461,0.00596213573589921,0.0,0.0,0.0,0.00783260352909565,0.013072560541331768,0.0,0.01504174992442131,0.0,,0.0,,0.0,0.007702955510467291,0.0,,0.0,0.0,0.0,0.0064319828525185585,0.0,0.0,0.0,0.0,0.006455377209931612,0.002276746090501547,0.0,,,0.0,0.0,0.0,,,,0.0,0.0,,0.0,,0.0,,0.0,,,0.0,,,,,0.0,,0.0,0.009475049562752247,0.0,,0.0,0.0,0.0006172159337438643,,0.011276694014668465,0.0,,0.0,0.008886725641787052,0.0,,,0.0,,0.01935204491019249,0.0,0.0,,0.0,0.0019069688860327005,,,,0.0,0.0,0.0,0.0,0.0,7.387471123365685e-05,,,,0.007764055393636227,0.0,,0.0,,0.0,0.0,0.0,0.0,,,0.0,0.0,,,0.0,,0.0,,0.0,0.0,0.0,0.0,0.0,0.0,0.0,,0.0,0.010640541091561317,0.0,0.0,0.0,,,0.0,0.0,0.0,0.0,0.004161264281719923,0.0073729087598621845,,,,0.007771022617816925,0.0,0.0,0.0,,,0.008342444896697998,0.0,0.0,,0.0,,,,,0.0,0.013751369901001453,0.0,,0.0,,,0.0,,0.006028351373970509,0.0,0.0,0.0,,0.006963010877370834,0.0,,0.0,0.0,0.0,0.0,0.0,,0.0025301980786025524,0.0,0.0,,0.0,0.0,0.0,0.0,0.0,0.0,0.0,,0.0009805925656110048,0.0,0.0,0.007419695612043142,0.0,0.0,0.0,,0.0,0.0,0.0,0.010489208623766899,0.0,0.0,0.0,0.0,0.0,0.0,0.00028485566144809127,0.0,0.0,0.0,,0.0,0.0,0.0,0.0,0.0,0.0,0.0,0.0,0.0,0.004446286242455244,0.0,0.0,0.0,,0.0,0.006903916597366333,,0.0032303640618920326,0.0,0.0,0.0,0.0,0.0,0.007855664007365704,0.0,0.0,0.0,0.011428353376686573,0.0,0.014265907928347588,0.0,0.0,0.0,0.0,0.0,0.0,0.0,0.0,0.0,0.0,0.0,0.0,0.0071387211792171,0.0,0.0,0.0,0.010663309134542942,0.009583434090018272,0.0,0.00991410668939352,0.0,0.0,0.0,0.019269602373242378,0.0,0.0,0.0,0.0,0.0,0.0,0.0,0.0,0.004451911896467209,0.0,0.0,0.0,0.0,0.0,0.015617968514561653,0.0,0.008543897420167923,0.0,0.0,0.017431413754820824,0.0,0.0,0.0,0.0,0.0,0.011158911511301994,0.0,0.006921166554093361,0.0,0.013884417712688446,0.0,0.0,0.0,0.0,0.0,0.017269155010581017,0.0,0.00583390099927783,0.0,0.0,,,,,,,,,,,,,,,,,,,,,,,,,,,,,,,,,,,,,,,,,,,,,,,,,,,,,,,,,,,,,,,,,,,,,,,,,,,,,,,,,,,,,,,,,,,,,,,,,,,,,,,,,,,,,,,,,,,,,,,,,,,,,,
2021-06-15,756832.2229831317,131.25015519154204,,,,,,,,,,,76494.84123570709,,1039061.7711000025,,,,,,,,,,,,,,,,,,,,,,,,,,,,,,,,,,,,,,,,,,,3962.364019737361,,,,,,,,,,,,,,,,,,,,,,14299.49183426924,9601.404562693928,3560.2355437396636,7421.891063893989,7776.477134520716,54914.388326031105,24225.814525878246,5473.94290152051,32566.660987848907,,,,,,,,,,,,,,,,,,,,,,,,,,,,,,,,,,,,0.007672586012631655,0.0,0.0,0.01092440728098154,0.0,0.0,0.0,0.0,0.0,0.0,0.0,0.0,0.0,0.0,0.0,0.0,,0.0,,0.0,,0.0,0.0,0.0,0.010507198981940746,0.0,,0.0,0.0,0.010712611488997936,0.0,0.012846814468502998,0.0,,0.0,,,,0.0,0.0,0.0,,0.0,0.0,0.0012285824632272124,0.009027548134326935,0.0,,,0.0,,0.0,0.0,0.0,0.0,0.0,0.0,0.0,0.0,0.006439491640776396,0.015234255231916904,0.0,0.0,0.0,,0.011381476186215878,0.0,0.0,0.0,0.015055594965815544,,0.0005889178719371557,0.0,,0.0,0.0,0.0,0.0,,0.0,0.0,0.0,,0.0,,0.0,0.0,,0.0,,0.0,0.0,0.0030229962430894375,0.01743323914706707,0.0,0.012673601508140564,0.0,0.016194811090826988,0.0,,,0.009300514124333858,0.0,,,,,0.0,0.0,0.0,0.0,0.0,0.0,0.0,0.0,0.0,,0.012146583758294582,0.0019998527131974697,0.0,,0.019029388204216957,0.0,0.0015352413756772876,0.0,0.0,0.0,,0.002669151872396469,,0.014855947345495224,0.0,0.0,0.01175154373049736,,0.0,0.0,,0.0,0.0,0.0,0.0,0.0,0.0001421356719220057,0.0011042432161048055,0.0,0.0,0.0046468619257211685,0.003770541399717331,0.0,0.0012880248250439763,,0.02132318913936615,0.0,0.004850889090448618,0.0,,0.0,0.007785265799611807,0.0,0.0,0.0,0.0,0.0061191171407699585,0.0,0.0,0.0,,0.015078713186085224,0.0,0.0,,,,0.006918592378497124,0.002163069089874625,,0.0,0.0,0.0,0.0,,0.0,,0.0,0.0,0.013318006880581379,0.0,0.0,0.0,,,,0.0,0.01897398941218853,0.0,0.0,0.0,,0.0,0.008289680816233158,0.007186546456068754,0.0,,0.0,0.015495573170483112,0.0,0.0,0.0,,0.002988440217450261,0.0071138362400233746,0.006663523148745298,0.0,,0.0029522741679102182,0.007444577291607857,0.00870683416724205,0.0,0.015951599925756454,0.0,,0.0,0.0,0.0,0.0,0.0,0.0,,0.0,,0.005740217864513397,0.007723913062363863,0.0016765532782301307,0.0,0.0,0.0,0.0,,0.0,0.011521018110215664,0.0028374833054840565,,,0.0,0.0,0.0,0.0,0.0,0.0,0.0,0.0,0.0,,0.0,0.0,0.0014217449352145195,,0.0,0.0,0.0,0.015036061406135559,0.0,0.0,0.0,,,0.0,0.002523822244256735,0.0,0.0,0.0,,0.012212172150611877,,0.010441260412335396,0.0,,0.0,0.0001980172237381339,0.0,0.0,,,0.0,0.009777898900210857,,0.011562291532754898,0.0,,,0.0,0.021612513810396194,0.0,0.0,0.0,0.0,0.0,,,0.0,0.0,0.0,0.0,0.0,,,0.0,0.0,0.0,,0.0,0.0,,0.0,0.0,0.010721533559262753,,0.0,0.0,0.0,0.0,,0.0,0.0,,0.0,0.0,0.0,0.000222572882194072,0.004138255026191473,0.0,0.0,0.0,0.0,0.0,0.0,0.0,0.0,,0.01636638306081295,,0.0,0.013081780634820461,0.00596213573589921,0.0,0.0,0.0,0.00783260352909565,0.013072560541331768,0.0,0.01504174992442131,0.0,,0.0,,0.0,0.007702955510467291,0.0,,0.0,0.0,0.0,0.0064319828525185585,0.0,0.0,0.0,0.0,0.006455377209931612,0.002276746090501547,0.0,,,0.0,0.0,0.0,,,,0.0,0.0,,0.0,,0.0,,0.0,,,0.0,,,,,0.0,,0.0,0.009475049562752247,0.0,,0.0,0.0,0.0006172159337438643,,0.011276694014668465,0.0,,0.0,0.008886725641787052,0.0,,,0.0,,0.01935204491019249,0.0,0.0,,0.0,0.0019069688860327005,,,,0.0,0.0,0.0,0.0,0.0,7.387471123365685e-05,,,,0.007764055393636227,0.0,,0.0,,0.0,0.0,0.0,0.0,,,0.0,0.0,,,0.0,,0.0,,0.0,0.0,0.0,0.0,0.0,0.0,0.0,,0.0,0.010640541091561317,0.0,0.0,0.0,,,0.0,0.0,0.0,0.0,0.004161264281719923,0.0073729087598621845,,,,0.007771022617816925,0.0,0.0,0.0,,,0.008342444896697998,0.0,0.0,,0.0,,,,,0.0,0.013751369901001453,0.0,,0.0,,,0.0,,0.006028351373970509,0.0,0.0,0.0,,0.006963010877370834,0.0,,0.0,0.0,0.0,0.0,0.0,,0.0025301980786025524,0.0,0.0,,0.0,0.0,0.0,0.0,0.0,0.0,0.0,,0.0009805925656110048,0.0,0.0,0.007419695612043142,0.0,0.0,0.0,,0.0,0.0,0.0,0.010489208623766899,0.0,0.0,0.0,0.0,0.0,0.0,0.00028485566144809127,0.0,0.0,0.0,,0.0,0.0,0.0,0.0,0.0,0.0,0.0,0.0,0.0,0.004446286242455244,0.0,0.0,0.0,,0.0,0.006903916597366333,,0.0032303640618920326,0.0,0.0,0.0,0.0,0.0,0.007855664007365704,0.0,0.0,0.0,0.011428353376686573,0.0,0.014265907928347588,0.0,0.0,0.0,0.0,0.0,0.0,0.0,0.0,0.0,0.0,0.0,0.0,0.0071387211792171,0.0,0.0,0.0,0.010663309134542942,0.009583434090018272,0.0,0.00991410668939352,0.0,0.0,0.0,0.019269602373242378,0.0,0.0,0.0,0.0,0.0,0.0,0.0,0.0,0.004451911896467209,0.0,0.0,0.0,0.0,0.0,0.015617968514561653,0.0,0.008543897420167923,0.0,0.0,0.017431413754820824,0.0,0.0,0.0,0.0,0.0,0.011158911511301994,0.0,0.006921166554093361,0.0,0.013884417712688446,0.0,0.0,0.0,0.0,0.0,0.017269155010581017,0.0,0.00583390099927783,0.0,0.0,,,,,,,,,,,,,,,,,,,,,,,,,,,,,,,,,,,,,,,,,,,,,,,,,,,,,,,,,,,,,,,,,,,,,,,,,,,,,,,,,,,,,,,,,,,,,,,,,,,,,,,,,,,,,,,,,,,,,,,,,,,,,,
2021-06-16,753000.5810582729,236.69732062204395,,,,,,,,,,,76494.84123570709,,1039061.7711000025,,,,,,,,,,,,,,,,,,,,,,,,,,,,,,,,,,,,,,,,,,,3962.364019737361,,,,,,,,,,,,,,,,,,,,,,14299.49183426924,9601.404562693928,3560.2355437396636,7421.891063893989,7765.0277409762275,54914.388326031105,24225.814525878246,5473.94290152051,32566.660987848907,,,,,,,,,,,,,,,,,,,,,,,,,,,,,,,,,,,,0.007672586012631655,0.0,0.0,0.01092440728098154,0.0,0.0,0.0,0.0,0.0,0.0,0.0,0.0,0.0,0.0,0.0,0.0,,0.0,,0.0,,0.0,0.0,0.0,0.010507198981940746,0.0,,0.0,0.0,0.010712611488997936,0.0,0.012846814468502998,0.0,,0.0,,,,0.0,0.0,0.0,,0.0,0.0,0.0012285824632272124,0.009027548134326935,0.0,,,0.0,,0.0,0.0,0.0,0.0,0.0,0.0,0.0,0.0,0.006439491640776396,0.015234255231916904,0.0,0.0,0.0,,0.011381476186215878,0.0,0.0,0.0,0.015055594965815544,,0.0005889178719371557,0.0,,0.0,0.0,0.0,0.0,,0.0,0.0,0.0,,0.0,,0.0,0.0,,0.0,,0.0,0.0,0.0030229962430894375,0.01743323914706707,0.0,0.012673601508140564,0.0,0.016194811090826988,0.0,,,0.009300514124333858,0.0,,,,,0.0,0.0,0.0,0.0,0.0,0.0,0.0,0.0,0.0,,0.012146583758294582,0.0019998527131974697,0.0,,0.019029388204216957,0.0,0.0015352413756772876,0.0,0.0,0.0,,0.002669151872396469,,0.014855947345495224,0.0,0.0,0.01175154373049736,,0.0,0.0,,0.0,0.0,0.0,0.0,0.0,0.0001421356719220057,0.0011042432161048055,0.0,0.0,0.0046468619257211685,0.003770541399717331,0.0,0.0012880248250439763,,0.02132318913936615,0.0,0.004850889090448618,0.0,,0.0,0.007785265799611807,0.0,0.0,0.0,0.0,0.0061191171407699585,0.0,0.0,0.0,,0.015078713186085224,0.0,0.0,,,,0.006918592378497124,0.002163069089874625,,0.0,0.0,0.0,0.0,,0.0,,0.0,0.0,0.013318006880581379,0.0,0.0,0.0,,,,0.0,0.01897398941218853,0.0,0.0,0.0,,0.0,0.008289680816233158,0.007186546456068754,0.0,,0.0,0.015495573170483112,0.0,0.0,0.0,,0.002988440217450261,0.0071138362400233746,0.006663523148745298,0.0,,0.0029522741679102182,0.007444577291607857,0.00870683416724205,0.0,0.015951599925756454,0.0,,0.0,0.0,0.0,0.0,0.0,0.0,,0.0,,0.005740217864513397,0.007723913062363863,0.0016765532782301307,0.0,0.0,0.0,0.0,,0.0,0.011521018110215664,0.0028374833054840565,,,0.0,0.0,0.0,0.0,0.0,0.0,0.0,0.0,0.0,,0.0,0.0,0.0014217449352145195,,0.0,0.0,0.0,0.015036061406135559,0.0,0.0,0.0,,,0.0,0.002523822244256735,0.0,0.0,0.0,,0.012212172150611877,,0.010441260412335396,0.0,,0.0,0.0001980172237381339,0.0,0.0,,,0.0,0.009777898900210857,,0.011562291532754898,0.0,,,0.0,0.021612513810396194,0.0,0.0,0.0,0.0,0.0,,,0.0,0.0,0.0,0.0,0.0,,,0.0,0.0,0.0,,0.0,0.0,,0.0,0.0,0.010721533559262753,,0.0,0.0,0.0,0.0,,0.0,0.0,,0.0,0.0,0.0,0.000222572882194072,0.004138255026191473,0.0,0.0,0.0,0.0,0.0,0.0,0.0,0.0,,0.01636638306081295,,0.0,0.013081780634820461,0.00596213573589921,0.0,0.0,0.0,0.00783260352909565,0.013072560541331768,0.0,0.01504174992442131,0.0,,0.0,,0.0,0.007702955510467291,0.0,,0.0,0.0,0.0,0.0064319828525185585,0.0,0.0,0.0,0.0,0.006455377209931612,0.002276746090501547,0.0,,,0.0,0.0,0.0,,,,0.0,0.0,,0.0,,0.0,,0.0,,,0.0,,,,,0.0,,0.0,0.009475049562752247,0.0,,0.0,0.0,0.0006172159337438643,,0.011276694014668465,0.0,,0.0,0.008886725641787052,0.0,,,0.0,,0.01935204491019249,0.0,0.0,,0.0,0.0019069688860327005,,,,0.0,0.0,0.0,0.0,0.0,7.387471123365685e-05,,,,0.007764055393636227,0.0,,0.0,,0.0,0.0,0.0,0.0,,,0.0,0.0,,,0.0,,0.0,,0.0,0.0,0.0,0.0,0.0,0.0,0.0,,0.0,0.010640541091561317,0.0,0.0,0.0,,,0.0,0.0,0.0,0.0,0.004161264281719923,0.0073729087598621845,,,,0.007771022617816925,0.0,0.0,0.0,,,0.008342444896697998,0.0,0.0,,0.0,,,,,0.0,0.013751369901001453,0.0,,0.0,,,0.0,,0.006028351373970509,0.0,0.0,0.0,,0.006963010877370834,0.0,,0.0,0.0,0.0,0.0,0.0,,0.0025301980786025524,0.0,0.0,,0.0,0.0,0.0,0.0,0.0,0.0,0.0,,0.0009805925656110048,0.0,0.0,0.007419695612043142,0.0,0.0,0.0,,0.0,0.0,0.0,0.010489208623766899,0.0,0.0,0.0,0.0,0.0,0.0,0.00028485566144809127,0.0,0.0,0.0,,0.0,0.0,0.0,0.0,0.0,0.0,0.0,0.0,0.0,0.004446286242455244,0.0,0.0,0.0,,0.0,0.006903916597366333,,0.0032303640618920326,0.0,0.0,0.0,0.0,0.0,0.007855664007365704,0.0,0.0,0.0,0.011428353376686573,0.0,0.014265907928347588,0.0,0.0,0.0,0.0,0.0,0.0,0.0,0.0,0.0,0.0,0.0,0.0,0.0071387211792171,0.0,0.0,0.0,0.010663309134542942,0.009583434090018272,0.0,0.00991410668939352,0.0,0.0,0.0,0.019269602373242378,0.0,0.0,0.0,0.0,0.0,0.0,0.0,0.0,0.004451911896467209,0.0,0.0,0.0,0.0,0.0,0.015617968514561653,0.0,0.008543897420167923,0.0,0.0,0.017431413754820824,0.0,0.0,0.0,0.0,0.0,0.011158911511301994,0.0,0.006921166554093361,0.0,0.013884417712688446,0.0,0.0,0.0,0.0,0.0,0.017269155010581017,0.0,0.00583390099927783,0.0,0.0,,,,,,,,,,,,,,,,,,,,,,,,,,,,,,,,,,,,,,,,,,,,,,,,,,,,,,,,,,,,,,,,,,,,,,,,,,,,,,,,,,,,,,,,,,,,,,,,,,,,,,,,,,,,,,,,,,,,,,,,,,,,,,
2021-06-17,759712.7294670781,236.69732062204395,,,,,,,,,,,76494.84123570709,,1039061.7711000025,,,,,,,,,,,,,,,,,,,,,,,,,,,,,,,,,,,,,,,,,,,3962.364019737361,,,,,,,,,,,,,,,,,,,,,,14299.49183426924,9601.404562693928,3560.2355437396636,7421.891063893989,7765.0277409762275,54914.388326031105,24225.814525878246,5473.94290152051,32566.660987848907,,,,,,,,,,,,,,,,,,,,,,,,,,,,,,,,,,,,0.007672586012631655,0.0,0.0,0.01092440728098154,0.0,0.0,0.0,0.0,0.0,0.0,0.0,0.0,0.0,0.0,0.0,0.0,,0.0,,0.0,,0.0,0.0,0.0,0.010507198981940746,0.0,,0.0,0.0,0.010712611488997936,0.0,0.012846814468502998,0.0,,0.0,,,,0.0,0.0,0.0,,0.0,0.0,0.0012285824632272124,0.009027548134326935,0.0,,,0.0,,0.0,0.0,0.0,0.0,0.0,0.0,0.0,0.0,0.006439491640776396,0.015234255231916904,0.0,0.0,0.0,,0.011381476186215878,0.0,0.0,0.0,0.015055594965815544,,0.0005889178719371557,0.0,,0.0,0.0,0.0,0.0,,0.0,0.0,0.0,,0.0,,0.0,0.0,,0.0,,0.0,0.0,0.0030229962430894375,0.01743323914706707,0.0,0.012673601508140564,0.0,0.016194811090826988,0.0,,,0.009300514124333858,0.0,,,,,0.0,0.0,0.0,0.0,0.0,0.0,0.0,0.0,0.0,,0.012146583758294582,0.0019998527131974697,0.0,,0.019029388204216957,0.0,0.0015352413756772876,0.0,0.0,0.0,,0.002669151872396469,,0.014855947345495224,0.0,0.0,0.01175154373049736,,0.0,0.0,,0.0,0.0,0.0,0.0,0.0,0.0001421356719220057,0.0011042432161048055,0.0,0.0,0.0046468619257211685,0.003770541399717331,0.0,0.0012880248250439763,,0.02132318913936615,0.0,0.004850889090448618,0.0,,0.0,0.007785265799611807,0.0,0.0,0.0,0.0,0.0061191171407699585,0.0,0.0,0.0,,0.015078713186085224,0.0,0.0,,,,0.006918592378497124,0.002163069089874625,,0.0,0.0,0.0,0.0,,0.0,,0.0,0.0,0.013318006880581379,0.0,0.0,0.0,,,,0.0,0.01897398941218853,0.0,0.0,0.0,,0.0,0.008289680816233158,0.007186546456068754,0.0,,0.0,0.015495573170483112,0.0,0.0,0.0,,0.002988440217450261,0.0071138362400233746,0.006663523148745298,0.0,,0.0029522741679102182,0.007444577291607857,0.00870683416724205,0.0,0.015951599925756454,0.0,,0.0,0.0,0.0,0.0,0.0,0.0,,0.0,,0.005740217864513397,0.007723913062363863,0.0016765532782301307,0.0,0.0,0.0,0.0,,0.0,0.011521018110215664,0.0028374833054840565,,,0.0,0.0,0.0,0.0,0.0,0.0,0.0,0.0,0.0,,0.0,0.0,0.0014217449352145195,,0.0,0.0,0.0,0.015036061406135559,0.0,0.0,0.0,,,0.0,0.002523822244256735,0.0,0.0,0.0,,0.012212172150611877,,0.010441260412335396,0.0,,0.0,0.0001980172237381339,0.0,0.0,,,0.0,0.009777898900210857,,0.011562291532754898,0.0,,,0.0,0.021612513810396194,0.0,0.0,0.0,0.0,0.0,,,0.0,0.0,0.0,0.0,0.0,,,0.0,0.0,0.0,,0.0,0.0,,0.0,0.0,0.010721533559262753,,0.0,0.0,0.0,0.0,,0.0,0.0,,0.0,0.0,0.0,0.000222572882194072,0.004138255026191473,0.0,0.0,0.0,0.0,0.0,0.0,0.0,0.0,,0.01636638306081295,,0.0,0.013081780634820461,0.00596213573589921,0.0,0.0,0.0,0.00783260352909565,0.013072560541331768,0.0,0.01504174992442131,0.0,,0.0,,0.0,0.007702955510467291,0.0,,0.0,0.0,0.0,0.0064319828525185585,0.0,0.0,0.0,0.0,0.006455377209931612,0.002276746090501547,0.0,,,0.0,0.0,0.0,,,,0.0,0.0,,0.0,,0.0,,0.0,,,0.0,,,,,0.0,,0.0,0.009475049562752247,0.0,,0.0,0.0,0.0006172159337438643,,0.011276694014668465,0.0,,0.0,0.008886725641787052,0.0,,,0.0,,0.01935204491019249,0.0,0.0,,0.0,0.0019069688860327005,,,,0.0,0.0,0.0,0.0,0.0,7.387471123365685e-05,,,,0.007764055393636227,0.0,,0.0,,0.0,0.0,0.0,0.0,,,0.0,0.0,,,0.0,,0.0,,0.0,0.0,0.0,0.0,0.0,0.0,0.0,,0.0,0.010640541091561317,0.0,0.0,0.0,,,0.0,0.0,0.0,0.0,0.004161264281719923,0.0073729087598621845,,,,0.007771022617816925,0.0,0.0,0.0,,,0.008342444896697998,0.0,0.0,,0.0,,,,,0.0,0.013751369901001453,0.0,,0.0,,,0.0,,0.006028351373970509,0.0,0.0,0.0,,0.006963010877370834,0.0,,0.0,0.0,0.0,0.0,0.0,,0.0025301980786025524,0.0,0.0,,0.0,0.0,0.0,0.0,0.0,0.0,0.0,,0.0009805925656110048,0.0,0.0,0.007419695612043142,0.0,0.0,0.0,,0.0,0.0,0.0,0.010489208623766899,0.0,0.0,0.0,0.0,0.0,0.0,0.00028485566144809127,0.0,0.0,0.0,,0.0,0.0,0.0,0.0,0.0,0.0,0.0,0.0,0.0,0.004446286242455244,0.0,0.0,0.0,,0.0,0.006903916597366333,,0.0032303640618920326,0.0,0.0,0.0,0.0,0.0,0.007855664007365704,0.0,0.0,0.0,0.011428353376686573,0.0,0.014265907928347588,0.0,0.0,0.0,0.0,0.0,0.0,0.0,0.0,0.0,0.0,0.0,0.0,0.0071387211792171,0.0,0.0,0.0,0.010663309134542942,0.009583434090018272,0.0,0.00991410668939352,0.0,0.0,0.0,0.019269602373242378,0.0,0.0,0.0,0.0,0.0,0.0,0.0,0.0,0.004451911896467209,0.0,0.0,0.0,0.0,0.0,0.015617968514561653,0.0,0.008543897420167923,0.0,0.0,0.017431413754820824,0.0,0.0,0.0,0.0,0.0,0.011158911511301994,0.0,0.006921166554093361,0.0,0.013884417712688446,0.0,0.0,0.0,0.0,0.0,0.017269155010581017,0.0,0.00583390099927783,0.0,0.0,,,,,,,,,,,,,,,,,,,,,,,,,,,,,,,,,,,,,,,,,,,,,,,,,,,,,,,,,,,,,,,,,,,,,,,,,,,,,,,,,,,,,,,,,,,,,,,,,,,,,,,,,,,,,,,,,,,,,,,,,,,,,,
2021-06-18,762683.8453680734,235.57312011068504,,,,,,,,,,,76494.84123570709,,1039061.7711000025,,,,,,,,,,,,,,,,,,,,,,,,,,,,,,,,,,,,,,,,,,,3962.364019737361,,,,,,,,,,,,,,,,,,,,,,14299.49183426924,9601.404562693928,3560.2355437396636,7421.891063893989,7765.140052011467,54914.388326031105,24225.814525878246,5473.94290152051,32566.660987848907,,,,,,,,,,,,,,,,,,,,,,,,,,,,,,,,,,,,0.007672586012631655,0.0,0.0,0.01092440728098154,0.0,0.0,0.0,0.0,0.0,0.0,0.0,0.0,0.0,0.0,0.0,0.0,,0.0,,0.0,,0.0,0.0,0.0,0.010507198981940746,0.0,,0.0,0.0,0.010712611488997936,0.0,0.012846814468502998,0.0,,0.0,,,,0.0,0.0,0.0,,0.0,0.0,0.0012285824632272124,0.009027548134326935,0.0,,,0.0,,0.0,0.0,0.0,0.0,0.0,0.0,0.0,0.0,0.006439491640776396,0.015234255231916904,0.0,0.0,0.0,,0.011381476186215878,0.0,0.0,0.0,0.015055594965815544,,0.0005889178719371557,0.0,,0.0,0.0,0.0,0.0,,0.0,0.0,0.0,,0.0,,0.0,0.0,,0.0,,0.0,0.0,0.0030229962430894375,0.01743323914706707,0.0,0.012673601508140564,0.0,0.016194811090826988,0.0,,,0.009300514124333858,0.0,,,,,0.0,0.0,0.0,0.0,0.0,0.0,0.0,0.0,0.0,,0.012146583758294582,0.0019998527131974697,0.0,,0.019029388204216957,0.0,0.0015352413756772876,0.0,0.0,0.0,,0.002669151872396469,,0.014855947345495224,0.0,0.0,0.01175154373049736,,0.0,0.0,,0.0,0.0,0.0,0.0,0.0,0.0001421356719220057,0.0011042432161048055,0.0,0.0,0.0046468619257211685,0.003770541399717331,0.0,0.0012880248250439763,,0.02132318913936615,0.0,0.004850889090448618,0.0,,0.0,0.007785265799611807,0.0,0.0,0.0,0.0,0.0061191171407699585,0.0,0.0,0.0,,0.015078713186085224,0.0,0.0,,,,0.006918592378497124,0.002163069089874625,,0.0,0.0,0.0,0.0,,0.0,,0.0,0.0,0.013318006880581379,0.0,0.0,0.0,,,,0.0,0.01897398941218853,0.0,0.0,0.0,,0.0,0.008289680816233158,0.007186546456068754,0.0,,0.0,0.015495573170483112,0.0,0.0,0.0,,0.002988440217450261,0.0071138362400233746,0.006663523148745298,0.0,,0.0029522741679102182,0.007444577291607857,0.00870683416724205,0.0,0.015951599925756454,0.0,,0.0,0.0,0.0,0.0,0.0,0.0,,0.0,,0.005740217864513397,0.007723913062363863,0.0016765532782301307,0.0,0.0,0.0,0.0,,0.0,0.011521018110215664,0.0028374833054840565,,,0.0,0.0,0.0,0.0,0.0,0.0,0.0,0.0,0.0,,0.0,0.0,0.0014217449352145195,,0.0,0.0,0.0,0.015036061406135559,0.0,0.0,0.0,,,0.0,0.002523822244256735,0.0,0.0,0.0,,0.012212172150611877,,0.010441260412335396,0.0,,0.0,0.0001980172237381339,0.0,0.0,,,0.0,0.009777898900210857,,0.011562291532754898,0.0,,,0.0,0.021612513810396194,0.0,0.0,0.0,0.0,0.0,,,0.0,0.0,0.0,0.0,0.0,,,0.0,0.0,0.0,,0.0,0.0,,0.0,0.0,0.010721533559262753,,0.0,0.0,0.0,0.0,,0.0,0.0,,0.0,0.0,0.0,0.000222572882194072,0.004138255026191473,0.0,0.0,0.0,0.0,0.0,0.0,0.0,0.0,,0.01636638306081295,,0.0,0.013081780634820461,0.00596213573589921,0.0,0.0,0.0,0.00783260352909565,0.013072560541331768,0.0,0.01504174992442131,0.0,,0.0,,0.0,0.007702955510467291,0.0,,0.0,0.0,0.0,0.0064319828525185585,0.0,0.0,0.0,0.0,0.006455377209931612,0.002276746090501547,0.0,,,0.0,0.0,0.0,,,,0.0,0.0,,0.0,,0.0,,0.0,,,0.0,,,,,0.0,,0.0,0.009475049562752247,0.0,,0.0,0.0,0.0006172159337438643,,0.011276694014668465,0.0,,0.0,0.008886725641787052,0.0,,,0.0,,0.01935204491019249,0.0,0.0,,0.0,0.0019069688860327005,,,,0.0,0.0,0.0,0.0,0.0,7.387471123365685e-05,,,,0.007764055393636227,0.0,,0.0,,0.0,0.0,0.0,0.0,,,0.0,0.0,,,0.0,,0.0,,0.0,0.0,0.0,0.0,0.0,0.0,0.0,,0.0,0.010640541091561317,0.0,0.0,0.0,,,0.0,0.0,0.0,0.0,0.004161264281719923,0.0073729087598621845,,,,0.007771022617816925,0.0,0.0,0.0,,,0.008342444896697998,0.0,0.0,,0.0,,,,,0.0,0.013751369901001453,0.0,,0.0,,,0.0,,0.006028351373970509,0.0,0.0,0.0,,0.006963010877370834,0.0,,0.0,0.0,0.0,0.0,0.0,,0.0025301980786025524,0.0,0.0,,0.0,0.0,0.0,0.0,0.0,0.0,0.0,,0.0009805925656110048,0.0,0.0,0.007419695612043142,0.0,0.0,0.0,,0.0,0.0,0.0,0.010489208623766899,0.0,0.0,0.0,0.0,0.0,0.0,0.00028485566144809127,0.0,0.0,0.0,,0.0,0.0,0.0,0.0,0.0,0.0,0.0,0.0,0.0,0.004446286242455244,0.0,0.0,0.0,,0.0,0.006903916597366333,,0.0032303640618920326,0.0,0.0,0.0,0.0,0.0,0.007855664007365704,0.0,0.0,0.0,0.011428353376686573,0.0,0.014265907928347588,0.0,0.0,0.0,0.0,0.0,0.0,0.0,0.0,0.0,0.0,0.0,0.0,0.0071387211792171,0.0,0.0,0.0,0.010663309134542942,0.009583434090018272,0.0,0.00991410668939352,0.0,0.0,0.0,0.019269602373242378,0.0,0.0,0.0,0.0,0.0,0.0,0.0,0.0,0.004451911896467209,0.0,0.0,0.0,0.0,0.0,0.015617968514561653,0.0,0.008543897420167923,0.0,0.0,0.017431413754820824,0.0,0.0,0.0,0.0,0.0,0.011158911511301994,0.0,0.006921166554093361,0.0,0.013884417712688446,0.0,0.0,0.0,0.0,0.0,0.017269155010581017,0.0,0.00583390099927783,0.0,0.0,,,,,,,,,,,,,,,,,,,,,,,,,,,,,,,,,,,,,,,,,,,,,,,,,,,,,,,,,,,,,,,,,,,,,,,,,,,,,,,,,,,,,,,,,,,,,,,,,,,,,,,,,,,,,,,,,,,,,,,,,,,,,,
2021-06-21,759417.1119744604,235.66739852552928,,,,,,,,,,,76494.84123570709,,1039061.7711000025,,,,,,,,,,,,,,,,,,,,,,,,,,,,,,,,,,,,,,,,,,,3962.364019737361,,,,,,,,,,,,,,,,,,,,,,14299.49183426924,9601.404562693928,3560.2355437396636,7421.891063893989,7765.130505447131,54914.388326031105,24225.814525878246,5473.94290152051,32566.660987848907,,,,,,,,,,,,,,,,,,,,,,,,,,,,,,,,,,,,0.007672586012631655,0.0,0.0,0.01092440728098154,0.0,0.0,0.0,0.0,0.0,0.0,0.0,0.0,0.0,0.0,0.0,0.0,,0.0,,0.0,,0.0,0.0,0.0,0.010507198981940746,0.0,,0.0,0.0,0.010712611488997936,0.0,0.012846814468502998,0.0,,0.0,,,,0.0,0.0,0.0,,0.0,0.0,0.0012285824632272124,0.009027548134326935,0.0,,,0.0,,0.0,0.0,0.0,0.0,0.0,0.0,0.0,0.0,0.006439491640776396,0.015234255231916904,0.0,0.0,0.0,,0.011381476186215878,0.0,0.0,0.0,0.015055594965815544,,0.0005889178719371557,0.0,,0.0,0.0,0.0,0.0,,0.0,0.0,0.0,,0.0,,0.0,0.0,,0.0,,0.0,0.0,0.0030229962430894375,0.01743323914706707,0.0,0.012673601508140564,0.0,0.016194811090826988,0.0,,,0.009300514124333858,0.0,,,,,0.0,0.0,0.0,0.0,0.0,0.0,0.0,0.0,0.0,,0.012146583758294582,0.0019998527131974697,0.0,,0.019029388204216957,0.0,0.0015352413756772876,0.0,0.0,0.0,,0.002669151872396469,,0.014855947345495224,0.0,0.0,0.01175154373049736,,0.0,0.0,,0.0,0.0,0.0,0.0,0.0,0.0001421356719220057,0.0011042432161048055,0.0,0.0,0.0046468619257211685,0.003770541399717331,0.0,0.0012880248250439763,,0.02132318913936615,0.0,0.004850889090448618,0.0,,0.0,0.007785265799611807,0.0,0.0,0.0,0.0,0.0061191171407699585,0.0,0.0,0.0,,0.015078713186085224,0.0,0.0,,,,0.006918592378497124,0.002163069089874625,,0.0,0.0,0.0,0.0,,0.0,,0.0,0.0,0.013318006880581379,0.0,0.0,0.0,,,,0.0,0.01897398941218853,0.0,0.0,0.0,,0.0,0.008289680816233158,0.007186546456068754,0.0,,0.0,0.015495573170483112,0.0,0.0,0.0,,0.002988440217450261,0.0071138362400233746,0.006663523148745298,0.0,,0.0029522741679102182,0.007444577291607857,0.00870683416724205,0.0,0.015951599925756454,0.0,,0.0,0.0,0.0,0.0,0.0,0.0,,0.0,,0.005740217864513397,0.007723913062363863,0.0016765532782301307,0.0,0.0,0.0,0.0,,0.0,0.011521018110215664,0.0028374833054840565,,,0.0,0.0,0.0,0.0,0.0,0.0,0.0,0.0,0.0,,0.0,0.0,0.0014217449352145195,,0.0,0.0,0.0,0.015036061406135559,0.0,0.0,0.0,,,0.0,0.002523822244256735,0.0,0.0,0.0,,0.012212172150611877,,0.010441260412335396,0.0,,0.0,0.0001980172237381339,0.0,0.0,,,0.0,0.009777898900210857,,0.011562291532754898,0.0,,,0.0,0.021612513810396194,0.0,0.0,0.0,0.0,0.0,,,0.0,0.0,0.0,0.0,0.0,,,0.0,0.0,0.0,,0.0,0.0,,0.0,0.0,0.010721533559262753,,0.0,0.0,0.0,0.0,,0.0,0.0,,0.0,0.0,0.0,0.000222572882194072,0.004138255026191473,0.0,0.0,0.0,0.0,0.0,0.0,0.0,0.0,,0.01636638306081295,,0.0,0.013081780634820461,0.00596213573589921,0.0,0.0,0.0,0.00783260352909565,0.013072560541331768,0.0,0.01504174992442131,0.0,,0.0,,0.0,0.007702955510467291,0.0,,0.0,0.0,0.0,0.0064319828525185585,0.0,0.0,0.0,0.0,0.006455377209931612,0.002276746090501547,0.0,,,0.0,0.0,0.0,,,,0.0,0.0,,0.0,,0.0,,0.0,,,0.0,,,,,0.0,,0.0,0.009475049562752247,0.0,,0.0,0.0,0.0006172159337438643,,0.011276694014668465,0.0,,0.0,0.008886725641787052,0.0,,,0.0,,0.01935204491019249,0.0,0.0,,0.0,0.0019069688860327005,,,,0.0,0.0,0.0,0.0,0.0,7.387471123365685e-05,,,,0.007764055393636227,0.0,,0.0,,0.0,0.0,0.0,0.0,,,0.0,0.0,,,0.0,,0.0,,0.0,0.0,0.0,0.0,0.0,0.0,0.0,,0.0,0.010640541091561317,0.0,0.0,0.0,,,0.0,0.0,0.0,0.0,0.004161264281719923,0.0073729087598621845,,,,0.007771022617816925,0.0,0.0,0.0,,,0.008342444896697998,0.0,0.0,,0.0,,,,,0.0,0.013751369901001453,0.0,,0.0,,,0.0,,0.006028351373970509,0.0,0.0,0.0,,0.006963010877370834,0.0,,0.0,0.0,0.0,0.0,0.0,,0.0025301980786025524,0.0,0.0,,0.0,0.0,0.0,0.0,0.0,0.0,0.0,,0.0009805925656110048,0.0,0.0,0.007419695612043142,0.0,0.0,0.0,,0.0,0.0,0.0,0.010489208623766899,0.0,0.0,0.0,0.0,0.0,0.0,0.00028485566144809127,0.0,0.0,0.0,,0.0,0.0,0.0,0.0,0.0,0.0,0.0,0.0,0.0,0.004446286242455244,0.0,0.0,0.0,,0.0,0.006903916597366333,,0.0032303640618920326,0.0,0.0,0.0,0.0,0.0,0.007855664007365704,0.0,0.0,0.0,0.011428353376686573,0.0,0.014265907928347588,0.0,0.0,0.0,0.0,0.0,0.0,0.0,0.0,0.0,0.0,0.0,0.0,0.0071387211792171,0.0,0.0,0.0,0.010663309134542942,0.009583434090018272,0.0,0.00991410668939352,0.0,0.0,0.0,0.019269602373242378,0.0,0.0,0.0,0.0,0.0,0.0,0.0,0.0,0.004451911896467209,0.0,0.0,0.0,0.0,0.0,0.015617968514561653,0.0,0.008543897420167923,0.0,0.0,0.017431413754820824,0.0,0.0,0.0,0.0,0.0,0.011158911511301994,0.0,0.006921166554093361,0.0,0.013884417712688446,0.0,0.0,0.0,0.0,0.0,0.017269155010581017,0.0,0.00583390099927783,0.0,0.0,,,,,,,,,,,,,,,,,,,,,,,,,,,,,,,,,,,,,,,,,,,,,,,,,,,,,,,,,,,,,,,,,,,,,,,,,,,,,,,,,,,,,,,,,,,,,,,,,,,,,,,,,,,,,,,,,,,,,,,,,,,,,,
2021-06-22,755324.7480230806,237.63932508554308,,,,,,,,,,,76494.84123570709,,1039061.7711000025,,,,,,,,,,,,,,,,,,,,,,,,,,,,,,,,,,,,,,,,,,,3962.364019737361,,,,,,,,,,,,,,,,,,,,,,14299.49183426924,9601.404562693928,3560.2355437396636,7421.891063893989,7764.933963750735,54914.388326031105,24225.814525878246,5473.94290152051,32566.660987848907,,,,,,,,,,,,,,,,,,,,,,,,,,,,,,,,,,,,0.007672586012631655,0.0,0.0,0.01092440728098154,0.0,0.0,0.0,0.0,0.0,0.0,0.0,0.0,0.0,0.0,0.0,0.0,,0.0,,0.0,,0.0,0.0,0.0,0.010507198981940746,0.0,,0.0,0.0,0.010712611488997936,0.0,0.012846814468502998,0.0,,0.0,,,,0.0,0.0,0.0,,0.0,0.0,0.0012285824632272124,0.009027548134326935,0.0,,,0.0,,0.0,0.0,0.0,0.0,0.0,0.0,0.0,0.0,0.006439491640776396,0.015234255231916904,0.0,0.0,0.0,,0.011381476186215878,0.0,0.0,0.0,0.015055594965815544,,0.0005889178719371557,0.0,,0.0,0.0,0.0,0.0,,0.0,0.0,0.0,,0.0,,0.0,0.0,,0.0,,0.0,0.0,0.0030229962430894375,0.01743323914706707,0.0,0.012673601508140564,0.0,0.016194811090826988,0.0,,,0.009300514124333858,0.0,,,,,0.0,0.0,0.0,0.0,0.0,0.0,0.0,0.0,0.0,,0.012146583758294582,0.0019998527131974697,0.0,,0.019029388204216957,0.0,0.0015352413756772876,0.0,0.0,0.0,,0.002669151872396469,,0.014855947345495224,0.0,0.0,0.01175154373049736,,0.0,0.0,,0.0,0.0,0.0,0.0,0.0,0.0001421356719220057,0.0011042432161048055,0.0,0.0,0.0046468619257211685,0.003770541399717331,0.0,0.0012880248250439763,,0.02132318913936615,0.0,0.004850889090448618,0.0,,0.0,0.007785265799611807,0.0,0.0,0.0,0.0,0.0061191171407699585,0.0,0.0,0.0,,0.015078713186085224,0.0,0.0,,,,0.006918592378497124,0.002163069089874625,,0.0,0.0,0.0,0.0,,0.0,,0.0,0.0,0.013318006880581379,0.0,0.0,0.0,,,,0.0,0.01897398941218853,0.0,0.0,0.0,,0.0,0.008289680816233158,0.007186546456068754,0.0,,0.0,0.015495573170483112,0.0,0.0,0.0,,0.002988440217450261,0.0071138362400233746,0.006663523148745298,0.0,,0.0029522741679102182,0.007444577291607857,0.00870683416724205,0.0,0.015951599925756454,0.0,,0.0,0.0,0.0,0.0,0.0,0.0,,0.0,,0.005740217864513397,0.007723913062363863,0.0016765532782301307,0.0,0.0,0.0,0.0,,0.0,0.011521018110215664,0.0028374833054840565,,,0.0,0.0,0.0,0.0,0.0,0.0,0.0,0.0,0.0,,0.0,0.0,0.0014217449352145195,,0.0,0.0,0.0,0.015036061406135559,0.0,0.0,0.0,,,0.0,0.002523822244256735,0.0,0.0,0.0,,0.012212172150611877,,0.010441260412335396,0.0,,0.0,0.0001980172237381339,0.0,0.0,,,0.0,0.009777898900210857,,0.011562291532754898,0.0,,,0.0,0.021612513810396194,0.0,0.0,0.0,0.0,0.0,,,0.0,0.0,0.0,0.0,0.0,,,0.0,0.0,0.0,,0.0,0.0,,0.0,0.0,0.010721533559262753,,0.0,0.0,0.0,0.0,,0.0,0.0,,0.0,0.0,0.0,0.000222572882194072,0.004138255026191473,0.0,0.0,0.0,0.0,0.0,0.0,0.0,0.0,,0.01636638306081295,,0.0,0.013081780634820461,0.00596213573589921,0.0,0.0,0.0,0.00783260352909565,0.013072560541331768,0.0,0.01504174992442131,0.0,,0.0,,0.0,0.007702955510467291,0.0,,0.0,0.0,0.0,0.0064319828525185585,0.0,0.0,0.0,0.0,0.006455377209931612,0.002276746090501547,0.0,,,0.0,0.0,0.0,,,,0.0,0.0,,0.0,,0.0,,0.0,,,0.0,,,,,0.0,,0.0,0.009475049562752247,0.0,,0.0,0.0,0.0006172159337438643,,0.011276694014668465,0.0,,0.0,0.008886725641787052,0.0,,,0.0,,0.01935204491019249,0.0,0.0,,0.0,0.0019069688860327005,,,,0.0,0.0,0.0,0.0,0.0,7.387471123365685e-05,,,,0.007764055393636227,0.0,,0.0,,0.0,0.0,0.0,0.0,,,0.0,0.0,,,0.0,,0.0,,0.0,0.0,0.0,0.0,0.0,0.0,0.0,,0.0,0.010640541091561317,0.0,0.0,0.0,,,0.0,0.0,0.0,0.0,0.004161264281719923,0.0073729087598621845,,,,0.007771022617816925,0.0,0.0,0.0,,,0.008342444896697998,0.0,0.0,,0.0,,,,,0.0,0.013751369901001453,0.0,,0.0,,,0.0,,0.006028351373970509,0.0,0.0,0.0,,0.006963010877370834,0.0,,0.0,0.0,0.0,0.0,0.0,,0.0025301980786025524,0.0,0.0,,0.0,0.0,0.0,0.0,0.0,0.0,0.0,,0.0009805925656110048,0.0,0.0,0.007419695612043142,0.0,0.0,0.0,,0.0,0.0,0.0,0.010489208623766899,0.0,0.0,0.0,0.0,0.0,0.0,0.00028485566144809127,0.0,0.0,0.0,,0.0,0.0,0.0,0.0,0.0,0.0,0.0,0.0,0.0,0.004446286242455244,0.0,0.0,0.0,,0.0,0.006903916597366333,,0.0032303640618920326,0.0,0.0,0.0,0.0,0.0,0.007855664007365704,0.0,0.0,0.0,0.011428353376686573,0.0,0.014265907928347588,0.0,0.0,0.0,0.0,0.0,0.0,0.0,0.0,0.0,0.0,0.0,0.0,0.0071387211792171,0.0,0.0,0.0,0.010663309134542942,0.009583434090018272,0.0,0.00991410668939352,0.0,0.0,0.0,0.019269602373242378,0.0,0.0,0.0,0.0,0.0,0.0,0.0,0.0,0.004451911896467209,0.0,0.0,0.0,0.0,0.0,0.015617968514561653,0.0,0.008543897420167923,0.0,0.0,0.017431413754820824,0.0,0.0,0.0,0.0,0.0,0.011158911511301994,0.0,0.006921166554093361,0.0,0.013884417712688446,0.0,0.0,0.0,0.0,0.0,0.017269155010581017,0.0,0.00583390099927783,0.0,0.0,,,,,,,,,,,,,,,,,,,,,,,,,,,,,,,,,,,,,,,,,,,,,,,,,,,,,,,,,,,,,,,,,,,,,,,,,,,,,,,,,,,,,,,,,,,,,,,,,,,,,,,,,,,,,,,,,,,,,,,,,,,,,,
2021-06-23,766604.5845095688,237.81331396939584,,,,,,,,,,,76494.84123570709,,1039061.7711000025,,,,,,,,,,,,,,,,,,,,,,,,,,,,,,,,,,,,,,,,,,,3962.364019737361,,,,,,,,,,,,,,,,,,,,,,14299.49183426924,9601.404562693928,3560.2355437396636,7421.891063893989,7764.915994720613,54914.388326031105,24225.814525878246,5473.94290152051,32566.660987848907,,,,,,,,,,,,,,,,,,,,,,,,,,,,,,,,,,,,0.007672586012631655,0.0,0.0,0.01092440728098154,0.0,0.0,0.0,0.0,0.0,0.0,0.0,0.0,0.0,0.0,0.0,0.0,,0.0,,0.0,,0.0,0.0,0.0,0.010507198981940746,0.0,,0.0,0.0,0.010712611488997936,0.0,0.012846814468502998,0.0,,0.0,,,,0.0,0.0,0.0,,0.0,0.0,0.0012285824632272124,0.009027548134326935,0.0,,,0.0,,0.0,0.0,0.0,0.0,0.0,0.0,0.0,0.0,0.006439491640776396,0.015234255231916904,0.0,0.0,0.0,,0.011381476186215878,0.0,0.0,0.0,0.015055594965815544,,0.0005889178719371557,0.0,,0.0,0.0,0.0,0.0,,0.0,0.0,0.0,,0.0,,0.0,0.0,,0.0,,0.0,0.0,0.0030229962430894375,0.01743323914706707,0.0,0.012673601508140564,0.0,0.016194811090826988,0.0,,,0.009300514124333858,0.0,,,,,0.0,0.0,0.0,0.0,0.0,0.0,0.0,0.0,0.0,,0.012146583758294582,0.0019998527131974697,0.0,,0.019029388204216957,0.0,0.0015352413756772876,0.0,0.0,0.0,,0.002669151872396469,,0.014855947345495224,0.0,0.0,0.01175154373049736,,0.0,0.0,,0.0,0.0,0.0,0.0,0.0,0.0001421356719220057,0.0011042432161048055,0.0,0.0,0.0046468619257211685,0.003770541399717331,0.0,0.0012880248250439763,,0.02132318913936615,0.0,0.004850889090448618,0.0,,0.0,0.007785265799611807,0.0,0.0,0.0,0.0,0.0061191171407699585,0.0,0.0,0.0,,0.015078713186085224,0.0,0.0,,,,0.006918592378497124,0.002163069089874625,,0.0,0.0,0.0,0.0,,0.0,,0.0,0.0,0.013318006880581379,0.0,0.0,0.0,,,,0.0,0.01897398941218853,0.0,0.0,0.0,,0.0,0.008289680816233158,0.007186546456068754,0.0,,0.0,0.015495573170483112,0.0,0.0,0.0,,0.002988440217450261,0.0071138362400233746,0.006663523148745298,0.0,,0.0029522741679102182,0.007444577291607857,0.00870683416724205,0.0,0.015951599925756454,0.0,,0.0,0.0,0.0,0.0,0.0,0.0,,0.0,,0.005740217864513397,0.007723913062363863,0.0016765532782301307,0.0,0.0,0.0,0.0,,0.0,0.011521018110215664,0.0028374833054840565,,,0.0,0.0,0.0,0.0,0.0,0.0,0.0,0.0,0.0,,0.0,0.0,0.0014217449352145195,,0.0,0.0,0.0,0.015036061406135559,0.0,0.0,0.0,,,0.0,0.002523822244256735,0.0,0.0,0.0,,0.012212172150611877,,0.010441260412335396,0.0,,0.0,0.0001980172237381339,0.0,0.0,,,0.0,0.009777898900210857,,0.011562291532754898,0.0,,,0.0,0.021612513810396194,0.0,0.0,0.0,0.0,0.0,,,0.0,0.0,0.0,0.0,0.0,,,0.0,0.0,0.0,,0.0,0.0,,0.0,0.0,0.010721533559262753,,0.0,0.0,0.0,0.0,,0.0,0.0,,0.0,0.0,0.0,0.000222572882194072,0.004138255026191473,0.0,0.0,0.0,0.0,0.0,0.0,0.0,0.0,,0.01636638306081295,,0.0,0.013081780634820461,0.00596213573589921,0.0,0.0,0.0,0.00783260352909565,0.013072560541331768,0.0,0.01504174992442131,0.0,,0.0,,0.0,0.007702955510467291,0.0,,0.0,0.0,0.0,0.0064319828525185585,0.0,0.0,0.0,0.0,0.006455377209931612,0.002276746090501547,0.0,,,0.0,0.0,0.0,,,,0.0,0.0,,0.0,,0.0,,0.0,,,0.0,,,,,0.0,,0.0,0.009475049562752247,0.0,,0.0,0.0,0.0006172159337438643,,0.011276694014668465,0.0,,0.0,0.008886725641787052,0.0,,,0.0,,0.01935204491019249,0.0,0.0,,0.0,0.0019069688860327005,,,,0.0,0.0,0.0,0.0,0.0,7.387471123365685e-05,,,,0.007764055393636227,0.0,,0.0,,0.0,0.0,0.0,0.0,,,0.0,0.0,,,0.0,,0.0,,0.0,0.0,0.0,0.0,0.0,0.0,0.0,,0.0,0.010640541091561317,0.0,0.0,0.0,,,0.0,0.0,0.0,0.0,0.004161264281719923,0.0073729087598621845,,,,0.007771022617816925,0.0,0.0,0.0,,,0.008342444896697998,0.0,0.0,,0.0,,,,,0.0,0.013751369901001453,0.0,,0.0,,,0.0,,0.006028351373970509,0.0,0.0,0.0,,0.006963010877370834,0.0,,0.0,0.0,0.0,0.0,0.0,,0.0025301980786025524,0.0,0.0,,0.0,0.0,0.0,0.0,0.0,0.0,0.0,,0.0009805925656110048,0.0,0.0,0.007419695612043142,0.0,0.0,0.0,,0.0,0.0,0.0,0.010489208623766899,0.0,0.0,0.0,0.0,0.0,0.0,0.00028485566144809127,0.0,0.0,0.0,,0.0,0.0,0.0,0.0,0.0,0.0,0.0,0.0,0.0,0.004446286242455244,0.0,0.0,0.0,,0.0,0.006903916597366333,,0.0032303640618920326,0.0,0.0,0.0,0.0,0.0,0.007855664007365704,0.0,0.0,0.0,0.011428353376686573,0.0,0.014265907928347588,0.0,0.0,0.0,0.0,0.0,0.0,0.0,0.0,0.0,0.0,0.0,0.0,0.0071387211792171,0.0,0.0,0.0,0.010663309134542942,0.009583434090018272,0.0,0.00991410668939352,0.0,0.0,0.0,0.019269602373242378,0.0,0.0,0.0,0.0,0.0,0.0,0.0,0.0,0.004451911896467209,0.0,0.0,0.0,0.0,0.0,0.015617968514561653,0.0,0.008543897420167923,0.0,0.0,0.017431413754820824,0.0,0.0,0.0,0.0,0.0,0.011158911511301994,0.0,0.006921166554093361,0.0,0.013884417712688446,0.0,0.0,0.0,0.0,0.0,0.017269155010581017,0.0,0.00583390099927783,0.0,0.0,,,,,,,,,,,,,,,,,,,,,,,,,,,,,,,,,,,,,,,,,,,,,,,,,,,,,,,,,,,,,,,,,,,,,,,,,,,,,,,,,,,,,,,,,,,,,,,,,,,,,,,,,,,,,,,,,,,,,,,,,,,,,,
2021-06-24,760308.487832619,235.49532275306456,,,,,,,,,,,76494.84123570709,,1039061.7711000025,,,,,,,,,,,,,,,,,,,,,,,,,,,,,,,,,,,,,,,,,,,3962.364019737361,,,,,,,,,,,,,,,,,,,,,,14299.49183426924,9601.404562693928,3560.2355437396636,7421.891063893989,7765.152967988813,54914.388326031105,24225.814525878246,5473.94290152051,32566.660987848907,,,,,,,,,,,,,,,,,,,,,,,,,,,,,,,,,,,,0.007672586012631655,0.0,0.0,0.01092440728098154,0.0,0.0,0.0,0.0,0.0,0.0,0.0,0.0,0.0,0.0,0.0,0.0,,0.0,,0.0,,0.0,0.0,0.0,0.010507198981940746,0.0,,0.0,0.0,0.010712611488997936,0.0,0.012846814468502998,0.0,,0.0,,,,0.0,0.0,0.0,,0.0,0.0,0.0012285824632272124,0.009027548134326935,0.0,,,0.0,,0.0,0.0,0.0,0.0,0.0,0.0,0.0,0.0,0.006439491640776396,0.015234255231916904,0.0,0.0,0.0,,0.011381476186215878,0.0,0.0,0.0,0.015055594965815544,,0.0005889178719371557,0.0,,0.0,0.0,0.0,0.0,,0.0,0.0,0.0,,0.0,,0.0,0.0,,0.0,,0.0,0.0,0.0030229962430894375,0.01743323914706707,0.0,0.012673601508140564,0.0,0.016194811090826988,0.0,,,0.009300514124333858,0.0,,,,,0.0,0.0,0.0,0.0,0.0,0.0,0.0,0.0,0.0,,0.012146583758294582,0.0019998527131974697,0.0,,0.019029388204216957,0.0,0.0015352413756772876,0.0,0.0,0.0,,0.002669151872396469,,0.014855947345495224,0.0,0.0,0.01175154373049736,,0.0,0.0,,0.0,0.0,0.0,0.0,0.0,0.0001421356719220057,0.0011042432161048055,0.0,0.0,0.0046468619257211685,0.003770541399717331,0.0,0.0012880248250439763,,0.02132318913936615,0.0,0.004850889090448618,0.0,,0.0,0.007785265799611807,0.0,0.0,0.0,0.0,0.0061191171407699585,0.0,0.0,0.0,,0.015078713186085224,0.0,0.0,,,,0.006918592378497124,0.002163069089874625,,0.0,0.0,0.0,0.0,,0.0,,0.0,0.0,0.013318006880581379,0.0,0.0,0.0,,,,0.0,0.01897398941218853,0.0,0.0,0.0,,0.0,0.008289680816233158,0.007186546456068754,0.0,,0.0,0.015495573170483112,0.0,0.0,0.0,,0.002988440217450261,0.0071138362400233746,0.006663523148745298,0.0,,0.0029522741679102182,0.007444577291607857,0.00870683416724205,0.0,0.015951599925756454,0.0,,0.0,0.0,0.0,0.0,0.0,0.0,,0.0,,0.005740217864513397,0.007723913062363863,0.0016765532782301307,0.0,0.0,0.0,0.0,,0.0,0.011521018110215664,0.0028374833054840565,,,0.0,0.0,0.0,0.0,0.0,0.0,0.0,0.0,0.0,,0.0,0.0,0.0014217449352145195,,0.0,0.0,0.0,0.015036061406135559,0.0,0.0,0.0,,,0.0,0.002523822244256735,0.0,0.0,0.0,,0.012212172150611877,,0.010441260412335396,0.0,,0.0,0.0001980172237381339,0.0,0.0,,,0.0,0.009777898900210857,,0.011562291532754898,0.0,,,0.0,0.021612513810396194,0.0,0.0,0.0,0.0,0.0,,,0.0,0.0,0.0,0.0,0.0,,,0.0,0.0,0.0,,0.0,0.0,,0.0,0.0,0.010721533559262753,,0.0,0.0,0.0,0.0,,0.0,0.0,,0.0,0.0,0.0,0.000222572882194072,0.004138255026191473,0.0,0.0,0.0,0.0,0.0,0.0,0.0,0.0,,0.01636638306081295,,0.0,0.013081780634820461,0.00596213573589921,0.0,0.0,0.0,0.00783260352909565,0.013072560541331768,0.0,0.01504174992442131,0.0,,0.0,,0.0,0.007702955510467291,0.0,,0.0,0.0,0.0,0.0064319828525185585,0.0,0.0,0.0,0.0,0.006455377209931612,0.002276746090501547,0.0,,,0.0,0.0,0.0,,,,0.0,0.0,,0.0,,0.0,,0.0,,,0.0,,,,,0.0,,0.0,0.009475049562752247,0.0,,0.0,0.0,0.0006172159337438643,,0.011276694014668465,0.0,,0.0,0.008886725641787052,0.0,,,0.0,,0.01935204491019249,0.0,0.0,,0.0,0.0019069688860327005,,,,0.0,0.0,0.0,0.0,0.0,7.387471123365685e-05,,,,0.007764055393636227,0.0,,0.0,,0.0,0.0,0.0,0.0,,,0.0,0.0,,,0.0,,0.0,,0.0,0.0,0.0,0.0,0.0,0.0,0.0,,0.0,0.010640541091561317,0.0,0.0,0.0,,,0.0,0.0,0.0,0.0,0.004161264281719923,0.0073729087598621845,,,,0.007771022617816925,0.0,0.0,0.0,,,0.008342444896697998,0.0,0.0,,0.0,,,,,0.0,0.013751369901001453,0.0,,0.0,,,0.0,,0.006028351373970509,0.0,0.0,0.0,,0.006963010877370834,0.0,,0.0,0.0,0.0,0.0,0.0,,0.0025301980786025524,0.0,0.0,,0.0,0.0,0.0,0.0,0.0,0.0,0.0,,0.0009805925656110048,0.0,0.0,0.007419695612043142,0.0,0.0,0.0,,0.0,0.0,0.0,0.010489208623766899,0.0,0.0,0.0,0.0,0.0,0.0,0.00028485566144809127,0.0,0.0,0.0,,0.0,0.0,0.0,0.0,0.0,0.0,0.0,0.0,0.0,0.004446286242455244,0.0,0.0,0.0,,0.0,0.006903916597366333,,0.0032303640618920326,0.0,0.0,0.0,0.0,0.0,0.007855664007365704,0.0,0.0,0.0,0.011428353376686573,0.0,0.014265907928347588,0.0,0.0,0.0,0.0,0.0,0.0,0.0,0.0,0.0,0.0,0.0,0.0,0.0071387211792171,0.0,0.0,0.0,0.010663309134542942,0.009583434090018272,0.0,0.00991410668939352,0.0,0.0,0.0,0.019269602373242378,0.0,0.0,0.0,0.0,0.0,0.0,0.0,0.0,0.004451911896467209,0.0,0.0,0.0,0.0,0.0,0.015617968514561653,0.0,0.008543897420167923,0.0,0.0,0.017431413754820824,0.0,0.0,0.0,0.0,0.0,0.011158911511301994,0.0,0.006921166554093361,0.0,0.013884417712688446,0.0,0.0,0.0,0.0,0.0,0.017269155010581017,0.0,0.00583390099927783,0.0,0.0,,,,,,,,,,,,,,,,,,,,,,,,,,,,,,,,,,,,,,,,,,,,,,,,,,,,,,,,,,,,,,,,,,,,,,,,,,,,,,,,,,,,,,,,,,,,,,,,,,,,,,,,,,,,,,,,,,,,,,,,,,,,,,
2021-06-25,766275.5994875428,235.1467350332645,,,,,,,,,,,76494.84123570709,,1039061.7711000025,,,,,,,,,,,,,,,,,,,,,,,,,,,,,,,,,,,,,,,,,,,3962.364019737361,,,,,,,,,,,,,,,,,,,,,,14299.49183426924,9601.404562693928,3560.2355437396636,7421.891063893989,7765.188908325814,54914.388326031105,24225.814525878246,5473.94290152051,32566.660987848907,,,,,,,,,,,,,,,,,,,,,,,,,,,,,,,,,,,,0.007672586012631655,0.0,0.0,0.01092440728098154,0.0,0.0,0.0,0.0,0.0,0.0,0.0,0.0,0.0,0.0,0.0,0.0,,0.0,,0.0,,0.0,0.0,0.0,0.010507198981940746,0.0,,0.0,0.0,0.010712611488997936,0.0,0.012846814468502998,0.0,,0.0,,,,0.0,0.0,0.0,,0.0,0.0,0.0012285824632272124,0.009027548134326935,0.0,,,0.0,,0.0,0.0,0.0,0.0,0.0,0.0,0.0,0.0,0.006439491640776396,0.015234255231916904,0.0,0.0,0.0,,0.011381476186215878,0.0,0.0,0.0,0.015055594965815544,,0.0005889178719371557,0.0,,0.0,0.0,0.0,0.0,,0.0,0.0,0.0,,0.0,,0.0,0.0,,0.0,,0.0,0.0,0.0030229962430894375,0.01743323914706707,0.0,0.012673601508140564,0.0,0.016194811090826988,0.0,,,0.009300514124333858,0.0,,,,,0.0,0.0,0.0,0.0,0.0,0.0,0.0,0.0,0.0,,0.012146583758294582,0.0019998527131974697,0.0,,0.019029388204216957,0.0,0.0015352413756772876,0.0,0.0,0.0,,0.002669151872396469,,0.014855947345495224,0.0,0.0,0.01175154373049736,,0.0,0.0,,0.0,0.0,0.0,0.0,0.0,0.0001421356719220057,0.0011042432161048055,0.0,0.0,0.0046468619257211685,0.003770541399717331,0.0,0.0012880248250439763,,0.02132318913936615,0.0,0.004850889090448618,0.0,,0.0,0.007785265799611807,0.0,0.0,0.0,0.0,0.0061191171407699585,0.0,0.0,0.0,,0.015078713186085224,0.0,0.0,,,,0.006918592378497124,0.002163069089874625,,0.0,0.0,0.0,0.0,,0.0,,0.0,0.0,0.013318006880581379,0.0,0.0,0.0,,,,0.0,0.01897398941218853,0.0,0.0,0.0,,0.0,0.008289680816233158,0.007186546456068754,0.0,,0.0,0.015495573170483112,0.0,0.0,0.0,,0.002988440217450261,0.0071138362400233746,0.006663523148745298,0.0,,0.0029522741679102182,0.007444577291607857,0.00870683416724205,0.0,0.015951599925756454,0.0,,0.0,0.0,0.0,0.0,0.0,0.0,,0.0,,0.005740217864513397,0.007723913062363863,0.0016765532782301307,0.0,0.0,0.0,0.0,,0.0,0.011521018110215664,0.0028374833054840565,,,0.0,0.0,0.0,0.0,0.0,0.0,0.0,0.0,0.0,,0.0,0.0,0.0014217449352145195,,0.0,0.0,0.0,0.015036061406135559,0.0,0.0,0.0,,,0.0,0.002523822244256735,0.0,0.0,0.0,,0.012212172150611877,,0.010441260412335396,0.0,,0.0,0.0001980172237381339,0.0,0.0,,,0.0,0.009777898900210857,,0.011562291532754898,0.0,,,0.0,0.021612513810396194,0.0,0.0,0.0,0.0,0.0,,,0.0,0.0,0.0,0.0,0.0,,,0.0,0.0,0.0,,0.0,0.0,,0.0,0.0,0.010721533559262753,,0.0,0.0,0.0,0.0,,0.0,0.0,,0.0,0.0,0.0,0.000222572882194072,0.004138255026191473,0.0,0.0,0.0,0.0,0.0,0.0,0.0,0.0,,0.01636638306081295,,0.0,0.013081780634820461,0.00596213573589921,0.0,0.0,0.0,0.00783260352909565,0.013072560541331768,0.0,0.01504174992442131,0.0,,0.0,,0.0,0.007702955510467291,0.0,,0.0,0.0,0.0,0.0064319828525185585,0.0,0.0,0.0,0.0,0.006455377209931612,0.002276746090501547,0.0,,,0.0,0.0,0.0,,,,0.0,0.0,,0.0,,0.0,,0.0,,,0.0,,,,,0.0,,0.0,0.009475049562752247,0.0,,0.0,0.0,0.0006172159337438643,,0.011276694014668465,0.0,,0.0,0.008886725641787052,0.0,,,0.0,,0.01935204491019249,0.0,0.0,,0.0,0.0019069688860327005,,,,0.0,0.0,0.0,0.0,0.0,7.387471123365685e-05,,,,0.007764055393636227,0.0,,0.0,,0.0,0.0,0.0,0.0,,,0.0,0.0,,,0.0,,0.0,,0.0,0.0,0.0,0.0,0.0,0.0,0.0,,0.0,0.010640541091561317,0.0,0.0,0.0,,,0.0,0.0,0.0,0.0,0.004161264281719923,0.0073729087598621845,,,,0.007771022617816925,0.0,0.0,0.0,,,0.008342444896697998,0.0,0.0,,0.0,,,,,0.0,0.013751369901001453,0.0,,0.0,,,0.0,,0.006028351373970509,0.0,0.0,0.0,,0.006963010877370834,0.0,,0.0,0.0,0.0,0.0,0.0,,0.0025301980786025524,0.0,0.0,,0.0,0.0,0.0,0.0,0.0,0.0,0.0,,0.0009805925656110048,0.0,0.0,0.007419695612043142,0.0,0.0,0.0,,0.0,0.0,0.0,0.010489208623766899,0.0,0.0,0.0,0.0,0.0,0.0,0.00028485566144809127,0.0,0.0,0.0,,0.0,0.0,0.0,0.0,0.0,0.0,0.0,0.0,0.0,0.004446286242455244,0.0,0.0,0.0,,0.0,0.006903916597366333,,0.0032303640618920326,0.0,0.0,0.0,0.0,0.0,0.007855664007365704,0.0,0.0,0.0,0.011428353376686573,0.0,0.014265907928347588,0.0,0.0,0.0,0.0,0.0,0.0,0.0,0.0,0.0,0.0,0.0,0.0,0.0071387211792171,0.0,0.0,0.0,0.010663309134542942,0.009583434090018272,0.0,0.00991410668939352,0.0,0.0,0.0,0.019269602373242378,0.0,0.0,0.0,0.0,0.0,0.0,0.0,0.0,0.004451911896467209,0.0,0.0,0.0,0.0,0.0,0.015617968514561653,0.0,0.008543897420167923,0.0,0.0,0.017431413754820824,0.0,0.0,0.0,0.0,0.0,0.011158911511301994,0.0,0.006921166554093361,0.0,0.013884417712688446,0.0,0.0,0.0,0.0,0.0,0.017269155010581017,0.0,0.00583390099927783,0.0,0.0,,,,,,,,,,,,,,,,,,,,,,,,,,,,,,,,,,,,,,,,,,,,,,,,,,,,,,,,,,,,,,,,,,,,,,,,,,,,,,,,,,,,,,,,,,,,,,,,,,,,,,,,,,,,,,,,,,,,,,,,,,,,,,
2021-06-28,773852.3815968576,235.5357402170534,,,,,,,,,,,76494.84123570709,,1039061.7711000025,,,,,,,,,,,,,,,,,,,,,,,,,,,,,,,,,,,,,,,,,,,3962.364019737361,,,,,,,,,,,,,,,,,,,,,,14299.49183426924,9601.404562693928,3560.2355437396636,7421.891063893989,7765.147913905604,54914.388326031105,24225.814525878246,5473.94290152051,32566.660987848907,,,,,,,,,,,,,,,,,,,,,,,,,,,,,,,,,,,,0.007672586012631655,0.0,0.0,0.01092440728098154,0.0,0.0,0.0,0.0,0.0,0.0,0.0,0.0,0.0,0.0,0.0,0.0,,0.0,,0.0,,0.0,0.0,0.0,0.010507198981940746,0.0,,0.0,0.0,0.010712611488997936,0.0,0.012846814468502998,0.0,,0.0,,,,0.0,0.0,0.0,,0.0,0.0,0.0012285824632272124,0.009027548134326935,0.0,,,0.0,,0.0,0.0,0.0,0.0,0.0,0.0,0.0,0.0,0.006439491640776396,0.015234255231916904,0.0,0.0,0.0,,0.011381476186215878,0.0,0.0,0.0,0.015055594965815544,,0.0005889178719371557,0.0,,0.0,0.0,0.0,0.0,,0.0,0.0,0.0,,0.0,,0.0,0.0,,0.0,,0.0,0.0,0.0030229962430894375,0.01743323914706707,0.0,0.012673601508140564,0.0,0.016194811090826988,0.0,,,0.009300514124333858,0.0,,,,,0.0,0.0,0.0,0.0,0.0,0.0,0.0,0.0,0.0,,0.012146583758294582,0.0019998527131974697,0.0,,0.019029388204216957,0.0,0.0015352413756772876,0.0,0.0,0.0,,0.002669151872396469,,0.014855947345495224,0.0,0.0,0.01175154373049736,,0.0,0.0,,0.0,0.0,0.0,0.0,0.0,0.0001421356719220057,0.0011042432161048055,0.0,0.0,0.0046468619257211685,0.003770541399717331,0.0,0.0012880248250439763,,0.02132318913936615,0.0,0.004850889090448618,0.0,,0.0,0.007785265799611807,0.0,0.0,0.0,0.0,0.0061191171407699585,0.0,0.0,0.0,,0.015078713186085224,0.0,0.0,,,,0.006918592378497124,0.002163069089874625,,0.0,0.0,0.0,0.0,,0.0,,0.0,0.0,0.013318006880581379,0.0,0.0,0.0,,,,0.0,0.01897398941218853,0.0,0.0,0.0,,0.0,0.008289680816233158,0.007186546456068754,0.0,,0.0,0.015495573170483112,0.0,0.0,0.0,,0.002988440217450261,0.0071138362400233746,0.006663523148745298,0.0,,0.0029522741679102182,0.007444577291607857,0.00870683416724205,0.0,0.015951599925756454,0.0,,0.0,0.0,0.0,0.0,0.0,0.0,,0.0,,0.005740217864513397,0.007723913062363863,0.0016765532782301307,0.0,0.0,0.0,0.0,,0.0,0.011521018110215664,0.0028374833054840565,,,0.0,0.0,0.0,0.0,0.0,0.0,0.0,0.0,0.0,,0.0,0.0,0.0014217449352145195,,0.0,0.0,0.0,0.015036061406135559,0.0,0.0,0.0,,,0.0,0.002523822244256735,0.0,0.0,0.0,,0.012212172150611877,,0.010441260412335396,0.0,,0.0,0.0001980172237381339,0.0,0.0,,,0.0,0.009777898900210857,,0.011562291532754898,0.0,,,0.0,0.021612513810396194,0.0,0.0,0.0,0.0,0.0,,,0.0,0.0,0.0,0.0,0.0,,,0.0,0.0,0.0,,0.0,0.0,,0.0,0.0,0.010721533559262753,,0.0,0.0,0.0,0.0,,0.0,0.0,,0.0,0.0,0.0,0.000222572882194072,0.004138255026191473,0.0,0.0,0.0,0.0,0.0,0.0,0.0,0.0,,0.01636638306081295,,0.0,0.013081780634820461,0.00596213573589921,0.0,0.0,0.0,0.00783260352909565,0.013072560541331768,0.0,0.01504174992442131,0.0,,0.0,,0.0,0.007702955510467291,0.0,,0.0,0.0,0.0,0.0064319828525185585,0.0,0.0,0.0,0.0,0.006455377209931612,0.002276746090501547,0.0,,,0.0,0.0,0.0,,,,0.0,0.0,,0.0,,0.0,,0.0,,,0.0,,,,,0.0,,0.0,0.009475049562752247,0.0,,0.0,0.0,0.0006172159337438643,,0.011276694014668465,0.0,,0.0,0.008886725641787052,0.0,,,0.0,,0.01935204491019249,0.0,0.0,,0.0,0.0019069688860327005,,,,0.0,0.0,0.0,0.0,0.0,7.387471123365685e-05,,,,0.007764055393636227,0.0,,0.0,,0.0,0.0,0.0,0.0,,,0.0,0.0,,,0.0,,0.0,,0.0,0.0,0.0,0.0,0.0,0.0,0.0,,0.0,0.010640541091561317,0.0,0.0,0.0,,,0.0,0.0,0.0,0.0,0.004161264281719923,0.0073729087598621845,,,,0.007771022617816925,0.0,0.0,0.0,,,0.008342444896697998,0.0,0.0,,0.0,,,,,0.0,0.013751369901001453,0.0,,0.0,,,0.0,,0.006028351373970509,0.0,0.0,0.0,,0.006963010877370834,0.0,,0.0,0.0,0.0,0.0,0.0,,0.0025301980786025524,0.0,0.0,,0.0,0.0,0.0,0.0,0.0,0.0,0.0,,0.0009805925656110048,0.0,0.0,0.007419695612043142,0.0,0.0,0.0,,0.0,0.0,0.0,0.010489208623766899,0.0,0.0,0.0,0.0,0.0,0.0,0.00028485566144809127,0.0,0.0,0.0,,0.0,0.0,0.0,0.0,0.0,0.0,0.0,0.0,0.0,0.004446286242455244,0.0,0.0,0.0,,0.0,0.006903916597366333,,0.0032303640618920326,0.0,0.0,0.0,0.0,0.0,0.007855664007365704,0.0,0.0,0.0,0.011428353376686573,0.0,0.014265907928347588,0.0,0.0,0.0,0.0,0.0,0.0,0.0,0.0,0.0,0.0,0.0,0.0,0.0071387211792171,0.0,0.0,0.0,0.010663309134542942,0.009583434090018272,0.0,0.00991410668939352,0.0,0.0,0.0,0.019269602373242378,0.0,0.0,0.0,0.0,0.0,0.0,0.0,0.0,0.004451911896467209,0.0,0.0,0.0,0.0,0.0,0.015617968514561653,0.0,0.008543897420167923,0.0,0.0,0.017431413754820824,0.0,0.0,0.0,0.0,0.0,0.011158911511301994,0.0,0.006921166554093361,0.0,0.013884417712688446,0.0,0.0,0.0,0.0,0.0,0.017269155010581017,0.0,0.00583390099927783,0.0,0.0,,,,,,,,,,,,,,,,,,,,,,,,,,,,,,,,,,,,,,,,,,,,,,,,,,,,,,,,,,,,,,,,,,,,,,,,,,,,,,,,,,,,,,,,,,,,,,,,,,,,,,,,,,,,,,,,,,,,,,,,,,,,,,
2021-06-29,774585.2814030381,237.34299976418157,,,,,,,,,,,76494.84123570709,,1039061.7711000025,,,,,,,,,,,,,,,,,,,,,,,,,,,,,,,,,,,,,,,,,,,3962.364019737361,,,,,,,,,,,,,,,,,,,,,,14299.49183426924,9601.404562693928,3560.2355437396636,7421.891063893989,7764.9626020643855,54914.388326031105,24225.814525878246,5473.94290152051,32566.660987848907,,,,,,,,,,,,,,,,,,,,,,,,,,,,,,,,,,,,0.007672586012631655,0.0,0.0,0.01092440728098154,0.0,0.0,0.0,0.0,0.0,0.0,0.0,0.0,0.0,0.0,0.0,0.0,,0.0,,0.0,,0.0,0.0,0.0,0.010507198981940746,0.0,,0.0,0.0,0.010712611488997936,0.0,0.012846814468502998,0.0,,0.0,,,,0.0,0.0,0.0,,0.0,0.0,0.0012285824632272124,0.009027548134326935,0.0,,,0.0,,0.0,0.0,0.0,0.0,0.0,0.0,0.0,0.0,0.006439491640776396,0.015234255231916904,0.0,0.0,0.0,,0.011381476186215878,0.0,0.0,0.0,0.015055594965815544,,0.0005889178719371557,0.0,,0.0,0.0,0.0,0.0,,0.0,0.0,0.0,,0.0,,0.0,0.0,,0.0,,0.0,0.0,0.0030229962430894375,0.01743323914706707,0.0,0.012673601508140564,0.0,0.016194811090826988,0.0,,,0.009300514124333858,0.0,,,,,0.0,0.0,0.0,0.0,0.0,0.0,0.0,0.0,0.0,,0.012146583758294582,0.0019998527131974697,0.0,,0.019029388204216957,0.0,0.0015352413756772876,0.0,0.0,0.0,,0.002669151872396469,,0.014855947345495224,0.0,0.0,0.01175154373049736,,0.0,0.0,,0.0,0.0,0.0,0.0,0.0,0.0001421356719220057,0.0011042432161048055,0.0,0.0,0.0046468619257211685,0.003770541399717331,0.0,0.0012880248250439763,,0.02132318913936615,0.0,0.004850889090448618,0.0,,0.0,0.007785265799611807,0.0,0.0,0.0,0.0,0.0061191171407699585,0.0,0.0,0.0,,0.015078713186085224,0.0,0.0,,,,0.006918592378497124,0.002163069089874625,,0.0,0.0,0.0,0.0,,0.0,,0.0,0.0,0.013318006880581379,0.0,0.0,0.0,,,,0.0,0.01897398941218853,0.0,0.0,0.0,,0.0,0.008289680816233158,0.007186546456068754,0.0,,0.0,0.015495573170483112,0.0,0.0,0.0,,0.002988440217450261,0.0071138362400233746,0.006663523148745298,0.0,,0.0029522741679102182,0.007444577291607857,0.00870683416724205,0.0,0.015951599925756454,0.0,,0.0,0.0,0.0,0.0,0.0,0.0,,0.0,,0.005740217864513397,0.007723913062363863,0.0016765532782301307,0.0,0.0,0.0,0.0,,0.0,0.011521018110215664,0.0028374833054840565,,,0.0,0.0,0.0,0.0,0.0,0.0,0.0,0.0,0.0,,0.0,0.0,0.0014217449352145195,,0.0,0.0,0.0,0.015036061406135559,0.0,0.0,0.0,,,0.0,0.002523822244256735,0.0,0.0,0.0,,0.012212172150611877,,0.010441260412335396,0.0,,0.0,0.0001980172237381339,0.0,0.0,,,0.0,0.009777898900210857,,0.011562291532754898,0.0,,,0.0,0.021612513810396194,0.0,0.0,0.0,0.0,0.0,,,0.0,0.0,0.0,0.0,0.0,,,0.0,0.0,0.0,,0.0,0.0,,0.0,0.0,0.010721533559262753,,0.0,0.0,0.0,0.0,,0.0,0.0,,0.0,0.0,0.0,0.000222572882194072,0.004138255026191473,0.0,0.0,0.0,0.0,0.0,0.0,0.0,0.0,,0.01636638306081295,,0.0,0.013081780634820461,0.00596213573589921,0.0,0.0,0.0,0.00783260352909565,0.013072560541331768,0.0,0.01504174992442131,0.0,,0.0,,0.0,0.007702955510467291,0.0,,0.0,0.0,0.0,0.0064319828525185585,0.0,0.0,0.0,0.0,0.006455377209931612,0.002276746090501547,0.0,,,0.0,0.0,0.0,,,,0.0,0.0,,0.0,,0.0,,0.0,,,0.0,,,,,0.0,,0.0,0.009475049562752247,0.0,,0.0,0.0,0.0006172159337438643,,0.011276694014668465,0.0,,0.0,0.008886725641787052,0.0,,,0.0,,0.01935204491019249,0.0,0.0,,0.0,0.0019069688860327005,,,,0.0,0.0,0.0,0.0,0.0,7.387471123365685e-05,,,,0.007764055393636227,0.0,,0.0,,0.0,0.0,0.0,0.0,,,0.0,0.0,,,0.0,,0.0,,0.0,0.0,0.0,0.0,0.0,0.0,0.0,,0.0,0.010640541091561317,0.0,0.0,0.0,,,0.0,0.0,0.0,0.0,0.004161264281719923,0.0073729087598621845,,,,0.007771022617816925,0.0,0.0,0.0,,,0.008342444896697998,0.0,0.0,,0.0,,,,,0.0,0.013751369901001453,0.0,,0.0,,,0.0,,0.006028351373970509,0.0,0.0,0.0,,0.006963010877370834,0.0,,0.0,0.0,0.0,0.0,0.0,,0.0025301980786025524,0.0,0.0,,0.0,0.0,0.0,0.0,0.0,0.0,0.0,,0.0009805925656110048,0.0,0.0,0.007419695612043142,0.0,0.0,0.0,,0.0,0.0,0.0,0.010489208623766899,0.0,0.0,0.0,0.0,0.0,0.0,0.00028485566144809127,0.0,0.0,0.0,,0.0,0.0,0.0,0.0,0.0,0.0,0.0,0.0,0.0,0.004446286242455244,0.0,0.0,0.0,,0.0,0.006903916597366333,,0.0032303640618920326,0.0,0.0,0.0,0.0,0.0,0.007855664007365704,0.0,0.0,0.0,0.011428353376686573,0.0,0.014265907928347588,0.0,0.0,0.0,0.0,0.0,0.0,0.0,0.0,0.0,0.0,0.0,0.0,0.0071387211792171,0.0,0.0,0.0,0.010663309134542942,0.009583434090018272,0.0,0.00991410668939352,0.0,0.0,0.0,0.019269602373242378,0.0,0.0,0.0,0.0,0.0,0.0,0.0,0.0,0.004451911896467209,0.0,0.0,0.0,0.0,0.0,0.015617968514561653,0.0,0.008543897420167923,0.0,0.0,0.017431413754820824,0.0,0.0,0.0,0.0,0.0,0.011158911511301994,0.0,0.006921166554093361,0.0,0.013884417712688446,0.0,0.0,0.0,0.0,0.0,0.017269155010581017,0.0,0.00583390099927783,0.0,0.0,,,,,,,,,,,,,,,,,,,,,,,,,,,,,,,,,,,,,,,,,,,,,,,,,,,,,,,,,,,,,,,,,,,,,,,,,,,,,,,,,,,,,,,,,,,,,,,,,,,,,,,,,,,,,,,,,,,,,,,,,,,,,,
2021-06-30,787848.6069162992,420.32720322794626,,,,,,,,,,,76494.84123570709,,1039061.7711000025,,,,,,,,,,,,,,,,,,,,,,,,,,,,,,,,,,,,,,,,,,,3947.9917553759133,,,,,,,,,,,,,,,,,,,,,,14299.49183426924,9601.404562693928,3560.2355437396636,7421.891063893989,7764.808182286325,54103.547743344185,24663.15470599846,5473.94290152051,32566.660987848907,,,,,,,,,,,,,,,,,,,,,,,,,,,,,,,,,,,,0.007672586012631655,0.0,0.0,0.01092440728098154,0.0,0.0,0.0,0.0,0.0,0.0,0.0,0.0,0.0,0.0,0.0,0.0,,0.0,,0.0,,0.0,0.0,0.0,0.010507198981940746,0.0,,0.0,0.0,0.010712611488997936,0.0,0.012846814468502998,0.0,,0.0,,,,0.0,0.0,0.0,,0.0,0.0,0.0012285824632272124,0.009027548134326935,0.0,,,0.0,,0.0,0.0,0.0,0.0,0.0,0.0,0.0,0.0,0.006439491640776396,0.015234255231916904,0.0,0.0,0.0,,0.011381476186215878,0.0,0.0,0.0,0.015055594965815544,,0.0005889178719371557,0.0,,0.0,0.0,0.0,0.0,,0.0,0.0,0.0,,0.0,,0.0,0.0,,0.0,,0.0,0.0,0.0030229962430894375,0.01743323914706707,0.0,0.012673601508140564,0.0,0.016194811090826988,0.0,,,0.009300514124333858,0.0,,,,,0.0,0.0,0.0,0.0,0.0,0.0,0.0,0.0,0.0,,0.012146583758294582,0.0019998527131974697,0.0,,0.019029388204216957,0.0,0.0015352413756772876,0.0,0.0,0.0,,0.002669151872396469,,0.014855947345495224,0.0,0.0,0.01175154373049736,,0.0,0.0,,0.0,0.0,0.0,0.0,0.0,0.0001421356719220057,0.0011042432161048055,0.0,0.0,0.0046468619257211685,0.003770541399717331,0.0,0.0012880248250439763,,0.02132318913936615,0.0,0.004850889090448618,0.0,,0.0,0.007785265799611807,0.0,0.0,0.0,0.0,0.0061191171407699585,0.0,0.0,0.0,,0.015078713186085224,0.0,0.0,,,,0.006918592378497124,0.002163069089874625,,0.0,0.0,0.0,0.0,,0.0,,0.0,0.0,0.013318006880581379,0.0,0.0,0.0,,,,0.0,0.01897398941218853,0.0,0.0,0.0,,0.0,0.008289680816233158,0.007186546456068754,0.0,,0.0,0.015495573170483112,0.0,0.0,0.0,,0.002988440217450261,0.0071138362400233746,0.006663523148745298,0.0,,0.0029522741679102182,0.007444577291607857,0.00870683416724205,0.0,0.015951599925756454,0.0,,0.0,0.0,0.0,0.0,0.0,0.0,,0.0,,0.005740217864513397,0.007723913062363863,0.0016765532782301307,0.0,0.0,0.0,0.0,,0.0,0.011521018110215664,0.0028374833054840565,,,0.0,0.0,0.0,0.0,0.0,0.0,0.0,0.0,0.0,,0.0,0.0,0.0014217449352145195,,0.0,0.0,0.0,0.015036061406135559,0.0,0.0,0.0,,,0.0,0.002523822244256735,0.0,0.0,0.0,,0.012212172150611877,,0.010441260412335396,0.0,,0.0,0.0001980172237381339,0.0,0.0,,,0.0,0.009777898900210857,,0.011562291532754898,0.0,,,0.0,0.021612513810396194,0.0,0.0,0.0,0.0,0.0,,,0.0,0.0,0.0,0.0,0.0,,,0.0,0.0,0.0,,0.0,0.0,,0.0,0.0,0.010721533559262753,,0.0,0.0,0.0,0.0,,0.0,0.0,,0.0,0.0,0.0,0.000222572882194072,0.004138255026191473,0.0,0.0,0.0,0.0,0.0,0.0,0.0,0.0,,0.01636638306081295,,0.0,0.013081780634820461,0.00596213573589921,0.0,0.0,0.0,0.00783260352909565,0.013072560541331768,0.0,0.01504174992442131,0.0,,0.0,,0.0,0.007702955510467291,0.0,,0.0,0.0,0.0,0.0064319828525185585,0.0,0.0,0.0,0.0,0.006455377209931612,0.002276746090501547,0.0,,,0.0,0.0,0.0,,,,0.0,0.0,,0.0,,0.0,,0.0,,,0.0,,,,,0.0,,0.0,0.009475049562752247,0.0,,0.0,0.0,0.0006172159337438643,,0.011276694014668465,0.0,,0.0,0.008886725641787052,0.0,,,0.0,,0.01935204491019249,0.0,0.0,,0.0,0.0019069688860327005,,,,0.0,0.0,0.0,0.0,0.0,7.387471123365685e-05,,,,0.007764055393636227,0.0,,0.0,,0.0,0.0,0.0,0.0,,,0.0,0.0,,,0.0,,0.0,,0.0,0.0,0.0,0.0,0.0,0.0,0.0,,0.0,0.010640541091561317,0.0,0.0,0.0,,,0.0,0.0,0.0,0.0,0.004161264281719923,0.0073729087598621845,,,,0.007771022617816925,0.0,0.0,0.0,,,0.008342444896697998,0.0,0.0,,0.0,,,,,0.0,0.013751369901001453,0.0,,0.0,,,0.0,,0.006028351373970509,0.0,0.0,0.0,,0.006963010877370834,0.0,,0.0,0.0,0.0,0.0,0.0,,0.0025301980786025524,0.0,0.0,,0.0,0.0,0.0,0.0,0.0,0.0,0.0,,0.0009805925656110048,0.0,0.0,0.007419695612043142,0.0,0.0,0.0,,0.0,0.0,0.0,0.010489208623766899,0.0,0.0,0.0,0.0,0.0,0.0,0.00028485566144809127,0.0,0.0,0.0,,0.0,0.0,0.0,0.0,0.0,0.0,0.0,0.0,0.0,0.004446286242455244,0.0,0.0,0.0,,0.0,0.006903916597366333,,0.0032303640618920326,0.0,0.0,0.0,0.0,0.0,0.007855664007365704,0.0,0.0,0.0,0.011428353376686573,0.0,0.014265907928347588,0.0,0.0,0.0,0.0,0.0,0.0,0.0,0.0,0.0,0.0,0.0,0.0,0.0071387211792171,0.0,0.0,0.0,0.010663309134542942,0.009583434090018272,0.0,0.00991410668939352,0.0,0.0,0.0,0.019269602373242378,0.0,0.0,0.0,0.0,0.0,0.0,0.0,0.0,0.004451911896467209,0.0,0.0,0.0,0.0,0.0,0.015617968514561653,0.0,0.008543897420167923,0.0,0.0,0.017431413754820824,0.0,0.0,0.0,0.0,0.0,0.011158911511301994,0.0,0.006921166554093361,0.0,0.013884417712688446,0.0,0.0,0.0,0.0,0.0,0.017269155010581017,0.0,0.00583390099927783,0.0,0.0,,,,,,,,,,,,,,,,,,,,,,,,,,,,,,,,,,,,,,,,,,,,,,,,,,,,,,,,,,,,,,,,,,,,,,,,,,,,,,,,,,,,,,,,,,,,,,,,,,,,,,,,,,,,,,,,,,,,,,,,,,,,,,
2021-07-01,777198.8633594624,235.38337128077242,,,,,,,,,,,76494.84123570709,,1039061.7711000025,,,,,,,,,,,,,,,,,,,,,,,,,,,,,,,,,,,,,,,,,,,3948.122753808994,,,,,,,,,,,,,,,,,,,,,,14299.49183426924,9601.404562693928,3560.2355437396636,7421.891063893989,7765.181607917935,52520.386527161936,25537.626899475064,5473.94290152051,32566.660987848907,,,,,,,,,,,,,,,,,,,,,,,,,,,,,,,,,,,,0.007672586012631655,0.0,0.0,0.01092440728098154,0.0,0.0,0.0,0.0,0.0,0.0,0.0,0.0,0.0,0.0,0.0,0.0,,0.0,,0.0,,0.0,0.0,0.0,0.010507198981940746,0.0,,0.0,0.0,0.010712611488997936,0.0,0.012846814468502998,0.0,,0.0,,,,0.0,0.0,0.0,,0.0,0.0,0.0012285824632272124,0.009027548134326935,0.0,,,0.0,,0.0,0.0,0.0,0.0,0.0,0.0,0.0,0.0,0.006439491640776396,0.015234255231916904,0.0,0.0,0.0,,0.011381476186215878,0.0,0.0,0.0,0.015055594965815544,,0.0005889178719371557,0.0,,0.0,0.0,0.0,0.0,,0.0,0.0,0.0,,0.0,,0.0,0.0,,0.0,,0.0,0.0,0.0030229962430894375,0.01743323914706707,0.0,0.012673601508140564,0.0,0.016194811090826988,0.0,,,0.009300514124333858,0.0,,,,,0.0,0.0,0.0,0.0,0.0,0.0,0.0,0.0,0.0,,0.012146583758294582,0.0019998527131974697,0.0,,0.019029388204216957,0.0,0.0015352413756772876,0.0,0.0,0.0,,0.002669151872396469,,0.014855947345495224,0.0,0.0,0.01175154373049736,,0.0,0.0,,0.0,0.0,0.0,0.0,0.0,0.0001421356719220057,0.0011042432161048055,0.0,0.0,0.0046468619257211685,0.003770541399717331,0.0,0.0012880248250439763,,0.02132318913936615,0.0,0.004850889090448618,0.0,,0.0,0.007785265799611807,0.0,0.0,0.0,0.0,0.0061191171407699585,0.0,0.0,0.0,,0.015078713186085224,0.0,0.0,,,,0.006918592378497124,0.002163069089874625,,0.0,0.0,0.0,0.0,,0.0,,0.0,0.0,0.013318006880581379,0.0,0.0,0.0,,,,0.0,0.01897398941218853,0.0,0.0,0.0,,0.0,0.008289680816233158,0.007186546456068754,0.0,,0.0,0.015495573170483112,0.0,0.0,0.0,,0.002988440217450261,0.0071138362400233746,0.006663523148745298,0.0,,0.0029522741679102182,0.007444577291607857,0.00870683416724205,0.0,0.015951599925756454,0.0,,0.0,0.0,0.0,0.0,0.0,0.0,,0.0,,0.005740217864513397,0.007723913062363863,0.0016765532782301307,0.0,0.0,0.0,0.0,,0.0,0.011521018110215664,0.0028374833054840565,,,0.0,0.0,0.0,0.0,0.0,0.0,0.0,0.0,0.0,,0.0,0.0,0.0014217449352145195,,0.0,0.0,0.0,0.015036061406135559,0.0,0.0,0.0,,,0.0,0.002523822244256735,0.0,0.0,0.0,,0.012212172150611877,,0.010441260412335396,0.0,,0.0,0.0001980172237381339,0.0,0.0,,,0.0,0.009777898900210857,,0.011562291532754898,0.0,,,0.0,0.021612513810396194,0.0,0.0,0.0,0.0,0.0,,,0.0,0.0,0.0,0.0,0.0,,,0.0,0.0,0.0,,0.0,0.0,,0.0,0.0,0.010721533559262753,,0.0,0.0,0.0,0.0,,0.0,0.0,,0.0,0.0,0.0,0.000222572882194072,0.004138255026191473,0.0,0.0,0.0,0.0,0.0,0.0,0.0,0.0,,0.01636638306081295,,0.0,0.013081780634820461,0.00596213573589921,0.0,0.0,0.0,0.00783260352909565,0.013072560541331768,0.0,0.01504174992442131,0.0,,0.0,,0.0,0.007702955510467291,0.0,,0.0,0.0,0.0,0.0064319828525185585,0.0,0.0,0.0,0.0,0.006455377209931612,0.002276746090501547,0.0,,,0.0,0.0,0.0,,,,0.0,0.0,,0.0,,0.0,,0.0,,,0.0,,,,,0.0,,0.0,0.009475049562752247,0.0,,0.0,0.0,0.0006172159337438643,,0.011276694014668465,0.0,,0.0,0.008886725641787052,0.0,,,0.0,,0.01935204491019249,0.0,0.0,,0.0,0.0019069688860327005,,,,0.0,0.0,0.0,0.0,0.0,7.387471123365685e-05,,,,0.007764055393636227,0.0,,0.0,,0.0,0.0,0.0,0.0,,,0.0,0.0,,,0.0,,0.0,,0.0,0.0,0.0,0.0,0.0,0.0,0.0,,0.0,0.010640541091561317,0.0,0.0,0.0,,,0.0,0.0,0.0,0.0,0.004161264281719923,0.0073729087598621845,,,,0.007771022617816925,0.0,0.0,0.0,,,0.008342444896697998,0.0,0.0,,0.0,,,,,0.0,0.013751369901001453,0.0,,0.0,,,0.0,,0.006028351373970509,0.0,0.0,0.0,,0.006963010877370834,0.0,,0.0,0.0,0.0,0.0,0.0,,0.0025301980786025524,0.0,0.0,,0.0,0.0,0.0,0.0,0.0,0.0,0.0,,0.0009805925656110048,0.0,0.0,0.007419695612043142,0.0,0.0,0.0,,0.0,0.0,0.0,0.010489208623766899,0.0,0.0,0.0,0.0,0.0,0.0,0.00028485566144809127,0.0,0.0,0.0,,0.0,0.0,0.0,0.0,0.0,0.0,0.0,0.0,0.0,0.004446286242455244,0.0,0.0,0.0,,0.0,0.006903916597366333,,0.0032303640618920326,0.0,0.0,0.0,0.0,0.0,0.007855664007365704,0.0,0.0,0.0,0.011428353376686573,0.0,0.014265907928347588,0.0,0.0,0.0,0.0,0.0,0.0,0.0,0.0,0.0,0.0,0.0,0.0,0.0071387211792171,0.0,0.0,0.0,0.010663309134542942,0.009583434090018272,0.0,0.00991410668939352,0.0,0.0,0.0,0.019269602373242378,0.0,0.0,0.0,0.0,0.0,0.0,0.0,0.0,0.004451911896467209,0.0,0.0,0.0,0.0,0.0,0.015617968514561653,0.0,0.008543897420167923,0.0,0.0,0.017431413754820824,0.0,0.0,0.0,0.0,0.0,0.011158911511301994,0.0,0.006921166554093361,0.0,0.013884417712688446,0.0,0.0,0.0,0.0,0.0,0.017269155010581017,0.0,0.00583390099927783,0.0,0.0,,,,,,,,,,,,,,,,,,,,,,,,,,,,,,,,,,,,,,,,,,,,,,,,,,,,,,,,,,,,,,,,,,,,,,,,,,,,,,,,,,,,,,,,,,,,,,,,,,,,,,,,,,,,,,,,,,,,,,,,,,,,,,
2021-07-02,770256.8328627492,238.7334842772483,,,,,,,,,,,76494.84123570709,,1039061.7711000025,,,,,,,,,,,,,,,,,,,,,,,,,,,,,,,,,,,,,,,,,,,3948.122753808994,,,,,,,,,,,,,,,,,,,,,,14299.49183426924,9601.404562693928,3560.2355437396636,7421.891063893989,7764.827273853423,52520.386527161936,25537.626899475064,5473.94290152051,32566.660987848907,,,,,,,,,,,,,,,,,,,,,,,,,,,,,,,,,,,,0.007672586012631655,0.0,0.0,0.01092440728098154,0.0,0.0,0.0,0.0,0.0,0.0,0.0,0.0,0.0,0.0,0.0,0.0,,0.0,,0.0,,0.0,0.0,0.0,0.010507198981940746,0.0,,0.0,0.0,0.010712611488997936,0.0,0.012846814468502998,0.0,,0.0,,,,0.0,0.0,0.0,,0.0,0.0,0.0012285824632272124,0.009027548134326935,0.0,,,0.0,,0.0,0.0,0.0,0.0,0.0,0.0,0.0,0.0,0.006439491640776396,0.015234255231916904,0.0,0.0,0.0,,0.011381476186215878,0.0,0.0,0.0,0.015055594965815544,,0.0005889178719371557,0.0,,0.0,0.0,0.0,0.0,,0.0,0.0,0.0,,0.0,,0.0,0.0,,0.0,,0.0,0.0,0.0030229962430894375,0.01743323914706707,0.0,0.012673601508140564,0.0,0.016194811090826988,0.0,,,0.009300514124333858,0.0,,,,,0.0,0.0,0.0,0.0,0.0,0.0,0.0,0.0,0.0,,0.012146583758294582,0.0019998527131974697,0.0,,0.019029388204216957,0.0,0.0015352413756772876,0.0,0.0,0.0,,0.002669151872396469,,0.014855947345495224,0.0,0.0,0.01175154373049736,,0.0,0.0,,0.0,0.0,0.0,0.0,0.0,0.0001421356719220057,0.0011042432161048055,0.0,0.0,0.0046468619257211685,0.003770541399717331,0.0,0.0012880248250439763,,0.02132318913936615,0.0,0.004850889090448618,0.0,,0.0,0.007785265799611807,0.0,0.0,0.0,0.0,0.0061191171407699585,0.0,0.0,0.0,,0.015078713186085224,0.0,0.0,,,,0.006918592378497124,0.002163069089874625,,0.0,0.0,0.0,0.0,,0.0,,0.0,0.0,0.013318006880581379,0.0,0.0,0.0,,,,0.0,0.01897398941218853,0.0,0.0,0.0,,0.0,0.008289680816233158,0.007186546456068754,0.0,,0.0,0.015495573170483112,0.0,0.0,0.0,,0.002988440217450261,0.0071138362400233746,0.006663523148745298,0.0,,0.0029522741679102182,0.007444577291607857,0.00870683416724205,0.0,0.015951599925756454,0.0,,0.0,0.0,0.0,0.0,0.0,0.0,,0.0,,0.005740217864513397,0.007723913062363863,0.0016765532782301307,0.0,0.0,0.0,0.0,,0.0,0.011521018110215664,0.0028374833054840565,,,0.0,0.0,0.0,0.0,0.0,0.0,0.0,0.0,0.0,,0.0,0.0,0.0014217449352145195,,0.0,0.0,0.0,0.015036061406135559,0.0,0.0,0.0,,,0.0,0.002523822244256735,0.0,0.0,0.0,,0.012212172150611877,,0.010441260412335396,0.0,,0.0,0.0001980172237381339,0.0,0.0,,,0.0,0.009777898900210857,,0.011562291532754898,0.0,,,0.0,0.021612513810396194,0.0,0.0,0.0,0.0,0.0,,,0.0,0.0,0.0,0.0,0.0,,,0.0,0.0,0.0,,0.0,0.0,,0.0,0.0,0.010721533559262753,,0.0,0.0,0.0,0.0,,0.0,0.0,,0.0,0.0,0.0,0.000222572882194072,0.004138255026191473,0.0,0.0,0.0,0.0,0.0,0.0,0.0,0.0,,0.01636638306081295,,0.0,0.013081780634820461,0.00596213573589921,0.0,0.0,0.0,0.00783260352909565,0.013072560541331768,0.0,0.01504174992442131,0.0,,0.0,,0.0,0.007702955510467291,0.0,,0.0,0.0,0.0,0.0064319828525185585,0.0,0.0,0.0,0.0,0.006455377209931612,0.002276746090501547,0.0,,,0.0,0.0,0.0,,,,0.0,0.0,,0.0,,0.0,,0.0,,,0.0,,,,,0.0,,0.0,0.009475049562752247,0.0,,0.0,0.0,0.0006172159337438643,,0.011276694014668465,0.0,,0.0,0.008886725641787052,0.0,,,0.0,,0.01935204491019249,0.0,0.0,,0.0,0.0019069688860327005,,,,0.0,0.0,0.0,0.0,0.0,7.387471123365685e-05,,,,0.007764055393636227,0.0,,0.0,,0.0,0.0,0.0,0.0,,,0.0,0.0,,,0.0,,0.0,,0.0,0.0,0.0,0.0,0.0,0.0,0.0,,0.0,0.010640541091561317,0.0,0.0,0.0,,,0.0,0.0,0.0,0.0,0.004161264281719923,0.0073729087598621845,,,,0.007771022617816925,0.0,0.0,0.0,,,0.008342444896697998,0.0,0.0,,0.0,,,,,0.0,0.013751369901001453,0.0,,0.0,,,0.0,,0.006028351373970509,0.0,0.0,0.0,,0.006963010877370834,0.0,,0.0,0.0,0.0,0.0,0.0,,0.0025301980786025524,0.0,0.0,,0.0,0.0,0.0,0.0,0.0,0.0,0.0,,0.0009805925656110048,0.0,0.0,0.007419695612043142,0.0,0.0,0.0,,0.0,0.0,0.0,0.010489208623766899,0.0,0.0,0.0,0.0,0.0,0.0,0.00028485566144809127,0.0,0.0,0.0,,0.0,0.0,0.0,0.0,0.0,0.0,0.0,0.0,0.0,0.004446286242455244,0.0,0.0,0.0,,0.0,0.006903916597366333,,0.0032303640618920326,0.0,0.0,0.0,0.0,0.0,0.007855664007365704,0.0,0.0,0.0,0.011428353376686573,0.0,0.014265907928347588,0.0,0.0,0.0,0.0,0.0,0.0,0.0,0.0,0.0,0.0,0.0,0.0,0.0071387211792171,0.0,0.0,0.0,0.010663309134542942,0.009583434090018272,0.0,0.00991410668939352,0.0,0.0,0.0,0.019269602373242378,0.0,0.0,0.0,0.0,0.0,0.0,0.0,0.0,0.004451911896467209,0.0,0.0,0.0,0.0,0.0,0.015617968514561653,0.0,0.008543897420167923,0.0,0.0,0.017431413754820824,0.0,0.0,0.0,0.0,0.0,0.011158911511301994,0.0,0.006921166554093361,0.0,0.013884417712688446,0.0,0.0,0.0,0.0,0.0,0.017269155010581017,0.0,0.00583390099927783,0.0,0.0,,,,,,,,,,,,,,,,,,,,,,,,,,,,,,,,,,,,,,,,,,,,,,,,,,,,,,,,,,,,,,,,,,,,,,,,,,,,,,,,,,,,,,,,,,,,,,,,,,,,,,,,,,,,,,,,,,,,,,,,,,,,,,
2021-07-05,782273.4127473696,2193.4097218462443,,,,,,,,,,,76494.84123570709,,1039061.7711000025,,,,,,,,,,,,,,,,,,,,,,,,,,,,,,,,,,,,,,,,,,,3849.437802454749,,,,,,,,,,,,,,,,,,,,,,14299.49183426924,9601.404562693928,3560.2355437396636,7421.891063893989,7764.827273853423,52520.386527161936,25537.626899475064,5473.94290152051,32566.660987848907,,,,,,,,,,,,,,,,,,,,,,,,,,,,,,,,,,,,0.007672586012631655,0.0,0.0,0.01092440728098154,0.0,0.0,0.0,0.0,0.0,0.0,0.0,0.0,0.0,0.0,0.0,0.0,,0.0,,0.0,,0.0,0.0,0.0,0.010507198981940746,0.0,,0.0,0.0,0.010712611488997936,0.0,0.012846814468502998,0.0,,0.0,,,,0.0,0.0,0.0,,0.0,0.0,0.0012285824632272124,0.009027548134326935,0.0,,,0.0,,0.0,0.0,0.0,0.0,0.0,0.0,0.0,0.0,0.006439491640776396,0.015234255231916904,0.0,0.0,0.0,,0.011381476186215878,0.0,0.0,0.0,0.015055594965815544,,0.0005889178719371557,0.0,,0.0,0.0,0.0,0.0,,0.0,0.0,0.0,,0.0,,0.0,0.0,,0.0,,0.0,0.0,0.0030229962430894375,0.01743323914706707,0.0,0.012673601508140564,0.0,0.016194811090826988,0.0,,,0.009300514124333858,0.0,,,,,0.0,0.0,0.0,0.0,0.0,0.0,0.0,0.0,0.0,,0.012146583758294582,0.0019998527131974697,0.0,,0.019029388204216957,0.0,0.0015352413756772876,0.0,0.0,0.0,,0.002669151872396469,,0.014855947345495224,0.0,0.0,0.01175154373049736,,0.0,0.0,,0.0,0.0,0.0,0.0,0.0,0.0001421356719220057,0.0011042432161048055,0.0,0.0,0.0046468619257211685,0.003770541399717331,0.0,0.0012880248250439763,,0.02132318913936615,0.0,0.004850889090448618,0.0,,0.0,0.007785265799611807,0.0,0.0,0.0,0.0,0.0061191171407699585,0.0,0.0,0.0,,0.015078713186085224,0.0,0.0,,,,0.006918592378497124,0.002163069089874625,,0.0,0.0,0.0,0.0,,0.0,,0.0,0.0,0.013318006880581379,0.0,0.0,0.0,,,,0.0,0.01897398941218853,0.0,0.0,0.0,,0.0,0.008289680816233158,0.007186546456068754,0.0,,0.0,0.015495573170483112,0.0,0.0,0.0,,0.002988440217450261,0.0071138362400233746,0.006663523148745298,0.0,,0.0029522741679102182,0.007444577291607857,0.00870683416724205,0.0,0.015951599925756454,0.0,,0.0,0.0,0.0,0.0,0.0,0.0,,0.0,,0.005740217864513397,0.007723913062363863,0.0016765532782301307,0.0,0.0,0.0,0.0,,0.0,0.011521018110215664,0.0028374833054840565,,,0.0,0.0,0.0,0.0,0.0,0.0,0.0,0.0,0.0,,0.0,0.0,0.0014217449352145195,,0.0,0.0,0.0,0.015036061406135559,0.0,0.0,0.0,,,0.0,0.002523822244256735,0.0,0.0,0.0,,0.012212172150611877,,0.010441260412335396,0.0,,0.0,0.0001980172237381339,0.0,0.0,,,0.0,0.009777898900210857,,0.011562291532754898,0.0,,,0.0,0.021612513810396194,0.0,0.0,0.0,0.0,0.0,,,0.0,0.0,0.0,0.0,0.0,,,0.0,0.0,0.0,,0.0,0.0,,0.0,0.0,0.010721533559262753,,0.0,0.0,0.0,0.0,,0.0,0.0,,0.0,0.0,0.0,0.000222572882194072,0.004138255026191473,0.0,0.0,0.0,0.0,0.0,0.0,0.0,0.0,,0.01636638306081295,,0.0,0.013081780634820461,0.00596213573589921,0.0,0.0,0.0,0.00783260352909565,0.013072560541331768,0.0,0.01504174992442131,0.0,,0.0,,0.0,0.007702955510467291,0.0,,0.0,0.0,0.0,0.0064319828525185585,0.0,0.0,0.0,0.0,0.006455377209931612,0.002276746090501547,0.0,,,0.0,0.0,0.0,,,,0.0,0.0,,0.0,,0.0,,0.0,,,0.0,,,,,0.0,,0.0,0.009475049562752247,0.0,,0.0,0.0,0.0006172159337438643,,0.011276694014668465,0.0,,0.0,0.008886725641787052,0.0,,,0.0,,0.01935204491019249,0.0,0.0,,0.0,0.0019069688860327005,,,,0.0,0.0,0.0,0.0,0.0,7.387471123365685e-05,,,,0.007764055393636227,0.0,,0.0,,0.0,0.0,0.0,0.0,,,0.0,0.0,,,0.0,,0.0,,0.0,0.0,0.0,0.0,0.0,0.0,0.0,,0.0,0.010640541091561317,0.0,0.0,0.0,,,0.0,0.0,0.0,0.0,0.004161264281719923,0.0073729087598621845,,,,0.007771022617816925,0.0,0.0,0.0,,,0.008342444896697998,0.0,0.0,,0.0,,,,,0.0,0.013751369901001453,0.0,,0.0,,,0.0,,0.006028351373970509,0.0,0.0,0.0,,0.006963010877370834,0.0,,0.0,0.0,0.0,0.0,0.0,,0.0025301980786025524,0.0,0.0,,0.0,0.0,0.0,0.0,0.0,0.0,0.0,,0.0009805925656110048,0.0,0.0,0.007419695612043142,0.0,0.0,0.0,,0.0,0.0,0.0,0.010489208623766899,0.0,0.0,0.0,0.0,0.0,0.0,0.00028485566144809127,0.0,0.0,0.0,,0.0,0.0,0.0,0.0,0.0,0.0,0.0,0.0,0.0,0.004446286242455244,0.0,0.0,0.0,,0.0,0.006903916597366333,,0.0032303640618920326,0.0,0.0,0.0,0.0,0.0,0.007855664007365704,0.0,0.0,0.0,0.011428353376686573,0.0,0.014265907928347588,0.0,0.0,0.0,0.0,0.0,0.0,0.0,0.0,0.0,0.0,0.0,0.0,0.0071387211792171,0.0,0.0,0.0,0.010663309134542942,0.009583434090018272,0.0,0.00991410668939352,0.0,0.0,0.0,0.019269602373242378,0.0,0.0,0.0,0.0,0.0,0.0,0.0,0.0,0.004451911896467209,0.0,0.0,0.0,0.0,0.0,0.015617968514561653,0.0,0.008543897420167923,0.0,0.0,0.017431413754820824,0.0,0.0,0.0,0.0,0.0,0.011158911511301994,0.0,0.006921166554093361,0.0,0.013884417712688446,0.0,0.0,0.0,0.0,0.0,0.017269155010581017,0.0,0.00583390099927783,0.0,0.0,,,,,,,,,,,,,,,,,,,,,,,,,,,,,,,,,,,,,,,,,,,,,,,,,,,,,,,,,,,,,,,,,,,,,,,,,,,,,,,,,,,,,,,,,,,,,,,,,,,,,,,,,,,,,,,,,,,,,,,,,,,,,,
2021-07-06,780272.652761948,2133.4225277520513,,,,,,,,,,,76494.84123570709,,1039061.7711000025,,,,,,,,,,,,,,,,,,,,,,,,,,,,,,,,,,,,,,,,,,,3750.5714269914406,,,,,,,,,,,,,,,,,,,,,,14299.49183426924,9817.156155138668,3560.2355437396636,7421.891063893989,7764.827273853423,52520.386527161936,25712.56428485538,5473.94290152051,32566.660987848907,,,,,,,,,,,,,,,,,,,,,,,,,,,,,,,,,,,,0.007672586012631655,0.0,0.0,0.01092440728098154,0.0,0.0,0.0,0.0,0.0,0.0,0.0,0.0,0.0,0.0,0.0,0.0,,0.0,,0.0,,0.0,0.0,0.0,0.010507198981940746,0.0,,0.0,0.0,0.010712611488997936,0.0,0.012846814468502998,0.0,,0.0,,,,0.0,0.0,0.0,,0.0,0.0,0.0012285824632272124,0.009027548134326935,0.0,,,0.0,,0.0,0.0,0.0,0.0,0.0,0.0,0.0,0.0,0.006439491640776396,0.015234255231916904,0.0,0.0,0.0,,0.011381476186215878,0.0,0.0,0.0,0.015055594965815544,,0.0005889178719371557,0.0,,0.0,0.0,0.0,0.0,,0.0,0.0,0.0,,0.0,,0.0,0.0,,0.0,,0.0,0.0,0.0030229962430894375,0.01743323914706707,0.0,0.012673601508140564,0.0,0.016194811090826988,0.0,,,0.009300514124333858,0.0,,,,,0.0,0.0,0.0,0.0,0.0,0.0,0.0,0.0,0.0,,0.012146583758294582,0.0019998527131974697,0.0,,0.019029388204216957,0.0,0.0015352413756772876,0.0,0.0,0.0,,0.002669151872396469,,0.014855947345495224,0.0,0.0,0.01175154373049736,,0.0,0.0,,0.0,0.0,0.0,0.0,0.0,0.0001421356719220057,0.0011042432161048055,0.0,0.0,0.0046468619257211685,0.003770541399717331,0.0,0.0012880248250439763,,0.02132318913936615,0.0,0.004850889090448618,0.0,,0.0,0.007785265799611807,0.0,0.0,0.0,0.0,0.0061191171407699585,0.0,0.0,0.0,,0.015078713186085224,0.0,0.0,,,,0.006918592378497124,0.002163069089874625,,0.0,0.0,0.0,0.0,,0.0,,0.0,0.0,0.013318006880581379,0.0,0.0,0.0,,,,0.0,0.01897398941218853,0.0,0.0,0.0,,0.0,0.008289680816233158,0.007186546456068754,0.0,,0.0,0.015495573170483112,0.0,0.0,0.0,,0.002988440217450261,0.0071138362400233746,0.006663523148745298,0.0,,0.0029522741679102182,0.007444577291607857,0.00870683416724205,0.0,0.015951599925756454,0.0,,0.0,0.0,0.0,0.0,0.0,0.0,,0.0,,0.005740217864513397,0.007723913062363863,0.0016765532782301307,0.0,0.0,0.0,0.0,,0.0,0.011521018110215664,0.0028374833054840565,,,0.0,0.0,0.0,0.0,0.0,0.0,0.0,0.0,0.0,,0.0,0.0,0.0014217449352145195,,0.0,0.0,0.0,0.015036061406135559,0.0,0.0,0.0,,,0.0,0.002523822244256735,0.0,0.0,0.0,,0.012212172150611877,,0.010441260412335396,0.0,,0.0,0.0001980172237381339,0.0,0.0,,,0.0,0.009777898900210857,,0.011562291532754898,0.0,,,0.0,0.021612513810396194,0.0,0.0,0.0,0.0,0.0,,,0.0,0.0,0.0,0.0,0.0,,,0.0,0.0,0.0,,0.0,0.0,,0.0,0.0,0.010721533559262753,,0.0,0.0,0.0,0.0,,0.0,0.0,,0.0,0.0,0.0,0.000222572882194072,0.004138255026191473,0.0,0.0,0.0,0.0,0.0,0.0,0.0,0.0,,0.01636638306081295,,0.0,0.013081780634820461,0.00596213573589921,0.0,0.0,0.0,0.00783260352909565,0.013072560541331768,0.0,0.01504174992442131,0.0,,0.0,,0.0,0.007702955510467291,0.0,,0.0,0.0,0.0,0.0064319828525185585,0.0,0.0,0.0,0.0,0.006455377209931612,0.002276746090501547,0.0,,,0.0,0.0,0.0,,,,0.0,0.0,,0.0,,0.0,,0.0,,,0.0,,,,,0.0,,0.0,0.009475049562752247,0.0,,0.0,0.0,0.0006172159337438643,,0.011276694014668465,0.0,,0.0,0.008886725641787052,0.0,,,0.0,,0.01935204491019249,0.0,0.0,,0.0,0.0019069688860327005,,,,0.0,0.0,0.0,0.0,0.0,7.387471123365685e-05,,,,0.007764055393636227,0.0,,0.0,,0.0,0.0,0.0,0.0,,,0.0,0.0,,,0.0,,0.0,,0.0,0.0,0.0,0.0,0.0,0.0,0.0,,0.0,0.010640541091561317,0.0,0.0,0.0,,,0.0,0.0,0.0,0.0,0.004161264281719923,0.0073729087598621845,,,,0.007771022617816925,0.0,0.0,0.0,,,0.008342444896697998,0.0,0.0,,0.0,,,,,0.0,0.013751369901001453,0.0,,0.0,,,0.0,,0.006028351373970509,0.0,0.0,0.0,,0.006963010877370834,0.0,,0.0,0.0,0.0,0.0,0.0,,0.0025301980786025524,0.0,0.0,,0.0,0.0,0.0,0.0,0.0,0.0,0.0,,0.0009805925656110048,0.0,0.0,0.007419695612043142,0.0,0.0,0.0,,0.0,0.0,0.0,0.010489208623766899,0.0,0.0,0.0,0.0,0.0,0.0,0.00028485566144809127,0.0,0.0,0.0,,0.0,0.0,0.0,0.0,0.0,0.0,0.0,0.0,0.0,0.004446286242455244,0.0,0.0,0.0,,0.0,0.006903916597366333,,0.0032303640618920326,0.0,0.0,0.0,0.0,0.0,0.007855664007365704,0.0,0.0,0.0,0.011428353376686573,0.0,0.014265907928347588,0.0,0.0,0.0,0.0,0.0,0.0,0.0,0.0,0.0,0.0,0.0,0.0,0.0071387211792171,0.0,0.0,0.0,0.010663309134542942,0.009583434090018272,0.0,0.00991410668939352,0.0,0.0,0.0,0.019269602373242378,0.0,0.0,0.0,0.0,0.0,0.0,0.0,0.0,0.004451911896467209,0.0,0.0,0.0,0.0,0.0,0.015617968514561653,0.0,0.008543897420167923,0.0,0.0,0.017431413754820824,0.0,0.0,0.0,0.0,0.0,0.011158911511301994,0.0,0.006921166554093361,0.0,0.013884417712688446,0.0,0.0,0.0,0.0,0.0,0.017269155010581017,0.0,0.00583390099927783,0.0,0.0,,,,,,,,,,,,,,,,,,,,,,,,,,,,,,,,,,,,,,,,,,,,,,,,,,,,,,,,,,,,,,,,,,,,,,,,,,,,,,,,,,,,,,,,,,,,,,,,,,,,,,,,,,,,,,,,,,,,,,,,,,,,,,
2021-07-07,778819.756313402,254.23072069667998,,,,,,,,,,,76494.84123570709,,1039061.7711000025,,,,,,,,,,,,,,,,,,,,,,,,,,,,,,,,,,,,,,,,,,,3750.634532130653,,,,,,,,,,,,,,,,,,,,,,14299.49183426924,10032.907747583407,3560.2355437396636,7421.891063893989,7764.827273853423,52520.386527161936,25800.01150420304,5473.94290152051,32566.660987848907,,,,,,,,,,,,,,,,,,,,,,,,,,,,,,,,,,,,0.007672586012631655,0.0,0.0,0.01092440728098154,0.0,0.0,0.0,0.0,0.0,0.0,0.0,0.0,0.0,0.0,0.0,0.0,,0.0,,0.0,,0.0,0.0,0.0,0.010507198981940746,0.0,,0.0,0.0,0.010712611488997936,0.0,0.012846814468502998,0.0,,0.0,,,,0.0,0.0,0.0,,0.0,0.0,0.0012285824632272124,0.009027548134326935,0.0,,,0.0,,0.0,0.0,0.0,0.0,0.0,0.0,0.0,0.0,0.006439491640776396,0.015234255231916904,0.0,0.0,0.0,,0.011381476186215878,0.0,0.0,0.0,0.015055594965815544,,0.0005889178719371557,0.0,,0.0,0.0,0.0,0.0,,0.0,0.0,0.0,,0.0,,0.0,0.0,,0.0,,0.0,0.0,0.0030229962430894375,0.01743323914706707,0.0,0.012673601508140564,0.0,0.016194811090826988,0.0,,,0.009300514124333858,0.0,,,,,0.0,0.0,0.0,0.0,0.0,0.0,0.0,0.0,0.0,,0.012146583758294582,0.0019998527131974697,0.0,,0.019029388204216957,0.0,0.0015352413756772876,0.0,0.0,0.0,,0.002669151872396469,,0.014855947345495224,0.0,0.0,0.01175154373049736,,0.0,0.0,,0.0,0.0,0.0,0.0,0.0,0.0001421356719220057,0.0011042432161048055,0.0,0.0,0.0046468619257211685,0.003770541399717331,0.0,0.0012880248250439763,,0.02132318913936615,0.0,0.004850889090448618,0.0,,0.0,0.007785265799611807,0.0,0.0,0.0,0.0,0.0061191171407699585,0.0,0.0,0.0,,0.015078713186085224,0.0,0.0,,,,0.006918592378497124,0.002163069089874625,,0.0,0.0,0.0,0.0,,0.0,,0.0,0.0,0.013318006880581379,0.0,0.0,0.0,,,,0.0,0.01897398941218853,0.0,0.0,0.0,,0.0,0.008289680816233158,0.007186546456068754,0.0,,0.0,0.015495573170483112,0.0,0.0,0.0,,0.002988440217450261,0.0071138362400233746,0.006663523148745298,0.0,,0.0029522741679102182,0.007444577291607857,0.00870683416724205,0.0,0.015951599925756454,0.0,,0.0,0.0,0.0,0.0,0.0,0.0,,0.0,,0.005740217864513397,0.007723913062363863,0.0016765532782301307,0.0,0.0,0.0,0.0,,0.0,0.011521018110215664,0.0028374833054840565,,,0.0,0.0,0.0,0.0,0.0,0.0,0.0,0.0,0.0,,0.0,0.0,0.0014217449352145195,,0.0,0.0,0.0,0.015036061406135559,0.0,0.0,0.0,,,0.0,0.002523822244256735,0.0,0.0,0.0,,0.012212172150611877,,0.010441260412335396,0.0,,0.0,0.0001980172237381339,0.0,0.0,,,0.0,0.009777898900210857,,0.011562291532754898,0.0,,,0.0,0.021612513810396194,0.0,0.0,0.0,0.0,0.0,,,0.0,0.0,0.0,0.0,0.0,,,0.0,0.0,0.0,,0.0,0.0,,0.0,0.0,0.010721533559262753,,0.0,0.0,0.0,0.0,,0.0,0.0,,0.0,0.0,0.0,0.000222572882194072,0.004138255026191473,0.0,0.0,0.0,0.0,0.0,0.0,0.0,0.0,,0.01636638306081295,,0.0,0.013081780634820461,0.00596213573589921,0.0,0.0,0.0,0.00783260352909565,0.013072560541331768,0.0,0.01504174992442131,0.0,,0.0,,0.0,0.007702955510467291,0.0,,0.0,0.0,0.0,0.0064319828525185585,0.0,0.0,0.0,0.0,0.006455377209931612,0.002276746090501547,0.0,,,0.0,0.0,0.0,,,,0.0,0.0,,0.0,,0.0,,0.0,,,0.0,,,,,0.0,,0.0,0.009475049562752247,0.0,,0.0,0.0,0.0006172159337438643,,0.011276694014668465,0.0,,0.0,0.008886725641787052,0.0,,,0.0,,0.01935204491019249,0.0,0.0,,0.0,0.0019069688860327005,,,,0.0,0.0,0.0,0.0,0.0,7.387471123365685e-05,,,,0.007764055393636227,0.0,,0.0,,0.0,0.0,0.0,0.0,,,0.0,0.0,,,0.0,,0.0,,0.0,0.0,0.0,0.0,0.0,0.0,0.0,,0.0,0.010640541091561317,0.0,0.0,0.0,,,0.0,0.0,0.0,0.0,0.004161264281719923,0.0073729087598621845,,,,0.007771022617816925,0.0,0.0,0.0,,,0.008342444896697998,0.0,0.0,,0.0,,,,,0.0,0.013751369901001453,0.0,,0.0,,,0.0,,0.006028351373970509,0.0,0.0,0.0,,0.006963010877370834,0.0,,0.0,0.0,0.0,0.0,0.0,,0.0025301980786025524,0.0,0.0,,0.0,0.0,0.0,0.0,0.0,0.0,0.0,,0.0009805925656110048,0.0,0.0,0.007419695612043142,0.0,0.0,0.0,,0.0,0.0,0.0,0.010489208623766899,0.0,0.0,0.0,0.0,0.0,0.0,0.00028485566144809127,0.0,0.0,0.0,,0.0,0.0,0.0,0.0,0.0,0.0,0.0,0.0,0.0,0.004446286242455244,0.0,0.0,0.0,,0.0,0.006903916597366333,,0.0032303640618920326,0.0,0.0,0.0,0.0,0.0,0.007855664007365704,0.0,0.0,0.0,0.011428353376686573,0.0,0.014265907928347588,0.0,0.0,0.0,0.0,0.0,0.0,0.0,0.0,0.0,0.0,0.0,0.0,0.0071387211792171,0.0,0.0,0.0,0.010663309134542942,0.009583434090018272,0.0,0.00991410668939352,0.0,0.0,0.0,0.019269602373242378,0.0,0.0,0.0,0.0,0.0,0.0,0.0,0.0,0.004451911896467209,0.0,0.0,0.0,0.0,0.0,0.015617968514561653,0.0,0.008543897420167923,0.0,0.0,0.017431413754820824,0.0,0.0,0.0,0.0,0.0,0.011158911511301994,0.0,0.006921166554093361,0.0,0.013884417712688446,0.0,0.0,0.0,0.0,0.0,0.017269155010581017,0.0,0.00583390099927783,0.0,0.0,,,,,,,,,,,,,,,,,,,,,,,,,,,,,,,,,,,,,,,,,,,,,,,,,,,,,,,,,,,,,,,,,,,,,,,,,,,,,,,,,,,,,,,,,,,,,,,,,,,,,,,,,,,,,,,,,,,,,,,,,,,,,,
2021-07-08,781117.6219375674,2338.229515829736,,,,,,,,,,,76494.84123570709,,1039061.7711000025,,,,,,,,,,,,,,,,,,,,,,,,,,,,,,,,,,,,,,,,,,,3651.8966705196217,,,,,,,,,,,,,,,,,,,,,,14299.49183426924,10032.907747583407,3560.2355437396636,7421.891063893989,7764.827273853423,52006.79880937704,26062.35316224602,5473.94290152051,32566.660987848907,,,,,,,,,,,,,,,,,,,,,,,,,,,,,,,,,,,,0.007672586012631655,0.0,0.0,0.01092440728098154,0.0,0.0,0.0,0.0,0.0,0.0,0.0,0.0,0.0,0.0,0.0,0.0,,0.0,,0.0,,0.0,0.0,0.0,0.010507198981940746,0.0,,0.0,0.0,0.010712611488997936,0.0,0.012846814468502998,0.0,,0.0,,,,0.0,0.0,0.0,,0.0,0.0,0.0012285824632272124,0.009027548134326935,0.0,,,0.0,,0.0,0.0,0.0,0.0,0.0,0.0,0.0,0.0,0.006439491640776396,0.015234255231916904,0.0,0.0,0.0,,0.011381476186215878,0.0,0.0,0.0,0.015055594965815544,,0.0005889178719371557,0.0,,0.0,0.0,0.0,0.0,,0.0,0.0,0.0,,0.0,,0.0,0.0,,0.0,,0.0,0.0,0.0030229962430894375,0.01743323914706707,0.0,0.012673601508140564,0.0,0.016194811090826988,0.0,,,0.009300514124333858,0.0,,,,,0.0,0.0,0.0,0.0,0.0,0.0,0.0,0.0,0.0,,0.012146583758294582,0.0019998527131974697,0.0,,0.019029388204216957,0.0,0.0015352413756772876,0.0,0.0,0.0,,0.002669151872396469,,0.014855947345495224,0.0,0.0,0.01175154373049736,,0.0,0.0,,0.0,0.0,0.0,0.0,0.0,0.0001421356719220057,0.0011042432161048055,0.0,0.0,0.0046468619257211685,0.003770541399717331,0.0,0.0012880248250439763,,0.02132318913936615,0.0,0.004850889090448618,0.0,,0.0,0.007785265799611807,0.0,0.0,0.0,0.0,0.0061191171407699585,0.0,0.0,0.0,,0.015078713186085224,0.0,0.0,,,,0.006918592378497124,0.002163069089874625,,0.0,0.0,0.0,0.0,,0.0,,0.0,0.0,0.013318006880581379,0.0,0.0,0.0,,,,0.0,0.01897398941218853,0.0,0.0,0.0,,0.0,0.008289680816233158,0.007186546456068754,0.0,,0.0,0.015495573170483112,0.0,0.0,0.0,,0.002988440217450261,0.0071138362400233746,0.006663523148745298,0.0,,0.0029522741679102182,0.007444577291607857,0.00870683416724205,0.0,0.015951599925756454,0.0,,0.0,0.0,0.0,0.0,0.0,0.0,,0.0,,0.005740217864513397,0.007723913062363863,0.0016765532782301307,0.0,0.0,0.0,0.0,,0.0,0.011521018110215664,0.0028374833054840565,,,0.0,0.0,0.0,0.0,0.0,0.0,0.0,0.0,0.0,,0.0,0.0,0.0014217449352145195,,0.0,0.0,0.0,0.015036061406135559,0.0,0.0,0.0,,,0.0,0.002523822244256735,0.0,0.0,0.0,,0.012212172150611877,,0.010441260412335396,0.0,,0.0,0.0001980172237381339,0.0,0.0,,,0.0,0.009777898900210857,,0.011562291532754898,0.0,,,0.0,0.021612513810396194,0.0,0.0,0.0,0.0,0.0,,,0.0,0.0,0.0,0.0,0.0,,,0.0,0.0,0.0,,0.0,0.0,,0.0,0.0,0.010721533559262753,,0.0,0.0,0.0,0.0,,0.0,0.0,,0.0,0.0,0.0,0.000222572882194072,0.004138255026191473,0.0,0.0,0.0,0.0,0.0,0.0,0.0,0.0,,0.01636638306081295,,0.0,0.013081780634820461,0.00596213573589921,0.0,0.0,0.0,0.00783260352909565,0.013072560541331768,0.0,0.01504174992442131,0.0,,0.0,,0.0,0.007702955510467291,0.0,,0.0,0.0,0.0,0.0064319828525185585,0.0,0.0,0.0,0.0,0.006455377209931612,0.002276746090501547,0.0,,,0.0,0.0,0.0,,,,0.0,0.0,,0.0,,0.0,,0.0,,,0.0,,,,,0.0,,0.0,0.009475049562752247,0.0,,0.0,0.0,0.0006172159337438643,,0.011276694014668465,0.0,,0.0,0.008886725641787052,0.0,,,0.0,,0.01935204491019249,0.0,0.0,,0.0,0.0019069688860327005,,,,0.0,0.0,0.0,0.0,0.0,7.387471123365685e-05,,,,0.007764055393636227,0.0,,0.0,,0.0,0.0,0.0,0.0,,,0.0,0.0,,,0.0,,0.0,,0.0,0.0,0.0,0.0,0.0,0.0,0.0,,0.0,0.010640541091561317,0.0,0.0,0.0,,,0.0,0.0,0.0,0.0,0.004161264281719923,0.0073729087598621845,,,,0.007771022617816925,0.0,0.0,0.0,,,0.008342444896697998,0.0,0.0,,0.0,,,,,0.0,0.013751369901001453,0.0,,0.0,,,0.0,,0.006028351373970509,0.0,0.0,0.0,,0.006963010877370834,0.0,,0.0,0.0,0.0,0.0,0.0,,0.0025301980786025524,0.0,0.0,,0.0,0.0,0.0,0.0,0.0,0.0,0.0,,0.0009805925656110048,0.0,0.0,0.007419695612043142,0.0,0.0,0.0,,0.0,0.0,0.0,0.010489208623766899,0.0,0.0,0.0,0.0,0.0,0.0,0.00028485566144809127,0.0,0.0,0.0,,0.0,0.0,0.0,0.0,0.0,0.0,0.0,0.0,0.0,0.004446286242455244,0.0,0.0,0.0,,0.0,0.006903916597366333,,0.0032303640618920326,0.0,0.0,0.0,0.0,0.0,0.007855664007365704,0.0,0.0,0.0,0.011428353376686573,0.0,0.014265907928347588,0.0,0.0,0.0,0.0,0.0,0.0,0.0,0.0,0.0,0.0,0.0,0.0,0.0071387211792171,0.0,0.0,0.0,0.010663309134542942,0.009583434090018272,0.0,0.00991410668939352,0.0,0.0,0.0,0.019269602373242378,0.0,0.0,0.0,0.0,0.0,0.0,0.0,0.0,0.004451911896467209,0.0,0.0,0.0,0.0,0.0,0.015617968514561653,0.0,0.008543897420167923,0.0,0.0,0.017431413754820824,0.0,0.0,0.0,0.0,0.0,0.011158911511301994,0.0,0.006921166554093361,0.0,0.013884417712688446,0.0,0.0,0.0,0.0,0.0,0.017269155010581017,0.0,0.00583390099927783,0.0,0.0,,,,,,,,,,,,,,,,,,,,,,,,,,,,,,,,,,,,,,,,,,,,,,,,,,,,,,,,,,,,,,,,,,,,,,,,,,,,,,,,,,,,,,,,,,,,,,,,,,,,,,,,,,,,,,,,,,,,,,,,,,,,,,
2021-07-09,783733.2240859314,210.9790181829494,,,,,,,,,,,76494.84123570709,,1039061.7711000025,,,,,,,,,,,,,,,,,,,,,,,,,,,,,,,,,,,,,,,,,,,3651.8966705196217,,,,,,,,,,,,,,,,,,,,,,14299.49183426924,10248.670438685802,3560.2355437396636,7421.891063893989,7764.827273853423,52006.79880937704,26237.289234294105,5473.94290152051,32566.660987848907,,,,,,,,,,,,,,,,,,,,,,,,,,,,,,,,,,,,0.007672586012631655,0.0,0.0,0.01092440728098154,0.0,0.0,0.0,0.0,0.0,0.0,0.0,0.0,0.0,0.0,0.0,0.0,,0.0,,0.0,,0.0,0.0,0.0,0.010507198981940746,0.0,,0.0,0.0,0.010712611488997936,0.0,0.012846814468502998,0.0,,0.0,,,,0.0,0.0,0.0,,0.0,0.0,0.0012285824632272124,0.009027548134326935,0.0,,,0.0,,0.0,0.0,0.0,0.0,0.0,0.0,0.0,0.0,0.006439491640776396,0.015234255231916904,0.0,0.0,0.0,,0.011381476186215878,0.0,0.0,0.0,0.015055594965815544,,0.0005889178719371557,0.0,,0.0,0.0,0.0,0.0,,0.0,0.0,0.0,,0.0,,0.0,0.0,,0.0,,0.0,0.0,0.0030229962430894375,0.01743323914706707,0.0,0.012673601508140564,0.0,0.016194811090826988,0.0,,,0.009300514124333858,0.0,,,,,0.0,0.0,0.0,0.0,0.0,0.0,0.0,0.0,0.0,,0.012146583758294582,0.0019998527131974697,0.0,,0.019029388204216957,0.0,0.0015352413756772876,0.0,0.0,0.0,,0.002669151872396469,,0.014855947345495224,0.0,0.0,0.01175154373049736,,0.0,0.0,,0.0,0.0,0.0,0.0,0.0,0.0001421356719220057,0.0011042432161048055,0.0,0.0,0.0046468619257211685,0.003770541399717331,0.0,0.0012880248250439763,,0.02132318913936615,0.0,0.004850889090448618,0.0,,0.0,0.007785265799611807,0.0,0.0,0.0,0.0,0.0061191171407699585,0.0,0.0,0.0,,0.015078713186085224,0.0,0.0,,,,0.006918592378497124,0.002163069089874625,,0.0,0.0,0.0,0.0,,0.0,,0.0,0.0,0.013318006880581379,0.0,0.0,0.0,,,,0.0,0.01897398941218853,0.0,0.0,0.0,,0.0,0.008289680816233158,0.007186546456068754,0.0,,0.0,0.015495573170483112,0.0,0.0,0.0,,0.002988440217450261,0.0071138362400233746,0.006663523148745298,0.0,,0.0029522741679102182,0.007444577291607857,0.00870683416724205,0.0,0.015951599925756454,0.0,,0.0,0.0,0.0,0.0,0.0,0.0,,0.0,,0.005740217864513397,0.007723913062363863,0.0016765532782301307,0.0,0.0,0.0,0.0,,0.0,0.011521018110215664,0.0028374833054840565,,,0.0,0.0,0.0,0.0,0.0,0.0,0.0,0.0,0.0,,0.0,0.0,0.0014217449352145195,,0.0,0.0,0.0,0.015036061406135559,0.0,0.0,0.0,,,0.0,0.002523822244256735,0.0,0.0,0.0,,0.012212172150611877,,0.010441260412335396,0.0,,0.0,0.0001980172237381339,0.0,0.0,,,0.0,0.009777898900210857,,0.011562291532754898,0.0,,,0.0,0.021612513810396194,0.0,0.0,0.0,0.0,0.0,,,0.0,0.0,0.0,0.0,0.0,,,0.0,0.0,0.0,,0.0,0.0,,0.0,0.0,0.010721533559262753,,0.0,0.0,0.0,0.0,,0.0,0.0,,0.0,0.0,0.0,0.000222572882194072,0.004138255026191473,0.0,0.0,0.0,0.0,0.0,0.0,0.0,0.0,,0.01636638306081295,,0.0,0.013081780634820461,0.00596213573589921,0.0,0.0,0.0,0.00783260352909565,0.013072560541331768,0.0,0.01504174992442131,0.0,,0.0,,0.0,0.007702955510467291,0.0,,0.0,0.0,0.0,0.0064319828525185585,0.0,0.0,0.0,0.0,0.006455377209931612,0.002276746090501547,0.0,,,0.0,0.0,0.0,,,,0.0,0.0,,0.0,,0.0,,0.0,,,0.0,,,,,0.0,,0.0,0.009475049562752247,0.0,,0.0,0.0,0.0006172159337438643,,0.011276694014668465,0.0,,0.0,0.008886725641787052,0.0,,,0.0,,0.01935204491019249,0.0,0.0,,0.0,0.0019069688860327005,,,,0.0,0.0,0.0,0.0,0.0,7.387471123365685e-05,,,,0.007764055393636227,0.0,,0.0,,0.0,0.0,0.0,0.0,,,0.0,0.0,,,0.0,,0.0,,0.0,0.0,0.0,0.0,0.0,0.0,0.0,,0.0,0.010640541091561317,0.0,0.0,0.0,,,0.0,0.0,0.0,0.0,0.004161264281719923,0.0073729087598621845,,,,0.007771022617816925,0.0,0.0,0.0,,,0.008342444896697998,0.0,0.0,,0.0,,,,,0.0,0.013751369901001453,0.0,,0.0,,,0.0,,0.006028351373970509,0.0,0.0,0.0,,0.006963010877370834,0.0,,0.0,0.0,0.0,0.0,0.0,,0.0025301980786025524,0.0,0.0,,0.0,0.0,0.0,0.0,0.0,0.0,0.0,,0.0009805925656110048,0.0,0.0,0.007419695612043142,0.0,0.0,0.0,,0.0,0.0,0.0,0.010489208623766899,0.0,0.0,0.0,0.0,0.0,0.0,0.00028485566144809127,0.0,0.0,0.0,,0.0,0.0,0.0,0.0,0.0,0.0,0.0,0.0,0.0,0.004446286242455244,0.0,0.0,0.0,,0.0,0.006903916597366333,,0.0032303640618920326,0.0,0.0,0.0,0.0,0.0,0.007855664007365704,0.0,0.0,0.0,0.011428353376686573,0.0,0.014265907928347588,0.0,0.0,0.0,0.0,0.0,0.0,0.0,0.0,0.0,0.0,0.0,0.0,0.0071387211792171,0.0,0.0,0.0,0.010663309134542942,0.009583434090018272,0.0,0.00991410668939352,0.0,0.0,0.0,0.019269602373242378,0.0,0.0,0.0,0.0,0.0,0.0,0.0,0.0,0.004451911896467209,0.0,0.0,0.0,0.0,0.0,0.015617968514561653,0.0,0.008543897420167923,0.0,0.0,0.017431413754820824,0.0,0.0,0.0,0.0,0.0,0.011158911511301994,0.0,0.006921166554093361,0.0,0.013884417712688446,0.0,0.0,0.0,0.0,0.0,0.017269155010581017,0.0,0.00583390099927783,0.0,0.0,,,,,,,,,,,,,,,,,,,,,,,,,,,,,,,,,,,,,,,,,,,,,,,,,,,,,,,,,,,,,,,,,,,,,,,,,,,,,,,,,,,,,,,,,,,,,,,,,,,,,,,,,,,,,,,,,,,,,,,,,,,,,,
2021-07-12,793651.1267208651,208.3353418457393,,,,,,,,,,,76494.84123570709,,1039061.7711000025,,,,,,,,,,,,,,,,,,,,,,,,,,,,,,,,,,,,,,,,,,,3651.8721789127185,,,,,,,,,,,,,,,,,,,,,,14299.49183426924,10248.670438685802,3560.2355437396636,7421.891063893989,7765.1574605127435,52006.79880937704,26237.289234294105,5473.94290152051,32566.660987848907,,,,,,,,,,,,,,,,,,,,,,,,,,,,,,,,,,,,0.007672586012631655,0.0,0.0,0.01092440728098154,0.0,0.0,0.0,0.0,0.0,0.0,0.0,0.0,0.0,0.0,0.0,0.0,,0.0,,0.0,,0.0,0.0,0.0,0.010507198981940746,0.0,,0.0,0.0,0.010712611488997936,0.0,0.012846814468502998,0.0,,0.0,,,,0.0,0.0,0.0,,0.0,0.0,0.0012285824632272124,0.009027548134326935,0.0,,,0.0,,0.0,0.0,0.0,0.0,0.0,0.0,0.0,0.0,0.006439491640776396,0.015234255231916904,0.0,0.0,0.0,,0.011381476186215878,0.0,0.0,0.0,0.015055594965815544,,0.0005889178719371557,0.0,,0.0,0.0,0.0,0.0,,0.0,0.0,0.0,,0.0,,0.0,0.0,,0.0,,0.0,0.0,0.0030229962430894375,0.01743323914706707,0.0,0.012673601508140564,0.0,0.016194811090826988,0.0,,,0.009300514124333858,0.0,,,,,0.0,0.0,0.0,0.0,0.0,0.0,0.0,0.0,0.0,,0.012146583758294582,0.0019998527131974697,0.0,,0.019029388204216957,0.0,0.0015352413756772876,0.0,0.0,0.0,,0.002669151872396469,,0.014855947345495224,0.0,0.0,0.01175154373049736,,0.0,0.0,,0.0,0.0,0.0,0.0,0.0,0.0001421356719220057,0.0011042432161048055,0.0,0.0,0.0046468619257211685,0.003770541399717331,0.0,0.0012880248250439763,,0.02132318913936615,0.0,0.004850889090448618,0.0,,0.0,0.007785265799611807,0.0,0.0,0.0,0.0,0.0061191171407699585,0.0,0.0,0.0,,0.015078713186085224,0.0,0.0,,,,0.006918592378497124,0.002163069089874625,,0.0,0.0,0.0,0.0,,0.0,,0.0,0.0,0.013318006880581379,0.0,0.0,0.0,,,,0.0,0.01897398941218853,0.0,0.0,0.0,,0.0,0.008289680816233158,0.007186546456068754,0.0,,0.0,0.015495573170483112,0.0,0.0,0.0,,0.002988440217450261,0.0071138362400233746,0.006663523148745298,0.0,,0.0029522741679102182,0.007444577291607857,0.00870683416724205,0.0,0.015951599925756454,0.0,,0.0,0.0,0.0,0.0,0.0,0.0,,0.0,,0.005740217864513397,0.007723913062363863,0.0016765532782301307,0.0,0.0,0.0,0.0,,0.0,0.011521018110215664,0.0028374833054840565,,,0.0,0.0,0.0,0.0,0.0,0.0,0.0,0.0,0.0,,0.0,0.0,0.0014217449352145195,,0.0,0.0,0.0,0.015036061406135559,0.0,0.0,0.0,,,0.0,0.002523822244256735,0.0,0.0,0.0,,0.012212172150611877,,0.010441260412335396,0.0,,0.0,0.0001980172237381339,0.0,0.0,,,0.0,0.009777898900210857,,0.011562291532754898,0.0,,,0.0,0.021612513810396194,0.0,0.0,0.0,0.0,0.0,,,0.0,0.0,0.0,0.0,0.0,,,0.0,0.0,0.0,,0.0,0.0,,0.0,0.0,0.010721533559262753,,0.0,0.0,0.0,0.0,,0.0,0.0,,0.0,0.0,0.0,0.000222572882194072,0.004138255026191473,0.0,0.0,0.0,0.0,0.0,0.0,0.0,0.0,,0.01636638306081295,,0.0,0.013081780634820461,0.00596213573589921,0.0,0.0,0.0,0.00783260352909565,0.013072560541331768,0.0,0.01504174992442131,0.0,,0.0,,0.0,0.007702955510467291,0.0,,0.0,0.0,0.0,0.0064319828525185585,0.0,0.0,0.0,0.0,0.006455377209931612,0.002276746090501547,0.0,,,0.0,0.0,0.0,,,,0.0,0.0,,0.0,,0.0,,0.0,,,0.0,,,,,0.0,,0.0,0.009475049562752247,0.0,,0.0,0.0,0.0006172159337438643,,0.011276694014668465,0.0,,0.0,0.008886725641787052,0.0,,,0.0,,0.01935204491019249,0.0,0.0,,0.0,0.0019069688860327005,,,,0.0,0.0,0.0,0.0,0.0,7.387471123365685e-05,,,,0.007764055393636227,0.0,,0.0,,0.0,0.0,0.0,0.0,,,0.0,0.0,,,0.0,,0.0,,0.0,0.0,0.0,0.0,0.0,0.0,0.0,,0.0,0.010640541091561317,0.0,0.0,0.0,,,0.0,0.0,0.0,0.0,0.004161264281719923,0.0073729087598621845,,,,0.007771022617816925,0.0,0.0,0.0,,,0.008342444896697998,0.0,0.0,,0.0,,,,,0.0,0.013751369901001453,0.0,,0.0,,,0.0,,0.006028351373970509,0.0,0.0,0.0,,0.006963010877370834,0.0,,0.0,0.0,0.0,0.0,0.0,,0.0025301980786025524,0.0,0.0,,0.0,0.0,0.0,0.0,0.0,0.0,0.0,,0.0009805925656110048,0.0,0.0,0.007419695612043142,0.0,0.0,0.0,,0.0,0.0,0.0,0.010489208623766899,0.0,0.0,0.0,0.0,0.0,0.0,0.00028485566144809127,0.0,0.0,0.0,,0.0,0.0,0.0,0.0,0.0,0.0,0.0,0.0,0.0,0.004446286242455244,0.0,0.0,0.0,,0.0,0.006903916597366333,,0.0032303640618920326,0.0,0.0,0.0,0.0,0.0,0.007855664007365704,0.0,0.0,0.0,0.011428353376686573,0.0,0.014265907928347588,0.0,0.0,0.0,0.0,0.0,0.0,0.0,0.0,0.0,0.0,0.0,0.0,0.0071387211792171,0.0,0.0,0.0,0.010663309134542942,0.009583434090018272,0.0,0.00991410668939352,0.0,0.0,0.0,0.019269602373242378,0.0,0.0,0.0,0.0,0.0,0.0,0.0,0.0,0.004451911896467209,0.0,0.0,0.0,0.0,0.0,0.015617968514561653,0.0,0.008543897420167923,0.0,0.0,0.017431413754820824,0.0,0.0,0.0,0.0,0.0,0.011158911511301994,0.0,0.006921166554093361,0.0,0.013884417712688446,0.0,0.0,0.0,0.0,0.0,0.017269155010581017,0.0,0.00583390099927783,0.0,0.0,,,,,,,,,,,,,,,,,,,,,,,,,,,,,,,,,,,,,,,,,,,,,,,,,,,,,,,,,,,,,,,,,,,,,,,,,,,,,,,,,,,,,,,,,,,,,,,,,,,,,,,,,,,,,,,,,,,,,,,,,,,,,,
2021-07-13,798822.4653916687,70.33494018757892,,,,,,,,,,,76494.84123570709,,1039061.7711000025,,,,,,,,,,,,,,,,,,,,,,,,,,,,,,,,,,,,,,,,,,,3651.8721789127185,,,,,,,,,,,,,,,,,,,,,,14299.49183426924,10248.670438685802,3560.2355437396636,7421.891063893989,7765.1574605127435,50948.0405044745,26849.41976972773,5473.94290152051,32566.660987848907,,,,,,,,,,,,,,,,,,,,,,,,,,,,,,,,,,,,0.007672586012631655,0.0,0.0,0.01092440728098154,0.0,0.0,0.0,0.0,0.0,0.0,0.0,0.0,0.0,0.0,0.0,0.0,,0.0,,0.0,,0.0,0.0,0.0,0.010507198981940746,0.0,,0.0,0.0,0.010712611488997936,0.0,0.012846814468502998,0.0,,0.0,,,,0.0,0.0,0.0,,0.0,0.0,0.0012285824632272124,0.009027548134326935,0.0,,,0.0,,0.0,0.0,0.0,0.0,0.0,0.0,0.0,0.0,0.006439491640776396,0.015234255231916904,0.0,0.0,0.0,,0.011381476186215878,0.0,0.0,0.0,0.015055594965815544,,0.0005889178719371557,0.0,,0.0,0.0,0.0,0.0,,0.0,0.0,0.0,,0.0,,0.0,0.0,,0.0,,0.0,0.0,0.0030229962430894375,0.01743323914706707,0.0,0.012673601508140564,0.0,0.016194811090826988,0.0,,,0.009300514124333858,0.0,,,,,0.0,0.0,0.0,0.0,0.0,0.0,0.0,0.0,0.0,,0.012146583758294582,0.0019998527131974697,0.0,,0.019029388204216957,0.0,0.0015352413756772876,0.0,0.0,0.0,,0.002669151872396469,,0.014855947345495224,0.0,0.0,0.01175154373049736,,0.0,0.0,,0.0,0.0,0.0,0.0,0.0,0.0001421356719220057,0.0011042432161048055,0.0,0.0,0.0046468619257211685,0.003770541399717331,0.0,0.0012880248250439763,,0.02132318913936615,0.0,0.004850889090448618,0.0,,0.0,0.007785265799611807,0.0,0.0,0.0,0.0,0.0061191171407699585,0.0,0.0,0.0,,0.015078713186085224,0.0,0.0,,,,0.006918592378497124,0.002163069089874625,,0.0,0.0,0.0,0.0,,0.0,,0.0,0.0,0.013318006880581379,0.0,0.0,0.0,,,,0.0,0.01897398941218853,0.0,0.0,0.0,,0.0,0.008289680816233158,0.007186546456068754,0.0,,0.0,0.015495573170483112,0.0,0.0,0.0,,0.002988440217450261,0.0071138362400233746,0.006663523148745298,0.0,,0.0029522741679102182,0.007444577291607857,0.00870683416724205,0.0,0.015951599925756454,0.0,,0.0,0.0,0.0,0.0,0.0,0.0,,0.0,,0.005740217864513397,0.007723913062363863,0.0016765532782301307,0.0,0.0,0.0,0.0,,0.0,0.011521018110215664,0.0028374833054840565,,,0.0,0.0,0.0,0.0,0.0,0.0,0.0,0.0,0.0,,0.0,0.0,0.0014217449352145195,,0.0,0.0,0.0,0.015036061406135559,0.0,0.0,0.0,,,0.0,0.002523822244256735,0.0,0.0,0.0,,0.012212172150611877,,0.010441260412335396,0.0,,0.0,0.0001980172237381339,0.0,0.0,,,0.0,0.009777898900210857,,0.011562291532754898,0.0,,,0.0,0.021612513810396194,0.0,0.0,0.0,0.0,0.0,,,0.0,0.0,0.0,0.0,0.0,,,0.0,0.0,0.0,,0.0,0.0,,0.0,0.0,0.010721533559262753,,0.0,0.0,0.0,0.0,,0.0,0.0,,0.0,0.0,0.0,0.000222572882194072,0.004138255026191473,0.0,0.0,0.0,0.0,0.0,0.0,0.0,0.0,,0.01636638306081295,,0.0,0.013081780634820461,0.00596213573589921,0.0,0.0,0.0,0.00783260352909565,0.013072560541331768,0.0,0.01504174992442131,0.0,,0.0,,0.0,0.007702955510467291,0.0,,0.0,0.0,0.0,0.0064319828525185585,0.0,0.0,0.0,0.0,0.006455377209931612,0.002276746090501547,0.0,,,0.0,0.0,0.0,,,,0.0,0.0,,0.0,,0.0,,0.0,,,0.0,,,,,0.0,,0.0,0.009475049562752247,0.0,,0.0,0.0,0.0006172159337438643,,0.011276694014668465,0.0,,0.0,0.008886725641787052,0.0,,,0.0,,0.01935204491019249,0.0,0.0,,0.0,0.0019069688860327005,,,,0.0,0.0,0.0,0.0,0.0,7.387471123365685e-05,,,,0.007764055393636227,0.0,,0.0,,0.0,0.0,0.0,0.0,,,0.0,0.0,,,0.0,,0.0,,0.0,0.0,0.0,0.0,0.0,0.0,0.0,,0.0,0.010640541091561317,0.0,0.0,0.0,,,0.0,0.0,0.0,0.0,0.004161264281719923,0.0073729087598621845,,,,0.007771022617816925,0.0,0.0,0.0,,,0.008342444896697998,0.0,0.0,,0.0,,,,,0.0,0.013751369901001453,0.0,,0.0,,,0.0,,0.006028351373970509,0.0,0.0,0.0,,0.006963010877370834,0.0,,0.0,0.0,0.0,0.0,0.0,,0.0025301980786025524,0.0,0.0,,0.0,0.0,0.0,0.0,0.0,0.0,0.0,,0.0009805925656110048,0.0,0.0,0.007419695612043142,0.0,0.0,0.0,,0.0,0.0,0.0,0.010489208623766899,0.0,0.0,0.0,0.0,0.0,0.0,0.00028485566144809127,0.0,0.0,0.0,,0.0,0.0,0.0,0.0,0.0,0.0,0.0,0.0,0.0,0.004446286242455244,0.0,0.0,0.0,,0.0,0.006903916597366333,,0.0032303640618920326,0.0,0.0,0.0,0.0,0.0,0.007855664007365704,0.0,0.0,0.0,0.011428353376686573,0.0,0.014265907928347588,0.0,0.0,0.0,0.0,0.0,0.0,0.0,0.0,0.0,0.0,0.0,0.0,0.0071387211792171,0.0,0.0,0.0,0.010663309134542942,0.009583434090018272,0.0,0.00991410668939352,0.0,0.0,0.0,0.019269602373242378,0.0,0.0,0.0,0.0,0.0,0.0,0.0,0.0,0.004451911896467209,0.0,0.0,0.0,0.0,0.0,0.015617968514561653,0.0,0.008543897420167923,0.0,0.0,0.017431413754820824,0.0,0.0,0.0,0.0,0.0,0.011158911511301994,0.0,0.006921166554093361,0.0,0.013884417712688446,0.0,0.0,0.0,0.0,0.0,0.017269155010581017,0.0,0.00583390099927783,0.0,0.0,,,,,,,,,,,,,,,,,,,,,,,,,,,,,,,,,,,,,,,,,,,,,,,,,,,,,,,,,,,,,,,,,,,,,,,,,,,,,,,,,,,,,,,,,,,,,,,,,,,,,,,,,,,,,,,,,,,,,,,,,,,,,,
2021-07-14,788256.1201161136,136.18200281101156,,,,,,,,,,,76494.84123570709,,1039061.7711000025,,,,,,,,,,,,,,,,,,,,,,,,,,,,,,,,,,,,,,,,,,,3651.8721789127185,,,,,,,,,,,,,,,,,,,,,,14299.49183426924,10248.670438685802,3560.2355437396636,7421.891063893989,7765.1574605127435,50421.47701264033,27111.802237126485,5473.94290152051,32566.660987848907,,,,,,,,,,,,,,,,,,,,,,,,,,,,,,,,,,,,0.007672586012631655,0.0,0.0,0.01092440728098154,0.0,0.0,0.0,0.0,0.0,0.0,0.0,0.0,0.0,0.0,0.0,0.0,,0.0,,0.0,,0.0,0.0,0.0,0.010507198981940746,0.0,,0.0,0.0,0.010712611488997936,0.0,0.012846814468502998,0.0,,0.0,,,,0.0,0.0,0.0,,0.0,0.0,0.0012285824632272124,0.009027548134326935,0.0,,,0.0,,0.0,0.0,0.0,0.0,0.0,0.0,0.0,0.0,0.006439491640776396,0.015234255231916904,0.0,0.0,0.0,,0.011381476186215878,0.0,0.0,0.0,0.015055594965815544,,0.0005889178719371557,0.0,,0.0,0.0,0.0,0.0,,0.0,0.0,0.0,,0.0,,0.0,0.0,,0.0,,0.0,0.0,0.0030229962430894375,0.01743323914706707,0.0,0.012673601508140564,0.0,0.016194811090826988,0.0,,,0.009300514124333858,0.0,,,,,0.0,0.0,0.0,0.0,0.0,0.0,0.0,0.0,0.0,,0.012146583758294582,0.0019998527131974697,0.0,,0.019029388204216957,0.0,0.0015352413756772876,0.0,0.0,0.0,,0.002669151872396469,,0.014855947345495224,0.0,0.0,0.01175154373049736,,0.0,0.0,,0.0,0.0,0.0,0.0,0.0,0.0001421356719220057,0.0011042432161048055,0.0,0.0,0.0046468619257211685,0.003770541399717331,0.0,0.0012880248250439763,,0.02132318913936615,0.0,0.004850889090448618,0.0,,0.0,0.007785265799611807,0.0,0.0,0.0,0.0,0.0061191171407699585,0.0,0.0,0.0,,0.015078713186085224,0.0,0.0,,,,0.006918592378497124,0.002163069089874625,,0.0,0.0,0.0,0.0,,0.0,,0.0,0.0,0.013318006880581379,0.0,0.0,0.0,,,,0.0,0.01897398941218853,0.0,0.0,0.0,,0.0,0.008289680816233158,0.007186546456068754,0.0,,0.0,0.015495573170483112,0.0,0.0,0.0,,0.002988440217450261,0.0071138362400233746,0.006663523148745298,0.0,,0.0029522741679102182,0.007444577291607857,0.00870683416724205,0.0,0.015951599925756454,0.0,,0.0,0.0,0.0,0.0,0.0,0.0,,0.0,,0.005740217864513397,0.007723913062363863,0.0016765532782301307,0.0,0.0,0.0,0.0,,0.0,0.011521018110215664,0.0028374833054840565,,,0.0,0.0,0.0,0.0,0.0,0.0,0.0,0.0,0.0,,0.0,0.0,0.0014217449352145195,,0.0,0.0,0.0,0.015036061406135559,0.0,0.0,0.0,,,0.0,0.002523822244256735,0.0,0.0,0.0,,0.012212172150611877,,0.010441260412335396,0.0,,0.0,0.0001980172237381339,0.0,0.0,,,0.0,0.009777898900210857,,0.011562291532754898,0.0,,,0.0,0.021612513810396194,0.0,0.0,0.0,0.0,0.0,,,0.0,0.0,0.0,0.0,0.0,,,0.0,0.0,0.0,,0.0,0.0,,0.0,0.0,0.010721533559262753,,0.0,0.0,0.0,0.0,,0.0,0.0,,0.0,0.0,0.0,0.000222572882194072,0.004138255026191473,0.0,0.0,0.0,0.0,0.0,0.0,0.0,0.0,,0.01636638306081295,,0.0,0.013081780634820461,0.00596213573589921,0.0,0.0,0.0,0.00783260352909565,0.013072560541331768,0.0,0.01504174992442131,0.0,,0.0,,0.0,0.007702955510467291,0.0,,0.0,0.0,0.0,0.0064319828525185585,0.0,0.0,0.0,0.0,0.006455377209931612,0.002276746090501547,0.0,,,0.0,0.0,0.0,,,,0.0,0.0,,0.0,,0.0,,0.0,,,0.0,,,,,0.0,,0.0,0.009475049562752247,0.0,,0.0,0.0,0.0006172159337438643,,0.011276694014668465,0.0,,0.0,0.008886725641787052,0.0,,,0.0,,0.01935204491019249,0.0,0.0,,0.0,0.0019069688860327005,,,,0.0,0.0,0.0,0.0,0.0,7.387471123365685e-05,,,,0.007764055393636227,0.0,,0.0,,0.0,0.0,0.0,0.0,,,0.0,0.0,,,0.0,,0.0,,0.0,0.0,0.0,0.0,0.0,0.0,0.0,,0.0,0.010640541091561317,0.0,0.0,0.0,,,0.0,0.0,0.0,0.0,0.004161264281719923,0.0073729087598621845,,,,0.007771022617816925,0.0,0.0,0.0,,,0.008342444896697998,0.0,0.0,,0.0,,,,,0.0,0.013751369901001453,0.0,,0.0,,,0.0,,0.006028351373970509,0.0,0.0,0.0,,0.006963010877370834,0.0,,0.0,0.0,0.0,0.0,0.0,,0.0025301980786025524,0.0,0.0,,0.0,0.0,0.0,0.0,0.0,0.0,0.0,,0.0009805925656110048,0.0,0.0,0.007419695612043142,0.0,0.0,0.0,,0.0,0.0,0.0,0.010489208623766899,0.0,0.0,0.0,0.0,0.0,0.0,0.00028485566144809127,0.0,0.0,0.0,,0.0,0.0,0.0,0.0,0.0,0.0,0.0,0.0,0.0,0.004446286242455244,0.0,0.0,0.0,,0.0,0.006903916597366333,,0.0032303640618920326,0.0,0.0,0.0,0.0,0.0,0.007855664007365704,0.0,0.0,0.0,0.011428353376686573,0.0,0.014265907928347588,0.0,0.0,0.0,0.0,0.0,0.0,0.0,0.0,0.0,0.0,0.0,0.0,0.0071387211792171,0.0,0.0,0.0,0.010663309134542942,0.009583434090018272,0.0,0.00991410668939352,0.0,0.0,0.0,0.019269602373242378,0.0,0.0,0.0,0.0,0.0,0.0,0.0,0.0,0.004451911896467209,0.0,0.0,0.0,0.0,0.0,0.015617968514561653,0.0,0.008543897420167923,0.0,0.0,0.017431413754820824,0.0,0.0,0.0,0.0,0.0,0.011158911511301994,0.0,0.006921166554093361,0.0,0.013884417712688446,0.0,0.0,0.0,0.0,0.0,0.017269155010581017,0.0,0.00583390099927783,0.0,0.0,,,,,,,,,,,,,,,,,,,,,,,,,,,,,,,,,,,,,,,,,,,,,,,,,,,,,,,,,,,,,,,,,,,,,,,,,,,,,,,,,,,,,,,,,,,,,,,,,,,,,,,,,,,,,,,,,,,,,,,,,,,,,,
2021-07-15,788424.062449561,379.65675193705374,,,,,,,,,,,76494.84123570709,,1039061.7711000025,,,,,,,,,,,,,,,,,,,,,,,,,,,,,,,,,,,,,,,,,,,3651.8721789127185,,,,,,,,,,,,,,,,,,,,,,14299.49183426924,10248.670438685802,3560.2355437396636,7421.891063893989,7765.1574605127435,50421.47701264033,27027.414588389955,5473.94290152051,32566.660987848907,,,,,,,,,,,,,,,,,,,,,,,,,,,,,,,,,,,,0.007672586012631655,0.0,0.0,0.01092440728098154,0.0,0.0,0.0,0.0,0.0,0.0,0.0,0.0,0.0,0.0,0.0,0.0,,0.0,,0.0,,0.0,0.0,0.0,0.010507198981940746,0.0,,0.0,0.0,0.010712611488997936,0.0,0.012846814468502998,0.0,,0.0,,,,0.0,0.0,0.0,,0.0,0.0,0.0012285824632272124,0.009027548134326935,0.0,,,0.0,,0.0,0.0,0.0,0.0,0.0,0.0,0.0,0.0,0.006439491640776396,0.015234255231916904,0.0,0.0,0.0,,0.011381476186215878,0.0,0.0,0.0,0.015055594965815544,,0.0005889178719371557,0.0,,0.0,0.0,0.0,0.0,,0.0,0.0,0.0,,0.0,,0.0,0.0,,0.0,,0.0,0.0,0.0030229962430894375,0.01743323914706707,0.0,0.012673601508140564,0.0,0.016194811090826988,0.0,,,0.009300514124333858,0.0,,,,,0.0,0.0,0.0,0.0,0.0,0.0,0.0,0.0,0.0,,0.012146583758294582,0.0019998527131974697,0.0,,0.019029388204216957,0.0,0.0015352413756772876,0.0,0.0,0.0,,0.002669151872396469,,0.014855947345495224,0.0,0.0,0.01175154373049736,,0.0,0.0,,0.0,0.0,0.0,0.0,0.0,0.0001421356719220057,0.0011042432161048055,0.0,0.0,0.0046468619257211685,0.003770541399717331,0.0,0.0012880248250439763,,0.02132318913936615,0.0,0.004850889090448618,0.0,,0.0,0.007785265799611807,0.0,0.0,0.0,0.0,0.0061191171407699585,0.0,0.0,0.0,,0.015078713186085224,0.0,0.0,,,,0.006918592378497124,0.002163069089874625,,0.0,0.0,0.0,0.0,,0.0,,0.0,0.0,0.013318006880581379,0.0,0.0,0.0,,,,0.0,0.01897398941218853,0.0,0.0,0.0,,0.0,0.008289680816233158,0.007186546456068754,0.0,,0.0,0.015495573170483112,0.0,0.0,0.0,,0.002988440217450261,0.0071138362400233746,0.006663523148745298,0.0,,0.0029522741679102182,0.007444577291607857,0.00870683416724205,0.0,0.015951599925756454,0.0,,0.0,0.0,0.0,0.0,0.0,0.0,,0.0,,0.005740217864513397,0.007723913062363863,0.0016765532782301307,0.0,0.0,0.0,0.0,,0.0,0.011521018110215664,0.0028374833054840565,,,0.0,0.0,0.0,0.0,0.0,0.0,0.0,0.0,0.0,,0.0,0.0,0.0014217449352145195,,0.0,0.0,0.0,0.015036061406135559,0.0,0.0,0.0,,,0.0,0.002523822244256735,0.0,0.0,0.0,,0.012212172150611877,,0.010441260412335396,0.0,,0.0,0.0001980172237381339,0.0,0.0,,,0.0,0.009777898900210857,,0.011562291532754898,0.0,,,0.0,0.021612513810396194,0.0,0.0,0.0,0.0,0.0,,,0.0,0.0,0.0,0.0,0.0,,,0.0,0.0,0.0,,0.0,0.0,,0.0,0.0,0.010721533559262753,,0.0,0.0,0.0,0.0,,0.0,0.0,,0.0,0.0,0.0,0.000222572882194072,0.004138255026191473,0.0,0.0,0.0,0.0,0.0,0.0,0.0,0.0,,0.01636638306081295,,0.0,0.013081780634820461,0.00596213573589921,0.0,0.0,0.0,0.00783260352909565,0.013072560541331768,0.0,0.01504174992442131,0.0,,0.0,,0.0,0.007702955510467291,0.0,,0.0,0.0,0.0,0.0064319828525185585,0.0,0.0,0.0,0.0,0.006455377209931612,0.002276746090501547,0.0,,,0.0,0.0,0.0,,,,0.0,0.0,,0.0,,0.0,,0.0,,,0.0,,,,,0.0,,0.0,0.009475049562752247,0.0,,0.0,0.0,0.0006172159337438643,,0.011276694014668465,0.0,,0.0,0.008886725641787052,0.0,,,0.0,,0.01935204491019249,0.0,0.0,,0.0,0.0019069688860327005,,,,0.0,0.0,0.0,0.0,0.0,7.387471123365685e-05,,,,0.007764055393636227,0.0,,0.0,,0.0,0.0,0.0,0.0,,,0.0,0.0,,,0.0,,0.0,,0.0,0.0,0.0,0.0,0.0,0.0,0.0,,0.0,0.010640541091561317,0.0,0.0,0.0,,,0.0,0.0,0.0,0.0,0.004161264281719923,0.0073729087598621845,,,,0.007771022617816925,0.0,0.0,0.0,,,0.008342444896697998,0.0,0.0,,0.0,,,,,0.0,0.013751369901001453,0.0,,0.0,,,0.0,,0.006028351373970509,0.0,0.0,0.0,,0.006963010877370834,0.0,,0.0,0.0,0.0,0.0,0.0,,0.0025301980786025524,0.0,0.0,,0.0,0.0,0.0,0.0,0.0,0.0,0.0,,0.0009805925656110048,0.0,0.0,0.007419695612043142,0.0,0.0,0.0,,0.0,0.0,0.0,0.010489208623766899,0.0,0.0,0.0,0.0,0.0,0.0,0.00028485566144809127,0.0,0.0,0.0,,0.0,0.0,0.0,0.0,0.0,0.0,0.0,0.0,0.0,0.004446286242455244,0.0,0.0,0.0,,0.0,0.006903916597366333,,0.0032303640618920326,0.0,0.0,0.0,0.0,0.0,0.007855664007365704,0.0,0.0,0.0,0.011428353376686573,0.0,0.014265907928347588,0.0,0.0,0.0,0.0,0.0,0.0,0.0,0.0,0.0,0.0,0.0,0.0,0.0071387211792171,0.0,0.0,0.0,0.010663309134542942,0.009583434090018272,0.0,0.00991410668939352,0.0,0.0,0.0,0.019269602373242378,0.0,0.0,0.0,0.0,0.0,0.0,0.0,0.0,0.004451911896467209,0.0,0.0,0.0,0.0,0.0,0.015617968514561653,0.0,0.008543897420167923,0.0,0.0,0.017431413754820824,0.0,0.0,0.0,0.0,0.0,0.011158911511301994,0.0,0.006921166554093361,0.0,0.013884417712688446,0.0,0.0,0.0,0.0,0.0,0.017269155010581017,0.0,0.00583390099927783,0.0,0.0,,,,,,,,,,,,,,,,,,,,,,,,,,,,,,,,,,,,,,,,,,,,,,,,,,,,,,,,,,,,,,,,,,,,,,,,,,,,,,,,,,,,,,,,,,,,,,,,,,,,,,,,,,,,,,,,,,,,,,,,,,,,,,
2021-07-16,785117.7124760619,116.43023679162505,,,,,,,,,,,76494.84123570709,,1039061.7711000025,,,,,,,,,,,,,,,,,,,,,,,,,,,,,,,,,,,,,,,,,,,3651.8721789127185,,,,,,,,,,,,,,,,,,,,,,14299.49183426924,10248.670438685802,3560.2355437396636,7421.891063893989,7765.1574605127435,50429.09829267729,27114.88194951743,5473.94290152051,32566.660987848907,,,,,,,,,,,,,,,,,,,,,,,,,,,,,,,,,,,,0.007672586012631655,0.0,0.0,0.01092440728098154,0.0,0.0,0.0,0.0,0.0,0.0,0.0,0.0,0.0,0.0,0.0,0.0,,0.0,,0.0,,0.0,0.0,0.0,0.010507198981940746,0.0,,0.0,0.0,0.010712611488997936,0.0,0.012846814468502998,0.0,,0.0,,,,0.0,0.0,0.0,,0.0,0.0,0.0012285824632272124,0.009027548134326935,0.0,,,0.0,,0.0,0.0,0.0,0.0,0.0,0.0,0.0,0.0,0.006439491640776396,0.015234255231916904,0.0,0.0,0.0,,0.011381476186215878,0.0,0.0,0.0,0.015055594965815544,,0.0005889178719371557,0.0,,0.0,0.0,0.0,0.0,,0.0,0.0,0.0,,0.0,,0.0,0.0,,0.0,,0.0,0.0,0.0030229962430894375,0.01743323914706707,0.0,0.012673601508140564,0.0,0.016194811090826988,0.0,,,0.009300514124333858,0.0,,,,,0.0,0.0,0.0,0.0,0.0,0.0,0.0,0.0,0.0,,0.012146583758294582,0.0019998527131974697,0.0,,0.019029388204216957,0.0,0.0015352413756772876,0.0,0.0,0.0,,0.002669151872396469,,0.014855947345495224,0.0,0.0,0.01175154373049736,,0.0,0.0,,0.0,0.0,0.0,0.0,0.0,0.0001421356719220057,0.0011042432161048055,0.0,0.0,0.0046468619257211685,0.003770541399717331,0.0,0.0012880248250439763,,0.02132318913936615,0.0,0.004850889090448618,0.0,,0.0,0.007785265799611807,0.0,0.0,0.0,0.0,0.0061191171407699585,0.0,0.0,0.0,,0.015078713186085224,0.0,0.0,,,,0.006918592378497124,0.002163069089874625,,0.0,0.0,0.0,0.0,,0.0,,0.0,0.0,0.013318006880581379,0.0,0.0,0.0,,,,0.0,0.01897398941218853,0.0,0.0,0.0,,0.0,0.008289680816233158,0.007186546456068754,0.0,,0.0,0.015495573170483112,0.0,0.0,0.0,,0.002988440217450261,0.0071138362400233746,0.006663523148745298,0.0,,0.0029522741679102182,0.007444577291607857,0.00870683416724205,0.0,0.015951599925756454,0.0,,0.0,0.0,0.0,0.0,0.0,0.0,,0.0,,0.005740217864513397,0.007723913062363863,0.0016765532782301307,0.0,0.0,0.0,0.0,,0.0,0.011521018110215664,0.0028374833054840565,,,0.0,0.0,0.0,0.0,0.0,0.0,0.0,0.0,0.0,,0.0,0.0,0.0014217449352145195,,0.0,0.0,0.0,0.015036061406135559,0.0,0.0,0.0,,,0.0,0.002523822244256735,0.0,0.0,0.0,,0.012212172150611877,,0.010441260412335396,0.0,,0.0,0.0001980172237381339,0.0,0.0,,,0.0,0.009777898900210857,,0.011562291532754898,0.0,,,0.0,0.021612513810396194,0.0,0.0,0.0,0.0,0.0,,,0.0,0.0,0.0,0.0,0.0,,,0.0,0.0,0.0,,0.0,0.0,,0.0,0.0,0.010721533559262753,,0.0,0.0,0.0,0.0,,0.0,0.0,,0.0,0.0,0.0,0.000222572882194072,0.004138255026191473,0.0,0.0,0.0,0.0,0.0,0.0,0.0,0.0,,0.01636638306081295,,0.0,0.013081780634820461,0.00596213573589921,0.0,0.0,0.0,0.00783260352909565,0.013072560541331768,0.0,0.01504174992442131,0.0,,0.0,,0.0,0.007702955510467291,0.0,,0.0,0.0,0.0,0.0064319828525185585,0.0,0.0,0.0,0.0,0.006455377209931612,0.002276746090501547,0.0,,,0.0,0.0,0.0,,,,0.0,0.0,,0.0,,0.0,,0.0,,,0.0,,,,,0.0,,0.0,0.009475049562752247,0.0,,0.0,0.0,0.0006172159337438643,,0.011276694014668465,0.0,,0.0,0.008886725641787052,0.0,,,0.0,,0.01935204491019249,0.0,0.0,,0.0,0.0019069688860327005,,,,0.0,0.0,0.0,0.0,0.0,7.387471123365685e-05,,,,0.007764055393636227,0.0,,0.0,,0.0,0.0,0.0,0.0,,,0.0,0.0,,,0.0,,0.0,,0.0,0.0,0.0,0.0,0.0,0.0,0.0,,0.0,0.010640541091561317,0.0,0.0,0.0,,,0.0,0.0,0.0,0.0,0.004161264281719923,0.0073729087598621845,,,,0.007771022617816925,0.0,0.0,0.0,,,0.008342444896697998,0.0,0.0,,0.0,,,,,0.0,0.013751369901001453,0.0,,0.0,,,0.0,,0.006028351373970509,0.0,0.0,0.0,,0.006963010877370834,0.0,,0.0,0.0,0.0,0.0,0.0,,0.0025301980786025524,0.0,0.0,,0.0,0.0,0.0,0.0,0.0,0.0,0.0,,0.0009805925656110048,0.0,0.0,0.007419695612043142,0.0,0.0,0.0,,0.0,0.0,0.0,0.010489208623766899,0.0,0.0,0.0,0.0,0.0,0.0,0.00028485566144809127,0.0,0.0,0.0,,0.0,0.0,0.0,0.0,0.0,0.0,0.0,0.0,0.0,0.004446286242455244,0.0,0.0,0.0,,0.0,0.006903916597366333,,0.0032303640618920326,0.0,0.0,0.0,0.0,0.0,0.007855664007365704,0.0,0.0,0.0,0.011428353376686573,0.0,0.014265907928347588,0.0,0.0,0.0,0.0,0.0,0.0,0.0,0.0,0.0,0.0,0.0,0.0,0.0071387211792171,0.0,0.0,0.0,0.010663309134542942,0.009583434090018272,0.0,0.00991410668939352,0.0,0.0,0.0,0.019269602373242378,0.0,0.0,0.0,0.0,0.0,0.0,0.0,0.0,0.004451911896467209,0.0,0.0,0.0,0.0,0.0,0.015617968514561653,0.0,0.008543897420167923,0.0,0.0,0.017431413754820824,0.0,0.0,0.0,0.0,0.0,0.011158911511301994,0.0,0.006921166554093361,0.0,0.013884417712688446,0.0,0.0,0.0,0.0,0.0,0.017269155010581017,0.0,0.00583390099927783,0.0,0.0,,,,,,,,,,,,,,,,,,,,,,,,,,,,,,,,,,,,,,,,,,,,,,,,,,,,,,,,,,,,,,,,,,,,,,,,,,,,,,,,,,,,,,,,,,,,,,,,,,,,,,,,,,,,,,,,,,,,,,,,,,,,,,
2021-07-19,780430.7710079295,717.3597063013704,,,,,,,,,,,76494.84123570709,,1039061.7711000025,,,,,,,,,,,,,,,,,,,,,,,,,,,,,,,,,,,,,,,,,,,3651.8721789127185,,,,,,,,,,,,,,,,,,,,,,14299.49183426924,10248.670438685802,3560.2355437396636,7421.891063893989,7765.1574605127435,48319.095942121785,27289.816671772383,5672.081600367028,32566.660987848907,,,,,,,,,,,,,,,,,,,,,,,,,,,,,,,,,,,,0.007672586012631655,0.0,0.0,0.01092440728098154,0.0,0.0,0.0,0.0,0.0,0.0,0.0,0.0,0.0,0.0,0.0,0.0,,0.0,,0.0,,0.0,0.0,0.0,0.010507198981940746,0.0,,0.0,0.0,0.010712611488997936,0.0,0.012846814468502998,0.0,,0.0,,,,0.0,0.0,0.0,,0.0,0.0,0.0012285824632272124,0.009027548134326935,0.0,,,0.0,,0.0,0.0,0.0,0.0,0.0,0.0,0.0,0.0,0.006439491640776396,0.015234255231916904,0.0,0.0,0.0,,0.011381476186215878,0.0,0.0,0.0,0.015055594965815544,,0.0005889178719371557,0.0,,0.0,0.0,0.0,0.0,,0.0,0.0,0.0,,0.0,,0.0,0.0,,0.0,,0.0,0.0,0.0030229962430894375,0.01743323914706707,0.0,0.012673601508140564,0.0,0.016194811090826988,0.0,,,0.009300514124333858,0.0,,,,,0.0,0.0,0.0,0.0,0.0,0.0,0.0,0.0,0.0,,0.012146583758294582,0.0019998527131974697,0.0,,0.019029388204216957,0.0,0.0015352413756772876,0.0,0.0,0.0,,0.002669151872396469,,0.014855947345495224,0.0,0.0,0.01175154373049736,,0.0,0.0,,0.0,0.0,0.0,0.0,0.0,0.0001421356719220057,0.0011042432161048055,0.0,0.0,0.0046468619257211685,0.003770541399717331,0.0,0.0012880248250439763,,0.02132318913936615,0.0,0.004850889090448618,0.0,,0.0,0.007785265799611807,0.0,0.0,0.0,0.0,0.0061191171407699585,0.0,0.0,0.0,,0.015078713186085224,0.0,0.0,,,,0.006918592378497124,0.002163069089874625,,0.0,0.0,0.0,0.0,,0.0,,0.0,0.0,0.013318006880581379,0.0,0.0,0.0,,,,0.0,0.01897398941218853,0.0,0.0,0.0,,0.0,0.008289680816233158,0.007186546456068754,0.0,,0.0,0.015495573170483112,0.0,0.0,0.0,,0.002988440217450261,0.0071138362400233746,0.006663523148745298,0.0,,0.0029522741679102182,0.007444577291607857,0.00870683416724205,0.0,0.015951599925756454,0.0,,0.0,0.0,0.0,0.0,0.0,0.0,,0.0,,0.005740217864513397,0.007723913062363863,0.0016765532782301307,0.0,0.0,0.0,0.0,,0.0,0.011521018110215664,0.0028374833054840565,,,0.0,0.0,0.0,0.0,0.0,0.0,0.0,0.0,0.0,,0.0,0.0,0.0014217449352145195,,0.0,0.0,0.0,0.015036061406135559,0.0,0.0,0.0,,,0.0,0.002523822244256735,0.0,0.0,0.0,,0.012212172150611877,,0.010441260412335396,0.0,,0.0,0.0001980172237381339,0.0,0.0,,,0.0,0.009777898900210857,,0.011562291532754898,0.0,,,0.0,0.021612513810396194,0.0,0.0,0.0,0.0,0.0,,,0.0,0.0,0.0,0.0,0.0,,,0.0,0.0,0.0,,0.0,0.0,,0.0,0.0,0.010721533559262753,,0.0,0.0,0.0,0.0,,0.0,0.0,,0.0,0.0,0.0,0.000222572882194072,0.004138255026191473,0.0,0.0,0.0,0.0,0.0,0.0,0.0,0.0,,0.01636638306081295,,0.0,0.013081780634820461,0.00596213573589921,0.0,0.0,0.0,0.00783260352909565,0.013072560541331768,0.0,0.01504174992442131,0.0,,0.0,,0.0,0.007702955510467291,0.0,,0.0,0.0,0.0,0.0064319828525185585,0.0,0.0,0.0,0.0,0.006455377209931612,0.002276746090501547,0.0,,,0.0,0.0,0.0,,,,0.0,0.0,,0.0,,0.0,,0.0,,,0.0,,,,,0.0,,0.0,0.009475049562752247,0.0,,0.0,0.0,0.0006172159337438643,,0.011276694014668465,0.0,,0.0,0.008886725641787052,0.0,,,0.0,,0.01935204491019249,0.0,0.0,,0.0,0.0019069688860327005,,,,0.0,0.0,0.0,0.0,0.0,7.387471123365685e-05,,,,0.007764055393636227,0.0,,0.0,,0.0,0.0,0.0,0.0,,,0.0,0.0,,,0.0,,0.0,,0.0,0.0,0.0,0.0,0.0,0.0,0.0,,0.0,0.010640541091561317,0.0,0.0,0.0,,,0.0,0.0,0.0,0.0,0.004161264281719923,0.0073729087598621845,,,,0.007771022617816925,0.0,0.0,0.0,,,0.008342444896697998,0.0,0.0,,0.0,,,,,0.0,0.013751369901001453,0.0,,0.0,,,0.0,,0.006028351373970509,0.0,0.0,0.0,,0.006963010877370834,0.0,,0.0,0.0,0.0,0.0,0.0,,0.0025301980786025524,0.0,0.0,,0.0,0.0,0.0,0.0,0.0,0.0,0.0,,0.0009805925656110048,0.0,0.0,0.007419695612043142,0.0,0.0,0.0,,0.0,0.0,0.0,0.010489208623766899,0.0,0.0,0.0,0.0,0.0,0.0,0.00028485566144809127,0.0,0.0,0.0,,0.0,0.0,0.0,0.0,0.0,0.0,0.0,0.0,0.0,0.004446286242455244,0.0,0.0,0.0,,0.0,0.006903916597366333,,0.0032303640618920326,0.0,0.0,0.0,0.0,0.0,0.007855664007365704,0.0,0.0,0.0,0.011428353376686573,0.0,0.014265907928347588,0.0,0.0,0.0,0.0,0.0,0.0,0.0,0.0,0.0,0.0,0.0,0.0,0.0071387211792171,0.0,0.0,0.0,0.010663309134542942,0.009583434090018272,0.0,0.00991410668939352,0.0,0.0,0.0,0.019269602373242378,0.0,0.0,0.0,0.0,0.0,0.0,0.0,0.0,0.004451911896467209,0.0,0.0,0.0,0.0,0.0,0.015617968514561653,0.0,0.008543897420167923,0.0,0.0,0.017431413754820824,0.0,0.0,0.0,0.0,0.0,0.011158911511301994,0.0,0.006921166554093361,0.0,0.013884417712688446,0.0,0.0,0.0,0.0,0.0,0.017269155010581017,0.0,0.00583390099927783,0.0,0.0,,,,,,,,,,,,,,,,,,,,,,,,,,,,,,,,,,,,,,,,,,,,,,,,,,,,,,,,,,,,,,,,,,,,,,,,,,,,,,,,,,,,,,,,,,,,,,,,,,,,,,,,,,,,,,,,,,,,,,,,,,,,,,
2021-07-20,783828.4339324427,508.79871951719167,,,,,,,,,,,76494.84123570709,,1039061.7711000025,,,,,,,,,,,,,,,,,,,,,,,,,,,,,,,,,,,,,,,,,,,3651.8721789127185,,,,,,,,,,,,,,,,,,,,,,14299.49183426924,10248.670438685802,3560.2355437396636,7421.891063893989,7765.1574605127435,48319.095942121785,27108.32714731983,5738.126996120966,32566.660987848907,,,,,,,,,,,,,,,,,,,,,,,,,,,,,,,,,,,,0.007672586012631655,0.0,0.0,0.01092440728098154,0.0,0.0,0.0,0.0,0.0,0.0,0.0,0.0,0.0,0.0,0.0,0.0,,0.0,,0.0,,0.0,0.0,0.0,0.010507198981940746,0.0,,0.0,0.0,0.010712611488997936,0.0,0.012846814468502998,0.0,,0.0,,,,0.0,0.0,0.0,,0.0,0.0,0.0012285824632272124,0.009027548134326935,0.0,,,0.0,,0.0,0.0,0.0,0.0,0.0,0.0,0.0,0.0,0.006439491640776396,0.015234255231916904,0.0,0.0,0.0,,0.011381476186215878,0.0,0.0,0.0,0.015055594965815544,,0.0005889178719371557,0.0,,0.0,0.0,0.0,0.0,,0.0,0.0,0.0,,0.0,,0.0,0.0,,0.0,,0.0,0.0,0.0030229962430894375,0.01743323914706707,0.0,0.012673601508140564,0.0,0.016194811090826988,0.0,,,0.009300514124333858,0.0,,,,,0.0,0.0,0.0,0.0,0.0,0.0,0.0,0.0,0.0,,0.012146583758294582,0.0019998527131974697,0.0,,0.019029388204216957,0.0,0.0015352413756772876,0.0,0.0,0.0,,0.002669151872396469,,0.014855947345495224,0.0,0.0,0.01175154373049736,,0.0,0.0,,0.0,0.0,0.0,0.0,0.0,0.0001421356719220057,0.0011042432161048055,0.0,0.0,0.0046468619257211685,0.003770541399717331,0.0,0.0012880248250439763,,0.02132318913936615,0.0,0.004850889090448618,0.0,,0.0,0.007785265799611807,0.0,0.0,0.0,0.0,0.0061191171407699585,0.0,0.0,0.0,,0.015078713186085224,0.0,0.0,,,,0.006918592378497124,0.002163069089874625,,0.0,0.0,0.0,0.0,,0.0,,0.0,0.0,0.013318006880581379,0.0,0.0,0.0,,,,0.0,0.01897398941218853,0.0,0.0,0.0,,0.0,0.008289680816233158,0.007186546456068754,0.0,,0.0,0.015495573170483112,0.0,0.0,0.0,,0.002988440217450261,0.0071138362400233746,0.006663523148745298,0.0,,0.0029522741679102182,0.007444577291607857,0.00870683416724205,0.0,0.015951599925756454,0.0,,0.0,0.0,0.0,0.0,0.0,0.0,,0.0,,0.005740217864513397,0.007723913062363863,0.0016765532782301307,0.0,0.0,0.0,0.0,,0.0,0.011521018110215664,0.0028374833054840565,,,0.0,0.0,0.0,0.0,0.0,0.0,0.0,0.0,0.0,,0.0,0.0,0.0014217449352145195,,0.0,0.0,0.0,0.015036061406135559,0.0,0.0,0.0,,,0.0,0.002523822244256735,0.0,0.0,0.0,,0.012212172150611877,,0.010441260412335396,0.0,,0.0,0.0001980172237381339,0.0,0.0,,,0.0,0.009777898900210857,,0.011562291532754898,0.0,,,0.0,0.021612513810396194,0.0,0.0,0.0,0.0,0.0,,,0.0,0.0,0.0,0.0,0.0,,,0.0,0.0,0.0,,0.0,0.0,,0.0,0.0,0.010721533559262753,,0.0,0.0,0.0,0.0,,0.0,0.0,,0.0,0.0,0.0,0.000222572882194072,0.004138255026191473,0.0,0.0,0.0,0.0,0.0,0.0,0.0,0.0,,0.01636638306081295,,0.0,0.013081780634820461,0.00596213573589921,0.0,0.0,0.0,0.00783260352909565,0.013072560541331768,0.0,0.01504174992442131,0.0,,0.0,,0.0,0.007702955510467291,0.0,,0.0,0.0,0.0,0.0064319828525185585,0.0,0.0,0.0,0.0,0.006455377209931612,0.002276746090501547,0.0,,,0.0,0.0,0.0,,,,0.0,0.0,,0.0,,0.0,,0.0,,,0.0,,,,,0.0,,0.0,0.009475049562752247,0.0,,0.0,0.0,0.0006172159337438643,,0.011276694014668465,0.0,,0.0,0.008886725641787052,0.0,,,0.0,,0.01935204491019249,0.0,0.0,,0.0,0.0019069688860327005,,,,0.0,0.0,0.0,0.0,0.0,7.387471123365685e-05,,,,0.007764055393636227,0.0,,0.0,,0.0,0.0,0.0,0.0,,,0.0,0.0,,,0.0,,0.0,,0.0,0.0,0.0,0.0,0.0,0.0,0.0,,0.0,0.010640541091561317,0.0,0.0,0.0,,,0.0,0.0,0.0,0.0,0.004161264281719923,0.0073729087598621845,,,,0.007771022617816925,0.0,0.0,0.0,,,0.008342444896697998,0.0,0.0,,0.0,,,,,0.0,0.013751369901001453,0.0,,0.0,,,0.0,,0.006028351373970509,0.0,0.0,0.0,,0.006963010877370834,0.0,,0.0,0.0,0.0,0.0,0.0,,0.0025301980786025524,0.0,0.0,,0.0,0.0,0.0,0.0,0.0,0.0,0.0,,0.0009805925656110048,0.0,0.0,0.007419695612043142,0.0,0.0,0.0,,0.0,0.0,0.0,0.010489208623766899,0.0,0.0,0.0,0.0,0.0,0.0,0.00028485566144809127,0.0,0.0,0.0,,0.0,0.0,0.0,0.0,0.0,0.0,0.0,0.0,0.0,0.004446286242455244,0.0,0.0,0.0,,0.0,0.006903916597366333,,0.0032303640618920326,0.0,0.0,0.0,0.0,0.0,0.007855664007365704,0.0,0.0,0.0,0.011428353376686573,0.0,0.014265907928347588,0.0,0.0,0.0,0.0,0.0,0.0,0.0,0.0,0.0,0.0,0.0,0.0,0.0071387211792171,0.0,0.0,0.0,0.010663309134542942,0.009583434090018272,0.0,0.00991410668939352,0.0,0.0,0.0,0.019269602373242378,0.0,0.0,0.0,0.0,0.0,0.0,0.0,0.0,0.004451911896467209,0.0,0.0,0.0,0.0,0.0,0.015617968514561653,0.0,0.008543897420167923,0.0,0.0,0.017431413754820824,0.0,0.0,0.0,0.0,0.0,0.011158911511301994,0.0,0.006921166554093361,0.0,0.013884417712688446,0.0,0.0,0.0,0.0,0.0,0.017269155010581017,0.0,0.00583390099927783,0.0,0.0,,,,,,,,,,,,,,,,,,,,,,,,,,,,,,,,,,,,,,,,,,,,,,,,,,,,,,,,,,,,,,,,,,,,,,,,,,,,,,,,,,,,,,,,,,,,,,,,,,,,,,,,,,,,,,,,,,,,,,,,,,,,,,
2021-07-21,788860.3578875507,5.975679575452548,,,,,,,,,,,76494.84123570709,,1039061.7711000025,,,,,,,,,,,,,,,,,,,,,,,,,,,,,,,,,,,,,,,,,,,3651.8747569611332,,,,,,,,,,,,,,,,,,,,,,14299.49183426924,10248.670438685802,3560.2355437396636,7421.891063893989,7765.1574605127435,48319.095942121785,27283.219580528345,5738.126996120966,32566.660987848907,,,,,,,,,,,,,,,,,,,,,,,,,,,,,,,,,,,,0.007672586012631655,0.0,0.0,0.01092440728098154,0.0,0.0,0.0,0.0,0.0,0.0,0.0,0.0,0.0,0.0,0.0,0.0,,0.0,,0.0,,0.0,0.0,0.0,0.010507198981940746,0.0,,0.0,0.0,0.010712611488997936,0.0,0.012846814468502998,0.0,,0.0,,,,0.0,0.0,0.0,,0.0,0.0,0.0012285824632272124,0.009027548134326935,0.0,,,0.0,,0.0,0.0,0.0,0.0,0.0,0.0,0.0,0.0,0.006439491640776396,0.015234255231916904,0.0,0.0,0.0,,0.011381476186215878,0.0,0.0,0.0,0.015055594965815544,,0.0005889178719371557,0.0,,0.0,0.0,0.0,0.0,,0.0,0.0,0.0,,0.0,,0.0,0.0,,0.0,,0.0,0.0,0.0030229962430894375,0.01743323914706707,0.0,0.012673601508140564,0.0,0.016194811090826988,0.0,,,0.009300514124333858,0.0,,,,,0.0,0.0,0.0,0.0,0.0,0.0,0.0,0.0,0.0,,0.012146583758294582,0.0019998527131974697,0.0,,0.019029388204216957,0.0,0.0015352413756772876,0.0,0.0,0.0,,0.002669151872396469,,0.014855947345495224,0.0,0.0,0.01175154373049736,,0.0,0.0,,0.0,0.0,0.0,0.0,0.0,0.0001421356719220057,0.0011042432161048055,0.0,0.0,0.0046468619257211685,0.003770541399717331,0.0,0.0012880248250439763,,0.02132318913936615,0.0,0.004850889090448618,0.0,,0.0,0.007785265799611807,0.0,0.0,0.0,0.0,0.0061191171407699585,0.0,0.0,0.0,,0.015078713186085224,0.0,0.0,,,,0.006918592378497124,0.002163069089874625,,0.0,0.0,0.0,0.0,,0.0,,0.0,0.0,0.013318006880581379,0.0,0.0,0.0,,,,0.0,0.01897398941218853,0.0,0.0,0.0,,0.0,0.008289680816233158,0.007186546456068754,0.0,,0.0,0.015495573170483112,0.0,0.0,0.0,,0.002988440217450261,0.0071138362400233746,0.006663523148745298,0.0,,0.0029522741679102182,0.007444577291607857,0.00870683416724205,0.0,0.015951599925756454,0.0,,0.0,0.0,0.0,0.0,0.0,0.0,,0.0,,0.005740217864513397,0.007723913062363863,0.0016765532782301307,0.0,0.0,0.0,0.0,,0.0,0.011521018110215664,0.0028374833054840565,,,0.0,0.0,0.0,0.0,0.0,0.0,0.0,0.0,0.0,,0.0,0.0,0.0014217449352145195,,0.0,0.0,0.0,0.015036061406135559,0.0,0.0,0.0,,,0.0,0.002523822244256735,0.0,0.0,0.0,,0.012212172150611877,,0.010441260412335396,0.0,,0.0,0.0001980172237381339,0.0,0.0,,,0.0,0.009777898900210857,,0.011562291532754898,0.0,,,0.0,0.021612513810396194,0.0,0.0,0.0,0.0,0.0,,,0.0,0.0,0.0,0.0,0.0,,,0.0,0.0,0.0,,0.0,0.0,,0.0,0.0,0.010721533559262753,,0.0,0.0,0.0,0.0,,0.0,0.0,,0.0,0.0,0.0,0.000222572882194072,0.004138255026191473,0.0,0.0,0.0,0.0,0.0,0.0,0.0,0.0,,0.01636638306081295,,0.0,0.013081780634820461,0.00596213573589921,0.0,0.0,0.0,0.00783260352909565,0.013072560541331768,0.0,0.01504174992442131,0.0,,0.0,,0.0,0.007702955510467291,0.0,,0.0,0.0,0.0,0.0064319828525185585,0.0,0.0,0.0,0.0,0.006455377209931612,0.002276746090501547,0.0,,,0.0,0.0,0.0,,,,0.0,0.0,,0.0,,0.0,,0.0,,,0.0,,,,,0.0,,0.0,0.009475049562752247,0.0,,0.0,0.0,0.0006172159337438643,,0.011276694014668465,0.0,,0.0,0.008886725641787052,0.0,,,0.0,,0.01935204491019249,0.0,0.0,,0.0,0.0019069688860327005,,,,0.0,0.0,0.0,0.0,0.0,7.387471123365685e-05,,,,0.007764055393636227,0.0,,0.0,,0.0,0.0,0.0,0.0,,,0.0,0.0,,,0.0,,0.0,,0.0,0.0,0.0,0.0,0.0,0.0,0.0,,0.0,0.010640541091561317,0.0,0.0,0.0,,,0.0,0.0,0.0,0.0,0.004161264281719923,0.0073729087598621845,,,,0.007771022617816925,0.0,0.0,0.0,,,0.008342444896697998,0.0,0.0,,0.0,,,,,0.0,0.013751369901001453,0.0,,0.0,,,0.0,,0.006028351373970509,0.0,0.0,0.0,,0.006963010877370834,0.0,,0.0,0.0,0.0,0.0,0.0,,0.0025301980786025524,0.0,0.0,,0.0,0.0,0.0,0.0,0.0,0.0,0.0,,0.0009805925656110048,0.0,0.0,0.007419695612043142,0.0,0.0,0.0,,0.0,0.0,0.0,0.010489208623766899,0.0,0.0,0.0,0.0,0.0,0.0,0.00028485566144809127,0.0,0.0,0.0,,0.0,0.0,0.0,0.0,0.0,0.0,0.0,0.0,0.0,0.004446286242455244,0.0,0.0,0.0,,0.0,0.006903916597366333,,0.0032303640618920326,0.0,0.0,0.0,0.0,0.0,0.007855664007365704,0.0,0.0,0.0,0.011428353376686573,0.0,0.014265907928347588,0.0,0.0,0.0,0.0,0.0,0.0,0.0,0.0,0.0,0.0,0.0,0.0,0.0071387211792171,0.0,0.0,0.0,0.010663309134542942,0.009583434090018272,0.0,0.00991410668939352,0.0,0.0,0.0,0.019269602373242378,0.0,0.0,0.0,0.0,0.0,0.0,0.0,0.0,0.004451911896467209,0.0,0.0,0.0,0.0,0.0,0.015617968514561653,0.0,0.008543897420167923,0.0,0.0,0.017431413754820824,0.0,0.0,0.0,0.0,0.0,0.011158911511301994,0.0,0.006921166554093361,0.0,0.013884417712688446,0.0,0.0,0.0,0.0,0.0,0.017269155010581017,0.0,0.00583390099927783,0.0,0.0,,,,,,,,,,,,,,,,,,,,,,,,,,,,,,,,,,,,,,,,,,,,,,,,,,,,,,,,,,,,,,,,,,,,,,,,,,,,,,,,,,,,,,,,,,,,,,,,,,,,,,,,,,,,,,,,,,,,,,,,,,,,,,
2021-07-22,789260.7803484909,7.7048688266040815,,,,,,,,,,,76494.84123570709,,1039061.7711000025,,,,,,,,,,,,,,,,,,,,,,,,,,,,,,,,,,,,,,,,,,,3651.8618667554597,,,,,,,,,,,,,,,,,,,,,,14299.49183426924,10248.670438685802,3560.2355437396636,7421.891063893989,7765.006963790819,48319.095942121785,27283.219580528345,5738.126996120966,32566.660987848907,,,,,,,,,,,,,,,,,,,,,,,,,,,,,,,,,,,,0.007672586012631655,0.0,0.0,0.01092440728098154,0.0,0.0,0.0,0.0,0.0,0.0,0.0,0.0,0.0,0.0,0.0,0.0,,0.0,,0.0,,0.0,0.0,0.0,0.010507198981940746,0.0,,0.0,0.0,0.010712611488997936,0.0,0.012846814468502998,0.0,,0.0,,,,0.0,0.0,0.0,,0.0,0.0,0.0012285824632272124,0.009027548134326935,0.0,,,0.0,,0.0,0.0,0.0,0.0,0.0,0.0,0.0,0.0,0.006439491640776396,0.015234255231916904,0.0,0.0,0.0,,0.011381476186215878,0.0,0.0,0.0,0.015055594965815544,,0.0005889178719371557,0.0,,0.0,0.0,0.0,0.0,,0.0,0.0,0.0,,0.0,,0.0,0.0,,0.0,,0.0,0.0,0.0030229962430894375,0.01743323914706707,0.0,0.012673601508140564,0.0,0.016194811090826988,0.0,,,0.009300514124333858,0.0,,,,,0.0,0.0,0.0,0.0,0.0,0.0,0.0,0.0,0.0,,0.012146583758294582,0.0019998527131974697,0.0,,0.019029388204216957,0.0,0.0015352413756772876,0.0,0.0,0.0,,0.002669151872396469,,0.014855947345495224,0.0,0.0,0.01175154373049736,,0.0,0.0,,0.0,0.0,0.0,0.0,0.0,0.0001421356719220057,0.0011042432161048055,0.0,0.0,0.0046468619257211685,0.003770541399717331,0.0,0.0012880248250439763,,0.02132318913936615,0.0,0.004850889090448618,0.0,,0.0,0.007785265799611807,0.0,0.0,0.0,0.0,0.0061191171407699585,0.0,0.0,0.0,,0.015078713186085224,0.0,0.0,,,,0.006918592378497124,0.002163069089874625,,0.0,0.0,0.0,0.0,,0.0,,0.0,0.0,0.013318006880581379,0.0,0.0,0.0,,,,0.0,0.01897398941218853,0.0,0.0,0.0,,0.0,0.008289680816233158,0.007186546456068754,0.0,,0.0,0.015495573170483112,0.0,0.0,0.0,,0.002988440217450261,0.0071138362400233746,0.006663523148745298,0.0,,0.0029522741679102182,0.007444577291607857,0.00870683416724205,0.0,0.015951599925756454,0.0,,0.0,0.0,0.0,0.0,0.0,0.0,,0.0,,0.005740217864513397,0.007723913062363863,0.0016765532782301307,0.0,0.0,0.0,0.0,,0.0,0.011521018110215664,0.0028374833054840565,,,0.0,0.0,0.0,0.0,0.0,0.0,0.0,0.0,0.0,,0.0,0.0,0.0014217449352145195,,0.0,0.0,0.0,0.015036061406135559,0.0,0.0,0.0,,,0.0,0.002523822244256735,0.0,0.0,0.0,,0.012212172150611877,,0.010441260412335396,0.0,,0.0,0.0001980172237381339,0.0,0.0,,,0.0,0.009777898900210857,,0.011562291532754898,0.0,,,0.0,0.021612513810396194,0.0,0.0,0.0,0.0,0.0,,,0.0,0.0,0.0,0.0,0.0,,,0.0,0.0,0.0,,0.0,0.0,,0.0,0.0,0.010721533559262753,,0.0,0.0,0.0,0.0,,0.0,0.0,,0.0,0.0,0.0,0.000222572882194072,0.004138255026191473,0.0,0.0,0.0,0.0,0.0,0.0,0.0,0.0,,0.01636638306081295,,0.0,0.013081780634820461,0.00596213573589921,0.0,0.0,0.0,0.00783260352909565,0.013072560541331768,0.0,0.01504174992442131,0.0,,0.0,,0.0,0.007702955510467291,0.0,,0.0,0.0,0.0,0.0064319828525185585,0.0,0.0,0.0,0.0,0.006455377209931612,0.002276746090501547,0.0,,,0.0,0.0,0.0,,,,0.0,0.0,,0.0,,0.0,,0.0,,,0.0,,,,,0.0,,0.0,0.009475049562752247,0.0,,0.0,0.0,0.0006172159337438643,,0.011276694014668465,0.0,,0.0,0.008886725641787052,0.0,,,0.0,,0.01935204491019249,0.0,0.0,,0.0,0.0019069688860327005,,,,0.0,0.0,0.0,0.0,0.0,7.387471123365685e-05,,,,0.007764055393636227,0.0,,0.0,,0.0,0.0,0.0,0.0,,,0.0,0.0,,,0.0,,0.0,,0.0,0.0,0.0,0.0,0.0,0.0,0.0,,0.0,0.010640541091561317,0.0,0.0,0.0,,,0.0,0.0,0.0,0.0,0.004161264281719923,0.0073729087598621845,,,,0.007771022617816925,0.0,0.0,0.0,,,0.008342444896697998,0.0,0.0,,0.0,,,,,0.0,0.013751369901001453,0.0,,0.0,,,0.0,,0.006028351373970509,0.0,0.0,0.0,,0.006963010877370834,0.0,,0.0,0.0,0.0,0.0,0.0,,0.0025301980786025524,0.0,0.0,,0.0,0.0,0.0,0.0,0.0,0.0,0.0,,0.0009805925656110048,0.0,0.0,0.007419695612043142,0.0,0.0,0.0,,0.0,0.0,0.0,0.010489208623766899,0.0,0.0,0.0,0.0,0.0,0.0,0.00028485566144809127,0.0,0.0,0.0,,0.0,0.0,0.0,0.0,0.0,0.0,0.0,0.0,0.0,0.004446286242455244,0.0,0.0,0.0,,0.0,0.006903916597366333,,0.0032303640618920326,0.0,0.0,0.0,0.0,0.0,0.007855664007365704,0.0,0.0,0.0,0.011428353376686573,0.0,0.014265907928347588,0.0,0.0,0.0,0.0,0.0,0.0,0.0,0.0,0.0,0.0,0.0,0.0,0.0071387211792171,0.0,0.0,0.0,0.010663309134542942,0.009583434090018272,0.0,0.00991410668939352,0.0,0.0,0.0,0.019269602373242378,0.0,0.0,0.0,0.0,0.0,0.0,0.0,0.0,0.004451911896467209,0.0,0.0,0.0,0.0,0.0,0.015617968514561653,0.0,0.008543897420167923,0.0,0.0,0.017431413754820824,0.0,0.0,0.0,0.0,0.0,0.011158911511301994,0.0,0.006921166554093361,0.0,0.013884417712688446,0.0,0.0,0.0,0.0,0.0,0.017269155010581017,0.0,0.00583390099927783,0.0,0.0,,,,,,,,,,,,,,,,,,,,,,,,,,,,,,,,,,,,,,,,,,,,,,,,,,,,,,,,,,,,,,,,,,,,,,,,,,,,,,,,,,,,,,,,,,,,,,,,,,,,,,,,,,,,,,,,,,,,,,,,,,,,,,
2021-07-23,789211.374291185,105.86522161058019,,,,,,,,,,,76494.84123570709,,1039061.7711000025,,,,,,,,,,,,,,,,,,,,,,,,,,,,,,,,,,,,,,,,,,,3651.8618667554597,,,,,,,,,,,,,,,,,,,,,,14299.49183426924,10248.670438685802,3560.2355437396636,7421.891063893989,7764.780668134183,47269.317108457835,27108.637997774782,5936.259876300044,32566.660987848907,,,,,,,,,,,,,,,,,,,,,,,,,,,,,,,,,,,,0.007672586012631655,0.0,0.0,0.01092440728098154,0.0,0.0,0.0,0.0,0.0,0.0,0.0,0.0,0.0,0.0,0.0,0.0,,0.0,,0.0,,0.0,0.0,0.0,0.010507198981940746,0.0,,0.0,0.0,0.010712611488997936,0.0,0.012846814468502998,0.0,,0.0,,,,0.0,0.0,0.0,,0.0,0.0,0.0012285824632272124,0.009027548134326935,0.0,,,0.0,,0.0,0.0,0.0,0.0,0.0,0.0,0.0,0.0,0.006439491640776396,0.015234255231916904,0.0,0.0,0.0,,0.011381476186215878,0.0,0.0,0.0,0.015055594965815544,,0.0005889178719371557,0.0,,0.0,0.0,0.0,0.0,,0.0,0.0,0.0,,0.0,,0.0,0.0,,0.0,,0.0,0.0,0.0030229962430894375,0.01743323914706707,0.0,0.012673601508140564,0.0,0.016194811090826988,0.0,,,0.009300514124333858,0.0,,,,,0.0,0.0,0.0,0.0,0.0,0.0,0.0,0.0,0.0,,0.012146583758294582,0.0019998527131974697,0.0,,0.019029388204216957,0.0,0.0015352413756772876,0.0,0.0,0.0,,0.002669151872396469,,0.014855947345495224,0.0,0.0,0.01175154373049736,,0.0,0.0,,0.0,0.0,0.0,0.0,0.0,0.0001421356719220057,0.0011042432161048055,0.0,0.0,0.0046468619257211685,0.003770541399717331,0.0,0.0012880248250439763,,0.02132318913936615,0.0,0.004850889090448618,0.0,,0.0,0.007785265799611807,0.0,0.0,0.0,0.0,0.0061191171407699585,0.0,0.0,0.0,,0.015078713186085224,0.0,0.0,,,,0.006918592378497124,0.002163069089874625,,0.0,0.0,0.0,0.0,,0.0,,0.0,0.0,0.013318006880581379,0.0,0.0,0.0,,,,0.0,0.01897398941218853,0.0,0.0,0.0,,0.0,0.008289680816233158,0.007186546456068754,0.0,,0.0,0.015495573170483112,0.0,0.0,0.0,,0.002988440217450261,0.0071138362400233746,0.006663523148745298,0.0,,0.0029522741679102182,0.007444577291607857,0.00870683416724205,0.0,0.015951599925756454,0.0,,0.0,0.0,0.0,0.0,0.0,0.0,,0.0,,0.005740217864513397,0.007723913062363863,0.0016765532782301307,0.0,0.0,0.0,0.0,,0.0,0.011521018110215664,0.0028374833054840565,,,0.0,0.0,0.0,0.0,0.0,0.0,0.0,0.0,0.0,,0.0,0.0,0.0014217449352145195,,0.0,0.0,0.0,0.015036061406135559,0.0,0.0,0.0,,,0.0,0.002523822244256735,0.0,0.0,0.0,,0.012212172150611877,,0.010441260412335396,0.0,,0.0,0.0001980172237381339,0.0,0.0,,,0.0,0.009777898900210857,,0.011562291532754898,0.0,,,0.0,0.021612513810396194,0.0,0.0,0.0,0.0,0.0,,,0.0,0.0,0.0,0.0,0.0,,,0.0,0.0,0.0,,0.0,0.0,,0.0,0.0,0.010721533559262753,,0.0,0.0,0.0,0.0,,0.0,0.0,,0.0,0.0,0.0,0.000222572882194072,0.004138255026191473,0.0,0.0,0.0,0.0,0.0,0.0,0.0,0.0,,0.01636638306081295,,0.0,0.013081780634820461,0.00596213573589921,0.0,0.0,0.0,0.00783260352909565,0.013072560541331768,0.0,0.01504174992442131,0.0,,0.0,,0.0,0.007702955510467291,0.0,,0.0,0.0,0.0,0.0064319828525185585,0.0,0.0,0.0,0.0,0.006455377209931612,0.002276746090501547,0.0,,,0.0,0.0,0.0,,,,0.0,0.0,,0.0,,0.0,,0.0,,,0.0,,,,,0.0,,0.0,0.009475049562752247,0.0,,0.0,0.0,0.0006172159337438643,,0.011276694014668465,0.0,,0.0,0.008886725641787052,0.0,,,0.0,,0.01935204491019249,0.0,0.0,,0.0,0.0019069688860327005,,,,0.0,0.0,0.0,0.0,0.0,7.387471123365685e-05,,,,0.007764055393636227,0.0,,0.0,,0.0,0.0,0.0,0.0,,,0.0,0.0,,,0.0,,0.0,,0.0,0.0,0.0,0.0,0.0,0.0,0.0,,0.0,0.010640541091561317,0.0,0.0,0.0,,,0.0,0.0,0.0,0.0,0.004161264281719923,0.0073729087598621845,,,,0.007771022617816925,0.0,0.0,0.0,,,0.008342444896697998,0.0,0.0,,0.0,,,,,0.0,0.013751369901001453,0.0,,0.0,,,0.0,,0.006028351373970509,0.0,0.0,0.0,,0.006963010877370834,0.0,,0.0,0.0,0.0,0.0,0.0,,0.0025301980786025524,0.0,0.0,,0.0,0.0,0.0,0.0,0.0,0.0,0.0,,0.0009805925656110048,0.0,0.0,0.007419695612043142,0.0,0.0,0.0,,0.0,0.0,0.0,0.010489208623766899,0.0,0.0,0.0,0.0,0.0,0.0,0.00028485566144809127,0.0,0.0,0.0,,0.0,0.0,0.0,0.0,0.0,0.0,0.0,0.0,0.0,0.004446286242455244,0.0,0.0,0.0,,0.0,0.006903916597366333,,0.0032303640618920326,0.0,0.0,0.0,0.0,0.0,0.007855664007365704,0.0,0.0,0.0,0.011428353376686573,0.0,0.014265907928347588,0.0,0.0,0.0,0.0,0.0,0.0,0.0,0.0,0.0,0.0,0.0,0.0,0.0071387211792171,0.0,0.0,0.0,0.010663309134542942,0.009583434090018272,0.0,0.00991410668939352,0.0,0.0,0.0,0.019269602373242378,0.0,0.0,0.0,0.0,0.0,0.0,0.0,0.0,0.004451911896467209,0.0,0.0,0.0,0.0,0.0,0.015617968514561653,0.0,0.008543897420167923,0.0,0.0,0.017431413754820824,0.0,0.0,0.0,0.0,0.0,0.011158911511301994,0.0,0.006921166554093361,0.0,0.013884417712688446,0.0,0.0,0.0,0.0,0.0,0.017269155010581017,0.0,0.00583390099927783,0.0,0.0,,,,,,,,,,,,,,,,,,,,,,,,,,,,,,,,,,,,,,,,,,,,,,,,,,,,,,,,,,,,,,,,,,,,,,,,,,,,,,,,,,,,,,,,,,,,,,,,,,,,,,,,,,,,,,,,,,,,,,,,,,,,,,
2021-07-26,775161.670520104,524.39375060827,,,,,,,,,,,76494.84123570709,,1039061.7711000025,,,,,,,,,,,,,,,,,,,,,,,,,,,,,,,,,,,,,,,,,,,3651.987764993366,,,,,,,,,,,,,,,,,,,,,,14299.49183426924,10248.670438685802,3560.2355437396636,7421.891063893989,7764.8205356425515,46744.28539150515,27020.88093071557,6002.303743318059,32566.660987848907,,,,,,,,,,,,,,,,,,,,,,,,,,,,,,,,,,,,0.007672586012631655,0.0,0.0,0.01092440728098154,0.0,0.0,0.0,0.0,0.0,0.0,0.0,0.0,0.0,0.0,0.0,0.0,,0.0,,0.0,,0.0,0.0,0.0,0.010507198981940746,0.0,,0.0,0.0,0.010712611488997936,0.0,0.012846814468502998,0.0,,0.0,,,,0.0,0.0,0.0,,0.0,0.0,0.0012285824632272124,0.009027548134326935,0.0,,,0.0,,0.0,0.0,0.0,0.0,0.0,0.0,0.0,0.0,0.006439491640776396,0.015234255231916904,0.0,0.0,0.0,,0.011381476186215878,0.0,0.0,0.0,0.015055594965815544,,0.0005889178719371557,0.0,,0.0,0.0,0.0,0.0,,0.0,0.0,0.0,,0.0,,0.0,0.0,,0.0,,0.0,0.0,0.0030229962430894375,0.01743323914706707,0.0,0.012673601508140564,0.0,0.016194811090826988,0.0,,,0.009300514124333858,0.0,,,,,0.0,0.0,0.0,0.0,0.0,0.0,0.0,0.0,0.0,,0.012146583758294582,0.0019998527131974697,0.0,,0.019029388204216957,0.0,0.0015352413756772876,0.0,0.0,0.0,,0.002669151872396469,,0.014855947345495224,0.0,0.0,0.01175154373049736,,0.0,0.0,,0.0,0.0,0.0,0.0,0.0,0.0001421356719220057,0.0011042432161048055,0.0,0.0,0.0046468619257211685,0.003770541399717331,0.0,0.0012880248250439763,,0.02132318913936615,0.0,0.004850889090448618,0.0,,0.0,0.007785265799611807,0.0,0.0,0.0,0.0,0.0061191171407699585,0.0,0.0,0.0,,0.015078713186085224,0.0,0.0,,,,0.006918592378497124,0.002163069089874625,,0.0,0.0,0.0,0.0,,0.0,,0.0,0.0,0.013318006880581379,0.0,0.0,0.0,,,,0.0,0.01897398941218853,0.0,0.0,0.0,,0.0,0.008289680816233158,0.007186546456068754,0.0,,0.0,0.015495573170483112,0.0,0.0,0.0,,0.002988440217450261,0.0071138362400233746,0.006663523148745298,0.0,,0.0029522741679102182,0.007444577291607857,0.00870683416724205,0.0,0.015951599925756454,0.0,,0.0,0.0,0.0,0.0,0.0,0.0,,0.0,,0.005740217864513397,0.007723913062363863,0.0016765532782301307,0.0,0.0,0.0,0.0,,0.0,0.011521018110215664,0.0028374833054840565,,,0.0,0.0,0.0,0.0,0.0,0.0,0.0,0.0,0.0,,0.0,0.0,0.0014217449352145195,,0.0,0.0,0.0,0.015036061406135559,0.0,0.0,0.0,,,0.0,0.002523822244256735,0.0,0.0,0.0,,0.012212172150611877,,0.010441260412335396,0.0,,0.0,0.0001980172237381339,0.0,0.0,,,0.0,0.009777898900210857,,0.011562291532754898,0.0,,,0.0,0.021612513810396194,0.0,0.0,0.0,0.0,0.0,,,0.0,0.0,0.0,0.0,0.0,,,0.0,0.0,0.0,,0.0,0.0,,0.0,0.0,0.010721533559262753,,0.0,0.0,0.0,0.0,,0.0,0.0,,0.0,0.0,0.0,0.000222572882194072,0.004138255026191473,0.0,0.0,0.0,0.0,0.0,0.0,0.0,0.0,,0.01636638306081295,,0.0,0.013081780634820461,0.00596213573589921,0.0,0.0,0.0,0.00783260352909565,0.013072560541331768,0.0,0.01504174992442131,0.0,,0.0,,0.0,0.007702955510467291,0.0,,0.0,0.0,0.0,0.0064319828525185585,0.0,0.0,0.0,0.0,0.006455377209931612,0.002276746090501547,0.0,,,0.0,0.0,0.0,,,,0.0,0.0,,0.0,,0.0,,0.0,,,0.0,,,,,0.0,,0.0,0.009475049562752247,0.0,,0.0,0.0,0.0006172159337438643,,0.011276694014668465,0.0,,0.0,0.008886725641787052,0.0,,,0.0,,0.01935204491019249,0.0,0.0,,0.0,0.0019069688860327005,,,,0.0,0.0,0.0,0.0,0.0,7.387471123365685e-05,,,,0.007764055393636227,0.0,,0.0,,0.0,0.0,0.0,0.0,,,0.0,0.0,,,0.0,,0.0,,0.0,0.0,0.0,0.0,0.0,0.0,0.0,,0.0,0.010640541091561317,0.0,0.0,0.0,,,0.0,0.0,0.0,0.0,0.004161264281719923,0.0073729087598621845,,,,0.007771022617816925,0.0,0.0,0.0,,,0.008342444896697998,0.0,0.0,,0.0,,,,,0.0,0.013751369901001453,0.0,,0.0,,,0.0,,0.006028351373970509,0.0,0.0,0.0,,0.006963010877370834,0.0,,0.0,0.0,0.0,0.0,0.0,,0.0025301980786025524,0.0,0.0,,0.0,0.0,0.0,0.0,0.0,0.0,0.0,,0.0009805925656110048,0.0,0.0,0.007419695612043142,0.0,0.0,0.0,,0.0,0.0,0.0,0.010489208623766899,0.0,0.0,0.0,0.0,0.0,0.0,0.00028485566144809127,0.0,0.0,0.0,,0.0,0.0,0.0,0.0,0.0,0.0,0.0,0.0,0.0,0.004446286242455244,0.0,0.0,0.0,,0.0,0.006903916597366333,,0.0032303640618920326,0.0,0.0,0.0,0.0,0.0,0.007855664007365704,0.0,0.0,0.0,0.011428353376686573,0.0,0.014265907928347588,0.0,0.0,0.0,0.0,0.0,0.0,0.0,0.0,0.0,0.0,0.0,0.0,0.0071387211792171,0.0,0.0,0.0,0.010663309134542942,0.009583434090018272,0.0,0.00991410668939352,0.0,0.0,0.0,0.019269602373242378,0.0,0.0,0.0,0.0,0.0,0.0,0.0,0.0,0.004451911896467209,0.0,0.0,0.0,0.0,0.0,0.015617968514561653,0.0,0.008543897420167923,0.0,0.0,0.017431413754820824,0.0,0.0,0.0,0.0,0.0,0.011158911511301994,0.0,0.006921166554093361,0.0,0.013884417712688446,0.0,0.0,0.0,0.0,0.0,0.017269155010581017,0.0,0.00583390099927783,0.0,0.0,,,,,,,,,,,,,,,,,,,,,,,,,,,,,,,,,,,,,,,,,,,,,,,,,,,,,,,,,,,,,,,,,,,,,,,,,,,,,,,,,,,,,,,,,,,,,,,,,,,,,,,,,,,,,,,,,,,,,,,,,,,,,,
2021-07-27,768788.2888212961,62.1228142012748,,,,,,,,,,,76494.84123570709,,1039061.7711000025,,,,,,,,,,,,,,,,,,,,,,,,,,,,,,,,,,,,,,,,,,,3651.987764993366,,,,,,,,,,,,,,,,,,,,,,14299.49183426924,10309.89685164561,3560.2355437396636,7421.891063893989,7765.070980340173,46744.28539150515,27020.88093071557,6002.303743318059,32566.660987848907,,,,,,,,,,,,,,,,,,,,,,,,,,,,,,,,,,,,0.007672586012631655,0.0,0.0,0.01092440728098154,0.0,0.0,0.0,0.0,0.0,0.0,0.0,0.0,0.0,0.0,0.0,0.0,,0.0,,0.0,,0.0,0.0,0.0,0.010507198981940746,0.0,,0.0,0.0,0.010712611488997936,0.0,0.012846814468502998,0.0,,0.0,,,,0.0,0.0,0.0,,0.0,0.0,0.0012285824632272124,0.009027548134326935,0.0,,,0.0,,0.0,0.0,0.0,0.0,0.0,0.0,0.0,0.0,0.006439491640776396,0.015234255231916904,0.0,0.0,0.0,,0.011381476186215878,0.0,0.0,0.0,0.015055594965815544,,0.0005889178719371557,0.0,,0.0,0.0,0.0,0.0,,0.0,0.0,0.0,,0.0,,0.0,0.0,,0.0,,0.0,0.0,0.0030229962430894375,0.01743323914706707,0.0,0.012673601508140564,0.0,0.016194811090826988,0.0,,,0.009300514124333858,0.0,,,,,0.0,0.0,0.0,0.0,0.0,0.0,0.0,0.0,0.0,,0.012146583758294582,0.0019998527131974697,0.0,,0.019029388204216957,0.0,0.0015352413756772876,0.0,0.0,0.0,,0.002669151872396469,,0.014855947345495224,0.0,0.0,0.01175154373049736,,0.0,0.0,,0.0,0.0,0.0,0.0,0.0,0.0001421356719220057,0.0011042432161048055,0.0,0.0,0.0046468619257211685,0.003770541399717331,0.0,0.0012880248250439763,,0.02132318913936615,0.0,0.004850889090448618,0.0,,0.0,0.007785265799611807,0.0,0.0,0.0,0.0,0.0061191171407699585,0.0,0.0,0.0,,0.015078713186085224,0.0,0.0,,,,0.006918592378497124,0.002163069089874625,,0.0,0.0,0.0,0.0,,0.0,,0.0,0.0,0.013318006880581379,0.0,0.0,0.0,,,,0.0,0.01897398941218853,0.0,0.0,0.0,,0.0,0.008289680816233158,0.007186546456068754,0.0,,0.0,0.015495573170483112,0.0,0.0,0.0,,0.002988440217450261,0.0071138362400233746,0.006663523148745298,0.0,,0.0029522741679102182,0.007444577291607857,0.00870683416724205,0.0,0.015951599925756454,0.0,,0.0,0.0,0.0,0.0,0.0,0.0,,0.0,,0.005740217864513397,0.007723913062363863,0.0016765532782301307,0.0,0.0,0.0,0.0,,0.0,0.011521018110215664,0.0028374833054840565,,,0.0,0.0,0.0,0.0,0.0,0.0,0.0,0.0,0.0,,0.0,0.0,0.0014217449352145195,,0.0,0.0,0.0,0.015036061406135559,0.0,0.0,0.0,,,0.0,0.002523822244256735,0.0,0.0,0.0,,0.012212172150611877,,0.010441260412335396,0.0,,0.0,0.0001980172237381339,0.0,0.0,,,0.0,0.009777898900210857,,0.011562291532754898,0.0,,,0.0,0.021612513810396194,0.0,0.0,0.0,0.0,0.0,,,0.0,0.0,0.0,0.0,0.0,,,0.0,0.0,0.0,,0.0,0.0,,0.0,0.0,0.010721533559262753,,0.0,0.0,0.0,0.0,,0.0,0.0,,0.0,0.0,0.0,0.000222572882194072,0.004138255026191473,0.0,0.0,0.0,0.0,0.0,0.0,0.0,0.0,,0.01636638306081295,,0.0,0.013081780634820461,0.00596213573589921,0.0,0.0,0.0,0.00783260352909565,0.013072560541331768,0.0,0.01504174992442131,0.0,,0.0,,0.0,0.007702955510467291,0.0,,0.0,0.0,0.0,0.0064319828525185585,0.0,0.0,0.0,0.0,0.006455377209931612,0.002276746090501547,0.0,,,0.0,0.0,0.0,,,,0.0,0.0,,0.0,,0.0,,0.0,,,0.0,,,,,0.0,,0.0,0.009475049562752247,0.0,,0.0,0.0,0.0006172159337438643,,0.011276694014668465,0.0,,0.0,0.008886725641787052,0.0,,,0.0,,0.01935204491019249,0.0,0.0,,0.0,0.0019069688860327005,,,,0.0,0.0,0.0,0.0,0.0,7.387471123365685e-05,,,,0.007764055393636227,0.0,,0.0,,0.0,0.0,0.0,0.0,,,0.0,0.0,,,0.0,,0.0,,0.0,0.0,0.0,0.0,0.0,0.0,0.0,,0.0,0.010640541091561317,0.0,0.0,0.0,,,0.0,0.0,0.0,0.0,0.004161264281719923,0.0073729087598621845,,,,0.007771022617816925,0.0,0.0,0.0,,,0.008342444896697998,0.0,0.0,,0.0,,,,,0.0,0.013751369901001453,0.0,,0.0,,,0.0,,0.006028351373970509,0.0,0.0,0.0,,0.006963010877370834,0.0,,0.0,0.0,0.0,0.0,0.0,,0.0025301980786025524,0.0,0.0,,0.0,0.0,0.0,0.0,0.0,0.0,0.0,,0.0009805925656110048,0.0,0.0,0.007419695612043142,0.0,0.0,0.0,,0.0,0.0,0.0,0.010489208623766899,0.0,0.0,0.0,0.0,0.0,0.0,0.00028485566144809127,0.0,0.0,0.0,,0.0,0.0,0.0,0.0,0.0,0.0,0.0,0.0,0.0,0.004446286242455244,0.0,0.0,0.0,,0.0,0.006903916597366333,,0.0032303640618920326,0.0,0.0,0.0,0.0,0.0,0.007855664007365704,0.0,0.0,0.0,0.011428353376686573,0.0,0.014265907928347588,0.0,0.0,0.0,0.0,0.0,0.0,0.0,0.0,0.0,0.0,0.0,0.0,0.0071387211792171,0.0,0.0,0.0,0.010663309134542942,0.009583434090018272,0.0,0.00991410668939352,0.0,0.0,0.0,0.019269602373242378,0.0,0.0,0.0,0.0,0.0,0.0,0.0,0.0,0.004451911896467209,0.0,0.0,0.0,0.0,0.0,0.015617968514561653,0.0,0.008543897420167923,0.0,0.0,0.017431413754820824,0.0,0.0,0.0,0.0,0.0,0.011158911511301994,0.0,0.006921166554093361,0.0,0.013884417712688446,0.0,0.0,0.0,0.0,0.0,0.017269155010581017,0.0,0.00583390099927783,0.0,0.0,,,,,,,,,,,,,,,,,,,,,,,,,,,,,,,,,,,,,,,,,,,,,,,,,,,,,,,,,,,,,,,,,,,,,,,,,,,,,,,,,,,,,,,,,,,,,,,,,,,,,,,,,,,,,,,,,,,,,,,,,,,,,,
2021-07-28,750732.3332902017,358.98958081559385,,,,,,,,,,,76494.84123570709,,1039061.7711000025,,,,,,,,,,,,,,,,,,,,,,,,,,,,,,,,,,,,,,,,,,,3651.987764993366,,,,,,,,,,,,,,,,,,,,,,14299.49183426924,10310.428686720885,3560.2355437396636,7421.891063893989,7764.983379012394,46744.28539150515,26675.058583413647,6068.348359095847,32566.660987848907,,,,,,,,,,,,,,,,,,,,,,,,,,,,,,,,,,,,0.007672586012631655,0.0,0.0,0.01092440728098154,0.0,0.0,0.0,0.0,0.0,0.0,0.0,0.0,0.0,0.0,0.0,0.0,,0.0,,0.0,,0.0,0.0,0.0,0.010507198981940746,0.0,,0.0,0.0,0.010712611488997936,0.0,0.012846814468502998,0.0,,0.0,,,,0.0,0.0,0.0,,0.0,0.0,0.0012285824632272124,0.009027548134326935,0.0,,,0.0,,0.0,0.0,0.0,0.0,0.0,0.0,0.0,0.0,0.006439491640776396,0.015234255231916904,0.0,0.0,0.0,,0.011381476186215878,0.0,0.0,0.0,0.015055594965815544,,0.0005889178719371557,0.0,,0.0,0.0,0.0,0.0,,0.0,0.0,0.0,,0.0,,0.0,0.0,,0.0,,0.0,0.0,0.0030229962430894375,0.01743323914706707,0.0,0.012673601508140564,0.0,0.016194811090826988,0.0,,,0.009300514124333858,0.0,,,,,0.0,0.0,0.0,0.0,0.0,0.0,0.0,0.0,0.0,,0.012146583758294582,0.0019998527131974697,0.0,,0.019029388204216957,0.0,0.0015352413756772876,0.0,0.0,0.0,,0.002669151872396469,,0.014855947345495224,0.0,0.0,0.01175154373049736,,0.0,0.0,,0.0,0.0,0.0,0.0,0.0,0.0001421356719220057,0.0011042432161048055,0.0,0.0,0.0046468619257211685,0.003770541399717331,0.0,0.0012880248250439763,,0.02132318913936615,0.0,0.004850889090448618,0.0,,0.0,0.007785265799611807,0.0,0.0,0.0,0.0,0.0061191171407699585,0.0,0.0,0.0,,0.015078713186085224,0.0,0.0,,,,0.006918592378497124,0.002163069089874625,,0.0,0.0,0.0,0.0,,0.0,,0.0,0.0,0.013318006880581379,0.0,0.0,0.0,,,,0.0,0.01897398941218853,0.0,0.0,0.0,,0.0,0.008289680816233158,0.007186546456068754,0.0,,0.0,0.015495573170483112,0.0,0.0,0.0,,0.002988440217450261,0.0071138362400233746,0.006663523148745298,0.0,,0.0029522741679102182,0.007444577291607857,0.00870683416724205,0.0,0.015951599925756454,0.0,,0.0,0.0,0.0,0.0,0.0,0.0,,0.0,,0.005740217864513397,0.007723913062363863,0.0016765532782301307,0.0,0.0,0.0,0.0,,0.0,0.011521018110215664,0.0028374833054840565,,,0.0,0.0,0.0,0.0,0.0,0.0,0.0,0.0,0.0,,0.0,0.0,0.0014217449352145195,,0.0,0.0,0.0,0.015036061406135559,0.0,0.0,0.0,,,0.0,0.002523822244256735,0.0,0.0,0.0,,0.012212172150611877,,0.010441260412335396,0.0,,0.0,0.0001980172237381339,0.0,0.0,,,0.0,0.009777898900210857,,0.011562291532754898,0.0,,,0.0,0.021612513810396194,0.0,0.0,0.0,0.0,0.0,,,0.0,0.0,0.0,0.0,0.0,,,0.0,0.0,0.0,,0.0,0.0,,0.0,0.0,0.010721533559262753,,0.0,0.0,0.0,0.0,,0.0,0.0,,0.0,0.0,0.0,0.000222572882194072,0.004138255026191473,0.0,0.0,0.0,0.0,0.0,0.0,0.0,0.0,,0.01636638306081295,,0.0,0.013081780634820461,0.00596213573589921,0.0,0.0,0.0,0.00783260352909565,0.013072560541331768,0.0,0.01504174992442131,0.0,,0.0,,0.0,0.007702955510467291,0.0,,0.0,0.0,0.0,0.0064319828525185585,0.0,0.0,0.0,0.0,0.006455377209931612,0.002276746090501547,0.0,,,0.0,0.0,0.0,,,,0.0,0.0,,0.0,,0.0,,0.0,,,0.0,,,,,0.0,,0.0,0.009475049562752247,0.0,,0.0,0.0,0.0006172159337438643,,0.011276694014668465,0.0,,0.0,0.008886725641787052,0.0,,,0.0,,0.01935204491019249,0.0,0.0,,0.0,0.0019069688860327005,,,,0.0,0.0,0.0,0.0,0.0,7.387471123365685e-05,,,,0.007764055393636227,0.0,,0.0,,0.0,0.0,0.0,0.0,,,0.0,0.0,,,0.0,,0.0,,0.0,0.0,0.0,0.0,0.0,0.0,0.0,,0.0,0.010640541091561317,0.0,0.0,0.0,,,0.0,0.0,0.0,0.0,0.004161264281719923,0.0073729087598621845,,,,0.007771022617816925,0.0,0.0,0.0,,,0.008342444896697998,0.0,0.0,,0.0,,,,,0.0,0.013751369901001453,0.0,,0.0,,,0.0,,0.006028351373970509,0.0,0.0,0.0,,0.006963010877370834,0.0,,0.0,0.0,0.0,0.0,0.0,,0.0025301980786025524,0.0,0.0,,0.0,0.0,0.0,0.0,0.0,0.0,0.0,,0.0009805925656110048,0.0,0.0,0.007419695612043142,0.0,0.0,0.0,,0.0,0.0,0.0,0.010489208623766899,0.0,0.0,0.0,0.0,0.0,0.0,0.00028485566144809127,0.0,0.0,0.0,,0.0,0.0,0.0,0.0,0.0,0.0,0.0,0.0,0.0,0.004446286242455244,0.0,0.0,0.0,,0.0,0.006903916597366333,,0.0032303640618920326,0.0,0.0,0.0,0.0,0.0,0.007855664007365704,0.0,0.0,0.0,0.011428353376686573,0.0,0.014265907928347588,0.0,0.0,0.0,0.0,0.0,0.0,0.0,0.0,0.0,0.0,0.0,0.0,0.0071387211792171,0.0,0.0,0.0,0.010663309134542942,0.009583434090018272,0.0,0.00991410668939352,0.0,0.0,0.0,0.019269602373242378,0.0,0.0,0.0,0.0,0.0,0.0,0.0,0.0,0.004451911896467209,0.0,0.0,0.0,0.0,0.0,0.015617968514561653,0.0,0.008543897420167923,0.0,0.0,0.017431413754820824,0.0,0.0,0.0,0.0,0.0,0.011158911511301994,0.0,0.006921166554093361,0.0,0.013884417712688446,0.0,0.0,0.0,0.0,0.0,0.017269155010581017,0.0,0.00583390099927783,0.0,0.0,,,,,,,,,,,,,,,,,,,,,,,,,,,,,,,,,,,,,,,,,,,,,,,,,,,,,,,,,,,,,,,,,,,,,,,,,,,,,,,,,,,,,,,,,,,,,,,,,,,,,,,,,,,,,,,,,,,,,,,,,,,,,,
2021-07-29,762936.1146796694,100.99676449705669,,,,,,,,,,,76494.84123570709,,1039061.7711000025,,,,,,,,,,,,,,,,,,,,,,,,,,,,,,,,,,,,,,,,,,,3651.987764993366,,,,,,,,,,,,,,,,,,,,,,14299.49183426924,10205.930060484472,3560.2355437396636,7421.891063893989,7764.780106622903,47269.497189819784,26762.524530940176,6068.348359095847,32566.660987848907,,,,,,,,,,,,,,,,,,,,,,,,,,,,,,,,,,,,0.007672586012631655,0.0,0.0,0.01092440728098154,0.0,0.0,0.0,0.0,0.0,0.0,0.0,0.0,0.0,0.0,0.0,0.0,,0.0,,0.0,,0.0,0.0,0.0,0.010507198981940746,0.0,,0.0,0.0,0.010712611488997936,0.0,0.012846814468502998,0.0,,0.0,,,,0.0,0.0,0.0,,0.0,0.0,0.0012285824632272124,0.009027548134326935,0.0,,,0.0,,0.0,0.0,0.0,0.0,0.0,0.0,0.0,0.0,0.006439491640776396,0.015234255231916904,0.0,0.0,0.0,,0.011381476186215878,0.0,0.0,0.0,0.015055594965815544,,0.0005889178719371557,0.0,,0.0,0.0,0.0,0.0,,0.0,0.0,0.0,,0.0,,0.0,0.0,,0.0,,0.0,0.0,0.0030229962430894375,0.01743323914706707,0.0,0.012673601508140564,0.0,0.016194811090826988,0.0,,,0.009300514124333858,0.0,,,,,0.0,0.0,0.0,0.0,0.0,0.0,0.0,0.0,0.0,,0.012146583758294582,0.0019998527131974697,0.0,,0.019029388204216957,0.0,0.0015352413756772876,0.0,0.0,0.0,,0.002669151872396469,,0.014855947345495224,0.0,0.0,0.01175154373049736,,0.0,0.0,,0.0,0.0,0.0,0.0,0.0,0.0001421356719220057,0.0011042432161048055,0.0,0.0,0.0046468619257211685,0.003770541399717331,0.0,0.0012880248250439763,,0.02132318913936615,0.0,0.004850889090448618,0.0,,0.0,0.007785265799611807,0.0,0.0,0.0,0.0,0.0061191171407699585,0.0,0.0,0.0,,0.015078713186085224,0.0,0.0,,,,0.006918592378497124,0.002163069089874625,,0.0,0.0,0.0,0.0,,0.0,,0.0,0.0,0.013318006880581379,0.0,0.0,0.0,,,,0.0,0.01897398941218853,0.0,0.0,0.0,,0.0,0.008289680816233158,0.007186546456068754,0.0,,0.0,0.015495573170483112,0.0,0.0,0.0,,0.002988440217450261,0.0071138362400233746,0.006663523148745298,0.0,,0.0029522741679102182,0.007444577291607857,0.00870683416724205,0.0,0.015951599925756454,0.0,,0.0,0.0,0.0,0.0,0.0,0.0,,0.0,,0.005740217864513397,0.007723913062363863,0.0016765532782301307,0.0,0.0,0.0,0.0,,0.0,0.011521018110215664,0.0028374833054840565,,,0.0,0.0,0.0,0.0,0.0,0.0,0.0,0.0,0.0,,0.0,0.0,0.0014217449352145195,,0.0,0.0,0.0,0.015036061406135559,0.0,0.0,0.0,,,0.0,0.002523822244256735,0.0,0.0,0.0,,0.012212172150611877,,0.010441260412335396,0.0,,0.0,0.0001980172237381339,0.0,0.0,,,0.0,0.009777898900210857,,0.011562291532754898,0.0,,,0.0,0.021612513810396194,0.0,0.0,0.0,0.0,0.0,,,0.0,0.0,0.0,0.0,0.0,,,0.0,0.0,0.0,,0.0,0.0,,0.0,0.0,0.010721533559262753,,0.0,0.0,0.0,0.0,,0.0,0.0,,0.0,0.0,0.0,0.000222572882194072,0.004138255026191473,0.0,0.0,0.0,0.0,0.0,0.0,0.0,0.0,,0.01636638306081295,,0.0,0.013081780634820461,0.00596213573589921,0.0,0.0,0.0,0.00783260352909565,0.013072560541331768,0.0,0.01504174992442131,0.0,,0.0,,0.0,0.007702955510467291,0.0,,0.0,0.0,0.0,0.0064319828525185585,0.0,0.0,0.0,0.0,0.006455377209931612,0.002276746090501547,0.0,,,0.0,0.0,0.0,,,,0.0,0.0,,0.0,,0.0,,0.0,,,0.0,,,,,0.0,,0.0,0.009475049562752247,0.0,,0.0,0.0,0.0006172159337438643,,0.011276694014668465,0.0,,0.0,0.008886725641787052,0.0,,,0.0,,0.01935204491019249,0.0,0.0,,0.0,0.0019069688860327005,,,,0.0,0.0,0.0,0.0,0.0,7.387471123365685e-05,,,,0.007764055393636227,0.0,,0.0,,0.0,0.0,0.0,0.0,,,0.0,0.0,,,0.0,,0.0,,0.0,0.0,0.0,0.0,0.0,0.0,0.0,,0.0,0.010640541091561317,0.0,0.0,0.0,,,0.0,0.0,0.0,0.0,0.004161264281719923,0.0073729087598621845,,,,0.007771022617816925,0.0,0.0,0.0,,,0.008342444896697998,0.0,0.0,,0.0,,,,,0.0,0.013751369901001453,0.0,,0.0,,,0.0,,0.006028351373970509,0.0,0.0,0.0,,0.006963010877370834,0.0,,0.0,0.0,0.0,0.0,0.0,,0.0025301980786025524,0.0,0.0,,0.0,0.0,0.0,0.0,0.0,0.0,0.0,,0.0009805925656110048,0.0,0.0,0.007419695612043142,0.0,0.0,0.0,,0.0,0.0,0.0,0.010489208623766899,0.0,0.0,0.0,0.0,0.0,0.0,0.00028485566144809127,0.0,0.0,0.0,,0.0,0.0,0.0,0.0,0.0,0.0,0.0,0.0,0.0,0.004446286242455244,0.0,0.0,0.0,,0.0,0.006903916597366333,,0.0032303640618920326,0.0,0.0,0.0,0.0,0.0,0.007855664007365704,0.0,0.0,0.0,0.011428353376686573,0.0,0.014265907928347588,0.0,0.0,0.0,0.0,0.0,0.0,0.0,0.0,0.0,0.0,0.0,0.0,0.0071387211792171,0.0,0.0,0.0,0.010663309134542942,0.009583434090018272,0.0,0.00991410668939352,0.0,0.0,0.0,0.019269602373242378,0.0,0.0,0.0,0.0,0.0,0.0,0.0,0.0,0.004451911896467209,0.0,0.0,0.0,0.0,0.0,0.015617968514561653,0.0,0.008543897420167923,0.0,0.0,0.017431413754820824,0.0,0.0,0.0,0.0,0.0,0.011158911511301994,0.0,0.006921166554093361,0.0,0.013884417712688446,0.0,0.0,0.0,0.0,0.0,0.017269155010581017,0.0,0.00583390099927783,0.0,0.0,,,,,,,,,,,,,,,,,,,,,,,,,,,,,,,,,,,,,,,,,,,,,,,,,,,,,,,,,,,,,,,,,,,,,,,,,,,,,,,,,,,,,,,,,,,,,,,,,,,,,,,,,,,,,,,,,,,,,,,,,,,,,,
2021-07-30,760184.7556336861,99.24311090363727,,,,,,,,,,,76494.84123570709,,1039061.7711000025,,,,,,,,,,,,,,,,,,,,,,,,,,,,,,,,,,,,,,,,,,,3651.987764993366,,,,,,,,,,,,,,,,,,,,,,14299.49183426924,10206.166368303218,3560.2355437396636,7421.891063893989,7764.779545111706,47269.497189819784,26762.524530940176,6068.348359095847,32566.660987848907,,,,,,,,,,,,,,,,,,,,,,,,,,,,,,,,,,,,0.007672586012631655,0.0,0.0,0.01092440728098154,0.0,0.0,0.0,0.0,0.0,0.0,0.0,0.0,0.0,0.0,0.0,0.0,,0.0,,0.0,,0.0,0.0,0.0,0.010507198981940746,0.0,,0.0,0.0,0.010712611488997936,0.0,0.012846814468502998,0.0,,0.0,,,,0.0,0.0,0.0,,0.0,0.0,0.0012285824632272124,0.009027548134326935,0.0,,,0.0,,0.0,0.0,0.0,0.0,0.0,0.0,0.0,0.0,0.006439491640776396,0.015234255231916904,0.0,0.0,0.0,,0.011381476186215878,0.0,0.0,0.0,0.015055594965815544,,0.0005889178719371557,0.0,,0.0,0.0,0.0,0.0,,0.0,0.0,0.0,,0.0,,0.0,0.0,,0.0,,0.0,0.0,0.0030229962430894375,0.01743323914706707,0.0,0.012673601508140564,0.0,0.016194811090826988,0.0,,,0.009300514124333858,0.0,,,,,0.0,0.0,0.0,0.0,0.0,0.0,0.0,0.0,0.0,,0.012146583758294582,0.0019998527131974697,0.0,,0.019029388204216957,0.0,0.0015352413756772876,0.0,0.0,0.0,,0.002669151872396469,,0.014855947345495224,0.0,0.0,0.01175154373049736,,0.0,0.0,,0.0,0.0,0.0,0.0,0.0,0.0001421356719220057,0.0011042432161048055,0.0,0.0,0.0046468619257211685,0.003770541399717331,0.0,0.0012880248250439763,,0.02132318913936615,0.0,0.004850889090448618,0.0,,0.0,0.007785265799611807,0.0,0.0,0.0,0.0,0.0061191171407699585,0.0,0.0,0.0,,0.015078713186085224,0.0,0.0,,,,0.006918592378497124,0.002163069089874625,,0.0,0.0,0.0,0.0,,0.0,,0.0,0.0,0.013318006880581379,0.0,0.0,0.0,,,,0.0,0.01897398941218853,0.0,0.0,0.0,,0.0,0.008289680816233158,0.007186546456068754,0.0,,0.0,0.015495573170483112,0.0,0.0,0.0,,0.002988440217450261,0.0071138362400233746,0.006663523148745298,0.0,,0.0029522741679102182,0.007444577291607857,0.00870683416724205,0.0,0.015951599925756454,0.0,,0.0,0.0,0.0,0.0,0.0,0.0,,0.0,,0.005740217864513397,0.007723913062363863,0.0016765532782301307,0.0,0.0,0.0,0.0,,0.0,0.011521018110215664,0.0028374833054840565,,,0.0,0.0,0.0,0.0,0.0,0.0,0.0,0.0,0.0,,0.0,0.0,0.0014217449352145195,,0.0,0.0,0.0,0.015036061406135559,0.0,0.0,0.0,,,0.0,0.002523822244256735,0.0,0.0,0.0,,0.012212172150611877,,0.010441260412335396,0.0,,0.0,0.0001980172237381339,0.0,0.0,,,0.0,0.009777898900210857,,0.011562291532754898,0.0,,,0.0,0.021612513810396194,0.0,0.0,0.0,0.0,0.0,,,0.0,0.0,0.0,0.0,0.0,,,0.0,0.0,0.0,,0.0,0.0,,0.0,0.0,0.010721533559262753,,0.0,0.0,0.0,0.0,,0.0,0.0,,0.0,0.0,0.0,0.000222572882194072,0.004138255026191473,0.0,0.0,0.0,0.0,0.0,0.0,0.0,0.0,,0.01636638306081295,,0.0,0.013081780634820461,0.00596213573589921,0.0,0.0,0.0,0.00783260352909565,0.013072560541331768,0.0,0.01504174992442131,0.0,,0.0,,0.0,0.007702955510467291,0.0,,0.0,0.0,0.0,0.0064319828525185585,0.0,0.0,0.0,0.0,0.006455377209931612,0.002276746090501547,0.0,,,0.0,0.0,0.0,,,,0.0,0.0,,0.0,,0.0,,0.0,,,0.0,,,,,0.0,,0.0,0.009475049562752247,0.0,,0.0,0.0,0.0006172159337438643,,0.011276694014668465,0.0,,0.0,0.008886725641787052,0.0,,,0.0,,0.01935204491019249,0.0,0.0,,0.0,0.0019069688860327005,,,,0.0,0.0,0.0,0.0,0.0,7.387471123365685e-05,,,,0.007764055393636227,0.0,,0.0,,0.0,0.0,0.0,0.0,,,0.0,0.0,,,0.0,,0.0,,0.0,0.0,0.0,0.0,0.0,0.0,0.0,,0.0,0.010640541091561317,0.0,0.0,0.0,,,0.0,0.0,0.0,0.0,0.004161264281719923,0.0073729087598621845,,,,0.007771022617816925,0.0,0.0,0.0,,,0.008342444896697998,0.0,0.0,,0.0,,,,,0.0,0.013751369901001453,0.0,,0.0,,,0.0,,0.006028351373970509,0.0,0.0,0.0,,0.006963010877370834,0.0,,0.0,0.0,0.0,0.0,0.0,,0.0025301980786025524,0.0,0.0,,0.0,0.0,0.0,0.0,0.0,0.0,0.0,,0.0009805925656110048,0.0,0.0,0.007419695612043142,0.0,0.0,0.0,,0.0,0.0,0.0,0.010489208623766899,0.0,0.0,0.0,0.0,0.0,0.0,0.00028485566144809127,0.0,0.0,0.0,,0.0,0.0,0.0,0.0,0.0,0.0,0.0,0.0,0.0,0.004446286242455244,0.0,0.0,0.0,,0.0,0.006903916597366333,,0.0032303640618920326,0.0,0.0,0.0,0.0,0.0,0.007855664007365704,0.0,0.0,0.0,0.011428353376686573,0.0,0.014265907928347588,0.0,0.0,0.0,0.0,0.0,0.0,0.0,0.0,0.0,0.0,0.0,0.0,0.0071387211792171,0.0,0.0,0.0,0.010663309134542942,0.009583434090018272,0.0,0.00991410668939352,0.0,0.0,0.0,0.019269602373242378,0.0,0.0,0.0,0.0,0.0,0.0,0.0,0.0,0.004451911896467209,0.0,0.0,0.0,0.0,0.0,0.015617968514561653,0.0,0.008543897420167923,0.0,0.0,0.017431413754820824,0.0,0.0,0.0,0.0,0.0,0.011158911511301994,0.0,0.006921166554093361,0.0,0.013884417712688446,0.0,0.0,0.0,0.0,0.0,0.017269155010581017,0.0,0.00583390099927783,0.0,0.0,,,,,,,,,,,,,,,,,,,,,,,,,,,,,,,,,,,,,,,,,,,,,,,,,,,,,,,,,,,,,,,,,,,,,,,,,,,,,,,,,,,,,,,,,,,,,,,,,,,,,,,,,,,,,,,,,,,,,,,,,,,,,,
2021-08-02,771181.7786113237,99.24311090363727,,,,,,,,,,,76494.84123570709,,1039061.7711000025,,,,,,,,,,,,,,,,,,,,,,,,,,,,,,,,,,,,,,,,,,,3651.987764993366,,,,,,,,,,,,,,,,,,,,,,14299.49183426924,10206.166368303218,3560.2355437396636,7421.891063893989,7764.779545111706,47269.497189819784,26762.524530940176,6068.348359095847,32566.660987848907,,,,,,,,,,,,,,,,,,,,,,,,,,,,,,,,,,,,0.007672586012631655,0.0,0.0,0.01092440728098154,0.0,0.0,0.0,0.0,0.0,0.0,0.0,0.0,0.0,0.0,0.0,0.0,,0.0,,0.0,,0.0,0.0,0.0,0.010507198981940746,0.0,,0.0,0.0,0.010712611488997936,0.0,0.012846814468502998,0.0,,0.0,,,,0.0,0.0,0.0,,0.0,0.0,0.0012285824632272124,0.009027548134326935,0.0,,,0.0,,0.0,0.0,0.0,0.0,0.0,0.0,0.0,0.0,0.006439491640776396,0.015234255231916904,0.0,0.0,0.0,,0.011381476186215878,0.0,0.0,0.0,0.015055594965815544,,0.0005889178719371557,0.0,,0.0,0.0,0.0,0.0,,0.0,0.0,0.0,,0.0,,0.0,0.0,,0.0,,0.0,0.0,0.0030229962430894375,0.01743323914706707,0.0,0.012673601508140564,0.0,0.016194811090826988,0.0,,,0.009300514124333858,0.0,,,,,0.0,0.0,0.0,0.0,0.0,0.0,0.0,0.0,0.0,,0.012146583758294582,0.0019998527131974697,0.0,,0.019029388204216957,0.0,0.0015352413756772876,0.0,0.0,0.0,,0.002669151872396469,,0.014855947345495224,0.0,0.0,0.01175154373049736,,0.0,0.0,,0.0,0.0,0.0,0.0,0.0,0.0001421356719220057,0.0011042432161048055,0.0,0.0,0.0046468619257211685,0.003770541399717331,0.0,0.0012880248250439763,,0.02132318913936615,0.0,0.004850889090448618,0.0,,0.0,0.007785265799611807,0.0,0.0,0.0,0.0,0.0061191171407699585,0.0,0.0,0.0,,0.015078713186085224,0.0,0.0,,,,0.006918592378497124,0.002163069089874625,,0.0,0.0,0.0,0.0,,0.0,,0.0,0.0,0.013318006880581379,0.0,0.0,0.0,,,,0.0,0.01897398941218853,0.0,0.0,0.0,,0.0,0.008289680816233158,0.007186546456068754,0.0,,0.0,0.015495573170483112,0.0,0.0,0.0,,0.002988440217450261,0.0071138362400233746,0.006663523148745298,0.0,,0.0029522741679102182,0.007444577291607857,0.00870683416724205,0.0,0.015951599925756454,0.0,,0.0,0.0,0.0,0.0,0.0,0.0,,0.0,,0.005740217864513397,0.007723913062363863,0.0016765532782301307,0.0,0.0,0.0,0.0,,0.0,0.011521018110215664,0.0028374833054840565,,,0.0,0.0,0.0,0.0,0.0,0.0,0.0,0.0,0.0,,0.0,0.0,0.0014217449352145195,,0.0,0.0,0.0,0.015036061406135559,0.0,0.0,0.0,,,0.0,0.002523822244256735,0.0,0.0,0.0,,0.012212172150611877,,0.010441260412335396,0.0,,0.0,0.0001980172237381339,0.0,0.0,,,0.0,0.009777898900210857,,0.011562291532754898,0.0,,,0.0,0.021612513810396194,0.0,0.0,0.0,0.0,0.0,,,0.0,0.0,0.0,0.0,0.0,,,0.0,0.0,0.0,,0.0,0.0,,0.0,0.0,0.010721533559262753,,0.0,0.0,0.0,0.0,,0.0,0.0,,0.0,0.0,0.0,0.000222572882194072,0.004138255026191473,0.0,0.0,0.0,0.0,0.0,0.0,0.0,0.0,,0.01636638306081295,,0.0,0.013081780634820461,0.00596213573589921,0.0,0.0,0.0,0.00783260352909565,0.013072560541331768,0.0,0.01504174992442131,0.0,,0.0,,0.0,0.007702955510467291,0.0,,0.0,0.0,0.0,0.0064319828525185585,0.0,0.0,0.0,0.0,0.006455377209931612,0.002276746090501547,0.0,,,0.0,0.0,0.0,,,,0.0,0.0,,0.0,,0.0,,0.0,,,0.0,,,,,0.0,,0.0,0.009475049562752247,0.0,,0.0,0.0,0.0006172159337438643,,0.011276694014668465,0.0,,0.0,0.008886725641787052,0.0,,,0.0,,0.01935204491019249,0.0,0.0,,0.0,0.0019069688860327005,,,,0.0,0.0,0.0,0.0,0.0,7.387471123365685e-05,,,,0.007764055393636227,0.0,,0.0,,0.0,0.0,0.0,0.0,,,0.0,0.0,,,0.0,,0.0,,0.0,0.0,0.0,0.0,0.0,0.0,0.0,,0.0,0.010640541091561317,0.0,0.0,0.0,,,0.0,0.0,0.0,0.0,0.004161264281719923,0.0073729087598621845,,,,0.007771022617816925,0.0,0.0,0.0,,,0.008342444896697998,0.0,0.0,,0.0,,,,,0.0,0.013751369901001453,0.0,,0.0,,,0.0,,0.006028351373970509,0.0,0.0,0.0,,0.006963010877370834,0.0,,0.0,0.0,0.0,0.0,0.0,,0.0025301980786025524,0.0,0.0,,0.0,0.0,0.0,0.0,0.0,0.0,0.0,,0.0009805925656110048,0.0,0.0,0.007419695612043142,0.0,0.0,0.0,,0.0,0.0,0.0,0.010489208623766899,0.0,0.0,0.0,0.0,0.0,0.0,0.00028485566144809127,0.0,0.0,0.0,,0.0,0.0,0.0,0.0,0.0,0.0,0.0,0.0,0.0,0.004446286242455244,0.0,0.0,0.0,,0.0,0.006903916597366333,,0.0032303640618920326,0.0,0.0,0.0,0.0,0.0,0.007855664007365704,0.0,0.0,0.0,0.011428353376686573,0.0,0.014265907928347588,0.0,0.0,0.0,0.0,0.0,0.0,0.0,0.0,0.0,0.0,0.0,0.0,0.0071387211792171,0.0,0.0,0.0,0.010663309134542942,0.009583434090018272,0.0,0.00991410668939352,0.0,0.0,0.0,0.019269602373242378,0.0,0.0,0.0,0.0,0.0,0.0,0.0,0.0,0.004451911896467209,0.0,0.0,0.0,0.0,0.0,0.015617968514561653,0.0,0.008543897420167923,0.0,0.0,0.017431413754820824,0.0,0.0,0.0,0.0,0.0,0.011158911511301994,0.0,0.006921166554093361,0.0,0.013884417712688446,0.0,0.0,0.0,0.0,0.0,0.017269155010581017,0.0,0.00583390099927783,0.0,0.0,,,,,,,,,,,,,,,,,,,,,,,,,,,,,,,,,,,,,,,,,,,,,,,,,,,,,,,,,,,,,,,,,,,,,,,,,,,,,,,,,,,,,,,,,,,,,,,,,,,,,,,,,,,,,,,,,,,,,,,,,,,,,,
2021-08-03,765078.9687925673,100.46858232184287,,,,,,,,,,,76494.84123570709,,1039061.7711000025,,,,,,,,,,,,,,,,,,,,,,,,,,,,,,,,,,,,,,,,,,,3651.987764993366,,,,,,,,,,,,,,,,,,,,,,14299.49183426924,10205.814761445954,3560.2355437396636,7421.891063893989,7764.924417693127,47269.497189819784,26762.524530940176,6068.348359095847,32566.660987848907,,,,,,,,,,,,,,,,,,,,,,,,,,,,,,,,,,,,0.007672586012631655,0.0,0.0,0.01092440728098154,0.0,0.0,0.0,0.0,0.0,0.0,0.0,0.0,0.0,0.0,0.0,0.0,,0.0,,0.0,,0.0,0.0,0.0,0.010507198981940746,0.0,,0.0,0.0,0.010712611488997936,0.0,0.012846814468502998,0.0,,0.0,,,,0.0,0.0,0.0,,0.0,0.0,0.0012285824632272124,0.009027548134326935,0.0,,,0.0,,0.0,0.0,0.0,0.0,0.0,0.0,0.0,0.0,0.006439491640776396,0.015234255231916904,0.0,0.0,0.0,,0.011381476186215878,0.0,0.0,0.0,0.015055594965815544,,0.0005889178719371557,0.0,,0.0,0.0,0.0,0.0,,0.0,0.0,0.0,,0.0,,0.0,0.0,,0.0,,0.0,0.0,0.0030229962430894375,0.01743323914706707,0.0,0.012673601508140564,0.0,0.016194811090826988,0.0,,,0.009300514124333858,0.0,,,,,0.0,0.0,0.0,0.0,0.0,0.0,0.0,0.0,0.0,,0.012146583758294582,0.0019998527131974697,0.0,,0.019029388204216957,0.0,0.0015352413756772876,0.0,0.0,0.0,,0.002669151872396469,,0.014855947345495224,0.0,0.0,0.01175154373049736,,0.0,0.0,,0.0,0.0,0.0,0.0,0.0,0.0001421356719220057,0.0011042432161048055,0.0,0.0,0.0046468619257211685,0.003770541399717331,0.0,0.0012880248250439763,,0.02132318913936615,0.0,0.004850889090448618,0.0,,0.0,0.007785265799611807,0.0,0.0,0.0,0.0,0.0061191171407699585,0.0,0.0,0.0,,0.015078713186085224,0.0,0.0,,,,0.006918592378497124,0.002163069089874625,,0.0,0.0,0.0,0.0,,0.0,,0.0,0.0,0.013318006880581379,0.0,0.0,0.0,,,,0.0,0.01897398941218853,0.0,0.0,0.0,,0.0,0.008289680816233158,0.007186546456068754,0.0,,0.0,0.015495573170483112,0.0,0.0,0.0,,0.002988440217450261,0.0071138362400233746,0.006663523148745298,0.0,,0.0029522741679102182,0.007444577291607857,0.00870683416724205,0.0,0.015951599925756454,0.0,,0.0,0.0,0.0,0.0,0.0,0.0,,0.0,,0.005740217864513397,0.007723913062363863,0.0016765532782301307,0.0,0.0,0.0,0.0,,0.0,0.011521018110215664,0.0028374833054840565,,,0.0,0.0,0.0,0.0,0.0,0.0,0.0,0.0,0.0,,0.0,0.0,0.0014217449352145195,,0.0,0.0,0.0,0.015036061406135559,0.0,0.0,0.0,,,0.0,0.002523822244256735,0.0,0.0,0.0,,0.012212172150611877,,0.010441260412335396,0.0,,0.0,0.0001980172237381339,0.0,0.0,,,0.0,0.009777898900210857,,0.011562291532754898,0.0,,,0.0,0.021612513810396194,0.0,0.0,0.0,0.0,0.0,,,0.0,0.0,0.0,0.0,0.0,,,0.0,0.0,0.0,,0.0,0.0,,0.0,0.0,0.010721533559262753,,0.0,0.0,0.0,0.0,,0.0,0.0,,0.0,0.0,0.0,0.000222572882194072,0.004138255026191473,0.0,0.0,0.0,0.0,0.0,0.0,0.0,0.0,,0.01636638306081295,,0.0,0.013081780634820461,0.00596213573589921,0.0,0.0,0.0,0.00783260352909565,0.013072560541331768,0.0,0.01504174992442131,0.0,,0.0,,0.0,0.007702955510467291,0.0,,0.0,0.0,0.0,0.0064319828525185585,0.0,0.0,0.0,0.0,0.006455377209931612,0.002276746090501547,0.0,,,0.0,0.0,0.0,,,,0.0,0.0,,0.0,,0.0,,0.0,,,0.0,,,,,0.0,,0.0,0.009475049562752247,0.0,,0.0,0.0,0.0006172159337438643,,0.011276694014668465,0.0,,0.0,0.008886725641787052,0.0,,,0.0,,0.01935204491019249,0.0,0.0,,0.0,0.0019069688860327005,,,,0.0,0.0,0.0,0.0,0.0,7.387471123365685e-05,,,,0.007764055393636227,0.0,,0.0,,0.0,0.0,0.0,0.0,,,0.0,0.0,,,0.0,,0.0,,0.0,0.0,0.0,0.0,0.0,0.0,0.0,,0.0,0.010640541091561317,0.0,0.0,0.0,,,0.0,0.0,0.0,0.0,0.004161264281719923,0.0073729087598621845,,,,0.007771022617816925,0.0,0.0,0.0,,,0.008342444896697998,0.0,0.0,,0.0,,,,,0.0,0.013751369901001453,0.0,,0.0,,,0.0,,0.006028351373970509,0.0,0.0,0.0,,0.006963010877370834,0.0,,0.0,0.0,0.0,0.0,0.0,,0.0025301980786025524,0.0,0.0,,0.0,0.0,0.0,0.0,0.0,0.0,0.0,,0.0009805925656110048,0.0,0.0,0.007419695612043142,0.0,0.0,0.0,,0.0,0.0,0.0,0.010489208623766899,0.0,0.0,0.0,0.0,0.0,0.0,0.00028485566144809127,0.0,0.0,0.0,,0.0,0.0,0.0,0.0,0.0,0.0,0.0,0.0,0.0,0.004446286242455244,0.0,0.0,0.0,,0.0,0.006903916597366333,,0.0032303640618920326,0.0,0.0,0.0,0.0,0.0,0.007855664007365704,0.0,0.0,0.0,0.011428353376686573,0.0,0.014265907928347588,0.0,0.0,0.0,0.0,0.0,0.0,0.0,0.0,0.0,0.0,0.0,0.0,0.0071387211792171,0.0,0.0,0.0,0.010663309134542942,0.009583434090018272,0.0,0.00991410668939352,0.0,0.0,0.0,0.019269602373242378,0.0,0.0,0.0,0.0,0.0,0.0,0.0,0.0,0.004451911896467209,0.0,0.0,0.0,0.0,0.0,0.015617968514561653,0.0,0.008543897420167923,0.0,0.0,0.017431413754820824,0.0,0.0,0.0,0.0,0.0,0.011158911511301994,0.0,0.006921166554093361,0.0,0.013884417712688446,0.0,0.0,0.0,0.0,0.0,0.017269155010581017,0.0,0.00583390099927783,0.0,0.0,,,,,,,,,,,,,,,,,,,,,,,,,,,,,,,,,,,,,,,,,,,,,,,,,,,,,,,,,,,,,,,,,,,,,,,,,,,,,,,,,,,,,,,,,,,,,,,,,,,,,,,,,,,,,,,,,,,,,,,,,,,,,,
2021-08-04,777529.4932213656,101.0816138703392,,,,,,,,,,,76494.84123570709,,1039061.7711000025,,,,,,,,,,,,,,,,,,,,,,,,,,,,,,,,,,,,,,,,,,,3651.987764993366,,,,,,,,,,,,,,,,,,,,,,14299.49183426924,9997.700385702346,3560.2355437396636,7421.891063893989,7764.889041331364,48319.9876265712,26762.524530940176,6068.348359095847,32566.660987848907,,,,,,,,,,,,,,,,,,,,,,,,,,,,,,,,,,,,0.007672586012631655,0.0,0.0,0.01092440728098154,0.0,0.0,0.0,0.0,0.0,0.0,0.0,0.0,0.0,0.0,0.0,0.0,,0.0,,0.0,,0.0,0.0,0.0,0.010507198981940746,0.0,,0.0,0.0,0.010712611488997936,0.0,0.012846814468502998,0.0,,0.0,,,,0.0,0.0,0.0,,0.0,0.0,0.0012285824632272124,0.009027548134326935,0.0,,,0.0,,0.0,0.0,0.0,0.0,0.0,0.0,0.0,0.0,0.006439491640776396,0.015234255231916904,0.0,0.0,0.0,,0.011381476186215878,0.0,0.0,0.0,0.015055594965815544,,0.0005889178719371557,0.0,,0.0,0.0,0.0,0.0,,0.0,0.0,0.0,,0.0,,0.0,0.0,,0.0,,0.0,0.0,0.0030229962430894375,0.01743323914706707,0.0,0.012673601508140564,0.0,0.016194811090826988,0.0,,,0.009300514124333858,0.0,,,,,0.0,0.0,0.0,0.0,0.0,0.0,0.0,0.0,0.0,,0.012146583758294582,0.0019998527131974697,0.0,,0.019029388204216957,0.0,0.0015352413756772876,0.0,0.0,0.0,,0.002669151872396469,,0.014855947345495224,0.0,0.0,0.01175154373049736,,0.0,0.0,,0.0,0.0,0.0,0.0,0.0,0.0001421356719220057,0.0011042432161048055,0.0,0.0,0.0046468619257211685,0.003770541399717331,0.0,0.0012880248250439763,,0.02132318913936615,0.0,0.004850889090448618,0.0,,0.0,0.007785265799611807,0.0,0.0,0.0,0.0,0.0061191171407699585,0.0,0.0,0.0,,0.015078713186085224,0.0,0.0,,,,0.006918592378497124,0.002163069089874625,,0.0,0.0,0.0,0.0,,0.0,,0.0,0.0,0.013318006880581379,0.0,0.0,0.0,,,,0.0,0.01897398941218853,0.0,0.0,0.0,,0.0,0.008289680816233158,0.007186546456068754,0.0,,0.0,0.015495573170483112,0.0,0.0,0.0,,0.002988440217450261,0.0071138362400233746,0.006663523148745298,0.0,,0.0029522741679102182,0.007444577291607857,0.00870683416724205,0.0,0.015951599925756454,0.0,,0.0,0.0,0.0,0.0,0.0,0.0,,0.0,,0.005740217864513397,0.007723913062363863,0.0016765532782301307,0.0,0.0,0.0,0.0,,0.0,0.011521018110215664,0.0028374833054840565,,,0.0,0.0,0.0,0.0,0.0,0.0,0.0,0.0,0.0,,0.0,0.0,0.0014217449352145195,,0.0,0.0,0.0,0.015036061406135559,0.0,0.0,0.0,,,0.0,0.002523822244256735,0.0,0.0,0.0,,0.012212172150611877,,0.010441260412335396,0.0,,0.0,0.0001980172237381339,0.0,0.0,,,0.0,0.009777898900210857,,0.011562291532754898,0.0,,,0.0,0.021612513810396194,0.0,0.0,0.0,0.0,0.0,,,0.0,0.0,0.0,0.0,0.0,,,0.0,0.0,0.0,,0.0,0.0,,0.0,0.0,0.010721533559262753,,0.0,0.0,0.0,0.0,,0.0,0.0,,0.0,0.0,0.0,0.000222572882194072,0.004138255026191473,0.0,0.0,0.0,0.0,0.0,0.0,0.0,0.0,,0.01636638306081295,,0.0,0.013081780634820461,0.00596213573589921,0.0,0.0,0.0,0.00783260352909565,0.013072560541331768,0.0,0.01504174992442131,0.0,,0.0,,0.0,0.007702955510467291,0.0,,0.0,0.0,0.0,0.0064319828525185585,0.0,0.0,0.0,0.0,0.006455377209931612,0.002276746090501547,0.0,,,0.0,0.0,0.0,,,,0.0,0.0,,0.0,,0.0,,0.0,,,0.0,,,,,0.0,,0.0,0.009475049562752247,0.0,,0.0,0.0,0.0006172159337438643,,0.011276694014668465,0.0,,0.0,0.008886725641787052,0.0,,,0.0,,0.01935204491019249,0.0,0.0,,0.0,0.0019069688860327005,,,,0.0,0.0,0.0,0.0,0.0,7.387471123365685e-05,,,,0.007764055393636227,0.0,,0.0,,0.0,0.0,0.0,0.0,,,0.0,0.0,,,0.0,,0.0,,0.0,0.0,0.0,0.0,0.0,0.0,0.0,,0.0,0.010640541091561317,0.0,0.0,0.0,,,0.0,0.0,0.0,0.0,0.004161264281719923,0.0073729087598621845,,,,0.007771022617816925,0.0,0.0,0.0,,,0.008342444896697998,0.0,0.0,,0.0,,,,,0.0,0.013751369901001453,0.0,,0.0,,,0.0,,0.006028351373970509,0.0,0.0,0.0,,0.006963010877370834,0.0,,0.0,0.0,0.0,0.0,0.0,,0.0025301980786025524,0.0,0.0,,0.0,0.0,0.0,0.0,0.0,0.0,0.0,,0.0009805925656110048,0.0,0.0,0.007419695612043142,0.0,0.0,0.0,,0.0,0.0,0.0,0.010489208623766899,0.0,0.0,0.0,0.0,0.0,0.0,0.00028485566144809127,0.0,0.0,0.0,,0.0,0.0,0.0,0.0,0.0,0.0,0.0,0.0,0.0,0.004446286242455244,0.0,0.0,0.0,,0.0,0.006903916597366333,,0.0032303640618920326,0.0,0.0,0.0,0.0,0.0,0.007855664007365704,0.0,0.0,0.0,0.011428353376686573,0.0,0.014265907928347588,0.0,0.0,0.0,0.0,0.0,0.0,0.0,0.0,0.0,0.0,0.0,0.0,0.0071387211792171,0.0,0.0,0.0,0.010663309134542942,0.009583434090018272,0.0,0.00991410668939352,0.0,0.0,0.0,0.019269602373242378,0.0,0.0,0.0,0.0,0.0,0.0,0.0,0.0,0.004451911896467209,0.0,0.0,0.0,0.0,0.0,0.015617968514561653,0.0,0.008543897420167923,0.0,0.0,0.017431413754820824,0.0,0.0,0.0,0.0,0.0,0.011158911511301994,0.0,0.006921166554093361,0.0,0.013884417712688446,0.0,0.0,0.0,0.0,0.0,0.017269155010581017,0.0,0.00583390099927783,0.0,0.0,,,,,,,,,,,,,,,,,,,,,,,,,,,,,,,,,,,,,,,,,,,,,,,,,,,,,,,,,,,,,,,,,,,,,,,,,,,,,,,,,,,,,,,,,,,,,,,,,,,,,,,,,,,,,,,,,,,,,,,,,,,,,,
2021-08-05,780103.4015148988,27.527029345204625,,,,,,,,,,,76494.84123570709,,1039061.7711000025,,,,,,,,,,,,,,,,,,,,,,,,,,,,,,,,,,,,,,,,,,,3651.987764993366,,,,,,,,,,,,,,,,,,,,,,17321.35489504011,9997.700385702346,3560.2355437396636,7421.891063893989,6794.202246245224,48845.19687642102,26849.976217333304,6068.348359095847,32566.660987848907,,,,,,,,,,,,,,,,,,,,,,,,,,,,,,,,,,,,0.007672586012631655,0.0,0.0,0.01092440728098154,0.0,0.0,0.0,0.0,0.0,0.0,0.0,0.0,0.0,0.0,0.0,0.0,,0.0,,0.0,,0.0,0.0,0.0,0.010507198981940746,0.0,,0.0,0.0,0.010712611488997936,0.0,0.012846814468502998,0.0,,0.0,,,,0.0,0.0,0.0,,0.0,0.0,0.0012285824632272124,0.009027548134326935,0.0,,,0.0,,0.0,0.0,0.0,0.0,0.0,0.0,0.0,0.0,0.006439491640776396,0.015234255231916904,0.0,0.0,0.0,,0.011381476186215878,0.0,0.0,0.0,0.015055594965815544,,0.0005889178719371557,0.0,,0.0,0.0,0.0,0.0,,0.0,0.0,0.0,,0.0,,0.0,0.0,,0.0,,0.0,0.0,0.0030229962430894375,0.01743323914706707,0.0,0.012673601508140564,0.0,0.016194811090826988,0.0,,,0.009300514124333858,0.0,,,,,0.0,0.0,0.0,0.0,0.0,0.0,0.0,0.0,0.0,,0.012146583758294582,0.0019998527131974697,0.0,,0.019029388204216957,0.0,0.0015352413756772876,0.0,0.0,0.0,,0.002669151872396469,,0.014855947345495224,0.0,0.0,0.01175154373049736,,0.0,0.0,,0.0,0.0,0.0,0.0,0.0,0.0001421356719220057,0.0011042432161048055,0.0,0.0,0.0046468619257211685,0.003770541399717331,0.0,0.0012880248250439763,,0.02132318913936615,0.0,0.004850889090448618,0.0,,0.0,0.007785265799611807,0.0,0.0,0.0,0.0,0.0061191171407699585,0.0,0.0,0.0,,0.015078713186085224,0.0,0.0,,,,0.006918592378497124,0.002163069089874625,,0.0,0.0,0.0,0.0,,0.0,,0.0,0.0,0.013318006880581379,0.0,0.0,0.0,,,,0.0,0.01897398941218853,0.0,0.0,0.0,,0.0,0.008289680816233158,0.007186546456068754,0.0,,0.0,0.015495573170483112,0.0,0.0,0.0,,0.002988440217450261,0.0071138362400233746,0.006663523148745298,0.0,,0.0029522741679102182,0.007444577291607857,0.00870683416724205,0.0,0.015951599925756454,0.0,,0.0,0.0,0.0,0.0,0.0,0.0,,0.0,,0.005740217864513397,0.007723913062363863,0.0016765532782301307,0.0,0.0,0.0,0.0,,0.0,0.011521018110215664,0.0028374833054840565,,,0.0,0.0,0.0,0.0,0.0,0.0,0.0,0.0,0.0,,0.0,0.0,0.0014217449352145195,,0.0,0.0,0.0,0.015036061406135559,0.0,0.0,0.0,,,0.0,0.002523822244256735,0.0,0.0,0.0,,0.012212172150611877,,0.010441260412335396,0.0,,0.0,0.0001980172237381339,0.0,0.0,,,0.0,0.009777898900210857,,0.011562291532754898,0.0,,,0.0,0.021612513810396194,0.0,0.0,0.0,0.0,0.0,,,0.0,0.0,0.0,0.0,0.0,,,0.0,0.0,0.0,,0.0,0.0,,0.0,0.0,0.010721533559262753,,0.0,0.0,0.0,0.0,,0.0,0.0,,0.0,0.0,0.0,0.000222572882194072,0.004138255026191473,0.0,0.0,0.0,0.0,0.0,0.0,0.0,0.0,,0.01636638306081295,,0.0,0.013081780634820461,0.00596213573589921,0.0,0.0,0.0,0.00783260352909565,0.013072560541331768,0.0,0.01504174992442131,0.0,,0.0,,0.0,0.007702955510467291,0.0,,0.0,0.0,0.0,0.0064319828525185585,0.0,0.0,0.0,0.0,0.006455377209931612,0.002276746090501547,0.0,,,0.0,0.0,0.0,,,,0.0,0.0,,0.0,,0.0,,0.0,,,0.0,,,,,0.0,,0.0,0.009475049562752247,0.0,,0.0,0.0,0.0006172159337438643,,0.011276694014668465,0.0,,0.0,0.008886725641787052,0.0,,,0.0,,0.01935204491019249,0.0,0.0,,0.0,0.0019069688860327005,,,,0.0,0.0,0.0,0.0,0.0,7.387471123365685e-05,,,,0.007764055393636227,0.0,,0.0,,0.0,0.0,0.0,0.0,,,0.0,0.0,,,0.0,,0.0,,0.0,0.0,0.0,0.0,0.0,0.0,0.0,,0.0,0.010640541091561317,0.0,0.0,0.0,,,0.0,0.0,0.0,0.0,0.004161264281719923,0.0073729087598621845,,,,0.007771022617816925,0.0,0.0,0.0,,,0.008342444896697998,0.0,0.0,,0.0,,,,,0.0,0.013751369901001453,0.0,,0.0,,,0.0,,0.006028351373970509,0.0,0.0,0.0,,0.006963010877370834,0.0,,0.0,0.0,0.0,0.0,0.0,,0.0025301980786025524,0.0,0.0,,0.0,0.0,0.0,0.0,0.0,0.0,0.0,,0.0009805925656110048,0.0,0.0,0.007419695612043142,0.0,0.0,0.0,,0.0,0.0,0.0,0.010489208623766899,0.0,0.0,0.0,0.0,0.0,0.0,0.00028485566144809127,0.0,0.0,0.0,,0.0,0.0,0.0,0.0,0.0,0.0,0.0,0.0,0.0,0.004446286242455244,0.0,0.0,0.0,,0.0,0.006903916597366333,,0.0032303640618920326,0.0,0.0,0.0,0.0,0.0,0.007855664007365704,0.0,0.0,0.0,0.011428353376686573,0.0,0.014265907928347588,0.0,0.0,0.0,0.0,0.0,0.0,0.0,0.0,0.0,0.0,0.0,0.0,0.0071387211792171,0.0,0.0,0.0,0.010663309134542942,0.009583434090018272,0.0,0.00991410668939352,0.0,0.0,0.0,0.019269602373242378,0.0,0.0,0.0,0.0,0.0,0.0,0.0,0.0,0.004451911896467209,0.0,0.0,0.0,0.0,0.0,0.015617968514561653,0.0,0.008543897420167923,0.0,0.0,0.017431413754820824,0.0,0.0,0.0,0.0,0.0,0.011158911511301994,0.0,0.006921166554093361,0.0,0.013884417712688446,0.0,0.0,0.0,0.0,0.0,0.017269155010581017,0.0,0.00583390099927783,0.0,0.0,,,,,,,,,,,,,,,,,,,,,,,,,,,,,,,,,,,,,,,,,,,,,,,,,,,,,,,,,,,,,,,,,,,,,,,,,,,,,,,,,,,,,,,,,,,,,,,,,,,,,,,,,,,,,,,,,,,,,,,,,,,,,,
2021-08-06,784027.0092631538,29.913972177156797,,,,,,,,,,,76494.84123570709,,1039061.7711000025,,,,,,,,,,,,,,,,,,,,,,,,,,,,,,,,,,,,,,,,,,,3651.8747569611332,,,,,,,,,,,,,,,,,,,,,,17321.35489504011,9997.700385702346,3560.2355437396636,7421.891063893989,6794.202246245224,48845.19687642102,26849.976217333304,6068.348359095847,32566.660987848907,,,,,,,,,,,,,,,,,,,,,,,,,,,,,,,,,,,,0.007672586012631655,0.0,0.0,0.01092440728098154,0.0,0.0,0.0,0.0,0.0,0.0,0.0,0.0,0.0,0.0,0.0,0.0,,0.0,,0.0,,0.0,0.0,0.0,0.010507198981940746,0.0,,0.0,0.0,0.010712611488997936,0.0,0.012846814468502998,0.0,,0.0,,,,0.0,0.0,0.0,,0.0,0.0,0.0012285824632272124,0.009027548134326935,0.0,,,0.0,,0.0,0.0,0.0,0.0,0.0,0.0,0.0,0.0,0.006439491640776396,0.015234255231916904,0.0,0.0,0.0,,0.011381476186215878,0.0,0.0,0.0,0.015055594965815544,,0.0005889178719371557,0.0,,0.0,0.0,0.0,0.0,,0.0,0.0,0.0,,0.0,,0.0,0.0,,0.0,,0.0,0.0,0.0030229962430894375,0.01743323914706707,0.0,0.012673601508140564,0.0,0.016194811090826988,0.0,,,0.009300514124333858,0.0,,,,,0.0,0.0,0.0,0.0,0.0,0.0,0.0,0.0,0.0,,0.012146583758294582,0.0019998527131974697,0.0,,0.019029388204216957,0.0,0.0015352413756772876,0.0,0.0,0.0,,0.002669151872396469,,0.014855947345495224,0.0,0.0,0.01175154373049736,,0.0,0.0,,0.0,0.0,0.0,0.0,0.0,0.0001421356719220057,0.0011042432161048055,0.0,0.0,0.0046468619257211685,0.003770541399717331,0.0,0.0012880248250439763,,0.02132318913936615,0.0,0.004850889090448618,0.0,,0.0,0.007785265799611807,0.0,0.0,0.0,0.0,0.0061191171407699585,0.0,0.0,0.0,,0.015078713186085224,0.0,0.0,,,,0.006918592378497124,0.002163069089874625,,0.0,0.0,0.0,0.0,,0.0,,0.0,0.0,0.013318006880581379,0.0,0.0,0.0,,,,0.0,0.01897398941218853,0.0,0.0,0.0,,0.0,0.008289680816233158,0.007186546456068754,0.0,,0.0,0.015495573170483112,0.0,0.0,0.0,,0.002988440217450261,0.0071138362400233746,0.006663523148745298,0.0,,0.0029522741679102182,0.007444577291607857,0.00870683416724205,0.0,0.015951599925756454,0.0,,0.0,0.0,0.0,0.0,0.0,0.0,,0.0,,0.005740217864513397,0.007723913062363863,0.0016765532782301307,0.0,0.0,0.0,0.0,,0.0,0.011521018110215664,0.0028374833054840565,,,0.0,0.0,0.0,0.0,0.0,0.0,0.0,0.0,0.0,,0.0,0.0,0.0014217449352145195,,0.0,0.0,0.0,0.015036061406135559,0.0,0.0,0.0,,,0.0,0.002523822244256735,0.0,0.0,0.0,,0.012212172150611877,,0.010441260412335396,0.0,,0.0,0.0001980172237381339,0.0,0.0,,,0.0,0.009777898900210857,,0.011562291532754898,0.0,,,0.0,0.021612513810396194,0.0,0.0,0.0,0.0,0.0,,,0.0,0.0,0.0,0.0,0.0,,,0.0,0.0,0.0,,0.0,0.0,,0.0,0.0,0.010721533559262753,,0.0,0.0,0.0,0.0,,0.0,0.0,,0.0,0.0,0.0,0.000222572882194072,0.004138255026191473,0.0,0.0,0.0,0.0,0.0,0.0,0.0,0.0,,0.01636638306081295,,0.0,0.013081780634820461,0.00596213573589921,0.0,0.0,0.0,0.00783260352909565,0.013072560541331768,0.0,0.01504174992442131,0.0,,0.0,,0.0,0.007702955510467291,0.0,,0.0,0.0,0.0,0.0064319828525185585,0.0,0.0,0.0,0.0,0.006455377209931612,0.002276746090501547,0.0,,,0.0,0.0,0.0,,,,0.0,0.0,,0.0,,0.0,,0.0,,,0.0,,,,,0.0,,0.0,0.009475049562752247,0.0,,0.0,0.0,0.0006172159337438643,,0.011276694014668465,0.0,,0.0,0.008886725641787052,0.0,,,0.0,,0.01935204491019249,0.0,0.0,,0.0,0.0019069688860327005,,,,0.0,0.0,0.0,0.0,0.0,7.387471123365685e-05,,,,0.007764055393636227,0.0,,0.0,,0.0,0.0,0.0,0.0,,,0.0,0.0,,,0.0,,0.0,,0.0,0.0,0.0,0.0,0.0,0.0,0.0,,0.0,0.010640541091561317,0.0,0.0,0.0,,,0.0,0.0,0.0,0.0,0.004161264281719923,0.0073729087598621845,,,,0.007771022617816925,0.0,0.0,0.0,,,0.008342444896697998,0.0,0.0,,0.0,,,,,0.0,0.013751369901001453,0.0,,0.0,,,0.0,,0.006028351373970509,0.0,0.0,0.0,,0.006963010877370834,0.0,,0.0,0.0,0.0,0.0,0.0,,0.0025301980786025524,0.0,0.0,,0.0,0.0,0.0,0.0,0.0,0.0,0.0,,0.0009805925656110048,0.0,0.0,0.007419695612043142,0.0,0.0,0.0,,0.0,0.0,0.0,0.010489208623766899,0.0,0.0,0.0,0.0,0.0,0.0,0.00028485566144809127,0.0,0.0,0.0,,0.0,0.0,0.0,0.0,0.0,0.0,0.0,0.0,0.0,0.004446286242455244,0.0,0.0,0.0,,0.0,0.006903916597366333,,0.0032303640618920326,0.0,0.0,0.0,0.0,0.0,0.007855664007365704,0.0,0.0,0.0,0.011428353376686573,0.0,0.014265907928347588,0.0,0.0,0.0,0.0,0.0,0.0,0.0,0.0,0.0,0.0,0.0,0.0,0.0071387211792171,0.0,0.0,0.0,0.010663309134542942,0.009583434090018272,0.0,0.00991410668939352,0.0,0.0,0.0,0.019269602373242378,0.0,0.0,0.0,0.0,0.0,0.0,0.0,0.0,0.004451911896467209,0.0,0.0,0.0,0.0,0.0,0.015617968514561653,0.0,0.008543897420167923,0.0,0.0,0.017431413754820824,0.0,0.0,0.0,0.0,0.0,0.011158911511301994,0.0,0.006921166554093361,0.0,0.013884417712688446,0.0,0.0,0.0,0.0,0.0,0.017269155010581017,0.0,0.00583390099927783,0.0,0.0,,,,,,,,,,,,,,,,,,,,,,,,,,,,,,,,,,,,,,,,,,,,,,,,,,,,,,,,,,,,,,,,,,,,,,,,,,,,,,,,,,,,,,,,,,,,,,,,,,,,,,,,,,,,,,,,,,,,,,,,,,,,,,
2021-08-09,789333.1003865156,64.24406685441373,,,,,,,,,,,76494.84123570709,,1039061.7711000025,,,,,,,,,,,,,,,,,,,,,,,,,,,,,,,,,,,,,,,,,,,3651.9847570844177,,,,,,,,,,,,,,,,,,,,,,17321.35489504011,9997.700385702346,3560.2355437396636,7421.891063893989,6794.202246245224,47796.794881227026,27462.24289334242,6068.348359095847,32566.660987848907,,,,,,,,,,,,,,,,,,,,,,,,,,,,,,,,,,,,0.007672586012631655,0.0,0.0,0.01092440728098154,0.0,0.0,0.0,0.0,0.0,0.0,0.0,0.0,0.0,0.0,0.0,0.0,,0.0,,0.0,,0.0,0.0,0.0,0.010507198981940746,0.0,,0.0,0.0,0.010712611488997936,0.0,0.012846814468502998,0.0,,0.0,,,,0.0,0.0,0.0,,0.0,0.0,0.0012285824632272124,0.009027548134326935,0.0,,,0.0,,0.0,0.0,0.0,0.0,0.0,0.0,0.0,0.0,0.006439491640776396,0.015234255231916904,0.0,0.0,0.0,,0.011381476186215878,0.0,0.0,0.0,0.015055594965815544,,0.0005889178719371557,0.0,,0.0,0.0,0.0,0.0,,0.0,0.0,0.0,,0.0,,0.0,0.0,,0.0,,0.0,0.0,0.0030229962430894375,0.01743323914706707,0.0,0.012673601508140564,0.0,0.016194811090826988,0.0,,,0.009300514124333858,0.0,,,,,0.0,0.0,0.0,0.0,0.0,0.0,0.0,0.0,0.0,,0.012146583758294582,0.0019998527131974697,0.0,,0.019029388204216957,0.0,0.0015352413756772876,0.0,0.0,0.0,,0.002669151872396469,,0.014855947345495224,0.0,0.0,0.01175154373049736,,0.0,0.0,,0.0,0.0,0.0,0.0,0.0,0.0001421356719220057,0.0011042432161048055,0.0,0.0,0.0046468619257211685,0.003770541399717331,0.0,0.0012880248250439763,,0.02132318913936615,0.0,0.004850889090448618,0.0,,0.0,0.007785265799611807,0.0,0.0,0.0,0.0,0.0061191171407699585,0.0,0.0,0.0,,0.015078713186085224,0.0,0.0,,,,0.006918592378497124,0.002163069089874625,,0.0,0.0,0.0,0.0,,0.0,,0.0,0.0,0.013318006880581379,0.0,0.0,0.0,,,,0.0,0.01897398941218853,0.0,0.0,0.0,,0.0,0.008289680816233158,0.007186546456068754,0.0,,0.0,0.015495573170483112,0.0,0.0,0.0,,0.002988440217450261,0.0071138362400233746,0.006663523148745298,0.0,,0.0029522741679102182,0.007444577291607857,0.00870683416724205,0.0,0.015951599925756454,0.0,,0.0,0.0,0.0,0.0,0.0,0.0,,0.0,,0.005740217864513397,0.007723913062363863,0.0016765532782301307,0.0,0.0,0.0,0.0,,0.0,0.011521018110215664,0.0028374833054840565,,,0.0,0.0,0.0,0.0,0.0,0.0,0.0,0.0,0.0,,0.0,0.0,0.0014217449352145195,,0.0,0.0,0.0,0.015036061406135559,0.0,0.0,0.0,,,0.0,0.002523822244256735,0.0,0.0,0.0,,0.012212172150611877,,0.010441260412335396,0.0,,0.0,0.0001980172237381339,0.0,0.0,,,0.0,0.009777898900210857,,0.011562291532754898,0.0,,,0.0,0.021612513810396194,0.0,0.0,0.0,0.0,0.0,,,0.0,0.0,0.0,0.0,0.0,,,0.0,0.0,0.0,,0.0,0.0,,0.0,0.0,0.010721533559262753,,0.0,0.0,0.0,0.0,,0.0,0.0,,0.0,0.0,0.0,0.000222572882194072,0.004138255026191473,0.0,0.0,0.0,0.0,0.0,0.0,0.0,0.0,,0.01636638306081295,,0.0,0.013081780634820461,0.00596213573589921,0.0,0.0,0.0,0.00783260352909565,0.013072560541331768,0.0,0.01504174992442131,0.0,,0.0,,0.0,0.007702955510467291,0.0,,0.0,0.0,0.0,0.0064319828525185585,0.0,0.0,0.0,0.0,0.006455377209931612,0.002276746090501547,0.0,,,0.0,0.0,0.0,,,,0.0,0.0,,0.0,,0.0,,0.0,,,0.0,,,,,0.0,,0.0,0.009475049562752247,0.0,,0.0,0.0,0.0006172159337438643,,0.011276694014668465,0.0,,0.0,0.008886725641787052,0.0,,,0.0,,0.01935204491019249,0.0,0.0,,0.0,0.0019069688860327005,,,,0.0,0.0,0.0,0.0,0.0,7.387471123365685e-05,,,,0.007764055393636227,0.0,,0.0,,0.0,0.0,0.0,0.0,,,0.0,0.0,,,0.0,,0.0,,0.0,0.0,0.0,0.0,0.0,0.0,0.0,,0.0,0.010640541091561317,0.0,0.0,0.0,,,0.0,0.0,0.0,0.0,0.004161264281719923,0.0073729087598621845,,,,0.007771022617816925,0.0,0.0,0.0,,,0.008342444896697998,0.0,0.0,,0.0,,,,,0.0,0.013751369901001453,0.0,,0.0,,,0.0,,0.006028351373970509,0.0,0.0,0.0,,0.006963010877370834,0.0,,0.0,0.0,0.0,0.0,0.0,,0.0025301980786025524,0.0,0.0,,0.0,0.0,0.0,0.0,0.0,0.0,0.0,,0.0009805925656110048,0.0,0.0,0.007419695612043142,0.0,0.0,0.0,,0.0,0.0,0.0,0.010489208623766899,0.0,0.0,0.0,0.0,0.0,0.0,0.00028485566144809127,0.0,0.0,0.0,,0.0,0.0,0.0,0.0,0.0,0.0,0.0,0.0,0.0,0.004446286242455244,0.0,0.0,0.0,,0.0,0.006903916597366333,,0.0032303640618920326,0.0,0.0,0.0,0.0,0.0,0.007855664007365704,0.0,0.0,0.0,0.011428353376686573,0.0,0.014265907928347588,0.0,0.0,0.0,0.0,0.0,0.0,0.0,0.0,0.0,0.0,0.0,0.0,0.0071387211792171,0.0,0.0,0.0,0.010663309134542942,0.009583434090018272,0.0,0.00991410668939352,0.0,0.0,0.0,0.019269602373242378,0.0,0.0,0.0,0.0,0.0,0.0,0.0,0.0,0.004451911896467209,0.0,0.0,0.0,0.0,0.0,0.015617968514561653,0.0,0.008543897420167923,0.0,0.0,0.017431413754820824,0.0,0.0,0.0,0.0,0.0,0.011158911511301994,0.0,0.006921166554093361,0.0,0.013884417712688446,0.0,0.0,0.0,0.0,0.0,0.017269155010581017,0.0,0.00583390099927783,0.0,0.0,,,,,,,,,,,,,,,,,,,,,,,,,,,,,,,,,,,,,,,,,,,,,,,,,,,,,,,,,,,,,,,,,,,,,,,,,,,,,,,,,,,,,,,,,,,,,,,,,,,,,,,,,,,,,,,,,,,,,,,,,,,,,,
2021-08-10,792581.567423101,2258.156236305487,,,,,,,,,,,76494.84123570709,,1039061.7711000025,,,,,,,,,,,,,,,,,,,,,,,,,,,,,,,,,,,,,,,,,,,3553.3054613074437,,,,,,,,,,,,,,,,,,,,,,17321.35489504011,9997.700385702346,3560.2355437396636,7421.891063893989,6794.202246245224,47796.794881227026,27462.24289334242,6068.348359095847,32566.660987848907,,,,,,,,,,,,,,,,,,,,,,,,,,,,,,,,,,,,0.007672586012631655,0.0,0.0,0.01092440728098154,0.0,0.0,0.0,0.0,0.0,0.0,0.0,0.0,0.0,0.0,0.0,0.0,,0.0,,0.0,,0.0,0.0,0.0,0.010507198981940746,0.0,,0.0,0.0,0.010712611488997936,0.0,0.012846814468502998,0.0,,0.0,,,,0.0,0.0,0.0,,0.0,0.0,0.0012285824632272124,0.009027548134326935,0.0,,,0.0,,0.0,0.0,0.0,0.0,0.0,0.0,0.0,0.0,0.006439491640776396,0.015234255231916904,0.0,0.0,0.0,,0.011381476186215878,0.0,0.0,0.0,0.015055594965815544,,0.0005889178719371557,0.0,,0.0,0.0,0.0,0.0,,0.0,0.0,0.0,,0.0,,0.0,0.0,,0.0,,0.0,0.0,0.0030229962430894375,0.01743323914706707,0.0,0.012673601508140564,0.0,0.016194811090826988,0.0,,,0.009300514124333858,0.0,,,,,0.0,0.0,0.0,0.0,0.0,0.0,0.0,0.0,0.0,,0.012146583758294582,0.0019998527131974697,0.0,,0.019029388204216957,0.0,0.0015352413756772876,0.0,0.0,0.0,,0.002669151872396469,,0.014855947345495224,0.0,0.0,0.01175154373049736,,0.0,0.0,,0.0,0.0,0.0,0.0,0.0,0.0001421356719220057,0.0011042432161048055,0.0,0.0,0.0046468619257211685,0.003770541399717331,0.0,0.0012880248250439763,,0.02132318913936615,0.0,0.004850889090448618,0.0,,0.0,0.007785265799611807,0.0,0.0,0.0,0.0,0.0061191171407699585,0.0,0.0,0.0,,0.015078713186085224,0.0,0.0,,,,0.006918592378497124,0.002163069089874625,,0.0,0.0,0.0,0.0,,0.0,,0.0,0.0,0.013318006880581379,0.0,0.0,0.0,,,,0.0,0.01897398941218853,0.0,0.0,0.0,,0.0,0.008289680816233158,0.007186546456068754,0.0,,0.0,0.015495573170483112,0.0,0.0,0.0,,0.002988440217450261,0.0071138362400233746,0.006663523148745298,0.0,,0.0029522741679102182,0.007444577291607857,0.00870683416724205,0.0,0.015951599925756454,0.0,,0.0,0.0,0.0,0.0,0.0,0.0,,0.0,,0.005740217864513397,0.007723913062363863,0.0016765532782301307,0.0,0.0,0.0,0.0,,0.0,0.011521018110215664,0.0028374833054840565,,,0.0,0.0,0.0,0.0,0.0,0.0,0.0,0.0,0.0,,0.0,0.0,0.0014217449352145195,,0.0,0.0,0.0,0.015036061406135559,0.0,0.0,0.0,,,0.0,0.002523822244256735,0.0,0.0,0.0,,0.012212172150611877,,0.010441260412335396,0.0,,0.0,0.0001980172237381339,0.0,0.0,,,0.0,0.009777898900210857,,0.011562291532754898,0.0,,,0.0,0.021612513810396194,0.0,0.0,0.0,0.0,0.0,,,0.0,0.0,0.0,0.0,0.0,,,0.0,0.0,0.0,,0.0,0.0,,0.0,0.0,0.010721533559262753,,0.0,0.0,0.0,0.0,,0.0,0.0,,0.0,0.0,0.0,0.000222572882194072,0.004138255026191473,0.0,0.0,0.0,0.0,0.0,0.0,0.0,0.0,,0.01636638306081295,,0.0,0.013081780634820461,0.00596213573589921,0.0,0.0,0.0,0.00783260352909565,0.013072560541331768,0.0,0.01504174992442131,0.0,,0.0,,0.0,0.007702955510467291,0.0,,0.0,0.0,0.0,0.0064319828525185585,0.0,0.0,0.0,0.0,0.006455377209931612,0.002276746090501547,0.0,,,0.0,0.0,0.0,,,,0.0,0.0,,0.0,,0.0,,0.0,,,0.0,,,,,0.0,,0.0,0.009475049562752247,0.0,,0.0,0.0,0.0006172159337438643,,0.011276694014668465,0.0,,0.0,0.008886725641787052,0.0,,,0.0,,0.01935204491019249,0.0,0.0,,0.0,0.0019069688860327005,,,,0.0,0.0,0.0,0.0,0.0,7.387471123365685e-05,,,,0.007764055393636227,0.0,,0.0,,0.0,0.0,0.0,0.0,,,0.0,0.0,,,0.0,,0.0,,0.0,0.0,0.0,0.0,0.0,0.0,0.0,,0.0,0.010640541091561317,0.0,0.0,0.0,,,0.0,0.0,0.0,0.0,0.004161264281719923,0.0073729087598621845,,,,0.007771022617816925,0.0,0.0,0.0,,,0.008342444896697998,0.0,0.0,,0.0,,,,,0.0,0.013751369901001453,0.0,,0.0,,,0.0,,0.006028351373970509,0.0,0.0,0.0,,0.006963010877370834,0.0,,0.0,0.0,0.0,0.0,0.0,,0.0025301980786025524,0.0,0.0,,0.0,0.0,0.0,0.0,0.0,0.0,0.0,,0.0009805925656110048,0.0,0.0,0.007419695612043142,0.0,0.0,0.0,,0.0,0.0,0.0,0.010489208623766899,0.0,0.0,0.0,0.0,0.0,0.0,0.00028485566144809127,0.0,0.0,0.0,,0.0,0.0,0.0,0.0,0.0,0.0,0.0,0.0,0.0,0.004446286242455244,0.0,0.0,0.0,,0.0,0.006903916597366333,,0.0032303640618920326,0.0,0.0,0.0,0.0,0.0,0.007855664007365704,0.0,0.0,0.0,0.011428353376686573,0.0,0.014265907928347588,0.0,0.0,0.0,0.0,0.0,0.0,0.0,0.0,0.0,0.0,0.0,0.0,0.0071387211792171,0.0,0.0,0.0,0.010663309134542942,0.009583434090018272,0.0,0.00991410668939352,0.0,0.0,0.0,0.019269602373242378,0.0,0.0,0.0,0.0,0.0,0.0,0.0,0.0,0.004451911896467209,0.0,0.0,0.0,0.0,0.0,0.015617968514561653,0.0,0.008543897420167923,0.0,0.0,0.017431413754820824,0.0,0.0,0.0,0.0,0.0,0.011158911511301994,0.0,0.006921166554093361,0.0,0.013884417712688446,0.0,0.0,0.0,0.0,0.0,0.017269155010581017,0.0,0.00583390099927783,0.0,0.0,,,,,,,,,,,,,,,,,,,,,,,,,,,,,,,,,,,,,,,,,,,,,,,,,,,,,,,,,,,,,,,,,,,,,,,,,,,,,,,,,,,,,,,,,,,,,,,,,,,,,,,,,,,,,,,,,,,,,,,,,,,,,,
2021-08-11,794398.0384807753,136.8127517854175,,,,,,,,,,,76494.84123570709,,1039061.7711000025,,,,,,,,,,,,,,,,,,,,,,,,,,,,,,,,,,,,,,,,,,,3553.3054613074437,,,,,,,,,,,,,,,,,,,,,,17321.35489504011,10206.316521315935,3560.2355437396636,7421.891063893989,6794.202246245224,47801.389149803246,27637.16295161986,6068.348359095847,32566.660987848907,,,,,,,,,,,,,,,,,,,,,,,,,,,,,,,,,,,,0.007672586012631655,0.0,0.0,0.01092440728098154,0.0,0.0,0.0,0.0,0.0,0.0,0.0,0.0,0.0,0.0,0.0,0.0,,0.0,,0.0,,0.0,0.0,0.0,0.010507198981940746,0.0,,0.0,0.0,0.010712611488997936,0.0,0.012846814468502998,0.0,,0.0,,,,0.0,0.0,0.0,,0.0,0.0,0.0012285824632272124,0.009027548134326935,0.0,,,0.0,,0.0,0.0,0.0,0.0,0.0,0.0,0.0,0.0,0.006439491640776396,0.015234255231916904,0.0,0.0,0.0,,0.011381476186215878,0.0,0.0,0.0,0.015055594965815544,,0.0005889178719371557,0.0,,0.0,0.0,0.0,0.0,,0.0,0.0,0.0,,0.0,,0.0,0.0,,0.0,,0.0,0.0,0.0030229962430894375,0.01743323914706707,0.0,0.012673601508140564,0.0,0.016194811090826988,0.0,,,0.009300514124333858,0.0,,,,,0.0,0.0,0.0,0.0,0.0,0.0,0.0,0.0,0.0,,0.012146583758294582,0.0019998527131974697,0.0,,0.019029388204216957,0.0,0.0015352413756772876,0.0,0.0,0.0,,0.002669151872396469,,0.014855947345495224,0.0,0.0,0.01175154373049736,,0.0,0.0,,0.0,0.0,0.0,0.0,0.0,0.0001421356719220057,0.0011042432161048055,0.0,0.0,0.0046468619257211685,0.003770541399717331,0.0,0.0012880248250439763,,0.02132318913936615,0.0,0.004850889090448618,0.0,,0.0,0.007785265799611807,0.0,0.0,0.0,0.0,0.0061191171407699585,0.0,0.0,0.0,,0.015078713186085224,0.0,0.0,,,,0.006918592378497124,0.002163069089874625,,0.0,0.0,0.0,0.0,,0.0,,0.0,0.0,0.013318006880581379,0.0,0.0,0.0,,,,0.0,0.01897398941218853,0.0,0.0,0.0,,0.0,0.008289680816233158,0.007186546456068754,0.0,,0.0,0.015495573170483112,0.0,0.0,0.0,,0.002988440217450261,0.0071138362400233746,0.006663523148745298,0.0,,0.0029522741679102182,0.007444577291607857,0.00870683416724205,0.0,0.015951599925756454,0.0,,0.0,0.0,0.0,0.0,0.0,0.0,,0.0,,0.005740217864513397,0.007723913062363863,0.0016765532782301307,0.0,0.0,0.0,0.0,,0.0,0.011521018110215664,0.0028374833054840565,,,0.0,0.0,0.0,0.0,0.0,0.0,0.0,0.0,0.0,,0.0,0.0,0.0014217449352145195,,0.0,0.0,0.0,0.015036061406135559,0.0,0.0,0.0,,,0.0,0.002523822244256735,0.0,0.0,0.0,,0.012212172150611877,,0.010441260412335396,0.0,,0.0,0.0001980172237381339,0.0,0.0,,,0.0,0.009777898900210857,,0.011562291532754898,0.0,,,0.0,0.021612513810396194,0.0,0.0,0.0,0.0,0.0,,,0.0,0.0,0.0,0.0,0.0,,,0.0,0.0,0.0,,0.0,0.0,,0.0,0.0,0.010721533559262753,,0.0,0.0,0.0,0.0,,0.0,0.0,,0.0,0.0,0.0,0.000222572882194072,0.004138255026191473,0.0,0.0,0.0,0.0,0.0,0.0,0.0,0.0,,0.01636638306081295,,0.0,0.013081780634820461,0.00596213573589921,0.0,0.0,0.0,0.00783260352909565,0.013072560541331768,0.0,0.01504174992442131,0.0,,0.0,,0.0,0.007702955510467291,0.0,,0.0,0.0,0.0,0.0064319828525185585,0.0,0.0,0.0,0.0,0.006455377209931612,0.002276746090501547,0.0,,,0.0,0.0,0.0,,,,0.0,0.0,,0.0,,0.0,,0.0,,,0.0,,,,,0.0,,0.0,0.009475049562752247,0.0,,0.0,0.0,0.0006172159337438643,,0.011276694014668465,0.0,,0.0,0.008886725641787052,0.0,,,0.0,,0.01935204491019249,0.0,0.0,,0.0,0.0019069688860327005,,,,0.0,0.0,0.0,0.0,0.0,7.387471123365685e-05,,,,0.007764055393636227,0.0,,0.0,,0.0,0.0,0.0,0.0,,,0.0,0.0,,,0.0,,0.0,,0.0,0.0,0.0,0.0,0.0,0.0,0.0,,0.0,0.010640541091561317,0.0,0.0,0.0,,,0.0,0.0,0.0,0.0,0.004161264281719923,0.0073729087598621845,,,,0.007771022617816925,0.0,0.0,0.0,,,0.008342444896697998,0.0,0.0,,0.0,,,,,0.0,0.013751369901001453,0.0,,0.0,,,0.0,,0.006028351373970509,0.0,0.0,0.0,,0.006963010877370834,0.0,,0.0,0.0,0.0,0.0,0.0,,0.0025301980786025524,0.0,0.0,,0.0,0.0,0.0,0.0,0.0,0.0,0.0,,0.0009805925656110048,0.0,0.0,0.007419695612043142,0.0,0.0,0.0,,0.0,0.0,0.0,0.010489208623766899,0.0,0.0,0.0,0.0,0.0,0.0,0.00028485566144809127,0.0,0.0,0.0,,0.0,0.0,0.0,0.0,0.0,0.0,0.0,0.0,0.0,0.004446286242455244,0.0,0.0,0.0,,0.0,0.006903916597366333,,0.0032303640618920326,0.0,0.0,0.0,0.0,0.0,0.007855664007365704,0.0,0.0,0.0,0.011428353376686573,0.0,0.014265907928347588,0.0,0.0,0.0,0.0,0.0,0.0,0.0,0.0,0.0,0.0,0.0,0.0,0.0071387211792171,0.0,0.0,0.0,0.010663309134542942,0.009583434090018272,0.0,0.00991410668939352,0.0,0.0,0.0,0.019269602373242378,0.0,0.0,0.0,0.0,0.0,0.0,0.0,0.0,0.004451911896467209,0.0,0.0,0.0,0.0,0.0,0.015617968514561653,0.0,0.008543897420167923,0.0,0.0,0.017431413754820824,0.0,0.0,0.0,0.0,0.0,0.011158911511301994,0.0,0.006921166554093361,0.0,0.013884417712688446,0.0,0.0,0.0,0.0,0.0,0.017269155010581017,0.0,0.00583390099927783,0.0,0.0,,,,,,,,,,,,,,,,,,,,,,,,,,,,,,,,,,,,,,,,,,,,,,,,,,,,,,,,,,,,,,,,,,,,,,,,,,,,,,,,,,,,,,,,,,,,,,,,,,,,,,,,,,,,,,,,,,,,,,,,,,,,,,
2021-08-12,798755.7942661502,193.18925523334474,,,,,,,,,,,76494.84123570709,,1039061.7711000025,,,,,,,,,,,,,,,,,,,,,,,,,,,,,,,,,,,,,,,,,,,3553.3054613074437,,,,,,,,,,,,,,,,,,,,,,17321.35489504011,10206.316521315935,3560.2355437396636,7421.891063893989,6794.202246245224,42542.43201063628,27814.40042441407,6926.9466158214545,32566.660987848907,,,,,,,,,,,,,,,,,,,,,,,,,,,,,,,,,,,,0.007672586012631655,0.0,0.0,0.01092440728098154,0.0,0.0,0.0,0.0,0.0,0.0,0.0,0.0,0.0,0.0,0.0,0.0,,0.0,,0.0,,0.0,0.0,0.0,0.010507198981940746,0.0,,0.0,0.0,0.010712611488997936,0.0,0.012846814468502998,0.0,,0.0,,,,0.0,0.0,0.0,,0.0,0.0,0.0012285824632272124,0.009027548134326935,0.0,,,0.0,,0.0,0.0,0.0,0.0,0.0,0.0,0.0,0.0,0.006439491640776396,0.015234255231916904,0.0,0.0,0.0,,0.011381476186215878,0.0,0.0,0.0,0.015055594965815544,,0.0005889178719371557,0.0,,0.0,0.0,0.0,0.0,,0.0,0.0,0.0,,0.0,,0.0,0.0,,0.0,,0.0,0.0,0.0030229962430894375,0.01743323914706707,0.0,0.012673601508140564,0.0,0.016194811090826988,0.0,,,0.009300514124333858,0.0,,,,,0.0,0.0,0.0,0.0,0.0,0.0,0.0,0.0,0.0,,0.012146583758294582,0.0019998527131974697,0.0,,0.019029388204216957,0.0,0.0015352413756772876,0.0,0.0,0.0,,0.002669151872396469,,0.014855947345495224,0.0,0.0,0.01175154373049736,,0.0,0.0,,0.0,0.0,0.0,0.0,0.0,0.0001421356719220057,0.0011042432161048055,0.0,0.0,0.0046468619257211685,0.003770541399717331,0.0,0.0012880248250439763,,0.02132318913936615,0.0,0.004850889090448618,0.0,,0.0,0.007785265799611807,0.0,0.0,0.0,0.0,0.0061191171407699585,0.0,0.0,0.0,,0.015078713186085224,0.0,0.0,,,,0.006918592378497124,0.002163069089874625,,0.0,0.0,0.0,0.0,,0.0,,0.0,0.0,0.013318006880581379,0.0,0.0,0.0,,,,0.0,0.01897398941218853,0.0,0.0,0.0,,0.0,0.008289680816233158,0.007186546456068754,0.0,,0.0,0.015495573170483112,0.0,0.0,0.0,,0.002988440217450261,0.0071138362400233746,0.006663523148745298,0.0,,0.0029522741679102182,0.007444577291607857,0.00870683416724205,0.0,0.015951599925756454,0.0,,0.0,0.0,0.0,0.0,0.0,0.0,,0.0,,0.005740217864513397,0.007723913062363863,0.0016765532782301307,0.0,0.0,0.0,0.0,,0.0,0.011521018110215664,0.0028374833054840565,,,0.0,0.0,0.0,0.0,0.0,0.0,0.0,0.0,0.0,,0.0,0.0,0.0014217449352145195,,0.0,0.0,0.0,0.015036061406135559,0.0,0.0,0.0,,,0.0,0.002523822244256735,0.0,0.0,0.0,,0.012212172150611877,,0.010441260412335396,0.0,,0.0,0.0001980172237381339,0.0,0.0,,,0.0,0.009777898900210857,,0.011562291532754898,0.0,,,0.0,0.021612513810396194,0.0,0.0,0.0,0.0,0.0,,,0.0,0.0,0.0,0.0,0.0,,,0.0,0.0,0.0,,0.0,0.0,,0.0,0.0,0.010721533559262753,,0.0,0.0,0.0,0.0,,0.0,0.0,,0.0,0.0,0.0,0.000222572882194072,0.004138255026191473,0.0,0.0,0.0,0.0,0.0,0.0,0.0,0.0,,0.01636638306081295,,0.0,0.013081780634820461,0.00596213573589921,0.0,0.0,0.0,0.00783260352909565,0.013072560541331768,0.0,0.01504174992442131,0.0,,0.0,,0.0,0.007702955510467291,0.0,,0.0,0.0,0.0,0.0064319828525185585,0.0,0.0,0.0,0.0,0.006455377209931612,0.002276746090501547,0.0,,,0.0,0.0,0.0,,,,0.0,0.0,,0.0,,0.0,,0.0,,,0.0,,,,,0.0,,0.0,0.009475049562752247,0.0,,0.0,0.0,0.0006172159337438643,,0.011276694014668465,0.0,,0.0,0.008886725641787052,0.0,,,0.0,,0.01935204491019249,0.0,0.0,,0.0,0.0019069688860327005,,,,0.0,0.0,0.0,0.0,0.0,7.387471123365685e-05,,,,0.007764055393636227,0.0,,0.0,,0.0,0.0,0.0,0.0,,,0.0,0.0,,,0.0,,0.0,,0.0,0.0,0.0,0.0,0.0,0.0,0.0,,0.0,0.010640541091561317,0.0,0.0,0.0,,,0.0,0.0,0.0,0.0,0.004161264281719923,0.0073729087598621845,,,,0.007771022617816925,0.0,0.0,0.0,,,0.008342444896697998,0.0,0.0,,0.0,,,,,0.0,0.013751369901001453,0.0,,0.0,,,0.0,,0.006028351373970509,0.0,0.0,0.0,,0.006963010877370834,0.0,,0.0,0.0,0.0,0.0,0.0,,0.0025301980786025524,0.0,0.0,,0.0,0.0,0.0,0.0,0.0,0.0,0.0,,0.0009805925656110048,0.0,0.0,0.007419695612043142,0.0,0.0,0.0,,0.0,0.0,0.0,0.010489208623766899,0.0,0.0,0.0,0.0,0.0,0.0,0.00028485566144809127,0.0,0.0,0.0,,0.0,0.0,0.0,0.0,0.0,0.0,0.0,0.0,0.0,0.004446286242455244,0.0,0.0,0.0,,0.0,0.006903916597366333,,0.0032303640618920326,0.0,0.0,0.0,0.0,0.0,0.007855664007365704,0.0,0.0,0.0,0.011428353376686573,0.0,0.014265907928347588,0.0,0.0,0.0,0.0,0.0,0.0,0.0,0.0,0.0,0.0,0.0,0.0,0.0071387211792171,0.0,0.0,0.0,0.010663309134542942,0.009583434090018272,0.0,0.00991410668939352,0.0,0.0,0.0,0.019269602373242378,0.0,0.0,0.0,0.0,0.0,0.0,0.0,0.0,0.004451911896467209,0.0,0.0,0.0,0.0,0.0,0.015617968514561653,0.0,0.008543897420167923,0.0,0.0,0.017431413754820824,0.0,0.0,0.0,0.0,0.0,0.011158911511301994,0.0,0.006921166554093361,0.0,0.013884417712688446,0.0,0.0,0.0,0.0,0.0,0.017269155010581017,0.0,0.00583390099927783,0.0,0.0,,,,,,,,,,,,,,,,,,,,,,,,,,,,,,,,,,,,,,,,,,,,,,,,,,,,,,,,,,,,,,,,,,,,,,,,,,,,,,,,,,,,,,,,,,,,,,,,,,,,,,,,,,,,,,,,,,,,,,,,,,,,,,
2021-08-13,797256.1091149659,190.15380700379478,,,,,,,,,,,76494.84123570709,,1039061.7711000025,,,,,,,,,,,,,,,,,,,,,,,,,,,,,,,,,,,,,,,,,,,3553.3054613074437,,,,,,,,,,,,,,,,,,,,,,17321.35489504011,10206.316521315935,3560.2355437396636,7421.891063893989,6794.202246245224,42023.99528717118,28164.294312643004,6926.9466158214545,32566.660987848907,,,,,,,,,,,,,,,,,,,,,,,,,,,,,,,,,,,,0.007672586012631655,0.0,0.0,0.01092440728098154,0.0,0.0,0.0,0.0,0.0,0.0,0.0,0.0,0.0,0.0,0.0,0.0,,0.0,,0.0,,0.0,0.0,0.0,0.010507198981940746,0.0,,0.0,0.0,0.010712611488997936,0.0,0.012846814468502998,0.0,,0.0,,,,0.0,0.0,0.0,,0.0,0.0,0.0012285824632272124,0.009027548134326935,0.0,,,0.0,,0.0,0.0,0.0,0.0,0.0,0.0,0.0,0.0,0.006439491640776396,0.015234255231916904,0.0,0.0,0.0,,0.011381476186215878,0.0,0.0,0.0,0.015055594965815544,,0.0005889178719371557,0.0,,0.0,0.0,0.0,0.0,,0.0,0.0,0.0,,0.0,,0.0,0.0,,0.0,,0.0,0.0,0.0030229962430894375,0.01743323914706707,0.0,0.012673601508140564,0.0,0.016194811090826988,0.0,,,0.009300514124333858,0.0,,,,,0.0,0.0,0.0,0.0,0.0,0.0,0.0,0.0,0.0,,0.012146583758294582,0.0019998527131974697,0.0,,0.019029388204216957,0.0,0.0015352413756772876,0.0,0.0,0.0,,0.002669151872396469,,0.014855947345495224,0.0,0.0,0.01175154373049736,,0.0,0.0,,0.0,0.0,0.0,0.0,0.0,0.0001421356719220057,0.0011042432161048055,0.0,0.0,0.0046468619257211685,0.003770541399717331,0.0,0.0012880248250439763,,0.02132318913936615,0.0,0.004850889090448618,0.0,,0.0,0.007785265799611807,0.0,0.0,0.0,0.0,0.0061191171407699585,0.0,0.0,0.0,,0.015078713186085224,0.0,0.0,,,,0.006918592378497124,0.002163069089874625,,0.0,0.0,0.0,0.0,,0.0,,0.0,0.0,0.013318006880581379,0.0,0.0,0.0,,,,0.0,0.01897398941218853,0.0,0.0,0.0,,0.0,0.008289680816233158,0.007186546456068754,0.0,,0.0,0.015495573170483112,0.0,0.0,0.0,,0.002988440217450261,0.0071138362400233746,0.006663523148745298,0.0,,0.0029522741679102182,0.007444577291607857,0.00870683416724205,0.0,0.015951599925756454,0.0,,0.0,0.0,0.0,0.0,0.0,0.0,,0.0,,0.005740217864513397,0.007723913062363863,0.0016765532782301307,0.0,0.0,0.0,0.0,,0.0,0.011521018110215664,0.0028374833054840565,,,0.0,0.0,0.0,0.0,0.0,0.0,0.0,0.0,0.0,,0.0,0.0,0.0014217449352145195,,0.0,0.0,0.0,0.015036061406135559,0.0,0.0,0.0,,,0.0,0.002523822244256735,0.0,0.0,0.0,,0.012212172150611877,,0.010441260412335396,0.0,,0.0,0.0001980172237381339,0.0,0.0,,,0.0,0.009777898900210857,,0.011562291532754898,0.0,,,0.0,0.021612513810396194,0.0,0.0,0.0,0.0,0.0,,,0.0,0.0,0.0,0.0,0.0,,,0.0,0.0,0.0,,0.0,0.0,,0.0,0.0,0.010721533559262753,,0.0,0.0,0.0,0.0,,0.0,0.0,,0.0,0.0,0.0,0.000222572882194072,0.004138255026191473,0.0,0.0,0.0,0.0,0.0,0.0,0.0,0.0,,0.01636638306081295,,0.0,0.013081780634820461,0.00596213573589921,0.0,0.0,0.0,0.00783260352909565,0.013072560541331768,0.0,0.01504174992442131,0.0,,0.0,,0.0,0.007702955510467291,0.0,,0.0,0.0,0.0,0.0064319828525185585,0.0,0.0,0.0,0.0,0.006455377209931612,0.002276746090501547,0.0,,,0.0,0.0,0.0,,,,0.0,0.0,,0.0,,0.0,,0.0,,,0.0,,,,,0.0,,0.0,0.009475049562752247,0.0,,0.0,0.0,0.0006172159337438643,,0.011276694014668465,0.0,,0.0,0.008886725641787052,0.0,,,0.0,,0.01935204491019249,0.0,0.0,,0.0,0.0019069688860327005,,,,0.0,0.0,0.0,0.0,0.0,7.387471123365685e-05,,,,0.007764055393636227,0.0,,0.0,,0.0,0.0,0.0,0.0,,,0.0,0.0,,,0.0,,0.0,,0.0,0.0,0.0,0.0,0.0,0.0,0.0,,0.0,0.010640541091561317,0.0,0.0,0.0,,,0.0,0.0,0.0,0.0,0.004161264281719923,0.0073729087598621845,,,,0.007771022617816925,0.0,0.0,0.0,,,0.008342444896697998,0.0,0.0,,0.0,,,,,0.0,0.013751369901001453,0.0,,0.0,,,0.0,,0.006028351373970509,0.0,0.0,0.0,,0.006963010877370834,0.0,,0.0,0.0,0.0,0.0,0.0,,0.0025301980786025524,0.0,0.0,,0.0,0.0,0.0,0.0,0.0,0.0,0.0,,0.0009805925656110048,0.0,0.0,0.007419695612043142,0.0,0.0,0.0,,0.0,0.0,0.0,0.010489208623766899,0.0,0.0,0.0,0.0,0.0,0.0,0.00028485566144809127,0.0,0.0,0.0,,0.0,0.0,0.0,0.0,0.0,0.0,0.0,0.0,0.0,0.004446286242455244,0.0,0.0,0.0,,0.0,0.006903916597366333,,0.0032303640618920326,0.0,0.0,0.0,0.0,0.0,0.007855664007365704,0.0,0.0,0.0,0.011428353376686573,0.0,0.014265907928347588,0.0,0.0,0.0,0.0,0.0,0.0,0.0,0.0,0.0,0.0,0.0,0.0,0.0071387211792171,0.0,0.0,0.0,0.010663309134542942,0.009583434090018272,0.0,0.00991410668939352,0.0,0.0,0.0,0.019269602373242378,0.0,0.0,0.0,0.0,0.0,0.0,0.0,0.0,0.004451911896467209,0.0,0.0,0.0,0.0,0.0,0.015617968514561653,0.0,0.008543897420167923,0.0,0.0,0.017431413754820824,0.0,0.0,0.0,0.0,0.0,0.011158911511301994,0.0,0.006921166554093361,0.0,0.013884417712688446,0.0,0.0,0.0,0.0,0.0,0.017269155010581017,0.0,0.00583390099927783,0.0,0.0,,,,,,,,,,,,,,,,,,,,,,,,,,,,,,,,,,,,,,,,,,,,,,,,,,,,,,,,,,,,,,,,,,,,,,,,,,,,,,,,,,,,,,,,,,,,,,,,,,,,,,,,,,,,,,,,,,,,,,,,,,,,,,
2021-08-16,797803.4066112518,901.9417219903412,,,,,,,,,,,76494.84123570709,,1039061.7711000025,,,,,,,,,,,,,,,,,,,,,,,,,,,,,,,,,,,,,,,,,,,3553.3054613074437,,,,,,,,,,,,,,,,,,,,,,17321.35489504011,10206.316521315935,3560.2355437396636,7421.891063893989,6794.202246245224,37293.741519888084,28509.558866379914,7529.329837024836,33688.08954256689,,,,,,,,,,,,,,,,,,,,,,,,,,,,,,,,,,,,0.007672586012631655,0.0,0.0,0.01092440728098154,0.0,0.0,0.0,0.0,0.0,0.0,0.0,0.0,0.0,0.0,0.0,0.0,,0.0,,0.0,,0.0,0.0,0.0,0.010507198981940746,0.0,,0.0,0.0,0.010712611488997936,0.0,0.012846814468502998,0.0,,0.0,,,,0.0,0.0,0.0,,0.0,0.0,0.0012285824632272124,0.009027548134326935,0.0,,,0.0,,0.0,0.0,0.0,0.0,0.0,0.0,0.0,0.0,0.006439491640776396,0.015234255231916904,0.0,0.0,0.0,,0.011381476186215878,0.0,0.0,0.0,0.015055594965815544,,0.0005889178719371557,0.0,,0.0,0.0,0.0,0.0,,0.0,0.0,0.0,,0.0,,0.0,0.0,,0.0,,0.0,0.0,0.0030229962430894375,0.01743323914706707,0.0,0.012673601508140564,0.0,0.016194811090826988,0.0,,,0.009300514124333858,0.0,,,,,0.0,0.0,0.0,0.0,0.0,0.0,0.0,0.0,0.0,,0.012146583758294582,0.0019998527131974697,0.0,,0.019029388204216957,0.0,0.0015352413756772876,0.0,0.0,0.0,,0.002669151872396469,,0.014855947345495224,0.0,0.0,0.01175154373049736,,0.0,0.0,,0.0,0.0,0.0,0.0,0.0,0.0001421356719220057,0.0011042432161048055,0.0,0.0,0.0046468619257211685,0.003770541399717331,0.0,0.0012880248250439763,,0.02132318913936615,0.0,0.004850889090448618,0.0,,0.0,0.007785265799611807,0.0,0.0,0.0,0.0,0.0061191171407699585,0.0,0.0,0.0,,0.015078713186085224,0.0,0.0,,,,0.006918592378497124,0.002163069089874625,,0.0,0.0,0.0,0.0,,0.0,,0.0,0.0,0.013318006880581379,0.0,0.0,0.0,,,,0.0,0.01897398941218853,0.0,0.0,0.0,,0.0,0.008289680816233158,0.007186546456068754,0.0,,0.0,0.015495573170483112,0.0,0.0,0.0,,0.002988440217450261,0.0071138362400233746,0.006663523148745298,0.0,,0.0029522741679102182,0.007444577291607857,0.00870683416724205,0.0,0.015951599925756454,0.0,,0.0,0.0,0.0,0.0,0.0,0.0,,0.0,,0.005740217864513397,0.007723913062363863,0.0016765532782301307,0.0,0.0,0.0,0.0,,0.0,0.011521018110215664,0.0028374833054840565,,,0.0,0.0,0.0,0.0,0.0,0.0,0.0,0.0,0.0,,0.0,0.0,0.0014217449352145195,,0.0,0.0,0.0,0.015036061406135559,0.0,0.0,0.0,,,0.0,0.002523822244256735,0.0,0.0,0.0,,0.012212172150611877,,0.010441260412335396,0.0,,0.0,0.0001980172237381339,0.0,0.0,,,0.0,0.009777898900210857,,0.011562291532754898,0.0,,,0.0,0.021612513810396194,0.0,0.0,0.0,0.0,0.0,,,0.0,0.0,0.0,0.0,0.0,,,0.0,0.0,0.0,,0.0,0.0,,0.0,0.0,0.010721533559262753,,0.0,0.0,0.0,0.0,,0.0,0.0,,0.0,0.0,0.0,0.000222572882194072,0.004138255026191473,0.0,0.0,0.0,0.0,0.0,0.0,0.0,0.0,,0.01636638306081295,,0.0,0.013081780634820461,0.00596213573589921,0.0,0.0,0.0,0.00783260352909565,0.013072560541331768,0.0,0.01504174992442131,0.0,,0.0,,0.0,0.007702955510467291,0.0,,0.0,0.0,0.0,0.0064319828525185585,0.0,0.0,0.0,0.0,0.006455377209931612,0.002276746090501547,0.0,,,0.0,0.0,0.0,,,,0.0,0.0,,0.0,,0.0,,0.0,,,0.0,,,,,0.0,,0.0,0.009475049562752247,0.0,,0.0,0.0,0.0006172159337438643,,0.011276694014668465,0.0,,0.0,0.008886725641787052,0.0,,,0.0,,0.01935204491019249,0.0,0.0,,0.0,0.0019069688860327005,,,,0.0,0.0,0.0,0.0,0.0,7.387471123365685e-05,,,,0.007764055393636227,0.0,,0.0,,0.0,0.0,0.0,0.0,,,0.0,0.0,,,0.0,,0.0,,0.0,0.0,0.0,0.0,0.0,0.0,0.0,,0.0,0.010640541091561317,0.0,0.0,0.0,,,0.0,0.0,0.0,0.0,0.004161264281719923,0.0073729087598621845,,,,0.007771022617816925,0.0,0.0,0.0,,,0.008342444896697998,0.0,0.0,,0.0,,,,,0.0,0.013751369901001453,0.0,,0.0,,,0.0,,0.006028351373970509,0.0,0.0,0.0,,0.006963010877370834,0.0,,0.0,0.0,0.0,0.0,0.0,,0.0025301980786025524,0.0,0.0,,0.0,0.0,0.0,0.0,0.0,0.0,0.0,,0.0009805925656110048,0.0,0.0,0.007419695612043142,0.0,0.0,0.0,,0.0,0.0,0.0,0.010489208623766899,0.0,0.0,0.0,0.0,0.0,0.0,0.00028485566144809127,0.0,0.0,0.0,,0.0,0.0,0.0,0.0,0.0,0.0,0.0,0.0,0.0,0.004446286242455244,0.0,0.0,0.0,,0.0,0.006903916597366333,,0.0032303640618920326,0.0,0.0,0.0,0.0,0.0,0.007855664007365704,0.0,0.0,0.0,0.011428353376686573,0.0,0.014265907928347588,0.0,0.0,0.0,0.0,0.0,0.0,0.0,0.0,0.0,0.0,0.0,0.0,0.0071387211792171,0.0,0.0,0.0,0.010663309134542942,0.009583434090018272,0.0,0.00991410668939352,0.0,0.0,0.0,0.019269602373242378,0.0,0.0,0.0,0.0,0.0,0.0,0.0,0.0,0.004451911896467209,0.0,0.0,0.0,0.0,0.0,0.015617968514561653,0.0,0.008543897420167923,0.0,0.0,0.017431413754820824,0.0,0.0,0.0,0.0,0.0,0.011158911511301994,0.0,0.006921166554093361,0.0,0.013884417712688446,0.0,0.0,0.0,0.0,0.0,0.017269155010581017,0.0,0.00583390099927783,0.0,0.0,,,,,,,,,,,,,,,,,,,,,,,,,,,,,,,,,,,,,,,,,,,,,,,,,,,,,,,,,,,,,,,,,,,,,,,,,,,,,,,,,,,,,,,,,,,,,,,,,,,,,,,,,,,,,,,,,,,,,,,,,,,,,,
2021-08-17,790579.7444038222,926.3530284067156,,,,,,,,,,,76494.84123570709,,1039061.7711000025,,,,,,,,,,,,,,,,,,,,,,,,,,,,,,,,,,,,,,,,,,,3553.3054613074437,,,,,,,,,,,,,,,,,,,,,,17925.720377090754,9997.96600792928,3560.2355437396636,7421.891063893989,6794.202246245224,37293.741519888084,28159.443018586724,7397.098884196525,34809.518097284876,,,,,,,,,,,,,,,,,,,,,,,,,,,,,,,,,,,,0.007672586012631655,0.0,0.0,0.01092440728098154,0.0,0.0,0.0,0.0,0.0,0.0,0.0,0.0,0.0,0.0,0.0,0.0,,0.0,,0.0,,0.0,0.0,0.0,0.010507198981940746,0.0,,0.0,0.0,0.010712611488997936,0.0,0.012846814468502998,0.0,,0.0,,,,0.0,0.0,0.0,,0.0,0.0,0.0012285824632272124,0.009027548134326935,0.0,,,0.0,,0.0,0.0,0.0,0.0,0.0,0.0,0.0,0.0,0.006439491640776396,0.015234255231916904,0.0,0.0,0.0,,0.011381476186215878,0.0,0.0,0.0,0.015055594965815544,,0.0005889178719371557,0.0,,0.0,0.0,0.0,0.0,,0.0,0.0,0.0,,0.0,,0.0,0.0,,0.0,,0.0,0.0,0.0030229962430894375,0.01743323914706707,0.0,0.012673601508140564,0.0,0.016194811090826988,0.0,,,0.009300514124333858,0.0,,,,,0.0,0.0,0.0,0.0,0.0,0.0,0.0,0.0,0.0,,0.012146583758294582,0.0019998527131974697,0.0,,0.019029388204216957,0.0,0.0015352413756772876,0.0,0.0,0.0,,0.002669151872396469,,0.014855947345495224,0.0,0.0,0.01175154373049736,,0.0,0.0,,0.0,0.0,0.0,0.0,0.0,0.0001421356719220057,0.0011042432161048055,0.0,0.0,0.0046468619257211685,0.003770541399717331,0.0,0.0012880248250439763,,0.02132318913936615,0.0,0.004850889090448618,0.0,,0.0,0.007785265799611807,0.0,0.0,0.0,0.0,0.0061191171407699585,0.0,0.0,0.0,,0.015078713186085224,0.0,0.0,,,,0.006918592378497124,0.002163069089874625,,0.0,0.0,0.0,0.0,,0.0,,0.0,0.0,0.013318006880581379,0.0,0.0,0.0,,,,0.0,0.01897398941218853,0.0,0.0,0.0,,0.0,0.008289680816233158,0.007186546456068754,0.0,,0.0,0.015495573170483112,0.0,0.0,0.0,,0.002988440217450261,0.0071138362400233746,0.006663523148745298,0.0,,0.0029522741679102182,0.007444577291607857,0.00870683416724205,0.0,0.015951599925756454,0.0,,0.0,0.0,0.0,0.0,0.0,0.0,,0.0,,0.005740217864513397,0.007723913062363863,0.0016765532782301307,0.0,0.0,0.0,0.0,,0.0,0.011521018110215664,0.0028374833054840565,,,0.0,0.0,0.0,0.0,0.0,0.0,0.0,0.0,0.0,,0.0,0.0,0.0014217449352145195,,0.0,0.0,0.0,0.015036061406135559,0.0,0.0,0.0,,,0.0,0.002523822244256735,0.0,0.0,0.0,,0.012212172150611877,,0.010441260412335396,0.0,,0.0,0.0001980172237381339,0.0,0.0,,,0.0,0.009777898900210857,,0.011562291532754898,0.0,,,0.0,0.021612513810396194,0.0,0.0,0.0,0.0,0.0,,,0.0,0.0,0.0,0.0,0.0,,,0.0,0.0,0.0,,0.0,0.0,,0.0,0.0,0.010721533559262753,,0.0,0.0,0.0,0.0,,0.0,0.0,,0.0,0.0,0.0,0.000222572882194072,0.004138255026191473,0.0,0.0,0.0,0.0,0.0,0.0,0.0,0.0,,0.01636638306081295,,0.0,0.013081780634820461,0.00596213573589921,0.0,0.0,0.0,0.00783260352909565,0.013072560541331768,0.0,0.01504174992442131,0.0,,0.0,,0.0,0.007702955510467291,0.0,,0.0,0.0,0.0,0.0064319828525185585,0.0,0.0,0.0,0.0,0.006455377209931612,0.002276746090501547,0.0,,,0.0,0.0,0.0,,,,0.0,0.0,,0.0,,0.0,,0.0,,,0.0,,,,,0.0,,0.0,0.009475049562752247,0.0,,0.0,0.0,0.0006172159337438643,,0.011276694014668465,0.0,,0.0,0.008886725641787052,0.0,,,0.0,,0.01935204491019249,0.0,0.0,,0.0,0.0019069688860327005,,,,0.0,0.0,0.0,0.0,0.0,7.387471123365685e-05,,,,0.007764055393636227,0.0,,0.0,,0.0,0.0,0.0,0.0,,,0.0,0.0,,,0.0,,0.0,,0.0,0.0,0.0,0.0,0.0,0.0,0.0,,0.0,0.010640541091561317,0.0,0.0,0.0,,,0.0,0.0,0.0,0.0,0.004161264281719923,0.0073729087598621845,,,,0.007771022617816925,0.0,0.0,0.0,,,0.008342444896697998,0.0,0.0,,0.0,,,,,0.0,0.013751369901001453,0.0,,0.0,,,0.0,,0.006028351373970509,0.0,0.0,0.0,,0.006963010877370834,0.0,,0.0,0.0,0.0,0.0,0.0,,0.0025301980786025524,0.0,0.0,,0.0,0.0,0.0,0.0,0.0,0.0,0.0,,0.0009805925656110048,0.0,0.0,0.007419695612043142,0.0,0.0,0.0,,0.0,0.0,0.0,0.010489208623766899,0.0,0.0,0.0,0.0,0.0,0.0,0.00028485566144809127,0.0,0.0,0.0,,0.0,0.0,0.0,0.0,0.0,0.0,0.0,0.0,0.0,0.004446286242455244,0.0,0.0,0.0,,0.0,0.006903916597366333,,0.0032303640618920326,0.0,0.0,0.0,0.0,0.0,0.007855664007365704,0.0,0.0,0.0,0.011428353376686573,0.0,0.014265907928347588,0.0,0.0,0.0,0.0,0.0,0.0,0.0,0.0,0.0,0.0,0.0,0.0,0.0071387211792171,0.0,0.0,0.0,0.010663309134542942,0.009583434090018272,0.0,0.00991410668939352,0.0,0.0,0.0,0.019269602373242378,0.0,0.0,0.0,0.0,0.0,0.0,0.0,0.0,0.004451911896467209,0.0,0.0,0.0,0.0,0.0,0.015617968514561653,0.0,0.008543897420167923,0.0,0.0,0.017431413754820824,0.0,0.0,0.0,0.0,0.0,0.011158911511301994,0.0,0.006921166554093361,0.0,0.013884417712688446,0.0,0.0,0.0,0.0,0.0,0.017269155010581017,0.0,0.00583390099927783,0.0,0.0,,,,,,,,,,,,,,,,,,,,,,,,,,,,,,,,,,,,,,,,,,,,,,,,,,,,,,,,,,,,,,,,,,,,,,,,,,,,,,,,,,,,,,,,,,,,,,,,,,,,,,,,,,,,,,,,,,,,,,,,,,,,,,
2021-08-18,794879.46131188,111.08349118451986,,,,,,,,,,,76494.84123570709,,1039061.7711000025,,,,,,,,,,,,,,,,,,,,,,,,,,,,,,,,,,,,,,,,,,,3553.3054613074437,,,,,,,,,,,,,,,,,,,,,,17925.720377090754,10101.985442846053,3560.2355437396636,7421.891063893989,6794.202246245224,37293.741519888084,28159.443018586724,7397.098884196525,34809.518097284876,,,,,,,,,,,,,,,,,,,,,,,,,,,,,,,,,,,,0.007672586012631655,0.0,0.0,0.01092440728098154,0.0,0.0,0.0,0.0,0.0,0.0,0.0,0.0,0.0,0.0,0.0,0.0,,0.0,,0.0,,0.0,0.0,0.0,0.010507198981940746,0.0,,0.0,0.0,0.010712611488997936,0.0,0.012846814468502998,0.0,,0.0,,,,0.0,0.0,0.0,,0.0,0.0,0.0012285824632272124,0.009027548134326935,0.0,,,0.0,,0.0,0.0,0.0,0.0,0.0,0.0,0.0,0.0,0.006439491640776396,0.015234255231916904,0.0,0.0,0.0,,0.011381476186215878,0.0,0.0,0.0,0.015055594965815544,,0.0005889178719371557,0.0,,0.0,0.0,0.0,0.0,,0.0,0.0,0.0,,0.0,,0.0,0.0,,0.0,,0.0,0.0,0.0030229962430894375,0.01743323914706707,0.0,0.012673601508140564,0.0,0.016194811090826988,0.0,,,0.009300514124333858,0.0,,,,,0.0,0.0,0.0,0.0,0.0,0.0,0.0,0.0,0.0,,0.012146583758294582,0.0019998527131974697,0.0,,0.019029388204216957,0.0,0.0015352413756772876,0.0,0.0,0.0,,0.002669151872396469,,0.014855947345495224,0.0,0.0,0.01175154373049736,,0.0,0.0,,0.0,0.0,0.0,0.0,0.0,0.0001421356719220057,0.0011042432161048055,0.0,0.0,0.0046468619257211685,0.003770541399717331,0.0,0.0012880248250439763,,0.02132318913936615,0.0,0.004850889090448618,0.0,,0.0,0.007785265799611807,0.0,0.0,0.0,0.0,0.0061191171407699585,0.0,0.0,0.0,,0.015078713186085224,0.0,0.0,,,,0.006918592378497124,0.002163069089874625,,0.0,0.0,0.0,0.0,,0.0,,0.0,0.0,0.013318006880581379,0.0,0.0,0.0,,,,0.0,0.01897398941218853,0.0,0.0,0.0,,0.0,0.008289680816233158,0.007186546456068754,0.0,,0.0,0.015495573170483112,0.0,0.0,0.0,,0.002988440217450261,0.0071138362400233746,0.006663523148745298,0.0,,0.0029522741679102182,0.007444577291607857,0.00870683416724205,0.0,0.015951599925756454,0.0,,0.0,0.0,0.0,0.0,0.0,0.0,,0.0,,0.005740217864513397,0.007723913062363863,0.0016765532782301307,0.0,0.0,0.0,0.0,,0.0,0.011521018110215664,0.0028374833054840565,,,0.0,0.0,0.0,0.0,0.0,0.0,0.0,0.0,0.0,,0.0,0.0,0.0014217449352145195,,0.0,0.0,0.0,0.015036061406135559,0.0,0.0,0.0,,,0.0,0.002523822244256735,0.0,0.0,0.0,,0.012212172150611877,,0.010441260412335396,0.0,,0.0,0.0001980172237381339,0.0,0.0,,,0.0,0.009777898900210857,,0.011562291532754898,0.0,,,0.0,0.021612513810396194,0.0,0.0,0.0,0.0,0.0,,,0.0,0.0,0.0,0.0,0.0,,,0.0,0.0,0.0,,0.0,0.0,,0.0,0.0,0.010721533559262753,,0.0,0.0,0.0,0.0,,0.0,0.0,,0.0,0.0,0.0,0.000222572882194072,0.004138255026191473,0.0,0.0,0.0,0.0,0.0,0.0,0.0,0.0,,0.01636638306081295,,0.0,0.013081780634820461,0.00596213573589921,0.0,0.0,0.0,0.00783260352909565,0.013072560541331768,0.0,0.01504174992442131,0.0,,0.0,,0.0,0.007702955510467291,0.0,,0.0,0.0,0.0,0.0064319828525185585,0.0,0.0,0.0,0.0,0.006455377209931612,0.002276746090501547,0.0,,,0.0,0.0,0.0,,,,0.0,0.0,,0.0,,0.0,,0.0,,,0.0,,,,,0.0,,0.0,0.009475049562752247,0.0,,0.0,0.0,0.0006172159337438643,,0.011276694014668465,0.0,,0.0,0.008886725641787052,0.0,,,0.0,,0.01935204491019249,0.0,0.0,,0.0,0.0019069688860327005,,,,0.0,0.0,0.0,0.0,0.0,7.387471123365685e-05,,,,0.007764055393636227,0.0,,0.0,,0.0,0.0,0.0,0.0,,,0.0,0.0,,,0.0,,0.0,,0.0,0.0,0.0,0.0,0.0,0.0,0.0,,0.0,0.010640541091561317,0.0,0.0,0.0,,,0.0,0.0,0.0,0.0,0.004161264281719923,0.0073729087598621845,,,,0.007771022617816925,0.0,0.0,0.0,,,0.008342444896697998,0.0,0.0,,0.0,,,,,0.0,0.013751369901001453,0.0,,0.0,,,0.0,,0.006028351373970509,0.0,0.0,0.0,,0.006963010877370834,0.0,,0.0,0.0,0.0,0.0,0.0,,0.0025301980786025524,0.0,0.0,,0.0,0.0,0.0,0.0,0.0,0.0,0.0,,0.0009805925656110048,0.0,0.0,0.007419695612043142,0.0,0.0,0.0,,0.0,0.0,0.0,0.010489208623766899,0.0,0.0,0.0,0.0,0.0,0.0,0.00028485566144809127,0.0,0.0,0.0,,0.0,0.0,0.0,0.0,0.0,0.0,0.0,0.0,0.0,0.004446286242455244,0.0,0.0,0.0,,0.0,0.006903916597366333,,0.0032303640618920326,0.0,0.0,0.0,0.0,0.0,0.007855664007365704,0.0,0.0,0.0,0.011428353376686573,0.0,0.014265907928347588,0.0,0.0,0.0,0.0,0.0,0.0,0.0,0.0,0.0,0.0,0.0,0.0,0.0071387211792171,0.0,0.0,0.0,0.010663309134542942,0.009583434090018272,0.0,0.00991410668939352,0.0,0.0,0.0,0.019269602373242378,0.0,0.0,0.0,0.0,0.0,0.0,0.0,0.0,0.004451911896467209,0.0,0.0,0.0,0.0,0.0,0.015617968514561653,0.0,0.008543897420167923,0.0,0.0,0.017431413754820824,0.0,0.0,0.0,0.0,0.0,0.011158911511301994,0.0,0.006921166554093361,0.0,0.013884417712688446,0.0,0.0,0.0,0.0,0.0,0.017269155010581017,0.0,0.00583390099927783,0.0,0.0,,,,,,,,,,,,,,,,,,,,,,,,,,,,,,,,,,,,,,,,,,,,,,,,,,,,,,,,,,,,,,,,,,,,,,,,,,,,,,,,,,,,,,,,,,,,,,,,,,,,,,,,,,,,,,,,,,,,,,,,,,,,,,
2021-08-19,788816.3078588156,1033.4068689839155,,,,,,,,,,,76494.84123570709,,1039061.7711000025,,,,,,,,,,,,,,,,,,,,,,,,,,,,,,,,,,,,,,,,,,,3553.3054613074437,,,,,,,,,,,,,,,,,,,,,,17925.720377090754,9685.514539342146,3796.2889316115975,7421.891063893989,6794.202246245224,37293.741519888084,28078.984530371992,7397.154211789856,34809.518097284876,,,,,,,,,,,,,,,,,,,,,,,,,,,,,,,,,,,,0.007672586012631655,0.0,0.0,0.01092440728098154,0.0,0.0,0.0,0.0,0.0,0.0,0.0,0.0,0.0,0.0,0.0,0.0,,0.0,,0.0,,0.0,0.0,0.0,0.010507198981940746,0.0,,0.0,0.0,0.010712611488997936,0.0,0.012846814468502998,0.0,,0.0,,,,0.0,0.0,0.0,,0.0,0.0,0.0012285824632272124,0.009027548134326935,0.0,,,0.0,,0.0,0.0,0.0,0.0,0.0,0.0,0.0,0.0,0.006439491640776396,0.015234255231916904,0.0,0.0,0.0,,0.011381476186215878,0.0,0.0,0.0,0.015055594965815544,,0.0005889178719371557,0.0,,0.0,0.0,0.0,0.0,,0.0,0.0,0.0,,0.0,,0.0,0.0,,0.0,,0.0,0.0,0.0030229962430894375,0.01743323914706707,0.0,0.012673601508140564,0.0,0.016194811090826988,0.0,,,0.009300514124333858,0.0,,,,,0.0,0.0,0.0,0.0,0.0,0.0,0.0,0.0,0.0,,0.012146583758294582,0.0019998527131974697,0.0,,0.019029388204216957,0.0,0.0015352413756772876,0.0,0.0,0.0,,0.002669151872396469,,0.014855947345495224,0.0,0.0,0.01175154373049736,,0.0,0.0,,0.0,0.0,0.0,0.0,0.0,0.0001421356719220057,0.0011042432161048055,0.0,0.0,0.0046468619257211685,0.003770541399717331,0.0,0.0012880248250439763,,0.02132318913936615,0.0,0.004850889090448618,0.0,,0.0,0.007785265799611807,0.0,0.0,0.0,0.0,0.0061191171407699585,0.0,0.0,0.0,,0.015078713186085224,0.0,0.0,,,,0.006918592378497124,0.002163069089874625,,0.0,0.0,0.0,0.0,,0.0,,0.0,0.0,0.013318006880581379,0.0,0.0,0.0,,,,0.0,0.01897398941218853,0.0,0.0,0.0,,0.0,0.008289680816233158,0.007186546456068754,0.0,,0.0,0.015495573170483112,0.0,0.0,0.0,,0.002988440217450261,0.0071138362400233746,0.006663523148745298,0.0,,0.0029522741679102182,0.007444577291607857,0.00870683416724205,0.0,0.015951599925756454,0.0,,0.0,0.0,0.0,0.0,0.0,0.0,,0.0,,0.005740217864513397,0.007723913062363863,0.0016765532782301307,0.0,0.0,0.0,0.0,,0.0,0.011521018110215664,0.0028374833054840565,,,0.0,0.0,0.0,0.0,0.0,0.0,0.0,0.0,0.0,,0.0,0.0,0.0014217449352145195,,0.0,0.0,0.0,0.015036061406135559,0.0,0.0,0.0,,,0.0,0.002523822244256735,0.0,0.0,0.0,,0.012212172150611877,,0.010441260412335396,0.0,,0.0,0.0001980172237381339,0.0,0.0,,,0.0,0.009777898900210857,,0.011562291532754898,0.0,,,0.0,0.021612513810396194,0.0,0.0,0.0,0.0,0.0,,,0.0,0.0,0.0,0.0,0.0,,,0.0,0.0,0.0,,0.0,0.0,,0.0,0.0,0.010721533559262753,,0.0,0.0,0.0,0.0,,0.0,0.0,,0.0,0.0,0.0,0.000222572882194072,0.004138255026191473,0.0,0.0,0.0,0.0,0.0,0.0,0.0,0.0,,0.01636638306081295,,0.0,0.013081780634820461,0.00596213573589921,0.0,0.0,0.0,0.00783260352909565,0.013072560541331768,0.0,0.01504174992442131,0.0,,0.0,,0.0,0.007702955510467291,0.0,,0.0,0.0,0.0,0.0064319828525185585,0.0,0.0,0.0,0.0,0.006455377209931612,0.002276746090501547,0.0,,,0.0,0.0,0.0,,,,0.0,0.0,,0.0,,0.0,,0.0,,,0.0,,,,,0.0,,0.0,0.009475049562752247,0.0,,0.0,0.0,0.0006172159337438643,,0.011276694014668465,0.0,,0.0,0.008886725641787052,0.0,,,0.0,,0.01935204491019249,0.0,0.0,,0.0,0.0019069688860327005,,,,0.0,0.0,0.0,0.0,0.0,7.387471123365685e-05,,,,0.007764055393636227,0.0,,0.0,,0.0,0.0,0.0,0.0,,,0.0,0.0,,,0.0,,0.0,,0.0,0.0,0.0,0.0,0.0,0.0,0.0,,0.0,0.010640541091561317,0.0,0.0,0.0,,,0.0,0.0,0.0,0.0,0.004161264281719923,0.0073729087598621845,,,,0.007771022617816925,0.0,0.0,0.0,,,0.008342444896697998,0.0,0.0,,0.0,,,,,0.0,0.013751369901001453,0.0,,0.0,,,0.0,,0.006028351373970509,0.0,0.0,0.0,,0.006963010877370834,0.0,,0.0,0.0,0.0,0.0,0.0,,0.0025301980786025524,0.0,0.0,,0.0,0.0,0.0,0.0,0.0,0.0,0.0,,0.0009805925656110048,0.0,0.0,0.007419695612043142,0.0,0.0,0.0,,0.0,0.0,0.0,0.010489208623766899,0.0,0.0,0.0,0.0,0.0,0.0,0.00028485566144809127,0.0,0.0,0.0,,0.0,0.0,0.0,0.0,0.0,0.0,0.0,0.0,0.0,0.004446286242455244,0.0,0.0,0.0,,0.0,0.006903916597366333,,0.0032303640618920326,0.0,0.0,0.0,0.0,0.0,0.007855664007365704,0.0,0.0,0.0,0.011428353376686573,0.0,0.014265907928347588,0.0,0.0,0.0,0.0,0.0,0.0,0.0,0.0,0.0,0.0,0.0,0.0,0.0071387211792171,0.0,0.0,0.0,0.010663309134542942,0.009583434090018272,0.0,0.00991410668939352,0.0,0.0,0.0,0.019269602373242378,0.0,0.0,0.0,0.0,0.0,0.0,0.0,0.0,0.004451911896467209,0.0,0.0,0.0,0.0,0.0,0.015617968514561653,0.0,0.008543897420167923,0.0,0.0,0.017431413754820824,0.0,0.0,0.0,0.0,0.0,0.011158911511301994,0.0,0.006921166554093361,0.0,0.013884417712688446,0.0,0.0,0.0,0.0,0.0,0.017269155010581017,0.0,0.00583390099927783,0.0,0.0,,,,,,,,,,,,,,,,,,,,,,,,,,,,,,,,,,,,,,,,,,,,,,,,,,,,,,,,,,,,,,,,,,,,,,,,,,,,,,,,,,,,,,,,,,,,,,,,,,,,,,,,,,,,,,,,,,,,,,,,,,,,,,
2021-08-20,792345.7367339415,195.70552496342,,,,,,,,,,,76494.84123570709,,1039061.7711000025,,,,,,,,,,,,,,,,,,,,,,,,,,,,,,,,,,,,,,,,,,,3553.3054613074437,,,,,,,,,,,,,,,,,,,,,,17925.720377090754,9789.148202410748,3796.2889316115975,7421.891063893989,6794.202246245224,37293.741519888084,28078.984530371992,7397.013856034891,34809.518097284876,,,,,,,,,,,,,,,,,,,,,,,,,,,,,,,,,,,,0.007672586012631655,0.0,0.0,0.01092440728098154,0.0,0.0,0.0,0.0,0.0,0.0,0.0,0.0,0.0,0.0,0.0,0.0,,0.0,,0.0,,0.0,0.0,0.0,0.010507198981940746,0.0,,0.0,0.0,0.010712611488997936,0.0,0.012846814468502998,0.0,,0.0,,,,0.0,0.0,0.0,,0.0,0.0,0.0012285824632272124,0.009027548134326935,0.0,,,0.0,,0.0,0.0,0.0,0.0,0.0,0.0,0.0,0.0,0.006439491640776396,0.015234255231916904,0.0,0.0,0.0,,0.011381476186215878,0.0,0.0,0.0,0.015055594965815544,,0.0005889178719371557,0.0,,0.0,0.0,0.0,0.0,,0.0,0.0,0.0,,0.0,,0.0,0.0,,0.0,,0.0,0.0,0.0030229962430894375,0.01743323914706707,0.0,0.012673601508140564,0.0,0.016194811090826988,0.0,,,0.009300514124333858,0.0,,,,,0.0,0.0,0.0,0.0,0.0,0.0,0.0,0.0,0.0,,0.012146583758294582,0.0019998527131974697,0.0,,0.019029388204216957,0.0,0.0015352413756772876,0.0,0.0,0.0,,0.002669151872396469,,0.014855947345495224,0.0,0.0,0.01175154373049736,,0.0,0.0,,0.0,0.0,0.0,0.0,0.0,0.0001421356719220057,0.0011042432161048055,0.0,0.0,0.0046468619257211685,0.003770541399717331,0.0,0.0012880248250439763,,0.02132318913936615,0.0,0.004850889090448618,0.0,,0.0,0.007785265799611807,0.0,0.0,0.0,0.0,0.0061191171407699585,0.0,0.0,0.0,,0.015078713186085224,0.0,0.0,,,,0.006918592378497124,0.002163069089874625,,0.0,0.0,0.0,0.0,,0.0,,0.0,0.0,0.013318006880581379,0.0,0.0,0.0,,,,0.0,0.01897398941218853,0.0,0.0,0.0,,0.0,0.008289680816233158,0.007186546456068754,0.0,,0.0,0.015495573170483112,0.0,0.0,0.0,,0.002988440217450261,0.0071138362400233746,0.006663523148745298,0.0,,0.0029522741679102182,0.007444577291607857,0.00870683416724205,0.0,0.015951599925756454,0.0,,0.0,0.0,0.0,0.0,0.0,0.0,,0.0,,0.005740217864513397,0.007723913062363863,0.0016765532782301307,0.0,0.0,0.0,0.0,,0.0,0.011521018110215664,0.0028374833054840565,,,0.0,0.0,0.0,0.0,0.0,0.0,0.0,0.0,0.0,,0.0,0.0,0.0014217449352145195,,0.0,0.0,0.0,0.015036061406135559,0.0,0.0,0.0,,,0.0,0.002523822244256735,0.0,0.0,0.0,,0.012212172150611877,,0.010441260412335396,0.0,,0.0,0.0001980172237381339,0.0,0.0,,,0.0,0.009777898900210857,,0.011562291532754898,0.0,,,0.0,0.021612513810396194,0.0,0.0,0.0,0.0,0.0,,,0.0,0.0,0.0,0.0,0.0,,,0.0,0.0,0.0,,0.0,0.0,,0.0,0.0,0.010721533559262753,,0.0,0.0,0.0,0.0,,0.0,0.0,,0.0,0.0,0.0,0.000222572882194072,0.004138255026191473,0.0,0.0,0.0,0.0,0.0,0.0,0.0,0.0,,0.01636638306081295,,0.0,0.013081780634820461,0.00596213573589921,0.0,0.0,0.0,0.00783260352909565,0.013072560541331768,0.0,0.01504174992442131,0.0,,0.0,,0.0,0.007702955510467291,0.0,,0.0,0.0,0.0,0.0064319828525185585,0.0,0.0,0.0,0.0,0.006455377209931612,0.002276746090501547,0.0,,,0.0,0.0,0.0,,,,0.0,0.0,,0.0,,0.0,,0.0,,,0.0,,,,,0.0,,0.0,0.009475049562752247,0.0,,0.0,0.0,0.0006172159337438643,,0.011276694014668465,0.0,,0.0,0.008886725641787052,0.0,,,0.0,,0.01935204491019249,0.0,0.0,,0.0,0.0019069688860327005,,,,0.0,0.0,0.0,0.0,0.0,7.387471123365685e-05,,,,0.007764055393636227,0.0,,0.0,,0.0,0.0,0.0,0.0,,,0.0,0.0,,,0.0,,0.0,,0.0,0.0,0.0,0.0,0.0,0.0,0.0,,0.0,0.010640541091561317,0.0,0.0,0.0,,,0.0,0.0,0.0,0.0,0.004161264281719923,0.0073729087598621845,,,,0.007771022617816925,0.0,0.0,0.0,,,0.008342444896697998,0.0,0.0,,0.0,,,,,0.0,0.013751369901001453,0.0,,0.0,,,0.0,,0.006028351373970509,0.0,0.0,0.0,,0.006963010877370834,0.0,,0.0,0.0,0.0,0.0,0.0,,0.0025301980786025524,0.0,0.0,,0.0,0.0,0.0,0.0,0.0,0.0,0.0,,0.0009805925656110048,0.0,0.0,0.007419695612043142,0.0,0.0,0.0,,0.0,0.0,0.0,0.010489208623766899,0.0,0.0,0.0,0.0,0.0,0.0,0.00028485566144809127,0.0,0.0,0.0,,0.0,0.0,0.0,0.0,0.0,0.0,0.0,0.0,0.0,0.004446286242455244,0.0,0.0,0.0,,0.0,0.006903916597366333,,0.0032303640618920326,0.0,0.0,0.0,0.0,0.0,0.007855664007365704,0.0,0.0,0.0,0.011428353376686573,0.0,0.014265907928347588,0.0,0.0,0.0,0.0,0.0,0.0,0.0,0.0,0.0,0.0,0.0,0.0,0.0071387211792171,0.0,0.0,0.0,0.010663309134542942,0.009583434090018272,0.0,0.00991410668939352,0.0,0.0,0.0,0.019269602373242378,0.0,0.0,0.0,0.0,0.0,0.0,0.0,0.0,0.004451911896467209,0.0,0.0,0.0,0.0,0.0,0.015617968514561653,0.0,0.008543897420167923,0.0,0.0,0.017431413754820824,0.0,0.0,0.0,0.0,0.0,0.011158911511301994,0.0,0.006921166554093361,0.0,0.013884417712688446,0.0,0.0,0.0,0.0,0.0,0.017269155010581017,0.0,0.00583390099927783,0.0,0.0,,,,,,,,,,,,,,,,,,,,,,,,,,,,,,,,,,,,,,,,,,,,,,,,,,,,,,,,,,,,,,,,,,,,,,,,,,,,,,,,,,,,,,,,,,,,,,,,,,,,,,,,,,,,,,,,,,,,,,,,,,,,,,
2021-08-23,797271.3182678443,192.36553733380973,,,,,,,,,,,76494.84123570709,,1039061.7711000025,,,,,,,,,,,,,,,,,,,,,,,,,,,,,,,,,,,,,,,,,,,3553.3054613074437,,,,,,,,,,,,,,,,,,,,,,17925.720377090754,9789.55776485284,3796.2889316115975,7421.891063893989,6794.202246245224,37293.741519888084,28078.984530371992,7397.013856034891,34809.518097284876,,,,,,,,,,,,,,,,,,,,,,,,,,,,,,,,,,,,0.007672586012631655,0.0,0.0,0.01092440728098154,0.0,0.0,0.0,0.0,0.0,0.0,0.0,0.0,0.0,0.0,0.0,0.0,,0.0,,0.0,,0.0,0.0,0.0,0.010507198981940746,0.0,,0.0,0.0,0.010712611488997936,0.0,0.012846814468502998,0.0,,0.0,,,,0.0,0.0,0.0,,0.0,0.0,0.0012285824632272124,0.009027548134326935,0.0,,,0.0,,0.0,0.0,0.0,0.0,0.0,0.0,0.0,0.0,0.006439491640776396,0.015234255231916904,0.0,0.0,0.0,,0.011381476186215878,0.0,0.0,0.0,0.015055594965815544,,0.0005889178719371557,0.0,,0.0,0.0,0.0,0.0,,0.0,0.0,0.0,,0.0,,0.0,0.0,,0.0,,0.0,0.0,0.0030229962430894375,0.01743323914706707,0.0,0.012673601508140564,0.0,0.016194811090826988,0.0,,,0.009300514124333858,0.0,,,,,0.0,0.0,0.0,0.0,0.0,0.0,0.0,0.0,0.0,,0.012146583758294582,0.0019998527131974697,0.0,,0.019029388204216957,0.0,0.0015352413756772876,0.0,0.0,0.0,,0.002669151872396469,,0.014855947345495224,0.0,0.0,0.01175154373049736,,0.0,0.0,,0.0,0.0,0.0,0.0,0.0,0.0001421356719220057,0.0011042432161048055,0.0,0.0,0.0046468619257211685,0.003770541399717331,0.0,0.0012880248250439763,,0.02132318913936615,0.0,0.004850889090448618,0.0,,0.0,0.007785265799611807,0.0,0.0,0.0,0.0,0.0061191171407699585,0.0,0.0,0.0,,0.015078713186085224,0.0,0.0,,,,0.006918592378497124,0.002163069089874625,,0.0,0.0,0.0,0.0,,0.0,,0.0,0.0,0.013318006880581379,0.0,0.0,0.0,,,,0.0,0.01897398941218853,0.0,0.0,0.0,,0.0,0.008289680816233158,0.007186546456068754,0.0,,0.0,0.015495573170483112,0.0,0.0,0.0,,0.002988440217450261,0.0071138362400233746,0.006663523148745298,0.0,,0.0029522741679102182,0.007444577291607857,0.00870683416724205,0.0,0.015951599925756454,0.0,,0.0,0.0,0.0,0.0,0.0,0.0,,0.0,,0.005740217864513397,0.007723913062363863,0.0016765532782301307,0.0,0.0,0.0,0.0,,0.0,0.011521018110215664,0.0028374833054840565,,,0.0,0.0,0.0,0.0,0.0,0.0,0.0,0.0,0.0,,0.0,0.0,0.0014217449352145195,,0.0,0.0,0.0,0.015036061406135559,0.0,0.0,0.0,,,0.0,0.002523822244256735,0.0,0.0,0.0,,0.012212172150611877,,0.010441260412335396,0.0,,0.0,0.0001980172237381339,0.0,0.0,,,0.0,0.009777898900210857,,0.011562291532754898,0.0,,,0.0,0.021612513810396194,0.0,0.0,0.0,0.0,0.0,,,0.0,0.0,0.0,0.0,0.0,,,0.0,0.0,0.0,,0.0,0.0,,0.0,0.0,0.010721533559262753,,0.0,0.0,0.0,0.0,,0.0,0.0,,0.0,0.0,0.0,0.000222572882194072,0.004138255026191473,0.0,0.0,0.0,0.0,0.0,0.0,0.0,0.0,,0.01636638306081295,,0.0,0.013081780634820461,0.00596213573589921,0.0,0.0,0.0,0.00783260352909565,0.013072560541331768,0.0,0.01504174992442131,0.0,,0.0,,0.0,0.007702955510467291,0.0,,0.0,0.0,0.0,0.0064319828525185585,0.0,0.0,0.0,0.0,0.006455377209931612,0.002276746090501547,0.0,,,0.0,0.0,0.0,,,,0.0,0.0,,0.0,,0.0,,0.0,,,0.0,,,,,0.0,,0.0,0.009475049562752247,0.0,,0.0,0.0,0.0006172159337438643,,0.011276694014668465,0.0,,0.0,0.008886725641787052,0.0,,,0.0,,0.01935204491019249,0.0,0.0,,0.0,0.0019069688860327005,,,,0.0,0.0,0.0,0.0,0.0,7.387471123365685e-05,,,,0.007764055393636227,0.0,,0.0,,0.0,0.0,0.0,0.0,,,0.0,0.0,,,0.0,,0.0,,0.0,0.0,0.0,0.0,0.0,0.0,0.0,,0.0,0.010640541091561317,0.0,0.0,0.0,,,0.0,0.0,0.0,0.0,0.004161264281719923,0.0073729087598621845,,,,0.007771022617816925,0.0,0.0,0.0,,,0.008342444896697998,0.0,0.0,,0.0,,,,,0.0,0.013751369901001453,0.0,,0.0,,,0.0,,0.006028351373970509,0.0,0.0,0.0,,0.006963010877370834,0.0,,0.0,0.0,0.0,0.0,0.0,,0.0025301980786025524,0.0,0.0,,0.0,0.0,0.0,0.0,0.0,0.0,0.0,,0.0009805925656110048,0.0,0.0,0.007419695612043142,0.0,0.0,0.0,,0.0,0.0,0.0,0.010489208623766899,0.0,0.0,0.0,0.0,0.0,0.0,0.00028485566144809127,0.0,0.0,0.0,,0.0,0.0,0.0,0.0,0.0,0.0,0.0,0.0,0.0,0.004446286242455244,0.0,0.0,0.0,,0.0,0.006903916597366333,,0.0032303640618920326,0.0,0.0,0.0,0.0,0.0,0.007855664007365704,0.0,0.0,0.0,0.011428353376686573,0.0,0.014265907928347588,0.0,0.0,0.0,0.0,0.0,0.0,0.0,0.0,0.0,0.0,0.0,0.0,0.0071387211792171,0.0,0.0,0.0,0.010663309134542942,0.009583434090018272,0.0,0.00991410668939352,0.0,0.0,0.0,0.019269602373242378,0.0,0.0,0.0,0.0,0.0,0.0,0.0,0.0,0.004451911896467209,0.0,0.0,0.0,0.0,0.0,0.015617968514561653,0.0,0.008543897420167923,0.0,0.0,0.017431413754820824,0.0,0.0,0.0,0.0,0.0,0.011158911511301994,0.0,0.006921166554093361,0.0,0.013884417712688446,0.0,0.0,0.0,0.0,0.0,0.017269155010581017,0.0,0.00583390099927783,0.0,0.0,,,,,,,,,,,,,,,,,,,,,,,,,,,,,,,,,,,,,,,,,,,,,,,,,,,,,,,,,,,,,,,,,,,,,,,,,,,,,,,,,,,,,,,,,,,,,,,,,,,,,,,,,,,,,,,,,,,,,,,,,,,,,,
2021-08-24,805716.5505459437,192.36553733380973,,,,,,,,,,,76494.84123570709,,1039061.7711000025,,,,,,,,,,,,,,,,,,,,,,,,,,,,,,,,,,,,,,,,,,,3553.3054613074437,,,,,,,,,,,,,,,,,,,,,,17925.720377090754,9789.55776485284,3796.2889316115975,7421.891063893989,6794.202246245224,37293.741519888084,28078.984530371992,7397.013856034891,34809.518097284876,,,,,,,,,,,,,,,,,,,,,,,,,,,,,,,,,,,,0.007672586012631655,0.0,0.0,0.01092440728098154,0.0,0.0,0.0,0.0,0.0,0.0,0.0,0.0,0.0,0.0,0.0,0.0,,0.0,,0.0,,0.0,0.0,0.0,0.010507198981940746,0.0,,0.0,0.0,0.010712611488997936,0.0,0.012846814468502998,0.0,,0.0,,,,0.0,0.0,0.0,,0.0,0.0,0.0012285824632272124,0.009027548134326935,0.0,,,0.0,,0.0,0.0,0.0,0.0,0.0,0.0,0.0,0.0,0.006439491640776396,0.015234255231916904,0.0,0.0,0.0,,0.011381476186215878,0.0,0.0,0.0,0.015055594965815544,,0.0005889178719371557,0.0,,0.0,0.0,0.0,0.0,,0.0,0.0,0.0,,0.0,,0.0,0.0,,0.0,,0.0,0.0,0.0030229962430894375,0.01743323914706707,0.0,0.012673601508140564,0.0,0.016194811090826988,0.0,,,0.009300514124333858,0.0,,,,,0.0,0.0,0.0,0.0,0.0,0.0,0.0,0.0,0.0,,0.012146583758294582,0.0019998527131974697,0.0,,0.019029388204216957,0.0,0.0015352413756772876,0.0,0.0,0.0,,0.002669151872396469,,0.014855947345495224,0.0,0.0,0.01175154373049736,,0.0,0.0,,0.0,0.0,0.0,0.0,0.0,0.0001421356719220057,0.0011042432161048055,0.0,0.0,0.0046468619257211685,0.003770541399717331,0.0,0.0012880248250439763,,0.02132318913936615,0.0,0.004850889090448618,0.0,,0.0,0.007785265799611807,0.0,0.0,0.0,0.0,0.0061191171407699585,0.0,0.0,0.0,,0.015078713186085224,0.0,0.0,,,,0.006918592378497124,0.002163069089874625,,0.0,0.0,0.0,0.0,,0.0,,0.0,0.0,0.013318006880581379,0.0,0.0,0.0,,,,0.0,0.01897398941218853,0.0,0.0,0.0,,0.0,0.008289680816233158,0.007186546456068754,0.0,,0.0,0.015495573170483112,0.0,0.0,0.0,,0.002988440217450261,0.0071138362400233746,0.006663523148745298,0.0,,0.0029522741679102182,0.007444577291607857,0.00870683416724205,0.0,0.015951599925756454,0.0,,0.0,0.0,0.0,0.0,0.0,0.0,,0.0,,0.005740217864513397,0.007723913062363863,0.0016765532782301307,0.0,0.0,0.0,0.0,,0.0,0.011521018110215664,0.0028374833054840565,,,0.0,0.0,0.0,0.0,0.0,0.0,0.0,0.0,0.0,,0.0,0.0,0.0014217449352145195,,0.0,0.0,0.0,0.015036061406135559,0.0,0.0,0.0,,,0.0,0.002523822244256735,0.0,0.0,0.0,,0.012212172150611877,,0.010441260412335396,0.0,,0.0,0.0001980172237381339,0.0,0.0,,,0.0,0.009777898900210857,,0.011562291532754898,0.0,,,0.0,0.021612513810396194,0.0,0.0,0.0,0.0,0.0,,,0.0,0.0,0.0,0.0,0.0,,,0.0,0.0,0.0,,0.0,0.0,,0.0,0.0,0.010721533559262753,,0.0,0.0,0.0,0.0,,0.0,0.0,,0.0,0.0,0.0,0.000222572882194072,0.004138255026191473,0.0,0.0,0.0,0.0,0.0,0.0,0.0,0.0,,0.01636638306081295,,0.0,0.013081780634820461,0.00596213573589921,0.0,0.0,0.0,0.00783260352909565,0.013072560541331768,0.0,0.01504174992442131,0.0,,0.0,,0.0,0.007702955510467291,0.0,,0.0,0.0,0.0,0.0064319828525185585,0.0,0.0,0.0,0.0,0.006455377209931612,0.002276746090501547,0.0,,,0.0,0.0,0.0,,,,0.0,0.0,,0.0,,0.0,,0.0,,,0.0,,,,,0.0,,0.0,0.009475049562752247,0.0,,0.0,0.0,0.0006172159337438643,,0.011276694014668465,0.0,,0.0,0.008886725641787052,0.0,,,0.0,,0.01935204491019249,0.0,0.0,,0.0,0.0019069688860327005,,,,0.0,0.0,0.0,0.0,0.0,7.387471123365685e-05,,,,0.007764055393636227,0.0,,0.0,,0.0,0.0,0.0,0.0,,,0.0,0.0,,,0.0,,0.0,,0.0,0.0,0.0,0.0,0.0,0.0,0.0,,0.0,0.010640541091561317,0.0,0.0,0.0,,,0.0,0.0,0.0,0.0,0.004161264281719923,0.0073729087598621845,,,,0.007771022617816925,0.0,0.0,0.0,,,0.008342444896697998,0.0,0.0,,0.0,,,,,0.0,0.013751369901001453,0.0,,0.0,,,0.0,,0.006028351373970509,0.0,0.0,0.0,,0.006963010877370834,0.0,,0.0,0.0,0.0,0.0,0.0,,0.0025301980786025524,0.0,0.0,,0.0,0.0,0.0,0.0,0.0,0.0,0.0,,0.0009805925656110048,0.0,0.0,0.007419695612043142,0.0,0.0,0.0,,0.0,0.0,0.0,0.010489208623766899,0.0,0.0,0.0,0.0,0.0,0.0,0.00028485566144809127,0.0,0.0,0.0,,0.0,0.0,0.0,0.0,0.0,0.0,0.0,0.0,0.0,0.004446286242455244,0.0,0.0,0.0,,0.0,0.006903916597366333,,0.0032303640618920326,0.0,0.0,0.0,0.0,0.0,0.007855664007365704,0.0,0.0,0.0,0.011428353376686573,0.0,0.014265907928347588,0.0,0.0,0.0,0.0,0.0,0.0,0.0,0.0,0.0,0.0,0.0,0.0,0.0071387211792171,0.0,0.0,0.0,0.010663309134542942,0.009583434090018272,0.0,0.00991410668939352,0.0,0.0,0.0,0.019269602373242378,0.0,0.0,0.0,0.0,0.0,0.0,0.0,0.0,0.004451911896467209,0.0,0.0,0.0,0.0,0.0,0.015617968514561653,0.0,0.008543897420167923,0.0,0.0,0.017431413754820824,0.0,0.0,0.0,0.0,0.0,0.011158911511301994,0.0,0.006921166554093361,0.0,0.013884417712688446,0.0,0.0,0.0,0.0,0.0,0.017269155010581017,0.0,0.00583390099927783,0.0,0.0,,,,,,,,,,,,,,,,,,,,,,,,,,,,,,,,,,,,,,,,,,,,,,,,,,,,,,,,,,,,,,,,,,,,,,,,,,,,,,,,,,,,,,,,,,,,,,,,,,,,,,,,,,,,,,,,,,,,,,,,,,,,,,
2021-08-25,812116.3466659555,194.8844661634399,,,,,,,,,,,76494.84123570709,,1039061.7711000025,,,,,,,,,,,,,,,,,,,,,,,,,,,,,,,,,,,,,,,,,,,3553.3054613074437,,,,,,,,,,,,,,,,,,,,,,17925.720377090754,9789.250893631834,3796.2889316115975,7421.891063893989,6794.202246245224,37293.741519888084,28078.984530371992,7397.013856034891,34809.518097284876,,,,,,,,,,,,,,,,,,,,,,,,,,,,,,,,,,,,0.007672586012631655,0.0,0.0,0.01092440728098154,0.0,0.0,0.0,0.0,0.0,0.0,0.0,0.0,0.0,0.0,0.0,0.0,,0.0,,0.0,,0.0,0.0,0.0,0.010507198981940746,0.0,,0.0,0.0,0.010712611488997936,0.0,0.012846814468502998,0.0,,0.0,,,,0.0,0.0,0.0,,0.0,0.0,0.0012285824632272124,0.009027548134326935,0.0,,,0.0,,0.0,0.0,0.0,0.0,0.0,0.0,0.0,0.0,0.006439491640776396,0.015234255231916904,0.0,0.0,0.0,,0.011381476186215878,0.0,0.0,0.0,0.015055594965815544,,0.0005889178719371557,0.0,,0.0,0.0,0.0,0.0,,0.0,0.0,0.0,,0.0,,0.0,0.0,,0.0,,0.0,0.0,0.0030229962430894375,0.01743323914706707,0.0,0.012673601508140564,0.0,0.016194811090826988,0.0,,,0.009300514124333858,0.0,,,,,0.0,0.0,0.0,0.0,0.0,0.0,0.0,0.0,0.0,,0.012146583758294582,0.0019998527131974697,0.0,,0.019029388204216957,0.0,0.0015352413756772876,0.0,0.0,0.0,,0.002669151872396469,,0.014855947345495224,0.0,0.0,0.01175154373049736,,0.0,0.0,,0.0,0.0,0.0,0.0,0.0,0.0001421356719220057,0.0011042432161048055,0.0,0.0,0.0046468619257211685,0.003770541399717331,0.0,0.0012880248250439763,,0.02132318913936615,0.0,0.004850889090448618,0.0,,0.0,0.007785265799611807,0.0,0.0,0.0,0.0,0.0061191171407699585,0.0,0.0,0.0,,0.015078713186085224,0.0,0.0,,,,0.006918592378497124,0.002163069089874625,,0.0,0.0,0.0,0.0,,0.0,,0.0,0.0,0.013318006880581379,0.0,0.0,0.0,,,,0.0,0.01897398941218853,0.0,0.0,0.0,,0.0,0.008289680816233158,0.007186546456068754,0.0,,0.0,0.015495573170483112,0.0,0.0,0.0,,0.002988440217450261,0.0071138362400233746,0.006663523148745298,0.0,,0.0029522741679102182,0.007444577291607857,0.00870683416724205,0.0,0.015951599925756454,0.0,,0.0,0.0,0.0,0.0,0.0,0.0,,0.0,,0.005740217864513397,0.007723913062363863,0.0016765532782301307,0.0,0.0,0.0,0.0,,0.0,0.011521018110215664,0.0028374833054840565,,,0.0,0.0,0.0,0.0,0.0,0.0,0.0,0.0,0.0,,0.0,0.0,0.0014217449352145195,,0.0,0.0,0.0,0.015036061406135559,0.0,0.0,0.0,,,0.0,0.002523822244256735,0.0,0.0,0.0,,0.012212172150611877,,0.010441260412335396,0.0,,0.0,0.0001980172237381339,0.0,0.0,,,0.0,0.009777898900210857,,0.011562291532754898,0.0,,,0.0,0.021612513810396194,0.0,0.0,0.0,0.0,0.0,,,0.0,0.0,0.0,0.0,0.0,,,0.0,0.0,0.0,,0.0,0.0,,0.0,0.0,0.010721533559262753,,0.0,0.0,0.0,0.0,,0.0,0.0,,0.0,0.0,0.0,0.000222572882194072,0.004138255026191473,0.0,0.0,0.0,0.0,0.0,0.0,0.0,0.0,,0.01636638306081295,,0.0,0.013081780634820461,0.00596213573589921,0.0,0.0,0.0,0.00783260352909565,0.013072560541331768,0.0,0.01504174992442131,0.0,,0.0,,0.0,0.007702955510467291,0.0,,0.0,0.0,0.0,0.0064319828525185585,0.0,0.0,0.0,0.0,0.006455377209931612,0.002276746090501547,0.0,,,0.0,0.0,0.0,,,,0.0,0.0,,0.0,,0.0,,0.0,,,0.0,,,,,0.0,,0.0,0.009475049562752247,0.0,,0.0,0.0,0.0006172159337438643,,0.011276694014668465,0.0,,0.0,0.008886725641787052,0.0,,,0.0,,0.01935204491019249,0.0,0.0,,0.0,0.0019069688860327005,,,,0.0,0.0,0.0,0.0,0.0,7.387471123365685e-05,,,,0.007764055393636227,0.0,,0.0,,0.0,0.0,0.0,0.0,,,0.0,0.0,,,0.0,,0.0,,0.0,0.0,0.0,0.0,0.0,0.0,0.0,,0.0,0.010640541091561317,0.0,0.0,0.0,,,0.0,0.0,0.0,0.0,0.004161264281719923,0.0073729087598621845,,,,0.007771022617816925,0.0,0.0,0.0,,,0.008342444896697998,0.0,0.0,,0.0,,,,,0.0,0.013751369901001453,0.0,,0.0,,,0.0,,0.006028351373970509,0.0,0.0,0.0,,0.006963010877370834,0.0,,0.0,0.0,0.0,0.0,0.0,,0.0025301980786025524,0.0,0.0,,0.0,0.0,0.0,0.0,0.0,0.0,0.0,,0.0009805925656110048,0.0,0.0,0.007419695612043142,0.0,0.0,0.0,,0.0,0.0,0.0,0.010489208623766899,0.0,0.0,0.0,0.0,0.0,0.0,0.00028485566144809127,0.0,0.0,0.0,,0.0,0.0,0.0,0.0,0.0,0.0,0.0,0.0,0.0,0.004446286242455244,0.0,0.0,0.0,,0.0,0.006903916597366333,,0.0032303640618920326,0.0,0.0,0.0,0.0,0.0,0.007855664007365704,0.0,0.0,0.0,0.011428353376686573,0.0,0.014265907928347588,0.0,0.0,0.0,0.0,0.0,0.0,0.0,0.0,0.0,0.0,0.0,0.0,0.0071387211792171,0.0,0.0,0.0,0.010663309134542942,0.009583434090018272,0.0,0.00991410668939352,0.0,0.0,0.0,0.019269602373242378,0.0,0.0,0.0,0.0,0.0,0.0,0.0,0.0,0.004451911896467209,0.0,0.0,0.0,0.0,0.0,0.015617968514561653,0.0,0.008543897420167923,0.0,0.0,0.017431413754820824,0.0,0.0,0.0,0.0,0.0,0.011158911511301994,0.0,0.006921166554093361,0.0,0.013884417712688446,0.0,0.0,0.0,0.0,0.0,0.017269155010581017,0.0,0.00583390099927783,0.0,0.0,,,,,,,,,,,,,,,,,,,,,,,,,,,,,,,,,,,,,,,,,,,,,,,,,,,,,,,,,,,,,,,,,,,,,,,,,,,,,,,,,,,,,,,,,,,,,,,,,,,,,,,,,,,,,,,,,,,,,,,,,,,,,,
2021-08-26,812297.725417748,194.8844661634399,,,,,,,,,,,76494.84123570709,,1039061.7711000025,,,,,,,,,,,,,,,,,,,,,,,,,,,,,,,,,,,,,,,,,,,3553.3054613074437,,,,,,,,,,,,,,,,,,,,,,17925.720377090754,9789.250893631834,3796.2889316115975,7421.891063893989,6794.202246245224,37293.741519888084,28078.984530371992,7397.013856034891,34809.518097284876,,,,,,,,,,,,,,,,,,,,,,,,,,,,,,,,,,,,0.007672586012631655,0.0,0.0,0.01092440728098154,0.0,0.0,0.0,0.0,0.0,0.0,0.0,0.0,0.0,0.0,0.0,0.0,,0.0,,0.0,,0.0,0.0,0.0,0.010507198981940746,0.0,,0.0,0.0,0.010712611488997936,0.0,0.012846814468502998,0.0,,0.0,,,,0.0,0.0,0.0,,0.0,0.0,0.0012285824632272124,0.009027548134326935,0.0,,,0.0,,0.0,0.0,0.0,0.0,0.0,0.0,0.0,0.0,0.006439491640776396,0.015234255231916904,0.0,0.0,0.0,,0.011381476186215878,0.0,0.0,0.0,0.015055594965815544,,0.0005889178719371557,0.0,,0.0,0.0,0.0,0.0,,0.0,0.0,0.0,,0.0,,0.0,0.0,,0.0,,0.0,0.0,0.0030229962430894375,0.01743323914706707,0.0,0.012673601508140564,0.0,0.016194811090826988,0.0,,,0.009300514124333858,0.0,,,,,0.0,0.0,0.0,0.0,0.0,0.0,0.0,0.0,0.0,,0.012146583758294582,0.0019998527131974697,0.0,,0.019029388204216957,0.0,0.0015352413756772876,0.0,0.0,0.0,,0.002669151872396469,,0.014855947345495224,0.0,0.0,0.01175154373049736,,0.0,0.0,,0.0,0.0,0.0,0.0,0.0,0.0001421356719220057,0.0011042432161048055,0.0,0.0,0.0046468619257211685,0.003770541399717331,0.0,0.0012880248250439763,,0.02132318913936615,0.0,0.004850889090448618,0.0,,0.0,0.007785265799611807,0.0,0.0,0.0,0.0,0.0061191171407699585,0.0,0.0,0.0,,0.015078713186085224,0.0,0.0,,,,0.006918592378497124,0.002163069089874625,,0.0,0.0,0.0,0.0,,0.0,,0.0,0.0,0.013318006880581379,0.0,0.0,0.0,,,,0.0,0.01897398941218853,0.0,0.0,0.0,,0.0,0.008289680816233158,0.007186546456068754,0.0,,0.0,0.015495573170483112,0.0,0.0,0.0,,0.002988440217450261,0.0071138362400233746,0.006663523148745298,0.0,,0.0029522741679102182,0.007444577291607857,0.00870683416724205,0.0,0.015951599925756454,0.0,,0.0,0.0,0.0,0.0,0.0,0.0,,0.0,,0.005740217864513397,0.007723913062363863,0.0016765532782301307,0.0,0.0,0.0,0.0,,0.0,0.011521018110215664,0.0028374833054840565,,,0.0,0.0,0.0,0.0,0.0,0.0,0.0,0.0,0.0,,0.0,0.0,0.0014217449352145195,,0.0,0.0,0.0,0.015036061406135559,0.0,0.0,0.0,,,0.0,0.002523822244256735,0.0,0.0,0.0,,0.012212172150611877,,0.010441260412335396,0.0,,0.0,0.0001980172237381339,0.0,0.0,,,0.0,0.009777898900210857,,0.011562291532754898,0.0,,,0.0,0.021612513810396194,0.0,0.0,0.0,0.0,0.0,,,0.0,0.0,0.0,0.0,0.0,,,0.0,0.0,0.0,,0.0,0.0,,0.0,0.0,0.010721533559262753,,0.0,0.0,0.0,0.0,,0.0,0.0,,0.0,0.0,0.0,0.000222572882194072,0.004138255026191473,0.0,0.0,0.0,0.0,0.0,0.0,0.0,0.0,,0.01636638306081295,,0.0,0.013081780634820461,0.00596213573589921,0.0,0.0,0.0,0.00783260352909565,0.013072560541331768,0.0,0.01504174992442131,0.0,,0.0,,0.0,0.007702955510467291,0.0,,0.0,0.0,0.0,0.0064319828525185585,0.0,0.0,0.0,0.0,0.006455377209931612,0.002276746090501547,0.0,,,0.0,0.0,0.0,,,,0.0,0.0,,0.0,,0.0,,0.0,,,0.0,,,,,0.0,,0.0,0.009475049562752247,0.0,,0.0,0.0,0.0006172159337438643,,0.011276694014668465,0.0,,0.0,0.008886725641787052,0.0,,,0.0,,0.01935204491019249,0.0,0.0,,0.0,0.0019069688860327005,,,,0.0,0.0,0.0,0.0,0.0,7.387471123365685e-05,,,,0.007764055393636227,0.0,,0.0,,0.0,0.0,0.0,0.0,,,0.0,0.0,,,0.0,,0.0,,0.0,0.0,0.0,0.0,0.0,0.0,0.0,,0.0,0.010640541091561317,0.0,0.0,0.0,,,0.0,0.0,0.0,0.0,0.004161264281719923,0.0073729087598621845,,,,0.007771022617816925,0.0,0.0,0.0,,,0.008342444896697998,0.0,0.0,,0.0,,,,,0.0,0.013751369901001453,0.0,,0.0,,,0.0,,0.006028351373970509,0.0,0.0,0.0,,0.006963010877370834,0.0,,0.0,0.0,0.0,0.0,0.0,,0.0025301980786025524,0.0,0.0,,0.0,0.0,0.0,0.0,0.0,0.0,0.0,,0.0009805925656110048,0.0,0.0,0.007419695612043142,0.0,0.0,0.0,,0.0,0.0,0.0,0.010489208623766899,0.0,0.0,0.0,0.0,0.0,0.0,0.00028485566144809127,0.0,0.0,0.0,,0.0,0.0,0.0,0.0,0.0,0.0,0.0,0.0,0.0,0.004446286242455244,0.0,0.0,0.0,,0.0,0.006903916597366333,,0.0032303640618920326,0.0,0.0,0.0,0.0,0.0,0.007855664007365704,0.0,0.0,0.0,0.011428353376686573,0.0,0.014265907928347588,0.0,0.0,0.0,0.0,0.0,0.0,0.0,0.0,0.0,0.0,0.0,0.0,0.0071387211792171,0.0,0.0,0.0,0.010663309134542942,0.009583434090018272,0.0,0.00991410668939352,0.0,0.0,0.0,0.019269602373242378,0.0,0.0,0.0,0.0,0.0,0.0,0.0,0.0,0.004451911896467209,0.0,0.0,0.0,0.0,0.0,0.015617968514561653,0.0,0.008543897420167923,0.0,0.0,0.017431413754820824,0.0,0.0,0.0,0.0,0.0,0.011158911511301994,0.0,0.006921166554093361,0.0,0.013884417712688446,0.0,0.0,0.0,0.0,0.0,0.017269155010581017,0.0,0.00583390099927783,0.0,0.0,,,,,,,,,,,,,,,,,,,,,,,,,,,,,,,,,,,,,,,,,,,,,,,,,,,,,,,,,,,,,,,,,,,,,,,,,,,,,,,,,,,,,,,,,,,,,,,,,,,,,,,,,,,,,,,,,,,,,,,,,,,,,,
2021-08-27,833515.845529219,193.6214923538385,,,,,,,,,,,76494.84123570709,,1039061.7711000025,,,,,,,,,,,,,,,,,,,,,,,,,,,,,,,,,,,,,,,,,,,3553.3054613074437,,,,,,,,,,,,,,,,,,,,,,17925.720377090754,9789.250893631834,3796.2889316115975,7421.891063893989,6794.302969399447,37293.741519888084,28078.984530371992,7397.013856034891,34809.518097284876,,,,,,,,,,,,,,,,,,,,,,,,,,,,,,,,,,,,0.007672586012631655,0.0,0.0,0.01092440728098154,0.0,0.0,0.0,0.0,0.0,0.0,0.0,0.0,0.0,0.0,0.0,0.0,,0.0,,0.0,,0.0,0.0,0.0,0.010507198981940746,0.0,,0.0,0.0,0.010712611488997936,0.0,0.012846814468502998,0.0,,0.0,,,,0.0,0.0,0.0,,0.0,0.0,0.0012285824632272124,0.009027548134326935,0.0,,,0.0,,0.0,0.0,0.0,0.0,0.0,0.0,0.0,0.0,0.006439491640776396,0.015234255231916904,0.0,0.0,0.0,,0.011381476186215878,0.0,0.0,0.0,0.015055594965815544,,0.0005889178719371557,0.0,,0.0,0.0,0.0,0.0,,0.0,0.0,0.0,,0.0,,0.0,0.0,,0.0,,0.0,0.0,0.0030229962430894375,0.01743323914706707,0.0,0.012673601508140564,0.0,0.016194811090826988,0.0,,,0.009300514124333858,0.0,,,,,0.0,0.0,0.0,0.0,0.0,0.0,0.0,0.0,0.0,,0.012146583758294582,0.0019998527131974697,0.0,,0.019029388204216957,0.0,0.0015352413756772876,0.0,0.0,0.0,,0.002669151872396469,,0.014855947345495224,0.0,0.0,0.01175154373049736,,0.0,0.0,,0.0,0.0,0.0,0.0,0.0,0.0001421356719220057,0.0011042432161048055,0.0,0.0,0.0046468619257211685,0.003770541399717331,0.0,0.0012880248250439763,,0.02132318913936615,0.0,0.004850889090448618,0.0,,0.0,0.007785265799611807,0.0,0.0,0.0,0.0,0.0061191171407699585,0.0,0.0,0.0,,0.015078713186085224,0.0,0.0,,,,0.006918592378497124,0.002163069089874625,,0.0,0.0,0.0,0.0,,0.0,,0.0,0.0,0.013318006880581379,0.0,0.0,0.0,,,,0.0,0.01897398941218853,0.0,0.0,0.0,,0.0,0.008289680816233158,0.007186546456068754,0.0,,0.0,0.015495573170483112,0.0,0.0,0.0,,0.002988440217450261,0.0071138362400233746,0.006663523148745298,0.0,,0.0029522741679102182,0.007444577291607857,0.00870683416724205,0.0,0.015951599925756454,0.0,,0.0,0.0,0.0,0.0,0.0,0.0,,0.0,,0.005740217864513397,0.007723913062363863,0.0016765532782301307,0.0,0.0,0.0,0.0,,0.0,0.011521018110215664,0.0028374833054840565,,,0.0,0.0,0.0,0.0,0.0,0.0,0.0,0.0,0.0,,0.0,0.0,0.0014217449352145195,,0.0,0.0,0.0,0.015036061406135559,0.0,0.0,0.0,,,0.0,0.002523822244256735,0.0,0.0,0.0,,0.012212172150611877,,0.010441260412335396,0.0,,0.0,0.0001980172237381339,0.0,0.0,,,0.0,0.009777898900210857,,0.011562291532754898,0.0,,,0.0,0.021612513810396194,0.0,0.0,0.0,0.0,0.0,,,0.0,0.0,0.0,0.0,0.0,,,0.0,0.0,0.0,,0.0,0.0,,0.0,0.0,0.010721533559262753,,0.0,0.0,0.0,0.0,,0.0,0.0,,0.0,0.0,0.0,0.000222572882194072,0.004138255026191473,0.0,0.0,0.0,0.0,0.0,0.0,0.0,0.0,,0.01636638306081295,,0.0,0.013081780634820461,0.00596213573589921,0.0,0.0,0.0,0.00783260352909565,0.013072560541331768,0.0,0.01504174992442131,0.0,,0.0,,0.0,0.007702955510467291,0.0,,0.0,0.0,0.0,0.0064319828525185585,0.0,0.0,0.0,0.0,0.006455377209931612,0.002276746090501547,0.0,,,0.0,0.0,0.0,,,,0.0,0.0,,0.0,,0.0,,0.0,,,0.0,,,,,0.0,,0.0,0.009475049562752247,0.0,,0.0,0.0,0.0006172159337438643,,0.011276694014668465,0.0,,0.0,0.008886725641787052,0.0,,,0.0,,0.01935204491019249,0.0,0.0,,0.0,0.0019069688860327005,,,,0.0,0.0,0.0,0.0,0.0,7.387471123365685e-05,,,,0.007764055393636227,0.0,,0.0,,0.0,0.0,0.0,0.0,,,0.0,0.0,,,0.0,,0.0,,0.0,0.0,0.0,0.0,0.0,0.0,0.0,,0.0,0.010640541091561317,0.0,0.0,0.0,,,0.0,0.0,0.0,0.0,0.004161264281719923,0.0073729087598621845,,,,0.007771022617816925,0.0,0.0,0.0,,,0.008342444896697998,0.0,0.0,,0.0,,,,,0.0,0.013751369901001453,0.0,,0.0,,,0.0,,0.006028351373970509,0.0,0.0,0.0,,0.006963010877370834,0.0,,0.0,0.0,0.0,0.0,0.0,,0.0025301980786025524,0.0,0.0,,0.0,0.0,0.0,0.0,0.0,0.0,0.0,,0.0009805925656110048,0.0,0.0,0.007419695612043142,0.0,0.0,0.0,,0.0,0.0,0.0,0.010489208623766899,0.0,0.0,0.0,0.0,0.0,0.0,0.00028485566144809127,0.0,0.0,0.0,,0.0,0.0,0.0,0.0,0.0,0.0,0.0,0.0,0.0,0.004446286242455244,0.0,0.0,0.0,,0.0,0.006903916597366333,,0.0032303640618920326,0.0,0.0,0.0,0.0,0.0,0.007855664007365704,0.0,0.0,0.0,0.011428353376686573,0.0,0.014265907928347588,0.0,0.0,0.0,0.0,0.0,0.0,0.0,0.0,0.0,0.0,0.0,0.0,0.0071387211792171,0.0,0.0,0.0,0.010663309134542942,0.009583434090018272,0.0,0.00991410668939352,0.0,0.0,0.0,0.019269602373242378,0.0,0.0,0.0,0.0,0.0,0.0,0.0,0.0,0.004451911896467209,0.0,0.0,0.0,0.0,0.0,0.015617968514561653,0.0,0.008543897420167923,0.0,0.0,0.017431413754820824,0.0,0.0,0.0,0.0,0.0,0.011158911511301994,0.0,0.006921166554093361,0.0,0.013884417712688446,0.0,0.0,0.0,0.0,0.0,0.017269155010581017,0.0,0.00583390099927783,0.0,0.0,,,,,,,,,,,,,,,,,,,,,,,,,,,,,,,,,,,,,,,,,,,,,,,,,,,,,,,,,,,,,,,,,,,,,,,,,,,,,,,,,,,,,,,,,,,,,,,,,,,,,,,,,,,,,,,,,,,,,,,,,,,,,,
2021-08-30,833841.410222087,178.7610554617047,,,,,,,,,,,76494.84123570709,,1039061.7711000025,,,,,,,,,,,,,,,,,,,,,,,,,,,,,,,,,,,,,,,,,,,3553.3054613074437,,,,,,,,,,,,,,,,,,,,,,17925.720377090754,9789.250893631834,3796.2889316115975,7421.891063893989,6794.25678377751,36768.29049327496,28516.238084858553,7397.013856034891,34809.518097284876,,,,,,,,,,,,,,,,,,,,,,,,,,,,,,,,,,,,0.007672586012631655,0.0,0.0,0.01092440728098154,0.0,0.0,0.0,0.0,0.0,0.0,0.0,0.0,0.0,0.0,0.0,0.0,,0.0,,0.0,,0.0,0.0,0.0,0.010507198981940746,0.0,,0.0,0.0,0.010712611488997936,0.0,0.012846814468502998,0.0,,0.0,,,,0.0,0.0,0.0,,0.0,0.0,0.0012285824632272124,0.009027548134326935,0.0,,,0.0,,0.0,0.0,0.0,0.0,0.0,0.0,0.0,0.0,0.006439491640776396,0.015234255231916904,0.0,0.0,0.0,,0.011381476186215878,0.0,0.0,0.0,0.015055594965815544,,0.0005889178719371557,0.0,,0.0,0.0,0.0,0.0,,0.0,0.0,0.0,,0.0,,0.0,0.0,,0.0,,0.0,0.0,0.0030229962430894375,0.01743323914706707,0.0,0.012673601508140564,0.0,0.016194811090826988,0.0,,,0.009300514124333858,0.0,,,,,0.0,0.0,0.0,0.0,0.0,0.0,0.0,0.0,0.0,,0.012146583758294582,0.0019998527131974697,0.0,,0.019029388204216957,0.0,0.0015352413756772876,0.0,0.0,0.0,,0.002669151872396469,,0.014855947345495224,0.0,0.0,0.01175154373049736,,0.0,0.0,,0.0,0.0,0.0,0.0,0.0,0.0001421356719220057,0.0011042432161048055,0.0,0.0,0.0046468619257211685,0.003770541399717331,0.0,0.0012880248250439763,,0.02132318913936615,0.0,0.004850889090448618,0.0,,0.0,0.007785265799611807,0.0,0.0,0.0,0.0,0.0061191171407699585,0.0,0.0,0.0,,0.015078713186085224,0.0,0.0,,,,0.006918592378497124,0.002163069089874625,,0.0,0.0,0.0,0.0,,0.0,,0.0,0.0,0.013318006880581379,0.0,0.0,0.0,,,,0.0,0.01897398941218853,0.0,0.0,0.0,,0.0,0.008289680816233158,0.007186546456068754,0.0,,0.0,0.015495573170483112,0.0,0.0,0.0,,0.002988440217450261,0.0071138362400233746,0.006663523148745298,0.0,,0.0029522741679102182,0.007444577291607857,0.00870683416724205,0.0,0.015951599925756454,0.0,,0.0,0.0,0.0,0.0,0.0,0.0,,0.0,,0.005740217864513397,0.007723913062363863,0.0016765532782301307,0.0,0.0,0.0,0.0,,0.0,0.011521018110215664,0.0028374833054840565,,,0.0,0.0,0.0,0.0,0.0,0.0,0.0,0.0,0.0,,0.0,0.0,0.0014217449352145195,,0.0,0.0,0.0,0.015036061406135559,0.0,0.0,0.0,,,0.0,0.002523822244256735,0.0,0.0,0.0,,0.012212172150611877,,0.010441260412335396,0.0,,0.0,0.0001980172237381339,0.0,0.0,,,0.0,0.009777898900210857,,0.011562291532754898,0.0,,,0.0,0.021612513810396194,0.0,0.0,0.0,0.0,0.0,,,0.0,0.0,0.0,0.0,0.0,,,0.0,0.0,0.0,,0.0,0.0,,0.0,0.0,0.010721533559262753,,0.0,0.0,0.0,0.0,,0.0,0.0,,0.0,0.0,0.0,0.000222572882194072,0.004138255026191473,0.0,0.0,0.0,0.0,0.0,0.0,0.0,0.0,,0.01636638306081295,,0.0,0.013081780634820461,0.00596213573589921,0.0,0.0,0.0,0.00783260352909565,0.013072560541331768,0.0,0.01504174992442131,0.0,,0.0,,0.0,0.007702955510467291,0.0,,0.0,0.0,0.0,0.0064319828525185585,0.0,0.0,0.0,0.0,0.006455377209931612,0.002276746090501547,0.0,,,0.0,0.0,0.0,,,,0.0,0.0,,0.0,,0.0,,0.0,,,0.0,,,,,0.0,,0.0,0.009475049562752247,0.0,,0.0,0.0,0.0006172159337438643,,0.011276694014668465,0.0,,0.0,0.008886725641787052,0.0,,,0.0,,0.01935204491019249,0.0,0.0,,0.0,0.0019069688860327005,,,,0.0,0.0,0.0,0.0,0.0,7.387471123365685e-05,,,,0.007764055393636227,0.0,,0.0,,0.0,0.0,0.0,0.0,,,0.0,0.0,,,0.0,,0.0,,0.0,0.0,0.0,0.0,0.0,0.0,0.0,,0.0,0.010640541091561317,0.0,0.0,0.0,,,0.0,0.0,0.0,0.0,0.004161264281719923,0.0073729087598621845,,,,0.007771022617816925,0.0,0.0,0.0,,,0.008342444896697998,0.0,0.0,,0.0,,,,,0.0,0.013751369901001453,0.0,,0.0,,,0.0,,0.006028351373970509,0.0,0.0,0.0,,0.006963010877370834,0.0,,0.0,0.0,0.0,0.0,0.0,,0.0025301980786025524,0.0,0.0,,0.0,0.0,0.0,0.0,0.0,0.0,0.0,,0.0009805925656110048,0.0,0.0,0.007419695612043142,0.0,0.0,0.0,,0.0,0.0,0.0,0.010489208623766899,0.0,0.0,0.0,0.0,0.0,0.0,0.00028485566144809127,0.0,0.0,0.0,,0.0,0.0,0.0,0.0,0.0,0.0,0.0,0.0,0.0,0.004446286242455244,0.0,0.0,0.0,,0.0,0.006903916597366333,,0.0032303640618920326,0.0,0.0,0.0,0.0,0.0,0.007855664007365704,0.0,0.0,0.0,0.011428353376686573,0.0,0.014265907928347588,0.0,0.0,0.0,0.0,0.0,0.0,0.0,0.0,0.0,0.0,0.0,0.0,0.0071387211792171,0.0,0.0,0.0,0.010663309134542942,0.009583434090018272,0.0,0.00991410668939352,0.0,0.0,0.0,0.019269602373242378,0.0,0.0,0.0,0.0,0.0,0.0,0.0,0.0,0.004451911896467209,0.0,0.0,0.0,0.0,0.0,0.015617968514561653,0.0,0.008543897420167923,0.0,0.0,0.017431413754820824,0.0,0.0,0.0,0.0,0.0,0.011158911511301994,0.0,0.006921166554093361,0.0,0.013884417712688446,0.0,0.0,0.0,0.0,0.0,0.017269155010581017,0.0,0.00583390099927783,0.0,0.0,,,,,,,,,,,,,,,,,,,,,,,,,,,,,,,,,,,,,,,,,,,,,,,,,,,,,,,,,,,,,,,,,,,,,,,,,,,,,,,,,,,,,,,,,,,,,,,,,,,,,,,,,,,,,,,,,,,,,,,,,,,,,,
2021-08-31,844458.6089826943,208.7511181051741,,,,,,,,,,,76494.84123570709,,1039061.7711000025,,,,,,,,,,,,,,,,,,,,,,,,,,,,,,,,,,,,,,,,,,,3553.3054613074437,,,,,,,,,,,,,,,,,,,,,,17925.720377090754,9789.250893631834,3796.2889316115975,7421.891063893989,6794.239095833268,35717.913281147885,29390.821689481167,7397.013856034891,34809.518097284876,,,,,,,,,,,,,,,,,,,,,,,,,,,,,,,,,,,,0.007672586012631655,0.0,0.0,0.01092440728098154,0.0,0.0,0.0,0.0,0.0,0.0,0.0,0.0,0.0,0.0,0.0,0.0,,0.0,,0.0,,0.0,0.0,0.0,0.010507198981940746,0.0,,0.0,0.0,0.010712611488997936,0.0,0.012846814468502998,0.0,,0.0,,,,0.0,0.0,0.0,,0.0,0.0,0.0012285824632272124,0.009027548134326935,0.0,,,0.0,,0.0,0.0,0.0,0.0,0.0,0.0,0.0,0.0,0.006439491640776396,0.015234255231916904,0.0,0.0,0.0,,0.011381476186215878,0.0,0.0,0.0,0.015055594965815544,,0.0005889178719371557,0.0,,0.0,0.0,0.0,0.0,,0.0,0.0,0.0,,0.0,,0.0,0.0,,0.0,,0.0,0.0,0.0030229962430894375,0.01743323914706707,0.0,0.012673601508140564,0.0,0.016194811090826988,0.0,,,0.009300514124333858,0.0,,,,,0.0,0.0,0.0,0.0,0.0,0.0,0.0,0.0,0.0,,0.012146583758294582,0.0019998527131974697,0.0,,0.019029388204216957,0.0,0.0015352413756772876,0.0,0.0,0.0,,0.002669151872396469,,0.014855947345495224,0.0,0.0,0.01175154373049736,,0.0,0.0,,0.0,0.0,0.0,0.0,0.0,0.0001421356719220057,0.0011042432161048055,0.0,0.0,0.0046468619257211685,0.003770541399717331,0.0,0.0012880248250439763,,0.02132318913936615,0.0,0.004850889090448618,0.0,,0.0,0.007785265799611807,0.0,0.0,0.0,0.0,0.0061191171407699585,0.0,0.0,0.0,,0.015078713186085224,0.0,0.0,,,,0.006918592378497124,0.002163069089874625,,0.0,0.0,0.0,0.0,,0.0,,0.0,0.0,0.013318006880581379,0.0,0.0,0.0,,,,0.0,0.01897398941218853,0.0,0.0,0.0,,0.0,0.008289680816233158,0.007186546456068754,0.0,,0.0,0.015495573170483112,0.0,0.0,0.0,,0.002988440217450261,0.0071138362400233746,0.006663523148745298,0.0,,0.0029522741679102182,0.007444577291607857,0.00870683416724205,0.0,0.015951599925756454,0.0,,0.0,0.0,0.0,0.0,0.0,0.0,,0.0,,0.005740217864513397,0.007723913062363863,0.0016765532782301307,0.0,0.0,0.0,0.0,,0.0,0.011521018110215664,0.0028374833054840565,,,0.0,0.0,0.0,0.0,0.0,0.0,0.0,0.0,0.0,,0.0,0.0,0.0014217449352145195,,0.0,0.0,0.0,0.015036061406135559,0.0,0.0,0.0,,,0.0,0.002523822244256735,0.0,0.0,0.0,,0.012212172150611877,,0.010441260412335396,0.0,,0.0,0.0001980172237381339,0.0,0.0,,,0.0,0.009777898900210857,,0.011562291532754898,0.0,,,0.0,0.021612513810396194,0.0,0.0,0.0,0.0,0.0,,,0.0,0.0,0.0,0.0,0.0,,,0.0,0.0,0.0,,0.0,0.0,,0.0,0.0,0.010721533559262753,,0.0,0.0,0.0,0.0,,0.0,0.0,,0.0,0.0,0.0,0.000222572882194072,0.004138255026191473,0.0,0.0,0.0,0.0,0.0,0.0,0.0,0.0,,0.01636638306081295,,0.0,0.013081780634820461,0.00596213573589921,0.0,0.0,0.0,0.00783260352909565,0.013072560541331768,0.0,0.01504174992442131,0.0,,0.0,,0.0,0.007702955510467291,0.0,,0.0,0.0,0.0,0.0064319828525185585,0.0,0.0,0.0,0.0,0.006455377209931612,0.002276746090501547,0.0,,,0.0,0.0,0.0,,,,0.0,0.0,,0.0,,0.0,,0.0,,,0.0,,,,,0.0,,0.0,0.009475049562752247,0.0,,0.0,0.0,0.0006172159337438643,,0.011276694014668465,0.0,,0.0,0.008886725641787052,0.0,,,0.0,,0.01935204491019249,0.0,0.0,,0.0,0.0019069688860327005,,,,0.0,0.0,0.0,0.0,0.0,7.387471123365685e-05,,,,0.007764055393636227,0.0,,0.0,,0.0,0.0,0.0,0.0,,,0.0,0.0,,,0.0,,0.0,,0.0,0.0,0.0,0.0,0.0,0.0,0.0,,0.0,0.010640541091561317,0.0,0.0,0.0,,,0.0,0.0,0.0,0.0,0.004161264281719923,0.0073729087598621845,,,,0.007771022617816925,0.0,0.0,0.0,,,0.008342444896697998,0.0,0.0,,0.0,,,,,0.0,0.013751369901001453,0.0,,0.0,,,0.0,,0.006028351373970509,0.0,0.0,0.0,,0.006963010877370834,0.0,,0.0,0.0,0.0,0.0,0.0,,0.0025301980786025524,0.0,0.0,,0.0,0.0,0.0,0.0,0.0,0.0,0.0,,0.0009805925656110048,0.0,0.0,0.007419695612043142,0.0,0.0,0.0,,0.0,0.0,0.0,0.010489208623766899,0.0,0.0,0.0,0.0,0.0,0.0,0.00028485566144809127,0.0,0.0,0.0,,0.0,0.0,0.0,0.0,0.0,0.0,0.0,0.0,0.0,0.004446286242455244,0.0,0.0,0.0,,0.0,0.006903916597366333,,0.0032303640618920326,0.0,0.0,0.0,0.0,0.0,0.007855664007365704,0.0,0.0,0.0,0.011428353376686573,0.0,0.014265907928347588,0.0,0.0,0.0,0.0,0.0,0.0,0.0,0.0,0.0,0.0,0.0,0.0,0.0071387211792171,0.0,0.0,0.0,0.010663309134542942,0.009583434090018272,0.0,0.00991410668939352,0.0,0.0,0.0,0.019269602373242378,0.0,0.0,0.0,0.0,0.0,0.0,0.0,0.0,0.004451911896467209,0.0,0.0,0.0,0.0,0.0,0.015617968514561653,0.0,0.008543897420167923,0.0,0.0,0.017431413754820824,0.0,0.0,0.0,0.0,0.0,0.011158911511301994,0.0,0.006921166554093361,0.0,0.013884417712688446,0.0,0.0,0.0,0.0,0.0,0.017269155010581017,0.0,0.00583390099927783,0.0,0.0,,,,,,,,,,,,,,,,,,,,,,,,,,,,,,,,,,,,,,,,,,,,,,,,,,,,,,,,,,,,,,,,,,,,,,,,,,,,,,,,,,,,,,,,,,,,,,,,,,,,,,,,,,,,,,,,,,,,,,,,,,,,,,
2021-09-01,836966.7583716066,0.7154083208613429,,,,,,,,,,,76494.84123570709,,1039061.7711000025,,,,,,,,,,,,,,,,,,,,,,,,,,,,,,,,,,,,,,,,,,,3553.3054613074437,,,,,,,,,,,,,,,,,,,,,,17925.720377090754,9789.250893631834,3796.2889316115975,7421.891063893989,6794.27741982886,35193.55060851667,29915.576940302417,7397.013856034891,34809.518097284876,,,,,,,,,,,,,,,,,,,,,,,,,,,,,,,,,,,,0.007672586012631655,0.0,0.0,0.01092440728098154,0.0,0.0,0.0,0.0,0.0,0.0,0.0,0.0,0.0,0.0,0.0,0.0,,0.0,,0.0,,0.0,0.0,0.0,0.010507198981940746,0.0,,0.0,0.0,0.010712611488997936,0.0,0.012846814468502998,0.0,,0.0,,,,0.0,0.0,0.0,,0.0,0.0,0.0012285824632272124,0.009027548134326935,0.0,,,0.0,,0.0,0.0,0.0,0.0,0.0,0.0,0.0,0.0,0.006439491640776396,0.015234255231916904,0.0,0.0,0.0,,0.011381476186215878,0.0,0.0,0.0,0.015055594965815544,,0.0005889178719371557,0.0,,0.0,0.0,0.0,0.0,,0.0,0.0,0.0,,0.0,,0.0,0.0,,0.0,,0.0,0.0,0.0030229962430894375,0.01743323914706707,0.0,0.012673601508140564,0.0,0.016194811090826988,0.0,,,0.009300514124333858,0.0,,,,,0.0,0.0,0.0,0.0,0.0,0.0,0.0,0.0,0.0,,0.012146583758294582,0.0019998527131974697,0.0,,0.019029388204216957,0.0,0.0015352413756772876,0.0,0.0,0.0,,0.002669151872396469,,0.014855947345495224,0.0,0.0,0.01175154373049736,,0.0,0.0,,0.0,0.0,0.0,0.0,0.0,0.0001421356719220057,0.0011042432161048055,0.0,0.0,0.0046468619257211685,0.003770541399717331,0.0,0.0012880248250439763,,0.02132318913936615,0.0,0.004850889090448618,0.0,,0.0,0.007785265799611807,0.0,0.0,0.0,0.0,0.0061191171407699585,0.0,0.0,0.0,,0.015078713186085224,0.0,0.0,,,,0.006918592378497124,0.002163069089874625,,0.0,0.0,0.0,0.0,,0.0,,0.0,0.0,0.013318006880581379,0.0,0.0,0.0,,,,0.0,0.01897398941218853,0.0,0.0,0.0,,0.0,0.008289680816233158,0.007186546456068754,0.0,,0.0,0.015495573170483112,0.0,0.0,0.0,,0.002988440217450261,0.0071138362400233746,0.006663523148745298,0.0,,0.0029522741679102182,0.007444577291607857,0.00870683416724205,0.0,0.015951599925756454,0.0,,0.0,0.0,0.0,0.0,0.0,0.0,,0.0,,0.005740217864513397,0.007723913062363863,0.0016765532782301307,0.0,0.0,0.0,0.0,,0.0,0.011521018110215664,0.0028374833054840565,,,0.0,0.0,0.0,0.0,0.0,0.0,0.0,0.0,0.0,,0.0,0.0,0.0014217449352145195,,0.0,0.0,0.0,0.015036061406135559,0.0,0.0,0.0,,,0.0,0.002523822244256735,0.0,0.0,0.0,,0.012212172150611877,,0.010441260412335396,0.0,,0.0,0.0001980172237381339,0.0,0.0,,,0.0,0.009777898900210857,,0.011562291532754898,0.0,,,0.0,0.021612513810396194,0.0,0.0,0.0,0.0,0.0,,,0.0,0.0,0.0,0.0,0.0,,,0.0,0.0,0.0,,0.0,0.0,,0.0,0.0,0.010721533559262753,,0.0,0.0,0.0,0.0,,0.0,0.0,,0.0,0.0,0.0,0.000222572882194072,0.004138255026191473,0.0,0.0,0.0,0.0,0.0,0.0,0.0,0.0,,0.01636638306081295,,0.0,0.013081780634820461,0.00596213573589921,0.0,0.0,0.0,0.00783260352909565,0.013072560541331768,0.0,0.01504174992442131,0.0,,0.0,,0.0,0.007702955510467291,0.0,,0.0,0.0,0.0,0.0064319828525185585,0.0,0.0,0.0,0.0,0.006455377209931612,0.002276746090501547,0.0,,,0.0,0.0,0.0,,,,0.0,0.0,,0.0,,0.0,,0.0,,,0.0,,,,,0.0,,0.0,0.009475049562752247,0.0,,0.0,0.0,0.0006172159337438643,,0.011276694014668465,0.0,,0.0,0.008886725641787052,0.0,,,0.0,,0.01935204491019249,0.0,0.0,,0.0,0.0019069688860327005,,,,0.0,0.0,0.0,0.0,0.0,7.387471123365685e-05,,,,0.007764055393636227,0.0,,0.0,,0.0,0.0,0.0,0.0,,,0.0,0.0,,,0.0,,0.0,,0.0,0.0,0.0,0.0,0.0,0.0,0.0,,0.0,0.010640541091561317,0.0,0.0,0.0,,,0.0,0.0,0.0,0.0,0.004161264281719923,0.0073729087598621845,,,,0.007771022617816925,0.0,0.0,0.0,,,0.008342444896697998,0.0,0.0,,0.0,,,,,0.0,0.013751369901001453,0.0,,0.0,,,0.0,,0.006028351373970509,0.0,0.0,0.0,,0.006963010877370834,0.0,,0.0,0.0,0.0,0.0,0.0,,0.0025301980786025524,0.0,0.0,,0.0,0.0,0.0,0.0,0.0,0.0,0.0,,0.0009805925656110048,0.0,0.0,0.007419695612043142,0.0,0.0,0.0,,0.0,0.0,0.0,0.010489208623766899,0.0,0.0,0.0,0.0,0.0,0.0,0.00028485566144809127,0.0,0.0,0.0,,0.0,0.0,0.0,0.0,0.0,0.0,0.0,0.0,0.0,0.004446286242455244,0.0,0.0,0.0,,0.0,0.006903916597366333,,0.0032303640618920326,0.0,0.0,0.0,0.0,0.0,0.007855664007365704,0.0,0.0,0.0,0.011428353376686573,0.0,0.014265907928347588,0.0,0.0,0.0,0.0,0.0,0.0,0.0,0.0,0.0,0.0,0.0,0.0,0.0071387211792171,0.0,0.0,0.0,0.010663309134542942,0.009583434090018272,0.0,0.00991410668939352,0.0,0.0,0.0,0.019269602373242378,0.0,0.0,0.0,0.0,0.0,0.0,0.0,0.0,0.004451911896467209,0.0,0.0,0.0,0.0,0.0,0.015617968514561653,0.0,0.008543897420167923,0.0,0.0,0.017431413754820824,0.0,0.0,0.0,0.0,0.0,0.011158911511301994,0.0,0.006921166554093361,0.0,0.013884417712688446,0.0,0.0,0.0,0.0,0.0,0.017269155010581017,0.0,0.00583390099927783,0.0,0.0,,,,,,,,,,,,,,,,,,,,,,,,,,,,,,,,,,,,,,,,,,,,,,,,,,,,,,,,,,,,,,,,,,,,,,,,,,,,,,,,,,,,,,,,,,,,,,,,,,,,,,,,,,,,,,,,,,,,,,,,,,,,,,
2021-09-02,837509.0717455039,480.68024550832774,,,,,,,,,,,76494.84123570709,,1039061.7711000025,,,,,,,,,,,,,,,,,,,,,,,,,,,,,,,,,,,,,,,,,,,3553.3054613074437,,,,,,,,,,,,,,,,,,,,,,17925.720377090754,9581.38587524142,3796.2889316115975,7421.891063893989,6794.415979420137,35718.83656976712,29733.895750212178,7463.060369786774,34809.518097284876,,,,,,,,,,,,,,,,,,,,,,,,,,,,,,,,,,,,0.007672586012631655,0.0,0.0,0.01092440728098154,0.0,0.0,0.0,0.0,0.0,0.0,0.0,0.0,0.0,0.0,0.0,0.0,,0.0,,0.0,,0.0,0.0,0.0,0.010507198981940746,0.0,,0.0,0.0,0.010712611488997936,0.0,0.012846814468502998,0.0,,0.0,,,,0.0,0.0,0.0,,0.0,0.0,0.0012285824632272124,0.009027548134326935,0.0,,,0.0,,0.0,0.0,0.0,0.0,0.0,0.0,0.0,0.0,0.006439491640776396,0.015234255231916904,0.0,0.0,0.0,,0.011381476186215878,0.0,0.0,0.0,0.015055594965815544,,0.0005889178719371557,0.0,,0.0,0.0,0.0,0.0,,0.0,0.0,0.0,,0.0,,0.0,0.0,,0.0,,0.0,0.0,0.0030229962430894375,0.01743323914706707,0.0,0.012673601508140564,0.0,0.016194811090826988,0.0,,,0.009300514124333858,0.0,,,,,0.0,0.0,0.0,0.0,0.0,0.0,0.0,0.0,0.0,,0.012146583758294582,0.0019998527131974697,0.0,,0.019029388204216957,0.0,0.0015352413756772876,0.0,0.0,0.0,,0.002669151872396469,,0.014855947345495224,0.0,0.0,0.01175154373049736,,0.0,0.0,,0.0,0.0,0.0,0.0,0.0,0.0001421356719220057,0.0011042432161048055,0.0,0.0,0.0046468619257211685,0.003770541399717331,0.0,0.0012880248250439763,,0.02132318913936615,0.0,0.004850889090448618,0.0,,0.0,0.007785265799611807,0.0,0.0,0.0,0.0,0.0061191171407699585,0.0,0.0,0.0,,0.015078713186085224,0.0,0.0,,,,0.006918592378497124,0.002163069089874625,,0.0,0.0,0.0,0.0,,0.0,,0.0,0.0,0.013318006880581379,0.0,0.0,0.0,,,,0.0,0.01897398941218853,0.0,0.0,0.0,,0.0,0.008289680816233158,0.007186546456068754,0.0,,0.0,0.015495573170483112,0.0,0.0,0.0,,0.002988440217450261,0.0071138362400233746,0.006663523148745298,0.0,,0.0029522741679102182,0.007444577291607857,0.00870683416724205,0.0,0.015951599925756454,0.0,,0.0,0.0,0.0,0.0,0.0,0.0,,0.0,,0.005740217864513397,0.007723913062363863,0.0016765532782301307,0.0,0.0,0.0,0.0,,0.0,0.011521018110215664,0.0028374833054840565,,,0.0,0.0,0.0,0.0,0.0,0.0,0.0,0.0,0.0,,0.0,0.0,0.0014217449352145195,,0.0,0.0,0.0,0.015036061406135559,0.0,0.0,0.0,,,0.0,0.002523822244256735,0.0,0.0,0.0,,0.012212172150611877,,0.010441260412335396,0.0,,0.0,0.0001980172237381339,0.0,0.0,,,0.0,0.009777898900210857,,0.011562291532754898,0.0,,,0.0,0.021612513810396194,0.0,0.0,0.0,0.0,0.0,,,0.0,0.0,0.0,0.0,0.0,,,0.0,0.0,0.0,,0.0,0.0,,0.0,0.0,0.010721533559262753,,0.0,0.0,0.0,0.0,,0.0,0.0,,0.0,0.0,0.0,0.000222572882194072,0.004138255026191473,0.0,0.0,0.0,0.0,0.0,0.0,0.0,0.0,,0.01636638306081295,,0.0,0.013081780634820461,0.00596213573589921,0.0,0.0,0.0,0.00783260352909565,0.013072560541331768,0.0,0.01504174992442131,0.0,,0.0,,0.0,0.007702955510467291,0.0,,0.0,0.0,0.0,0.0064319828525185585,0.0,0.0,0.0,0.0,0.006455377209931612,0.002276746090501547,0.0,,,0.0,0.0,0.0,,,,0.0,0.0,,0.0,,0.0,,0.0,,,0.0,,,,,0.0,,0.0,0.009475049562752247,0.0,,0.0,0.0,0.0006172159337438643,,0.011276694014668465,0.0,,0.0,0.008886725641787052,0.0,,,0.0,,0.01935204491019249,0.0,0.0,,0.0,0.0019069688860327005,,,,0.0,0.0,0.0,0.0,0.0,7.387471123365685e-05,,,,0.007764055393636227,0.0,,0.0,,0.0,0.0,0.0,0.0,,,0.0,0.0,,,0.0,,0.0,,0.0,0.0,0.0,0.0,0.0,0.0,0.0,,0.0,0.010640541091561317,0.0,0.0,0.0,,,0.0,0.0,0.0,0.0,0.004161264281719923,0.0073729087598621845,,,,0.007771022617816925,0.0,0.0,0.0,,,0.008342444896697998,0.0,0.0,,0.0,,,,,0.0,0.013751369901001453,0.0,,0.0,,,0.0,,0.006028351373970509,0.0,0.0,0.0,,0.006963010877370834,0.0,,0.0,0.0,0.0,0.0,0.0,,0.0025301980786025524,0.0,0.0,,0.0,0.0,0.0,0.0,0.0,0.0,0.0,,0.0009805925656110048,0.0,0.0,0.007419695612043142,0.0,0.0,0.0,,0.0,0.0,0.0,0.010489208623766899,0.0,0.0,0.0,0.0,0.0,0.0,0.00028485566144809127,0.0,0.0,0.0,,0.0,0.0,0.0,0.0,0.0,0.0,0.0,0.0,0.0,0.004446286242455244,0.0,0.0,0.0,,0.0,0.006903916597366333,,0.0032303640618920326,0.0,0.0,0.0,0.0,0.0,0.007855664007365704,0.0,0.0,0.0,0.011428353376686573,0.0,0.014265907928347588,0.0,0.0,0.0,0.0,0.0,0.0,0.0,0.0,0.0,0.0,0.0,0.0,0.0071387211792171,0.0,0.0,0.0,0.010663309134542942,0.009583434090018272,0.0,0.00991410668939352,0.0,0.0,0.0,0.019269602373242378,0.0,0.0,0.0,0.0,0.0,0.0,0.0,0.0,0.004451911896467209,0.0,0.0,0.0,0.0,0.0,0.015617968514561653,0.0,0.008543897420167923,0.0,0.0,0.017431413754820824,0.0,0.0,0.0,0.0,0.0,0.011158911511301994,0.0,0.006921166554093361,0.0,0.013884417712688446,0.0,0.0,0.0,0.0,0.0,0.017269155010581017,0.0,0.00583390099927783,0.0,0.0,,,,,,,,,,,,,,,,,,,,,,,,,,,,,,,,,,,,,,,,,,,,,,,,,,,,,,,,,,,,,,,,,,,,,,,,,,,,,,,,,,,,,,,,,,,,,,,,,,,,,,,,,,,,,,,,,,,,,,,,,,,,,,
2021-09-03,833811.0935012229,340.3249592026741,,,,,,,,,,,76494.84123570709,,1039061.7711000025,,,,,,,,,,,,,,,,,,,,,,,,,,,,,,,,,,,,,,,,,,,3553.3054613074437,,,,,,,,,,,,,,,,,,,,,,17925.720377090754,9268.591509770036,4032.3384669051707,7421.891063893989,6794.415979420137,35718.83656976712,29648.949878025665,7463.060369786774,34809.518097284876,,,,,,,,,,,,,,,,,,,,,,,,,,,,,,,,,,,,0.007672586012631655,0.0,0.0,0.01092440728098154,0.0,0.0,0.0,0.0,0.0,0.0,0.0,0.0,0.0,0.0,0.0,0.0,,0.0,,0.0,,0.0,0.0,0.0,0.010507198981940746,0.0,,0.0,0.0,0.010712611488997936,0.0,0.012846814468502998,0.0,,0.0,,,,0.0,0.0,0.0,,0.0,0.0,0.0012285824632272124,0.009027548134326935,0.0,,,0.0,,0.0,0.0,0.0,0.0,0.0,0.0,0.0,0.0,0.006439491640776396,0.015234255231916904,0.0,0.0,0.0,,0.011381476186215878,0.0,0.0,0.0,0.015055594965815544,,0.0005889178719371557,0.0,,0.0,0.0,0.0,0.0,,0.0,0.0,0.0,,0.0,,0.0,0.0,,0.0,,0.0,0.0,0.0030229962430894375,0.01743323914706707,0.0,0.012673601508140564,0.0,0.016194811090826988,0.0,,,0.009300514124333858,0.0,,,,,0.0,0.0,0.0,0.0,0.0,0.0,0.0,0.0,0.0,,0.012146583758294582,0.0019998527131974697,0.0,,0.019029388204216957,0.0,0.0015352413756772876,0.0,0.0,0.0,,0.002669151872396469,,0.014855947345495224,0.0,0.0,0.01175154373049736,,0.0,0.0,,0.0,0.0,0.0,0.0,0.0,0.0001421356719220057,0.0011042432161048055,0.0,0.0,0.0046468619257211685,0.003770541399717331,0.0,0.0012880248250439763,,0.02132318913936615,0.0,0.004850889090448618,0.0,,0.0,0.007785265799611807,0.0,0.0,0.0,0.0,0.0061191171407699585,0.0,0.0,0.0,,0.015078713186085224,0.0,0.0,,,,0.006918592378497124,0.002163069089874625,,0.0,0.0,0.0,0.0,,0.0,,0.0,0.0,0.013318006880581379,0.0,0.0,0.0,,,,0.0,0.01897398941218853,0.0,0.0,0.0,,0.0,0.008289680816233158,0.007186546456068754,0.0,,0.0,0.015495573170483112,0.0,0.0,0.0,,0.002988440217450261,0.0071138362400233746,0.006663523148745298,0.0,,0.0029522741679102182,0.007444577291607857,0.00870683416724205,0.0,0.015951599925756454,0.0,,0.0,0.0,0.0,0.0,0.0,0.0,,0.0,,0.005740217864513397,0.007723913062363863,0.0016765532782301307,0.0,0.0,0.0,0.0,,0.0,0.011521018110215664,0.0028374833054840565,,,0.0,0.0,0.0,0.0,0.0,0.0,0.0,0.0,0.0,,0.0,0.0,0.0014217449352145195,,0.0,0.0,0.0,0.015036061406135559,0.0,0.0,0.0,,,0.0,0.002523822244256735,0.0,0.0,0.0,,0.012212172150611877,,0.010441260412335396,0.0,,0.0,0.0001980172237381339,0.0,0.0,,,0.0,0.009777898900210857,,0.011562291532754898,0.0,,,0.0,0.021612513810396194,0.0,0.0,0.0,0.0,0.0,,,0.0,0.0,0.0,0.0,0.0,,,0.0,0.0,0.0,,0.0,0.0,,0.0,0.0,0.010721533559262753,,0.0,0.0,0.0,0.0,,0.0,0.0,,0.0,0.0,0.0,0.000222572882194072,0.004138255026191473,0.0,0.0,0.0,0.0,0.0,0.0,0.0,0.0,,0.01636638306081295,,0.0,0.013081780634820461,0.00596213573589921,0.0,0.0,0.0,0.00783260352909565,0.013072560541331768,0.0,0.01504174992442131,0.0,,0.0,,0.0,0.007702955510467291,0.0,,0.0,0.0,0.0,0.0064319828525185585,0.0,0.0,0.0,0.0,0.006455377209931612,0.002276746090501547,0.0,,,0.0,0.0,0.0,,,,0.0,0.0,,0.0,,0.0,,0.0,,,0.0,,,,,0.0,,0.0,0.009475049562752247,0.0,,0.0,0.0,0.0006172159337438643,,0.011276694014668465,0.0,,0.0,0.008886725641787052,0.0,,,0.0,,0.01935204491019249,0.0,0.0,,0.0,0.0019069688860327005,,,,0.0,0.0,0.0,0.0,0.0,7.387471123365685e-05,,,,0.007764055393636227,0.0,,0.0,,0.0,0.0,0.0,0.0,,,0.0,0.0,,,0.0,,0.0,,0.0,0.0,0.0,0.0,0.0,0.0,0.0,,0.0,0.010640541091561317,0.0,0.0,0.0,,,0.0,0.0,0.0,0.0,0.004161264281719923,0.0073729087598621845,,,,0.007771022617816925,0.0,0.0,0.0,,,0.008342444896697998,0.0,0.0,,0.0,,,,,0.0,0.013751369901001453,0.0,,0.0,,,0.0,,0.006028351373970509,0.0,0.0,0.0,,0.006963010877370834,0.0,,0.0,0.0,0.0,0.0,0.0,,0.0025301980786025524,0.0,0.0,,0.0,0.0,0.0,0.0,0.0,0.0,0.0,,0.0009805925656110048,0.0,0.0,0.007419695612043142,0.0,0.0,0.0,,0.0,0.0,0.0,0.010489208623766899,0.0,0.0,0.0,0.0,0.0,0.0,0.00028485566144809127,0.0,0.0,0.0,,0.0,0.0,0.0,0.0,0.0,0.0,0.0,0.0,0.0,0.004446286242455244,0.0,0.0,0.0,,0.0,0.006903916597366333,,0.0032303640618920326,0.0,0.0,0.0,0.0,0.0,0.007855664007365704,0.0,0.0,0.0,0.011428353376686573,0.0,0.014265907928347588,0.0,0.0,0.0,0.0,0.0,0.0,0.0,0.0,0.0,0.0,0.0,0.0,0.0071387211792171,0.0,0.0,0.0,0.010663309134542942,0.009583434090018272,0.0,0.00991410668939352,0.0,0.0,0.0,0.019269602373242378,0.0,0.0,0.0,0.0,0.0,0.0,0.0,0.0,0.004451911896467209,0.0,0.0,0.0,0.0,0.0,0.015617968514561653,0.0,0.008543897420167923,0.0,0.0,0.017431413754820824,0.0,0.0,0.0,0.0,0.0,0.011158911511301994,0.0,0.006921166554093361,0.0,0.013884417712688446,0.0,0.0,0.0,0.0,0.0,0.017269155010581017,0.0,0.00583390099927783,0.0,0.0,,,,,,,,,,,,,,,,,,,,,,,,,,,,,,,,,,,,,,,,,,,,,,,,,,,,,,,,,,,,,,,,,,,,,,,,,,,,,,,,,,,,,,,,,,,,,,,,,,,,,,,,,,,,,,,,,,,,,,,,,,,,,,
2021-09-06,833352.1779024366,404.6979502092064,,,,,,,,,,,76494.84123570709,,1039061.7711000025,,,,,,,,,,,,,,,,,,,,,,,,,,,,,,,,,,,,,,,,,,,3553.301280384391,,,,,,,,,,,,,,,,,,,,,,17925.720377090754,9268.591509770036,4032.3384669051707,7421.891063893989,6794.415979420137,35718.83656976712,29122.030910315214,7595.1479582324355,34809.518097284876,,,,,,,,,,,,,,,,,,,,,,,,,,,,,,,,,,,,0.007672586012631655,0.0,0.0,0.01092440728098154,0.0,0.0,0.0,0.0,0.0,0.0,0.0,0.0,0.0,0.0,0.0,0.0,,0.0,,0.0,,0.0,0.0,0.0,0.010507198981940746,0.0,,0.0,0.0,0.010712611488997936,0.0,0.012846814468502998,0.0,,0.0,,,,0.0,0.0,0.0,,0.0,0.0,0.0012285824632272124,0.009027548134326935,0.0,,,0.0,,0.0,0.0,0.0,0.0,0.0,0.0,0.0,0.0,0.006439491640776396,0.015234255231916904,0.0,0.0,0.0,,0.011381476186215878,0.0,0.0,0.0,0.015055594965815544,,0.0005889178719371557,0.0,,0.0,0.0,0.0,0.0,,0.0,0.0,0.0,,0.0,,0.0,0.0,,0.0,,0.0,0.0,0.0030229962430894375,0.01743323914706707,0.0,0.012673601508140564,0.0,0.016194811090826988,0.0,,,0.009300514124333858,0.0,,,,,0.0,0.0,0.0,0.0,0.0,0.0,0.0,0.0,0.0,,0.012146583758294582,0.0019998527131974697,0.0,,0.019029388204216957,0.0,0.0015352413756772876,0.0,0.0,0.0,,0.002669151872396469,,0.014855947345495224,0.0,0.0,0.01175154373049736,,0.0,0.0,,0.0,0.0,0.0,0.0,0.0,0.0001421356719220057,0.0011042432161048055,0.0,0.0,0.0046468619257211685,0.003770541399717331,0.0,0.0012880248250439763,,0.02132318913936615,0.0,0.004850889090448618,0.0,,0.0,0.007785265799611807,0.0,0.0,0.0,0.0,0.0061191171407699585,0.0,0.0,0.0,,0.015078713186085224,0.0,0.0,,,,0.006918592378497124,0.002163069089874625,,0.0,0.0,0.0,0.0,,0.0,,0.0,0.0,0.013318006880581379,0.0,0.0,0.0,,,,0.0,0.01897398941218853,0.0,0.0,0.0,,0.0,0.008289680816233158,0.007186546456068754,0.0,,0.0,0.015495573170483112,0.0,0.0,0.0,,0.002988440217450261,0.0071138362400233746,0.006663523148745298,0.0,,0.0029522741679102182,0.007444577291607857,0.00870683416724205,0.0,0.015951599925756454,0.0,,0.0,0.0,0.0,0.0,0.0,0.0,,0.0,,0.005740217864513397,0.007723913062363863,0.0016765532782301307,0.0,0.0,0.0,0.0,,0.0,0.011521018110215664,0.0028374833054840565,,,0.0,0.0,0.0,0.0,0.0,0.0,0.0,0.0,0.0,,0.0,0.0,0.0014217449352145195,,0.0,0.0,0.0,0.015036061406135559,0.0,0.0,0.0,,,0.0,0.002523822244256735,0.0,0.0,0.0,,0.012212172150611877,,0.010441260412335396,0.0,,0.0,0.0001980172237381339,0.0,0.0,,,0.0,0.009777898900210857,,0.011562291532754898,0.0,,,0.0,0.021612513810396194,0.0,0.0,0.0,0.0,0.0,,,0.0,0.0,0.0,0.0,0.0,,,0.0,0.0,0.0,,0.0,0.0,,0.0,0.0,0.010721533559262753,,0.0,0.0,0.0,0.0,,0.0,0.0,,0.0,0.0,0.0,0.000222572882194072,0.004138255026191473,0.0,0.0,0.0,0.0,0.0,0.0,0.0,0.0,,0.01636638306081295,,0.0,0.013081780634820461,0.00596213573589921,0.0,0.0,0.0,0.00783260352909565,0.013072560541331768,0.0,0.01504174992442131,0.0,,0.0,,0.0,0.007702955510467291,0.0,,0.0,0.0,0.0,0.0064319828525185585,0.0,0.0,0.0,0.0,0.006455377209931612,0.002276746090501547,0.0,,,0.0,0.0,0.0,,,,0.0,0.0,,0.0,,0.0,,0.0,,,0.0,,,,,0.0,,0.0,0.009475049562752247,0.0,,0.0,0.0,0.0006172159337438643,,0.011276694014668465,0.0,,0.0,0.008886725641787052,0.0,,,0.0,,0.01935204491019249,0.0,0.0,,0.0,0.0019069688860327005,,,,0.0,0.0,0.0,0.0,0.0,7.387471123365685e-05,,,,0.007764055393636227,0.0,,0.0,,0.0,0.0,0.0,0.0,,,0.0,0.0,,,0.0,,0.0,,0.0,0.0,0.0,0.0,0.0,0.0,0.0,,0.0,0.010640541091561317,0.0,0.0,0.0,,,0.0,0.0,0.0,0.0,0.004161264281719923,0.0073729087598621845,,,,0.007771022617816925,0.0,0.0,0.0,,,0.008342444896697998,0.0,0.0,,0.0,,,,,0.0,0.013751369901001453,0.0,,0.0,,,0.0,,0.006028351373970509,0.0,0.0,0.0,,0.006963010877370834,0.0,,0.0,0.0,0.0,0.0,0.0,,0.0025301980786025524,0.0,0.0,,0.0,0.0,0.0,0.0,0.0,0.0,0.0,,0.0009805925656110048,0.0,0.0,0.007419695612043142,0.0,0.0,0.0,,0.0,0.0,0.0,0.010489208623766899,0.0,0.0,0.0,0.0,0.0,0.0,0.00028485566144809127,0.0,0.0,0.0,,0.0,0.0,0.0,0.0,0.0,0.0,0.0,0.0,0.0,0.004446286242455244,0.0,0.0,0.0,,0.0,0.006903916597366333,,0.0032303640618920326,0.0,0.0,0.0,0.0,0.0,0.007855664007365704,0.0,0.0,0.0,0.011428353376686573,0.0,0.014265907928347588,0.0,0.0,0.0,0.0,0.0,0.0,0.0,0.0,0.0,0.0,0.0,0.0,0.0071387211792171,0.0,0.0,0.0,0.010663309134542942,0.009583434090018272,0.0,0.00991410668939352,0.0,0.0,0.0,0.019269602373242378,0.0,0.0,0.0,0.0,0.0,0.0,0.0,0.0,0.004451911896467209,0.0,0.0,0.0,0.0,0.0,0.015617968514561653,0.0,0.008543897420167923,0.0,0.0,0.017431413754820824,0.0,0.0,0.0,0.0,0.0,0.011158911511301994,0.0,0.006921166554093361,0.0,0.013884417712688446,0.0,0.0,0.0,0.0,0.0,0.017269155010581017,0.0,0.00583390099927783,0.0,0.0,,,,,,,,,,,,,,,,,,,,,,,,,,,,,,,,,,,,,,,,,,,,,,,,,,,,,,,,,,,,,,,,,,,,,,,,,,,,,,,,,,,,,,,,,,,,,,,,,,,,,,,,,,,,,,,,,,,,,,,,,,,,,,
2021-09-07,842942.1178199586,444.8503997842878,,,,,,,,,,,76494.84123570709,,1039061.7711000025,,,,,,,,,,,,,,,,,,,,,,,,,,,,,,,,,,,,,,,,,,,3553.301280384391,,,,,,,,,,,,,,,,,,,,,,17925.720377090754,9268.591509770036,4032.3384669051707,7421.891063893989,6794.415979420137,35718.83656976712,28859.962118337244,7661.191752455266,34809.518097284876,,,,,,,,,,,,,,,,,,,,,,,,,,,,,,,,,,,,0.007672586012631655,0.0,0.0,0.01092440728098154,0.0,0.0,0.0,0.0,0.0,0.0,0.0,0.0,0.0,0.0,0.0,0.0,,0.0,,0.0,,0.0,0.0,0.0,0.010507198981940746,0.0,,0.0,0.0,0.010712611488997936,0.0,0.012846814468502998,0.0,,0.0,,,,0.0,0.0,0.0,,0.0,0.0,0.0012285824632272124,0.009027548134326935,0.0,,,0.0,,0.0,0.0,0.0,0.0,0.0,0.0,0.0,0.0,0.006439491640776396,0.015234255231916904,0.0,0.0,0.0,,0.011381476186215878,0.0,0.0,0.0,0.015055594965815544,,0.0005889178719371557,0.0,,0.0,0.0,0.0,0.0,,0.0,0.0,0.0,,0.0,,0.0,0.0,,0.0,,0.0,0.0,0.0030229962430894375,0.01743323914706707,0.0,0.012673601508140564,0.0,0.016194811090826988,0.0,,,0.009300514124333858,0.0,,,,,0.0,0.0,0.0,0.0,0.0,0.0,0.0,0.0,0.0,,0.012146583758294582,0.0019998527131974697,0.0,,0.019029388204216957,0.0,0.0015352413756772876,0.0,0.0,0.0,,0.002669151872396469,,0.014855947345495224,0.0,0.0,0.01175154373049736,,0.0,0.0,,0.0,0.0,0.0,0.0,0.0,0.0001421356719220057,0.0011042432161048055,0.0,0.0,0.0046468619257211685,0.003770541399717331,0.0,0.0012880248250439763,,0.02132318913936615,0.0,0.004850889090448618,0.0,,0.0,0.007785265799611807,0.0,0.0,0.0,0.0,0.0061191171407699585,0.0,0.0,0.0,,0.015078713186085224,0.0,0.0,,,,0.006918592378497124,0.002163069089874625,,0.0,0.0,0.0,0.0,,0.0,,0.0,0.0,0.013318006880581379,0.0,0.0,0.0,,,,0.0,0.01897398941218853,0.0,0.0,0.0,,0.0,0.008289680816233158,0.007186546456068754,0.0,,0.0,0.015495573170483112,0.0,0.0,0.0,,0.002988440217450261,0.0071138362400233746,0.006663523148745298,0.0,,0.0029522741679102182,0.007444577291607857,0.00870683416724205,0.0,0.015951599925756454,0.0,,0.0,0.0,0.0,0.0,0.0,0.0,,0.0,,0.005740217864513397,0.007723913062363863,0.0016765532782301307,0.0,0.0,0.0,0.0,,0.0,0.011521018110215664,0.0028374833054840565,,,0.0,0.0,0.0,0.0,0.0,0.0,0.0,0.0,0.0,,0.0,0.0,0.0014217449352145195,,0.0,0.0,0.0,0.015036061406135559,0.0,0.0,0.0,,,0.0,0.002523822244256735,0.0,0.0,0.0,,0.012212172150611877,,0.010441260412335396,0.0,,0.0,0.0001980172237381339,0.0,0.0,,,0.0,0.009777898900210857,,0.011562291532754898,0.0,,,0.0,0.021612513810396194,0.0,0.0,0.0,0.0,0.0,,,0.0,0.0,0.0,0.0,0.0,,,0.0,0.0,0.0,,0.0,0.0,,0.0,0.0,0.010721533559262753,,0.0,0.0,0.0,0.0,,0.0,0.0,,0.0,0.0,0.0,0.000222572882194072,0.004138255026191473,0.0,0.0,0.0,0.0,0.0,0.0,0.0,0.0,,0.01636638306081295,,0.0,0.013081780634820461,0.00596213573589921,0.0,0.0,0.0,0.00783260352909565,0.013072560541331768,0.0,0.01504174992442131,0.0,,0.0,,0.0,0.007702955510467291,0.0,,0.0,0.0,0.0,0.0064319828525185585,0.0,0.0,0.0,0.0,0.006455377209931612,0.002276746090501547,0.0,,,0.0,0.0,0.0,,,,0.0,0.0,,0.0,,0.0,,0.0,,,0.0,,,,,0.0,,0.0,0.009475049562752247,0.0,,0.0,0.0,0.0006172159337438643,,0.011276694014668465,0.0,,0.0,0.008886725641787052,0.0,,,0.0,,0.01935204491019249,0.0,0.0,,0.0,0.0019069688860327005,,,,0.0,0.0,0.0,0.0,0.0,7.387471123365685e-05,,,,0.007764055393636227,0.0,,0.0,,0.0,0.0,0.0,0.0,,,0.0,0.0,,,0.0,,0.0,,0.0,0.0,0.0,0.0,0.0,0.0,0.0,,0.0,0.010640541091561317,0.0,0.0,0.0,,,0.0,0.0,0.0,0.0,0.004161264281719923,0.0073729087598621845,,,,0.007771022617816925,0.0,0.0,0.0,,,0.008342444896697998,0.0,0.0,,0.0,,,,,0.0,0.013751369901001453,0.0,,0.0,,,0.0,,0.006028351373970509,0.0,0.0,0.0,,0.006963010877370834,0.0,,0.0,0.0,0.0,0.0,0.0,,0.0025301980786025524,0.0,0.0,,0.0,0.0,0.0,0.0,0.0,0.0,0.0,,0.0009805925656110048,0.0,0.0,0.007419695612043142,0.0,0.0,0.0,,0.0,0.0,0.0,0.010489208623766899,0.0,0.0,0.0,0.0,0.0,0.0,0.00028485566144809127,0.0,0.0,0.0,,0.0,0.0,0.0,0.0,0.0,0.0,0.0,0.0,0.0,0.004446286242455244,0.0,0.0,0.0,,0.0,0.006903916597366333,,0.0032303640618920326,0.0,0.0,0.0,0.0,0.0,0.007855664007365704,0.0,0.0,0.0,0.011428353376686573,0.0,0.014265907928347588,0.0,0.0,0.0,0.0,0.0,0.0,0.0,0.0,0.0,0.0,0.0,0.0,0.0071387211792171,0.0,0.0,0.0,0.010663309134542942,0.009583434090018272,0.0,0.00991410668939352,0.0,0.0,0.0,0.019269602373242378,0.0,0.0,0.0,0.0,0.0,0.0,0.0,0.0,0.004451911896467209,0.0,0.0,0.0,0.0,0.0,0.015617968514561653,0.0,0.008543897420167923,0.0,0.0,0.017431413754820824,0.0,0.0,0.0,0.0,0.0,0.011158911511301994,0.0,0.006921166554093361,0.0,0.013884417712688446,0.0,0.0,0.0,0.0,0.0,0.017269155010581017,0.0,0.00583390099927783,0.0,0.0,,,,,,,,,,,,,,,,,,,,,,,,,,,,,,,,,,,,,,,,,,,,,,,,,,,,,,,,,,,,,,,,,,,,,,,,,,,,,,,,,,,,,,,,,,,,,,,,,,,,,,,,,,,,,,,,,,,,,,,,,,,,,,
2021-09-08,844871.5051618611,232.84649512245403,,,,,,,,,,,76494.84123570709,,1039061.7711000025,,,,,,,,,,,,,,,,,,,,,,,,,,,,,,,,,,,,,,,,,,,3553.301280384391,,,,,,,,,,,,,,,,,,,,,,17925.720377090754,9268.591509770036,4032.3384669051707,7421.891063893989,6794.415979420137,35718.83656976712,28687.64627740129,7727.236170642021,34809.518097284876,,,,,,,,,,,,,,,,,,,,,,,,,,,,,,,,,,,,0.007672586012631655,0.0,0.0,0.01092440728098154,0.0,0.0,0.0,0.0,0.0,0.0,0.0,0.0,0.0,0.0,0.0,0.0,,0.0,,0.0,,0.0,0.0,0.0,0.010507198981940746,0.0,,0.0,0.0,0.010712611488997936,0.0,0.012846814468502998,0.0,,0.0,,,,0.0,0.0,0.0,,0.0,0.0,0.0012285824632272124,0.009027548134326935,0.0,,,0.0,,0.0,0.0,0.0,0.0,0.0,0.0,0.0,0.0,0.006439491640776396,0.015234255231916904,0.0,0.0,0.0,,0.011381476186215878,0.0,0.0,0.0,0.015055594965815544,,0.0005889178719371557,0.0,,0.0,0.0,0.0,0.0,,0.0,0.0,0.0,,0.0,,0.0,0.0,,0.0,,0.0,0.0,0.0030229962430894375,0.01743323914706707,0.0,0.012673601508140564,0.0,0.016194811090826988,0.0,,,0.009300514124333858,0.0,,,,,0.0,0.0,0.0,0.0,0.0,0.0,0.0,0.0,0.0,,0.012146583758294582,0.0019998527131974697,0.0,,0.019029388204216957,0.0,0.0015352413756772876,0.0,0.0,0.0,,0.002669151872396469,,0.014855947345495224,0.0,0.0,0.01175154373049736,,0.0,0.0,,0.0,0.0,0.0,0.0,0.0,0.0001421356719220057,0.0011042432161048055,0.0,0.0,0.0046468619257211685,0.003770541399717331,0.0,0.0012880248250439763,,0.02132318913936615,0.0,0.004850889090448618,0.0,,0.0,0.007785265799611807,0.0,0.0,0.0,0.0,0.0061191171407699585,0.0,0.0,0.0,,0.015078713186085224,0.0,0.0,,,,0.006918592378497124,0.002163069089874625,,0.0,0.0,0.0,0.0,,0.0,,0.0,0.0,0.013318006880581379,0.0,0.0,0.0,,,,0.0,0.01897398941218853,0.0,0.0,0.0,,0.0,0.008289680816233158,0.007186546456068754,0.0,,0.0,0.015495573170483112,0.0,0.0,0.0,,0.002988440217450261,0.0071138362400233746,0.006663523148745298,0.0,,0.0029522741679102182,0.007444577291607857,0.00870683416724205,0.0,0.015951599925756454,0.0,,0.0,0.0,0.0,0.0,0.0,0.0,,0.0,,0.005740217864513397,0.007723913062363863,0.0016765532782301307,0.0,0.0,0.0,0.0,,0.0,0.011521018110215664,0.0028374833054840565,,,0.0,0.0,0.0,0.0,0.0,0.0,0.0,0.0,0.0,,0.0,0.0,0.0014217449352145195,,0.0,0.0,0.0,0.015036061406135559,0.0,0.0,0.0,,,0.0,0.002523822244256735,0.0,0.0,0.0,,0.012212172150611877,,0.010441260412335396,0.0,,0.0,0.0001980172237381339,0.0,0.0,,,0.0,0.009777898900210857,,0.011562291532754898,0.0,,,0.0,0.021612513810396194,0.0,0.0,0.0,0.0,0.0,,,0.0,0.0,0.0,0.0,0.0,,,0.0,0.0,0.0,,0.0,0.0,,0.0,0.0,0.010721533559262753,,0.0,0.0,0.0,0.0,,0.0,0.0,,0.0,0.0,0.0,0.000222572882194072,0.004138255026191473,0.0,0.0,0.0,0.0,0.0,0.0,0.0,0.0,,0.01636638306081295,,0.0,0.013081780634820461,0.00596213573589921,0.0,0.0,0.0,0.00783260352909565,0.013072560541331768,0.0,0.01504174992442131,0.0,,0.0,,0.0,0.007702955510467291,0.0,,0.0,0.0,0.0,0.0064319828525185585,0.0,0.0,0.0,0.0,0.006455377209931612,0.002276746090501547,0.0,,,0.0,0.0,0.0,,,,0.0,0.0,,0.0,,0.0,,0.0,,,0.0,,,,,0.0,,0.0,0.009475049562752247,0.0,,0.0,0.0,0.0006172159337438643,,0.011276694014668465,0.0,,0.0,0.008886725641787052,0.0,,,0.0,,0.01935204491019249,0.0,0.0,,0.0,0.0019069688860327005,,,,0.0,0.0,0.0,0.0,0.0,7.387471123365685e-05,,,,0.007764055393636227,0.0,,0.0,,0.0,0.0,0.0,0.0,,,0.0,0.0,,,0.0,,0.0,,0.0,0.0,0.0,0.0,0.0,0.0,0.0,,0.0,0.010640541091561317,0.0,0.0,0.0,,,0.0,0.0,0.0,0.0,0.004161264281719923,0.0073729087598621845,,,,0.007771022617816925,0.0,0.0,0.0,,,0.008342444896697998,0.0,0.0,,0.0,,,,,0.0,0.013751369901001453,0.0,,0.0,,,0.0,,0.006028351373970509,0.0,0.0,0.0,,0.006963010877370834,0.0,,0.0,0.0,0.0,0.0,0.0,,0.0025301980786025524,0.0,0.0,,0.0,0.0,0.0,0.0,0.0,0.0,0.0,,0.0009805925656110048,0.0,0.0,0.007419695612043142,0.0,0.0,0.0,,0.0,0.0,0.0,0.010489208623766899,0.0,0.0,0.0,0.0,0.0,0.0,0.00028485566144809127,0.0,0.0,0.0,,0.0,0.0,0.0,0.0,0.0,0.0,0.0,0.0,0.0,0.004446286242455244,0.0,0.0,0.0,,0.0,0.006903916597366333,,0.0032303640618920326,0.0,0.0,0.0,0.0,0.0,0.007855664007365704,0.0,0.0,0.0,0.011428353376686573,0.0,0.014265907928347588,0.0,0.0,0.0,0.0,0.0,0.0,0.0,0.0,0.0,0.0,0.0,0.0,0.0071387211792171,0.0,0.0,0.0,0.010663309134542942,0.009583434090018272,0.0,0.00991410668939352,0.0,0.0,0.0,0.019269602373242378,0.0,0.0,0.0,0.0,0.0,0.0,0.0,0.0,0.004451911896467209,0.0,0.0,0.0,0.0,0.0,0.015617968514561653,0.0,0.008543897420167923,0.0,0.0,0.017431413754820824,0.0,0.0,0.0,0.0,0.0,0.011158911511301994,0.0,0.006921166554093361,0.0,0.013884417712688446,0.0,0.0,0.0,0.0,0.0,0.017269155010581017,0.0,0.00583390099927783,0.0,0.0,,,,,,,,,,,,,,,,,,,,,,,,,,,,,,,,,,,,,,,,,,,,,,,,,,,,,,,,,,,,,,,,,,,,,,,,,,,,,,,,,,,,,,,,,,,,,,,,,,,,,,,,,,,,,,,,,,,,,,,,,,,,,,
2021-09-09,854196.8004105975,1789.0652045965742,,,,,,,,,,,76494.84123570709,,1039061.7711000025,,,,,,,,,,,,,,,,,,,,,,,,,,,,,,,,,,,,,,,,,,,3553.301280384391,,,,,,,,,,,,,,,,,,,,,,17925.720377090754,9268.591509770036,4032.3384669051707,7421.891063893989,6794.415979420137,35718.83656976712,28165.12168542877,7727.143999972916,34809.518097284876,,,,,,,,,,,,,,,,,,,,,,,,,,,,,,,,,,,,0.007672586012631655,0.0,0.0,0.01092440728098154,0.0,0.0,0.0,0.0,0.0,0.0,0.0,0.0,0.0,0.0,0.0,0.0,,0.0,,0.0,,0.0,0.0,0.0,0.010507198981940746,0.0,,0.0,0.0,0.010712611488997936,0.0,0.012846814468502998,0.0,,0.0,,,,0.0,0.0,0.0,,0.0,0.0,0.0012285824632272124,0.009027548134326935,0.0,,,0.0,,0.0,0.0,0.0,0.0,0.0,0.0,0.0,0.0,0.006439491640776396,0.015234255231916904,0.0,0.0,0.0,,0.011381476186215878,0.0,0.0,0.0,0.015055594965815544,,0.0005889178719371557,0.0,,0.0,0.0,0.0,0.0,,0.0,0.0,0.0,,0.0,,0.0,0.0,,0.0,,0.0,0.0,0.0030229962430894375,0.01743323914706707,0.0,0.012673601508140564,0.0,0.016194811090826988,0.0,,,0.009300514124333858,0.0,,,,,0.0,0.0,0.0,0.0,0.0,0.0,0.0,0.0,0.0,,0.012146583758294582,0.0019998527131974697,0.0,,0.019029388204216957,0.0,0.0015352413756772876,0.0,0.0,0.0,,0.002669151872396469,,0.014855947345495224,0.0,0.0,0.01175154373049736,,0.0,0.0,,0.0,0.0,0.0,0.0,0.0,0.0001421356719220057,0.0011042432161048055,0.0,0.0,0.0046468619257211685,0.003770541399717331,0.0,0.0012880248250439763,,0.02132318913936615,0.0,0.004850889090448618,0.0,,0.0,0.007785265799611807,0.0,0.0,0.0,0.0,0.0061191171407699585,0.0,0.0,0.0,,0.015078713186085224,0.0,0.0,,,,0.006918592378497124,0.002163069089874625,,0.0,0.0,0.0,0.0,,0.0,,0.0,0.0,0.013318006880581379,0.0,0.0,0.0,,,,0.0,0.01897398941218853,0.0,0.0,0.0,,0.0,0.008289680816233158,0.007186546456068754,0.0,,0.0,0.015495573170483112,0.0,0.0,0.0,,0.002988440217450261,0.0071138362400233746,0.006663523148745298,0.0,,0.0029522741679102182,0.007444577291607857,0.00870683416724205,0.0,0.015951599925756454,0.0,,0.0,0.0,0.0,0.0,0.0,0.0,,0.0,,0.005740217864513397,0.007723913062363863,0.0016765532782301307,0.0,0.0,0.0,0.0,,0.0,0.011521018110215664,0.0028374833054840565,,,0.0,0.0,0.0,0.0,0.0,0.0,0.0,0.0,0.0,,0.0,0.0,0.0014217449352145195,,0.0,0.0,0.0,0.015036061406135559,0.0,0.0,0.0,,,0.0,0.002523822244256735,0.0,0.0,0.0,,0.012212172150611877,,0.010441260412335396,0.0,,0.0,0.0001980172237381339,0.0,0.0,,,0.0,0.009777898900210857,,0.011562291532754898,0.0,,,0.0,0.021612513810396194,0.0,0.0,0.0,0.0,0.0,,,0.0,0.0,0.0,0.0,0.0,,,0.0,0.0,0.0,,0.0,0.0,,0.0,0.0,0.010721533559262753,,0.0,0.0,0.0,0.0,,0.0,0.0,,0.0,0.0,0.0,0.000222572882194072,0.004138255026191473,0.0,0.0,0.0,0.0,0.0,0.0,0.0,0.0,,0.01636638306081295,,0.0,0.013081780634820461,0.00596213573589921,0.0,0.0,0.0,0.00783260352909565,0.013072560541331768,0.0,0.01504174992442131,0.0,,0.0,,0.0,0.007702955510467291,0.0,,0.0,0.0,0.0,0.0064319828525185585,0.0,0.0,0.0,0.0,0.006455377209931612,0.002276746090501547,0.0,,,0.0,0.0,0.0,,,,0.0,0.0,,0.0,,0.0,,0.0,,,0.0,,,,,0.0,,0.0,0.009475049562752247,0.0,,0.0,0.0,0.0006172159337438643,,0.011276694014668465,0.0,,0.0,0.008886725641787052,0.0,,,0.0,,0.01935204491019249,0.0,0.0,,0.0,0.0019069688860327005,,,,0.0,0.0,0.0,0.0,0.0,7.387471123365685e-05,,,,0.007764055393636227,0.0,,0.0,,0.0,0.0,0.0,0.0,,,0.0,0.0,,,0.0,,0.0,,0.0,0.0,0.0,0.0,0.0,0.0,0.0,,0.0,0.010640541091561317,0.0,0.0,0.0,,,0.0,0.0,0.0,0.0,0.004161264281719923,0.0073729087598621845,,,,0.007771022617816925,0.0,0.0,0.0,,,0.008342444896697998,0.0,0.0,,0.0,,,,,0.0,0.013751369901001453,0.0,,0.0,,,0.0,,0.006028351373970509,0.0,0.0,0.0,,0.006963010877370834,0.0,,0.0,0.0,0.0,0.0,0.0,,0.0025301980786025524,0.0,0.0,,0.0,0.0,0.0,0.0,0.0,0.0,0.0,,0.0009805925656110048,0.0,0.0,0.007419695612043142,0.0,0.0,0.0,,0.0,0.0,0.0,0.010489208623766899,0.0,0.0,0.0,0.0,0.0,0.0,0.00028485566144809127,0.0,0.0,0.0,,0.0,0.0,0.0,0.0,0.0,0.0,0.0,0.0,0.0,0.004446286242455244,0.0,0.0,0.0,,0.0,0.006903916597366333,,0.0032303640618920326,0.0,0.0,0.0,0.0,0.0,0.007855664007365704,0.0,0.0,0.0,0.011428353376686573,0.0,0.014265907928347588,0.0,0.0,0.0,0.0,0.0,0.0,0.0,0.0,0.0,0.0,0.0,0.0,0.0071387211792171,0.0,0.0,0.0,0.010663309134542942,0.009583434090018272,0.0,0.00991410668939352,0.0,0.0,0.0,0.019269602373242378,0.0,0.0,0.0,0.0,0.0,0.0,0.0,0.0,0.004451911896467209,0.0,0.0,0.0,0.0,0.0,0.015617968514561653,0.0,0.008543897420167923,0.0,0.0,0.017431413754820824,0.0,0.0,0.0,0.0,0.0,0.011158911511301994,0.0,0.006921166554093361,0.0,0.013884417712688446,0.0,0.0,0.0,0.0,0.0,0.017269155010581017,0.0,0.00583390099927783,0.0,0.0,,,,,,,,,,,,,,,,,,,,,,,,,,,,,,,,,,,,,,,,,,,,,,,,,,,,,,,,,,,,,,,,,,,,,,,,,,,,,,,,,,,,,,,,,,,,,,,,,,,,,,,,,,,,,,,,,,,,,,,,,,,,,,
2021-09-10,862653.3753233752,831.9982586147637,,,,,,,,,,,76494.84123570709,,1039061.7711000025,,,,,,,,,,,,,,,,,,,,,,,,,,,,,,,,,,,,,,,,,,,3553.301280384391,,,,,,,,,,,,,,,,,,,,,,17925.720377090754,9268.763536855131,4032.3384669051707,7421.891063893989,6794.415979420137,36244.11718598157,28339.85643161107,7661.335274783148,34809.518097284876,,,,,,,,,,,,,,,,,,,,,,,,,,,,,,,,,,,,0.007672586012631655,0.0,0.0,0.01092440728098154,0.0,0.0,0.0,0.0,0.0,0.0,0.0,0.0,0.0,0.0,0.0,0.0,,0.0,,0.0,,0.0,0.0,0.0,0.010507198981940746,0.0,,0.0,0.0,0.010712611488997936,0.0,0.012846814468502998,0.0,,0.0,,,,0.0,0.0,0.0,,0.0,0.0,0.0012285824632272124,0.009027548134326935,0.0,,,0.0,,0.0,0.0,0.0,0.0,0.0,0.0,0.0,0.0,0.006439491640776396,0.015234255231916904,0.0,0.0,0.0,,0.011381476186215878,0.0,0.0,0.0,0.015055594965815544,,0.0005889178719371557,0.0,,0.0,0.0,0.0,0.0,,0.0,0.0,0.0,,0.0,,0.0,0.0,,0.0,,0.0,0.0,0.0030229962430894375,0.01743323914706707,0.0,0.012673601508140564,0.0,0.016194811090826988,0.0,,,0.009300514124333858,0.0,,,,,0.0,0.0,0.0,0.0,0.0,0.0,0.0,0.0,0.0,,0.012146583758294582,0.0019998527131974697,0.0,,0.019029388204216957,0.0,0.0015352413756772876,0.0,0.0,0.0,,0.002669151872396469,,0.014855947345495224,0.0,0.0,0.01175154373049736,,0.0,0.0,,0.0,0.0,0.0,0.0,0.0,0.0001421356719220057,0.0011042432161048055,0.0,0.0,0.0046468619257211685,0.003770541399717331,0.0,0.0012880248250439763,,0.02132318913936615,0.0,0.004850889090448618,0.0,,0.0,0.007785265799611807,0.0,0.0,0.0,0.0,0.0061191171407699585,0.0,0.0,0.0,,0.015078713186085224,0.0,0.0,,,,0.006918592378497124,0.002163069089874625,,0.0,0.0,0.0,0.0,,0.0,,0.0,0.0,0.013318006880581379,0.0,0.0,0.0,,,,0.0,0.01897398941218853,0.0,0.0,0.0,,0.0,0.008289680816233158,0.007186546456068754,0.0,,0.0,0.015495573170483112,0.0,0.0,0.0,,0.002988440217450261,0.0071138362400233746,0.006663523148745298,0.0,,0.0029522741679102182,0.007444577291607857,0.00870683416724205,0.0,0.015951599925756454,0.0,,0.0,0.0,0.0,0.0,0.0,0.0,,0.0,,0.005740217864513397,0.007723913062363863,0.0016765532782301307,0.0,0.0,0.0,0.0,,0.0,0.011521018110215664,0.0028374833054840565,,,0.0,0.0,0.0,0.0,0.0,0.0,0.0,0.0,0.0,,0.0,0.0,0.0014217449352145195,,0.0,0.0,0.0,0.015036061406135559,0.0,0.0,0.0,,,0.0,0.002523822244256735,0.0,0.0,0.0,,0.012212172150611877,,0.010441260412335396,0.0,,0.0,0.0001980172237381339,0.0,0.0,,,0.0,0.009777898900210857,,0.011562291532754898,0.0,,,0.0,0.021612513810396194,0.0,0.0,0.0,0.0,0.0,,,0.0,0.0,0.0,0.0,0.0,,,0.0,0.0,0.0,,0.0,0.0,,0.0,0.0,0.010721533559262753,,0.0,0.0,0.0,0.0,,0.0,0.0,,0.0,0.0,0.0,0.000222572882194072,0.004138255026191473,0.0,0.0,0.0,0.0,0.0,0.0,0.0,0.0,,0.01636638306081295,,0.0,0.013081780634820461,0.00596213573589921,0.0,0.0,0.0,0.00783260352909565,0.013072560541331768,0.0,0.01504174992442131,0.0,,0.0,,0.0,0.007702955510467291,0.0,,0.0,0.0,0.0,0.0064319828525185585,0.0,0.0,0.0,0.0,0.006455377209931612,0.002276746090501547,0.0,,,0.0,0.0,0.0,,,,0.0,0.0,,0.0,,0.0,,0.0,,,0.0,,,,,0.0,,0.0,0.009475049562752247,0.0,,0.0,0.0,0.0006172159337438643,,0.011276694014668465,0.0,,0.0,0.008886725641787052,0.0,,,0.0,,0.01935204491019249,0.0,0.0,,0.0,0.0019069688860327005,,,,0.0,0.0,0.0,0.0,0.0,7.387471123365685e-05,,,,0.007764055393636227,0.0,,0.0,,0.0,0.0,0.0,0.0,,,0.0,0.0,,,0.0,,0.0,,0.0,0.0,0.0,0.0,0.0,0.0,0.0,,0.0,0.010640541091561317,0.0,0.0,0.0,,,0.0,0.0,0.0,0.0,0.004161264281719923,0.0073729087598621845,,,,0.007771022617816925,0.0,0.0,0.0,,,0.008342444896697998,0.0,0.0,,0.0,,,,,0.0,0.013751369901001453,0.0,,0.0,,,0.0,,0.006028351373970509,0.0,0.0,0.0,,0.006963010877370834,0.0,,0.0,0.0,0.0,0.0,0.0,,0.0025301980786025524,0.0,0.0,,0.0,0.0,0.0,0.0,0.0,0.0,0.0,,0.0009805925656110048,0.0,0.0,0.007419695612043142,0.0,0.0,0.0,,0.0,0.0,0.0,0.010489208623766899,0.0,0.0,0.0,0.0,0.0,0.0,0.00028485566144809127,0.0,0.0,0.0,,0.0,0.0,0.0,0.0,0.0,0.0,0.0,0.0,0.0,0.004446286242455244,0.0,0.0,0.0,,0.0,0.006903916597366333,,0.0032303640618920326,0.0,0.0,0.0,0.0,0.0,0.007855664007365704,0.0,0.0,0.0,0.011428353376686573,0.0,0.014265907928347588,0.0,0.0,0.0,0.0,0.0,0.0,0.0,0.0,0.0,0.0,0.0,0.0,0.0071387211792171,0.0,0.0,0.0,0.010663309134542942,0.009583434090018272,0.0,0.00991410668939352,0.0,0.0,0.0,0.019269602373242378,0.0,0.0,0.0,0.0,0.0,0.0,0.0,0.0,0.004451911896467209,0.0,0.0,0.0,0.0,0.0,0.015617968514561653,0.0,0.008543897420167923,0.0,0.0,0.017431413754820824,0.0,0.0,0.0,0.0,0.0,0.011158911511301994,0.0,0.006921166554093361,0.0,0.013884417712688446,0.0,0.0,0.0,0.0,0.0,0.017269155010581017,0.0,0.00583390099927783,0.0,0.0,,,,,,,,,,,,,,,,,,,,,,,,,,,,,,,,,,,,,,,,,,,,,,,,,,,,,,,,,,,,,,,,,,,,,,,,,,,,,,,,,,,,,,,,,,,,,,,,,,,,,,,,,,,,,,,,,,,,,,,,,,,,,,
2021-09-13,868043.3228041024,52.720433804281015,,,,,,,,,,,76494.84123570709,,1039061.7711000025,,,,,,,,,,,,,,,,,,,,,,,,,,,,,,,,,,,,,,,,,,,3553.301280384391,,,,,,,,,,,,,,,,,,,,,,17925.720377090754,9268.763536855131,4032.3384669051707,7421.891063893989,6794.263171113342,36244.11718598157,28602.206567764926,7661.335274783148,34809.518097284876,,,,,,,,,,,,,,,,,,,,,,,,,,,,,,,,,,,,0.007672586012631655,0.0,0.0,0.01092440728098154,0.0,0.0,0.0,0.0,0.0,0.0,0.0,0.0,0.0,0.0,0.0,0.0,,0.0,,0.0,,0.0,0.0,0.0,0.010507198981940746,0.0,,0.0,0.0,0.010712611488997936,0.0,0.012846814468502998,0.0,,0.0,,,,0.0,0.0,0.0,,0.0,0.0,0.0012285824632272124,0.009027548134326935,0.0,,,0.0,,0.0,0.0,0.0,0.0,0.0,0.0,0.0,0.0,0.006439491640776396,0.015234255231916904,0.0,0.0,0.0,,0.011381476186215878,0.0,0.0,0.0,0.015055594965815544,,0.0005889178719371557,0.0,,0.0,0.0,0.0,0.0,,0.0,0.0,0.0,,0.0,,0.0,0.0,,0.0,,0.0,0.0,0.0030229962430894375,0.01743323914706707,0.0,0.012673601508140564,0.0,0.016194811090826988,0.0,,,0.009300514124333858,0.0,,,,,0.0,0.0,0.0,0.0,0.0,0.0,0.0,0.0,0.0,,0.012146583758294582,0.0019998527131974697,0.0,,0.019029388204216957,0.0,0.0015352413756772876,0.0,0.0,0.0,,0.002669151872396469,,0.014855947345495224,0.0,0.0,0.01175154373049736,,0.0,0.0,,0.0,0.0,0.0,0.0,0.0,0.0001421356719220057,0.0011042432161048055,0.0,0.0,0.0046468619257211685,0.003770541399717331,0.0,0.0012880248250439763,,0.02132318913936615,0.0,0.004850889090448618,0.0,,0.0,0.007785265799611807,0.0,0.0,0.0,0.0,0.0061191171407699585,0.0,0.0,0.0,,0.015078713186085224,0.0,0.0,,,,0.006918592378497124,0.002163069089874625,,0.0,0.0,0.0,0.0,,0.0,,0.0,0.0,0.013318006880581379,0.0,0.0,0.0,,,,0.0,0.01897398941218853,0.0,0.0,0.0,,0.0,0.008289680816233158,0.007186546456068754,0.0,,0.0,0.015495573170483112,0.0,0.0,0.0,,0.002988440217450261,0.0071138362400233746,0.006663523148745298,0.0,,0.0029522741679102182,0.007444577291607857,0.00870683416724205,0.0,0.015951599925756454,0.0,,0.0,0.0,0.0,0.0,0.0,0.0,,0.0,,0.005740217864513397,0.007723913062363863,0.0016765532782301307,0.0,0.0,0.0,0.0,,0.0,0.011521018110215664,0.0028374833054840565,,,0.0,0.0,0.0,0.0,0.0,0.0,0.0,0.0,0.0,,0.0,0.0,0.0014217449352145195,,0.0,0.0,0.0,0.015036061406135559,0.0,0.0,0.0,,,0.0,0.002523822244256735,0.0,0.0,0.0,,0.012212172150611877,,0.010441260412335396,0.0,,0.0,0.0001980172237381339,0.0,0.0,,,0.0,0.009777898900210857,,0.011562291532754898,0.0,,,0.0,0.021612513810396194,0.0,0.0,0.0,0.0,0.0,,,0.0,0.0,0.0,0.0,0.0,,,0.0,0.0,0.0,,0.0,0.0,,0.0,0.0,0.010721533559262753,,0.0,0.0,0.0,0.0,,0.0,0.0,,0.0,0.0,0.0,0.000222572882194072,0.004138255026191473,0.0,0.0,0.0,0.0,0.0,0.0,0.0,0.0,,0.01636638306081295,,0.0,0.013081780634820461,0.00596213573589921,0.0,0.0,0.0,0.00783260352909565,0.013072560541331768,0.0,0.01504174992442131,0.0,,0.0,,0.0,0.007702955510467291,0.0,,0.0,0.0,0.0,0.0064319828525185585,0.0,0.0,0.0,0.0,0.006455377209931612,0.002276746090501547,0.0,,,0.0,0.0,0.0,,,,0.0,0.0,,0.0,,0.0,,0.0,,,0.0,,,,,0.0,,0.0,0.009475049562752247,0.0,,0.0,0.0,0.0006172159337438643,,0.011276694014668465,0.0,,0.0,0.008886725641787052,0.0,,,0.0,,0.01935204491019249,0.0,0.0,,0.0,0.0019069688860327005,,,,0.0,0.0,0.0,0.0,0.0,7.387471123365685e-05,,,,0.007764055393636227,0.0,,0.0,,0.0,0.0,0.0,0.0,,,0.0,0.0,,,0.0,,0.0,,0.0,0.0,0.0,0.0,0.0,0.0,0.0,,0.0,0.010640541091561317,0.0,0.0,0.0,,,0.0,0.0,0.0,0.0,0.004161264281719923,0.0073729087598621845,,,,0.007771022617816925,0.0,0.0,0.0,,,0.008342444896697998,0.0,0.0,,0.0,,,,,0.0,0.013751369901001453,0.0,,0.0,,,0.0,,0.006028351373970509,0.0,0.0,0.0,,0.006963010877370834,0.0,,0.0,0.0,0.0,0.0,0.0,,0.0025301980786025524,0.0,0.0,,0.0,0.0,0.0,0.0,0.0,0.0,0.0,,0.0009805925656110048,0.0,0.0,0.007419695612043142,0.0,0.0,0.0,,0.0,0.0,0.0,0.010489208623766899,0.0,0.0,0.0,0.0,0.0,0.0,0.00028485566144809127,0.0,0.0,0.0,,0.0,0.0,0.0,0.0,0.0,0.0,0.0,0.0,0.0,0.004446286242455244,0.0,0.0,0.0,,0.0,0.006903916597366333,,0.0032303640618920326,0.0,0.0,0.0,0.0,0.0,0.007855664007365704,0.0,0.0,0.0,0.011428353376686573,0.0,0.014265907928347588,0.0,0.0,0.0,0.0,0.0,0.0,0.0,0.0,0.0,0.0,0.0,0.0,0.0071387211792171,0.0,0.0,0.0,0.010663309134542942,0.009583434090018272,0.0,0.00991410668939352,0.0,0.0,0.0,0.019269602373242378,0.0,0.0,0.0,0.0,0.0,0.0,0.0,0.0,0.004451911896467209,0.0,0.0,0.0,0.0,0.0,0.015617968514561653,0.0,0.008543897420167923,0.0,0.0,0.017431413754820824,0.0,0.0,0.0,0.0,0.0,0.011158911511301994,0.0,0.006921166554093361,0.0,0.013884417712688446,0.0,0.0,0.0,0.0,0.0,0.017269155010581017,0.0,0.00583390099927783,0.0,0.0,,,,,,,,,,,,,,,,,,,,,,,,,,,,,,,,,,,,,,,,,,,,,,,,,,,,,,,,,,,,,,,,,,,,,,,,,,,,,,,,,,,,,,,,,,,,,,,,,,,,,,,,,,,,,,,,,,,,,,,,,,,,,,
2021-09-14,852115.4910907499,213.15464759713086,,,,,,,,,,,76494.84123570709,,1039061.7711000025,,,,,,,,,,,,,,,,,,,,,,,,,,,,,,,,,,,,,,,,,,,3553.301280384391,,,,,,,,,,,,,,,,,,,,,,17925.720377090754,9268.890691413633,4032.3384669051707,7421.891063893989,6794.415488064084,36244.11718598157,28077.4503535406,7793.4250679173065,34809.518097284876,,,,,,,,,,,,,,,,,,,,,,,,,,,,,,,,,,,,0.007672586012631655,0.0,0.0,0.01092440728098154,0.0,0.0,0.0,0.0,0.0,0.0,0.0,0.0,0.0,0.0,0.0,0.0,,0.0,,0.0,,0.0,0.0,0.0,0.010507198981940746,0.0,,0.0,0.0,0.010712611488997936,0.0,0.012846814468502998,0.0,,0.0,,,,0.0,0.0,0.0,,0.0,0.0,0.0012285824632272124,0.009027548134326935,0.0,,,0.0,,0.0,0.0,0.0,0.0,0.0,0.0,0.0,0.0,0.006439491640776396,0.015234255231916904,0.0,0.0,0.0,,0.011381476186215878,0.0,0.0,0.0,0.015055594965815544,,0.0005889178719371557,0.0,,0.0,0.0,0.0,0.0,,0.0,0.0,0.0,,0.0,,0.0,0.0,,0.0,,0.0,0.0,0.0030229962430894375,0.01743323914706707,0.0,0.012673601508140564,0.0,0.016194811090826988,0.0,,,0.009300514124333858,0.0,,,,,0.0,0.0,0.0,0.0,0.0,0.0,0.0,0.0,0.0,,0.012146583758294582,0.0019998527131974697,0.0,,0.019029388204216957,0.0,0.0015352413756772876,0.0,0.0,0.0,,0.002669151872396469,,0.014855947345495224,0.0,0.0,0.01175154373049736,,0.0,0.0,,0.0,0.0,0.0,0.0,0.0,0.0001421356719220057,0.0011042432161048055,0.0,0.0,0.0046468619257211685,0.003770541399717331,0.0,0.0012880248250439763,,0.02132318913936615,0.0,0.004850889090448618,0.0,,0.0,0.007785265799611807,0.0,0.0,0.0,0.0,0.0061191171407699585,0.0,0.0,0.0,,0.015078713186085224,0.0,0.0,,,,0.006918592378497124,0.002163069089874625,,0.0,0.0,0.0,0.0,,0.0,,0.0,0.0,0.013318006880581379,0.0,0.0,0.0,,,,0.0,0.01897398941218853,0.0,0.0,0.0,,0.0,0.008289680816233158,0.007186546456068754,0.0,,0.0,0.015495573170483112,0.0,0.0,0.0,,0.002988440217450261,0.0071138362400233746,0.006663523148745298,0.0,,0.0029522741679102182,0.007444577291607857,0.00870683416724205,0.0,0.015951599925756454,0.0,,0.0,0.0,0.0,0.0,0.0,0.0,,0.0,,0.005740217864513397,0.007723913062363863,0.0016765532782301307,0.0,0.0,0.0,0.0,,0.0,0.011521018110215664,0.0028374833054840565,,,0.0,0.0,0.0,0.0,0.0,0.0,0.0,0.0,0.0,,0.0,0.0,0.0014217449352145195,,0.0,0.0,0.0,0.015036061406135559,0.0,0.0,0.0,,,0.0,0.002523822244256735,0.0,0.0,0.0,,0.012212172150611877,,0.010441260412335396,0.0,,0.0,0.0001980172237381339,0.0,0.0,,,0.0,0.009777898900210857,,0.011562291532754898,0.0,,,0.0,0.021612513810396194,0.0,0.0,0.0,0.0,0.0,,,0.0,0.0,0.0,0.0,0.0,,,0.0,0.0,0.0,,0.0,0.0,,0.0,0.0,0.010721533559262753,,0.0,0.0,0.0,0.0,,0.0,0.0,,0.0,0.0,0.0,0.000222572882194072,0.004138255026191473,0.0,0.0,0.0,0.0,0.0,0.0,0.0,0.0,,0.01636638306081295,,0.0,0.013081780634820461,0.00596213573589921,0.0,0.0,0.0,0.00783260352909565,0.013072560541331768,0.0,0.01504174992442131,0.0,,0.0,,0.0,0.007702955510467291,0.0,,0.0,0.0,0.0,0.0064319828525185585,0.0,0.0,0.0,0.0,0.006455377209931612,0.002276746090501547,0.0,,,0.0,0.0,0.0,,,,0.0,0.0,,0.0,,0.0,,0.0,,,0.0,,,,,0.0,,0.0,0.009475049562752247,0.0,,0.0,0.0,0.0006172159337438643,,0.011276694014668465,0.0,,0.0,0.008886725641787052,0.0,,,0.0,,0.01935204491019249,0.0,0.0,,0.0,0.0019069688860327005,,,,0.0,0.0,0.0,0.0,0.0,7.387471123365685e-05,,,,0.007764055393636227,0.0,,0.0,,0.0,0.0,0.0,0.0,,,0.0,0.0,,,0.0,,0.0,,0.0,0.0,0.0,0.0,0.0,0.0,0.0,,0.0,0.010640541091561317,0.0,0.0,0.0,,,0.0,0.0,0.0,0.0,0.004161264281719923,0.0073729087598621845,,,,0.007771022617816925,0.0,0.0,0.0,,,0.008342444896697998,0.0,0.0,,0.0,,,,,0.0,0.013751369901001453,0.0,,0.0,,,0.0,,0.006028351373970509,0.0,0.0,0.0,,0.006963010877370834,0.0,,0.0,0.0,0.0,0.0,0.0,,0.0025301980786025524,0.0,0.0,,0.0,0.0,0.0,0.0,0.0,0.0,0.0,,0.0009805925656110048,0.0,0.0,0.007419695612043142,0.0,0.0,0.0,,0.0,0.0,0.0,0.010489208623766899,0.0,0.0,0.0,0.0,0.0,0.0,0.00028485566144809127,0.0,0.0,0.0,,0.0,0.0,0.0,0.0,0.0,0.0,0.0,0.0,0.0,0.004446286242455244,0.0,0.0,0.0,,0.0,0.006903916597366333,,0.0032303640618920326,0.0,0.0,0.0,0.0,0.0,0.007855664007365704,0.0,0.0,0.0,0.011428353376686573,0.0,0.014265907928347588,0.0,0.0,0.0,0.0,0.0,0.0,0.0,0.0,0.0,0.0,0.0,0.0,0.0071387211792171,0.0,0.0,0.0,0.010663309134542942,0.009583434090018272,0.0,0.00991410668939352,0.0,0.0,0.0,0.019269602373242378,0.0,0.0,0.0,0.0,0.0,0.0,0.0,0.0,0.004451911896467209,0.0,0.0,0.0,0.0,0.0,0.015617968514561653,0.0,0.008543897420167923,0.0,0.0,0.017431413754820824,0.0,0.0,0.0,0.0,0.0,0.011158911511301994,0.0,0.006921166554093361,0.0,0.013884417712688446,0.0,0.0,0.0,0.0,0.0,0.017269155010581017,0.0,0.00583390099927783,0.0,0.0,,,,,,,,,,,,,,,,,,,,,,,,,,,,,,,,,,,,,,,,,,,,,,,,,,,,,,,,,,,,,,,,,,,,,,,,,,,,,,,,,,,,,,,,,,,,,,,,,,,,,,,,,,,,,,,,,,,,,,,,,,,,,,
2021-09-15,861963.6810755855,141.82961415855675,,,,,,,,,,,76494.84123570709,,1039061.7711000025,,,,,,,,,,,,,,,,,,,,,,,,,,,,,,,,,,,,,,,,,,,3553.301280384391,,,,,,,,,,,,,,,,,,,,,,21551.941680839616,9268.890691413633,4032.3384669051707,7421.891063893989,5823.703842015944,36769.36429541038,28077.4503535406,7793.4250679173065,34809.518097284876,,,,,,,,,,,,,,,,,,,,,,,,,,,,,,,,,,,,0.007672586012631655,0.0,0.0,0.01092440728098154,0.0,0.0,0.0,0.0,0.0,0.0,0.0,0.0,0.0,0.0,0.0,0.0,,0.0,,0.0,,0.0,0.0,0.0,0.010507198981940746,0.0,,0.0,0.0,0.010712611488997936,0.0,0.012846814468502998,0.0,,0.0,,,,0.0,0.0,0.0,,0.0,0.0,0.0012285824632272124,0.009027548134326935,0.0,,,0.0,,0.0,0.0,0.0,0.0,0.0,0.0,0.0,0.0,0.006439491640776396,0.015234255231916904,0.0,0.0,0.0,,0.011381476186215878,0.0,0.0,0.0,0.015055594965815544,,0.0005889178719371557,0.0,,0.0,0.0,0.0,0.0,,0.0,0.0,0.0,,0.0,,0.0,0.0,,0.0,,0.0,0.0,0.0030229962430894375,0.01743323914706707,0.0,0.012673601508140564,0.0,0.016194811090826988,0.0,,,0.009300514124333858,0.0,,,,,0.0,0.0,0.0,0.0,0.0,0.0,0.0,0.0,0.0,,0.012146583758294582,0.0019998527131974697,0.0,,0.019029388204216957,0.0,0.0015352413756772876,0.0,0.0,0.0,,0.002669151872396469,,0.014855947345495224,0.0,0.0,0.01175154373049736,,0.0,0.0,,0.0,0.0,0.0,0.0,0.0,0.0001421356719220057,0.0011042432161048055,0.0,0.0,0.0046468619257211685,0.003770541399717331,0.0,0.0012880248250439763,,0.02132318913936615,0.0,0.004850889090448618,0.0,,0.0,0.007785265799611807,0.0,0.0,0.0,0.0,0.0061191171407699585,0.0,0.0,0.0,,0.015078713186085224,0.0,0.0,,,,0.006918592378497124,0.002163069089874625,,0.0,0.0,0.0,0.0,,0.0,,0.0,0.0,0.013318006880581379,0.0,0.0,0.0,,,,0.0,0.01897398941218853,0.0,0.0,0.0,,0.0,0.008289680816233158,0.007186546456068754,0.0,,0.0,0.015495573170483112,0.0,0.0,0.0,,0.002988440217450261,0.0071138362400233746,0.006663523148745298,0.0,,0.0029522741679102182,0.007444577291607857,0.00870683416724205,0.0,0.015951599925756454,0.0,,0.0,0.0,0.0,0.0,0.0,0.0,,0.0,,0.005740217864513397,0.007723913062363863,0.0016765532782301307,0.0,0.0,0.0,0.0,,0.0,0.011521018110215664,0.0028374833054840565,,,0.0,0.0,0.0,0.0,0.0,0.0,0.0,0.0,0.0,,0.0,0.0,0.0014217449352145195,,0.0,0.0,0.0,0.015036061406135559,0.0,0.0,0.0,,,0.0,0.002523822244256735,0.0,0.0,0.0,,0.012212172150611877,,0.010441260412335396,0.0,,0.0,0.0001980172237381339,0.0,0.0,,,0.0,0.009777898900210857,,0.011562291532754898,0.0,,,0.0,0.021612513810396194,0.0,0.0,0.0,0.0,0.0,,,0.0,0.0,0.0,0.0,0.0,,,0.0,0.0,0.0,,0.0,0.0,,0.0,0.0,0.010721533559262753,,0.0,0.0,0.0,0.0,,0.0,0.0,,0.0,0.0,0.0,0.000222572882194072,0.004138255026191473,0.0,0.0,0.0,0.0,0.0,0.0,0.0,0.0,,0.01636638306081295,,0.0,0.013081780634820461,0.00596213573589921,0.0,0.0,0.0,0.00783260352909565,0.013072560541331768,0.0,0.01504174992442131,0.0,,0.0,,0.0,0.007702955510467291,0.0,,0.0,0.0,0.0,0.0064319828525185585,0.0,0.0,0.0,0.0,0.006455377209931612,0.002276746090501547,0.0,,,0.0,0.0,0.0,,,,0.0,0.0,,0.0,,0.0,,0.0,,,0.0,,,,,0.0,,0.0,0.009475049562752247,0.0,,0.0,0.0,0.0006172159337438643,,0.011276694014668465,0.0,,0.0,0.008886725641787052,0.0,,,0.0,,0.01935204491019249,0.0,0.0,,0.0,0.0019069688860327005,,,,0.0,0.0,0.0,0.0,0.0,7.387471123365685e-05,,,,0.007764055393636227,0.0,,0.0,,0.0,0.0,0.0,0.0,,,0.0,0.0,,,0.0,,0.0,,0.0,0.0,0.0,0.0,0.0,0.0,0.0,,0.0,0.010640541091561317,0.0,0.0,0.0,,,0.0,0.0,0.0,0.0,0.004161264281719923,0.0073729087598621845,,,,0.007771022617816925,0.0,0.0,0.0,,,0.008342444896697998,0.0,0.0,,0.0,,,,,0.0,0.013751369901001453,0.0,,0.0,,,0.0,,0.006028351373970509,0.0,0.0,0.0,,0.006963010877370834,0.0,,0.0,0.0,0.0,0.0,0.0,,0.0025301980786025524,0.0,0.0,,0.0,0.0,0.0,0.0,0.0,0.0,0.0,,0.0009805925656110048,0.0,0.0,0.007419695612043142,0.0,0.0,0.0,,0.0,0.0,0.0,0.010489208623766899,0.0,0.0,0.0,0.0,0.0,0.0,0.00028485566144809127,0.0,0.0,0.0,,0.0,0.0,0.0,0.0,0.0,0.0,0.0,0.0,0.0,0.004446286242455244,0.0,0.0,0.0,,0.0,0.006903916597366333,,0.0032303640618920326,0.0,0.0,0.0,0.0,0.0,0.007855664007365704,0.0,0.0,0.0,0.011428353376686573,0.0,0.014265907928347588,0.0,0.0,0.0,0.0,0.0,0.0,0.0,0.0,0.0,0.0,0.0,0.0,0.0071387211792171,0.0,0.0,0.0,0.010663309134542942,0.009583434090018272,0.0,0.00991410668939352,0.0,0.0,0.0,0.019269602373242378,0.0,0.0,0.0,0.0,0.0,0.0,0.0,0.0,0.004451911896467209,0.0,0.0,0.0,0.0,0.0,0.015617968514561653,0.0,0.008543897420167923,0.0,0.0,0.017431413754820824,0.0,0.0,0.0,0.0,0.0,0.011158911511301994,0.0,0.006921166554093361,0.0,0.013884417712688446,0.0,0.0,0.0,0.0,0.0,0.017269155010581017,0.0,0.00583390099927783,0.0,0.0,,,,,,,,,,,,,,,,,,,,,,,,,,,,,,,,,,,,,,,,,,,,,,,,,,,,,,,,,,,,,,,,,,,,,,,,,,,,,,,,,,,,,,,,,,,,,,,,,,,,,,,,,,,,,,,,,,,,,,,,,,,,,,
2021-09-16,853926.4617151092,82.43023032322799,,,,,,,,,,,76494.84123570709,,1039061.7711000025,,,,,,,,,,,,,,,,,,,,,,,,,,,,,,,,,,,,,,,,,,,3553.301280384391,,,,,,,,,,,,,,,,,,,,,,21551.941680839616,9268.890691413633,4032.3384669051707,7421.891063893989,5823.703842015944,35716.80344115861,28952.05857820312,7793.4250679173065,34809.518097284876,,,,,,,,,,,,,,,,,,,,,,,,,,,,,,,,,,,,0.007672586012631655,0.0,0.0,0.01092440728098154,0.0,0.0,0.0,0.0,0.0,0.0,0.0,0.0,0.0,0.0,0.0,0.0,,0.0,,0.0,,0.0,0.0,0.0,0.010507198981940746,0.0,,0.0,0.0,0.010712611488997936,0.0,0.012846814468502998,0.0,,0.0,,,,0.0,0.0,0.0,,0.0,0.0,0.0012285824632272124,0.009027548134326935,0.0,,,0.0,,0.0,0.0,0.0,0.0,0.0,0.0,0.0,0.0,0.006439491640776396,0.015234255231916904,0.0,0.0,0.0,,0.011381476186215878,0.0,0.0,0.0,0.015055594965815544,,0.0005889178719371557,0.0,,0.0,0.0,0.0,0.0,,0.0,0.0,0.0,,0.0,,0.0,0.0,,0.0,,0.0,0.0,0.0030229962430894375,0.01743323914706707,0.0,0.012673601508140564,0.0,0.016194811090826988,0.0,,,0.009300514124333858,0.0,,,,,0.0,0.0,0.0,0.0,0.0,0.0,0.0,0.0,0.0,,0.012146583758294582,0.0019998527131974697,0.0,,0.019029388204216957,0.0,0.0015352413756772876,0.0,0.0,0.0,,0.002669151872396469,,0.014855947345495224,0.0,0.0,0.01175154373049736,,0.0,0.0,,0.0,0.0,0.0,0.0,0.0,0.0001421356719220057,0.0011042432161048055,0.0,0.0,0.0046468619257211685,0.003770541399717331,0.0,0.0012880248250439763,,0.02132318913936615,0.0,0.004850889090448618,0.0,,0.0,0.007785265799611807,0.0,0.0,0.0,0.0,0.0061191171407699585,0.0,0.0,0.0,,0.015078713186085224,0.0,0.0,,,,0.006918592378497124,0.002163069089874625,,0.0,0.0,0.0,0.0,,0.0,,0.0,0.0,0.013318006880581379,0.0,0.0,0.0,,,,0.0,0.01897398941218853,0.0,0.0,0.0,,0.0,0.008289680816233158,0.007186546456068754,0.0,,0.0,0.015495573170483112,0.0,0.0,0.0,,0.002988440217450261,0.0071138362400233746,0.006663523148745298,0.0,,0.0029522741679102182,0.007444577291607857,0.00870683416724205,0.0,0.015951599925756454,0.0,,0.0,0.0,0.0,0.0,0.0,0.0,,0.0,,0.005740217864513397,0.007723913062363863,0.0016765532782301307,0.0,0.0,0.0,0.0,,0.0,0.011521018110215664,0.0028374833054840565,,,0.0,0.0,0.0,0.0,0.0,0.0,0.0,0.0,0.0,,0.0,0.0,0.0014217449352145195,,0.0,0.0,0.0,0.015036061406135559,0.0,0.0,0.0,,,0.0,0.002523822244256735,0.0,0.0,0.0,,0.012212172150611877,,0.010441260412335396,0.0,,0.0,0.0001980172237381339,0.0,0.0,,,0.0,0.009777898900210857,,0.011562291532754898,0.0,,,0.0,0.021612513810396194,0.0,0.0,0.0,0.0,0.0,,,0.0,0.0,0.0,0.0,0.0,,,0.0,0.0,0.0,,0.0,0.0,,0.0,0.0,0.010721533559262753,,0.0,0.0,0.0,0.0,,0.0,0.0,,0.0,0.0,0.0,0.000222572882194072,0.004138255026191473,0.0,0.0,0.0,0.0,0.0,0.0,0.0,0.0,,0.01636638306081295,,0.0,0.013081780634820461,0.00596213573589921,0.0,0.0,0.0,0.00783260352909565,0.013072560541331768,0.0,0.01504174992442131,0.0,,0.0,,0.0,0.007702955510467291,0.0,,0.0,0.0,0.0,0.0064319828525185585,0.0,0.0,0.0,0.0,0.006455377209931612,0.002276746090501547,0.0,,,0.0,0.0,0.0,,,,0.0,0.0,,0.0,,0.0,,0.0,,,0.0,,,,,0.0,,0.0,0.009475049562752247,0.0,,0.0,0.0,0.0006172159337438643,,0.011276694014668465,0.0,,0.0,0.008886725641787052,0.0,,,0.0,,0.01935204491019249,0.0,0.0,,0.0,0.0019069688860327005,,,,0.0,0.0,0.0,0.0,0.0,7.387471123365685e-05,,,,0.007764055393636227,0.0,,0.0,,0.0,0.0,0.0,0.0,,,0.0,0.0,,,0.0,,0.0,,0.0,0.0,0.0,0.0,0.0,0.0,0.0,,0.0,0.010640541091561317,0.0,0.0,0.0,,,0.0,0.0,0.0,0.0,0.004161264281719923,0.0073729087598621845,,,,0.007771022617816925,0.0,0.0,0.0,,,0.008342444896697998,0.0,0.0,,0.0,,,,,0.0,0.013751369901001453,0.0,,0.0,,,0.0,,0.006028351373970509,0.0,0.0,0.0,,0.006963010877370834,0.0,,0.0,0.0,0.0,0.0,0.0,,0.0025301980786025524,0.0,0.0,,0.0,0.0,0.0,0.0,0.0,0.0,0.0,,0.0009805925656110048,0.0,0.0,0.007419695612043142,0.0,0.0,0.0,,0.0,0.0,0.0,0.010489208623766899,0.0,0.0,0.0,0.0,0.0,0.0,0.00028485566144809127,0.0,0.0,0.0,,0.0,0.0,0.0,0.0,0.0,0.0,0.0,0.0,0.0,0.004446286242455244,0.0,0.0,0.0,,0.0,0.006903916597366333,,0.0032303640618920326,0.0,0.0,0.0,0.0,0.0,0.007855664007365704,0.0,0.0,0.0,0.011428353376686573,0.0,0.014265907928347588,0.0,0.0,0.0,0.0,0.0,0.0,0.0,0.0,0.0,0.0,0.0,0.0,0.0071387211792171,0.0,0.0,0.0,0.010663309134542942,0.009583434090018272,0.0,0.00991410668939352,0.0,0.0,0.0,0.019269602373242378,0.0,0.0,0.0,0.0,0.0,0.0,0.0,0.0,0.004451911896467209,0.0,0.0,0.0,0.0,0.0,0.015617968514561653,0.0,0.008543897420167923,0.0,0.0,0.017431413754820824,0.0,0.0,0.0,0.0,0.0,0.011158911511301994,0.0,0.006921166554093361,0.0,0.013884417712688446,0.0,0.0,0.0,0.0,0.0,0.017269155010581017,0.0,0.00583390099927783,0.0,0.0,,,,,,,,,,,,,,,,,,,,,,,,,,,,,,,,,,,,,,,,,,,,,,,,,,,,,,,,,,,,,,,,,,,,,,,,,,,,,,,,,,,,,,,,,,,,,,,,,,,,,,,,,,,,,,,,,,,,,,,,,,,,,,
2021-09-17,850690.1657676382,83.14578316016959,,,,,,,,,,,76494.84123570709,,1039061.7711000025,,,,,,,,,,,,,,,,,,,,,,,,,,,,,,,,,,,,,,,,,,,3553.301280384391,,,,,,,,,,,,,,,,,,,,,,21551.941680839616,9268.890691413633,4032.3384669051707,7421.891063893989,5823.641933535076,35716.8649418214,28952.05857820312,7793.4250679173065,34809.518097284876,,,,,,,,,,,,,,,,,,,,,,,,,,,,,,,,,,,,0.007672586012631655,0.0,0.0,0.01092440728098154,0.0,0.0,0.0,0.0,0.0,0.0,0.0,0.0,0.0,0.0,0.0,0.0,,0.0,,0.0,,0.0,0.0,0.0,0.010507198981940746,0.0,,0.0,0.0,0.010712611488997936,0.0,0.012846814468502998,0.0,,0.0,,,,0.0,0.0,0.0,,0.0,0.0,0.0012285824632272124,0.009027548134326935,0.0,,,0.0,,0.0,0.0,0.0,0.0,0.0,0.0,0.0,0.0,0.006439491640776396,0.015234255231916904,0.0,0.0,0.0,,0.011381476186215878,0.0,0.0,0.0,0.015055594965815544,,0.0005889178719371557,0.0,,0.0,0.0,0.0,0.0,,0.0,0.0,0.0,,0.0,,0.0,0.0,,0.0,,0.0,0.0,0.0030229962430894375,0.01743323914706707,0.0,0.012673601508140564,0.0,0.016194811090826988,0.0,,,0.009300514124333858,0.0,,,,,0.0,0.0,0.0,0.0,0.0,0.0,0.0,0.0,0.0,,0.012146583758294582,0.0019998527131974697,0.0,,0.019029388204216957,0.0,0.0015352413756772876,0.0,0.0,0.0,,0.002669151872396469,,0.014855947345495224,0.0,0.0,0.01175154373049736,,0.0,0.0,,0.0,0.0,0.0,0.0,0.0,0.0001421356719220057,0.0011042432161048055,0.0,0.0,0.0046468619257211685,0.003770541399717331,0.0,0.0012880248250439763,,0.02132318913936615,0.0,0.004850889090448618,0.0,,0.0,0.007785265799611807,0.0,0.0,0.0,0.0,0.0061191171407699585,0.0,0.0,0.0,,0.015078713186085224,0.0,0.0,,,,0.006918592378497124,0.002163069089874625,,0.0,0.0,0.0,0.0,,0.0,,0.0,0.0,0.013318006880581379,0.0,0.0,0.0,,,,0.0,0.01897398941218853,0.0,0.0,0.0,,0.0,0.008289680816233158,0.007186546456068754,0.0,,0.0,0.015495573170483112,0.0,0.0,0.0,,0.002988440217450261,0.0071138362400233746,0.006663523148745298,0.0,,0.0029522741679102182,0.007444577291607857,0.00870683416724205,0.0,0.015951599925756454,0.0,,0.0,0.0,0.0,0.0,0.0,0.0,,0.0,,0.005740217864513397,0.007723913062363863,0.0016765532782301307,0.0,0.0,0.0,0.0,,0.0,0.011521018110215664,0.0028374833054840565,,,0.0,0.0,0.0,0.0,0.0,0.0,0.0,0.0,0.0,,0.0,0.0,0.0014217449352145195,,0.0,0.0,0.0,0.015036061406135559,0.0,0.0,0.0,,,0.0,0.002523822244256735,0.0,0.0,0.0,,0.012212172150611877,,0.010441260412335396,0.0,,0.0,0.0001980172237381339,0.0,0.0,,,0.0,0.009777898900210857,,0.011562291532754898,0.0,,,0.0,0.021612513810396194,0.0,0.0,0.0,0.0,0.0,,,0.0,0.0,0.0,0.0,0.0,,,0.0,0.0,0.0,,0.0,0.0,,0.0,0.0,0.010721533559262753,,0.0,0.0,0.0,0.0,,0.0,0.0,,0.0,0.0,0.0,0.000222572882194072,0.004138255026191473,0.0,0.0,0.0,0.0,0.0,0.0,0.0,0.0,,0.01636638306081295,,0.0,0.013081780634820461,0.00596213573589921,0.0,0.0,0.0,0.00783260352909565,0.013072560541331768,0.0,0.01504174992442131,0.0,,0.0,,0.0,0.007702955510467291,0.0,,0.0,0.0,0.0,0.0064319828525185585,0.0,0.0,0.0,0.0,0.006455377209931612,0.002276746090501547,0.0,,,0.0,0.0,0.0,,,,0.0,0.0,,0.0,,0.0,,0.0,,,0.0,,,,,0.0,,0.0,0.009475049562752247,0.0,,0.0,0.0,0.0006172159337438643,,0.011276694014668465,0.0,,0.0,0.008886725641787052,0.0,,,0.0,,0.01935204491019249,0.0,0.0,,0.0,0.0019069688860327005,,,,0.0,0.0,0.0,0.0,0.0,7.387471123365685e-05,,,,0.007764055393636227,0.0,,0.0,,0.0,0.0,0.0,0.0,,,0.0,0.0,,,0.0,,0.0,,0.0,0.0,0.0,0.0,0.0,0.0,0.0,,0.0,0.010640541091561317,0.0,0.0,0.0,,,0.0,0.0,0.0,0.0,0.004161264281719923,0.0073729087598621845,,,,0.007771022617816925,0.0,0.0,0.0,,,0.008342444896697998,0.0,0.0,,0.0,,,,,0.0,0.013751369901001453,0.0,,0.0,,,0.0,,0.006028351373970509,0.0,0.0,0.0,,0.006963010877370834,0.0,,0.0,0.0,0.0,0.0,0.0,,0.0025301980786025524,0.0,0.0,,0.0,0.0,0.0,0.0,0.0,0.0,0.0,,0.0009805925656110048,0.0,0.0,0.007419695612043142,0.0,0.0,0.0,,0.0,0.0,0.0,0.010489208623766899,0.0,0.0,0.0,0.0,0.0,0.0,0.00028485566144809127,0.0,0.0,0.0,,0.0,0.0,0.0,0.0,0.0,0.0,0.0,0.0,0.0,0.004446286242455244,0.0,0.0,0.0,,0.0,0.006903916597366333,,0.0032303640618920326,0.0,0.0,0.0,0.0,0.0,0.007855664007365704,0.0,0.0,0.0,0.011428353376686573,0.0,0.014265907928347588,0.0,0.0,0.0,0.0,0.0,0.0,0.0,0.0,0.0,0.0,0.0,0.0,0.0071387211792171,0.0,0.0,0.0,0.010663309134542942,0.009583434090018272,0.0,0.00991410668939352,0.0,0.0,0.0,0.019269602373242378,0.0,0.0,0.0,0.0,0.0,0.0,0.0,0.0,0.004451911896467209,0.0,0.0,0.0,0.0,0.0,0.015617968514561653,0.0,0.008543897420167923,0.0,0.0,0.017431413754820824,0.0,0.0,0.0,0.0,0.0,0.011158911511301994,0.0,0.006921166554093361,0.0,0.013884417712688446,0.0,0.0,0.0,0.0,0.0,0.017269155010581017,0.0,0.00583390099927783,0.0,0.0,,,,,,,,,,,,,,,,,,,,,,,,,,,,,,,,,,,,,,,,,,,,,,,,,,,,,,,,,,,,,,,,,,,,,,,,,,,,,,,,,,,,,,,,,,,,,,,,,,,,,,,,,,,,,,,,,,,,,,,,,,,,,,
2021-09-22,849094.7037412311,388.0994502674821,,,,,,,,,,,76494.84123570709,,1039061.7711000025,,,,,,,,,,,,,,,,,,,,,,,,,,,,,,,,,,,,,,,,,,,3553.301280384391,,,,,,,,,,,,,,,,,,,,,,21551.941680839616,9268.890691413633,4032.3384669051707,7421.891063893989,5823.641933535076,33094.15792625752,29384.391549146883,8321.776253645301,34809.518097284876,,,,,,,,,,,,,,,,,,,,,,,,,,,,,,,,,,,,0.007672586012631655,0.0,0.0,0.01092440728098154,0.0,0.0,0.0,0.0,0.0,0.0,0.0,0.0,0.0,0.0,0.0,0.0,,0.0,,0.0,,0.0,0.0,0.0,0.010507198981940746,0.0,,0.0,0.0,0.010712611488997936,0.0,0.012846814468502998,0.0,,0.0,,,,0.0,0.0,0.0,,0.0,0.0,0.0012285824632272124,0.009027548134326935,0.0,,,0.0,,0.0,0.0,0.0,0.0,0.0,0.0,0.0,0.0,0.006439491640776396,0.015234255231916904,0.0,0.0,0.0,,0.011381476186215878,0.0,0.0,0.0,0.015055594965815544,,0.0005889178719371557,0.0,,0.0,0.0,0.0,0.0,,0.0,0.0,0.0,,0.0,,0.0,0.0,,0.0,,0.0,0.0,0.0030229962430894375,0.01743323914706707,0.0,0.012673601508140564,0.0,0.016194811090826988,0.0,,,0.009300514124333858,0.0,,,,,0.0,0.0,0.0,0.0,0.0,0.0,0.0,0.0,0.0,,0.012146583758294582,0.0019998527131974697,0.0,,0.019029388204216957,0.0,0.0015352413756772876,0.0,0.0,0.0,,0.002669151872396469,,0.014855947345495224,0.0,0.0,0.01175154373049736,,0.0,0.0,,0.0,0.0,0.0,0.0,0.0,0.0001421356719220057,0.0011042432161048055,0.0,0.0,0.0046468619257211685,0.003770541399717331,0.0,0.0012880248250439763,,0.02132318913936615,0.0,0.004850889090448618,0.0,,0.0,0.007785265799611807,0.0,0.0,0.0,0.0,0.0061191171407699585,0.0,0.0,0.0,,0.015078713186085224,0.0,0.0,,,,0.006918592378497124,0.002163069089874625,,0.0,0.0,0.0,0.0,,0.0,,0.0,0.0,0.013318006880581379,0.0,0.0,0.0,,,,0.0,0.01897398941218853,0.0,0.0,0.0,,0.0,0.008289680816233158,0.007186546456068754,0.0,,0.0,0.015495573170483112,0.0,0.0,0.0,,0.002988440217450261,0.0071138362400233746,0.006663523148745298,0.0,,0.0029522741679102182,0.007444577291607857,0.00870683416724205,0.0,0.015951599925756454,0.0,,0.0,0.0,0.0,0.0,0.0,0.0,,0.0,,0.005740217864513397,0.007723913062363863,0.0016765532782301307,0.0,0.0,0.0,0.0,,0.0,0.011521018110215664,0.0028374833054840565,,,0.0,0.0,0.0,0.0,0.0,0.0,0.0,0.0,0.0,,0.0,0.0,0.0014217449352145195,,0.0,0.0,0.0,0.015036061406135559,0.0,0.0,0.0,,,0.0,0.002523822244256735,0.0,0.0,0.0,,0.012212172150611877,,0.010441260412335396,0.0,,0.0,0.0001980172237381339,0.0,0.0,,,0.0,0.009777898900210857,,0.011562291532754898,0.0,,,0.0,0.021612513810396194,0.0,0.0,0.0,0.0,0.0,,,0.0,0.0,0.0,0.0,0.0,,,0.0,0.0,0.0,,0.0,0.0,,0.0,0.0,0.010721533559262753,,0.0,0.0,0.0,0.0,,0.0,0.0,,0.0,0.0,0.0,0.000222572882194072,0.004138255026191473,0.0,0.0,0.0,0.0,0.0,0.0,0.0,0.0,,0.01636638306081295,,0.0,0.013081780634820461,0.00596213573589921,0.0,0.0,0.0,0.00783260352909565,0.013072560541331768,0.0,0.01504174992442131,0.0,,0.0,,0.0,0.007702955510467291,0.0,,0.0,0.0,0.0,0.0064319828525185585,0.0,0.0,0.0,0.0,0.006455377209931612,0.002276746090501547,0.0,,,0.0,0.0,0.0,,,,0.0,0.0,,0.0,,0.0,,0.0,,,0.0,,,,,0.0,,0.0,0.009475049562752247,0.0,,0.0,0.0,0.0006172159337438643,,0.011276694014668465,0.0,,0.0,0.008886725641787052,0.0,,,0.0,,0.01935204491019249,0.0,0.0,,0.0,0.0019069688860327005,,,,0.0,0.0,0.0,0.0,0.0,7.387471123365685e-05,,,,0.007764055393636227,0.0,,0.0,,0.0,0.0,0.0,0.0,,,0.0,0.0,,,0.0,,0.0,,0.0,0.0,0.0,0.0,0.0,0.0,0.0,,0.0,0.010640541091561317,0.0,0.0,0.0,,,0.0,0.0,0.0,0.0,0.004161264281719923,0.0073729087598621845,,,,0.007771022617816925,0.0,0.0,0.0,,,0.008342444896697998,0.0,0.0,,0.0,,,,,0.0,0.013751369901001453,0.0,,0.0,,,0.0,,0.006028351373970509,0.0,0.0,0.0,,0.006963010877370834,0.0,,0.0,0.0,0.0,0.0,0.0,,0.0025301980786025524,0.0,0.0,,0.0,0.0,0.0,0.0,0.0,0.0,0.0,,0.0009805925656110048,0.0,0.0,0.007419695612043142,0.0,0.0,0.0,,0.0,0.0,0.0,0.010489208623766899,0.0,0.0,0.0,0.0,0.0,0.0,0.00028485566144809127,0.0,0.0,0.0,,0.0,0.0,0.0,0.0,0.0,0.0,0.0,0.0,0.0,0.004446286242455244,0.0,0.0,0.0,,0.0,0.006903916597366333,,0.0032303640618920326,0.0,0.0,0.0,0.0,0.0,0.007855664007365704,0.0,0.0,0.0,0.011428353376686573,0.0,0.014265907928347588,0.0,0.0,0.0,0.0,0.0,0.0,0.0,0.0,0.0,0.0,0.0,0.0,0.0071387211792171,0.0,0.0,0.0,0.010663309134542942,0.009583434090018272,0.0,0.00991410668939352,0.0,0.0,0.0,0.019269602373242378,0.0,0.0,0.0,0.0,0.0,0.0,0.0,0.0,0.004451911896467209,0.0,0.0,0.0,0.0,0.0,0.015617968514561653,0.0,0.008543897420167923,0.0,0.0,0.017431413754820824,0.0,0.0,0.0,0.0,0.0,0.011158911511301994,0.0,0.006921166554093361,0.0,0.013884417712688446,0.0,0.0,0.0,0.0,0.0,0.017269155010581017,0.0,0.00583390099927783,0.0,0.0,,,,,,,,,,,,,,,,,,,,,,,,,,,,,,,,,,,,,,,,,,,,,,,,,,,,,,,,,,,,,,,,,,,,,,,,,,,,,,,,,,,,,,,,,,,,,,,,,,,,,,,,,,,,,,,,,,,,,,,,,,,,,,
2021-09-23,856568.9664826017,117.41444464315589,,,,,,,,,,,76494.84123570709,,1039061.7711000025,,,,,,,,,,,,,,,,,,,,,,,,,,,,,,,,,,,,,,,,,,,3553.301280384391,,,,,,,,,,,,,,,,,,,,,,21551.941680839616,9268.890691413633,4032.3384669051707,7421.891063893989,5823.641933535076,32569.14701271831,29732.0545782046,8387.821119013452,34809.518097284876,,,,,,,,,,,,,,,,,,,,,,,,,,,,,,,,,,,,0.007672586012631655,0.0,0.0,0.01092440728098154,0.0,0.0,0.0,0.0,0.0,0.0,0.0,0.0,0.0,0.0,0.0,0.0,,0.0,,0.0,,0.0,0.0,0.0,0.010507198981940746,0.0,,0.0,0.0,0.010712611488997936,0.0,0.012846814468502998,0.0,,0.0,,,,0.0,0.0,0.0,,0.0,0.0,0.0012285824632272124,0.009027548134326935,0.0,,,0.0,,0.0,0.0,0.0,0.0,0.0,0.0,0.0,0.0,0.006439491640776396,0.015234255231916904,0.0,0.0,0.0,,0.011381476186215878,0.0,0.0,0.0,0.015055594965815544,,0.0005889178719371557,0.0,,0.0,0.0,0.0,0.0,,0.0,0.0,0.0,,0.0,,0.0,0.0,,0.0,,0.0,0.0,0.0030229962430894375,0.01743323914706707,0.0,0.012673601508140564,0.0,0.016194811090826988,0.0,,,0.009300514124333858,0.0,,,,,0.0,0.0,0.0,0.0,0.0,0.0,0.0,0.0,0.0,,0.012146583758294582,0.0019998527131974697,0.0,,0.019029388204216957,0.0,0.0015352413756772876,0.0,0.0,0.0,,0.002669151872396469,,0.014855947345495224,0.0,0.0,0.01175154373049736,,0.0,0.0,,0.0,0.0,0.0,0.0,0.0,0.0001421356719220057,0.0011042432161048055,0.0,0.0,0.0046468619257211685,0.003770541399717331,0.0,0.0012880248250439763,,0.02132318913936615,0.0,0.004850889090448618,0.0,,0.0,0.007785265799611807,0.0,0.0,0.0,0.0,0.0061191171407699585,0.0,0.0,0.0,,0.015078713186085224,0.0,0.0,,,,0.006918592378497124,0.002163069089874625,,0.0,0.0,0.0,0.0,,0.0,,0.0,0.0,0.013318006880581379,0.0,0.0,0.0,,,,0.0,0.01897398941218853,0.0,0.0,0.0,,0.0,0.008289680816233158,0.007186546456068754,0.0,,0.0,0.015495573170483112,0.0,0.0,0.0,,0.002988440217450261,0.0071138362400233746,0.006663523148745298,0.0,,0.0029522741679102182,0.007444577291607857,0.00870683416724205,0.0,0.015951599925756454,0.0,,0.0,0.0,0.0,0.0,0.0,0.0,,0.0,,0.005740217864513397,0.007723913062363863,0.0016765532782301307,0.0,0.0,0.0,0.0,,0.0,0.011521018110215664,0.0028374833054840565,,,0.0,0.0,0.0,0.0,0.0,0.0,0.0,0.0,0.0,,0.0,0.0,0.0014217449352145195,,0.0,0.0,0.0,0.015036061406135559,0.0,0.0,0.0,,,0.0,0.002523822244256735,0.0,0.0,0.0,,0.012212172150611877,,0.010441260412335396,0.0,,0.0,0.0001980172237381339,0.0,0.0,,,0.0,0.009777898900210857,,0.011562291532754898,0.0,,,0.0,0.021612513810396194,0.0,0.0,0.0,0.0,0.0,,,0.0,0.0,0.0,0.0,0.0,,,0.0,0.0,0.0,,0.0,0.0,,0.0,0.0,0.010721533559262753,,0.0,0.0,0.0,0.0,,0.0,0.0,,0.0,0.0,0.0,0.000222572882194072,0.004138255026191473,0.0,0.0,0.0,0.0,0.0,0.0,0.0,0.0,,0.01636638306081295,,0.0,0.013081780634820461,0.00596213573589921,0.0,0.0,0.0,0.00783260352909565,0.013072560541331768,0.0,0.01504174992442131,0.0,,0.0,,0.0,0.007702955510467291,0.0,,0.0,0.0,0.0,0.0064319828525185585,0.0,0.0,0.0,0.0,0.006455377209931612,0.002276746090501547,0.0,,,0.0,0.0,0.0,,,,0.0,0.0,,0.0,,0.0,,0.0,,,0.0,,,,,0.0,,0.0,0.009475049562752247,0.0,,0.0,0.0,0.0006172159337438643,,0.011276694014668465,0.0,,0.0,0.008886725641787052,0.0,,,0.0,,0.01935204491019249,0.0,0.0,,0.0,0.0019069688860327005,,,,0.0,0.0,0.0,0.0,0.0,7.387471123365685e-05,,,,0.007764055393636227,0.0,,0.0,,0.0,0.0,0.0,0.0,,,0.0,0.0,,,0.0,,0.0,,0.0,0.0,0.0,0.0,0.0,0.0,0.0,,0.0,0.010640541091561317,0.0,0.0,0.0,,,0.0,0.0,0.0,0.0,0.004161264281719923,0.0073729087598621845,,,,0.007771022617816925,0.0,0.0,0.0,,,0.008342444896697998,0.0,0.0,,0.0,,,,,0.0,0.013751369901001453,0.0,,0.0,,,0.0,,0.006028351373970509,0.0,0.0,0.0,,0.006963010877370834,0.0,,0.0,0.0,0.0,0.0,0.0,,0.0025301980786025524,0.0,0.0,,0.0,0.0,0.0,0.0,0.0,0.0,0.0,,0.0009805925656110048,0.0,0.0,0.007419695612043142,0.0,0.0,0.0,,0.0,0.0,0.0,0.010489208623766899,0.0,0.0,0.0,0.0,0.0,0.0,0.00028485566144809127,0.0,0.0,0.0,,0.0,0.0,0.0,0.0,0.0,0.0,0.0,0.0,0.0,0.004446286242455244,0.0,0.0,0.0,,0.0,0.006903916597366333,,0.0032303640618920326,0.0,0.0,0.0,0.0,0.0,0.007855664007365704,0.0,0.0,0.0,0.011428353376686573,0.0,0.014265907928347588,0.0,0.0,0.0,0.0,0.0,0.0,0.0,0.0,0.0,0.0,0.0,0.0,0.0071387211792171,0.0,0.0,0.0,0.010663309134542942,0.009583434090018272,0.0,0.00991410668939352,0.0,0.0,0.0,0.019269602373242378,0.0,0.0,0.0,0.0,0.0,0.0,0.0,0.0,0.004451911896467209,0.0,0.0,0.0,0.0,0.0,0.015617968514561653,0.0,0.008543897420167923,0.0,0.0,0.017431413754820824,0.0,0.0,0.0,0.0,0.0,0.011158911511301994,0.0,0.006921166554093361,0.0,0.013884417712688446,0.0,0.0,0.0,0.0,0.0,0.017269155010581017,0.0,0.00583390099927783,0.0,0.0,,,,,,,,,,,,,,,,,,,,,,,,,,,,,,,,,,,,,,,,,,,,,,,,,,,,,,,,,,,,,,,,,,,,,,,,,,,,,,,,,,,,,,,,,,,,,,,,,,,,,,,,,,,,,,,,,,,,,,,,,,,,,,
2021-09-24,840215.4501150707,259.8680582453885,,,,,,,,,,,76494.84123570709,,1039061.7711000025,,,,,,,,,,,,,,,,,,,,,,,,,,,,,,,,,,,,,,,,,,,3553.301280384391,,,,,,,,,,,,,,,,,,,,,,22156.280331260397,9060.264124957122,4032.3384669051707,7421.891063893989,5823.641933535076,32569.14701271831,29214.098616576845,8519.90891544545,34809.518097284876,,,,,,,,,,,,,,,,,,,,,,,,,,,,,,,,,,,,0.007672586012631655,0.0,0.0,0.01092440728098154,0.0,0.0,0.0,0.0,0.0,0.0,0.0,0.0,0.0,0.0,0.0,0.0,,0.0,,0.0,,0.0,0.0,0.0,0.010507198981940746,0.0,,0.0,0.0,0.010712611488997936,0.0,0.012846814468502998,0.0,,0.0,,,,0.0,0.0,0.0,,0.0,0.0,0.0012285824632272124,0.009027548134326935,0.0,,,0.0,,0.0,0.0,0.0,0.0,0.0,0.0,0.0,0.0,0.006439491640776396,0.015234255231916904,0.0,0.0,0.0,,0.011381476186215878,0.0,0.0,0.0,0.015055594965815544,,0.0005889178719371557,0.0,,0.0,0.0,0.0,0.0,,0.0,0.0,0.0,,0.0,,0.0,0.0,,0.0,,0.0,0.0,0.0030229962430894375,0.01743323914706707,0.0,0.012673601508140564,0.0,0.016194811090826988,0.0,,,0.009300514124333858,0.0,,,,,0.0,0.0,0.0,0.0,0.0,0.0,0.0,0.0,0.0,,0.012146583758294582,0.0019998527131974697,0.0,,0.019029388204216957,0.0,0.0015352413756772876,0.0,0.0,0.0,,0.002669151872396469,,0.014855947345495224,0.0,0.0,0.01175154373049736,,0.0,0.0,,0.0,0.0,0.0,0.0,0.0,0.0001421356719220057,0.0011042432161048055,0.0,0.0,0.0046468619257211685,0.003770541399717331,0.0,0.0012880248250439763,,0.02132318913936615,0.0,0.004850889090448618,0.0,,0.0,0.007785265799611807,0.0,0.0,0.0,0.0,0.0061191171407699585,0.0,0.0,0.0,,0.015078713186085224,0.0,0.0,,,,0.006918592378497124,0.002163069089874625,,0.0,0.0,0.0,0.0,,0.0,,0.0,0.0,0.013318006880581379,0.0,0.0,0.0,,,,0.0,0.01897398941218853,0.0,0.0,0.0,,0.0,0.008289680816233158,0.007186546456068754,0.0,,0.0,0.015495573170483112,0.0,0.0,0.0,,0.002988440217450261,0.0071138362400233746,0.006663523148745298,0.0,,0.0029522741679102182,0.007444577291607857,0.00870683416724205,0.0,0.015951599925756454,0.0,,0.0,0.0,0.0,0.0,0.0,0.0,,0.0,,0.005740217864513397,0.007723913062363863,0.0016765532782301307,0.0,0.0,0.0,0.0,,0.0,0.011521018110215664,0.0028374833054840565,,,0.0,0.0,0.0,0.0,0.0,0.0,0.0,0.0,0.0,,0.0,0.0,0.0014217449352145195,,0.0,0.0,0.0,0.015036061406135559,0.0,0.0,0.0,,,0.0,0.002523822244256735,0.0,0.0,0.0,,0.012212172150611877,,0.010441260412335396,0.0,,0.0,0.0001980172237381339,0.0,0.0,,,0.0,0.009777898900210857,,0.011562291532754898,0.0,,,0.0,0.021612513810396194,0.0,0.0,0.0,0.0,0.0,,,0.0,0.0,0.0,0.0,0.0,,,0.0,0.0,0.0,,0.0,0.0,,0.0,0.0,0.010721533559262753,,0.0,0.0,0.0,0.0,,0.0,0.0,,0.0,0.0,0.0,0.000222572882194072,0.004138255026191473,0.0,0.0,0.0,0.0,0.0,0.0,0.0,0.0,,0.01636638306081295,,0.0,0.013081780634820461,0.00596213573589921,0.0,0.0,0.0,0.00783260352909565,0.013072560541331768,0.0,0.01504174992442131,0.0,,0.0,,0.0,0.007702955510467291,0.0,,0.0,0.0,0.0,0.0064319828525185585,0.0,0.0,0.0,0.0,0.006455377209931612,0.002276746090501547,0.0,,,0.0,0.0,0.0,,,,0.0,0.0,,0.0,,0.0,,0.0,,,0.0,,,,,0.0,,0.0,0.009475049562752247,0.0,,0.0,0.0,0.0006172159337438643,,0.011276694014668465,0.0,,0.0,0.008886725641787052,0.0,,,0.0,,0.01935204491019249,0.0,0.0,,0.0,0.0019069688860327005,,,,0.0,0.0,0.0,0.0,0.0,7.387471123365685e-05,,,,0.007764055393636227,0.0,,0.0,,0.0,0.0,0.0,0.0,,,0.0,0.0,,,0.0,,0.0,,0.0,0.0,0.0,0.0,0.0,0.0,0.0,,0.0,0.010640541091561317,0.0,0.0,0.0,,,0.0,0.0,0.0,0.0,0.004161264281719923,0.0073729087598621845,,,,0.007771022617816925,0.0,0.0,0.0,,,0.008342444896697998,0.0,0.0,,0.0,,,,,0.0,0.013751369901001453,0.0,,0.0,,,0.0,,0.006028351373970509,0.0,0.0,0.0,,0.006963010877370834,0.0,,0.0,0.0,0.0,0.0,0.0,,0.0025301980786025524,0.0,0.0,,0.0,0.0,0.0,0.0,0.0,0.0,0.0,,0.0009805925656110048,0.0,0.0,0.007419695612043142,0.0,0.0,0.0,,0.0,0.0,0.0,0.010489208623766899,0.0,0.0,0.0,0.0,0.0,0.0,0.00028485566144809127,0.0,0.0,0.0,,0.0,0.0,0.0,0.0,0.0,0.0,0.0,0.0,0.0,0.004446286242455244,0.0,0.0,0.0,,0.0,0.006903916597366333,,0.0032303640618920326,0.0,0.0,0.0,0.0,0.0,0.007855664007365704,0.0,0.0,0.0,0.011428353376686573,0.0,0.014265907928347588,0.0,0.0,0.0,0.0,0.0,0.0,0.0,0.0,0.0,0.0,0.0,0.0,0.0071387211792171,0.0,0.0,0.0,0.010663309134542942,0.009583434090018272,0.0,0.00991410668939352,0.0,0.0,0.0,0.019269602373242378,0.0,0.0,0.0,0.0,0.0,0.0,0.0,0.0,0.004451911896467209,0.0,0.0,0.0,0.0,0.0,0.015617968514561653,0.0,0.008543897420167923,0.0,0.0,0.017431413754820824,0.0,0.0,0.0,0.0,0.0,0.011158911511301994,0.0,0.006921166554093361,0.0,0.013884417712688446,0.0,0.0,0.0,0.0,0.0,0.017269155010581017,0.0,0.00583390099927783,0.0,0.0,,,,,,,,,,,,,,,,,,,,,,,,,,,,,,,,,,,,,,,,,,,,,,,,,,,,,,,,,,,,,,,,,,,,,,,,,,,,,,,,,,,,,,,,,,,,,,,,,,,,,,,,,,,,,,,,,,,,,,,,,,,,,,
2021-09-27,823623.545728778,5.815782372408108,,,,,,,,,,,76494.84123570709,,1039061.7711000025,,,,,,,,,,,,,,,,,,,,,,,,,,,,,,,,,,,,,,,,,,,3553.301280384391,,,,,,,,,,,,,,,,,,,,,,22156.280331260397,9060.698315820708,4032.3384669051707,7421.891063893989,5823.641933535076,32569.14701271831,29301.09242138723,8519.90891544545,34809.518097284876,,,,,,,,,,,,,,,,,,,,,,,,,,,,,,,,,,,,0.007672586012631655,0.0,0.0,0.01092440728098154,0.0,0.0,0.0,0.0,0.0,0.0,0.0,0.0,0.0,0.0,0.0,0.0,,0.0,,0.0,,0.0,0.0,0.0,0.010507198981940746,0.0,,0.0,0.0,0.010712611488997936,0.0,0.012846814468502998,0.0,,0.0,,,,0.0,0.0,0.0,,0.0,0.0,0.0012285824632272124,0.009027548134326935,0.0,,,0.0,,0.0,0.0,0.0,0.0,0.0,0.0,0.0,0.0,0.006439491640776396,0.015234255231916904,0.0,0.0,0.0,,0.011381476186215878,0.0,0.0,0.0,0.015055594965815544,,0.0005889178719371557,0.0,,0.0,0.0,0.0,0.0,,0.0,0.0,0.0,,0.0,,0.0,0.0,,0.0,,0.0,0.0,0.0030229962430894375,0.01743323914706707,0.0,0.012673601508140564,0.0,0.016194811090826988,0.0,,,0.009300514124333858,0.0,,,,,0.0,0.0,0.0,0.0,0.0,0.0,0.0,0.0,0.0,,0.012146583758294582,0.0019998527131974697,0.0,,0.019029388204216957,0.0,0.0015352413756772876,0.0,0.0,0.0,,0.002669151872396469,,0.014855947345495224,0.0,0.0,0.01175154373049736,,0.0,0.0,,0.0,0.0,0.0,0.0,0.0,0.0001421356719220057,0.0011042432161048055,0.0,0.0,0.0046468619257211685,0.003770541399717331,0.0,0.0012880248250439763,,0.02132318913936615,0.0,0.004850889090448618,0.0,,0.0,0.007785265799611807,0.0,0.0,0.0,0.0,0.0061191171407699585,0.0,0.0,0.0,,0.015078713186085224,0.0,0.0,,,,0.006918592378497124,0.002163069089874625,,0.0,0.0,0.0,0.0,,0.0,,0.0,0.0,0.013318006880581379,0.0,0.0,0.0,,,,0.0,0.01897398941218853,0.0,0.0,0.0,,0.0,0.008289680816233158,0.007186546456068754,0.0,,0.0,0.015495573170483112,0.0,0.0,0.0,,0.002988440217450261,0.0071138362400233746,0.006663523148745298,0.0,,0.0029522741679102182,0.007444577291607857,0.00870683416724205,0.0,0.015951599925756454,0.0,,0.0,0.0,0.0,0.0,0.0,0.0,,0.0,,0.005740217864513397,0.007723913062363863,0.0016765532782301307,0.0,0.0,0.0,0.0,,0.0,0.011521018110215664,0.0028374833054840565,,,0.0,0.0,0.0,0.0,0.0,0.0,0.0,0.0,0.0,,0.0,0.0,0.0014217449352145195,,0.0,0.0,0.0,0.015036061406135559,0.0,0.0,0.0,,,0.0,0.002523822244256735,0.0,0.0,0.0,,0.012212172150611877,,0.010441260412335396,0.0,,0.0,0.0001980172237381339,0.0,0.0,,,0.0,0.009777898900210857,,0.011562291532754898,0.0,,,0.0,0.021612513810396194,0.0,0.0,0.0,0.0,0.0,,,0.0,0.0,0.0,0.0,0.0,,,0.0,0.0,0.0,,0.0,0.0,,0.0,0.0,0.010721533559262753,,0.0,0.0,0.0,0.0,,0.0,0.0,,0.0,0.0,0.0,0.000222572882194072,0.004138255026191473,0.0,0.0,0.0,0.0,0.0,0.0,0.0,0.0,,0.01636638306081295,,0.0,0.013081780634820461,0.00596213573589921,0.0,0.0,0.0,0.00783260352909565,0.013072560541331768,0.0,0.01504174992442131,0.0,,0.0,,0.0,0.007702955510467291,0.0,,0.0,0.0,0.0,0.0064319828525185585,0.0,0.0,0.0,0.0,0.006455377209931612,0.002276746090501547,0.0,,,0.0,0.0,0.0,,,,0.0,0.0,,0.0,,0.0,,0.0,,,0.0,,,,,0.0,,0.0,0.009475049562752247,0.0,,0.0,0.0,0.0006172159337438643,,0.011276694014668465,0.0,,0.0,0.008886725641787052,0.0,,,0.0,,0.01935204491019249,0.0,0.0,,0.0,0.0019069688860327005,,,,0.0,0.0,0.0,0.0,0.0,7.387471123365685e-05,,,,0.007764055393636227,0.0,,0.0,,0.0,0.0,0.0,0.0,,,0.0,0.0,,,0.0,,0.0,,0.0,0.0,0.0,0.0,0.0,0.0,0.0,,0.0,0.010640541091561317,0.0,0.0,0.0,,,0.0,0.0,0.0,0.0,0.004161264281719923,0.0073729087598621845,,,,0.007771022617816925,0.0,0.0,0.0,,,0.008342444896697998,0.0,0.0,,0.0,,,,,0.0,0.013751369901001453,0.0,,0.0,,,0.0,,0.006028351373970509,0.0,0.0,0.0,,0.006963010877370834,0.0,,0.0,0.0,0.0,0.0,0.0,,0.0025301980786025524,0.0,0.0,,0.0,0.0,0.0,0.0,0.0,0.0,0.0,,0.0009805925656110048,0.0,0.0,0.007419695612043142,0.0,0.0,0.0,,0.0,0.0,0.0,0.010489208623766899,0.0,0.0,0.0,0.0,0.0,0.0,0.00028485566144809127,0.0,0.0,0.0,,0.0,0.0,0.0,0.0,0.0,0.0,0.0,0.0,0.0,0.004446286242455244,0.0,0.0,0.0,,0.0,0.006903916597366333,,0.0032303640618920326,0.0,0.0,0.0,0.0,0.0,0.007855664007365704,0.0,0.0,0.0,0.011428353376686573,0.0,0.014265907928347588,0.0,0.0,0.0,0.0,0.0,0.0,0.0,0.0,0.0,0.0,0.0,0.0,0.0071387211792171,0.0,0.0,0.0,0.010663309134542942,0.009583434090018272,0.0,0.00991410668939352,0.0,0.0,0.0,0.019269602373242378,0.0,0.0,0.0,0.0,0.0,0.0,0.0,0.0,0.004451911896467209,0.0,0.0,0.0,0.0,0.0,0.015617968514561653,0.0,0.008543897420167923,0.0,0.0,0.017431413754820824,0.0,0.0,0.0,0.0,0.0,0.011158911511301994,0.0,0.006921166554093361,0.0,0.013884417712688446,0.0,0.0,0.0,0.0,0.0,0.017269155010581017,0.0,0.00583390099927783,0.0,0.0,,,,,,,,,,,,,,,,,,,,,,,,,,,,,,,,,,,,,,,,,,,,,,,,,,,,,,,,,,,,,,,,,,,,,,,,,,,,,,,,,,,,,,,,,,,,,,,,,,,,,,,,,,,,,,,,,,,,,,,,,,,,,,
2021-09-28,829173.7684453732,648.3678495646069,,,,,,,,,,,76494.84123570709,,1039061.7711000025,,,,,,,,,,,,,,,,,,,,,,,,,,,,,,,,,,,,,,,,,,,3553.301280384391,,,,,,,,,,,,,,,,,,,,,,22156.280331260397,9060.698315820708,4032.3384669051707,7421.891063893989,5823.641933535076,32569.14701271831,29301.09242138723,8453.742767123378,34809.518097284876,,,,,,,,,,,,,,,,,,,,,,,,,,,,,,,,,,,,0.007672586012631655,0.0,0.0,0.01092440728098154,0.0,0.0,0.0,0.0,0.0,0.0,0.0,0.0,0.0,0.0,0.0,0.0,,0.0,,0.0,,0.0,0.0,0.0,0.010507198981940746,0.0,,0.0,0.0,0.010712611488997936,0.0,0.012846814468502998,0.0,,0.0,,,,0.0,0.0,0.0,,0.0,0.0,0.0012285824632272124,0.009027548134326935,0.0,,,0.0,,0.0,0.0,0.0,0.0,0.0,0.0,0.0,0.0,0.006439491640776396,0.015234255231916904,0.0,0.0,0.0,,0.011381476186215878,0.0,0.0,0.0,0.015055594965815544,,0.0005889178719371557,0.0,,0.0,0.0,0.0,0.0,,0.0,0.0,0.0,,0.0,,0.0,0.0,,0.0,,0.0,0.0,0.0030229962430894375,0.01743323914706707,0.0,0.012673601508140564,0.0,0.016194811090826988,0.0,,,0.009300514124333858,0.0,,,,,0.0,0.0,0.0,0.0,0.0,0.0,0.0,0.0,0.0,,0.012146583758294582,0.0019998527131974697,0.0,,0.019029388204216957,0.0,0.0015352413756772876,0.0,0.0,0.0,,0.002669151872396469,,0.014855947345495224,0.0,0.0,0.01175154373049736,,0.0,0.0,,0.0,0.0,0.0,0.0,0.0,0.0001421356719220057,0.0011042432161048055,0.0,0.0,0.0046468619257211685,0.003770541399717331,0.0,0.0012880248250439763,,0.02132318913936615,0.0,0.004850889090448618,0.0,,0.0,0.007785265799611807,0.0,0.0,0.0,0.0,0.0061191171407699585,0.0,0.0,0.0,,0.015078713186085224,0.0,0.0,,,,0.006918592378497124,0.002163069089874625,,0.0,0.0,0.0,0.0,,0.0,,0.0,0.0,0.013318006880581379,0.0,0.0,0.0,,,,0.0,0.01897398941218853,0.0,0.0,0.0,,0.0,0.008289680816233158,0.007186546456068754,0.0,,0.0,0.015495573170483112,0.0,0.0,0.0,,0.002988440217450261,0.0071138362400233746,0.006663523148745298,0.0,,0.0029522741679102182,0.007444577291607857,0.00870683416724205,0.0,0.015951599925756454,0.0,,0.0,0.0,0.0,0.0,0.0,0.0,,0.0,,0.005740217864513397,0.007723913062363863,0.0016765532782301307,0.0,0.0,0.0,0.0,,0.0,0.011521018110215664,0.0028374833054840565,,,0.0,0.0,0.0,0.0,0.0,0.0,0.0,0.0,0.0,,0.0,0.0,0.0014217449352145195,,0.0,0.0,0.0,0.015036061406135559,0.0,0.0,0.0,,,0.0,0.002523822244256735,0.0,0.0,0.0,,0.012212172150611877,,0.010441260412335396,0.0,,0.0,0.0001980172237381339,0.0,0.0,,,0.0,0.009777898900210857,,0.011562291532754898,0.0,,,0.0,0.021612513810396194,0.0,0.0,0.0,0.0,0.0,,,0.0,0.0,0.0,0.0,0.0,,,0.0,0.0,0.0,,0.0,0.0,,0.0,0.0,0.010721533559262753,,0.0,0.0,0.0,0.0,,0.0,0.0,,0.0,0.0,0.0,0.000222572882194072,0.004138255026191473,0.0,0.0,0.0,0.0,0.0,0.0,0.0,0.0,,0.01636638306081295,,0.0,0.013081780634820461,0.00596213573589921,0.0,0.0,0.0,0.00783260352909565,0.013072560541331768,0.0,0.01504174992442131,0.0,,0.0,,0.0,0.007702955510467291,0.0,,0.0,0.0,0.0,0.0064319828525185585,0.0,0.0,0.0,0.0,0.006455377209931612,0.002276746090501547,0.0,,,0.0,0.0,0.0,,,,0.0,0.0,,0.0,,0.0,,0.0,,,0.0,,,,,0.0,,0.0,0.009475049562752247,0.0,,0.0,0.0,0.0006172159337438643,,0.011276694014668465,0.0,,0.0,0.008886725641787052,0.0,,,0.0,,0.01935204491019249,0.0,0.0,,0.0,0.0019069688860327005,,,,0.0,0.0,0.0,0.0,0.0,7.387471123365685e-05,,,,0.007764055393636227,0.0,,0.0,,0.0,0.0,0.0,0.0,,,0.0,0.0,,,0.0,,0.0,,0.0,0.0,0.0,0.0,0.0,0.0,0.0,,0.0,0.010640541091561317,0.0,0.0,0.0,,,0.0,0.0,0.0,0.0,0.004161264281719923,0.0073729087598621845,,,,0.007771022617816925,0.0,0.0,0.0,,,0.008342444896697998,0.0,0.0,,0.0,,,,,0.0,0.013751369901001453,0.0,,0.0,,,0.0,,0.006028351373970509,0.0,0.0,0.0,,0.006963010877370834,0.0,,0.0,0.0,0.0,0.0,0.0,,0.0025301980786025524,0.0,0.0,,0.0,0.0,0.0,0.0,0.0,0.0,0.0,,0.0009805925656110048,0.0,0.0,0.007419695612043142,0.0,0.0,0.0,,0.0,0.0,0.0,0.010489208623766899,0.0,0.0,0.0,0.0,0.0,0.0,0.00028485566144809127,0.0,0.0,0.0,,0.0,0.0,0.0,0.0,0.0,0.0,0.0,0.0,0.0,0.004446286242455244,0.0,0.0,0.0,,0.0,0.006903916597366333,,0.0032303640618920326,0.0,0.0,0.0,0.0,0.0,0.007855664007365704,0.0,0.0,0.0,0.011428353376686573,0.0,0.014265907928347588,0.0,0.0,0.0,0.0,0.0,0.0,0.0,0.0,0.0,0.0,0.0,0.0,0.0071387211792171,0.0,0.0,0.0,0.010663309134542942,0.009583434090018272,0.0,0.00991410668939352,0.0,0.0,0.0,0.019269602373242378,0.0,0.0,0.0,0.0,0.0,0.0,0.0,0.0,0.004451911896467209,0.0,0.0,0.0,0.0,0.0,0.015617968514561653,0.0,0.008543897420167923,0.0,0.0,0.017431413754820824,0.0,0.0,0.0,0.0,0.0,0.011158911511301994,0.0,0.006921166554093361,0.0,0.013884417712688446,0.0,0.0,0.0,0.0,0.0,0.017269155010581017,0.0,0.00583390099927783,0.0,0.0,,,,,,,,,,,,,,,,,,,,,,,,,,,,,,,,,,,,,,,,,,,,,,,,,,,,,,,,,,,,,,,,,,,,,,,,,,,,,,,,,,,,,,,,,,,,,,,,,,,,,,,,,,,,,,,,,,,,,,,,,,,,,,
2021-09-29,806011.7898804212,941.4248912894941,,,,,,,,,,,76494.84123570709,,1039061.7711000025,,,,,,,,,,,,,,,,,,,,,,,,,,,,,,,,,,,,,,,,,,,3553.301280384391,,,,,,,,,,,,,,,,,,,,,,22156.280331260397,8956.165964981432,4032.3384669051707,7421.891063893989,5823.641933535076,33094.42092723364,29391.086611230498,8387.539414269899,34809.518097284876,,,,,,,,,,,,,,,,,,,,,,,,,,,,,,,,,,,,0.007672586012631655,0.0,0.0,0.01092440728098154,0.0,0.0,0.0,0.0,0.0,0.0,0.0,0.0,0.0,0.0,0.0,0.0,,0.0,,0.0,,0.0,0.0,0.0,0.010507198981940746,0.0,,0.0,0.0,0.010712611488997936,0.0,0.012846814468502998,0.0,,0.0,,,,0.0,0.0,0.0,,0.0,0.0,0.0012285824632272124,0.009027548134326935,0.0,,,0.0,,0.0,0.0,0.0,0.0,0.0,0.0,0.0,0.0,0.006439491640776396,0.015234255231916904,0.0,0.0,0.0,,0.011381476186215878,0.0,0.0,0.0,0.015055594965815544,,0.0005889178719371557,0.0,,0.0,0.0,0.0,0.0,,0.0,0.0,0.0,,0.0,,0.0,0.0,,0.0,,0.0,0.0,0.0030229962430894375,0.01743323914706707,0.0,0.012673601508140564,0.0,0.016194811090826988,0.0,,,0.009300514124333858,0.0,,,,,0.0,0.0,0.0,0.0,0.0,0.0,0.0,0.0,0.0,,0.012146583758294582,0.0019998527131974697,0.0,,0.019029388204216957,0.0,0.0015352413756772876,0.0,0.0,0.0,,0.002669151872396469,,0.014855947345495224,0.0,0.0,0.01175154373049736,,0.0,0.0,,0.0,0.0,0.0,0.0,0.0,0.0001421356719220057,0.0011042432161048055,0.0,0.0,0.0046468619257211685,0.003770541399717331,0.0,0.0012880248250439763,,0.02132318913936615,0.0,0.004850889090448618,0.0,,0.0,0.007785265799611807,0.0,0.0,0.0,0.0,0.0061191171407699585,0.0,0.0,0.0,,0.015078713186085224,0.0,0.0,,,,0.006918592378497124,0.002163069089874625,,0.0,0.0,0.0,0.0,,0.0,,0.0,0.0,0.013318006880581379,0.0,0.0,0.0,,,,0.0,0.01897398941218853,0.0,0.0,0.0,,0.0,0.008289680816233158,0.007186546456068754,0.0,,0.0,0.015495573170483112,0.0,0.0,0.0,,0.002988440217450261,0.0071138362400233746,0.006663523148745298,0.0,,0.0029522741679102182,0.007444577291607857,0.00870683416724205,0.0,0.015951599925756454,0.0,,0.0,0.0,0.0,0.0,0.0,0.0,,0.0,,0.005740217864513397,0.007723913062363863,0.0016765532782301307,0.0,0.0,0.0,0.0,,0.0,0.011521018110215664,0.0028374833054840565,,,0.0,0.0,0.0,0.0,0.0,0.0,0.0,0.0,0.0,,0.0,0.0,0.0014217449352145195,,0.0,0.0,0.0,0.015036061406135559,0.0,0.0,0.0,,,0.0,0.002523822244256735,0.0,0.0,0.0,,0.012212172150611877,,0.010441260412335396,0.0,,0.0,0.0001980172237381339,0.0,0.0,,,0.0,0.009777898900210857,,0.011562291532754898,0.0,,,0.0,0.021612513810396194,0.0,0.0,0.0,0.0,0.0,,,0.0,0.0,0.0,0.0,0.0,,,0.0,0.0,0.0,,0.0,0.0,,0.0,0.0,0.010721533559262753,,0.0,0.0,0.0,0.0,,0.0,0.0,,0.0,0.0,0.0,0.000222572882194072,0.004138255026191473,0.0,0.0,0.0,0.0,0.0,0.0,0.0,0.0,,0.01636638306081295,,0.0,0.013081780634820461,0.00596213573589921,0.0,0.0,0.0,0.00783260352909565,0.013072560541331768,0.0,0.01504174992442131,0.0,,0.0,,0.0,0.007702955510467291,0.0,,0.0,0.0,0.0,0.0064319828525185585,0.0,0.0,0.0,0.0,0.006455377209931612,0.002276746090501547,0.0,,,0.0,0.0,0.0,,,,0.0,0.0,,0.0,,0.0,,0.0,,,0.0,,,,,0.0,,0.0,0.009475049562752247,0.0,,0.0,0.0,0.0006172159337438643,,0.011276694014668465,0.0,,0.0,0.008886725641787052,0.0,,,0.0,,0.01935204491019249,0.0,0.0,,0.0,0.0019069688860327005,,,,0.0,0.0,0.0,0.0,0.0,7.387471123365685e-05,,,,0.007764055393636227,0.0,,0.0,,0.0,0.0,0.0,0.0,,,0.0,0.0,,,0.0,,0.0,,0.0,0.0,0.0,0.0,0.0,0.0,0.0,,0.0,0.010640541091561317,0.0,0.0,0.0,,,0.0,0.0,0.0,0.0,0.004161264281719923,0.0073729087598621845,,,,0.007771022617816925,0.0,0.0,0.0,,,0.008342444896697998,0.0,0.0,,0.0,,,,,0.0,0.013751369901001453,0.0,,0.0,,,0.0,,0.006028351373970509,0.0,0.0,0.0,,0.006963010877370834,0.0,,0.0,0.0,0.0,0.0,0.0,,0.0025301980786025524,0.0,0.0,,0.0,0.0,0.0,0.0,0.0,0.0,0.0,,0.0009805925656110048,0.0,0.0,0.007419695612043142,0.0,0.0,0.0,,0.0,0.0,0.0,0.010489208623766899,0.0,0.0,0.0,0.0,0.0,0.0,0.00028485566144809127,0.0,0.0,0.0,,0.0,0.0,0.0,0.0,0.0,0.0,0.0,0.0,0.0,0.004446286242455244,0.0,0.0,0.0,,0.0,0.006903916597366333,,0.0032303640618920326,0.0,0.0,0.0,0.0,0.0,0.007855664007365704,0.0,0.0,0.0,0.011428353376686573,0.0,0.014265907928347588,0.0,0.0,0.0,0.0,0.0,0.0,0.0,0.0,0.0,0.0,0.0,0.0,0.0071387211792171,0.0,0.0,0.0,0.010663309134542942,0.009583434090018272,0.0,0.00991410668939352,0.0,0.0,0.0,0.019269602373242378,0.0,0.0,0.0,0.0,0.0,0.0,0.0,0.0,0.004451911896467209,0.0,0.0,0.0,0.0,0.0,0.015617968514561653,0.0,0.008543897420167923,0.0,0.0,0.017431413754820824,0.0,0.0,0.0,0.0,0.0,0.011158911511301994,0.0,0.006921166554093361,0.0,0.013884417712688446,0.0,0.0,0.0,0.0,0.0,0.017269155010581017,0.0,0.00583390099927783,0.0,0.0,,,,,,,,,,,,,,,,,,,,,,,,,,,,,,,,,,,,,,,,,,,,,,,,,,,,,,,,,,,,,,,,,,,,,,,,,,,,,,,,,,,,,,,,,,,,,,,,,,,,,,,,,,,,,,,,,,,,,,,,,,,,,,
2021-09-30,815863.5863097694,740.1694891213008,,,,,,,,,,,76494.84123570709,,1039061.7711000025,,,,,,,,,,,,,,,,,,,,,,,,,,,,,,,,,,,,,,,,,,,3553.301280384391,,,,,,,,,,,,,,,,,,,,,,22156.280331260397,9060.178641503728,4032.3384669051707,7421.891063893989,5823.641933535076,33094.42092723364,28684.153136945482,8321.809626679938,35930.86223587339,,,,,,,,,,,,,,,,,,,,,,,,,,,,,,,,,,,,0.007672586012631655,0.0,0.0,0.01092440728098154,0.0,0.0,0.0,0.0,0.0,0.0,0.0,0.0,0.0,0.0,0.0,0.0,,0.0,,0.0,,0.0,0.0,0.0,0.010507198981940746,0.0,,0.0,0.0,0.010712611488997936,0.0,0.012846814468502998,0.0,,0.0,,,,0.0,0.0,0.0,,0.0,0.0,0.0012285824632272124,0.009027548134326935,0.0,,,0.0,,0.0,0.0,0.0,0.0,0.0,0.0,0.0,0.0,0.006439491640776396,0.015234255231916904,0.0,0.0,0.0,,0.011381476186215878,0.0,0.0,0.0,0.015055594965815544,,0.0005889178719371557,0.0,,0.0,0.0,0.0,0.0,,0.0,0.0,0.0,,0.0,,0.0,0.0,,0.0,,0.0,0.0,0.0030229962430894375,0.01743323914706707,0.0,0.012673601508140564,0.0,0.016194811090826988,0.0,,,0.009300514124333858,0.0,,,,,0.0,0.0,0.0,0.0,0.0,0.0,0.0,0.0,0.0,,0.012146583758294582,0.0019998527131974697,0.0,,0.019029388204216957,0.0,0.0015352413756772876,0.0,0.0,0.0,,0.002669151872396469,,0.014855947345495224,0.0,0.0,0.01175154373049736,,0.0,0.0,,0.0,0.0,0.0,0.0,0.0,0.0001421356719220057,0.0011042432161048055,0.0,0.0,0.0046468619257211685,0.003770541399717331,0.0,0.0012880248250439763,,0.02132318913936615,0.0,0.004850889090448618,0.0,,0.0,0.007785265799611807,0.0,0.0,0.0,0.0,0.0061191171407699585,0.0,0.0,0.0,,0.015078713186085224,0.0,0.0,,,,0.006918592378497124,0.002163069089874625,,0.0,0.0,0.0,0.0,,0.0,,0.0,0.0,0.013318006880581379,0.0,0.0,0.0,,,,0.0,0.01897398941218853,0.0,0.0,0.0,,0.0,0.008289680816233158,0.007186546456068754,0.0,,0.0,0.015495573170483112,0.0,0.0,0.0,,0.002988440217450261,0.0071138362400233746,0.006663523148745298,0.0,,0.0029522741679102182,0.007444577291607857,0.00870683416724205,0.0,0.015951599925756454,0.0,,0.0,0.0,0.0,0.0,0.0,0.0,,0.0,,0.005740217864513397,0.007723913062363863,0.0016765532782301307,0.0,0.0,0.0,0.0,,0.0,0.011521018110215664,0.0028374833054840565,,,0.0,0.0,0.0,0.0,0.0,0.0,0.0,0.0,0.0,,0.0,0.0,0.0014217449352145195,,0.0,0.0,0.0,0.015036061406135559,0.0,0.0,0.0,,,0.0,0.002523822244256735,0.0,0.0,0.0,,0.012212172150611877,,0.010441260412335396,0.0,,0.0,0.0001980172237381339,0.0,0.0,,,0.0,0.009777898900210857,,0.011562291532754898,0.0,,,0.0,0.021612513810396194,0.0,0.0,0.0,0.0,0.0,,,0.0,0.0,0.0,0.0,0.0,,,0.0,0.0,0.0,,0.0,0.0,,0.0,0.0,0.010721533559262753,,0.0,0.0,0.0,0.0,,0.0,0.0,,0.0,0.0,0.0,0.000222572882194072,0.004138255026191473,0.0,0.0,0.0,0.0,0.0,0.0,0.0,0.0,,0.01636638306081295,,0.0,0.013081780634820461,0.00596213573589921,0.0,0.0,0.0,0.00783260352909565,0.013072560541331768,0.0,0.01504174992442131,0.0,,0.0,,0.0,0.007702955510467291,0.0,,0.0,0.0,0.0,0.0064319828525185585,0.0,0.0,0.0,0.0,0.006455377209931612,0.002276746090501547,0.0,,,0.0,0.0,0.0,,,,0.0,0.0,,0.0,,0.0,,0.0,,,0.0,,,,,0.0,,0.0,0.009475049562752247,0.0,,0.0,0.0,0.0006172159337438643,,0.011276694014668465,0.0,,0.0,0.008886725641787052,0.0,,,0.0,,0.01935204491019249,0.0,0.0,,0.0,0.0019069688860327005,,,,0.0,0.0,0.0,0.0,0.0,7.387471123365685e-05,,,,0.007764055393636227,0.0,,0.0,,0.0,0.0,0.0,0.0,,,0.0,0.0,,,0.0,,0.0,,0.0,0.0,0.0,0.0,0.0,0.0,0.0,,0.0,0.010640541091561317,0.0,0.0,0.0,,,0.0,0.0,0.0,0.0,0.004161264281719923,0.0073729087598621845,,,,0.007771022617816925,0.0,0.0,0.0,,,0.008342444896697998,0.0,0.0,,0.0,,,,,0.0,0.013751369901001453,0.0,,0.0,,,0.0,,0.006028351373970509,0.0,0.0,0.0,,0.006963010877370834,0.0,,0.0,0.0,0.0,0.0,0.0,,0.0025301980786025524,0.0,0.0,,0.0,0.0,0.0,0.0,0.0,0.0,0.0,,0.0009805925656110048,0.0,0.0,0.007419695612043142,0.0,0.0,0.0,,0.0,0.0,0.0,0.010489208623766899,0.0,0.0,0.0,0.0,0.0,0.0,0.00028485566144809127,0.0,0.0,0.0,,0.0,0.0,0.0,0.0,0.0,0.0,0.0,0.0,0.0,0.004446286242455244,0.0,0.0,0.0,,0.0,0.006903916597366333,,0.0032303640618920326,0.0,0.0,0.0,0.0,0.0,0.007855664007365704,0.0,0.0,0.0,0.011428353376686573,0.0,0.014265907928347588,0.0,0.0,0.0,0.0,0.0,0.0,0.0,0.0,0.0,0.0,0.0,0.0,0.0071387211792171,0.0,0.0,0.0,0.010663309134542942,0.009583434090018272,0.0,0.00991410668939352,0.0,0.0,0.0,0.019269602373242378,0.0,0.0,0.0,0.0,0.0,0.0,0.0,0.0,0.004451911896467209,0.0,0.0,0.0,0.0,0.0,0.015617968514561653,0.0,0.008543897420167923,0.0,0.0,0.017431413754820824,0.0,0.0,0.0,0.0,0.0,0.011158911511301994,0.0,0.006921166554093361,0.0,0.013884417712688446,0.0,0.0,0.0,0.0,0.0,0.017269155010581017,0.0,0.00583390099927783,0.0,0.0,,,,,,,,,,,,,,,,,,,,,,,,,,,,,,,,,,,,,,,,,,,,,,,,,,,,,,,,,,,,,,,,,,,,,,,,,,,,,,,,,,,,,,,,,,,,,,,,,,,,,,,,,,,,,,,,,,,,,,,,,,,,,,
2021-10-08,824122.7026090062,164.76749821270454,,,,,,,,,,,76494.84123570709,,1039061.7711000025,,,,,,,,,,,,,,,,,,,,,,,,,,,,,,,,,,,,,,,,,,,3553.301280384391,,,,,,,,,,,,,,,,,,,,,,22156.280331260397,8956.083131069845,4032.3384669051707,7421.891063893989,5823.733743862456,33619.653237480175,28859.07319522292,8321.809626679938,35930.86223587339,,,,,,,,,,,,,,,,,,,,,,,,,,,,,,,,,,,,0.007672586012631655,0.0,0.0,0.01092440728098154,0.0,0.0,0.0,0.0,0.0,0.0,0.0,0.0,0.0,0.0,0.0,0.0,,0.0,,0.0,,0.0,0.0,0.0,0.010507198981940746,0.0,,0.0,0.0,0.010712611488997936,0.0,0.012846814468502998,0.0,,0.0,,,,0.0,0.0,0.0,,0.0,0.0,0.0012285824632272124,0.009027548134326935,0.0,,,0.0,,0.0,0.0,0.0,0.0,0.0,0.0,0.0,0.0,0.006439491640776396,0.015234255231916904,0.0,0.0,0.0,,0.011381476186215878,0.0,0.0,0.0,0.015055594965815544,,0.0005889178719371557,0.0,,0.0,0.0,0.0,0.0,,0.0,0.0,0.0,,0.0,,0.0,0.0,,0.0,,0.0,0.0,0.0030229962430894375,0.01743323914706707,0.0,0.012673601508140564,0.0,0.016194811090826988,0.0,,,0.009300514124333858,0.0,,,,,0.0,0.0,0.0,0.0,0.0,0.0,0.0,0.0,0.0,,0.012146583758294582,0.0019998527131974697,0.0,,0.019029388204216957,0.0,0.0015352413756772876,0.0,0.0,0.0,,0.002669151872396469,,0.014855947345495224,0.0,0.0,0.01175154373049736,,0.0,0.0,,0.0,0.0,0.0,0.0,0.0,0.0001421356719220057,0.0011042432161048055,0.0,0.0,0.0046468619257211685,0.003770541399717331,0.0,0.0012880248250439763,,0.02132318913936615,0.0,0.004850889090448618,0.0,,0.0,0.007785265799611807,0.0,0.0,0.0,0.0,0.0061191171407699585,0.0,0.0,0.0,,0.015078713186085224,0.0,0.0,,,,0.006918592378497124,0.002163069089874625,,0.0,0.0,0.0,0.0,,0.0,,0.0,0.0,0.013318006880581379,0.0,0.0,0.0,,,,0.0,0.01897398941218853,0.0,0.0,0.0,,0.0,0.008289680816233158,0.007186546456068754,0.0,,0.0,0.015495573170483112,0.0,0.0,0.0,,0.002988440217450261,0.0071138362400233746,0.006663523148745298,0.0,,0.0029522741679102182,0.007444577291607857,0.00870683416724205,0.0,0.015951599925756454,0.0,,0.0,0.0,0.0,0.0,0.0,0.0,,0.0,,0.005740217864513397,0.007723913062363863,0.0016765532782301307,0.0,0.0,0.0,0.0,,0.0,0.011521018110215664,0.0028374833054840565,,,0.0,0.0,0.0,0.0,0.0,0.0,0.0,0.0,0.0,,0.0,0.0,0.0014217449352145195,,0.0,0.0,0.0,0.015036061406135559,0.0,0.0,0.0,,,0.0,0.002523822244256735,0.0,0.0,0.0,,0.012212172150611877,,0.010441260412335396,0.0,,0.0,0.0001980172237381339,0.0,0.0,,,0.0,0.009777898900210857,,0.011562291532754898,0.0,,,0.0,0.021612513810396194,0.0,0.0,0.0,0.0,0.0,,,0.0,0.0,0.0,0.0,0.0,,,0.0,0.0,0.0,,0.0,0.0,,0.0,0.0,0.010721533559262753,,0.0,0.0,0.0,0.0,,0.0,0.0,,0.0,0.0,0.0,0.000222572882194072,0.004138255026191473,0.0,0.0,0.0,0.0,0.0,0.0,0.0,0.0,,0.01636638306081295,,0.0,0.013081780634820461,0.00596213573589921,0.0,0.0,0.0,0.00783260352909565,0.013072560541331768,0.0,0.01504174992442131,0.0,,0.0,,0.0,0.007702955510467291,0.0,,0.0,0.0,0.0,0.0064319828525185585,0.0,0.0,0.0,0.0,0.006455377209931612,0.002276746090501547,0.0,,,0.0,0.0,0.0,,,,0.0,0.0,,0.0,,0.0,,0.0,,,0.0,,,,,0.0,,0.0,0.009475049562752247,0.0,,0.0,0.0,0.0006172159337438643,,0.011276694014668465,0.0,,0.0,0.008886725641787052,0.0,,,0.0,,0.01935204491019249,0.0,0.0,,0.0,0.0019069688860327005,,,,0.0,0.0,0.0,0.0,0.0,7.387471123365685e-05,,,,0.007764055393636227,0.0,,0.0,,0.0,0.0,0.0,0.0,,,0.0,0.0,,,0.0,,0.0,,0.0,0.0,0.0,0.0,0.0,0.0,0.0,,0.0,0.010640541091561317,0.0,0.0,0.0,,,0.0,0.0,0.0,0.0,0.004161264281719923,0.0073729087598621845,,,,0.007771022617816925,0.0,0.0,0.0,,,0.008342444896697998,0.0,0.0,,0.0,,,,,0.0,0.013751369901001453,0.0,,0.0,,,0.0,,0.006028351373970509,0.0,0.0,0.0,,0.006963010877370834,0.0,,0.0,0.0,0.0,0.0,0.0,,0.0025301980786025524,0.0,0.0,,0.0,0.0,0.0,0.0,0.0,0.0,0.0,,0.0009805925656110048,0.0,0.0,0.007419695612043142,0.0,0.0,0.0,,0.0,0.0,0.0,0.010489208623766899,0.0,0.0,0.0,0.0,0.0,0.0,0.00028485566144809127,0.0,0.0,0.0,,0.0,0.0,0.0,0.0,0.0,0.0,0.0,0.0,0.0,0.004446286242455244,0.0,0.0,0.0,,0.0,0.006903916597366333,,0.0032303640618920326,0.0,0.0,0.0,0.0,0.0,0.007855664007365704,0.0,0.0,0.0,0.011428353376686573,0.0,0.014265907928347588,0.0,0.0,0.0,0.0,0.0,0.0,0.0,0.0,0.0,0.0,0.0,0.0,0.0071387211792171,0.0,0.0,0.0,0.010663309134542942,0.009583434090018272,0.0,0.00991410668939352,0.0,0.0,0.0,0.019269602373242378,0.0,0.0,0.0,0.0,0.0,0.0,0.0,0.0,0.004451911896467209,0.0,0.0,0.0,0.0,0.0,0.015617968514561653,0.0,0.008543897420167923,0.0,0.0,0.017431413754820824,0.0,0.0,0.0,0.0,0.0,0.011158911511301994,0.0,0.006921166554093361,0.0,0.013884417712688446,0.0,0.0,0.0,0.0,0.0,0.017269155010581017,0.0,0.00583390099927783,0.0,0.0,,,,,,,,,,,,,,,,,,,,,,,,,,,,,,,,,,,,,,,,,,,,,,,,,,,,,,,,,,,,,,,,,,,,,,,,,,,,,,,,,,,,,,,,,,,,,,,,,,,,,,,,,,,,,,,,,,,,,,,,,,,,,,
2021-10-11,813662.0152992476,350.1100090482368,,,,,,,,,,,76494.84123570709,,1039061.7711000025,,,,,,,,,,,,,,,,,,,,,,,,,,,,,,,,,,,,,,,,,,,3553.301280384391,,,,,,,,,,,,,,,,,,,,,,22156.280331260397,8852.277265090646,4032.3384669051707,7421.891063893989,5823.733743862456,34144.97205253312,28778.96736988785,8321.809626679938,35930.86223587339,,,,,,,,,,,,,,,,,,,,,,,,,,,,,,,,,,,,0.007672586012631655,0.0,0.0,0.01092440728098154,0.0,0.0,0.0,0.0,0.0,0.0,0.0,0.0,0.0,0.0,0.0,0.0,,0.0,,0.0,,0.0,0.0,0.0,0.010507198981940746,0.0,,0.0,0.0,0.010712611488997936,0.0,0.012846814468502998,0.0,,0.0,,,,0.0,0.0,0.0,,0.0,0.0,0.0012285824632272124,0.009027548134326935,0.0,,,0.0,,0.0,0.0,0.0,0.0,0.0,0.0,0.0,0.0,0.006439491640776396,0.015234255231916904,0.0,0.0,0.0,,0.011381476186215878,0.0,0.0,0.0,0.015055594965815544,,0.0005889178719371557,0.0,,0.0,0.0,0.0,0.0,,0.0,0.0,0.0,,0.0,,0.0,0.0,,0.0,,0.0,0.0,0.0030229962430894375,0.01743323914706707,0.0,0.012673601508140564,0.0,0.016194811090826988,0.0,,,0.009300514124333858,0.0,,,,,0.0,0.0,0.0,0.0,0.0,0.0,0.0,0.0,0.0,,0.012146583758294582,0.0019998527131974697,0.0,,0.019029388204216957,0.0,0.0015352413756772876,0.0,0.0,0.0,,0.002669151872396469,,0.014855947345495224,0.0,0.0,0.01175154373049736,,0.0,0.0,,0.0,0.0,0.0,0.0,0.0,0.0001421356719220057,0.0011042432161048055,0.0,0.0,0.0046468619257211685,0.003770541399717331,0.0,0.0012880248250439763,,0.02132318913936615,0.0,0.004850889090448618,0.0,,0.0,0.007785265799611807,0.0,0.0,0.0,0.0,0.0061191171407699585,0.0,0.0,0.0,,0.015078713186085224,0.0,0.0,,,,0.006918592378497124,0.002163069089874625,,0.0,0.0,0.0,0.0,,0.0,,0.0,0.0,0.013318006880581379,0.0,0.0,0.0,,,,0.0,0.01897398941218853,0.0,0.0,0.0,,0.0,0.008289680816233158,0.007186546456068754,0.0,,0.0,0.015495573170483112,0.0,0.0,0.0,,0.002988440217450261,0.0071138362400233746,0.006663523148745298,0.0,,0.0029522741679102182,0.007444577291607857,0.00870683416724205,0.0,0.015951599925756454,0.0,,0.0,0.0,0.0,0.0,0.0,0.0,,0.0,,0.005740217864513397,0.007723913062363863,0.0016765532782301307,0.0,0.0,0.0,0.0,,0.0,0.011521018110215664,0.0028374833054840565,,,0.0,0.0,0.0,0.0,0.0,0.0,0.0,0.0,0.0,,0.0,0.0,0.0014217449352145195,,0.0,0.0,0.0,0.015036061406135559,0.0,0.0,0.0,,,0.0,0.002523822244256735,0.0,0.0,0.0,,0.012212172150611877,,0.010441260412335396,0.0,,0.0,0.0001980172237381339,0.0,0.0,,,0.0,0.009777898900210857,,0.011562291532754898,0.0,,,0.0,0.021612513810396194,0.0,0.0,0.0,0.0,0.0,,,0.0,0.0,0.0,0.0,0.0,,,0.0,0.0,0.0,,0.0,0.0,,0.0,0.0,0.010721533559262753,,0.0,0.0,0.0,0.0,,0.0,0.0,,0.0,0.0,0.0,0.000222572882194072,0.004138255026191473,0.0,0.0,0.0,0.0,0.0,0.0,0.0,0.0,,0.01636638306081295,,0.0,0.013081780634820461,0.00596213573589921,0.0,0.0,0.0,0.00783260352909565,0.013072560541331768,0.0,0.01504174992442131,0.0,,0.0,,0.0,0.007702955510467291,0.0,,0.0,0.0,0.0,0.0064319828525185585,0.0,0.0,0.0,0.0,0.006455377209931612,0.002276746090501547,0.0,,,0.0,0.0,0.0,,,,0.0,0.0,,0.0,,0.0,,0.0,,,0.0,,,,,0.0,,0.0,0.009475049562752247,0.0,,0.0,0.0,0.0006172159337438643,,0.011276694014668465,0.0,,0.0,0.008886725641787052,0.0,,,0.0,,0.01935204491019249,0.0,0.0,,0.0,0.0019069688860327005,,,,0.0,0.0,0.0,0.0,0.0,7.387471123365685e-05,,,,0.007764055393636227,0.0,,0.0,,0.0,0.0,0.0,0.0,,,0.0,0.0,,,0.0,,0.0,,0.0,0.0,0.0,0.0,0.0,0.0,0.0,,0.0,0.010640541091561317,0.0,0.0,0.0,,,0.0,0.0,0.0,0.0,0.004161264281719923,0.0073729087598621845,,,,0.007771022617816925,0.0,0.0,0.0,,,0.008342444896697998,0.0,0.0,,0.0,,,,,0.0,0.013751369901001453,0.0,,0.0,,,0.0,,0.006028351373970509,0.0,0.0,0.0,,0.006963010877370834,0.0,,0.0,0.0,0.0,0.0,0.0,,0.0025301980786025524,0.0,0.0,,0.0,0.0,0.0,0.0,0.0,0.0,0.0,,0.0009805925656110048,0.0,0.0,0.007419695612043142,0.0,0.0,0.0,,0.0,0.0,0.0,0.010489208623766899,0.0,0.0,0.0,0.0,0.0,0.0,0.00028485566144809127,0.0,0.0,0.0,,0.0,0.0,0.0,0.0,0.0,0.0,0.0,0.0,0.0,0.004446286242455244,0.0,0.0,0.0,,0.0,0.006903916597366333,,0.0032303640618920326,0.0,0.0,0.0,0.0,0.0,0.007855664007365704,0.0,0.0,0.0,0.011428353376686573,0.0,0.014265907928347588,0.0,0.0,0.0,0.0,0.0,0.0,0.0,0.0,0.0,0.0,0.0,0.0,0.0071387211792171,0.0,0.0,0.0,0.010663309134542942,0.009583434090018272,0.0,0.00991410668939352,0.0,0.0,0.0,0.019269602373242378,0.0,0.0,0.0,0.0,0.0,0.0,0.0,0.0,0.004451911896467209,0.0,0.0,0.0,0.0,0.0,0.015617968514561653,0.0,0.008543897420167923,0.0,0.0,0.017431413754820824,0.0,0.0,0.0,0.0,0.0,0.011158911511301994,0.0,0.006921166554093361,0.0,0.013884417712688446,0.0,0.0,0.0,0.0,0.0,0.017269155010581017,0.0,0.00583390099927783,0.0,0.0,,,,,,,,,,,,,,,,,,,,,,,,,,,,,,,,,,,,,,,,,,,,,,,,,,,,,,,,,,,,,,,,,,,,,,,,,,,,,,,,,,,,,,,,,,,,,,,,,,,,,,,,,,,,,,,,,,,,,,,,,,,,,,
2021-10-12,802127.7657947411,373.56487585393575,,,,,,,,,,,76494.84123570709,,1039061.7711000025,,,,,,,,,,,,,,,,,,,,,,,,,,,,,,,,,,,,,,,,,,,3553.301280384391,,,,,,,,,,,,,,,,,,,,,,22156.280331260397,8852.277265090646,4032.3384669051707,7421.891063893989,5823.733743862456,34144.97205253312,28771.60482333861,8321.531175215903,35930.86223587339,,,,,,,,,,,,,,,,,,,,,,,,,,,,,,,,,,,,0.007672586012631655,0.0,0.0,0.01092440728098154,0.0,0.0,0.0,0.0,0.0,0.0,0.0,0.0,0.0,0.0,0.0,0.0,,0.0,,0.0,,0.0,0.0,0.0,0.010507198981940746,0.0,,0.0,0.0,0.010712611488997936,0.0,0.012846814468502998,0.0,,0.0,,,,0.0,0.0,0.0,,0.0,0.0,0.0012285824632272124,0.009027548134326935,0.0,,,0.0,,0.0,0.0,0.0,0.0,0.0,0.0,0.0,0.0,0.006439491640776396,0.015234255231916904,0.0,0.0,0.0,,0.011381476186215878,0.0,0.0,0.0,0.015055594965815544,,0.0005889178719371557,0.0,,0.0,0.0,0.0,0.0,,0.0,0.0,0.0,,0.0,,0.0,0.0,,0.0,,0.0,0.0,0.0030229962430894375,0.01743323914706707,0.0,0.012673601508140564,0.0,0.016194811090826988,0.0,,,0.009300514124333858,0.0,,,,,0.0,0.0,0.0,0.0,0.0,0.0,0.0,0.0,0.0,,0.012146583758294582,0.0019998527131974697,0.0,,0.019029388204216957,0.0,0.0015352413756772876,0.0,0.0,0.0,,0.002669151872396469,,0.014855947345495224,0.0,0.0,0.01175154373049736,,0.0,0.0,,0.0,0.0,0.0,0.0,0.0,0.0001421356719220057,0.0011042432161048055,0.0,0.0,0.0046468619257211685,0.003770541399717331,0.0,0.0012880248250439763,,0.02132318913936615,0.0,0.004850889090448618,0.0,,0.0,0.007785265799611807,0.0,0.0,0.0,0.0,0.0061191171407699585,0.0,0.0,0.0,,0.015078713186085224,0.0,0.0,,,,0.006918592378497124,0.002163069089874625,,0.0,0.0,0.0,0.0,,0.0,,0.0,0.0,0.013318006880581379,0.0,0.0,0.0,,,,0.0,0.01897398941218853,0.0,0.0,0.0,,0.0,0.008289680816233158,0.007186546456068754,0.0,,0.0,0.015495573170483112,0.0,0.0,0.0,,0.002988440217450261,0.0071138362400233746,0.006663523148745298,0.0,,0.0029522741679102182,0.007444577291607857,0.00870683416724205,0.0,0.015951599925756454,0.0,,0.0,0.0,0.0,0.0,0.0,0.0,,0.0,,0.005740217864513397,0.007723913062363863,0.0016765532782301307,0.0,0.0,0.0,0.0,,0.0,0.011521018110215664,0.0028374833054840565,,,0.0,0.0,0.0,0.0,0.0,0.0,0.0,0.0,0.0,,0.0,0.0,0.0014217449352145195,,0.0,0.0,0.0,0.015036061406135559,0.0,0.0,0.0,,,0.0,0.002523822244256735,0.0,0.0,0.0,,0.012212172150611877,,0.010441260412335396,0.0,,0.0,0.0001980172237381339,0.0,0.0,,,0.0,0.009777898900210857,,0.011562291532754898,0.0,,,0.0,0.021612513810396194,0.0,0.0,0.0,0.0,0.0,,,0.0,0.0,0.0,0.0,0.0,,,0.0,0.0,0.0,,0.0,0.0,,0.0,0.0,0.010721533559262753,,0.0,0.0,0.0,0.0,,0.0,0.0,,0.0,0.0,0.0,0.000222572882194072,0.004138255026191473,0.0,0.0,0.0,0.0,0.0,0.0,0.0,0.0,,0.01636638306081295,,0.0,0.013081780634820461,0.00596213573589921,0.0,0.0,0.0,0.00783260352909565,0.013072560541331768,0.0,0.01504174992442131,0.0,,0.0,,0.0,0.007702955510467291,0.0,,0.0,0.0,0.0,0.0064319828525185585,0.0,0.0,0.0,0.0,0.006455377209931612,0.002276746090501547,0.0,,,0.0,0.0,0.0,,,,0.0,0.0,,0.0,,0.0,,0.0,,,0.0,,,,,0.0,,0.0,0.009475049562752247,0.0,,0.0,0.0,0.0006172159337438643,,0.011276694014668465,0.0,,0.0,0.008886725641787052,0.0,,,0.0,,0.01935204491019249,0.0,0.0,,0.0,0.0019069688860327005,,,,0.0,0.0,0.0,0.0,0.0,7.387471123365685e-05,,,,0.007764055393636227,0.0,,0.0,,0.0,0.0,0.0,0.0,,,0.0,0.0,,,0.0,,0.0,,0.0,0.0,0.0,0.0,0.0,0.0,0.0,,0.0,0.010640541091561317,0.0,0.0,0.0,,,0.0,0.0,0.0,0.0,0.004161264281719923,0.0073729087598621845,,,,0.007771022617816925,0.0,0.0,0.0,,,0.008342444896697998,0.0,0.0,,0.0,,,,,0.0,0.013751369901001453,0.0,,0.0,,,0.0,,0.006028351373970509,0.0,0.0,0.0,,0.006963010877370834,0.0,,0.0,0.0,0.0,0.0,0.0,,0.0025301980786025524,0.0,0.0,,0.0,0.0,0.0,0.0,0.0,0.0,0.0,,0.0009805925656110048,0.0,0.0,0.007419695612043142,0.0,0.0,0.0,,0.0,0.0,0.0,0.010489208623766899,0.0,0.0,0.0,0.0,0.0,0.0,0.00028485566144809127,0.0,0.0,0.0,,0.0,0.0,0.0,0.0,0.0,0.0,0.0,0.0,0.0,0.004446286242455244,0.0,0.0,0.0,,0.0,0.006903916597366333,,0.0032303640618920326,0.0,0.0,0.0,0.0,0.0,0.007855664007365704,0.0,0.0,0.0,0.011428353376686573,0.0,0.014265907928347588,0.0,0.0,0.0,0.0,0.0,0.0,0.0,0.0,0.0,0.0,0.0,0.0,0.0071387211792171,0.0,0.0,0.0,0.010663309134542942,0.009583434090018272,0.0,0.00991410668939352,0.0,0.0,0.0,0.019269602373242378,0.0,0.0,0.0,0.0,0.0,0.0,0.0,0.0,0.004451911896467209,0.0,0.0,0.0,0.0,0.0,0.015617968514561653,0.0,0.008543897420167923,0.0,0.0,0.017431413754820824,0.0,0.0,0.0,0.0,0.0,0.011158911511301994,0.0,0.006921166554093361,0.0,0.013884417712688446,0.0,0.0,0.0,0.0,0.0,0.017269155010581017,0.0,0.00583390099927783,0.0,0.0,,,,,,,,,,,,,,,,,,,,,,,,,,,,,,,,,,,,,,,,,,,,,,,,,,,,,,,,,,,,,,,,,,,,,,,,,,,,,,,,,,,,,,,,,,,,,,,,,,,,,,,,,,,,,,,,,,,,,,,,,,,,,,
2021-10-13,804955.1445517371,1253.7009086141484,,,,,,,,,,,76494.84123570709,,1039061.7711000025,,,,,,,,,,,,,,,,,,,,,,,,,,,,,,,,,,,,,,,,,,,3553.374447958324,,,,,,,,,,,,,,,,,,,,,,22156.280331260397,8852.277265090646,4032.3384669051707,7421.891063893989,5823.733743862456,34144.97205253312,28684.153136945482,8255.487276999904,35930.86223587339,,,,,,,,,,,,,,,,,,,,,,,,,,,,,,,,,,,,0.007672586012631655,0.0,0.0,0.01092440728098154,0.0,0.0,0.0,0.0,0.0,0.0,0.0,0.0,0.0,0.0,0.0,0.0,,0.0,,0.0,,0.0,0.0,0.0,0.010507198981940746,0.0,,0.0,0.0,0.010712611488997936,0.0,0.012846814468502998,0.0,,0.0,,,,0.0,0.0,0.0,,0.0,0.0,0.0012285824632272124,0.009027548134326935,0.0,,,0.0,,0.0,0.0,0.0,0.0,0.0,0.0,0.0,0.0,0.006439491640776396,0.015234255231916904,0.0,0.0,0.0,,0.011381476186215878,0.0,0.0,0.0,0.015055594965815544,,0.0005889178719371557,0.0,,0.0,0.0,0.0,0.0,,0.0,0.0,0.0,,0.0,,0.0,0.0,,0.0,,0.0,0.0,0.0030229962430894375,0.01743323914706707,0.0,0.012673601508140564,0.0,0.016194811090826988,0.0,,,0.009300514124333858,0.0,,,,,0.0,0.0,0.0,0.0,0.0,0.0,0.0,0.0,0.0,,0.012146583758294582,0.0019998527131974697,0.0,,0.019029388204216957,0.0,0.0015352413756772876,0.0,0.0,0.0,,0.002669151872396469,,0.014855947345495224,0.0,0.0,0.01175154373049736,,0.0,0.0,,0.0,0.0,0.0,0.0,0.0,0.0001421356719220057,0.0011042432161048055,0.0,0.0,0.0046468619257211685,0.003770541399717331,0.0,0.0012880248250439763,,0.02132318913936615,0.0,0.004850889090448618,0.0,,0.0,0.007785265799611807,0.0,0.0,0.0,0.0,0.0061191171407699585,0.0,0.0,0.0,,0.015078713186085224,0.0,0.0,,,,0.006918592378497124,0.002163069089874625,,0.0,0.0,0.0,0.0,,0.0,,0.0,0.0,0.013318006880581379,0.0,0.0,0.0,,,,0.0,0.01897398941218853,0.0,0.0,0.0,,0.0,0.008289680816233158,0.007186546456068754,0.0,,0.0,0.015495573170483112,0.0,0.0,0.0,,0.002988440217450261,0.0071138362400233746,0.006663523148745298,0.0,,0.0029522741679102182,0.007444577291607857,0.00870683416724205,0.0,0.015951599925756454,0.0,,0.0,0.0,0.0,0.0,0.0,0.0,,0.0,,0.005740217864513397,0.007723913062363863,0.0016765532782301307,0.0,0.0,0.0,0.0,,0.0,0.011521018110215664,0.0028374833054840565,,,0.0,0.0,0.0,0.0,0.0,0.0,0.0,0.0,0.0,,0.0,0.0,0.0014217449352145195,,0.0,0.0,0.0,0.015036061406135559,0.0,0.0,0.0,,,0.0,0.002523822244256735,0.0,0.0,0.0,,0.012212172150611877,,0.010441260412335396,0.0,,0.0,0.0001980172237381339,0.0,0.0,,,0.0,0.009777898900210857,,0.011562291532754898,0.0,,,0.0,0.021612513810396194,0.0,0.0,0.0,0.0,0.0,,,0.0,0.0,0.0,0.0,0.0,,,0.0,0.0,0.0,,0.0,0.0,,0.0,0.0,0.010721533559262753,,0.0,0.0,0.0,0.0,,0.0,0.0,,0.0,0.0,0.0,0.000222572882194072,0.004138255026191473,0.0,0.0,0.0,0.0,0.0,0.0,0.0,0.0,,0.01636638306081295,,0.0,0.013081780634820461,0.00596213573589921,0.0,0.0,0.0,0.00783260352909565,0.013072560541331768,0.0,0.01504174992442131,0.0,,0.0,,0.0,0.007702955510467291,0.0,,0.0,0.0,0.0,0.0064319828525185585,0.0,0.0,0.0,0.0,0.006455377209931612,0.002276746090501547,0.0,,,0.0,0.0,0.0,,,,0.0,0.0,,0.0,,0.0,,0.0,,,0.0,,,,,0.0,,0.0,0.009475049562752247,0.0,,0.0,0.0,0.0006172159337438643,,0.011276694014668465,0.0,,0.0,0.008886725641787052,0.0,,,0.0,,0.01935204491019249,0.0,0.0,,0.0,0.0019069688860327005,,,,0.0,0.0,0.0,0.0,0.0,7.387471123365685e-05,,,,0.007764055393636227,0.0,,0.0,,0.0,0.0,0.0,0.0,,,0.0,0.0,,,0.0,,0.0,,0.0,0.0,0.0,0.0,0.0,0.0,0.0,,0.0,0.010640541091561317,0.0,0.0,0.0,,,0.0,0.0,0.0,0.0,0.004161264281719923,0.0073729087598621845,,,,0.007771022617816925,0.0,0.0,0.0,,,0.008342444896697998,0.0,0.0,,0.0,,,,,0.0,0.013751369901001453,0.0,,0.0,,,0.0,,0.006028351373970509,0.0,0.0,0.0,,0.006963010877370834,0.0,,0.0,0.0,0.0,0.0,0.0,,0.0025301980786025524,0.0,0.0,,0.0,0.0,0.0,0.0,0.0,0.0,0.0,,0.0009805925656110048,0.0,0.0,0.007419695612043142,0.0,0.0,0.0,,0.0,0.0,0.0,0.010489208623766899,0.0,0.0,0.0,0.0,0.0,0.0,0.00028485566144809127,0.0,0.0,0.0,,0.0,0.0,0.0,0.0,0.0,0.0,0.0,0.0,0.0,0.004446286242455244,0.0,0.0,0.0,,0.0,0.006903916597366333,,0.0032303640618920326,0.0,0.0,0.0,0.0,0.0,0.007855664007365704,0.0,0.0,0.0,0.011428353376686573,0.0,0.014265907928347588,0.0,0.0,0.0,0.0,0.0,0.0,0.0,0.0,0.0,0.0,0.0,0.0,0.0071387211792171,0.0,0.0,0.0,0.010663309134542942,0.009583434090018272,0.0,0.00991410668939352,0.0,0.0,0.0,0.019269602373242378,0.0,0.0,0.0,0.0,0.0,0.0,0.0,0.0,0.004451911896467209,0.0,0.0,0.0,0.0,0.0,0.015617968514561653,0.0,0.008543897420167923,0.0,0.0,0.017431413754820824,0.0,0.0,0.0,0.0,0.0,0.011158911511301994,0.0,0.006921166554093361,0.0,0.013884417712688446,0.0,0.0,0.0,0.0,0.0,0.017269155010581017,0.0,0.00583390099927783,0.0,0.0,,,,,,,,,,,,,,,,,,,,,,,,,,,,,,,,,,,,,,,,,,,,,,,,,,,,,,,,,,,,,,,,,,,,,,,,,,,,,,,,,,,,,,,,,,,,,,,,,,,,,,,,,,,,,,,,,,,,,,,,,,,,,,
2021-10-14,808051.2907739255,2900.106754525194,,,,,,,,,,,76494.84123570709,,1039061.7711000025,,,,,,,,,,,,,,,,,,,,,,,,,,,,,,,,,,,,,,,,,,,3454.523676679643,,,,,,,,,,,,,,,,,,,,,,22156.280331260397,8956.421878052235,4032.3384669051707,7421.891063893989,5823.733743862456,34144.97205253312,28601.364841175,8255.504825912014,35930.86223587339,,,,,,,,,,,,,,,,,,,,,,,,,,,,,,,,,,,,0.007672586012631655,0.0,0.0,0.01092440728098154,0.0,0.0,0.0,0.0,0.0,0.0,0.0,0.0,0.0,0.0,0.0,0.0,,0.0,,0.0,,0.0,0.0,0.0,0.010507198981940746,0.0,,0.0,0.0,0.010712611488997936,0.0,0.012846814468502998,0.0,,0.0,,,,0.0,0.0,0.0,,0.0,0.0,0.0012285824632272124,0.009027548134326935,0.0,,,0.0,,0.0,0.0,0.0,0.0,0.0,0.0,0.0,0.0,0.006439491640776396,0.015234255231916904,0.0,0.0,0.0,,0.011381476186215878,0.0,0.0,0.0,0.015055594965815544,,0.0005889178719371557,0.0,,0.0,0.0,0.0,0.0,,0.0,0.0,0.0,,0.0,,0.0,0.0,,0.0,,0.0,0.0,0.0030229962430894375,0.01743323914706707,0.0,0.012673601508140564,0.0,0.016194811090826988,0.0,,,0.009300514124333858,0.0,,,,,0.0,0.0,0.0,0.0,0.0,0.0,0.0,0.0,0.0,,0.012146583758294582,0.0019998527131974697,0.0,,0.019029388204216957,0.0,0.0015352413756772876,0.0,0.0,0.0,,0.002669151872396469,,0.014855947345495224,0.0,0.0,0.01175154373049736,,0.0,0.0,,0.0,0.0,0.0,0.0,0.0,0.0001421356719220057,0.0011042432161048055,0.0,0.0,0.0046468619257211685,0.003770541399717331,0.0,0.0012880248250439763,,0.02132318913936615,0.0,0.004850889090448618,0.0,,0.0,0.007785265799611807,0.0,0.0,0.0,0.0,0.0061191171407699585,0.0,0.0,0.0,,0.015078713186085224,0.0,0.0,,,,0.006918592378497124,0.002163069089874625,,0.0,0.0,0.0,0.0,,0.0,,0.0,0.0,0.013318006880581379,0.0,0.0,0.0,,,,0.0,0.01897398941218853,0.0,0.0,0.0,,0.0,0.008289680816233158,0.007186546456068754,0.0,,0.0,0.015495573170483112,0.0,0.0,0.0,,0.002988440217450261,0.0071138362400233746,0.006663523148745298,0.0,,0.0029522741679102182,0.007444577291607857,0.00870683416724205,0.0,0.015951599925756454,0.0,,0.0,0.0,0.0,0.0,0.0,0.0,,0.0,,0.005740217864513397,0.007723913062363863,0.0016765532782301307,0.0,0.0,0.0,0.0,,0.0,0.011521018110215664,0.0028374833054840565,,,0.0,0.0,0.0,0.0,0.0,0.0,0.0,0.0,0.0,,0.0,0.0,0.0014217449352145195,,0.0,0.0,0.0,0.015036061406135559,0.0,0.0,0.0,,,0.0,0.002523822244256735,0.0,0.0,0.0,,0.012212172150611877,,0.010441260412335396,0.0,,0.0,0.0001980172237381339,0.0,0.0,,,0.0,0.009777898900210857,,0.011562291532754898,0.0,,,0.0,0.021612513810396194,0.0,0.0,0.0,0.0,0.0,,,0.0,0.0,0.0,0.0,0.0,,,0.0,0.0,0.0,,0.0,0.0,,0.0,0.0,0.010721533559262753,,0.0,0.0,0.0,0.0,,0.0,0.0,,0.0,0.0,0.0,0.000222572882194072,0.004138255026191473,0.0,0.0,0.0,0.0,0.0,0.0,0.0,0.0,,0.01636638306081295,,0.0,0.013081780634820461,0.00596213573589921,0.0,0.0,0.0,0.00783260352909565,0.013072560541331768,0.0,0.01504174992442131,0.0,,0.0,,0.0,0.007702955510467291,0.0,,0.0,0.0,0.0,0.0064319828525185585,0.0,0.0,0.0,0.0,0.006455377209931612,0.002276746090501547,0.0,,,0.0,0.0,0.0,,,,0.0,0.0,,0.0,,0.0,,0.0,,,0.0,,,,,0.0,,0.0,0.009475049562752247,0.0,,0.0,0.0,0.0006172159337438643,,0.011276694014668465,0.0,,0.0,0.008886725641787052,0.0,,,0.0,,0.01935204491019249,0.0,0.0,,0.0,0.0019069688860327005,,,,0.0,0.0,0.0,0.0,0.0,7.387471123365685e-05,,,,0.007764055393636227,0.0,,0.0,,0.0,0.0,0.0,0.0,,,0.0,0.0,,,0.0,,0.0,,0.0,0.0,0.0,0.0,0.0,0.0,0.0,,0.0,0.010640541091561317,0.0,0.0,0.0,,,0.0,0.0,0.0,0.0,0.004161264281719923,0.0073729087598621845,,,,0.007771022617816925,0.0,0.0,0.0,,,0.008342444896697998,0.0,0.0,,0.0,,,,,0.0,0.013751369901001453,0.0,,0.0,,,0.0,,0.006028351373970509,0.0,0.0,0.0,,0.006963010877370834,0.0,,0.0,0.0,0.0,0.0,0.0,,0.0025301980786025524,0.0,0.0,,0.0,0.0,0.0,0.0,0.0,0.0,0.0,,0.0009805925656110048,0.0,0.0,0.007419695612043142,0.0,0.0,0.0,,0.0,0.0,0.0,0.010489208623766899,0.0,0.0,0.0,0.0,0.0,0.0,0.00028485566144809127,0.0,0.0,0.0,,0.0,0.0,0.0,0.0,0.0,0.0,0.0,0.0,0.0,0.004446286242455244,0.0,0.0,0.0,,0.0,0.006903916597366333,,0.0032303640618920326,0.0,0.0,0.0,0.0,0.0,0.007855664007365704,0.0,0.0,0.0,0.011428353376686573,0.0,0.014265907928347588,0.0,0.0,0.0,0.0,0.0,0.0,0.0,0.0,0.0,0.0,0.0,0.0,0.0071387211792171,0.0,0.0,0.0,0.010663309134542942,0.009583434090018272,0.0,0.00991410668939352,0.0,0.0,0.0,0.019269602373242378,0.0,0.0,0.0,0.0,0.0,0.0,0.0,0.0,0.004451911896467209,0.0,0.0,0.0,0.0,0.0,0.015617968514561653,0.0,0.008543897420167923,0.0,0.0,0.017431413754820824,0.0,0.0,0.0,0.0,0.0,0.011158911511301994,0.0,0.006921166554093361,0.0,0.013884417712688446,0.0,0.0,0.0,0.0,0.0,0.017269155010581017,0.0,0.00583390099927783,0.0,0.0,,,,,,,,,,,,,,,,,,,,,,,,,,,,,,,,,,,,,,,,,,,,,,,,,,,,,,,,,,,,,,,,,,,,,,,,,,,,,,,,,,,,,,,,,,,,,,,,,,,,,,,,,,,,,,,,,,,,,,,,,,,,,,
2021-10-15,807528.6847647103,2397.255623696209,,,,,,,,,,,76494.84123570709,,1039061.7711000025,,,,,,,,,,,,,,,,,,,,,,,,,,,,,,,,,,,,,,,,,,,3355.7973353187976,,,,,,,,,,,,,,,,,,,,,,22156.280331260397,9268.851101152544,4032.3384669051707,7421.891063893989,5823.733743862456,34144.97205253312,28688.815552072312,8255.504825912014,35930.86223587339,,,,,,,,,,,,,,,,,,,,,,,,,,,,,,,,,,,,0.007672586012631655,0.0,0.0,0.01092440728098154,0.0,0.0,0.0,0.0,0.0,0.0,0.0,0.0,0.0,0.0,0.0,0.0,,0.0,,0.0,,0.0,0.0,0.0,0.010507198981940746,0.0,,0.0,0.0,0.010712611488997936,0.0,0.012846814468502998,0.0,,0.0,,,,0.0,0.0,0.0,,0.0,0.0,0.0012285824632272124,0.009027548134326935,0.0,,,0.0,,0.0,0.0,0.0,0.0,0.0,0.0,0.0,0.0,0.006439491640776396,0.015234255231916904,0.0,0.0,0.0,,0.011381476186215878,0.0,0.0,0.0,0.015055594965815544,,0.0005889178719371557,0.0,,0.0,0.0,0.0,0.0,,0.0,0.0,0.0,,0.0,,0.0,0.0,,0.0,,0.0,0.0,0.0030229962430894375,0.01743323914706707,0.0,0.012673601508140564,0.0,0.016194811090826988,0.0,,,0.009300514124333858,0.0,,,,,0.0,0.0,0.0,0.0,0.0,0.0,0.0,0.0,0.0,,0.012146583758294582,0.0019998527131974697,0.0,,0.019029388204216957,0.0,0.0015352413756772876,0.0,0.0,0.0,,0.002669151872396469,,0.014855947345495224,0.0,0.0,0.01175154373049736,,0.0,0.0,,0.0,0.0,0.0,0.0,0.0,0.0001421356719220057,0.0011042432161048055,0.0,0.0,0.0046468619257211685,0.003770541399717331,0.0,0.0012880248250439763,,0.02132318913936615,0.0,0.004850889090448618,0.0,,0.0,0.007785265799611807,0.0,0.0,0.0,0.0,0.0061191171407699585,0.0,0.0,0.0,,0.015078713186085224,0.0,0.0,,,,0.006918592378497124,0.002163069089874625,,0.0,0.0,0.0,0.0,,0.0,,0.0,0.0,0.013318006880581379,0.0,0.0,0.0,,,,0.0,0.01897398941218853,0.0,0.0,0.0,,0.0,0.008289680816233158,0.007186546456068754,0.0,,0.0,0.015495573170483112,0.0,0.0,0.0,,0.002988440217450261,0.0071138362400233746,0.006663523148745298,0.0,,0.0029522741679102182,0.007444577291607857,0.00870683416724205,0.0,0.015951599925756454,0.0,,0.0,0.0,0.0,0.0,0.0,0.0,,0.0,,0.005740217864513397,0.007723913062363863,0.0016765532782301307,0.0,0.0,0.0,0.0,,0.0,0.011521018110215664,0.0028374833054840565,,,0.0,0.0,0.0,0.0,0.0,0.0,0.0,0.0,0.0,,0.0,0.0,0.0014217449352145195,,0.0,0.0,0.0,0.015036061406135559,0.0,0.0,0.0,,,0.0,0.002523822244256735,0.0,0.0,0.0,,0.012212172150611877,,0.010441260412335396,0.0,,0.0,0.0001980172237381339,0.0,0.0,,,0.0,0.009777898900210857,,0.011562291532754898,0.0,,,0.0,0.021612513810396194,0.0,0.0,0.0,0.0,0.0,,,0.0,0.0,0.0,0.0,0.0,,,0.0,0.0,0.0,,0.0,0.0,,0.0,0.0,0.010721533559262753,,0.0,0.0,0.0,0.0,,0.0,0.0,,0.0,0.0,0.0,0.000222572882194072,0.004138255026191473,0.0,0.0,0.0,0.0,0.0,0.0,0.0,0.0,,0.01636638306081295,,0.0,0.013081780634820461,0.00596213573589921,0.0,0.0,0.0,0.00783260352909565,0.013072560541331768,0.0,0.01504174992442131,0.0,,0.0,,0.0,0.007702955510467291,0.0,,0.0,0.0,0.0,0.0064319828525185585,0.0,0.0,0.0,0.0,0.006455377209931612,0.002276746090501547,0.0,,,0.0,0.0,0.0,,,,0.0,0.0,,0.0,,0.0,,0.0,,,0.0,,,,,0.0,,0.0,0.009475049562752247,0.0,,0.0,0.0,0.0006172159337438643,,0.011276694014668465,0.0,,0.0,0.008886725641787052,0.0,,,0.0,,0.01935204491019249,0.0,0.0,,0.0,0.0019069688860327005,,,,0.0,0.0,0.0,0.0,0.0,7.387471123365685e-05,,,,0.007764055393636227,0.0,,0.0,,0.0,0.0,0.0,0.0,,,0.0,0.0,,,0.0,,0.0,,0.0,0.0,0.0,0.0,0.0,0.0,0.0,,0.0,0.010640541091561317,0.0,0.0,0.0,,,0.0,0.0,0.0,0.0,0.004161264281719923,0.0073729087598621845,,,,0.007771022617816925,0.0,0.0,0.0,,,0.008342444896697998,0.0,0.0,,0.0,,,,,0.0,0.013751369901001453,0.0,,0.0,,,0.0,,0.006028351373970509,0.0,0.0,0.0,,0.006963010877370834,0.0,,0.0,0.0,0.0,0.0,0.0,,0.0025301980786025524,0.0,0.0,,0.0,0.0,0.0,0.0,0.0,0.0,0.0,,0.0009805925656110048,0.0,0.0,0.007419695612043142,0.0,0.0,0.0,,0.0,0.0,0.0,0.010489208623766899,0.0,0.0,0.0,0.0,0.0,0.0,0.00028485566144809127,0.0,0.0,0.0,,0.0,0.0,0.0,0.0,0.0,0.0,0.0,0.0,0.0,0.004446286242455244,0.0,0.0,0.0,,0.0,0.006903916597366333,,0.0032303640618920326,0.0,0.0,0.0,0.0,0.0,0.007855664007365704,0.0,0.0,0.0,0.011428353376686573,0.0,0.014265907928347588,0.0,0.0,0.0,0.0,0.0,0.0,0.0,0.0,0.0,0.0,0.0,0.0,0.0071387211792171,0.0,0.0,0.0,0.010663309134542942,0.009583434090018272,0.0,0.00991410668939352,0.0,0.0,0.0,0.019269602373242378,0.0,0.0,0.0,0.0,0.0,0.0,0.0,0.0,0.004451911896467209,0.0,0.0,0.0,0.0,0.0,0.015617968514561653,0.0,0.008543897420167923,0.0,0.0,0.017431413754820824,0.0,0.0,0.0,0.0,0.0,0.011158911511301994,0.0,0.006921166554093361,0.0,0.013884417712688446,0.0,0.0,0.0,0.0,0.0,0.017269155010581017,0.0,0.00583390099927783,0.0,0.0,,,,,,,,,,,,,,,,,,,,,,,,,,,,,,,,,,,,,,,,,,,,,,,,,,,,,,,,,,,,,,,,,,,,,,,,,,,,,,,,,,,,,,,,,,,,,,,,,,,,,,,,,,,,,,,,,,,,,,,,,,,,,,
2021-10-18,804629.1248558211,163.9468206095636,,,,,,,,,,,76494.84123570709,,1039061.7711000025,,,,,,,,,,,,,,,,,,,,,,,,,,,,,,,,,,,,,,,,,,,3355.958043445724,,,,,,,,,,,,,,,,,,,,,,22156.280331260397,9477.135116593694,4032.3384669051707,7421.891063893989,5823.733743862456,34144.97205253312,28863.74744712537,8255.504825912014,35930.86223587339,,,,,,,,,,,,,,,,,,,,,,,,,,,,,,,,,,,,0.007672586012631655,0.0,0.0,0.01092440728098154,0.0,0.0,0.0,0.0,0.0,0.0,0.0,0.0,0.0,0.0,0.0,0.0,,0.0,,0.0,,0.0,0.0,0.0,0.010507198981940746,0.0,,0.0,0.0,0.010712611488997936,0.0,0.012846814468502998,0.0,,0.0,,,,0.0,0.0,0.0,,0.0,0.0,0.0012285824632272124,0.009027548134326935,0.0,,,0.0,,0.0,0.0,0.0,0.0,0.0,0.0,0.0,0.0,0.006439491640776396,0.015234255231916904,0.0,0.0,0.0,,0.011381476186215878,0.0,0.0,0.0,0.015055594965815544,,0.0005889178719371557,0.0,,0.0,0.0,0.0,0.0,,0.0,0.0,0.0,,0.0,,0.0,0.0,,0.0,,0.0,0.0,0.0030229962430894375,0.01743323914706707,0.0,0.012673601508140564,0.0,0.016194811090826988,0.0,,,0.009300514124333858,0.0,,,,,0.0,0.0,0.0,0.0,0.0,0.0,0.0,0.0,0.0,,0.012146583758294582,0.0019998527131974697,0.0,,0.019029388204216957,0.0,0.0015352413756772876,0.0,0.0,0.0,,0.002669151872396469,,0.014855947345495224,0.0,0.0,0.01175154373049736,,0.0,0.0,,0.0,0.0,0.0,0.0,0.0,0.0001421356719220057,0.0011042432161048055,0.0,0.0,0.0046468619257211685,0.003770541399717331,0.0,0.0012880248250439763,,0.02132318913936615,0.0,0.004850889090448618,0.0,,0.0,0.007785265799611807,0.0,0.0,0.0,0.0,0.0061191171407699585,0.0,0.0,0.0,,0.015078713186085224,0.0,0.0,,,,0.006918592378497124,0.002163069089874625,,0.0,0.0,0.0,0.0,,0.0,,0.0,0.0,0.013318006880581379,0.0,0.0,0.0,,,,0.0,0.01897398941218853,0.0,0.0,0.0,,0.0,0.008289680816233158,0.007186546456068754,0.0,,0.0,0.015495573170483112,0.0,0.0,0.0,,0.002988440217450261,0.0071138362400233746,0.006663523148745298,0.0,,0.0029522741679102182,0.007444577291607857,0.00870683416724205,0.0,0.015951599925756454,0.0,,0.0,0.0,0.0,0.0,0.0,0.0,,0.0,,0.005740217864513397,0.007723913062363863,0.0016765532782301307,0.0,0.0,0.0,0.0,,0.0,0.011521018110215664,0.0028374833054840565,,,0.0,0.0,0.0,0.0,0.0,0.0,0.0,0.0,0.0,,0.0,0.0,0.0014217449352145195,,0.0,0.0,0.0,0.015036061406135559,0.0,0.0,0.0,,,0.0,0.002523822244256735,0.0,0.0,0.0,,0.012212172150611877,,0.010441260412335396,0.0,,0.0,0.0001980172237381339,0.0,0.0,,,0.0,0.009777898900210857,,0.011562291532754898,0.0,,,0.0,0.021612513810396194,0.0,0.0,0.0,0.0,0.0,,,0.0,0.0,0.0,0.0,0.0,,,0.0,0.0,0.0,,0.0,0.0,,0.0,0.0,0.010721533559262753,,0.0,0.0,0.0,0.0,,0.0,0.0,,0.0,0.0,0.0,0.000222572882194072,0.004138255026191473,0.0,0.0,0.0,0.0,0.0,0.0,0.0,0.0,,0.01636638306081295,,0.0,0.013081780634820461,0.00596213573589921,0.0,0.0,0.0,0.00783260352909565,0.013072560541331768,0.0,0.01504174992442131,0.0,,0.0,,0.0,0.007702955510467291,0.0,,0.0,0.0,0.0,0.0064319828525185585,0.0,0.0,0.0,0.0,0.006455377209931612,0.002276746090501547,0.0,,,0.0,0.0,0.0,,,,0.0,0.0,,0.0,,0.0,,0.0,,,0.0,,,,,0.0,,0.0,0.009475049562752247,0.0,,0.0,0.0,0.0006172159337438643,,0.011276694014668465,0.0,,0.0,0.008886725641787052,0.0,,,0.0,,0.01935204491019249,0.0,0.0,,0.0,0.0019069688860327005,,,,0.0,0.0,0.0,0.0,0.0,7.387471123365685e-05,,,,0.007764055393636227,0.0,,0.0,,0.0,0.0,0.0,0.0,,,0.0,0.0,,,0.0,,0.0,,0.0,0.0,0.0,0.0,0.0,0.0,0.0,,0.0,0.010640541091561317,0.0,0.0,0.0,,,0.0,0.0,0.0,0.0,0.004161264281719923,0.0073729087598621845,,,,0.007771022617816925,0.0,0.0,0.0,,,0.008342444896697998,0.0,0.0,,0.0,,,,,0.0,0.013751369901001453,0.0,,0.0,,,0.0,,0.006028351373970509,0.0,0.0,0.0,,0.006963010877370834,0.0,,0.0,0.0,0.0,0.0,0.0,,0.0025301980786025524,0.0,0.0,,0.0,0.0,0.0,0.0,0.0,0.0,0.0,,0.0009805925656110048,0.0,0.0,0.007419695612043142,0.0,0.0,0.0,,0.0,0.0,0.0,0.010489208623766899,0.0,0.0,0.0,0.0,0.0,0.0,0.00028485566144809127,0.0,0.0,0.0,,0.0,0.0,0.0,0.0,0.0,0.0,0.0,0.0,0.0,0.004446286242455244,0.0,0.0,0.0,,0.0,0.006903916597366333,,0.0032303640618920326,0.0,0.0,0.0,0.0,0.0,0.007855664007365704,0.0,0.0,0.0,0.011428353376686573,0.0,0.014265907928347588,0.0,0.0,0.0,0.0,0.0,0.0,0.0,0.0,0.0,0.0,0.0,0.0,0.0071387211792171,0.0,0.0,0.0,0.010663309134542942,0.009583434090018272,0.0,0.00991410668939352,0.0,0.0,0.0,0.019269602373242378,0.0,0.0,0.0,0.0,0.0,0.0,0.0,0.0,0.004451911896467209,0.0,0.0,0.0,0.0,0.0,0.015617968514561653,0.0,0.008543897420167923,0.0,0.0,0.017431413754820824,0.0,0.0,0.0,0.0,0.0,0.011158911511301994,0.0,0.006921166554093361,0.0,0.013884417712688446,0.0,0.0,0.0,0.0,0.0,0.017269155010581017,0.0,0.00583390099927783,0.0,0.0,,,,,,,,,,,,,,,,,,,,,,,,,,,,,,,,,,,,,,,,,,,,,,,,,,,,,,,,,,,,,,,,,,,,,,,,,,,,,,,,,,,,,,,,,,,,,,,,,,,,,,,,,,,,,,,,,,,,,,,,,,,,,,
2021-10-19,810145.3755226659,2583.106774959083,,,,,,,,,,,76494.84123570709,,1039061.7711000025,,,,,,,,,,,,,,,,,,,,,,,,,,,,,,,,,,,,,,,,,,,3257.212386261924,,,,,,,,,,,,,,,,,,,,,,22156.280331260397,9477.339801177362,4032.3384669051707,7421.891063893989,5823.733743862456,34144.97205253312,28863.74744712537,8255.504825912014,35930.86223587339,,,,,,,,,,,,,,,,,,,,,,,,,,,,,,,,,,,,0.007672586012631655,0.0,0.0,0.01092440728098154,0.0,0.0,0.0,0.0,0.0,0.0,0.0,0.0,0.0,0.0,0.0,0.0,,0.0,,0.0,,0.0,0.0,0.0,0.010507198981940746,0.0,,0.0,0.0,0.010712611488997936,0.0,0.012846814468502998,0.0,,0.0,,,,0.0,0.0,0.0,,0.0,0.0,0.0012285824632272124,0.009027548134326935,0.0,,,0.0,,0.0,0.0,0.0,0.0,0.0,0.0,0.0,0.0,0.006439491640776396,0.015234255231916904,0.0,0.0,0.0,,0.011381476186215878,0.0,0.0,0.0,0.015055594965815544,,0.0005889178719371557,0.0,,0.0,0.0,0.0,0.0,,0.0,0.0,0.0,,0.0,,0.0,0.0,,0.0,,0.0,0.0,0.0030229962430894375,0.01743323914706707,0.0,0.012673601508140564,0.0,0.016194811090826988,0.0,,,0.009300514124333858,0.0,,,,,0.0,0.0,0.0,0.0,0.0,0.0,0.0,0.0,0.0,,0.012146583758294582,0.0019998527131974697,0.0,,0.019029388204216957,0.0,0.0015352413756772876,0.0,0.0,0.0,,0.002669151872396469,,0.014855947345495224,0.0,0.0,0.01175154373049736,,0.0,0.0,,0.0,0.0,0.0,0.0,0.0,0.0001421356719220057,0.0011042432161048055,0.0,0.0,0.0046468619257211685,0.003770541399717331,0.0,0.0012880248250439763,,0.02132318913936615,0.0,0.004850889090448618,0.0,,0.0,0.007785265799611807,0.0,0.0,0.0,0.0,0.0061191171407699585,0.0,0.0,0.0,,0.015078713186085224,0.0,0.0,,,,0.006918592378497124,0.002163069089874625,,0.0,0.0,0.0,0.0,,0.0,,0.0,0.0,0.013318006880581379,0.0,0.0,0.0,,,,0.0,0.01897398941218853,0.0,0.0,0.0,,0.0,0.008289680816233158,0.007186546456068754,0.0,,0.0,0.015495573170483112,0.0,0.0,0.0,,0.002988440217450261,0.0071138362400233746,0.006663523148745298,0.0,,0.0029522741679102182,0.007444577291607857,0.00870683416724205,0.0,0.015951599925756454,0.0,,0.0,0.0,0.0,0.0,0.0,0.0,,0.0,,0.005740217864513397,0.007723913062363863,0.0016765532782301307,0.0,0.0,0.0,0.0,,0.0,0.011521018110215664,0.0028374833054840565,,,0.0,0.0,0.0,0.0,0.0,0.0,0.0,0.0,0.0,,0.0,0.0,0.0014217449352145195,,0.0,0.0,0.0,0.015036061406135559,0.0,0.0,0.0,,,0.0,0.002523822244256735,0.0,0.0,0.0,,0.012212172150611877,,0.010441260412335396,0.0,,0.0,0.0001980172237381339,0.0,0.0,,,0.0,0.009777898900210857,,0.011562291532754898,0.0,,,0.0,0.021612513810396194,0.0,0.0,0.0,0.0,0.0,,,0.0,0.0,0.0,0.0,0.0,,,0.0,0.0,0.0,,0.0,0.0,,0.0,0.0,0.010721533559262753,,0.0,0.0,0.0,0.0,,0.0,0.0,,0.0,0.0,0.0,0.000222572882194072,0.004138255026191473,0.0,0.0,0.0,0.0,0.0,0.0,0.0,0.0,,0.01636638306081295,,0.0,0.013081780634820461,0.00596213573589921,0.0,0.0,0.0,0.00783260352909565,0.013072560541331768,0.0,0.01504174992442131,0.0,,0.0,,0.0,0.007702955510467291,0.0,,0.0,0.0,0.0,0.0064319828525185585,0.0,0.0,0.0,0.0,0.006455377209931612,0.002276746090501547,0.0,,,0.0,0.0,0.0,,,,0.0,0.0,,0.0,,0.0,,0.0,,,0.0,,,,,0.0,,0.0,0.009475049562752247,0.0,,0.0,0.0,0.0006172159337438643,,0.011276694014668465,0.0,,0.0,0.008886725641787052,0.0,,,0.0,,0.01935204491019249,0.0,0.0,,0.0,0.0019069688860327005,,,,0.0,0.0,0.0,0.0,0.0,7.387471123365685e-05,,,,0.007764055393636227,0.0,,0.0,,0.0,0.0,0.0,0.0,,,0.0,0.0,,,0.0,,0.0,,0.0,0.0,0.0,0.0,0.0,0.0,0.0,,0.0,0.010640541091561317,0.0,0.0,0.0,,,0.0,0.0,0.0,0.0,0.004161264281719923,0.0073729087598621845,,,,0.007771022617816925,0.0,0.0,0.0,,,0.008342444896697998,0.0,0.0,,0.0,,,,,0.0,0.013751369901001453,0.0,,0.0,,,0.0,,0.006028351373970509,0.0,0.0,0.0,,0.006963010877370834,0.0,,0.0,0.0,0.0,0.0,0.0,,0.0025301980786025524,0.0,0.0,,0.0,0.0,0.0,0.0,0.0,0.0,0.0,,0.0009805925656110048,0.0,0.0,0.007419695612043142,0.0,0.0,0.0,,0.0,0.0,0.0,0.010489208623766899,0.0,0.0,0.0,0.0,0.0,0.0,0.00028485566144809127,0.0,0.0,0.0,,0.0,0.0,0.0,0.0,0.0,0.0,0.0,0.0,0.0,0.004446286242455244,0.0,0.0,0.0,,0.0,0.006903916597366333,,0.0032303640618920326,0.0,0.0,0.0,0.0,0.0,0.007855664007365704,0.0,0.0,0.0,0.011428353376686573,0.0,0.014265907928347588,0.0,0.0,0.0,0.0,0.0,0.0,0.0,0.0,0.0,0.0,0.0,0.0,0.0071387211792171,0.0,0.0,0.0,0.010663309134542942,0.009583434090018272,0.0,0.00991410668939352,0.0,0.0,0.0,0.019269602373242378,0.0,0.0,0.0,0.0,0.0,0.0,0.0,0.0,0.004451911896467209,0.0,0.0,0.0,0.0,0.0,0.015617968514561653,0.0,0.008543897420167923,0.0,0.0,0.017431413754820824,0.0,0.0,0.0,0.0,0.0,0.011158911511301994,0.0,0.006921166554093361,0.0,0.013884417712688446,0.0,0.0,0.0,0.0,0.0,0.017269155010581017,0.0,0.00583390099927783,0.0,0.0,,,,,,,,,,,,,,,,,,,,,,,,,,,,,,,,,,,,,,,,,,,,,,,,,,,,,,,,,,,,,,,,,,,,,,,,,,,,,,,,,,,,,,,,,,,,,,,,,,,,,,,,,,,,,,,,,,,,,,,,,,,,,,
2021-10-20,810376.8640728433,2563.3262508992816,,,,,,,,,,,76494.84123570709,,1039061.7711000025,,,,,,,,,,,,,,,,,,,,,,,,,,,,,,,,,,,,,,,,,,,3158.371479201565,,,,,,,,,,,,,,,,,,,,,,22156.280331260397,9477.110362986792,4032.3384669051707,7811.892900321742,5823.733743862456,34144.97205253312,28863.74744712537,8255.504825912014,35930.86223587339,,,,,,,,,,,,,,,,,,,,,,,,,,,,,,,,,,,,0.007672586012631655,0.0,0.0,0.01092440728098154,0.0,0.0,0.0,0.0,0.0,0.0,0.0,0.0,0.0,0.0,0.0,0.0,,0.0,,0.0,,0.0,0.0,0.0,0.010507198981940746,0.0,,0.0,0.0,0.010712611488997936,0.0,0.012846814468502998,0.0,,0.0,,,,0.0,0.0,0.0,,0.0,0.0,0.0012285824632272124,0.009027548134326935,0.0,,,0.0,,0.0,0.0,0.0,0.0,0.0,0.0,0.0,0.0,0.006439491640776396,0.015234255231916904,0.0,0.0,0.0,,0.011381476186215878,0.0,0.0,0.0,0.015055594965815544,,0.0005889178719371557,0.0,,0.0,0.0,0.0,0.0,,0.0,0.0,0.0,,0.0,,0.0,0.0,,0.0,,0.0,0.0,0.0030229962430894375,0.01743323914706707,0.0,0.012673601508140564,0.0,0.016194811090826988,0.0,,,0.009300514124333858,0.0,,,,,0.0,0.0,0.0,0.0,0.0,0.0,0.0,0.0,0.0,,0.012146583758294582,0.0019998527131974697,0.0,,0.019029388204216957,0.0,0.0015352413756772876,0.0,0.0,0.0,,0.002669151872396469,,0.014855947345495224,0.0,0.0,0.01175154373049736,,0.0,0.0,,0.0,0.0,0.0,0.0,0.0,0.0001421356719220057,0.0011042432161048055,0.0,0.0,0.0046468619257211685,0.003770541399717331,0.0,0.0012880248250439763,,0.02132318913936615,0.0,0.004850889090448618,0.0,,0.0,0.007785265799611807,0.0,0.0,0.0,0.0,0.0061191171407699585,0.0,0.0,0.0,,0.015078713186085224,0.0,0.0,,,,0.006918592378497124,0.002163069089874625,,0.0,0.0,0.0,0.0,,0.0,,0.0,0.0,0.013318006880581379,0.0,0.0,0.0,,,,0.0,0.01897398941218853,0.0,0.0,0.0,,0.0,0.008289680816233158,0.007186546456068754,0.0,,0.0,0.015495573170483112,0.0,0.0,0.0,,0.002988440217450261,0.0071138362400233746,0.006663523148745298,0.0,,0.0029522741679102182,0.007444577291607857,0.00870683416724205,0.0,0.015951599925756454,0.0,,0.0,0.0,0.0,0.0,0.0,0.0,,0.0,,0.005740217864513397,0.007723913062363863,0.0016765532782301307,0.0,0.0,0.0,0.0,,0.0,0.011521018110215664,0.0028374833054840565,,,0.0,0.0,0.0,0.0,0.0,0.0,0.0,0.0,0.0,,0.0,0.0,0.0014217449352145195,,0.0,0.0,0.0,0.015036061406135559,0.0,0.0,0.0,,,0.0,0.002523822244256735,0.0,0.0,0.0,,0.012212172150611877,,0.010441260412335396,0.0,,0.0,0.0001980172237381339,0.0,0.0,,,0.0,0.009777898900210857,,0.011562291532754898,0.0,,,0.0,0.021612513810396194,0.0,0.0,0.0,0.0,0.0,,,0.0,0.0,0.0,0.0,0.0,,,0.0,0.0,0.0,,0.0,0.0,,0.0,0.0,0.010721533559262753,,0.0,0.0,0.0,0.0,,0.0,0.0,,0.0,0.0,0.0,0.000222572882194072,0.004138255026191473,0.0,0.0,0.0,0.0,0.0,0.0,0.0,0.0,,0.01636638306081295,,0.0,0.013081780634820461,0.00596213573589921,0.0,0.0,0.0,0.00783260352909565,0.013072560541331768,0.0,0.01504174992442131,0.0,,0.0,,0.0,0.007702955510467291,0.0,,0.0,0.0,0.0,0.0064319828525185585,0.0,0.0,0.0,0.0,0.006455377209931612,0.002276746090501547,0.0,,,0.0,0.0,0.0,,,,0.0,0.0,,0.0,,0.0,,0.0,,,0.0,,,,,0.0,,0.0,0.009475049562752247,0.0,,0.0,0.0,0.0006172159337438643,,0.011276694014668465,0.0,,0.0,0.008886725641787052,0.0,,,0.0,,0.01935204491019249,0.0,0.0,,0.0,0.0019069688860327005,,,,0.0,0.0,0.0,0.0,0.0,7.387471123365685e-05,,,,0.007764055393636227,0.0,,0.0,,0.0,0.0,0.0,0.0,,,0.0,0.0,,,0.0,,0.0,,0.0,0.0,0.0,0.0,0.0,0.0,0.0,,0.0,0.010640541091561317,0.0,0.0,0.0,,,0.0,0.0,0.0,0.0,0.004161264281719923,0.0073729087598621845,,,,0.007771022617816925,0.0,0.0,0.0,,,0.008342444896697998,0.0,0.0,,0.0,,,,,0.0,0.013751369901001453,0.0,,0.0,,,0.0,,0.006028351373970509,0.0,0.0,0.0,,0.006963010877370834,0.0,,0.0,0.0,0.0,0.0,0.0,,0.0025301980786025524,0.0,0.0,,0.0,0.0,0.0,0.0,0.0,0.0,0.0,,0.0009805925656110048,0.0,0.0,0.007419695612043142,0.0,0.0,0.0,,0.0,0.0,0.0,0.010489208623766899,0.0,0.0,0.0,0.0,0.0,0.0,0.00028485566144809127,0.0,0.0,0.0,,0.0,0.0,0.0,0.0,0.0,0.0,0.0,0.0,0.0,0.004446286242455244,0.0,0.0,0.0,,0.0,0.006903916597366333,,0.0032303640618920326,0.0,0.0,0.0,0.0,0.0,0.007855664007365704,0.0,0.0,0.0,0.011428353376686573,0.0,0.014265907928347588,0.0,0.0,0.0,0.0,0.0,0.0,0.0,0.0,0.0,0.0,0.0,0.0,0.0071387211792171,0.0,0.0,0.0,0.010663309134542942,0.009583434090018272,0.0,0.00991410668939352,0.0,0.0,0.0,0.019269602373242378,0.0,0.0,0.0,0.0,0.0,0.0,0.0,0.0,0.004451911896467209,0.0,0.0,0.0,0.0,0.0,0.015617968514561653,0.0,0.008543897420167923,0.0,0.0,0.017431413754820824,0.0,0.0,0.0,0.0,0.0,0.011158911511301994,0.0,0.006921166554093361,0.0,0.013884417712688446,0.0,0.0,0.0,0.0,0.0,0.017269155010581017,0.0,0.00583390099927783,0.0,0.0,,,,,,,,,,,,,,,,,,,,,,,,,,,,,,,,,,,,,,,,,,,,,,,,,,,,,,,,,,,,,,,,,,,,,,,,,,,,,,,,,,,,,,,,,,,,,,,,,,,,,,,,,,,,,,,,,,,,,,,,,,,,,,
2021-10-21,814601.4097473181,31.033569770032045,,,,,,,,,,,76494.84123570709,,1039061.7711000025,,,,,,,,,,,,,,,,,,,,,,,,,,,,,,,,,,,,,,,,,,,3158.371479201565,,,,,,,,,,,,,,,,,,,,,,22156.280331260397,9477.15977950454,4032.3384669051707,8201.903712248382,5823.733743862456,34144.97205253312,28863.74744712537,8255.504825912014,35930.86223587339,,,,,,,,,,,,,,,,,,,,,,,,,,,,,,,,,,,,0.007672586012631655,0.0,0.0,0.01092440728098154,0.0,0.0,0.0,0.0,0.0,0.0,0.0,0.0,0.0,0.0,0.0,0.0,,0.0,,0.0,,0.0,0.0,0.0,0.010507198981940746,0.0,,0.0,0.0,0.010712611488997936,0.0,0.012846814468502998,0.0,,0.0,,,,0.0,0.0,0.0,,0.0,0.0,0.0012285824632272124,0.009027548134326935,0.0,,,0.0,,0.0,0.0,0.0,0.0,0.0,0.0,0.0,0.0,0.006439491640776396,0.015234255231916904,0.0,0.0,0.0,,0.011381476186215878,0.0,0.0,0.0,0.015055594965815544,,0.0005889178719371557,0.0,,0.0,0.0,0.0,0.0,,0.0,0.0,0.0,,0.0,,0.0,0.0,,0.0,,0.0,0.0,0.0030229962430894375,0.01743323914706707,0.0,0.012673601508140564,0.0,0.016194811090826988,0.0,,,0.009300514124333858,0.0,,,,,0.0,0.0,0.0,0.0,0.0,0.0,0.0,0.0,0.0,,0.012146583758294582,0.0019998527131974697,0.0,,0.019029388204216957,0.0,0.0015352413756772876,0.0,0.0,0.0,,0.002669151872396469,,0.014855947345495224,0.0,0.0,0.01175154373049736,,0.0,0.0,,0.0,0.0,0.0,0.0,0.0,0.0001421356719220057,0.0011042432161048055,0.0,0.0,0.0046468619257211685,0.003770541399717331,0.0,0.0012880248250439763,,0.02132318913936615,0.0,0.004850889090448618,0.0,,0.0,0.007785265799611807,0.0,0.0,0.0,0.0,0.0061191171407699585,0.0,0.0,0.0,,0.015078713186085224,0.0,0.0,,,,0.006918592378497124,0.002163069089874625,,0.0,0.0,0.0,0.0,,0.0,,0.0,0.0,0.013318006880581379,0.0,0.0,0.0,,,,0.0,0.01897398941218853,0.0,0.0,0.0,,0.0,0.008289680816233158,0.007186546456068754,0.0,,0.0,0.015495573170483112,0.0,0.0,0.0,,0.002988440217450261,0.0071138362400233746,0.006663523148745298,0.0,,0.0029522741679102182,0.007444577291607857,0.00870683416724205,0.0,0.015951599925756454,0.0,,0.0,0.0,0.0,0.0,0.0,0.0,,0.0,,0.005740217864513397,0.007723913062363863,0.0016765532782301307,0.0,0.0,0.0,0.0,,0.0,0.011521018110215664,0.0028374833054840565,,,0.0,0.0,0.0,0.0,0.0,0.0,0.0,0.0,0.0,,0.0,0.0,0.0014217449352145195,,0.0,0.0,0.0,0.015036061406135559,0.0,0.0,0.0,,,0.0,0.002523822244256735,0.0,0.0,0.0,,0.012212172150611877,,0.010441260412335396,0.0,,0.0,0.0001980172237381339,0.0,0.0,,,0.0,0.009777898900210857,,0.011562291532754898,0.0,,,0.0,0.021612513810396194,0.0,0.0,0.0,0.0,0.0,,,0.0,0.0,0.0,0.0,0.0,,,0.0,0.0,0.0,,0.0,0.0,,0.0,0.0,0.010721533559262753,,0.0,0.0,0.0,0.0,,0.0,0.0,,0.0,0.0,0.0,0.000222572882194072,0.004138255026191473,0.0,0.0,0.0,0.0,0.0,0.0,0.0,0.0,,0.01636638306081295,,0.0,0.013081780634820461,0.00596213573589921,0.0,0.0,0.0,0.00783260352909565,0.013072560541331768,0.0,0.01504174992442131,0.0,,0.0,,0.0,0.007702955510467291,0.0,,0.0,0.0,0.0,0.0064319828525185585,0.0,0.0,0.0,0.0,0.006455377209931612,0.002276746090501547,0.0,,,0.0,0.0,0.0,,,,0.0,0.0,,0.0,,0.0,,0.0,,,0.0,,,,,0.0,,0.0,0.009475049562752247,0.0,,0.0,0.0,0.0006172159337438643,,0.011276694014668465,0.0,,0.0,0.008886725641787052,0.0,,,0.0,,0.01935204491019249,0.0,0.0,,0.0,0.0019069688860327005,,,,0.0,0.0,0.0,0.0,0.0,7.387471123365685e-05,,,,0.007764055393636227,0.0,,0.0,,0.0,0.0,0.0,0.0,,,0.0,0.0,,,0.0,,0.0,,0.0,0.0,0.0,0.0,0.0,0.0,0.0,,0.0,0.010640541091561317,0.0,0.0,0.0,,,0.0,0.0,0.0,0.0,0.004161264281719923,0.0073729087598621845,,,,0.007771022617816925,0.0,0.0,0.0,,,0.008342444896697998,0.0,0.0,,0.0,,,,,0.0,0.013751369901001453,0.0,,0.0,,,0.0,,0.006028351373970509,0.0,0.0,0.0,,0.006963010877370834,0.0,,0.0,0.0,0.0,0.0,0.0,,0.0025301980786025524,0.0,0.0,,0.0,0.0,0.0,0.0,0.0,0.0,0.0,,0.0009805925656110048,0.0,0.0,0.007419695612043142,0.0,0.0,0.0,,0.0,0.0,0.0,0.010489208623766899,0.0,0.0,0.0,0.0,0.0,0.0,0.00028485566144809127,0.0,0.0,0.0,,0.0,0.0,0.0,0.0,0.0,0.0,0.0,0.0,0.0,0.004446286242455244,0.0,0.0,0.0,,0.0,0.006903916597366333,,0.0032303640618920326,0.0,0.0,0.0,0.0,0.0,0.007855664007365704,0.0,0.0,0.0,0.011428353376686573,0.0,0.014265907928347588,0.0,0.0,0.0,0.0,0.0,0.0,0.0,0.0,0.0,0.0,0.0,0.0,0.0071387211792171,0.0,0.0,0.0,0.010663309134542942,0.009583434090018272,0.0,0.00991410668939352,0.0,0.0,0.0,0.019269602373242378,0.0,0.0,0.0,0.0,0.0,0.0,0.0,0.0,0.004451911896467209,0.0,0.0,0.0,0.0,0.0,0.015617968514561653,0.0,0.008543897420167923,0.0,0.0,0.017431413754820824,0.0,0.0,0.0,0.0,0.0,0.011158911511301994,0.0,0.006921166554093361,0.0,0.013884417712688446,0.0,0.0,0.0,0.0,0.0,0.017269155010581017,0.0,0.00583390099927783,0.0,0.0,,,,,,,,,,,,,,,,,,,,,,,,,,,,,,,,,,,,,,,,,,,,,,,,,,,,,,,,,,,,,,,,,,,,,,,,,,,,,,,,,,,,,,,,,,,,,,,,,,,,,,,,,,,,,,,,,,,,,,,,,,,,,,
2021-10-22,812601.0890228275,31.033569770032045,,,,,,,,,,,76494.84123570709,,1039061.7711000025,,,,,,,,,,,,,,,,,,,,,,,,,,,,,,,,,,,,,,,,,,,3158.371479201565,,,,,,,,,,,,,,,,,,,,,,22156.280331260397,9477.15977950454,4032.3384669051707,8201.903712248382,5823.733743862456,34144.97205253312,28863.74744712537,8255.504825912014,35930.86223587339,,,,,,,,,,,,,,,,,,,,,,,,,,,,,,,,,,,,0.007672586012631655,0.0,0.0,0.01092440728098154,0.0,0.0,0.0,0.0,0.0,0.0,0.0,0.0,0.0,0.0,0.0,0.0,,0.0,,0.0,,0.0,0.0,0.0,0.010507198981940746,0.0,,0.0,0.0,0.010712611488997936,0.0,0.012846814468502998,0.0,,0.0,,,,0.0,0.0,0.0,,0.0,0.0,0.0012285824632272124,0.009027548134326935,0.0,,,0.0,,0.0,0.0,0.0,0.0,0.0,0.0,0.0,0.0,0.006439491640776396,0.015234255231916904,0.0,0.0,0.0,,0.011381476186215878,0.0,0.0,0.0,0.015055594965815544,,0.0005889178719371557,0.0,,0.0,0.0,0.0,0.0,,0.0,0.0,0.0,,0.0,,0.0,0.0,,0.0,,0.0,0.0,0.0030229962430894375,0.01743323914706707,0.0,0.012673601508140564,0.0,0.016194811090826988,0.0,,,0.009300514124333858,0.0,,,,,0.0,0.0,0.0,0.0,0.0,0.0,0.0,0.0,0.0,,0.012146583758294582,0.0019998527131974697,0.0,,0.019029388204216957,0.0,0.0015352413756772876,0.0,0.0,0.0,,0.002669151872396469,,0.014855947345495224,0.0,0.0,0.01175154373049736,,0.0,0.0,,0.0,0.0,0.0,0.0,0.0,0.0001421356719220057,0.0011042432161048055,0.0,0.0,0.0046468619257211685,0.003770541399717331,0.0,0.0012880248250439763,,0.02132318913936615,0.0,0.004850889090448618,0.0,,0.0,0.007785265799611807,0.0,0.0,0.0,0.0,0.0061191171407699585,0.0,0.0,0.0,,0.015078713186085224,0.0,0.0,,,,0.006918592378497124,0.002163069089874625,,0.0,0.0,0.0,0.0,,0.0,,0.0,0.0,0.013318006880581379,0.0,0.0,0.0,,,,0.0,0.01897398941218853,0.0,0.0,0.0,,0.0,0.008289680816233158,0.007186546456068754,0.0,,0.0,0.015495573170483112,0.0,0.0,0.0,,0.002988440217450261,0.0071138362400233746,0.006663523148745298,0.0,,0.0029522741679102182,0.007444577291607857,0.00870683416724205,0.0,0.015951599925756454,0.0,,0.0,0.0,0.0,0.0,0.0,0.0,,0.0,,0.005740217864513397,0.007723913062363863,0.0016765532782301307,0.0,0.0,0.0,0.0,,0.0,0.011521018110215664,0.0028374833054840565,,,0.0,0.0,0.0,0.0,0.0,0.0,0.0,0.0,0.0,,0.0,0.0,0.0014217449352145195,,0.0,0.0,0.0,0.015036061406135559,0.0,0.0,0.0,,,0.0,0.002523822244256735,0.0,0.0,0.0,,0.012212172150611877,,0.010441260412335396,0.0,,0.0,0.0001980172237381339,0.0,0.0,,,0.0,0.009777898900210857,,0.011562291532754898,0.0,,,0.0,0.021612513810396194,0.0,0.0,0.0,0.0,0.0,,,0.0,0.0,0.0,0.0,0.0,,,0.0,0.0,0.0,,0.0,0.0,,0.0,0.0,0.010721533559262753,,0.0,0.0,0.0,0.0,,0.0,0.0,,0.0,0.0,0.0,0.000222572882194072,0.004138255026191473,0.0,0.0,0.0,0.0,0.0,0.0,0.0,0.0,,0.01636638306081295,,0.0,0.013081780634820461,0.00596213573589921,0.0,0.0,0.0,0.00783260352909565,0.013072560541331768,0.0,0.01504174992442131,0.0,,0.0,,0.0,0.007702955510467291,0.0,,0.0,0.0,0.0,0.0064319828525185585,0.0,0.0,0.0,0.0,0.006455377209931612,0.002276746090501547,0.0,,,0.0,0.0,0.0,,,,0.0,0.0,,0.0,,0.0,,0.0,,,0.0,,,,,0.0,,0.0,0.009475049562752247,0.0,,0.0,0.0,0.0006172159337438643,,0.011276694014668465,0.0,,0.0,0.008886725641787052,0.0,,,0.0,,0.01935204491019249,0.0,0.0,,0.0,0.0019069688860327005,,,,0.0,0.0,0.0,0.0,0.0,7.387471123365685e-05,,,,0.007764055393636227,0.0,,0.0,,0.0,0.0,0.0,0.0,,,0.0,0.0,,,0.0,,0.0,,0.0,0.0,0.0,0.0,0.0,0.0,0.0,,0.0,0.010640541091561317,0.0,0.0,0.0,,,0.0,0.0,0.0,0.0,0.004161264281719923,0.0073729087598621845,,,,0.007771022617816925,0.0,0.0,0.0,,,0.008342444896697998,0.0,0.0,,0.0,,,,,0.0,0.013751369901001453,0.0,,0.0,,,0.0,,0.006028351373970509,0.0,0.0,0.0,,0.006963010877370834,0.0,,0.0,0.0,0.0,0.0,0.0,,0.0025301980786025524,0.0,0.0,,0.0,0.0,0.0,0.0,0.0,0.0,0.0,,0.0009805925656110048,0.0,0.0,0.007419695612043142,0.0,0.0,0.0,,0.0,0.0,0.0,0.010489208623766899,0.0,0.0,0.0,0.0,0.0,0.0,0.00028485566144809127,0.0,0.0,0.0,,0.0,0.0,0.0,0.0,0.0,0.0,0.0,0.0,0.0,0.004446286242455244,0.0,0.0,0.0,,0.0,0.006903916597366333,,0.0032303640618920326,0.0,0.0,0.0,0.0,0.0,0.007855664007365704,0.0,0.0,0.0,0.011428353376686573,0.0,0.014265907928347588,0.0,0.0,0.0,0.0,0.0,0.0,0.0,0.0,0.0,0.0,0.0,0.0,0.0071387211792171,0.0,0.0,0.0,0.010663309134542942,0.009583434090018272,0.0,0.00991410668939352,0.0,0.0,0.0,0.019269602373242378,0.0,0.0,0.0,0.0,0.0,0.0,0.0,0.0,0.004451911896467209,0.0,0.0,0.0,0.0,0.0,0.015617968514561653,0.0,0.008543897420167923,0.0,0.0,0.017431413754820824,0.0,0.0,0.0,0.0,0.0,0.011158911511301994,0.0,0.006921166554093361,0.0,0.013884417712688446,0.0,0.0,0.0,0.0,0.0,0.017269155010581017,0.0,0.00583390099927783,0.0,0.0,,,,,,,,,,,,,,,,,,,,,,,,,,,,,,,,,,,,,,,,,,,,,,,,,,,,,,,,,,,,,,,,,,,,,,,,,,,,,,,,,,,,,,,,,,,,,,,,,,,,,,,,,,,,,,,,,,,,,,,,,,,,,,
2021-10-25,810035.0064840962,30.1474331818278,,,,,,,,,,,76494.84123570709,,1039061.7711000025,,,,,,,,,,,,,,,,,,,,,,,,,,,,,,,,,,,,,,,,,,,3158.371479201565,,,,,,,,,,,,,,,,,,,,,,22156.280331260397,9477.15977950454,4032.3384669051707,8201.903712248382,5823.8023929252895,34144.97205253312,28863.74744712537,8255.504825912014,35930.86223587339,,,,,,,,,,,,,,,,,,,,,,,,,,,,,,,,,,,,0.007672586012631655,0.0,0.0,0.01092440728098154,0.0,0.0,0.0,0.0,0.0,0.0,0.0,0.0,0.0,0.0,0.0,0.0,,0.0,,0.0,,0.0,0.0,0.0,0.010507198981940746,0.0,,0.0,0.0,0.010712611488997936,0.0,0.012846814468502998,0.0,,0.0,,,,0.0,0.0,0.0,,0.0,0.0,0.0012285824632272124,0.009027548134326935,0.0,,,0.0,,0.0,0.0,0.0,0.0,0.0,0.0,0.0,0.0,0.006439491640776396,0.015234255231916904,0.0,0.0,0.0,,0.011381476186215878,0.0,0.0,0.0,0.015055594965815544,,0.0005889178719371557,0.0,,0.0,0.0,0.0,0.0,,0.0,0.0,0.0,,0.0,,0.0,0.0,,0.0,,0.0,0.0,0.0030229962430894375,0.01743323914706707,0.0,0.012673601508140564,0.0,0.016194811090826988,0.0,,,0.009300514124333858,0.0,,,,,0.0,0.0,0.0,0.0,0.0,0.0,0.0,0.0,0.0,,0.012146583758294582,0.0019998527131974697,0.0,,0.019029388204216957,0.0,0.0015352413756772876,0.0,0.0,0.0,,0.002669151872396469,,0.014855947345495224,0.0,0.0,0.01175154373049736,,0.0,0.0,,0.0,0.0,0.0,0.0,0.0,0.0001421356719220057,0.0011042432161048055,0.0,0.0,0.0046468619257211685,0.003770541399717331,0.0,0.0012880248250439763,,0.02132318913936615,0.0,0.004850889090448618,0.0,,0.0,0.007785265799611807,0.0,0.0,0.0,0.0,0.0061191171407699585,0.0,0.0,0.0,,0.015078713186085224,0.0,0.0,,,,0.006918592378497124,0.002163069089874625,,0.0,0.0,0.0,0.0,,0.0,,0.0,0.0,0.013318006880581379,0.0,0.0,0.0,,,,0.0,0.01897398941218853,0.0,0.0,0.0,,0.0,0.008289680816233158,0.007186546456068754,0.0,,0.0,0.015495573170483112,0.0,0.0,0.0,,0.002988440217450261,0.0071138362400233746,0.006663523148745298,0.0,,0.0029522741679102182,0.007444577291607857,0.00870683416724205,0.0,0.015951599925756454,0.0,,0.0,0.0,0.0,0.0,0.0,0.0,,0.0,,0.005740217864513397,0.007723913062363863,0.0016765532782301307,0.0,0.0,0.0,0.0,,0.0,0.011521018110215664,0.0028374833054840565,,,0.0,0.0,0.0,0.0,0.0,0.0,0.0,0.0,0.0,,0.0,0.0,0.0014217449352145195,,0.0,0.0,0.0,0.015036061406135559,0.0,0.0,0.0,,,0.0,0.002523822244256735,0.0,0.0,0.0,,0.012212172150611877,,0.010441260412335396,0.0,,0.0,0.0001980172237381339,0.0,0.0,,,0.0,0.009777898900210857,,0.011562291532754898,0.0,,,0.0,0.021612513810396194,0.0,0.0,0.0,0.0,0.0,,,0.0,0.0,0.0,0.0,0.0,,,0.0,0.0,0.0,,0.0,0.0,,0.0,0.0,0.010721533559262753,,0.0,0.0,0.0,0.0,,0.0,0.0,,0.0,0.0,0.0,0.000222572882194072,0.004138255026191473,0.0,0.0,0.0,0.0,0.0,0.0,0.0,0.0,,0.01636638306081295,,0.0,0.013081780634820461,0.00596213573589921,0.0,0.0,0.0,0.00783260352909565,0.013072560541331768,0.0,0.01504174992442131,0.0,,0.0,,0.0,0.007702955510467291,0.0,,0.0,0.0,0.0,0.0064319828525185585,0.0,0.0,0.0,0.0,0.006455377209931612,0.002276746090501547,0.0,,,0.0,0.0,0.0,,,,0.0,0.0,,0.0,,0.0,,0.0,,,0.0,,,,,0.0,,0.0,0.009475049562752247,0.0,,0.0,0.0,0.0006172159337438643,,0.011276694014668465,0.0,,0.0,0.008886725641787052,0.0,,,0.0,,0.01935204491019249,0.0,0.0,,0.0,0.0019069688860327005,,,,0.0,0.0,0.0,0.0,0.0,7.387471123365685e-05,,,,0.007764055393636227,0.0,,0.0,,0.0,0.0,0.0,0.0,,,0.0,0.0,,,0.0,,0.0,,0.0,0.0,0.0,0.0,0.0,0.0,0.0,,0.0,0.010640541091561317,0.0,0.0,0.0,,,0.0,0.0,0.0,0.0,0.004161264281719923,0.0073729087598621845,,,,0.007771022617816925,0.0,0.0,0.0,,,0.008342444896697998,0.0,0.0,,0.0,,,,,0.0,0.013751369901001453,0.0,,0.0,,,0.0,,0.006028351373970509,0.0,0.0,0.0,,0.006963010877370834,0.0,,0.0,0.0,0.0,0.0,0.0,,0.0025301980786025524,0.0,0.0,,0.0,0.0,0.0,0.0,0.0,0.0,0.0,,0.0009805925656110048,0.0,0.0,0.007419695612043142,0.0,0.0,0.0,,0.0,0.0,0.0,0.010489208623766899,0.0,0.0,0.0,0.0,0.0,0.0,0.00028485566144809127,0.0,0.0,0.0,,0.0,0.0,0.0,0.0,0.0,0.0,0.0,0.0,0.0,0.004446286242455244,0.0,0.0,0.0,,0.0,0.006903916597366333,,0.0032303640618920326,0.0,0.0,0.0,0.0,0.0,0.007855664007365704,0.0,0.0,0.0,0.011428353376686573,0.0,0.014265907928347588,0.0,0.0,0.0,0.0,0.0,0.0,0.0,0.0,0.0,0.0,0.0,0.0,0.0071387211792171,0.0,0.0,0.0,0.010663309134542942,0.009583434090018272,0.0,0.00991410668939352,0.0,0.0,0.0,0.019269602373242378,0.0,0.0,0.0,0.0,0.0,0.0,0.0,0.0,0.004451911896467209,0.0,0.0,0.0,0.0,0.0,0.015617968514561653,0.0,0.008543897420167923,0.0,0.0,0.017431413754820824,0.0,0.0,0.0,0.0,0.0,0.011158911511301994,0.0,0.006921166554093361,0.0,0.013884417712688446,0.0,0.0,0.0,0.0,0.0,0.017269155010581017,0.0,0.00583390099927783,0.0,0.0,,,,,,,,,,,,,,,,,,,,,,,,,,,,,,,,,,,,,,,,,,,,,,,,,,,,,,,,,,,,,,,,,,,,,,,,,,,,,,,,,,,,,,,,,,,,,,,,,,,,,,,,,,,,,,,,,,,,,,,,,,,,,,
2021-10-26,811663.4438794217,30.26309083955485,,,,,,,,,,,76494.84123570709,,1039061.7711000025,,,,,,,,,,,,,,,,,,,,,,,,,,,,,,,,,,,,,,,,,,,3158.371479201565,,,,,,,,,,,,,,,,,,,,,,22156.280331260397,9477.15977950454,4032.3384669051707,8201.903712248382,5823.793548476678,34144.97205253312,28863.74744712537,8255.504825912014,35930.86223587339,,,,,,,,,,,,,,,,,,,,,,,,,,,,,,,,,,,,0.007672586012631655,0.0,0.0,0.01092440728098154,0.0,0.0,0.0,0.0,0.0,0.0,0.0,0.0,0.0,0.0,0.0,0.0,,0.0,,0.0,,0.0,0.0,0.0,0.010507198981940746,0.0,,0.0,0.0,0.010712611488997936,0.0,0.012846814468502998,0.0,,0.0,,,,0.0,0.0,0.0,,0.0,0.0,0.0012285824632272124,0.009027548134326935,0.0,,,0.0,,0.0,0.0,0.0,0.0,0.0,0.0,0.0,0.0,0.006439491640776396,0.015234255231916904,0.0,0.0,0.0,,0.011381476186215878,0.0,0.0,0.0,0.015055594965815544,,0.0005889178719371557,0.0,,0.0,0.0,0.0,0.0,,0.0,0.0,0.0,,0.0,,0.0,0.0,,0.0,,0.0,0.0,0.0030229962430894375,0.01743323914706707,0.0,0.012673601508140564,0.0,0.016194811090826988,0.0,,,0.009300514124333858,0.0,,,,,0.0,0.0,0.0,0.0,0.0,0.0,0.0,0.0,0.0,,0.012146583758294582,0.0019998527131974697,0.0,,0.019029388204216957,0.0,0.0015352413756772876,0.0,0.0,0.0,,0.002669151872396469,,0.014855947345495224,0.0,0.0,0.01175154373049736,,0.0,0.0,,0.0,0.0,0.0,0.0,0.0,0.0001421356719220057,0.0011042432161048055,0.0,0.0,0.0046468619257211685,0.003770541399717331,0.0,0.0012880248250439763,,0.02132318913936615,0.0,0.004850889090448618,0.0,,0.0,0.007785265799611807,0.0,0.0,0.0,0.0,0.0061191171407699585,0.0,0.0,0.0,,0.015078713186085224,0.0,0.0,,,,0.006918592378497124,0.002163069089874625,,0.0,0.0,0.0,0.0,,0.0,,0.0,0.0,0.013318006880581379,0.0,0.0,0.0,,,,0.0,0.01897398941218853,0.0,0.0,0.0,,0.0,0.008289680816233158,0.007186546456068754,0.0,,0.0,0.015495573170483112,0.0,0.0,0.0,,0.002988440217450261,0.0071138362400233746,0.006663523148745298,0.0,,0.0029522741679102182,0.007444577291607857,0.00870683416724205,0.0,0.015951599925756454,0.0,,0.0,0.0,0.0,0.0,0.0,0.0,,0.0,,0.005740217864513397,0.007723913062363863,0.0016765532782301307,0.0,0.0,0.0,0.0,,0.0,0.011521018110215664,0.0028374833054840565,,,0.0,0.0,0.0,0.0,0.0,0.0,0.0,0.0,0.0,,0.0,0.0,0.0014217449352145195,,0.0,0.0,0.0,0.015036061406135559,0.0,0.0,0.0,,,0.0,0.002523822244256735,0.0,0.0,0.0,,0.012212172150611877,,0.010441260412335396,0.0,,0.0,0.0001980172237381339,0.0,0.0,,,0.0,0.009777898900210857,,0.011562291532754898,0.0,,,0.0,0.021612513810396194,0.0,0.0,0.0,0.0,0.0,,,0.0,0.0,0.0,0.0,0.0,,,0.0,0.0,0.0,,0.0,0.0,,0.0,0.0,0.010721533559262753,,0.0,0.0,0.0,0.0,,0.0,0.0,,0.0,0.0,0.0,0.000222572882194072,0.004138255026191473,0.0,0.0,0.0,0.0,0.0,0.0,0.0,0.0,,0.01636638306081295,,0.0,0.013081780634820461,0.00596213573589921,0.0,0.0,0.0,0.00783260352909565,0.013072560541331768,0.0,0.01504174992442131,0.0,,0.0,,0.0,0.007702955510467291,0.0,,0.0,0.0,0.0,0.0064319828525185585,0.0,0.0,0.0,0.0,0.006455377209931612,0.002276746090501547,0.0,,,0.0,0.0,0.0,,,,0.0,0.0,,0.0,,0.0,,0.0,,,0.0,,,,,0.0,,0.0,0.009475049562752247,0.0,,0.0,0.0,0.0006172159337438643,,0.011276694014668465,0.0,,0.0,0.008886725641787052,0.0,,,0.0,,0.01935204491019249,0.0,0.0,,0.0,0.0019069688860327005,,,,0.0,0.0,0.0,0.0,0.0,7.387471123365685e-05,,,,0.007764055393636227,0.0,,0.0,,0.0,0.0,0.0,0.0,,,0.0,0.0,,,0.0,,0.0,,0.0,0.0,0.0,0.0,0.0,0.0,0.0,,0.0,0.010640541091561317,0.0,0.0,0.0,,,0.0,0.0,0.0,0.0,0.004161264281719923,0.0073729087598621845,,,,0.007771022617816925,0.0,0.0,0.0,,,0.008342444896697998,0.0,0.0,,0.0,,,,,0.0,0.013751369901001453,0.0,,0.0,,,0.0,,0.006028351373970509,0.0,0.0,0.0,,0.006963010877370834,0.0,,0.0,0.0,0.0,0.0,0.0,,0.0025301980786025524,0.0,0.0,,0.0,0.0,0.0,0.0,0.0,0.0,0.0,,0.0009805925656110048,0.0,0.0,0.007419695612043142,0.0,0.0,0.0,,0.0,0.0,0.0,0.010489208623766899,0.0,0.0,0.0,0.0,0.0,0.0,0.00028485566144809127,0.0,0.0,0.0,,0.0,0.0,0.0,0.0,0.0,0.0,0.0,0.0,0.0,0.004446286242455244,0.0,0.0,0.0,,0.0,0.006903916597366333,,0.0032303640618920326,0.0,0.0,0.0,0.0,0.0,0.007855664007365704,0.0,0.0,0.0,0.011428353376686573,0.0,0.014265907928347588,0.0,0.0,0.0,0.0,0.0,0.0,0.0,0.0,0.0,0.0,0.0,0.0,0.0071387211792171,0.0,0.0,0.0,0.010663309134542942,0.009583434090018272,0.0,0.00991410668939352,0.0,0.0,0.0,0.019269602373242378,0.0,0.0,0.0,0.0,0.0,0.0,0.0,0.0,0.004451911896467209,0.0,0.0,0.0,0.0,0.0,0.015617968514561653,0.0,0.008543897420167923,0.0,0.0,0.017431413754820824,0.0,0.0,0.0,0.0,0.0,0.011158911511301994,0.0,0.006921166554093361,0.0,0.013884417712688446,0.0,0.0,0.0,0.0,0.0,0.017269155010581017,0.0,0.00583390099927783,0.0,0.0,,,,,,,,,,,,,,,,,,,,,,,,,,,,,,,,,,,,,,,,,,,,,,,,,,,,,,,,,,,,,,,,,,,,,,,,,,,,,,,,,,,,,,,,,,,,,,,,,,,,,,,,,,,,,,,,,,,,,,,,,,,,,,
2021-10-27,801258.1505328722,29.85759313988018,,,,,,,,,,,76494.84123570709,,1039061.7711000025,,,,,,,,,,,,,,,,,,,,,,,,,,,,,,,,,,,,,,,,,,,3158.371479201565,,,,,,,,,,,,,,,,,,,,,,22156.280331260397,9477.15977950454,4032.3384669051707,8201.903712248382,5823.823030076521,34144.97205253312,28863.74744712537,8255.504825912014,35930.86223587339,,,,,,,,,,,,,,,,,,,,,,,,,,,,,,,,,,,,0.007672586012631655,0.0,0.0,0.01092440728098154,0.0,0.0,0.0,0.0,0.0,0.0,0.0,0.0,0.0,0.0,0.0,0.0,,0.0,,0.0,,0.0,0.0,0.0,0.010507198981940746,0.0,,0.0,0.0,0.010712611488997936,0.0,0.012846814468502998,0.0,,0.0,,,,0.0,0.0,0.0,,0.0,0.0,0.0012285824632272124,0.009027548134326935,0.0,,,0.0,,0.0,0.0,0.0,0.0,0.0,0.0,0.0,0.0,0.006439491640776396,0.015234255231916904,0.0,0.0,0.0,,0.011381476186215878,0.0,0.0,0.0,0.015055594965815544,,0.0005889178719371557,0.0,,0.0,0.0,0.0,0.0,,0.0,0.0,0.0,,0.0,,0.0,0.0,,0.0,,0.0,0.0,0.0030229962430894375,0.01743323914706707,0.0,0.012673601508140564,0.0,0.016194811090826988,0.0,,,0.009300514124333858,0.0,,,,,0.0,0.0,0.0,0.0,0.0,0.0,0.0,0.0,0.0,,0.012146583758294582,0.0019998527131974697,0.0,,0.019029388204216957,0.0,0.0015352413756772876,0.0,0.0,0.0,,0.002669151872396469,,0.014855947345495224,0.0,0.0,0.01175154373049736,,0.0,0.0,,0.0,0.0,0.0,0.0,0.0,0.0001421356719220057,0.0011042432161048055,0.0,0.0,0.0046468619257211685,0.003770541399717331,0.0,0.0012880248250439763,,0.02132318913936615,0.0,0.004850889090448618,0.0,,0.0,0.007785265799611807,0.0,0.0,0.0,0.0,0.0061191171407699585,0.0,0.0,0.0,,0.015078713186085224,0.0,0.0,,,,0.006918592378497124,0.002163069089874625,,0.0,0.0,0.0,0.0,,0.0,,0.0,0.0,0.013318006880581379,0.0,0.0,0.0,,,,0.0,0.01897398941218853,0.0,0.0,0.0,,0.0,0.008289680816233158,0.007186546456068754,0.0,,0.0,0.015495573170483112,0.0,0.0,0.0,,0.002988440217450261,0.0071138362400233746,0.006663523148745298,0.0,,0.0029522741679102182,0.007444577291607857,0.00870683416724205,0.0,0.015951599925756454,0.0,,0.0,0.0,0.0,0.0,0.0,0.0,,0.0,,0.005740217864513397,0.007723913062363863,0.0016765532782301307,0.0,0.0,0.0,0.0,,0.0,0.011521018110215664,0.0028374833054840565,,,0.0,0.0,0.0,0.0,0.0,0.0,0.0,0.0,0.0,,0.0,0.0,0.0014217449352145195,,0.0,0.0,0.0,0.015036061406135559,0.0,0.0,0.0,,,0.0,0.002523822244256735,0.0,0.0,0.0,,0.012212172150611877,,0.010441260412335396,0.0,,0.0,0.0001980172237381339,0.0,0.0,,,0.0,0.009777898900210857,,0.011562291532754898,0.0,,,0.0,0.021612513810396194,0.0,0.0,0.0,0.0,0.0,,,0.0,0.0,0.0,0.0,0.0,,,0.0,0.0,0.0,,0.0,0.0,,0.0,0.0,0.010721533559262753,,0.0,0.0,0.0,0.0,,0.0,0.0,,0.0,0.0,0.0,0.000222572882194072,0.004138255026191473,0.0,0.0,0.0,0.0,0.0,0.0,0.0,0.0,,0.01636638306081295,,0.0,0.013081780634820461,0.00596213573589921,0.0,0.0,0.0,0.00783260352909565,0.013072560541331768,0.0,0.01504174992442131,0.0,,0.0,,0.0,0.007702955510467291,0.0,,0.0,0.0,0.0,0.0064319828525185585,0.0,0.0,0.0,0.0,0.006455377209931612,0.002276746090501547,0.0,,,0.0,0.0,0.0,,,,0.0,0.0,,0.0,,0.0,,0.0,,,0.0,,,,,0.0,,0.0,0.009475049562752247,0.0,,0.0,0.0,0.0006172159337438643,,0.011276694014668465,0.0,,0.0,0.008886725641787052,0.0,,,0.0,,0.01935204491019249,0.0,0.0,,0.0,0.0019069688860327005,,,,0.0,0.0,0.0,0.0,0.0,7.387471123365685e-05,,,,0.007764055393636227,0.0,,0.0,,0.0,0.0,0.0,0.0,,,0.0,0.0,,,0.0,,0.0,,0.0,0.0,0.0,0.0,0.0,0.0,0.0,,0.0,0.010640541091561317,0.0,0.0,0.0,,,0.0,0.0,0.0,0.0,0.004161264281719923,0.0073729087598621845,,,,0.007771022617816925,0.0,0.0,0.0,,,0.008342444896697998,0.0,0.0,,0.0,,,,,0.0,0.013751369901001453,0.0,,0.0,,,0.0,,0.006028351373970509,0.0,0.0,0.0,,0.006963010877370834,0.0,,0.0,0.0,0.0,0.0,0.0,,0.0025301980786025524,0.0,0.0,,0.0,0.0,0.0,0.0,0.0,0.0,0.0,,0.0009805925656110048,0.0,0.0,0.007419695612043142,0.0,0.0,0.0,,0.0,0.0,0.0,0.010489208623766899,0.0,0.0,0.0,0.0,0.0,0.0,0.00028485566144809127,0.0,0.0,0.0,,0.0,0.0,0.0,0.0,0.0,0.0,0.0,0.0,0.0,0.004446286242455244,0.0,0.0,0.0,,0.0,0.006903916597366333,,0.0032303640618920326,0.0,0.0,0.0,0.0,0.0,0.007855664007365704,0.0,0.0,0.0,0.011428353376686573,0.0,0.014265907928347588,0.0,0.0,0.0,0.0,0.0,0.0,0.0,0.0,0.0,0.0,0.0,0.0,0.0071387211792171,0.0,0.0,0.0,0.010663309134542942,0.009583434090018272,0.0,0.00991410668939352,0.0,0.0,0.0,0.019269602373242378,0.0,0.0,0.0,0.0,0.0,0.0,0.0,0.0,0.004451911896467209,0.0,0.0,0.0,0.0,0.0,0.015617968514561653,0.0,0.008543897420167923,0.0,0.0,0.017431413754820824,0.0,0.0,0.0,0.0,0.0,0.011158911511301994,0.0,0.006921166554093361,0.0,0.013884417712688446,0.0,0.0,0.0,0.0,0.0,0.017269155010581017,0.0,0.00583390099927783,0.0,0.0,,,,,,,,,,,,,,,,,,,,,,,,,,,,,,,,,,,,,,,,,,,,,,,,,,,,,,,,,,,,,,,,,,,,,,,,,,,,,,,,,,,,,,,,,,,,,,,,,,,,,,,,,,,,,,,,,,,,,,,,,,,,,,
2021-10-28,793497.8304846718,32.07635850437023,,,,,,,,,,,76494.84123570709,,1039061.7711000025,,,,,,,,,,,,,,,,,,,,,,,,,,,,,,,,,,,,,,,,,,,3158.371479201565,,,,,,,,,,,,,,,,,,,,,,22156.280331260397,9477.15977950454,4032.3384669051707,8201.903712248382,5823.658358105802,34144.97205253312,28863.74744712537,8255.504825912014,35930.86223587339,,,,,,,,,,,,,,,,,,,,,,,,,,,,,,,,,,,,0.007672586012631655,0.0,0.0,0.01092440728098154,0.0,0.0,0.0,0.0,0.0,0.0,0.0,0.0,0.0,0.0,0.0,0.0,,0.0,,0.0,,0.0,0.0,0.0,0.010507198981940746,0.0,,0.0,0.0,0.010712611488997936,0.0,0.012846814468502998,0.0,,0.0,,,,0.0,0.0,0.0,,0.0,0.0,0.0012285824632272124,0.009027548134326935,0.0,,,0.0,,0.0,0.0,0.0,0.0,0.0,0.0,0.0,0.0,0.006439491640776396,0.015234255231916904,0.0,0.0,0.0,,0.011381476186215878,0.0,0.0,0.0,0.015055594965815544,,0.0005889178719371557,0.0,,0.0,0.0,0.0,0.0,,0.0,0.0,0.0,,0.0,,0.0,0.0,,0.0,,0.0,0.0,0.0030229962430894375,0.01743323914706707,0.0,0.012673601508140564,0.0,0.016194811090826988,0.0,,,0.009300514124333858,0.0,,,,,0.0,0.0,0.0,0.0,0.0,0.0,0.0,0.0,0.0,,0.012146583758294582,0.0019998527131974697,0.0,,0.019029388204216957,0.0,0.0015352413756772876,0.0,0.0,0.0,,0.002669151872396469,,0.014855947345495224,0.0,0.0,0.01175154373049736,,0.0,0.0,,0.0,0.0,0.0,0.0,0.0,0.0001421356719220057,0.0011042432161048055,0.0,0.0,0.0046468619257211685,0.003770541399717331,0.0,0.0012880248250439763,,0.02132318913936615,0.0,0.004850889090448618,0.0,,0.0,0.007785265799611807,0.0,0.0,0.0,0.0,0.0061191171407699585,0.0,0.0,0.0,,0.015078713186085224,0.0,0.0,,,,0.006918592378497124,0.002163069089874625,,0.0,0.0,0.0,0.0,,0.0,,0.0,0.0,0.013318006880581379,0.0,0.0,0.0,,,,0.0,0.01897398941218853,0.0,0.0,0.0,,0.0,0.008289680816233158,0.007186546456068754,0.0,,0.0,0.015495573170483112,0.0,0.0,0.0,,0.002988440217450261,0.0071138362400233746,0.006663523148745298,0.0,,0.0029522741679102182,0.007444577291607857,0.00870683416724205,0.0,0.015951599925756454,0.0,,0.0,0.0,0.0,0.0,0.0,0.0,,0.0,,0.005740217864513397,0.007723913062363863,0.0016765532782301307,0.0,0.0,0.0,0.0,,0.0,0.011521018110215664,0.0028374833054840565,,,0.0,0.0,0.0,0.0,0.0,0.0,0.0,0.0,0.0,,0.0,0.0,0.0014217449352145195,,0.0,0.0,0.0,0.015036061406135559,0.0,0.0,0.0,,,0.0,0.002523822244256735,0.0,0.0,0.0,,0.012212172150611877,,0.010441260412335396,0.0,,0.0,0.0001980172237381339,0.0,0.0,,,0.0,0.009777898900210857,,0.011562291532754898,0.0,,,0.0,0.021612513810396194,0.0,0.0,0.0,0.0,0.0,,,0.0,0.0,0.0,0.0,0.0,,,0.0,0.0,0.0,,0.0,0.0,,0.0,0.0,0.010721533559262753,,0.0,0.0,0.0,0.0,,0.0,0.0,,0.0,0.0,0.0,0.000222572882194072,0.004138255026191473,0.0,0.0,0.0,0.0,0.0,0.0,0.0,0.0,,0.01636638306081295,,0.0,0.013081780634820461,0.00596213573589921,0.0,0.0,0.0,0.00783260352909565,0.013072560541331768,0.0,0.01504174992442131,0.0,,0.0,,0.0,0.007702955510467291,0.0,,0.0,0.0,0.0,0.0064319828525185585,0.0,0.0,0.0,0.0,0.006455377209931612,0.002276746090501547,0.0,,,0.0,0.0,0.0,,,,0.0,0.0,,0.0,,0.0,,0.0,,,0.0,,,,,0.0,,0.0,0.009475049562752247,0.0,,0.0,0.0,0.0006172159337438643,,0.011276694014668465,0.0,,0.0,0.008886725641787052,0.0,,,0.0,,0.01935204491019249,0.0,0.0,,0.0,0.0019069688860327005,,,,0.0,0.0,0.0,0.0,0.0,7.387471123365685e-05,,,,0.007764055393636227,0.0,,0.0,,0.0,0.0,0.0,0.0,,,0.0,0.0,,,0.0,,0.0,,0.0,0.0,0.0,0.0,0.0,0.0,0.0,,0.0,0.010640541091561317,0.0,0.0,0.0,,,0.0,0.0,0.0,0.0,0.004161264281719923,0.0073729087598621845,,,,0.007771022617816925,0.0,0.0,0.0,,,0.008342444896697998,0.0,0.0,,0.0,,,,,0.0,0.013751369901001453,0.0,,0.0,,,0.0,,0.006028351373970509,0.0,0.0,0.0,,0.006963010877370834,0.0,,0.0,0.0,0.0,0.0,0.0,,0.0025301980786025524,0.0,0.0,,0.0,0.0,0.0,0.0,0.0,0.0,0.0,,0.0009805925656110048,0.0,0.0,0.007419695612043142,0.0,0.0,0.0,,0.0,0.0,0.0,0.010489208623766899,0.0,0.0,0.0,0.0,0.0,0.0,0.00028485566144809127,0.0,0.0,0.0,,0.0,0.0,0.0,0.0,0.0,0.0,0.0,0.0,0.0,0.004446286242455244,0.0,0.0,0.0,,0.0,0.006903916597366333,,0.0032303640618920326,0.0,0.0,0.0,0.0,0.0,0.007855664007365704,0.0,0.0,0.0,0.011428353376686573,0.0,0.014265907928347588,0.0,0.0,0.0,0.0,0.0,0.0,0.0,0.0,0.0,0.0,0.0,0.0,0.0071387211792171,0.0,0.0,0.0,0.010663309134542942,0.009583434090018272,0.0,0.00991410668939352,0.0,0.0,0.0,0.019269602373242378,0.0,0.0,0.0,0.0,0.0,0.0,0.0,0.0,0.004451911896467209,0.0,0.0,0.0,0.0,0.0,0.015617968514561653,0.0,0.008543897420167923,0.0,0.0,0.017431413754820824,0.0,0.0,0.0,0.0,0.0,0.011158911511301994,0.0,0.006921166554093361,0.0,0.013884417712688446,0.0,0.0,0.0,0.0,0.0,0.017269155010581017,0.0,0.00583390099927783,0.0,0.0,,,,,,,,,,,,,,,,,,,,,,,,,,,,,,,,,,,,,,,,,,,,,,,,,,,,,,,,,,,,,,,,,,,,,,,,,,,,,,,,,,,,,,,,,,,,,,,,,,,,,,,,,,,,,,,,,,,,,,,,,,,,,,
2021-10-29,807343.5172803893,30.415997565215168,,,,,,,,,,,76494.84123570709,,1039061.7711000025,,,,,,,,,,,,,,,,,,,,,,,,,,,,,,,,,,,,,,,,,,,3158.371479201565,,,,,,,,,,,,,,,,,,,,,,22156.280331260397,9477.15977950454,4032.3384669051707,8201.903712248382,5823.777544304618,34144.97205253312,28863.74744712537,8255.504825912014,35930.86223587339,,,,,,,,,,,,,,,,,,,,,,,,,,,,,,,,,,,,0.007672586012631655,0.0,0.0,0.01092440728098154,0.0,0.0,0.0,0.0,0.0,0.0,0.0,0.0,0.0,0.0,0.0,0.0,,0.0,,0.0,,0.0,0.0,0.0,0.010507198981940746,0.0,,0.0,0.0,0.010712611488997936,0.0,0.012846814468502998,0.0,,0.0,,,,0.0,0.0,0.0,,0.0,0.0,0.0012285824632272124,0.009027548134326935,0.0,,,0.0,,0.0,0.0,0.0,0.0,0.0,0.0,0.0,0.0,0.006439491640776396,0.015234255231916904,0.0,0.0,0.0,,0.011381476186215878,0.0,0.0,0.0,0.015055594965815544,,0.0005889178719371557,0.0,,0.0,0.0,0.0,0.0,,0.0,0.0,0.0,,0.0,,0.0,0.0,,0.0,,0.0,0.0,0.0030229962430894375,0.01743323914706707,0.0,0.012673601508140564,0.0,0.016194811090826988,0.0,,,0.009300514124333858,0.0,,,,,0.0,0.0,0.0,0.0,0.0,0.0,0.0,0.0,0.0,,0.012146583758294582,0.0019998527131974697,0.0,,0.019029388204216957,0.0,0.0015352413756772876,0.0,0.0,0.0,,0.002669151872396469,,0.014855947345495224,0.0,0.0,0.01175154373049736,,0.0,0.0,,0.0,0.0,0.0,0.0,0.0,0.0001421356719220057,0.0011042432161048055,0.0,0.0,0.0046468619257211685,0.003770541399717331,0.0,0.0012880248250439763,,0.02132318913936615,0.0,0.004850889090448618,0.0,,0.0,0.007785265799611807,0.0,0.0,0.0,0.0,0.0061191171407699585,0.0,0.0,0.0,,0.015078713186085224,0.0,0.0,,,,0.006918592378497124,0.002163069089874625,,0.0,0.0,0.0,0.0,,0.0,,0.0,0.0,0.013318006880581379,0.0,0.0,0.0,,,,0.0,0.01897398941218853,0.0,0.0,0.0,,0.0,0.008289680816233158,0.007186546456068754,0.0,,0.0,0.015495573170483112,0.0,0.0,0.0,,0.002988440217450261,0.0071138362400233746,0.006663523148745298,0.0,,0.0029522741679102182,0.007444577291607857,0.00870683416724205,0.0,0.015951599925756454,0.0,,0.0,0.0,0.0,0.0,0.0,0.0,,0.0,,0.005740217864513397,0.007723913062363863,0.0016765532782301307,0.0,0.0,0.0,0.0,,0.0,0.011521018110215664,0.0028374833054840565,,,0.0,0.0,0.0,0.0,0.0,0.0,0.0,0.0,0.0,,0.0,0.0,0.0014217449352145195,,0.0,0.0,0.0,0.015036061406135559,0.0,0.0,0.0,,,0.0,0.002523822244256735,0.0,0.0,0.0,,0.012212172150611877,,0.010441260412335396,0.0,,0.0,0.0001980172237381339,0.0,0.0,,,0.0,0.009777898900210857,,0.011562291532754898,0.0,,,0.0,0.021612513810396194,0.0,0.0,0.0,0.0,0.0,,,0.0,0.0,0.0,0.0,0.0,,,0.0,0.0,0.0,,0.0,0.0,,0.0,0.0,0.010721533559262753,,0.0,0.0,0.0,0.0,,0.0,0.0,,0.0,0.0,0.0,0.000222572882194072,0.004138255026191473,0.0,0.0,0.0,0.0,0.0,0.0,0.0,0.0,,0.01636638306081295,,0.0,0.013081780634820461,0.00596213573589921,0.0,0.0,0.0,0.00783260352909565,0.013072560541331768,0.0,0.01504174992442131,0.0,,0.0,,0.0,0.007702955510467291,0.0,,0.0,0.0,0.0,0.0064319828525185585,0.0,0.0,0.0,0.0,0.006455377209931612,0.002276746090501547,0.0,,,0.0,0.0,0.0,,,,0.0,0.0,,0.0,,0.0,,0.0,,,0.0,,,,,0.0,,0.0,0.009475049562752247,0.0,,0.0,0.0,0.0006172159337438643,,0.011276694014668465,0.0,,0.0,0.008886725641787052,0.0,,,0.0,,0.01935204491019249,0.0,0.0,,0.0,0.0019069688860327005,,,,0.0,0.0,0.0,0.0,0.0,7.387471123365685e-05,,,,0.007764055393636227,0.0,,0.0,,0.0,0.0,0.0,0.0,,,0.0,0.0,,,0.0,,0.0,,0.0,0.0,0.0,0.0,0.0,0.0,0.0,,0.0,0.010640541091561317,0.0,0.0,0.0,,,0.0,0.0,0.0,0.0,0.004161264281719923,0.0073729087598621845,,,,0.007771022617816925,0.0,0.0,0.0,,,0.008342444896697998,0.0,0.0,,0.0,,,,,0.0,0.013751369901001453,0.0,,0.0,,,0.0,,0.006028351373970509,0.0,0.0,0.0,,0.006963010877370834,0.0,,0.0,0.0,0.0,0.0,0.0,,0.0025301980786025524,0.0,0.0,,0.0,0.0,0.0,0.0,0.0,0.0,0.0,,0.0009805925656110048,0.0,0.0,0.007419695612043142,0.0,0.0,0.0,,0.0,0.0,0.0,0.010489208623766899,0.0,0.0,0.0,0.0,0.0,0.0,0.00028485566144809127,0.0,0.0,0.0,,0.0,0.0,0.0,0.0,0.0,0.0,0.0,0.0,0.0,0.004446286242455244,0.0,0.0,0.0,,0.0,0.006903916597366333,,0.0032303640618920326,0.0,0.0,0.0,0.0,0.0,0.007855664007365704,0.0,0.0,0.0,0.011428353376686573,0.0,0.014265907928347588,0.0,0.0,0.0,0.0,0.0,0.0,0.0,0.0,0.0,0.0,0.0,0.0,0.0071387211792171,0.0,0.0,0.0,0.010663309134542942,0.009583434090018272,0.0,0.00991410668939352,0.0,0.0,0.0,0.019269602373242378,0.0,0.0,0.0,0.0,0.0,0.0,0.0,0.0,0.004451911896467209,0.0,0.0,0.0,0.0,0.0,0.015617968514561653,0.0,0.008543897420167923,0.0,0.0,0.017431413754820824,0.0,0.0,0.0,0.0,0.0,0.011158911511301994,0.0,0.006921166554093361,0.0,0.013884417712688446,0.0,0.0,0.0,0.0,0.0,0.017269155010581017,0.0,0.00583390099927783,0.0,0.0,,,,,,,,,,,,,,,,,,,,,,,,,,,,,,,,,,,,,,,,,,,,,,,,,,,,,,,,,,,,,,,,,,,,,,,,,,,,,,,,,,,,,,,,,,,,,,,,,,,,,,,,,,,,,,,,,,,,,,,,,,,,,,
2021-11-01,812273.278896108,31.665106976198242,,,,,,,,,,,76494.84123570709,,1039061.7711000025,,,,,,,,,,,,,,,,,,,,,,,,,,,,,,,,,,,,,,,,,,,3158.371479201565,,,,,,,,,,,,,,,,,,,,,,22156.280331260397,9477.15977950454,4032.3384669051707,8201.903712248382,5823.688680633622,34144.97205253312,28863.74744712537,8255.504825912014,35930.86223587339,,,,,,,,,,,,,,,,,,,,,,,,,,,,,,,,,,,,0.007672586012631655,0.0,0.0,0.01092440728098154,0.0,0.0,0.0,0.0,0.0,0.0,0.0,0.0,0.0,0.0,0.0,0.0,,0.0,,0.0,,0.0,0.0,0.0,0.010507198981940746,0.0,,0.0,0.0,0.010712611488997936,0.0,0.012846814468502998,0.0,,0.0,,,,0.0,0.0,0.0,,0.0,0.0,0.0012285824632272124,0.009027548134326935,0.0,,,0.0,,0.0,0.0,0.0,0.0,0.0,0.0,0.0,0.0,0.006439491640776396,0.015234255231916904,0.0,0.0,0.0,,0.011381476186215878,0.0,0.0,0.0,0.015055594965815544,,0.0005889178719371557,0.0,,0.0,0.0,0.0,0.0,,0.0,0.0,0.0,,0.0,,0.0,0.0,,0.0,,0.0,0.0,0.0030229962430894375,0.01743323914706707,0.0,0.012673601508140564,0.0,0.016194811090826988,0.0,,,0.009300514124333858,0.0,,,,,0.0,0.0,0.0,0.0,0.0,0.0,0.0,0.0,0.0,,0.012146583758294582,0.0019998527131974697,0.0,,0.019029388204216957,0.0,0.0015352413756772876,0.0,0.0,0.0,,0.002669151872396469,,0.014855947345495224,0.0,0.0,0.01175154373049736,,0.0,0.0,,0.0,0.0,0.0,0.0,0.0,0.0001421356719220057,0.0011042432161048055,0.0,0.0,0.0046468619257211685,0.003770541399717331,0.0,0.0012880248250439763,,0.02132318913936615,0.0,0.004850889090448618,0.0,,0.0,0.007785265799611807,0.0,0.0,0.0,0.0,0.0061191171407699585,0.0,0.0,0.0,,0.015078713186085224,0.0,0.0,,,,0.006918592378497124,0.002163069089874625,,0.0,0.0,0.0,0.0,,0.0,,0.0,0.0,0.013318006880581379,0.0,0.0,0.0,,,,0.0,0.01897398941218853,0.0,0.0,0.0,,0.0,0.008289680816233158,0.007186546456068754,0.0,,0.0,0.015495573170483112,0.0,0.0,0.0,,0.002988440217450261,0.0071138362400233746,0.006663523148745298,0.0,,0.0029522741679102182,0.007444577291607857,0.00870683416724205,0.0,0.015951599925756454,0.0,,0.0,0.0,0.0,0.0,0.0,0.0,,0.0,,0.005740217864513397,0.007723913062363863,0.0016765532782301307,0.0,0.0,0.0,0.0,,0.0,0.011521018110215664,0.0028374833054840565,,,0.0,0.0,0.0,0.0,0.0,0.0,0.0,0.0,0.0,,0.0,0.0,0.0014217449352145195,,0.0,0.0,0.0,0.015036061406135559,0.0,0.0,0.0,,,0.0,0.002523822244256735,0.0,0.0,0.0,,0.012212172150611877,,0.010441260412335396,0.0,,0.0,0.0001980172237381339,0.0,0.0,,,0.0,0.009777898900210857,,0.011562291532754898,0.0,,,0.0,0.021612513810396194,0.0,0.0,0.0,0.0,0.0,,,0.0,0.0,0.0,0.0,0.0,,,0.0,0.0,0.0,,0.0,0.0,,0.0,0.0,0.010721533559262753,,0.0,0.0,0.0,0.0,,0.0,0.0,,0.0,0.0,0.0,0.000222572882194072,0.004138255026191473,0.0,0.0,0.0,0.0,0.0,0.0,0.0,0.0,,0.01636638306081295,,0.0,0.013081780634820461,0.00596213573589921,0.0,0.0,0.0,0.00783260352909565,0.013072560541331768,0.0,0.01504174992442131,0.0,,0.0,,0.0,0.007702955510467291,0.0,,0.0,0.0,0.0,0.0064319828525185585,0.0,0.0,0.0,0.0,0.006455377209931612,0.002276746090501547,0.0,,,0.0,0.0,0.0,,,,0.0,0.0,,0.0,,0.0,,0.0,,,0.0,,,,,0.0,,0.0,0.009475049562752247,0.0,,0.0,0.0,0.0006172159337438643,,0.011276694014668465,0.0,,0.0,0.008886725641787052,0.0,,,0.0,,0.01935204491019249,0.0,0.0,,0.0,0.0019069688860327005,,,,0.0,0.0,0.0,0.0,0.0,7.387471123365685e-05,,,,0.007764055393636227,0.0,,0.0,,0.0,0.0,0.0,0.0,,,0.0,0.0,,,0.0,,0.0,,0.0,0.0,0.0,0.0,0.0,0.0,0.0,,0.0,0.010640541091561317,0.0,0.0,0.0,,,0.0,0.0,0.0,0.0,0.004161264281719923,0.0073729087598621845,,,,0.007771022617816925,0.0,0.0,0.0,,,0.008342444896697998,0.0,0.0,,0.0,,,,,0.0,0.013751369901001453,0.0,,0.0,,,0.0,,0.006028351373970509,0.0,0.0,0.0,,0.006963010877370834,0.0,,0.0,0.0,0.0,0.0,0.0,,0.0025301980786025524,0.0,0.0,,0.0,0.0,0.0,0.0,0.0,0.0,0.0,,0.0009805925656110048,0.0,0.0,0.007419695612043142,0.0,0.0,0.0,,0.0,0.0,0.0,0.010489208623766899,0.0,0.0,0.0,0.0,0.0,0.0,0.00028485566144809127,0.0,0.0,0.0,,0.0,0.0,0.0,0.0,0.0,0.0,0.0,0.0,0.0,0.004446286242455244,0.0,0.0,0.0,,0.0,0.006903916597366333,,0.0032303640618920326,0.0,0.0,0.0,0.0,0.0,0.007855664007365704,0.0,0.0,0.0,0.011428353376686573,0.0,0.014265907928347588,0.0,0.0,0.0,0.0,0.0,0.0,0.0,0.0,0.0,0.0,0.0,0.0,0.0071387211792171,0.0,0.0,0.0,0.010663309134542942,0.009583434090018272,0.0,0.00991410668939352,0.0,0.0,0.0,0.019269602373242378,0.0,0.0,0.0,0.0,0.0,0.0,0.0,0.0,0.004451911896467209,0.0,0.0,0.0,0.0,0.0,0.015617968514561653,0.0,0.008543897420167923,0.0,0.0,0.017431413754820824,0.0,0.0,0.0,0.0,0.0,0.011158911511301994,0.0,0.006921166554093361,0.0,0.013884417712688446,0.0,0.0,0.0,0.0,0.0,0.017269155010581017,0.0,0.00583390099927783,0.0,0.0,,,,,,,,,,,,,,,,,,,,,,,,,,,,,,,,,,,,,,,,,,,,,,,,,,,,,,,,,,,,,,,,,,,,,,,,,,,,,,,,,,,,,,,,,,,,,,,,,,,,,,,,,,,,,,,,,,,,,,,,,,,,,,
2021-11-02,800050.3661242503,30.000558238537348,,,,,,,,,,,76494.84123570709,,1039061.7711000025,,,,,,,,,,,,,,,,,,,,,,,,,,,,,,,,,,,,,,,,,,,3158.371479201565,,,,,,,,,,,,,,,,,,,,,,22156.280331260397,9477.15977950454,4032.3384669051707,8201.903712248382,5823.80070826634,34144.97205253312,28863.74744712537,8255.504825912014,35930.86223587339,,,,,,,,,,,,,,,,,,,,,,,,,,,,,,,,,,,,0.007672586012631655,0.0,0.0,0.01092440728098154,0.0,0.0,0.0,0.0,0.0,0.0,0.0,0.0,0.0,0.0,0.0,0.0,,0.0,,0.0,,0.0,0.0,0.0,0.010507198981940746,0.0,,0.0,0.0,0.010712611488997936,0.0,0.012846814468502998,0.0,,0.0,,,,0.0,0.0,0.0,,0.0,0.0,0.0012285824632272124,0.009027548134326935,0.0,,,0.0,,0.0,0.0,0.0,0.0,0.0,0.0,0.0,0.0,0.006439491640776396,0.015234255231916904,0.0,0.0,0.0,,0.011381476186215878,0.0,0.0,0.0,0.015055594965815544,,0.0005889178719371557,0.0,,0.0,0.0,0.0,0.0,,0.0,0.0,0.0,,0.0,,0.0,0.0,,0.0,,0.0,0.0,0.0030229962430894375,0.01743323914706707,0.0,0.012673601508140564,0.0,0.016194811090826988,0.0,,,0.009300514124333858,0.0,,,,,0.0,0.0,0.0,0.0,0.0,0.0,0.0,0.0,0.0,,0.012146583758294582,0.0019998527131974697,0.0,,0.019029388204216957,0.0,0.0015352413756772876,0.0,0.0,0.0,,0.002669151872396469,,0.014855947345495224,0.0,0.0,0.01175154373049736,,0.0,0.0,,0.0,0.0,0.0,0.0,0.0,0.0001421356719220057,0.0011042432161048055,0.0,0.0,0.0046468619257211685,0.003770541399717331,0.0,0.0012880248250439763,,0.02132318913936615,0.0,0.004850889090448618,0.0,,0.0,0.007785265799611807,0.0,0.0,0.0,0.0,0.0061191171407699585,0.0,0.0,0.0,,0.015078713186085224,0.0,0.0,,,,0.006918592378497124,0.002163069089874625,,0.0,0.0,0.0,0.0,,0.0,,0.0,0.0,0.013318006880581379,0.0,0.0,0.0,,,,0.0,0.01897398941218853,0.0,0.0,0.0,,0.0,0.008289680816233158,0.007186546456068754,0.0,,0.0,0.015495573170483112,0.0,0.0,0.0,,0.002988440217450261,0.0071138362400233746,0.006663523148745298,0.0,,0.0029522741679102182,0.007444577291607857,0.00870683416724205,0.0,0.015951599925756454,0.0,,0.0,0.0,0.0,0.0,0.0,0.0,,0.0,,0.005740217864513397,0.007723913062363863,0.0016765532782301307,0.0,0.0,0.0,0.0,,0.0,0.011521018110215664,0.0028374833054840565,,,0.0,0.0,0.0,0.0,0.0,0.0,0.0,0.0,0.0,,0.0,0.0,0.0014217449352145195,,0.0,0.0,0.0,0.015036061406135559,0.0,0.0,0.0,,,0.0,0.002523822244256735,0.0,0.0,0.0,,0.012212172150611877,,0.010441260412335396,0.0,,0.0,0.0001980172237381339,0.0,0.0,,,0.0,0.009777898900210857,,0.011562291532754898,0.0,,,0.0,0.021612513810396194,0.0,0.0,0.0,0.0,0.0,,,0.0,0.0,0.0,0.0,0.0,,,0.0,0.0,0.0,,0.0,0.0,,0.0,0.0,0.010721533559262753,,0.0,0.0,0.0,0.0,,0.0,0.0,,0.0,0.0,0.0,0.000222572882194072,0.004138255026191473,0.0,0.0,0.0,0.0,0.0,0.0,0.0,0.0,,0.01636638306081295,,0.0,0.013081780634820461,0.00596213573589921,0.0,0.0,0.0,0.00783260352909565,0.013072560541331768,0.0,0.01504174992442131,0.0,,0.0,,0.0,0.007702955510467291,0.0,,0.0,0.0,0.0,0.0064319828525185585,0.0,0.0,0.0,0.0,0.006455377209931612,0.002276746090501547,0.0,,,0.0,0.0,0.0,,,,0.0,0.0,,0.0,,0.0,,0.0,,,0.0,,,,,0.0,,0.0,0.009475049562752247,0.0,,0.0,0.0,0.0006172159337438643,,0.011276694014668465,0.0,,0.0,0.008886725641787052,0.0,,,0.0,,0.01935204491019249,0.0,0.0,,0.0,0.0019069688860327005,,,,0.0,0.0,0.0,0.0,0.0,7.387471123365685e-05,,,,0.007764055393636227,0.0,,0.0,,0.0,0.0,0.0,0.0,,,0.0,0.0,,,0.0,,0.0,,0.0,0.0,0.0,0.0,0.0,0.0,0.0,,0.0,0.010640541091561317,0.0,0.0,0.0,,,0.0,0.0,0.0,0.0,0.004161264281719923,0.0073729087598621845,,,,0.007771022617816925,0.0,0.0,0.0,,,0.008342444896697998,0.0,0.0,,0.0,,,,,0.0,0.013751369901001453,0.0,,0.0,,,0.0,,0.006028351373970509,0.0,0.0,0.0,,0.006963010877370834,0.0,,0.0,0.0,0.0,0.0,0.0,,0.0025301980786025524,0.0,0.0,,0.0,0.0,0.0,0.0,0.0,0.0,0.0,,0.0009805925656110048,0.0,0.0,0.007419695612043142,0.0,0.0,0.0,,0.0,0.0,0.0,0.010489208623766899,0.0,0.0,0.0,0.0,0.0,0.0,0.00028485566144809127,0.0,0.0,0.0,,0.0,0.0,0.0,0.0,0.0,0.0,0.0,0.0,0.0,0.004446286242455244,0.0,0.0,0.0,,0.0,0.006903916597366333,,0.0032303640618920326,0.0,0.0,0.0,0.0,0.0,0.007855664007365704,0.0,0.0,0.0,0.011428353376686573,0.0,0.014265907928347588,0.0,0.0,0.0,0.0,0.0,0.0,0.0,0.0,0.0,0.0,0.0,0.0,0.0071387211792171,0.0,0.0,0.0,0.010663309134542942,0.009583434090018272,0.0,0.00991410668939352,0.0,0.0,0.0,0.019269602373242378,0.0,0.0,0.0,0.0,0.0,0.0,0.0,0.0,0.004451911896467209,0.0,0.0,0.0,0.0,0.0,0.015617968514561653,0.0,0.008543897420167923,0.0,0.0,0.017431413754820824,0.0,0.0,0.0,0.0,0.0,0.011158911511301994,0.0,0.006921166554093361,0.0,0.013884417712688446,0.0,0.0,0.0,0.0,0.0,0.017269155010581017,0.0,0.00583390099927783,0.0,0.0,,,,,,,,,,,,,,,,,,,,,,,,,,,,,,,,,,,,,,,,,,,,,,,,,,,,,,,,,,,,,,,,,,,,,,,,,,,,,,,,,,,,,,,,,,,,,,,,,,,,,,,,,,,,,,,,,,,,,,,,,,,,,,
2021-11-03,805674.2239328068,31.186716974079346,,,,,,,,,,,76494.84123570709,,1039061.7711000025,,,,,,,,,,,,,,,,,,,,,,,,,,,,,,,,,,,,,,,,,,,3158.371479201565,,,,,,,,,,,,,,,,,,,,,,22156.280331260397,9477.15977950454,4032.3384669051707,8201.903712248382,5823.719424630038,34144.97205253312,28863.74744712537,8255.504825912014,35930.86223587339,,,,,,,,,,,,,,,,,,,,,,,,,,,,,,,,,,,,0.007672586012631655,0.0,0.0,0.01092440728098154,0.0,0.0,0.0,0.0,0.0,0.0,0.0,0.0,0.0,0.0,0.0,0.0,,0.0,,0.0,,0.0,0.0,0.0,0.010507198981940746,0.0,,0.0,0.0,0.010712611488997936,0.0,0.012846814468502998,0.0,,0.0,,,,0.0,0.0,0.0,,0.0,0.0,0.0012285824632272124,0.009027548134326935,0.0,,,0.0,,0.0,0.0,0.0,0.0,0.0,0.0,0.0,0.0,0.006439491640776396,0.015234255231916904,0.0,0.0,0.0,,0.011381476186215878,0.0,0.0,0.0,0.015055594965815544,,0.0005889178719371557,0.0,,0.0,0.0,0.0,0.0,,0.0,0.0,0.0,,0.0,,0.0,0.0,,0.0,,0.0,0.0,0.0030229962430894375,0.01743323914706707,0.0,0.012673601508140564,0.0,0.016194811090826988,0.0,,,0.009300514124333858,0.0,,,,,0.0,0.0,0.0,0.0,0.0,0.0,0.0,0.0,0.0,,0.012146583758294582,0.0019998527131974697,0.0,,0.019029388204216957,0.0,0.0015352413756772876,0.0,0.0,0.0,,0.002669151872396469,,0.014855947345495224,0.0,0.0,0.01175154373049736,,0.0,0.0,,0.0,0.0,0.0,0.0,0.0,0.0001421356719220057,0.0011042432161048055,0.0,0.0,0.0046468619257211685,0.003770541399717331,0.0,0.0012880248250439763,,0.02132318913936615,0.0,0.004850889090448618,0.0,,0.0,0.007785265799611807,0.0,0.0,0.0,0.0,0.0061191171407699585,0.0,0.0,0.0,,0.015078713186085224,0.0,0.0,,,,0.006918592378497124,0.002163069089874625,,0.0,0.0,0.0,0.0,,0.0,,0.0,0.0,0.013318006880581379,0.0,0.0,0.0,,,,0.0,0.01897398941218853,0.0,0.0,0.0,,0.0,0.008289680816233158,0.007186546456068754,0.0,,0.0,0.015495573170483112,0.0,0.0,0.0,,0.002988440217450261,0.0071138362400233746,0.006663523148745298,0.0,,0.0029522741679102182,0.007444577291607857,0.00870683416724205,0.0,0.015951599925756454,0.0,,0.0,0.0,0.0,0.0,0.0,0.0,,0.0,,0.005740217864513397,0.007723913062363863,0.0016765532782301307,0.0,0.0,0.0,0.0,,0.0,0.011521018110215664,0.0028374833054840565,,,0.0,0.0,0.0,0.0,0.0,0.0,0.0,0.0,0.0,,0.0,0.0,0.0014217449352145195,,0.0,0.0,0.0,0.015036061406135559,0.0,0.0,0.0,,,0.0,0.002523822244256735,0.0,0.0,0.0,,0.012212172150611877,,0.010441260412335396,0.0,,0.0,0.0001980172237381339,0.0,0.0,,,0.0,0.009777898900210857,,0.011562291532754898,0.0,,,0.0,0.021612513810396194,0.0,0.0,0.0,0.0,0.0,,,0.0,0.0,0.0,0.0,0.0,,,0.0,0.0,0.0,,0.0,0.0,,0.0,0.0,0.010721533559262753,,0.0,0.0,0.0,0.0,,0.0,0.0,,0.0,0.0,0.0,0.000222572882194072,0.004138255026191473,0.0,0.0,0.0,0.0,0.0,0.0,0.0,0.0,,0.01636638306081295,,0.0,0.013081780634820461,0.00596213573589921,0.0,0.0,0.0,0.00783260352909565,0.013072560541331768,0.0,0.01504174992442131,0.0,,0.0,,0.0,0.007702955510467291,0.0,,0.0,0.0,0.0,0.0064319828525185585,0.0,0.0,0.0,0.0,0.006455377209931612,0.002276746090501547,0.0,,,0.0,0.0,0.0,,,,0.0,0.0,,0.0,,0.0,,0.0,,,0.0,,,,,0.0,,0.0,0.009475049562752247,0.0,,0.0,0.0,0.0006172159337438643,,0.011276694014668465,0.0,,0.0,0.008886725641787052,0.0,,,0.0,,0.01935204491019249,0.0,0.0,,0.0,0.0019069688860327005,,,,0.0,0.0,0.0,0.0,0.0,7.387471123365685e-05,,,,0.007764055393636227,0.0,,0.0,,0.0,0.0,0.0,0.0,,,0.0,0.0,,,0.0,,0.0,,0.0,0.0,0.0,0.0,0.0,0.0,0.0,,0.0,0.010640541091561317,0.0,0.0,0.0,,,0.0,0.0,0.0,0.0,0.004161264281719923,0.0073729087598621845,,,,0.007771022617816925,0.0,0.0,0.0,,,0.008342444896697998,0.0,0.0,,0.0,,,,,0.0,0.013751369901001453,0.0,,0.0,,,0.0,,0.006028351373970509,0.0,0.0,0.0,,0.006963010877370834,0.0,,0.0,0.0,0.0,0.0,0.0,,0.0025301980786025524,0.0,0.0,,0.0,0.0,0.0,0.0,0.0,0.0,0.0,,0.0009805925656110048,0.0,0.0,0.007419695612043142,0.0,0.0,0.0,,0.0,0.0,0.0,0.010489208623766899,0.0,0.0,0.0,0.0,0.0,0.0,0.00028485566144809127,0.0,0.0,0.0,,0.0,0.0,0.0,0.0,0.0,0.0,0.0,0.0,0.0,0.004446286242455244,0.0,0.0,0.0,,0.0,0.006903916597366333,,0.0032303640618920326,0.0,0.0,0.0,0.0,0.0,0.007855664007365704,0.0,0.0,0.0,0.011428353376686573,0.0,0.014265907928347588,0.0,0.0,0.0,0.0,0.0,0.0,0.0,0.0,0.0,0.0,0.0,0.0,0.0071387211792171,0.0,0.0,0.0,0.010663309134542942,0.009583434090018272,0.0,0.00991410668939352,0.0,0.0,0.0,0.019269602373242378,0.0,0.0,0.0,0.0,0.0,0.0,0.0,0.0,0.004451911896467209,0.0,0.0,0.0,0.0,0.0,0.015617968514561653,0.0,0.008543897420167923,0.0,0.0,0.017431413754820824,0.0,0.0,0.0,0.0,0.0,0.011158911511301994,0.0,0.006921166554093361,0.0,0.013884417712688446,0.0,0.0,0.0,0.0,0.0,0.017269155010581017,0.0,0.00583390099927783,0.0,0.0,,,,,,,,,,,,,,,,,,,,,,,,,,,,,,,,,,,,,,,,,,,,,,,,,,,,,,,,,,,,,,,,,,,,,,,,,,,,,,,,,,,,,,,,,,,,,,,,,,,,,,,,,,,,,,,,,,,,,,,,,,,,,,
2021-11-04,805302.402408328,49.5750846715672,,,,,,,,,,,76494.84123570709,,1039061.7711000025,,,,,,,,,,,,,,,,,,,,,,,,,,,,,,,,,,,,,,,,,,,3158.371479201565,,,,,,,,,,,,,,,,,,,,,,25382.534184493197,9477.15977950454,4032.3384669051707,8201.903712248382,4853.173574366074,36771.34326967856,29126.138367914788,8255.504825912014,35930.86223587339,,,,,,,,,,,,,,,,,,,,,,,,,,,,,,,,,,,,0.007672586012631655,0.0,0.0,0.01092440728098154,0.0,0.0,0.0,0.0,0.0,0.0,0.0,0.0,0.0,0.0,0.0,0.0,,0.0,,0.0,,0.0,0.0,0.0,0.010507198981940746,0.0,,0.0,0.0,0.010712611488997936,0.0,0.012846814468502998,0.0,,0.0,,,,0.0,0.0,0.0,,0.0,0.0,0.0012285824632272124,0.009027548134326935,0.0,,,0.0,,0.0,0.0,0.0,0.0,0.0,0.0,0.0,0.0,0.006439491640776396,0.015234255231916904,0.0,0.0,0.0,,0.011381476186215878,0.0,0.0,0.0,0.015055594965815544,,0.0005889178719371557,0.0,,0.0,0.0,0.0,0.0,,0.0,0.0,0.0,,0.0,,0.0,0.0,,0.0,,0.0,0.0,0.0030229962430894375,0.01743323914706707,0.0,0.012673601508140564,0.0,0.016194811090826988,0.0,,,0.009300514124333858,0.0,,,,,0.0,0.0,0.0,0.0,0.0,0.0,0.0,0.0,0.0,,0.012146583758294582,0.0019998527131974697,0.0,,0.019029388204216957,0.0,0.0015352413756772876,0.0,0.0,0.0,,0.002669151872396469,,0.014855947345495224,0.0,0.0,0.01175154373049736,,0.0,0.0,,0.0,0.0,0.0,0.0,0.0,0.0001421356719220057,0.0011042432161048055,0.0,0.0,0.0046468619257211685,0.003770541399717331,0.0,0.0012880248250439763,,0.02132318913936615,0.0,0.004850889090448618,0.0,,0.0,0.007785265799611807,0.0,0.0,0.0,0.0,0.0061191171407699585,0.0,0.0,0.0,,0.015078713186085224,0.0,0.0,,,,0.006918592378497124,0.002163069089874625,,0.0,0.0,0.0,0.0,,0.0,,0.0,0.0,0.013318006880581379,0.0,0.0,0.0,,,,0.0,0.01897398941218853,0.0,0.0,0.0,,0.0,0.008289680816233158,0.007186546456068754,0.0,,0.0,0.015495573170483112,0.0,0.0,0.0,,0.002988440217450261,0.0071138362400233746,0.006663523148745298,0.0,,0.0029522741679102182,0.007444577291607857,0.00870683416724205,0.0,0.015951599925756454,0.0,,0.0,0.0,0.0,0.0,0.0,0.0,,0.0,,0.005740217864513397,0.007723913062363863,0.0016765532782301307,0.0,0.0,0.0,0.0,,0.0,0.011521018110215664,0.0028374833054840565,,,0.0,0.0,0.0,0.0,0.0,0.0,0.0,0.0,0.0,,0.0,0.0,0.0014217449352145195,,0.0,0.0,0.0,0.015036061406135559,0.0,0.0,0.0,,,0.0,0.002523822244256735,0.0,0.0,0.0,,0.012212172150611877,,0.010441260412335396,0.0,,0.0,0.0001980172237381339,0.0,0.0,,,0.0,0.009777898900210857,,0.011562291532754898,0.0,,,0.0,0.021612513810396194,0.0,0.0,0.0,0.0,0.0,,,0.0,0.0,0.0,0.0,0.0,,,0.0,0.0,0.0,,0.0,0.0,,0.0,0.0,0.010721533559262753,,0.0,0.0,0.0,0.0,,0.0,0.0,,0.0,0.0,0.0,0.000222572882194072,0.004138255026191473,0.0,0.0,0.0,0.0,0.0,0.0,0.0,0.0,,0.01636638306081295,,0.0,0.013081780634820461,0.00596213573589921,0.0,0.0,0.0,0.00783260352909565,0.013072560541331768,0.0,0.01504174992442131,0.0,,0.0,,0.0,0.007702955510467291,0.0,,0.0,0.0,0.0,0.0064319828525185585,0.0,0.0,0.0,0.0,0.006455377209931612,0.002276746090501547,0.0,,,0.0,0.0,0.0,,,,0.0,0.0,,0.0,,0.0,,0.0,,,0.0,,,,,0.0,,0.0,0.009475049562752247,0.0,,0.0,0.0,0.0006172159337438643,,0.011276694014668465,0.0,,0.0,0.008886725641787052,0.0,,,0.0,,0.01935204491019249,0.0,0.0,,0.0,0.0019069688860327005,,,,0.0,0.0,0.0,0.0,0.0,7.387471123365685e-05,,,,0.007764055393636227,0.0,,0.0,,0.0,0.0,0.0,0.0,,,0.0,0.0,,,0.0,,0.0,,0.0,0.0,0.0,0.0,0.0,0.0,0.0,,0.0,0.010640541091561317,0.0,0.0,0.0,,,0.0,0.0,0.0,0.0,0.004161264281719923,0.0073729087598621845,,,,0.007771022617816925,0.0,0.0,0.0,,,0.008342444896697998,0.0,0.0,,0.0,,,,,0.0,0.013751369901001453,0.0,,0.0,,,0.0,,0.006028351373970509,0.0,0.0,0.0,,0.006963010877370834,0.0,,0.0,0.0,0.0,0.0,0.0,,0.0025301980786025524,0.0,0.0,,0.0,0.0,0.0,0.0,0.0,0.0,0.0,,0.0009805925656110048,0.0,0.0,0.007419695612043142,0.0,0.0,0.0,,0.0,0.0,0.0,0.010489208623766899,0.0,0.0,0.0,0.0,0.0,0.0,0.00028485566144809127,0.0,0.0,0.0,,0.0,0.0,0.0,0.0,0.0,0.0,0.0,0.0,0.0,0.004446286242455244,0.0,0.0,0.0,,0.0,0.006903916597366333,,0.0032303640618920326,0.0,0.0,0.0,0.0,0.0,0.007855664007365704,0.0,0.0,0.0,0.011428353376686573,0.0,0.014265907928347588,0.0,0.0,0.0,0.0,0.0,0.0,0.0,0.0,0.0,0.0,0.0,0.0,0.0071387211792171,0.0,0.0,0.0,0.010663309134542942,0.009583434090018272,0.0,0.00991410668939352,0.0,0.0,0.0,0.019269602373242378,0.0,0.0,0.0,0.0,0.0,0.0,0.0,0.0,0.004451911896467209,0.0,0.0,0.0,0.0,0.0,0.015617968514561653,0.0,0.008543897420167923,0.0,0.0,0.017431413754820824,0.0,0.0,0.0,0.0,0.0,0.011158911511301994,0.0,0.006921166554093361,0.0,0.013884417712688446,0.0,0.0,0.0,0.0,0.0,0.017269155010581017,0.0,0.00583390099927783,0.0,0.0,,,,,,,,,,,,,,,,,,,,,,,,,,,,,,,,,,,,,,,,,,,,,,,,,,,,,,,,,,,,,,,,,,,,,,,,,,,,,,,,,,,,,,,,,,,,,,,,,,,,,,,,,,,,,,,,,,,,,,,,,,,,,,
2021-11-05,804699.48773989,49.22235875149767,,,,,,,,,,,76494.84123570709,,1039061.7711000025,,,,,,,,,,,,,,,,,,,,,,,,,,,,,,,,,,,,,,,,,,,3158.371479201565,,,,,,,,,,,,,,,,,,,,,,25382.595901606128,9477.15977950454,4032.3384669051707,8201.903712248382,4853.18340158592,36771.34326967856,29126.138367914788,8255.504825912014,35930.86223587339,,,,,,,,,,,,,,,,,,,,,,,,,,,,,,,,,,,,0.007672586012631655,0.0,0.0,0.01092440728098154,0.0,0.0,0.0,0.0,0.0,0.0,0.0,0.0,0.0,0.0,0.0,0.0,,0.0,,0.0,,0.0,0.0,0.0,0.010507198981940746,0.0,,0.0,0.0,0.010712611488997936,0.0,0.012846814468502998,0.0,,0.0,,,,0.0,0.0,0.0,,0.0,0.0,0.0012285824632272124,0.009027548134326935,0.0,,,0.0,,0.0,0.0,0.0,0.0,0.0,0.0,0.0,0.0,0.006439491640776396,0.015234255231916904,0.0,0.0,0.0,,0.011381476186215878,0.0,0.0,0.0,0.015055594965815544,,0.0005889178719371557,0.0,,0.0,0.0,0.0,0.0,,0.0,0.0,0.0,,0.0,,0.0,0.0,,0.0,,0.0,0.0,0.0030229962430894375,0.01743323914706707,0.0,0.012673601508140564,0.0,0.016194811090826988,0.0,,,0.009300514124333858,0.0,,,,,0.0,0.0,0.0,0.0,0.0,0.0,0.0,0.0,0.0,,0.012146583758294582,0.0019998527131974697,0.0,,0.019029388204216957,0.0,0.0015352413756772876,0.0,0.0,0.0,,0.002669151872396469,,0.014855947345495224,0.0,0.0,0.01175154373049736,,0.0,0.0,,0.0,0.0,0.0,0.0,0.0,0.0001421356719220057,0.0011042432161048055,0.0,0.0,0.0046468619257211685,0.003770541399717331,0.0,0.0012880248250439763,,0.02132318913936615,0.0,0.004850889090448618,0.0,,0.0,0.007785265799611807,0.0,0.0,0.0,0.0,0.0061191171407699585,0.0,0.0,0.0,,0.015078713186085224,0.0,0.0,,,,0.006918592378497124,0.002163069089874625,,0.0,0.0,0.0,0.0,,0.0,,0.0,0.0,0.013318006880581379,0.0,0.0,0.0,,,,0.0,0.01897398941218853,0.0,0.0,0.0,,0.0,0.008289680816233158,0.007186546456068754,0.0,,0.0,0.015495573170483112,0.0,0.0,0.0,,0.002988440217450261,0.0071138362400233746,0.006663523148745298,0.0,,0.0029522741679102182,0.007444577291607857,0.00870683416724205,0.0,0.015951599925756454,0.0,,0.0,0.0,0.0,0.0,0.0,0.0,,0.0,,0.005740217864513397,0.007723913062363863,0.0016765532782301307,0.0,0.0,0.0,0.0,,0.0,0.011521018110215664,0.0028374833054840565,,,0.0,0.0,0.0,0.0,0.0,0.0,0.0,0.0,0.0,,0.0,0.0,0.0014217449352145195,,0.0,0.0,0.0,0.015036061406135559,0.0,0.0,0.0,,,0.0,0.002523822244256735,0.0,0.0,0.0,,0.012212172150611877,,0.010441260412335396,0.0,,0.0,0.0001980172237381339,0.0,0.0,,,0.0,0.009777898900210857,,0.011562291532754898,0.0,,,0.0,0.021612513810396194,0.0,0.0,0.0,0.0,0.0,,,0.0,0.0,0.0,0.0,0.0,,,0.0,0.0,0.0,,0.0,0.0,,0.0,0.0,0.010721533559262753,,0.0,0.0,0.0,0.0,,0.0,0.0,,0.0,0.0,0.0,0.000222572882194072,0.004138255026191473,0.0,0.0,0.0,0.0,0.0,0.0,0.0,0.0,,0.01636638306081295,,0.0,0.013081780634820461,0.00596213573589921,0.0,0.0,0.0,0.00783260352909565,0.013072560541331768,0.0,0.01504174992442131,0.0,,0.0,,0.0,0.007702955510467291,0.0,,0.0,0.0,0.0,0.0064319828525185585,0.0,0.0,0.0,0.0,0.006455377209931612,0.002276746090501547,0.0,,,0.0,0.0,0.0,,,,0.0,0.0,,0.0,,0.0,,0.0,,,0.0,,,,,0.0,,0.0,0.009475049562752247,0.0,,0.0,0.0,0.0006172159337438643,,0.011276694014668465,0.0,,0.0,0.008886725641787052,0.0,,,0.0,,0.01935204491019249,0.0,0.0,,0.0,0.0019069688860327005,,,,0.0,0.0,0.0,0.0,0.0,7.387471123365685e-05,,,,0.007764055393636227,0.0,,0.0,,0.0,0.0,0.0,0.0,,,0.0,0.0,,,0.0,,0.0,,0.0,0.0,0.0,0.0,0.0,0.0,0.0,,0.0,0.010640541091561317,0.0,0.0,0.0,,,0.0,0.0,0.0,0.0,0.004161264281719923,0.0073729087598621845,,,,0.007771022617816925,0.0,0.0,0.0,,,0.008342444896697998,0.0,0.0,,0.0,,,,,0.0,0.013751369901001453,0.0,,0.0,,,0.0,,0.006028351373970509,0.0,0.0,0.0,,0.006963010877370834,0.0,,0.0,0.0,0.0,0.0,0.0,,0.0025301980786025524,0.0,0.0,,0.0,0.0,0.0,0.0,0.0,0.0,0.0,,0.0009805925656110048,0.0,0.0,0.007419695612043142,0.0,0.0,0.0,,0.0,0.0,0.0,0.010489208623766899,0.0,0.0,0.0,0.0,0.0,0.0,0.00028485566144809127,0.0,0.0,0.0,,0.0,0.0,0.0,0.0,0.0,0.0,0.0,0.0,0.0,0.004446286242455244,0.0,0.0,0.0,,0.0,0.006903916597366333,,0.0032303640618920326,0.0,0.0,0.0,0.0,0.0,0.007855664007365704,0.0,0.0,0.0,0.011428353376686573,0.0,0.014265907928347588,0.0,0.0,0.0,0.0,0.0,0.0,0.0,0.0,0.0,0.0,0.0,0.0,0.0071387211792171,0.0,0.0,0.0,0.010663309134542942,0.009583434090018272,0.0,0.00991410668939352,0.0,0.0,0.0,0.019269602373242378,0.0,0.0,0.0,0.0,0.0,0.0,0.0,0.0,0.004451911896467209,0.0,0.0,0.0,0.0,0.0,0.015617968514561653,0.0,0.008543897420167923,0.0,0.0,0.017431413754820824,0.0,0.0,0.0,0.0,0.0,0.011158911511301994,0.0,0.006921166554093361,0.0,0.013884417712688446,0.0,0.0,0.0,0.0,0.0,0.017269155010581017,0.0,0.00583390099927783,0.0,0.0,,,,,,,,,,,,,,,,,,,,,,,,,,,,,,,,,,,,,,,,,,,,,,,,,,,,,,,,,,,,,,,,,,,,,,,,,,,,,,,,,,,,,,,,,,,,,,,,,,,,,,,,,,,,,,,,,,,,,,,,,,,,,,
2021-11-08,805484.2369840202,51.02004377836236,,,,,,,,,,,76494.84123570709,,1039061.7711000025,,,,,,,,,,,,,,,,,,,,,,,,,,,,,,,,,,,,,,,,,,,3158.371479201565,,,,,,,,,,,,,,,,,,,,,,25382.179888355495,9477.15977950454,4032.3384669051707,8201.903712248382,4853.152165203489,36771.34326967856,29126.138367914788,8255.504825912014,35930.86223587339,,,,,,,,,,,,,,,,,,,,,,,,,,,,,,,,,,,,0.007672586012631655,0.0,0.0,0.01092440728098154,0.0,0.0,0.0,0.0,0.0,0.0,0.0,0.0,0.0,0.0,0.0,0.0,,0.0,,0.0,,0.0,0.0,0.0,0.010507198981940746,0.0,,0.0,0.0,0.010712611488997936,0.0,0.012846814468502998,0.0,,0.0,,,,0.0,0.0,0.0,,0.0,0.0,0.0012285824632272124,0.009027548134326935,0.0,,,0.0,,0.0,0.0,0.0,0.0,0.0,0.0,0.0,0.0,0.006439491640776396,0.015234255231916904,0.0,0.0,0.0,,0.011381476186215878,0.0,0.0,0.0,0.015055594965815544,,0.0005889178719371557,0.0,,0.0,0.0,0.0,0.0,,0.0,0.0,0.0,,0.0,,0.0,0.0,,0.0,,0.0,0.0,0.0030229962430894375,0.01743323914706707,0.0,0.012673601508140564,0.0,0.016194811090826988,0.0,,,0.009300514124333858,0.0,,,,,0.0,0.0,0.0,0.0,0.0,0.0,0.0,0.0,0.0,,0.012146583758294582,0.0019998527131974697,0.0,,0.019029388204216957,0.0,0.0015352413756772876,0.0,0.0,0.0,,0.002669151872396469,,0.014855947345495224,0.0,0.0,0.01175154373049736,,0.0,0.0,,0.0,0.0,0.0,0.0,0.0,0.0001421356719220057,0.0011042432161048055,0.0,0.0,0.0046468619257211685,0.003770541399717331,0.0,0.0012880248250439763,,0.02132318913936615,0.0,0.004850889090448618,0.0,,0.0,0.007785265799611807,0.0,0.0,0.0,0.0,0.0061191171407699585,0.0,0.0,0.0,,0.015078713186085224,0.0,0.0,,,,0.006918592378497124,0.002163069089874625,,0.0,0.0,0.0,0.0,,0.0,,0.0,0.0,0.013318006880581379,0.0,0.0,0.0,,,,0.0,0.01897398941218853,0.0,0.0,0.0,,0.0,0.008289680816233158,0.007186546456068754,0.0,,0.0,0.015495573170483112,0.0,0.0,0.0,,0.002988440217450261,0.0071138362400233746,0.006663523148745298,0.0,,0.0029522741679102182,0.007444577291607857,0.00870683416724205,0.0,0.015951599925756454,0.0,,0.0,0.0,0.0,0.0,0.0,0.0,,0.0,,0.005740217864513397,0.007723913062363863,0.0016765532782301307,0.0,0.0,0.0,0.0,,0.0,0.011521018110215664,0.0028374833054840565,,,0.0,0.0,0.0,0.0,0.0,0.0,0.0,0.0,0.0,,0.0,0.0,0.0014217449352145195,,0.0,0.0,0.0,0.015036061406135559,0.0,0.0,0.0,,,0.0,0.002523822244256735,0.0,0.0,0.0,,0.012212172150611877,,0.010441260412335396,0.0,,0.0,0.0001980172237381339,0.0,0.0,,,0.0,0.009777898900210857,,0.011562291532754898,0.0,,,0.0,0.021612513810396194,0.0,0.0,0.0,0.0,0.0,,,0.0,0.0,0.0,0.0,0.0,,,0.0,0.0,0.0,,0.0,0.0,,0.0,0.0,0.010721533559262753,,0.0,0.0,0.0,0.0,,0.0,0.0,,0.0,0.0,0.0,0.000222572882194072,0.004138255026191473,0.0,0.0,0.0,0.0,0.0,0.0,0.0,0.0,,0.01636638306081295,,0.0,0.013081780634820461,0.00596213573589921,0.0,0.0,0.0,0.00783260352909565,0.013072560541331768,0.0,0.01504174992442131,0.0,,0.0,,0.0,0.007702955510467291,0.0,,0.0,0.0,0.0,0.0064319828525185585,0.0,0.0,0.0,0.0,0.006455377209931612,0.002276746090501547,0.0,,,0.0,0.0,0.0,,,,0.0,0.0,,0.0,,0.0,,0.0,,,0.0,,,,,0.0,,0.0,0.009475049562752247,0.0,,0.0,0.0,0.0006172159337438643,,0.011276694014668465,0.0,,0.0,0.008886725641787052,0.0,,,0.0,,0.01935204491019249,0.0,0.0,,0.0,0.0019069688860327005,,,,0.0,0.0,0.0,0.0,0.0,7.387471123365685e-05,,,,0.007764055393636227,0.0,,0.0,,0.0,0.0,0.0,0.0,,,0.0,0.0,,,0.0,,0.0,,0.0,0.0,0.0,0.0,0.0,0.0,0.0,,0.0,0.010640541091561317,0.0,0.0,0.0,,,0.0,0.0,0.0,0.0,0.004161264281719923,0.0073729087598621845,,,,0.007771022617816925,0.0,0.0,0.0,,,0.008342444896697998,0.0,0.0,,0.0,,,,,0.0,0.013751369901001453,0.0,,0.0,,,0.0,,0.006028351373970509,0.0,0.0,0.0,,0.006963010877370834,0.0,,0.0,0.0,0.0,0.0,0.0,,0.0025301980786025524,0.0,0.0,,0.0,0.0,0.0,0.0,0.0,0.0,0.0,,0.0009805925656110048,0.0,0.0,0.007419695612043142,0.0,0.0,0.0,,0.0,0.0,0.0,0.010489208623766899,0.0,0.0,0.0,0.0,0.0,0.0,0.00028485566144809127,0.0,0.0,0.0,,0.0,0.0,0.0,0.0,0.0,0.0,0.0,0.0,0.0,0.004446286242455244,0.0,0.0,0.0,,0.0,0.006903916597366333,,0.0032303640618920326,0.0,0.0,0.0,0.0,0.0,0.007855664007365704,0.0,0.0,0.0,0.011428353376686573,0.0,0.014265907928347588,0.0,0.0,0.0,0.0,0.0,0.0,0.0,0.0,0.0,0.0,0.0,0.0,0.0071387211792171,0.0,0.0,0.0,0.010663309134542942,0.009583434090018272,0.0,0.00991410668939352,0.0,0.0,0.0,0.019269602373242378,0.0,0.0,0.0,0.0,0.0,0.0,0.0,0.0,0.004451911896467209,0.0,0.0,0.0,0.0,0.0,0.015617968514561653,0.0,0.008543897420167923,0.0,0.0,0.017431413754820824,0.0,0.0,0.0,0.0,0.0,0.011158911511301994,0.0,0.006921166554093361,0.0,0.013884417712688446,0.0,0.0,0.0,0.0,0.0,0.017269155010581017,0.0,0.00583390099927783,0.0,0.0,,,,,,,,,,,,,,,,,,,,,,,,,,,,,,,,,,,,,,,,,,,,,,,,,,,,,,,,,,,,,,,,,,,,,,,,,,,,,,,,,,,,,,,,,,,,,,,,,,,,,,,,,,,,,,,,,,,,,,,,,,,,,,
2021-11-09,826317.0405580637,52.64686825741508,,,,,,,,,,,76494.84123570709,,1039061.7711000025,,,,,,,,,,,,,,,,,,,,,,,,,,,,,,,,,,,,,,,,,,,3158.371479201565,,,,,,,,,,,,,,,,,,,,,,25381.921601275862,9477.15977950454,4032.3384669051707,8201.903712248382,4853.100573407408,36771.34326967856,29126.138367914788,8255.504825912014,35930.86223587339,,,,,,,,,,,,,,,,,,,,,,,,,,,,,,,,,,,,0.007672586012631655,0.0,0.0,0.01092440728098154,0.0,0.0,0.0,0.0,0.0,0.0,0.0,0.0,0.0,0.0,0.0,0.0,,0.0,,0.0,,0.0,0.0,0.0,0.010507198981940746,0.0,,0.0,0.0,0.010712611488997936,0.0,0.012846814468502998,0.0,,0.0,,,,0.0,0.0,0.0,,0.0,0.0,0.0012285824632272124,0.009027548134326935,0.0,,,0.0,,0.0,0.0,0.0,0.0,0.0,0.0,0.0,0.0,0.006439491640776396,0.015234255231916904,0.0,0.0,0.0,,0.011381476186215878,0.0,0.0,0.0,0.015055594965815544,,0.0005889178719371557,0.0,,0.0,0.0,0.0,0.0,,0.0,0.0,0.0,,0.0,,0.0,0.0,,0.0,,0.0,0.0,0.0030229962430894375,0.01743323914706707,0.0,0.012673601508140564,0.0,0.016194811090826988,0.0,,,0.009300514124333858,0.0,,,,,0.0,0.0,0.0,0.0,0.0,0.0,0.0,0.0,0.0,,0.012146583758294582,0.0019998527131974697,0.0,,0.019029388204216957,0.0,0.0015352413756772876,0.0,0.0,0.0,,0.002669151872396469,,0.014855947345495224,0.0,0.0,0.01175154373049736,,0.0,0.0,,0.0,0.0,0.0,0.0,0.0,0.0001421356719220057,0.0011042432161048055,0.0,0.0,0.0046468619257211685,0.003770541399717331,0.0,0.0012880248250439763,,0.02132318913936615,0.0,0.004850889090448618,0.0,,0.0,0.007785265799611807,0.0,0.0,0.0,0.0,0.0061191171407699585,0.0,0.0,0.0,,0.015078713186085224,0.0,0.0,,,,0.006918592378497124,0.002163069089874625,,0.0,0.0,0.0,0.0,,0.0,,0.0,0.0,0.013318006880581379,0.0,0.0,0.0,,,,0.0,0.01897398941218853,0.0,0.0,0.0,,0.0,0.008289680816233158,0.007186546456068754,0.0,,0.0,0.015495573170483112,0.0,0.0,0.0,,0.002988440217450261,0.0071138362400233746,0.006663523148745298,0.0,,0.0029522741679102182,0.007444577291607857,0.00870683416724205,0.0,0.015951599925756454,0.0,,0.0,0.0,0.0,0.0,0.0,0.0,,0.0,,0.005740217864513397,0.007723913062363863,0.0016765532782301307,0.0,0.0,0.0,0.0,,0.0,0.011521018110215664,0.0028374833054840565,,,0.0,0.0,0.0,0.0,0.0,0.0,0.0,0.0,0.0,,0.0,0.0,0.0014217449352145195,,0.0,0.0,0.0,0.015036061406135559,0.0,0.0,0.0,,,0.0,0.002523822244256735,0.0,0.0,0.0,,0.012212172150611877,,0.010441260412335396,0.0,,0.0,0.0001980172237381339,0.0,0.0,,,0.0,0.009777898900210857,,0.011562291532754898,0.0,,,0.0,0.021612513810396194,0.0,0.0,0.0,0.0,0.0,,,0.0,0.0,0.0,0.0,0.0,,,0.0,0.0,0.0,,0.0,0.0,,0.0,0.0,0.010721533559262753,,0.0,0.0,0.0,0.0,,0.0,0.0,,0.0,0.0,0.0,0.000222572882194072,0.004138255026191473,0.0,0.0,0.0,0.0,0.0,0.0,0.0,0.0,,0.01636638306081295,,0.0,0.013081780634820461,0.00596213573589921,0.0,0.0,0.0,0.00783260352909565,0.013072560541331768,0.0,0.01504174992442131,0.0,,0.0,,0.0,0.007702955510467291,0.0,,0.0,0.0,0.0,0.0064319828525185585,0.0,0.0,0.0,0.0,0.006455377209931612,0.002276746090501547,0.0,,,0.0,0.0,0.0,,,,0.0,0.0,,0.0,,0.0,,0.0,,,0.0,,,,,0.0,,0.0,0.009475049562752247,0.0,,0.0,0.0,0.0006172159337438643,,0.011276694014668465,0.0,,0.0,0.008886725641787052,0.0,,,0.0,,0.01935204491019249,0.0,0.0,,0.0,0.0019069688860327005,,,,0.0,0.0,0.0,0.0,0.0,7.387471123365685e-05,,,,0.007764055393636227,0.0,,0.0,,0.0,0.0,0.0,0.0,,,0.0,0.0,,,0.0,,0.0,,0.0,0.0,0.0,0.0,0.0,0.0,0.0,,0.0,0.010640541091561317,0.0,0.0,0.0,,,0.0,0.0,0.0,0.0,0.004161264281719923,0.0073729087598621845,,,,0.007771022617816925,0.0,0.0,0.0,,,0.008342444896697998,0.0,0.0,,0.0,,,,,0.0,0.013751369901001453,0.0,,0.0,,,0.0,,0.006028351373970509,0.0,0.0,0.0,,0.006963010877370834,0.0,,0.0,0.0,0.0,0.0,0.0,,0.0025301980786025524,0.0,0.0,,0.0,0.0,0.0,0.0,0.0,0.0,0.0,,0.0009805925656110048,0.0,0.0,0.007419695612043142,0.0,0.0,0.0,,0.0,0.0,0.0,0.010489208623766899,0.0,0.0,0.0,0.0,0.0,0.0,0.00028485566144809127,0.0,0.0,0.0,,0.0,0.0,0.0,0.0,0.0,0.0,0.0,0.0,0.0,0.004446286242455244,0.0,0.0,0.0,,0.0,0.006903916597366333,,0.0032303640618920326,0.0,0.0,0.0,0.0,0.0,0.007855664007365704,0.0,0.0,0.0,0.011428353376686573,0.0,0.014265907928347588,0.0,0.0,0.0,0.0,0.0,0.0,0.0,0.0,0.0,0.0,0.0,0.0,0.0071387211792171,0.0,0.0,0.0,0.010663309134542942,0.009583434090018272,0.0,0.00991410668939352,0.0,0.0,0.0,0.019269602373242378,0.0,0.0,0.0,0.0,0.0,0.0,0.0,0.0,0.004451911896467209,0.0,0.0,0.0,0.0,0.0,0.015617968514561653,0.0,0.008543897420167923,0.0,0.0,0.017431413754820824,0.0,0.0,0.0,0.0,0.0,0.011158911511301994,0.0,0.006921166554093361,0.0,0.013884417712688446,0.0,0.0,0.0,0.0,0.0,0.017269155010581017,0.0,0.00583390099927783,0.0,0.0,,,,,,,,,,,,,,,,,,,,,,,,,,,,,,,,,,,,,,,,,,,,,,,,,,,,,,,,,,,,,,,,,,,,,,,,,,,,,,,,,,,,,,,,,,,,,,,,,,,,,,,,,,,,,,,,,,,,,,,,,,,,,,
2021-11-10,821024.15403695,51.499489155754546,,,,,,,,,,,76494.84123570709,,1039061.7711000025,,,,,,,,,,,,,,,,,,,,,,,,,,,,,,,,,,,,,,,,,,,3158.371479201565,,,,,,,,,,,,,,,,,,,,,,25381.921601275862,9477.15977950454,4032.3384669051707,8201.903712248382,4853.16234330641,36771.34326967856,29126.138367914788,8255.504825912014,35930.86223587339,,,,,,,,,,,,,,,,,,,,,,,,,,,,,,,,,,,,0.007672586012631655,0.0,0.0,0.01092440728098154,0.0,0.0,0.0,0.0,0.0,0.0,0.0,0.0,0.0,0.0,0.0,0.0,,0.0,,0.0,,0.0,0.0,0.0,0.010507198981940746,0.0,,0.0,0.0,0.010712611488997936,0.0,0.012846814468502998,0.0,,0.0,,,,0.0,0.0,0.0,,0.0,0.0,0.0012285824632272124,0.009027548134326935,0.0,,,0.0,,0.0,0.0,0.0,0.0,0.0,0.0,0.0,0.0,0.006439491640776396,0.015234255231916904,0.0,0.0,0.0,,0.011381476186215878,0.0,0.0,0.0,0.015055594965815544,,0.0005889178719371557,0.0,,0.0,0.0,0.0,0.0,,0.0,0.0,0.0,,0.0,,0.0,0.0,,0.0,,0.0,0.0,0.0030229962430894375,0.01743323914706707,0.0,0.012673601508140564,0.0,0.016194811090826988,0.0,,,0.009300514124333858,0.0,,,,,0.0,0.0,0.0,0.0,0.0,0.0,0.0,0.0,0.0,,0.012146583758294582,0.0019998527131974697,0.0,,0.019029388204216957,0.0,0.0015352413756772876,0.0,0.0,0.0,,0.002669151872396469,,0.014855947345495224,0.0,0.0,0.01175154373049736,,0.0,0.0,,0.0,0.0,0.0,0.0,0.0,0.0001421356719220057,0.0011042432161048055,0.0,0.0,0.0046468619257211685,0.003770541399717331,0.0,0.0012880248250439763,,0.02132318913936615,0.0,0.004850889090448618,0.0,,0.0,0.007785265799611807,0.0,0.0,0.0,0.0,0.0061191171407699585,0.0,0.0,0.0,,0.015078713186085224,0.0,0.0,,,,0.006918592378497124,0.002163069089874625,,0.0,0.0,0.0,0.0,,0.0,,0.0,0.0,0.013318006880581379,0.0,0.0,0.0,,,,0.0,0.01897398941218853,0.0,0.0,0.0,,0.0,0.008289680816233158,0.007186546456068754,0.0,,0.0,0.015495573170483112,0.0,0.0,0.0,,0.002988440217450261,0.0071138362400233746,0.006663523148745298,0.0,,0.0029522741679102182,0.007444577291607857,0.00870683416724205,0.0,0.015951599925756454,0.0,,0.0,0.0,0.0,0.0,0.0,0.0,,0.0,,0.005740217864513397,0.007723913062363863,0.0016765532782301307,0.0,0.0,0.0,0.0,,0.0,0.011521018110215664,0.0028374833054840565,,,0.0,0.0,0.0,0.0,0.0,0.0,0.0,0.0,0.0,,0.0,0.0,0.0014217449352145195,,0.0,0.0,0.0,0.015036061406135559,0.0,0.0,0.0,,,0.0,0.002523822244256735,0.0,0.0,0.0,,0.012212172150611877,,0.010441260412335396,0.0,,0.0,0.0001980172237381339,0.0,0.0,,,0.0,0.009777898900210857,,0.011562291532754898,0.0,,,0.0,0.021612513810396194,0.0,0.0,0.0,0.0,0.0,,,0.0,0.0,0.0,0.0,0.0,,,0.0,0.0,0.0,,0.0,0.0,,0.0,0.0,0.010721533559262753,,0.0,0.0,0.0,0.0,,0.0,0.0,,0.0,0.0,0.0,0.000222572882194072,0.004138255026191473,0.0,0.0,0.0,0.0,0.0,0.0,0.0,0.0,,0.01636638306081295,,0.0,0.013081780634820461,0.00596213573589921,0.0,0.0,0.0,0.00783260352909565,0.013072560541331768,0.0,0.01504174992442131,0.0,,0.0,,0.0,0.007702955510467291,0.0,,0.0,0.0,0.0,0.0064319828525185585,0.0,0.0,0.0,0.0,0.006455377209931612,0.002276746090501547,0.0,,,0.0,0.0,0.0,,,,0.0,0.0,,0.0,,0.0,,0.0,,,0.0,,,,,0.0,,0.0,0.009475049562752247,0.0,,0.0,0.0,0.0006172159337438643,,0.011276694014668465,0.0,,0.0,0.008886725641787052,0.0,,,0.0,,0.01935204491019249,0.0,0.0,,0.0,0.0019069688860327005,,,,0.0,0.0,0.0,0.0,0.0,7.387471123365685e-05,,,,0.007764055393636227,0.0,,0.0,,0.0,0.0,0.0,0.0,,,0.0,0.0,,,0.0,,0.0,,0.0,0.0,0.0,0.0,0.0,0.0,0.0,,0.0,0.010640541091561317,0.0,0.0,0.0,,,0.0,0.0,0.0,0.0,0.004161264281719923,0.0073729087598621845,,,,0.007771022617816925,0.0,0.0,0.0,,,0.008342444896697998,0.0,0.0,,0.0,,,,,0.0,0.013751369901001453,0.0,,0.0,,,0.0,,0.006028351373970509,0.0,0.0,0.0,,0.006963010877370834,0.0,,0.0,0.0,0.0,0.0,0.0,,0.0025301980786025524,0.0,0.0,,0.0,0.0,0.0,0.0,0.0,0.0,0.0,,0.0009805925656110048,0.0,0.0,0.007419695612043142,0.0,0.0,0.0,,0.0,0.0,0.0,0.010489208623766899,0.0,0.0,0.0,0.0,0.0,0.0,0.00028485566144809127,0.0,0.0,0.0,,0.0,0.0,0.0,0.0,0.0,0.0,0.0,0.0,0.0,0.004446286242455244,0.0,0.0,0.0,,0.0,0.006903916597366333,,0.0032303640618920326,0.0,0.0,0.0,0.0,0.0,0.007855664007365704,0.0,0.0,0.0,0.011428353376686573,0.0,0.014265907928347588,0.0,0.0,0.0,0.0,0.0,0.0,0.0,0.0,0.0,0.0,0.0,0.0,0.0071387211792171,0.0,0.0,0.0,0.010663309134542942,0.009583434090018272,0.0,0.00991410668939352,0.0,0.0,0.0,0.019269602373242378,0.0,0.0,0.0,0.0,0.0,0.0,0.0,0.0,0.004451911896467209,0.0,0.0,0.0,0.0,0.0,0.015617968514561653,0.0,0.008543897420167923,0.0,0.0,0.017431413754820824,0.0,0.0,0.0,0.0,0.0,0.011158911511301994,0.0,0.006921166554093361,0.0,0.013884417712688446,0.0,0.0,0.0,0.0,0.0,0.017269155010581017,0.0,0.00583390099927783,0.0,0.0,,,,,,,,,,,,,,,,,,,,,,,,,,,,,,,,,,,,,,,,,,,,,,,,,,,,,,,,,,,,,,,,,,,,,,,,,,,,,,,,,,,,,,,,,,,,,,,,,,,,,,,,,,,,,,,,,,,,,,,,,,,,,,
2021-11-11,831269.5970193142,53.3159253183911,,,,,,,,,,,76494.84123570709,,1039061.7711000025,,,,,,,,,,,,,,,,,,,,,,,,,,,,,,,,,,,,,,,,,,,3158.371479201565,,,,,,,,,,,,,,,,,,,,,,25381.921601275862,9477.15977950454,4032.3384669051707,8201.903712248382,4853.05916037835,36771.34326967856,29126.138367914788,8255.504825912014,35930.86223587339,,,,,,,,,,,,,,,,,,,,,,,,,,,,,,,,,,,,0.007672586012631655,0.0,0.0,0.01092440728098154,0.0,0.0,0.0,0.0,0.0,0.0,0.0,0.0,0.0,0.0,0.0,0.0,,0.0,,0.0,,0.0,0.0,0.0,0.010507198981940746,0.0,,0.0,0.0,0.010712611488997936,0.0,0.012846814468502998,0.0,,0.0,,,,0.0,0.0,0.0,,0.0,0.0,0.0012285824632272124,0.009027548134326935,0.0,,,0.0,,0.0,0.0,0.0,0.0,0.0,0.0,0.0,0.0,0.006439491640776396,0.015234255231916904,0.0,0.0,0.0,,0.011381476186215878,0.0,0.0,0.0,0.015055594965815544,,0.0005889178719371557,0.0,,0.0,0.0,0.0,0.0,,0.0,0.0,0.0,,0.0,,0.0,0.0,,0.0,,0.0,0.0,0.0030229962430894375,0.01743323914706707,0.0,0.012673601508140564,0.0,0.016194811090826988,0.0,,,0.009300514124333858,0.0,,,,,0.0,0.0,0.0,0.0,0.0,0.0,0.0,0.0,0.0,,0.012146583758294582,0.0019998527131974697,0.0,,0.019029388204216957,0.0,0.0015352413756772876,0.0,0.0,0.0,,0.002669151872396469,,0.014855947345495224,0.0,0.0,0.01175154373049736,,0.0,0.0,,0.0,0.0,0.0,0.0,0.0,0.0001421356719220057,0.0011042432161048055,0.0,0.0,0.0046468619257211685,0.003770541399717331,0.0,0.0012880248250439763,,0.02132318913936615,0.0,0.004850889090448618,0.0,,0.0,0.007785265799611807,0.0,0.0,0.0,0.0,0.0061191171407699585,0.0,0.0,0.0,,0.015078713186085224,0.0,0.0,,,,0.006918592378497124,0.002163069089874625,,0.0,0.0,0.0,0.0,,0.0,,0.0,0.0,0.013318006880581379,0.0,0.0,0.0,,,,0.0,0.01897398941218853,0.0,0.0,0.0,,0.0,0.008289680816233158,0.007186546456068754,0.0,,0.0,0.015495573170483112,0.0,0.0,0.0,,0.002988440217450261,0.0071138362400233746,0.006663523148745298,0.0,,0.0029522741679102182,0.007444577291607857,0.00870683416724205,0.0,0.015951599925756454,0.0,,0.0,0.0,0.0,0.0,0.0,0.0,,0.0,,0.005740217864513397,0.007723913062363863,0.0016765532782301307,0.0,0.0,0.0,0.0,,0.0,0.011521018110215664,0.0028374833054840565,,,0.0,0.0,0.0,0.0,0.0,0.0,0.0,0.0,0.0,,0.0,0.0,0.0014217449352145195,,0.0,0.0,0.0,0.015036061406135559,0.0,0.0,0.0,,,0.0,0.002523822244256735,0.0,0.0,0.0,,0.012212172150611877,,0.010441260412335396,0.0,,0.0,0.0001980172237381339,0.0,0.0,,,0.0,0.009777898900210857,,0.011562291532754898,0.0,,,0.0,0.021612513810396194,0.0,0.0,0.0,0.0,0.0,,,0.0,0.0,0.0,0.0,0.0,,,0.0,0.0,0.0,,0.0,0.0,,0.0,0.0,0.010721533559262753,,0.0,0.0,0.0,0.0,,0.0,0.0,,0.0,0.0,0.0,0.000222572882194072,0.004138255026191473,0.0,0.0,0.0,0.0,0.0,0.0,0.0,0.0,,0.01636638306081295,,0.0,0.013081780634820461,0.00596213573589921,0.0,0.0,0.0,0.00783260352909565,0.013072560541331768,0.0,0.01504174992442131,0.0,,0.0,,0.0,0.007702955510467291,0.0,,0.0,0.0,0.0,0.0064319828525185585,0.0,0.0,0.0,0.0,0.006455377209931612,0.002276746090501547,0.0,,,0.0,0.0,0.0,,,,0.0,0.0,,0.0,,0.0,,0.0,,,0.0,,,,,0.0,,0.0,0.009475049562752247,0.0,,0.0,0.0,0.0006172159337438643,,0.011276694014668465,0.0,,0.0,0.008886725641787052,0.0,,,0.0,,0.01935204491019249,0.0,0.0,,0.0,0.0019069688860327005,,,,0.0,0.0,0.0,0.0,0.0,7.387471123365685e-05,,,,0.007764055393636227,0.0,,0.0,,0.0,0.0,0.0,0.0,,,0.0,0.0,,,0.0,,0.0,,0.0,0.0,0.0,0.0,0.0,0.0,0.0,,0.0,0.010640541091561317,0.0,0.0,0.0,,,0.0,0.0,0.0,0.0,0.004161264281719923,0.0073729087598621845,,,,0.007771022617816925,0.0,0.0,0.0,,,0.008342444896697998,0.0,0.0,,0.0,,,,,0.0,0.013751369901001453,0.0,,0.0,,,0.0,,0.006028351373970509,0.0,0.0,0.0,,0.006963010877370834,0.0,,0.0,0.0,0.0,0.0,0.0,,0.0025301980786025524,0.0,0.0,,0.0,0.0,0.0,0.0,0.0,0.0,0.0,,0.0009805925656110048,0.0,0.0,0.007419695612043142,0.0,0.0,0.0,,0.0,0.0,0.0,0.010489208623766899,0.0,0.0,0.0,0.0,0.0,0.0,0.00028485566144809127,0.0,0.0,0.0,,0.0,0.0,0.0,0.0,0.0,0.0,0.0,0.0,0.0,0.004446286242455244,0.0,0.0,0.0,,0.0,0.006903916597366333,,0.0032303640618920326,0.0,0.0,0.0,0.0,0.0,0.007855664007365704,0.0,0.0,0.0,0.011428353376686573,0.0,0.014265907928347588,0.0,0.0,0.0,0.0,0.0,0.0,0.0,0.0,0.0,0.0,0.0,0.0,0.0071387211792171,0.0,0.0,0.0,0.010663309134542942,0.009583434090018272,0.0,0.00991410668939352,0.0,0.0,0.0,0.019269602373242378,0.0,0.0,0.0,0.0,0.0,0.0,0.0,0.0,0.004451911896467209,0.0,0.0,0.0,0.0,0.0,0.015617968514561653,0.0,0.008543897420167923,0.0,0.0,0.017431413754820824,0.0,0.0,0.0,0.0,0.0,0.011158911511301994,0.0,0.006921166554093361,0.0,0.013884417712688446,0.0,0.0,0.0,0.0,0.0,0.017269155010581017,0.0,0.00583390099927783,0.0,0.0,,,,,,,,,,,,,,,,,,,,,,,,,,,,,,,,,,,,,,,,,,,,,,,,,,,,,,,,,,,,,,,,,,,,,,,,,,,,,,,,,,,,,,,,,,,,,,,,,,,,,,,,,,,,,,,,,,,,,,,,,,,,,,
2021-11-12,831596.9165531524,52.405023225963056,,,,,,,,,,,76494.84123570709,,1039061.7711000025,,,,,,,,,,,,,,,,,,,,,,,,,,,,,,,,,,,,,,,,,,,3158.371479201565,,,,,,,,,,,,,,,,,,,,,,25381.921601275862,9477.15977950454,4032.3384669051707,8201.903712248382,4853.109347444976,36771.34326967856,29126.138367914788,8255.504825912014,35930.86223587339,,,,,,,,,,,,,,,,,,,,,,,,,,,,,,,,,,,,0.007672586012631655,0.0,0.0,0.01092440728098154,0.0,0.0,0.0,0.0,0.0,0.0,0.0,0.0,0.0,0.0,0.0,0.0,,0.0,,0.0,,0.0,0.0,0.0,0.010507198981940746,0.0,,0.0,0.0,0.010712611488997936,0.0,0.012846814468502998,0.0,,0.0,,,,0.0,0.0,0.0,,0.0,0.0,0.0012285824632272124,0.009027548134326935,0.0,,,0.0,,0.0,0.0,0.0,0.0,0.0,0.0,0.0,0.0,0.006439491640776396,0.015234255231916904,0.0,0.0,0.0,,0.011381476186215878,0.0,0.0,0.0,0.015055594965815544,,0.0005889178719371557,0.0,,0.0,0.0,0.0,0.0,,0.0,0.0,0.0,,0.0,,0.0,0.0,,0.0,,0.0,0.0,0.0030229962430894375,0.01743323914706707,0.0,0.012673601508140564,0.0,0.016194811090826988,0.0,,,0.009300514124333858,0.0,,,,,0.0,0.0,0.0,0.0,0.0,0.0,0.0,0.0,0.0,,0.012146583758294582,0.0019998527131974697,0.0,,0.019029388204216957,0.0,0.0015352413756772876,0.0,0.0,0.0,,0.002669151872396469,,0.014855947345495224,0.0,0.0,0.01175154373049736,,0.0,0.0,,0.0,0.0,0.0,0.0,0.0,0.0001421356719220057,0.0011042432161048055,0.0,0.0,0.0046468619257211685,0.003770541399717331,0.0,0.0012880248250439763,,0.02132318913936615,0.0,0.004850889090448618,0.0,,0.0,0.007785265799611807,0.0,0.0,0.0,0.0,0.0061191171407699585,0.0,0.0,0.0,,0.015078713186085224,0.0,0.0,,,,0.006918592378497124,0.002163069089874625,,0.0,0.0,0.0,0.0,,0.0,,0.0,0.0,0.013318006880581379,0.0,0.0,0.0,,,,0.0,0.01897398941218853,0.0,0.0,0.0,,0.0,0.008289680816233158,0.007186546456068754,0.0,,0.0,0.015495573170483112,0.0,0.0,0.0,,0.002988440217450261,0.0071138362400233746,0.006663523148745298,0.0,,0.0029522741679102182,0.007444577291607857,0.00870683416724205,0.0,0.015951599925756454,0.0,,0.0,0.0,0.0,0.0,0.0,0.0,,0.0,,0.005740217864513397,0.007723913062363863,0.0016765532782301307,0.0,0.0,0.0,0.0,,0.0,0.011521018110215664,0.0028374833054840565,,,0.0,0.0,0.0,0.0,0.0,0.0,0.0,0.0,0.0,,0.0,0.0,0.0014217449352145195,,0.0,0.0,0.0,0.015036061406135559,0.0,0.0,0.0,,,0.0,0.002523822244256735,0.0,0.0,0.0,,0.012212172150611877,,0.010441260412335396,0.0,,0.0,0.0001980172237381339,0.0,0.0,,,0.0,0.009777898900210857,,0.011562291532754898,0.0,,,0.0,0.021612513810396194,0.0,0.0,0.0,0.0,0.0,,,0.0,0.0,0.0,0.0,0.0,,,0.0,0.0,0.0,,0.0,0.0,,0.0,0.0,0.010721533559262753,,0.0,0.0,0.0,0.0,,0.0,0.0,,0.0,0.0,0.0,0.000222572882194072,0.004138255026191473,0.0,0.0,0.0,0.0,0.0,0.0,0.0,0.0,,0.01636638306081295,,0.0,0.013081780634820461,0.00596213573589921,0.0,0.0,0.0,0.00783260352909565,0.013072560541331768,0.0,0.01504174992442131,0.0,,0.0,,0.0,0.007702955510467291,0.0,,0.0,0.0,0.0,0.0064319828525185585,0.0,0.0,0.0,0.0,0.006455377209931612,0.002276746090501547,0.0,,,0.0,0.0,0.0,,,,0.0,0.0,,0.0,,0.0,,0.0,,,0.0,,,,,0.0,,0.0,0.009475049562752247,0.0,,0.0,0.0,0.0006172159337438643,,0.011276694014668465,0.0,,0.0,0.008886725641787052,0.0,,,0.0,,0.01935204491019249,0.0,0.0,,0.0,0.0019069688860327005,,,,0.0,0.0,0.0,0.0,0.0,7.387471123365685e-05,,,,0.007764055393636227,0.0,,0.0,,0.0,0.0,0.0,0.0,,,0.0,0.0,,,0.0,,0.0,,0.0,0.0,0.0,0.0,0.0,0.0,0.0,,0.0,0.010640541091561317,0.0,0.0,0.0,,,0.0,0.0,0.0,0.0,0.004161264281719923,0.0073729087598621845,,,,0.007771022617816925,0.0,0.0,0.0,,,0.008342444896697998,0.0,0.0,,0.0,,,,,0.0,0.013751369901001453,0.0,,0.0,,,0.0,,0.006028351373970509,0.0,0.0,0.0,,0.006963010877370834,0.0,,0.0,0.0,0.0,0.0,0.0,,0.0025301980786025524,0.0,0.0,,0.0,0.0,0.0,0.0,0.0,0.0,0.0,,0.0009805925656110048,0.0,0.0,0.007419695612043142,0.0,0.0,0.0,,0.0,0.0,0.0,0.010489208623766899,0.0,0.0,0.0,0.0,0.0,0.0,0.00028485566144809127,0.0,0.0,0.0,,0.0,0.0,0.0,0.0,0.0,0.0,0.0,0.0,0.0,0.004446286242455244,0.0,0.0,0.0,,0.0,0.006903916597366333,,0.0032303640618920326,0.0,0.0,0.0,0.0,0.0,0.007855664007365704,0.0,0.0,0.0,0.011428353376686573,0.0,0.014265907928347588,0.0,0.0,0.0,0.0,0.0,0.0,0.0,0.0,0.0,0.0,0.0,0.0,0.0071387211792171,0.0,0.0,0.0,0.010663309134542942,0.009583434090018272,0.0,0.00991410668939352,0.0,0.0,0.0,0.019269602373242378,0.0,0.0,0.0,0.0,0.0,0.0,0.0,0.0,0.004451911896467209,0.0,0.0,0.0,0.0,0.0,0.015617968514561653,0.0,0.008543897420167923,0.0,0.0,0.017431413754820824,0.0,0.0,0.0,0.0,0.0,0.011158911511301994,0.0,0.006921166554093361,0.0,0.013884417712688446,0.0,0.0,0.0,0.0,0.0,0.017269155010581017,0.0,0.00583390099927783,0.0,0.0,,,,,,,,,,,,,,,,,,,,,,,,,,,,,,,,,,,,,,,,,,,,,,,,,,,,,,,,,,,,,,,,,,,,,,,,,,,,,,,,,,,,,,,,,,,,,,,,,,,,,,,,,,,,,,,,,,,,,,,,,,,,,,
2021-11-15,828303.8939962633,51.174332901027896,,,,,,,,,,,76494.84123570709,,1039061.7711000025,,,,,,,,,,,,,,,,,,,,,,,,,,,,,,,,,,,,,,,,,,,3158.371479201565,,,,,,,,,,,,,,,,,,,,,,25381.921601275862,9477.15977950454,4032.3384669051707,8201.903712248382,4853.17673311097,36771.34326967856,29126.138367914788,8255.504825912014,35930.86223587339,,,,,,,,,,,,,,,,,,,,,,,,,,,,,,,,,,,,0.007672586012631655,0.0,0.0,0.01092440728098154,0.0,0.0,0.0,0.0,0.0,0.0,0.0,0.0,0.0,0.0,0.0,0.0,,0.0,,0.0,,0.0,0.0,0.0,0.010507198981940746,0.0,,0.0,0.0,0.010712611488997936,0.0,0.012846814468502998,0.0,,0.0,,,,0.0,0.0,0.0,,0.0,0.0,0.0012285824632272124,0.009027548134326935,0.0,,,0.0,,0.0,0.0,0.0,0.0,0.0,0.0,0.0,0.0,0.006439491640776396,0.015234255231916904,0.0,0.0,0.0,,0.011381476186215878,0.0,0.0,0.0,0.015055594965815544,,0.0005889178719371557,0.0,,0.0,0.0,0.0,0.0,,0.0,0.0,0.0,,0.0,,0.0,0.0,,0.0,,0.0,0.0,0.0030229962430894375,0.01743323914706707,0.0,0.012673601508140564,0.0,0.016194811090826988,0.0,,,0.009300514124333858,0.0,,,,,0.0,0.0,0.0,0.0,0.0,0.0,0.0,0.0,0.0,,0.012146583758294582,0.0019998527131974697,0.0,,0.019029388204216957,0.0,0.0015352413756772876,0.0,0.0,0.0,,0.002669151872396469,,0.014855947345495224,0.0,0.0,0.01175154373049736,,0.0,0.0,,0.0,0.0,0.0,0.0,0.0,0.0001421356719220057,0.0011042432161048055,0.0,0.0,0.0046468619257211685,0.003770541399717331,0.0,0.0012880248250439763,,0.02132318913936615,0.0,0.004850889090448618,0.0,,0.0,0.007785265799611807,0.0,0.0,0.0,0.0,0.0061191171407699585,0.0,0.0,0.0,,0.015078713186085224,0.0,0.0,,,,0.006918592378497124,0.002163069089874625,,0.0,0.0,0.0,0.0,,0.0,,0.0,0.0,0.013318006880581379,0.0,0.0,0.0,,,,0.0,0.01897398941218853,0.0,0.0,0.0,,0.0,0.008289680816233158,0.007186546456068754,0.0,,0.0,0.015495573170483112,0.0,0.0,0.0,,0.002988440217450261,0.0071138362400233746,0.006663523148745298,0.0,,0.0029522741679102182,0.007444577291607857,0.00870683416724205,0.0,0.015951599925756454,0.0,,0.0,0.0,0.0,0.0,0.0,0.0,,0.0,,0.005740217864513397,0.007723913062363863,0.0016765532782301307,0.0,0.0,0.0,0.0,,0.0,0.011521018110215664,0.0028374833054840565,,,0.0,0.0,0.0,0.0,0.0,0.0,0.0,0.0,0.0,,0.0,0.0,0.0014217449352145195,,0.0,0.0,0.0,0.015036061406135559,0.0,0.0,0.0,,,0.0,0.002523822244256735,0.0,0.0,0.0,,0.012212172150611877,,0.010441260412335396,0.0,,0.0,0.0001980172237381339,0.0,0.0,,,0.0,0.009777898900210857,,0.011562291532754898,0.0,,,0.0,0.021612513810396194,0.0,0.0,0.0,0.0,0.0,,,0.0,0.0,0.0,0.0,0.0,,,0.0,0.0,0.0,,0.0,0.0,,0.0,0.0,0.010721533559262753,,0.0,0.0,0.0,0.0,,0.0,0.0,,0.0,0.0,0.0,0.000222572882194072,0.004138255026191473,0.0,0.0,0.0,0.0,0.0,0.0,0.0,0.0,,0.01636638306081295,,0.0,0.013081780634820461,0.00596213573589921,0.0,0.0,0.0,0.00783260352909565,0.013072560541331768,0.0,0.01504174992442131,0.0,,0.0,,0.0,0.007702955510467291,0.0,,0.0,0.0,0.0,0.0064319828525185585,0.0,0.0,0.0,0.0,0.006455377209931612,0.002276746090501547,0.0,,,0.0,0.0,0.0,,,,0.0,0.0,,0.0,,0.0,,0.0,,,0.0,,,,,0.0,,0.0,0.009475049562752247,0.0,,0.0,0.0,0.0006172159337438643,,0.011276694014668465,0.0,,0.0,0.008886725641787052,0.0,,,0.0,,0.01935204491019249,0.0,0.0,,0.0,0.0019069688860327005,,,,0.0,0.0,0.0,0.0,0.0,7.387471123365685e-05,,,,0.007764055393636227,0.0,,0.0,,0.0,0.0,0.0,0.0,,,0.0,0.0,,,0.0,,0.0,,0.0,0.0,0.0,0.0,0.0,0.0,0.0,,0.0,0.010640541091561317,0.0,0.0,0.0,,,0.0,0.0,0.0,0.0,0.004161264281719923,0.0073729087598621845,,,,0.007771022617816925,0.0,0.0,0.0,,,0.008342444896697998,0.0,0.0,,0.0,,,,,0.0,0.013751369901001453,0.0,,0.0,,,0.0,,0.006028351373970509,0.0,0.0,0.0,,0.006963010877370834,0.0,,0.0,0.0,0.0,0.0,0.0,,0.0025301980786025524,0.0,0.0,,0.0,0.0,0.0,0.0,0.0,0.0,0.0,,0.0009805925656110048,0.0,0.0,0.007419695612043142,0.0,0.0,0.0,,0.0,0.0,0.0,0.010489208623766899,0.0,0.0,0.0,0.0,0.0,0.0,0.00028485566144809127,0.0,0.0,0.0,,0.0,0.0,0.0,0.0,0.0,0.0,0.0,0.0,0.0,0.004446286242455244,0.0,0.0,0.0,,0.0,0.006903916597366333,,0.0032303640618920326,0.0,0.0,0.0,0.0,0.0,0.007855664007365704,0.0,0.0,0.0,0.011428353376686573,0.0,0.014265907928347588,0.0,0.0,0.0,0.0,0.0,0.0,0.0,0.0,0.0,0.0,0.0,0.0,0.0071387211792171,0.0,0.0,0.0,0.010663309134542942,0.009583434090018272,0.0,0.00991410668939352,0.0,0.0,0.0,0.019269602373242378,0.0,0.0,0.0,0.0,0.0,0.0,0.0,0.0,0.004451911896467209,0.0,0.0,0.0,0.0,0.0,0.015617968514561653,0.0,0.008543897420167923,0.0,0.0,0.017431413754820824,0.0,0.0,0.0,0.0,0.0,0.011158911511301994,0.0,0.006921166554093361,0.0,0.013884417712688446,0.0,0.0,0.0,0.0,0.0,0.017269155010581017,0.0,0.00583390099927783,0.0,0.0,,,,,,,,,,,,,,,,,,,,,,,,,,,,,,,,,,,,,,,,,,,,,,,,,,,,,,,,,,,,,,,,,,,,,,,,,,,,,,,,,,,,,,,,,,,,,,,,,,,,,,,,,,,,,,,,,,,,,,,,,,,,,,
2021-11-16,819913.1417833946,51.30310779755064,,,,,,,,,,,76494.84123570709,,1039061.7711000025,,,,,,,,,,,,,,,,,,,,,,,,,,,,,,,,,,,,,,,,,,,3158.371479201565,,,,,,,,,,,,,,,,,,,,,,25381.921601275862,9477.15977950454,4032.3384669051707,8201.903712248382,4853.169011741816,36771.34326967856,29126.138367914788,8255.504825912014,35930.86223587339,,,,,,,,,,,,,,,,,,,,,,,,,,,,,,,,,,,,0.007672586012631655,0.0,0.0,0.01092440728098154,0.0,0.0,0.0,0.0,0.0,0.0,0.0,0.0,0.0,0.0,0.0,0.0,,0.0,,0.0,,0.0,0.0,0.0,0.010507198981940746,0.0,,0.0,0.0,0.010712611488997936,0.0,0.012846814468502998,0.0,,0.0,,,,0.0,0.0,0.0,,0.0,0.0,0.0012285824632272124,0.009027548134326935,0.0,,,0.0,,0.0,0.0,0.0,0.0,0.0,0.0,0.0,0.0,0.006439491640776396,0.015234255231916904,0.0,0.0,0.0,,0.011381476186215878,0.0,0.0,0.0,0.015055594965815544,,0.0005889178719371557,0.0,,0.0,0.0,0.0,0.0,,0.0,0.0,0.0,,0.0,,0.0,0.0,,0.0,,0.0,0.0,0.0030229962430894375,0.01743323914706707,0.0,0.012673601508140564,0.0,0.016194811090826988,0.0,,,0.009300514124333858,0.0,,,,,0.0,0.0,0.0,0.0,0.0,0.0,0.0,0.0,0.0,,0.012146583758294582,0.0019998527131974697,0.0,,0.019029388204216957,0.0,0.0015352413756772876,0.0,0.0,0.0,,0.002669151872396469,,0.014855947345495224,0.0,0.0,0.01175154373049736,,0.0,0.0,,0.0,0.0,0.0,0.0,0.0,0.0001421356719220057,0.0011042432161048055,0.0,0.0,0.0046468619257211685,0.003770541399717331,0.0,0.0012880248250439763,,0.02132318913936615,0.0,0.004850889090448618,0.0,,0.0,0.007785265799611807,0.0,0.0,0.0,0.0,0.0061191171407699585,0.0,0.0,0.0,,0.015078713186085224,0.0,0.0,,,,0.006918592378497124,0.002163069089874625,,0.0,0.0,0.0,0.0,,0.0,,0.0,0.0,0.013318006880581379,0.0,0.0,0.0,,,,0.0,0.01897398941218853,0.0,0.0,0.0,,0.0,0.008289680816233158,0.007186546456068754,0.0,,0.0,0.015495573170483112,0.0,0.0,0.0,,0.002988440217450261,0.0071138362400233746,0.006663523148745298,0.0,,0.0029522741679102182,0.007444577291607857,0.00870683416724205,0.0,0.015951599925756454,0.0,,0.0,0.0,0.0,0.0,0.0,0.0,,0.0,,0.005740217864513397,0.007723913062363863,0.0016765532782301307,0.0,0.0,0.0,0.0,,0.0,0.011521018110215664,0.0028374833054840565,,,0.0,0.0,0.0,0.0,0.0,0.0,0.0,0.0,0.0,,0.0,0.0,0.0014217449352145195,,0.0,0.0,0.0,0.015036061406135559,0.0,0.0,0.0,,,0.0,0.002523822244256735,0.0,0.0,0.0,,0.012212172150611877,,0.010441260412335396,0.0,,0.0,0.0001980172237381339,0.0,0.0,,,0.0,0.009777898900210857,,0.011562291532754898,0.0,,,0.0,0.021612513810396194,0.0,0.0,0.0,0.0,0.0,,,0.0,0.0,0.0,0.0,0.0,,,0.0,0.0,0.0,,0.0,0.0,,0.0,0.0,0.010721533559262753,,0.0,0.0,0.0,0.0,,0.0,0.0,,0.0,0.0,0.0,0.000222572882194072,0.004138255026191473,0.0,0.0,0.0,0.0,0.0,0.0,0.0,0.0,,0.01636638306081295,,0.0,0.013081780634820461,0.00596213573589921,0.0,0.0,0.0,0.00783260352909565,0.013072560541331768,0.0,0.01504174992442131,0.0,,0.0,,0.0,0.007702955510467291,0.0,,0.0,0.0,0.0,0.0064319828525185585,0.0,0.0,0.0,0.0,0.006455377209931612,0.002276746090501547,0.0,,,0.0,0.0,0.0,,,,0.0,0.0,,0.0,,0.0,,0.0,,,0.0,,,,,0.0,,0.0,0.009475049562752247,0.0,,0.0,0.0,0.0006172159337438643,,0.011276694014668465,0.0,,0.0,0.008886725641787052,0.0,,,0.0,,0.01935204491019249,0.0,0.0,,0.0,0.0019069688860327005,,,,0.0,0.0,0.0,0.0,0.0,7.387471123365685e-05,,,,0.007764055393636227,0.0,,0.0,,0.0,0.0,0.0,0.0,,,0.0,0.0,,,0.0,,0.0,,0.0,0.0,0.0,0.0,0.0,0.0,0.0,,0.0,0.010640541091561317,0.0,0.0,0.0,,,0.0,0.0,0.0,0.0,0.004161264281719923,0.0073729087598621845,,,,0.007771022617816925,0.0,0.0,0.0,,,0.008342444896697998,0.0,0.0,,0.0,,,,,0.0,0.013751369901001453,0.0,,0.0,,,0.0,,0.006028351373970509,0.0,0.0,0.0,,0.006963010877370834,0.0,,0.0,0.0,0.0,0.0,0.0,,0.0025301980786025524,0.0,0.0,,0.0,0.0,0.0,0.0,0.0,0.0,0.0,,0.0009805925656110048,0.0,0.0,0.007419695612043142,0.0,0.0,0.0,,0.0,0.0,0.0,0.010489208623766899,0.0,0.0,0.0,0.0,0.0,0.0,0.00028485566144809127,0.0,0.0,0.0,,0.0,0.0,0.0,0.0,0.0,0.0,0.0,0.0,0.0,0.004446286242455244,0.0,0.0,0.0,,0.0,0.006903916597366333,,0.0032303640618920326,0.0,0.0,0.0,0.0,0.0,0.007855664007365704,0.0,0.0,0.0,0.011428353376686573,0.0,0.014265907928347588,0.0,0.0,0.0,0.0,0.0,0.0,0.0,0.0,0.0,0.0,0.0,0.0,0.0071387211792171,0.0,0.0,0.0,0.010663309134542942,0.009583434090018272,0.0,0.00991410668939352,0.0,0.0,0.0,0.019269602373242378,0.0,0.0,0.0,0.0,0.0,0.0,0.0,0.0,0.004451911896467209,0.0,0.0,0.0,0.0,0.0,0.015617968514561653,0.0,0.008543897420167923,0.0,0.0,0.017431413754820824,0.0,0.0,0.0,0.0,0.0,0.011158911511301994,0.0,0.006921166554093361,0.0,0.013884417712688446,0.0,0.0,0.0,0.0,0.0,0.017269155010581017,0.0,0.00583390099927783,0.0,0.0,,,,,,,,,,,,,,,,,,,,,,,,,,,,,,,,,,,,,,,,,,,,,,,,,,,,,,,,,,,,,,,,,,,,,,,,,,,,,,,,,,,,,,,,,,,,,,,,,,,,,,,,,,,,,,,,,,,,,,,,,,,,,,
2021-11-17,823376.4575771557,51.86161307316339,,,,,,,,,,,76494.84123570709,,1039061.7711000025,,,,,,,,,,,,,,,,,,,,,,,,,,,,,,,,,,,,,,,,,,,3158.371479201565,,,,,,,,,,,,,,,,,,,,,,25381.921601275862,9477.15977950454,4032.3384669051707,8201.903712248382,4853.135669748037,36771.34326967856,29126.138367914788,8255.504825912014,35930.86223587339,,,,,,,,,,,,,,,,,,,,,,,,,,,,,,,,,,,,0.007672586012631655,0.0,0.0,0.01092440728098154,0.0,0.0,0.0,0.0,0.0,0.0,0.0,0.0,0.0,0.0,0.0,0.0,,0.0,,0.0,,0.0,0.0,0.0,0.010507198981940746,0.0,,0.0,0.0,0.010712611488997936,0.0,0.012846814468502998,0.0,,0.0,,,,0.0,0.0,0.0,,0.0,0.0,0.0012285824632272124,0.009027548134326935,0.0,,,0.0,,0.0,0.0,0.0,0.0,0.0,0.0,0.0,0.0,0.006439491640776396,0.015234255231916904,0.0,0.0,0.0,,0.011381476186215878,0.0,0.0,0.0,0.015055594965815544,,0.0005889178719371557,0.0,,0.0,0.0,0.0,0.0,,0.0,0.0,0.0,,0.0,,0.0,0.0,,0.0,,0.0,0.0,0.0030229962430894375,0.01743323914706707,0.0,0.012673601508140564,0.0,0.016194811090826988,0.0,,,0.009300514124333858,0.0,,,,,0.0,0.0,0.0,0.0,0.0,0.0,0.0,0.0,0.0,,0.012146583758294582,0.0019998527131974697,0.0,,0.019029388204216957,0.0,0.0015352413756772876,0.0,0.0,0.0,,0.002669151872396469,,0.014855947345495224,0.0,0.0,0.01175154373049736,,0.0,0.0,,0.0,0.0,0.0,0.0,0.0,0.0001421356719220057,0.0011042432161048055,0.0,0.0,0.0046468619257211685,0.003770541399717331,0.0,0.0012880248250439763,,0.02132318913936615,0.0,0.004850889090448618,0.0,,0.0,0.007785265799611807,0.0,0.0,0.0,0.0,0.0061191171407699585,0.0,0.0,0.0,,0.015078713186085224,0.0,0.0,,,,0.006918592378497124,0.002163069089874625,,0.0,0.0,0.0,0.0,,0.0,,0.0,0.0,0.013318006880581379,0.0,0.0,0.0,,,,0.0,0.01897398941218853,0.0,0.0,0.0,,0.0,0.008289680816233158,0.007186546456068754,0.0,,0.0,0.015495573170483112,0.0,0.0,0.0,,0.002988440217450261,0.0071138362400233746,0.006663523148745298,0.0,,0.0029522741679102182,0.007444577291607857,0.00870683416724205,0.0,0.015951599925756454,0.0,,0.0,0.0,0.0,0.0,0.0,0.0,,0.0,,0.005740217864513397,0.007723913062363863,0.0016765532782301307,0.0,0.0,0.0,0.0,,0.0,0.011521018110215664,0.0028374833054840565,,,0.0,0.0,0.0,0.0,0.0,0.0,0.0,0.0,0.0,,0.0,0.0,0.0014217449352145195,,0.0,0.0,0.0,0.015036061406135559,0.0,0.0,0.0,,,0.0,0.002523822244256735,0.0,0.0,0.0,,0.012212172150611877,,0.010441260412335396,0.0,,0.0,0.0001980172237381339,0.0,0.0,,,0.0,0.009777898900210857,,0.011562291532754898,0.0,,,0.0,0.021612513810396194,0.0,0.0,0.0,0.0,0.0,,,0.0,0.0,0.0,0.0,0.0,,,0.0,0.0,0.0,,0.0,0.0,,0.0,0.0,0.010721533559262753,,0.0,0.0,0.0,0.0,,0.0,0.0,,0.0,0.0,0.0,0.000222572882194072,0.004138255026191473,0.0,0.0,0.0,0.0,0.0,0.0,0.0,0.0,,0.01636638306081295,,0.0,0.013081780634820461,0.00596213573589921,0.0,0.0,0.0,0.00783260352909565,0.013072560541331768,0.0,0.01504174992442131,0.0,,0.0,,0.0,0.007702955510467291,0.0,,0.0,0.0,0.0,0.0064319828525185585,0.0,0.0,0.0,0.0,0.006455377209931612,0.002276746090501547,0.0,,,0.0,0.0,0.0,,,,0.0,0.0,,0.0,,0.0,,0.0,,,0.0,,,,,0.0,,0.0,0.009475049562752247,0.0,,0.0,0.0,0.0006172159337438643,,0.011276694014668465,0.0,,0.0,0.008886725641787052,0.0,,,0.0,,0.01935204491019249,0.0,0.0,,0.0,0.0019069688860327005,,,,0.0,0.0,0.0,0.0,0.0,7.387471123365685e-05,,,,0.007764055393636227,0.0,,0.0,,0.0,0.0,0.0,0.0,,,0.0,0.0,,,0.0,,0.0,,0.0,0.0,0.0,0.0,0.0,0.0,0.0,,0.0,0.010640541091561317,0.0,0.0,0.0,,,0.0,0.0,0.0,0.0,0.004161264281719923,0.0073729087598621845,,,,0.007771022617816925,0.0,0.0,0.0,,,0.008342444896697998,0.0,0.0,,0.0,,,,,0.0,0.013751369901001453,0.0,,0.0,,,0.0,,0.006028351373970509,0.0,0.0,0.0,,0.006963010877370834,0.0,,0.0,0.0,0.0,0.0,0.0,,0.0025301980786025524,0.0,0.0,,0.0,0.0,0.0,0.0,0.0,0.0,0.0,,0.0009805925656110048,0.0,0.0,0.007419695612043142,0.0,0.0,0.0,,0.0,0.0,0.0,0.010489208623766899,0.0,0.0,0.0,0.0,0.0,0.0,0.00028485566144809127,0.0,0.0,0.0,,0.0,0.0,0.0,0.0,0.0,0.0,0.0,0.0,0.0,0.004446286242455244,0.0,0.0,0.0,,0.0,0.006903916597366333,,0.0032303640618920326,0.0,0.0,0.0,0.0,0.0,0.007855664007365704,0.0,0.0,0.0,0.011428353376686573,0.0,0.014265907928347588,0.0,0.0,0.0,0.0,0.0,0.0,0.0,0.0,0.0,0.0,0.0,0.0,0.0071387211792171,0.0,0.0,0.0,0.010663309134542942,0.009583434090018272,0.0,0.00991410668939352,0.0,0.0,0.0,0.019269602373242378,0.0,0.0,0.0,0.0,0.0,0.0,0.0,0.0,0.004451911896467209,0.0,0.0,0.0,0.0,0.0,0.015617968514561653,0.0,0.008543897420167923,0.0,0.0,0.017431413754820824,0.0,0.0,0.0,0.0,0.0,0.011158911511301994,0.0,0.006921166554093361,0.0,0.013884417712688446,0.0,0.0,0.0,0.0,0.0,0.017269155010581017,0.0,0.00583390099927783,0.0,0.0,,,,,,,,,,,,,,,,,,,,,,,,,,,,,,,,,,,,,,,,,,,,,,,,,,,,,,,,,,,,,,,,,,,,,,,,,,,,,,,,,,,,,,,,,,,,,,,,,,,,,,,,,,,,,,,,,,,,,,,,,,,,,,
2021-11-18,833507.6218545932,52.272443634709504,,,,,,,,,,,76494.84123570709,,1039061.7711000025,,,,,,,,,,,,,,,,,,,,,,,,,,,,,,,,,,,,,,,,,,,3158.371479201565,,,,,,,,,,,,,,,,,,,,,,25381.921601275862,9477.15977950454,4032.3384669051707,8201.903712248382,4853.111804181181,36771.34326967856,29126.138367914788,8255.504825912014,35930.86223587339,,,,,,,,,,,,,,,,,,,,,,,,,,,,,,,,,,,,0.007672586012631655,0.0,0.0,0.01092440728098154,0.0,0.0,0.0,0.0,0.0,0.0,0.0,0.0,0.0,0.0,0.0,0.0,,0.0,,0.0,,0.0,0.0,0.0,0.010507198981940746,0.0,,0.0,0.0,0.010712611488997936,0.0,0.012846814468502998,0.0,,0.0,,,,0.0,0.0,0.0,,0.0,0.0,0.0012285824632272124,0.009027548134326935,0.0,,,0.0,,0.0,0.0,0.0,0.0,0.0,0.0,0.0,0.0,0.006439491640776396,0.015234255231916904,0.0,0.0,0.0,,0.011381476186215878,0.0,0.0,0.0,0.015055594965815544,,0.0005889178719371557,0.0,,0.0,0.0,0.0,0.0,,0.0,0.0,0.0,,0.0,,0.0,0.0,,0.0,,0.0,0.0,0.0030229962430894375,0.01743323914706707,0.0,0.012673601508140564,0.0,0.016194811090826988,0.0,,,0.009300514124333858,0.0,,,,,0.0,0.0,0.0,0.0,0.0,0.0,0.0,0.0,0.0,,0.012146583758294582,0.0019998527131974697,0.0,,0.019029388204216957,0.0,0.0015352413756772876,0.0,0.0,0.0,,0.002669151872396469,,0.014855947345495224,0.0,0.0,0.01175154373049736,,0.0,0.0,,0.0,0.0,0.0,0.0,0.0,0.0001421356719220057,0.0011042432161048055,0.0,0.0,0.0046468619257211685,0.003770541399717331,0.0,0.0012880248250439763,,0.02132318913936615,0.0,0.004850889090448618,0.0,,0.0,0.007785265799611807,0.0,0.0,0.0,0.0,0.0061191171407699585,0.0,0.0,0.0,,0.015078713186085224,0.0,0.0,,,,0.006918592378497124,0.002163069089874625,,0.0,0.0,0.0,0.0,,0.0,,0.0,0.0,0.013318006880581379,0.0,0.0,0.0,,,,0.0,0.01897398941218853,0.0,0.0,0.0,,0.0,0.008289680816233158,0.007186546456068754,0.0,,0.0,0.015495573170483112,0.0,0.0,0.0,,0.002988440217450261,0.0071138362400233746,0.006663523148745298,0.0,,0.0029522741679102182,0.007444577291607857,0.00870683416724205,0.0,0.015951599925756454,0.0,,0.0,0.0,0.0,0.0,0.0,0.0,,0.0,,0.005740217864513397,0.007723913062363863,0.0016765532782301307,0.0,0.0,0.0,0.0,,0.0,0.011521018110215664,0.0028374833054840565,,,0.0,0.0,0.0,0.0,0.0,0.0,0.0,0.0,0.0,,0.0,0.0,0.0014217449352145195,,0.0,0.0,0.0,0.015036061406135559,0.0,0.0,0.0,,,0.0,0.002523822244256735,0.0,0.0,0.0,,0.012212172150611877,,0.010441260412335396,0.0,,0.0,0.0001980172237381339,0.0,0.0,,,0.0,0.009777898900210857,,0.011562291532754898,0.0,,,0.0,0.021612513810396194,0.0,0.0,0.0,0.0,0.0,,,0.0,0.0,0.0,0.0,0.0,,,0.0,0.0,0.0,,0.0,0.0,,0.0,0.0,0.010721533559262753,,0.0,0.0,0.0,0.0,,0.0,0.0,,0.0,0.0,0.0,0.000222572882194072,0.004138255026191473,0.0,0.0,0.0,0.0,0.0,0.0,0.0,0.0,,0.01636638306081295,,0.0,0.013081780634820461,0.00596213573589921,0.0,0.0,0.0,0.00783260352909565,0.013072560541331768,0.0,0.01504174992442131,0.0,,0.0,,0.0,0.007702955510467291,0.0,,0.0,0.0,0.0,0.0064319828525185585,0.0,0.0,0.0,0.0,0.006455377209931612,0.002276746090501547,0.0,,,0.0,0.0,0.0,,,,0.0,0.0,,0.0,,0.0,,0.0,,,0.0,,,,,0.0,,0.0,0.009475049562752247,0.0,,0.0,0.0,0.0006172159337438643,,0.011276694014668465,0.0,,0.0,0.008886725641787052,0.0,,,0.0,,0.01935204491019249,0.0,0.0,,0.0,0.0019069688860327005,,,,0.0,0.0,0.0,0.0,0.0,7.387471123365685e-05,,,,0.007764055393636227,0.0,,0.0,,0.0,0.0,0.0,0.0,,,0.0,0.0,,,0.0,,0.0,,0.0,0.0,0.0,0.0,0.0,0.0,0.0,,0.0,0.010640541091561317,0.0,0.0,0.0,,,0.0,0.0,0.0,0.0,0.004161264281719923,0.0073729087598621845,,,,0.007771022617816925,0.0,0.0,0.0,,,0.008342444896697998,0.0,0.0,,0.0,,,,,0.0,0.013751369901001453,0.0,,0.0,,,0.0,,0.006028351373970509,0.0,0.0,0.0,,0.006963010877370834,0.0,,0.0,0.0,0.0,0.0,0.0,,0.0025301980786025524,0.0,0.0,,0.0,0.0,0.0,0.0,0.0,0.0,0.0,,0.0009805925656110048,0.0,0.0,0.007419695612043142,0.0,0.0,0.0,,0.0,0.0,0.0,0.010489208623766899,0.0,0.0,0.0,0.0,0.0,0.0,0.00028485566144809127,0.0,0.0,0.0,,0.0,0.0,0.0,0.0,0.0,0.0,0.0,0.0,0.0,0.004446286242455244,0.0,0.0,0.0,,0.0,0.006903916597366333,,0.0032303640618920326,0.0,0.0,0.0,0.0,0.0,0.007855664007365704,0.0,0.0,0.0,0.011428353376686573,0.0,0.014265907928347588,0.0,0.0,0.0,0.0,0.0,0.0,0.0,0.0,0.0,0.0,0.0,0.0,0.0071387211792171,0.0,0.0,0.0,0.010663309134542942,0.009583434090018272,0.0,0.00991410668939352,0.0,0.0,0.0,0.019269602373242378,0.0,0.0,0.0,0.0,0.0,0.0,0.0,0.0,0.004451911896467209,0.0,0.0,0.0,0.0,0.0,0.015617968514561653,0.0,0.008543897420167923,0.0,0.0,0.017431413754820824,0.0,0.0,0.0,0.0,0.0,0.011158911511301994,0.0,0.006921166554093361,0.0,0.013884417712688446,0.0,0.0,0.0,0.0,0.0,0.017269155010581017,0.0,0.00583390099927783,0.0,0.0,,,,,,,,,,,,,,,,,,,,,,,,,,,,,,,,,,,,,,,,,,,,,,,,,,,,,,,,,,,,,,,,,,,,,,,,,,,,,,,,,,,,,,,,,,,,,,,,,,,,,,,,,,,,,,,,,,,,,,,,,,,,,,
2021-11-19,849432.234199662,188.09367221048888,,,,,,,,,,,76494.84123570709,,1039061.7711000025,,,,,,,,,,,,,,,,,,,,,,,,,,,,,,,,,,,,,,,,,,,3158.371479201565,,,,,,,,,,,,,,,,,,,,,,26590.345082214855,9477.15977950454,4032.3384669051707,8201.903712248382,3882.484108722387,47277.82484212359,29126.138367914788,8255.504825912014,35930.86223587339,,,,,,,,,,,,,,,,,,,,,,,,,,,,,,,,,,,,0.007672586012631655,0.0,0.0,0.01092440728098154,0.0,0.0,0.0,0.0,0.0,0.0,0.0,0.0,0.0,0.0,0.0,0.0,,0.0,,0.0,,0.0,0.0,0.0,0.010507198981940746,0.0,,0.0,0.0,0.010712611488997936,0.0,0.012846814468502998,0.0,,0.0,,,,0.0,0.0,0.0,,0.0,0.0,0.0012285824632272124,0.009027548134326935,0.0,,,0.0,,0.0,0.0,0.0,0.0,0.0,0.0,0.0,0.0,0.006439491640776396,0.015234255231916904,0.0,0.0,0.0,,0.011381476186215878,0.0,0.0,0.0,0.015055594965815544,,0.0005889178719371557,0.0,,0.0,0.0,0.0,0.0,,0.0,0.0,0.0,,0.0,,0.0,0.0,,0.0,,0.0,0.0,0.0030229962430894375,0.01743323914706707,0.0,0.012673601508140564,0.0,0.016194811090826988,0.0,,,0.009300514124333858,0.0,,,,,0.0,0.0,0.0,0.0,0.0,0.0,0.0,0.0,0.0,,0.012146583758294582,0.0019998527131974697,0.0,,0.019029388204216957,0.0,0.0015352413756772876,0.0,0.0,0.0,,0.002669151872396469,,0.014855947345495224,0.0,0.0,0.01175154373049736,,0.0,0.0,,0.0,0.0,0.0,0.0,0.0,0.0001421356719220057,0.0011042432161048055,0.0,0.0,0.0046468619257211685,0.003770541399717331,0.0,0.0012880248250439763,,0.02132318913936615,0.0,0.004850889090448618,0.0,,0.0,0.007785265799611807,0.0,0.0,0.0,0.0,0.0061191171407699585,0.0,0.0,0.0,,0.015078713186085224,0.0,0.0,,,,0.006918592378497124,0.002163069089874625,,0.0,0.0,0.0,0.0,,0.0,,0.0,0.0,0.013318006880581379,0.0,0.0,0.0,,,,0.0,0.01897398941218853,0.0,0.0,0.0,,0.0,0.008289680816233158,0.007186546456068754,0.0,,0.0,0.015495573170483112,0.0,0.0,0.0,,0.002988440217450261,0.0071138362400233746,0.006663523148745298,0.0,,0.0029522741679102182,0.007444577291607857,0.00870683416724205,0.0,0.015951599925756454,0.0,,0.0,0.0,0.0,0.0,0.0,0.0,,0.0,,0.005740217864513397,0.007723913062363863,0.0016765532782301307,0.0,0.0,0.0,0.0,,0.0,0.011521018110215664,0.0028374833054840565,,,0.0,0.0,0.0,0.0,0.0,0.0,0.0,0.0,0.0,,0.0,0.0,0.0014217449352145195,,0.0,0.0,0.0,0.015036061406135559,0.0,0.0,0.0,,,0.0,0.002523822244256735,0.0,0.0,0.0,,0.012212172150611877,,0.010441260412335396,0.0,,0.0,0.0001980172237381339,0.0,0.0,,,0.0,0.009777898900210857,,0.011562291532754898,0.0,,,0.0,0.021612513810396194,0.0,0.0,0.0,0.0,0.0,,,0.0,0.0,0.0,0.0,0.0,,,0.0,0.0,0.0,,0.0,0.0,,0.0,0.0,0.010721533559262753,,0.0,0.0,0.0,0.0,,0.0,0.0,,0.0,0.0,0.0,0.000222572882194072,0.004138255026191473,0.0,0.0,0.0,0.0,0.0,0.0,0.0,0.0,,0.01636638306081295,,0.0,0.013081780634820461,0.00596213573589921,0.0,0.0,0.0,0.00783260352909565,0.013072560541331768,0.0,0.01504174992442131,0.0,,0.0,,0.0,0.007702955510467291,0.0,,0.0,0.0,0.0,0.0064319828525185585,0.0,0.0,0.0,0.0,0.006455377209931612,0.002276746090501547,0.0,,,0.0,0.0,0.0,,,,0.0,0.0,,0.0,,0.0,,0.0,,,0.0,,,,,0.0,,0.0,0.009475049562752247,0.0,,0.0,0.0,0.0006172159337438643,,0.011276694014668465,0.0,,0.0,0.008886725641787052,0.0,,,0.0,,0.01935204491019249,0.0,0.0,,0.0,0.0019069688860327005,,,,0.0,0.0,0.0,0.0,0.0,7.387471123365685e-05,,,,0.007764055393636227,0.0,,0.0,,0.0,0.0,0.0,0.0,,,0.0,0.0,,,0.0,,0.0,,0.0,0.0,0.0,0.0,0.0,0.0,0.0,,0.0,0.010640541091561317,0.0,0.0,0.0,,,0.0,0.0,0.0,0.0,0.004161264281719923,0.0073729087598621845,,,,0.007771022617816925,0.0,0.0,0.0,,,0.008342444896697998,0.0,0.0,,0.0,,,,,0.0,0.013751369901001453,0.0,,0.0,,,0.0,,0.006028351373970509,0.0,0.0,0.0,,0.006963010877370834,0.0,,0.0,0.0,0.0,0.0,0.0,,0.0025301980786025524,0.0,0.0,,0.0,0.0,0.0,0.0,0.0,0.0,0.0,,0.0009805925656110048,0.0,0.0,0.007419695612043142,0.0,0.0,0.0,,0.0,0.0,0.0,0.010489208623766899,0.0,0.0,0.0,0.0,0.0,0.0,0.00028485566144809127,0.0,0.0,0.0,,0.0,0.0,0.0,0.0,0.0,0.0,0.0,0.0,0.0,0.004446286242455244,0.0,0.0,0.0,,0.0,0.006903916597366333,,0.0032303640618920326,0.0,0.0,0.0,0.0,0.0,0.007855664007365704,0.0,0.0,0.0,0.011428353376686573,0.0,0.014265907928347588,0.0,0.0,0.0,0.0,0.0,0.0,0.0,0.0,0.0,0.0,0.0,0.0,0.0071387211792171,0.0,0.0,0.0,0.010663309134542942,0.009583434090018272,0.0,0.00991410668939352,0.0,0.0,0.0,0.019269602373242378,0.0,0.0,0.0,0.0,0.0,0.0,0.0,0.0,0.004451911896467209,0.0,0.0,0.0,0.0,0.0,0.015617968514561653,0.0,0.008543897420167923,0.0,0.0,0.017431413754820824,0.0,0.0,0.0,0.0,0.0,0.011158911511301994,0.0,0.006921166554093361,0.0,0.013884417712688446,0.0,0.0,0.0,0.0,0.0,0.017269155010581017,0.0,0.00583390099927783,0.0,0.0,,,,,,,,,,,,,,,,,,,,,,,,,,,,,,,,,,,,,,,,,,,,,,,,,,,,,,,,,,,,,,,,,,,,,,,,,,,,,,,,,,,,,,,,,,,,,,,,,,,,,,,,,,,,,,,,,,,,,,,,,,,,,,
2021-11-22,856191.6091547561,187.4950559904717,,,,,,,,,,,76494.84123570709,,1039061.7711000025,,,,,,,,,,,,,,,,,,,,,,,,,,,,,,,,,,,,,,,,,,,3158.371479201565,,,,,,,,,,,,,,,,,,,,,,26590.345082214855,9477.15977950454,4032.3384669051707,8201.903712248382,3882.5138704881138,47277.82484212359,29126.138367914788,8255.504825912014,35930.86223587339,,,,,,,,,,,,,,,,,,,,,,,,,,,,,,,,,,,,0.007672586012631655,0.0,0.0,0.01092440728098154,0.0,0.0,0.0,0.0,0.0,0.0,0.0,0.0,0.0,0.0,0.0,0.0,,0.0,,0.0,,0.0,0.0,0.0,0.010507198981940746,0.0,,0.0,0.0,0.010712611488997936,0.0,0.012846814468502998,0.0,,0.0,,,,0.0,0.0,0.0,,0.0,0.0,0.0012285824632272124,0.009027548134326935,0.0,,,0.0,,0.0,0.0,0.0,0.0,0.0,0.0,0.0,0.0,0.006439491640776396,0.015234255231916904,0.0,0.0,0.0,,0.011381476186215878,0.0,0.0,0.0,0.015055594965815544,,0.0005889178719371557,0.0,,0.0,0.0,0.0,0.0,,0.0,0.0,0.0,,0.0,,0.0,0.0,,0.0,,0.0,0.0,0.0030229962430894375,0.01743323914706707,0.0,0.012673601508140564,0.0,0.016194811090826988,0.0,,,0.009300514124333858,0.0,,,,,0.0,0.0,0.0,0.0,0.0,0.0,0.0,0.0,0.0,,0.012146583758294582,0.0019998527131974697,0.0,,0.019029388204216957,0.0,0.0015352413756772876,0.0,0.0,0.0,,0.002669151872396469,,0.014855947345495224,0.0,0.0,0.01175154373049736,,0.0,0.0,,0.0,0.0,0.0,0.0,0.0,0.0001421356719220057,0.0011042432161048055,0.0,0.0,0.0046468619257211685,0.003770541399717331,0.0,0.0012880248250439763,,0.02132318913936615,0.0,0.004850889090448618,0.0,,0.0,0.007785265799611807,0.0,0.0,0.0,0.0,0.0061191171407699585,0.0,0.0,0.0,,0.015078713186085224,0.0,0.0,,,,0.006918592378497124,0.002163069089874625,,0.0,0.0,0.0,0.0,,0.0,,0.0,0.0,0.013318006880581379,0.0,0.0,0.0,,,,0.0,0.01897398941218853,0.0,0.0,0.0,,0.0,0.008289680816233158,0.007186546456068754,0.0,,0.0,0.015495573170483112,0.0,0.0,0.0,,0.002988440217450261,0.0071138362400233746,0.006663523148745298,0.0,,0.0029522741679102182,0.007444577291607857,0.00870683416724205,0.0,0.015951599925756454,0.0,,0.0,0.0,0.0,0.0,0.0,0.0,,0.0,,0.005740217864513397,0.007723913062363863,0.0016765532782301307,0.0,0.0,0.0,0.0,,0.0,0.011521018110215664,0.0028374833054840565,,,0.0,0.0,0.0,0.0,0.0,0.0,0.0,0.0,0.0,,0.0,0.0,0.0014217449352145195,,0.0,0.0,0.0,0.015036061406135559,0.0,0.0,0.0,,,0.0,0.002523822244256735,0.0,0.0,0.0,,0.012212172150611877,,0.010441260412335396,0.0,,0.0,0.0001980172237381339,0.0,0.0,,,0.0,0.009777898900210857,,0.011562291532754898,0.0,,,0.0,0.021612513810396194,0.0,0.0,0.0,0.0,0.0,,,0.0,0.0,0.0,0.0,0.0,,,0.0,0.0,0.0,,0.0,0.0,,0.0,0.0,0.010721533559262753,,0.0,0.0,0.0,0.0,,0.0,0.0,,0.0,0.0,0.0,0.000222572882194072,0.004138255026191473,0.0,0.0,0.0,0.0,0.0,0.0,0.0,0.0,,0.01636638306081295,,0.0,0.013081780634820461,0.00596213573589921,0.0,0.0,0.0,0.00783260352909565,0.013072560541331768,0.0,0.01504174992442131,0.0,,0.0,,0.0,0.007702955510467291,0.0,,0.0,0.0,0.0,0.0064319828525185585,0.0,0.0,0.0,0.0,0.006455377209931612,0.002276746090501547,0.0,,,0.0,0.0,0.0,,,,0.0,0.0,,0.0,,0.0,,0.0,,,0.0,,,,,0.0,,0.0,0.009475049562752247,0.0,,0.0,0.0,0.0006172159337438643,,0.011276694014668465,0.0,,0.0,0.008886725641787052,0.0,,,0.0,,0.01935204491019249,0.0,0.0,,0.0,0.0019069688860327005,,,,0.0,0.0,0.0,0.0,0.0,7.387471123365685e-05,,,,0.007764055393636227,0.0,,0.0,,0.0,0.0,0.0,0.0,,,0.0,0.0,,,0.0,,0.0,,0.0,0.0,0.0,0.0,0.0,0.0,0.0,,0.0,0.010640541091561317,0.0,0.0,0.0,,,0.0,0.0,0.0,0.0,0.004161264281719923,0.0073729087598621845,,,,0.007771022617816925,0.0,0.0,0.0,,,0.008342444896697998,0.0,0.0,,0.0,,,,,0.0,0.013751369901001453,0.0,,0.0,,,0.0,,0.006028351373970509,0.0,0.0,0.0,,0.006963010877370834,0.0,,0.0,0.0,0.0,0.0,0.0,,0.0025301980786025524,0.0,0.0,,0.0,0.0,0.0,0.0,0.0,0.0,0.0,,0.0009805925656110048,0.0,0.0,0.007419695612043142,0.0,0.0,0.0,,0.0,0.0,0.0,0.010489208623766899,0.0,0.0,0.0,0.0,0.0,0.0,0.00028485566144809127,0.0,0.0,0.0,,0.0,0.0,0.0,0.0,0.0,0.0,0.0,0.0,0.0,0.004446286242455244,0.0,0.0,0.0,,0.0,0.006903916597366333,,0.0032303640618920326,0.0,0.0,0.0,0.0,0.0,0.007855664007365704,0.0,0.0,0.0,0.011428353376686573,0.0,0.014265907928347588,0.0,0.0,0.0,0.0,0.0,0.0,0.0,0.0,0.0,0.0,0.0,0.0,0.0071387211792171,0.0,0.0,0.0,0.010663309134542942,0.009583434090018272,0.0,0.00991410668939352,0.0,0.0,0.0,0.019269602373242378,0.0,0.0,0.0,0.0,0.0,0.0,0.0,0.0,0.004451911896467209,0.0,0.0,0.0,0.0,0.0,0.015617968514561653,0.0,0.008543897420167923,0.0,0.0,0.017431413754820824,0.0,0.0,0.0,0.0,0.0,0.011158911511301994,0.0,0.006921166554093361,0.0,0.013884417712688446,0.0,0.0,0.0,0.0,0.0,0.017269155010581017,0.0,0.00583390099927783,0.0,0.0,,,,,,,,,,,,,,,,,,,,,,,,,,,,,,,,,,,,,,,,,,,,,,,,,,,,,,,,,,,,,,,,,,,,,,,,,,,,,,,,,,,,,,,,,,,,,,,,,,,,,,,,,,,,,,,,,,,,,,,,,,,,,,
2021-11-23,857010.6506703772,187.5008559011531,,,,,,,,,,,76494.84123570709,,1039061.7711000025,,,,,,,,,,,,,,,,,,,,,,,,,,,,,,,,,,,,,,,,,,,3158.371479201565,,,,,,,,,,,,,,,,,,,,,,26590.345082214855,9477.15977950454,4032.3384669051707,8201.903712248382,3882.513589714607,47277.82484212359,29126.138367914788,8255.504825912014,35930.86223587339,,,,,,,,,,,,,,,,,,,,,,,,,,,,,,,,,,,,0.007672586012631655,0.0,0.0,0.01092440728098154,0.0,0.0,0.0,0.0,0.0,0.0,0.0,0.0,0.0,0.0,0.0,0.0,,0.0,,0.0,,0.0,0.0,0.0,0.010507198981940746,0.0,,0.0,0.0,0.010712611488997936,0.0,0.012846814468502998,0.0,,0.0,,,,0.0,0.0,0.0,,0.0,0.0,0.0012285824632272124,0.009027548134326935,0.0,,,0.0,,0.0,0.0,0.0,0.0,0.0,0.0,0.0,0.0,0.006439491640776396,0.015234255231916904,0.0,0.0,0.0,,0.011381476186215878,0.0,0.0,0.0,0.015055594965815544,,0.0005889178719371557,0.0,,0.0,0.0,0.0,0.0,,0.0,0.0,0.0,,0.0,,0.0,0.0,,0.0,,0.0,0.0,0.0030229962430894375,0.01743323914706707,0.0,0.012673601508140564,0.0,0.016194811090826988,0.0,,,0.009300514124333858,0.0,,,,,0.0,0.0,0.0,0.0,0.0,0.0,0.0,0.0,0.0,,0.012146583758294582,0.0019998527131974697,0.0,,0.019029388204216957,0.0,0.0015352413756772876,0.0,0.0,0.0,,0.002669151872396469,,0.014855947345495224,0.0,0.0,0.01175154373049736,,0.0,0.0,,0.0,0.0,0.0,0.0,0.0,0.0001421356719220057,0.0011042432161048055,0.0,0.0,0.0046468619257211685,0.003770541399717331,0.0,0.0012880248250439763,,0.02132318913936615,0.0,0.004850889090448618,0.0,,0.0,0.007785265799611807,0.0,0.0,0.0,0.0,0.0061191171407699585,0.0,0.0,0.0,,0.015078713186085224,0.0,0.0,,,,0.006918592378497124,0.002163069089874625,,0.0,0.0,0.0,0.0,,0.0,,0.0,0.0,0.013318006880581379,0.0,0.0,0.0,,,,0.0,0.01897398941218853,0.0,0.0,0.0,,0.0,0.008289680816233158,0.007186546456068754,0.0,,0.0,0.015495573170483112,0.0,0.0,0.0,,0.002988440217450261,0.0071138362400233746,0.006663523148745298,0.0,,0.0029522741679102182,0.007444577291607857,0.00870683416724205,0.0,0.015951599925756454,0.0,,0.0,0.0,0.0,0.0,0.0,0.0,,0.0,,0.005740217864513397,0.007723913062363863,0.0016765532782301307,0.0,0.0,0.0,0.0,,0.0,0.011521018110215664,0.0028374833054840565,,,0.0,0.0,0.0,0.0,0.0,0.0,0.0,0.0,0.0,,0.0,0.0,0.0014217449352145195,,0.0,0.0,0.0,0.015036061406135559,0.0,0.0,0.0,,,0.0,0.002523822244256735,0.0,0.0,0.0,,0.012212172150611877,,0.010441260412335396,0.0,,0.0,0.0001980172237381339,0.0,0.0,,,0.0,0.009777898900210857,,0.011562291532754898,0.0,,,0.0,0.021612513810396194,0.0,0.0,0.0,0.0,0.0,,,0.0,0.0,0.0,0.0,0.0,,,0.0,0.0,0.0,,0.0,0.0,,0.0,0.0,0.010721533559262753,,0.0,0.0,0.0,0.0,,0.0,0.0,,0.0,0.0,0.0,0.000222572882194072,0.004138255026191473,0.0,0.0,0.0,0.0,0.0,0.0,0.0,0.0,,0.01636638306081295,,0.0,0.013081780634820461,0.00596213573589921,0.0,0.0,0.0,0.00783260352909565,0.013072560541331768,0.0,0.01504174992442131,0.0,,0.0,,0.0,0.007702955510467291,0.0,,0.0,0.0,0.0,0.0064319828525185585,0.0,0.0,0.0,0.0,0.006455377209931612,0.002276746090501547,0.0,,,0.0,0.0,0.0,,,,0.0,0.0,,0.0,,0.0,,0.0,,,0.0,,,,,0.0,,0.0,0.009475049562752247,0.0,,0.0,0.0,0.0006172159337438643,,0.011276694014668465,0.0,,0.0,0.008886725641787052,0.0,,,0.0,,0.01935204491019249,0.0,0.0,,0.0,0.0019069688860327005,,,,0.0,0.0,0.0,0.0,0.0,7.387471123365685e-05,,,,0.007764055393636227,0.0,,0.0,,0.0,0.0,0.0,0.0,,,0.0,0.0,,,0.0,,0.0,,0.0,0.0,0.0,0.0,0.0,0.0,0.0,,0.0,0.010640541091561317,0.0,0.0,0.0,,,0.0,0.0,0.0,0.0,0.004161264281719923,0.0073729087598621845,,,,0.007771022617816925,0.0,0.0,0.0,,,0.008342444896697998,0.0,0.0,,0.0,,,,,0.0,0.013751369901001453,0.0,,0.0,,,0.0,,0.006028351373970509,0.0,0.0,0.0,,0.006963010877370834,0.0,,0.0,0.0,0.0,0.0,0.0,,0.0025301980786025524,0.0,0.0,,0.0,0.0,0.0,0.0,0.0,0.0,0.0,,0.0009805925656110048,0.0,0.0,0.007419695612043142,0.0,0.0,0.0,,0.0,0.0,0.0,0.010489208623766899,0.0,0.0,0.0,0.0,0.0,0.0,0.00028485566144809127,0.0,0.0,0.0,,0.0,0.0,0.0,0.0,0.0,0.0,0.0,0.0,0.0,0.004446286242455244,0.0,0.0,0.0,,0.0,0.006903916597366333,,0.0032303640618920326,0.0,0.0,0.0,0.0,0.0,0.007855664007365704,0.0,0.0,0.0,0.011428353376686573,0.0,0.014265907928347588,0.0,0.0,0.0,0.0,0.0,0.0,0.0,0.0,0.0,0.0,0.0,0.0,0.0071387211792171,0.0,0.0,0.0,0.010663309134542942,0.009583434090018272,0.0,0.00991410668939352,0.0,0.0,0.0,0.019269602373242378,0.0,0.0,0.0,0.0,0.0,0.0,0.0,0.0,0.004451911896467209,0.0,0.0,0.0,0.0,0.0,0.015617968514561653,0.0,0.008543897420167923,0.0,0.0,0.017431413754820824,0.0,0.0,0.0,0.0,0.0,0.011158911511301994,0.0,0.006921166554093361,0.0,0.013884417712688446,0.0,0.0,0.0,0.0,0.0,0.017269155010581017,0.0,0.00583390099927783,0.0,0.0,,,,,,,,,,,,,,,,,,,,,,,,,,,,,,,,,,,,,,,,,,,,,,,,,,,,,,,,,,,,,,,,,,,,,,,,,,,,,,,,,,,,,,,,,,,,,,,,,,,,,,,,,,,,,,,,,,,,,,,,,,,,,,
2021-11-24,854740.6775913736,188.17245791617526,,,,,,,,,,,76494.84123570709,,1039061.7711000025,,,,,,,,,,,,,,,,,,,,,,,,,,,,,,,,,,,,,,,,,,,3158.371479201565,,,,,,,,,,,,,,,,,,,,,,26590.345082214855,9477.15977950454,4032.3384669051707,8201.903712248382,3882.4813010321927,47277.82484212359,29126.138367914788,8255.504825912014,35930.86223587339,,,,,,,,,,,,,,,,,,,,,,,,,,,,,,,,,,,,0.007672586012631655,0.0,0.0,0.01092440728098154,0.0,0.0,0.0,0.0,0.0,0.0,0.0,0.0,0.0,0.0,0.0,0.0,,0.0,,0.0,,0.0,0.0,0.0,0.010507198981940746,0.0,,0.0,0.0,0.010712611488997936,0.0,0.012846814468502998,0.0,,0.0,,,,0.0,0.0,0.0,,0.0,0.0,0.0012285824632272124,0.009027548134326935,0.0,,,0.0,,0.0,0.0,0.0,0.0,0.0,0.0,0.0,0.0,0.006439491640776396,0.015234255231916904,0.0,0.0,0.0,,0.011381476186215878,0.0,0.0,0.0,0.015055594965815544,,0.0005889178719371557,0.0,,0.0,0.0,0.0,0.0,,0.0,0.0,0.0,,0.0,,0.0,0.0,,0.0,,0.0,0.0,0.0030229962430894375,0.01743323914706707,0.0,0.012673601508140564,0.0,0.016194811090826988,0.0,,,0.009300514124333858,0.0,,,,,0.0,0.0,0.0,0.0,0.0,0.0,0.0,0.0,0.0,,0.012146583758294582,0.0019998527131974697,0.0,,0.019029388204216957,0.0,0.0015352413756772876,0.0,0.0,0.0,,0.002669151872396469,,0.014855947345495224,0.0,0.0,0.01175154373049736,,0.0,0.0,,0.0,0.0,0.0,0.0,0.0,0.0001421356719220057,0.0011042432161048055,0.0,0.0,0.0046468619257211685,0.003770541399717331,0.0,0.0012880248250439763,,0.02132318913936615,0.0,0.004850889090448618,0.0,,0.0,0.007785265799611807,0.0,0.0,0.0,0.0,0.0061191171407699585,0.0,0.0,0.0,,0.015078713186085224,0.0,0.0,,,,0.006918592378497124,0.002163069089874625,,0.0,0.0,0.0,0.0,,0.0,,0.0,0.0,0.013318006880581379,0.0,0.0,0.0,,,,0.0,0.01897398941218853,0.0,0.0,0.0,,0.0,0.008289680816233158,0.007186546456068754,0.0,,0.0,0.015495573170483112,0.0,0.0,0.0,,0.002988440217450261,0.0071138362400233746,0.006663523148745298,0.0,,0.0029522741679102182,0.007444577291607857,0.00870683416724205,0.0,0.015951599925756454,0.0,,0.0,0.0,0.0,0.0,0.0,0.0,,0.0,,0.005740217864513397,0.007723913062363863,0.0016765532782301307,0.0,0.0,0.0,0.0,,0.0,0.011521018110215664,0.0028374833054840565,,,0.0,0.0,0.0,0.0,0.0,0.0,0.0,0.0,0.0,,0.0,0.0,0.0014217449352145195,,0.0,0.0,0.0,0.015036061406135559,0.0,0.0,0.0,,,0.0,0.002523822244256735,0.0,0.0,0.0,,0.012212172150611877,,0.010441260412335396,0.0,,0.0,0.0001980172237381339,0.0,0.0,,,0.0,0.009777898900210857,,0.011562291532754898,0.0,,,0.0,0.021612513810396194,0.0,0.0,0.0,0.0,0.0,,,0.0,0.0,0.0,0.0,0.0,,,0.0,0.0,0.0,,0.0,0.0,,0.0,0.0,0.010721533559262753,,0.0,0.0,0.0,0.0,,0.0,0.0,,0.0,0.0,0.0,0.000222572882194072,0.004138255026191473,0.0,0.0,0.0,0.0,0.0,0.0,0.0,0.0,,0.01636638306081295,,0.0,0.013081780634820461,0.00596213573589921,0.0,0.0,0.0,0.00783260352909565,0.013072560541331768,0.0,0.01504174992442131,0.0,,0.0,,0.0,0.007702955510467291,0.0,,0.0,0.0,0.0,0.0064319828525185585,0.0,0.0,0.0,0.0,0.006455377209931612,0.002276746090501547,0.0,,,0.0,0.0,0.0,,,,0.0,0.0,,0.0,,0.0,,0.0,,,0.0,,,,,0.0,,0.0,0.009475049562752247,0.0,,0.0,0.0,0.0006172159337438643,,0.011276694014668465,0.0,,0.0,0.008886725641787052,0.0,,,0.0,,0.01935204491019249,0.0,0.0,,0.0,0.0019069688860327005,,,,0.0,0.0,0.0,0.0,0.0,7.387471123365685e-05,,,,0.007764055393636227,0.0,,0.0,,0.0,0.0,0.0,0.0,,,0.0,0.0,,,0.0,,0.0,,0.0,0.0,0.0,0.0,0.0,0.0,0.0,,0.0,0.010640541091561317,0.0,0.0,0.0,,,0.0,0.0,0.0,0.0,0.004161264281719923,0.0073729087598621845,,,,0.007771022617816925,0.0,0.0,0.0,,,0.008342444896697998,0.0,0.0,,0.0,,,,,0.0,0.013751369901001453,0.0,,0.0,,,0.0,,0.006028351373970509,0.0,0.0,0.0,,0.006963010877370834,0.0,,0.0,0.0,0.0,0.0,0.0,,0.0025301980786025524,0.0,0.0,,0.0,0.0,0.0,0.0,0.0,0.0,0.0,,0.0009805925656110048,0.0,0.0,0.007419695612043142,0.0,0.0,0.0,,0.0,0.0,0.0,0.010489208623766899,0.0,0.0,0.0,0.0,0.0,0.0,0.00028485566144809127,0.0,0.0,0.0,,0.0,0.0,0.0,0.0,0.0,0.0,0.0,0.0,0.0,0.004446286242455244,0.0,0.0,0.0,,0.0,0.006903916597366333,,0.0032303640618920326,0.0,0.0,0.0,0.0,0.0,0.007855664007365704,0.0,0.0,0.0,0.011428353376686573,0.0,0.014265907928347588,0.0,0.0,0.0,0.0,0.0,0.0,0.0,0.0,0.0,0.0,0.0,0.0,0.0071387211792171,0.0,0.0,0.0,0.010663309134542942,0.009583434090018272,0.0,0.00991410668939352,0.0,0.0,0.0,0.019269602373242378,0.0,0.0,0.0,0.0,0.0,0.0,0.0,0.0,0.004451911896467209,0.0,0.0,0.0,0.0,0.0,0.015617968514561653,0.0,0.008543897420167923,0.0,0.0,0.017431413754820824,0.0,0.0,0.0,0.0,0.0,0.011158911511301994,0.0,0.006921166554093361,0.0,0.013884417712688446,0.0,0.0,0.0,0.0,0.0,0.017269155010581017,0.0,0.00583390099927783,0.0,0.0,,,,,,,,,,,,,,,,,,,,,,,,,,,,,,,,,,,,,,,,,,,,,,,,,,,,,,,,,,,,,,,,,,,,,,,,,,,,,,,,,,,,,,,,,,,,,,,,,,,,,,,,,,,,,,,,,,,,,,,,,,,,,,
2021-11-25,844643.1315072279,188.87047064770653,,,,,,,,,,,76494.84123570709,,1039061.7711000025,,,,,,,,,,,,,,,,,,,,,,,,,,,,,,,,,,,,,,,,,,,3158.371479201565,,,,,,,,,,,,,,,,,,,,,,26590.345082214855,9477.15977950454,4032.3384669051707,8201.903712248382,3882.44732830268,47277.82484212359,29126.138367914788,8255.504825912014,35930.86223587339,,,,,,,,,,,,,,,,,,,,,,,,,,,,,,,,,,,,0.007672586012631655,0.0,0.0,0.01092440728098154,0.0,0.0,0.0,0.0,0.0,0.0,0.0,0.0,0.0,0.0,0.0,0.0,,0.0,,0.0,,0.0,0.0,0.0,0.010507198981940746,0.0,,0.0,0.0,0.010712611488997936,0.0,0.012846814468502998,0.0,,0.0,,,,0.0,0.0,0.0,,0.0,0.0,0.0012285824632272124,0.009027548134326935,0.0,,,0.0,,0.0,0.0,0.0,0.0,0.0,0.0,0.0,0.0,0.006439491640776396,0.015234255231916904,0.0,0.0,0.0,,0.011381476186215878,0.0,0.0,0.0,0.015055594965815544,,0.0005889178719371557,0.0,,0.0,0.0,0.0,0.0,,0.0,0.0,0.0,,0.0,,0.0,0.0,,0.0,,0.0,0.0,0.0030229962430894375,0.01743323914706707,0.0,0.012673601508140564,0.0,0.016194811090826988,0.0,,,0.009300514124333858,0.0,,,,,0.0,0.0,0.0,0.0,0.0,0.0,0.0,0.0,0.0,,0.012146583758294582,0.0019998527131974697,0.0,,0.019029388204216957,0.0,0.0015352413756772876,0.0,0.0,0.0,,0.002669151872396469,,0.014855947345495224,0.0,0.0,0.01175154373049736,,0.0,0.0,,0.0,0.0,0.0,0.0,0.0,0.0001421356719220057,0.0011042432161048055,0.0,0.0,0.0046468619257211685,0.003770541399717331,0.0,0.0012880248250439763,,0.02132318913936615,0.0,0.004850889090448618,0.0,,0.0,0.007785265799611807,0.0,0.0,0.0,0.0,0.0061191171407699585,0.0,0.0,0.0,,0.015078713186085224,0.0,0.0,,,,0.006918592378497124,0.002163069089874625,,0.0,0.0,0.0,0.0,,0.0,,0.0,0.0,0.013318006880581379,0.0,0.0,0.0,,,,0.0,0.01897398941218853,0.0,0.0,0.0,,0.0,0.008289680816233158,0.007186546456068754,0.0,,0.0,0.015495573170483112,0.0,0.0,0.0,,0.002988440217450261,0.0071138362400233746,0.006663523148745298,0.0,,0.0029522741679102182,0.007444577291607857,0.00870683416724205,0.0,0.015951599925756454,0.0,,0.0,0.0,0.0,0.0,0.0,0.0,,0.0,,0.005740217864513397,0.007723913062363863,0.0016765532782301307,0.0,0.0,0.0,0.0,,0.0,0.011521018110215664,0.0028374833054840565,,,0.0,0.0,0.0,0.0,0.0,0.0,0.0,0.0,0.0,,0.0,0.0,0.0014217449352145195,,0.0,0.0,0.0,0.015036061406135559,0.0,0.0,0.0,,,0.0,0.002523822244256735,0.0,0.0,0.0,,0.012212172150611877,,0.010441260412335396,0.0,,0.0,0.0001980172237381339,0.0,0.0,,,0.0,0.009777898900210857,,0.011562291532754898,0.0,,,0.0,0.021612513810396194,0.0,0.0,0.0,0.0,0.0,,,0.0,0.0,0.0,0.0,0.0,,,0.0,0.0,0.0,,0.0,0.0,,0.0,0.0,0.010721533559262753,,0.0,0.0,0.0,0.0,,0.0,0.0,,0.0,0.0,0.0,0.000222572882194072,0.004138255026191473,0.0,0.0,0.0,0.0,0.0,0.0,0.0,0.0,,0.01636638306081295,,0.0,0.013081780634820461,0.00596213573589921,0.0,0.0,0.0,0.00783260352909565,0.013072560541331768,0.0,0.01504174992442131,0.0,,0.0,,0.0,0.007702955510467291,0.0,,0.0,0.0,0.0,0.0064319828525185585,0.0,0.0,0.0,0.0,0.006455377209931612,0.002276746090501547,0.0,,,0.0,0.0,0.0,,,,0.0,0.0,,0.0,,0.0,,0.0,,,0.0,,,,,0.0,,0.0,0.009475049562752247,0.0,,0.0,0.0,0.0006172159337438643,,0.011276694014668465,0.0,,0.0,0.008886725641787052,0.0,,,0.0,,0.01935204491019249,0.0,0.0,,0.0,0.0019069688860327005,,,,0.0,0.0,0.0,0.0,0.0,7.387471123365685e-05,,,,0.007764055393636227,0.0,,0.0,,0.0,0.0,0.0,0.0,,,0.0,0.0,,,0.0,,0.0,,0.0,0.0,0.0,0.0,0.0,0.0,0.0,,0.0,0.010640541091561317,0.0,0.0,0.0,,,0.0,0.0,0.0,0.0,0.004161264281719923,0.0073729087598621845,,,,0.007771022617816925,0.0,0.0,0.0,,,0.008342444896697998,0.0,0.0,,0.0,,,,,0.0,0.013751369901001453,0.0,,0.0,,,0.0,,0.006028351373970509,0.0,0.0,0.0,,0.006963010877370834,0.0,,0.0,0.0,0.0,0.0,0.0,,0.0025301980786025524,0.0,0.0,,0.0,0.0,0.0,0.0,0.0,0.0,0.0,,0.0009805925656110048,0.0,0.0,0.007419695612043142,0.0,0.0,0.0,,0.0,0.0,0.0,0.010489208623766899,0.0,0.0,0.0,0.0,0.0,0.0,0.00028485566144809127,0.0,0.0,0.0,,0.0,0.0,0.0,0.0,0.0,0.0,0.0,0.0,0.0,0.004446286242455244,0.0,0.0,0.0,,0.0,0.006903916597366333,,0.0032303640618920326,0.0,0.0,0.0,0.0,0.0,0.007855664007365704,0.0,0.0,0.0,0.011428353376686573,0.0,0.014265907928347588,0.0,0.0,0.0,0.0,0.0,0.0,0.0,0.0,0.0,0.0,0.0,0.0,0.0071387211792171,0.0,0.0,0.0,0.010663309134542942,0.009583434090018272,0.0,0.00991410668939352,0.0,0.0,0.0,0.019269602373242378,0.0,0.0,0.0,0.0,0.0,0.0,0.0,0.0,0.004451911896467209,0.0,0.0,0.0,0.0,0.0,0.015617968514561653,0.0,0.008543897420167923,0.0,0.0,0.017431413754820824,0.0,0.0,0.0,0.0,0.0,0.011158911511301994,0.0,0.006921166554093361,0.0,0.013884417712688446,0.0,0.0,0.0,0.0,0.0,0.017269155010581017,0.0,0.00583390099927783,0.0,0.0,,,,,,,,,,,,,,,,,,,,,,,,,,,,,,,,,,,,,,,,,,,,,,,,,,,,,,,,,,,,,,,,,,,,,,,,,,,,,,,,,,,,,,,,,,,,,,,,,,,,,,,,,,,,,,,,,,,,,,,,,,,,,,
2021-11-26,833881.8564020518,188.07638206211809,,,,,,,,,,,76494.84123570709,,1039061.7711000025,,,,,,,,,,,,,,,,,,,,,,,,,,,,,,,,,,,,,,,,,,,3158.371479201565,,,,,,,,,,,,,,,,,,,,,,26590.51748754781,9477.15977950454,4032.3384669051707,8201.903712248382,3882.459681953713,47277.82484212359,29126.138367914788,8255.504825912014,35930.86223587339,,,,,,,,,,,,,,,,,,,,,,,,,,,,,,,,,,,,0.007672586012631655,0.0,0.0,0.01092440728098154,0.0,0.0,0.0,0.0,0.0,0.0,0.0,0.0,0.0,0.0,0.0,0.0,,0.0,,0.0,,0.0,0.0,0.0,0.010507198981940746,0.0,,0.0,0.0,0.010712611488997936,0.0,0.012846814468502998,0.0,,0.0,,,,0.0,0.0,0.0,,0.0,0.0,0.0012285824632272124,0.009027548134326935,0.0,,,0.0,,0.0,0.0,0.0,0.0,0.0,0.0,0.0,0.0,0.006439491640776396,0.015234255231916904,0.0,0.0,0.0,,0.011381476186215878,0.0,0.0,0.0,0.015055594965815544,,0.0005889178719371557,0.0,,0.0,0.0,0.0,0.0,,0.0,0.0,0.0,,0.0,,0.0,0.0,,0.0,,0.0,0.0,0.0030229962430894375,0.01743323914706707,0.0,0.012673601508140564,0.0,0.016194811090826988,0.0,,,0.009300514124333858,0.0,,,,,0.0,0.0,0.0,0.0,0.0,0.0,0.0,0.0,0.0,,0.012146583758294582,0.0019998527131974697,0.0,,0.019029388204216957,0.0,0.0015352413756772876,0.0,0.0,0.0,,0.002669151872396469,,0.014855947345495224,0.0,0.0,0.01175154373049736,,0.0,0.0,,0.0,0.0,0.0,0.0,0.0,0.0001421356719220057,0.0011042432161048055,0.0,0.0,0.0046468619257211685,0.003770541399717331,0.0,0.0012880248250439763,,0.02132318913936615,0.0,0.004850889090448618,0.0,,0.0,0.007785265799611807,0.0,0.0,0.0,0.0,0.0061191171407699585,0.0,0.0,0.0,,0.015078713186085224,0.0,0.0,,,,0.006918592378497124,0.002163069089874625,,0.0,0.0,0.0,0.0,,0.0,,0.0,0.0,0.013318006880581379,0.0,0.0,0.0,,,,0.0,0.01897398941218853,0.0,0.0,0.0,,0.0,0.008289680816233158,0.007186546456068754,0.0,,0.0,0.015495573170483112,0.0,0.0,0.0,,0.002988440217450261,0.0071138362400233746,0.006663523148745298,0.0,,0.0029522741679102182,0.007444577291607857,0.00870683416724205,0.0,0.015951599925756454,0.0,,0.0,0.0,0.0,0.0,0.0,0.0,,0.0,,0.005740217864513397,0.007723913062363863,0.0016765532782301307,0.0,0.0,0.0,0.0,,0.0,0.011521018110215664,0.0028374833054840565,,,0.0,0.0,0.0,0.0,0.0,0.0,0.0,0.0,0.0,,0.0,0.0,0.0014217449352145195,,0.0,0.0,0.0,0.015036061406135559,0.0,0.0,0.0,,,0.0,0.002523822244256735,0.0,0.0,0.0,,0.012212172150611877,,0.010441260412335396,0.0,,0.0,0.0001980172237381339,0.0,0.0,,,0.0,0.009777898900210857,,0.011562291532754898,0.0,,,0.0,0.021612513810396194,0.0,0.0,0.0,0.0,0.0,,,0.0,0.0,0.0,0.0,0.0,,,0.0,0.0,0.0,,0.0,0.0,,0.0,0.0,0.010721533559262753,,0.0,0.0,0.0,0.0,,0.0,0.0,,0.0,0.0,0.0,0.000222572882194072,0.004138255026191473,0.0,0.0,0.0,0.0,0.0,0.0,0.0,0.0,,0.01636638306081295,,0.0,0.013081780634820461,0.00596213573589921,0.0,0.0,0.0,0.00783260352909565,0.013072560541331768,0.0,0.01504174992442131,0.0,,0.0,,0.0,0.007702955510467291,0.0,,0.0,0.0,0.0,0.0064319828525185585,0.0,0.0,0.0,0.0,0.006455377209931612,0.002276746090501547,0.0,,,0.0,0.0,0.0,,,,0.0,0.0,,0.0,,0.0,,0.0,,,0.0,,,,,0.0,,0.0,0.009475049562752247,0.0,,0.0,0.0,0.0006172159337438643,,0.011276694014668465,0.0,,0.0,0.008886725641787052,0.0,,,0.0,,0.01935204491019249,0.0,0.0,,0.0,0.0019069688860327005,,,,0.0,0.0,0.0,0.0,0.0,7.387471123365685e-05,,,,0.007764055393636227,0.0,,0.0,,0.0,0.0,0.0,0.0,,,0.0,0.0,,,0.0,,0.0,,0.0,0.0,0.0,0.0,0.0,0.0,0.0,,0.0,0.010640541091561317,0.0,0.0,0.0,,,0.0,0.0,0.0,0.0,0.004161264281719923,0.0073729087598621845,,,,0.007771022617816925,0.0,0.0,0.0,,,0.008342444896697998,0.0,0.0,,0.0,,,,,0.0,0.013751369901001453,0.0,,0.0,,,0.0,,0.006028351373970509,0.0,0.0,0.0,,0.006963010877370834,0.0,,0.0,0.0,0.0,0.0,0.0,,0.0025301980786025524,0.0,0.0,,0.0,0.0,0.0,0.0,0.0,0.0,0.0,,0.0009805925656110048,0.0,0.0,0.007419695612043142,0.0,0.0,0.0,,0.0,0.0,0.0,0.010489208623766899,0.0,0.0,0.0,0.0,0.0,0.0,0.00028485566144809127,0.0,0.0,0.0,,0.0,0.0,0.0,0.0,0.0,0.0,0.0,0.0,0.0,0.004446286242455244,0.0,0.0,0.0,,0.0,0.006903916597366333,,0.0032303640618920326,0.0,0.0,0.0,0.0,0.0,0.007855664007365704,0.0,0.0,0.0,0.011428353376686573,0.0,0.014265907928347588,0.0,0.0,0.0,0.0,0.0,0.0,0.0,0.0,0.0,0.0,0.0,0.0,0.0071387211792171,0.0,0.0,0.0,0.010663309134542942,0.009583434090018272,0.0,0.00991410668939352,0.0,0.0,0.0,0.019269602373242378,0.0,0.0,0.0,0.0,0.0,0.0,0.0,0.0,0.004451911896467209,0.0,0.0,0.0,0.0,0.0,0.015617968514561653,0.0,0.008543897420167923,0.0,0.0,0.017431413754820824,0.0,0.0,0.0,0.0,0.0,0.011158911511301994,0.0,0.006921166554093361,0.0,0.013884417712688446,0.0,0.0,0.0,0.0,0.0,0.017269155010581017,0.0,0.00583390099927783,0.0,0.0,,,,,,,,,,,,,,,,,,,,,,,,,,,,,,,,,,,,,,,,,,,,,,,,,,,,,,,,,,,,,,,,,,,,,,,,,,,,,,,,,,,,,,,,,,,,,,,,,,,,,,,,,,,,,,,,,,,,,,,,,,,,,,
2021-11-29,825673.8991656555,180.76868681066196,,,,,,,,,,,76494.84123570709,,1039061.7711000025,,,,,,,,,,,,,,,,,,,,,,,,,,,,,,,,,,,,,,,,,,,3158.371479201565,,,,,,,,,,,,,,,,,,,,,,26592.56257689359,9477.15977950454,4032.3384669051707,8201.903712248382,3882.509097344022,47277.82484212359,29126.138367914788,8255.504825912014,35930.86223587339,,,,,,,,,,,,,,,,,,,,,,,,,,,,,,,,,,,,0.007672586012631655,0.0,0.0,0.01092440728098154,0.0,0.0,0.0,0.0,0.0,0.0,0.0,0.0,0.0,0.0,0.0,0.0,,0.0,,0.0,,0.0,0.0,0.0,0.010507198981940746,0.0,,0.0,0.0,0.010712611488997936,0.0,0.012846814468502998,0.0,,0.0,,,,0.0,0.0,0.0,,0.0,0.0,0.0012285824632272124,0.009027548134326935,0.0,,,0.0,,0.0,0.0,0.0,0.0,0.0,0.0,0.0,0.0,0.006439491640776396,0.015234255231916904,0.0,0.0,0.0,,0.011381476186215878,0.0,0.0,0.0,0.015055594965815544,,0.0005889178719371557,0.0,,0.0,0.0,0.0,0.0,,0.0,0.0,0.0,,0.0,,0.0,0.0,,0.0,,0.0,0.0,0.0030229962430894375,0.01743323914706707,0.0,0.012673601508140564,0.0,0.016194811090826988,0.0,,,0.009300514124333858,0.0,,,,,0.0,0.0,0.0,0.0,0.0,0.0,0.0,0.0,0.0,,0.012146583758294582,0.0019998527131974697,0.0,,0.019029388204216957,0.0,0.0015352413756772876,0.0,0.0,0.0,,0.002669151872396469,,0.014855947345495224,0.0,0.0,0.01175154373049736,,0.0,0.0,,0.0,0.0,0.0,0.0,0.0,0.0001421356719220057,0.0011042432161048055,0.0,0.0,0.0046468619257211685,0.003770541399717331,0.0,0.0012880248250439763,,0.02132318913936615,0.0,0.004850889090448618,0.0,,0.0,0.007785265799611807,0.0,0.0,0.0,0.0,0.0061191171407699585,0.0,0.0,0.0,,0.015078713186085224,0.0,0.0,,,,0.006918592378497124,0.002163069089874625,,0.0,0.0,0.0,0.0,,0.0,,0.0,0.0,0.013318006880581379,0.0,0.0,0.0,,,,0.0,0.01897398941218853,0.0,0.0,0.0,,0.0,0.008289680816233158,0.007186546456068754,0.0,,0.0,0.015495573170483112,0.0,0.0,0.0,,0.002988440217450261,0.0071138362400233746,0.006663523148745298,0.0,,0.0029522741679102182,0.007444577291607857,0.00870683416724205,0.0,0.015951599925756454,0.0,,0.0,0.0,0.0,0.0,0.0,0.0,,0.0,,0.005740217864513397,0.007723913062363863,0.0016765532782301307,0.0,0.0,0.0,0.0,,0.0,0.011521018110215664,0.0028374833054840565,,,0.0,0.0,0.0,0.0,0.0,0.0,0.0,0.0,0.0,,0.0,0.0,0.0014217449352145195,,0.0,0.0,0.0,0.015036061406135559,0.0,0.0,0.0,,,0.0,0.002523822244256735,0.0,0.0,0.0,,0.012212172150611877,,0.010441260412335396,0.0,,0.0,0.0001980172237381339,0.0,0.0,,,0.0,0.009777898900210857,,0.011562291532754898,0.0,,,0.0,0.021612513810396194,0.0,0.0,0.0,0.0,0.0,,,0.0,0.0,0.0,0.0,0.0,,,0.0,0.0,0.0,,0.0,0.0,,0.0,0.0,0.010721533559262753,,0.0,0.0,0.0,0.0,,0.0,0.0,,0.0,0.0,0.0,0.000222572882194072,0.004138255026191473,0.0,0.0,0.0,0.0,0.0,0.0,0.0,0.0,,0.01636638306081295,,0.0,0.013081780634820461,0.00596213573589921,0.0,0.0,0.0,0.00783260352909565,0.013072560541331768,0.0,0.01504174992442131,0.0,,0.0,,0.0,0.007702955510467291,0.0,,0.0,0.0,0.0,0.0064319828525185585,0.0,0.0,0.0,0.0,0.006455377209931612,0.002276746090501547,0.0,,,0.0,0.0,0.0,,,,0.0,0.0,,0.0,,0.0,,0.0,,,0.0,,,,,0.0,,0.0,0.009475049562752247,0.0,,0.0,0.0,0.0006172159337438643,,0.011276694014668465,0.0,,0.0,0.008886725641787052,0.0,,,0.0,,0.01935204491019249,0.0,0.0,,0.0,0.0019069688860327005,,,,0.0,0.0,0.0,0.0,0.0,7.387471123365685e-05,,,,0.007764055393636227,0.0,,0.0,,0.0,0.0,0.0,0.0,,,0.0,0.0,,,0.0,,0.0,,0.0,0.0,0.0,0.0,0.0,0.0,0.0,,0.0,0.010640541091561317,0.0,0.0,0.0,,,0.0,0.0,0.0,0.0,0.004161264281719923,0.0073729087598621845,,,,0.007771022617816925,0.0,0.0,0.0,,,0.008342444896697998,0.0,0.0,,0.0,,,,,0.0,0.013751369901001453,0.0,,0.0,,,0.0,,0.006028351373970509,0.0,0.0,0.0,,0.006963010877370834,0.0,,0.0,0.0,0.0,0.0,0.0,,0.0025301980786025524,0.0,0.0,,0.0,0.0,0.0,0.0,0.0,0.0,0.0,,0.0009805925656110048,0.0,0.0,0.007419695612043142,0.0,0.0,0.0,,0.0,0.0,0.0,0.010489208623766899,0.0,0.0,0.0,0.0,0.0,0.0,0.00028485566144809127,0.0,0.0,0.0,,0.0,0.0,0.0,0.0,0.0,0.0,0.0,0.0,0.0,0.004446286242455244,0.0,0.0,0.0,,0.0,0.006903916597366333,,0.0032303640618920326,0.0,0.0,0.0,0.0,0.0,0.007855664007365704,0.0,0.0,0.0,0.011428353376686573,0.0,0.014265907928347588,0.0,0.0,0.0,0.0,0.0,0.0,0.0,0.0,0.0,0.0,0.0,0.0,0.0071387211792171,0.0,0.0,0.0,0.010663309134542942,0.009583434090018272,0.0,0.00991410668939352,0.0,0.0,0.0,0.019269602373242378,0.0,0.0,0.0,0.0,0.0,0.0,0.0,0.0,0.004451911896467209,0.0,0.0,0.0,0.0,0.0,0.015617968514561653,0.0,0.008543897420167923,0.0,0.0,0.017431413754820824,0.0,0.0,0.0,0.0,0.0,0.011158911511301994,0.0,0.006921166554093361,0.0,0.013884417712688446,0.0,0.0,0.0,0.0,0.0,0.017269155010581017,0.0,0.00583390099927783,0.0,0.0,,,,,,,,,,,,,,,,,,,,,,,,,,,,,,,,,,,,,,,,,,,,,,,,,,,,,,,,,,,,,,,,,,,,,,,,,,,,,,,,,,,,,,,,,,,,,,,,,,,,,,,,,,,,,,,,,,,,,,,,,,,,,,
2021-11-30,834828.1401148754,189.3235940763046,,,,,,,,,,,76494.84123570709,,1039061.7711000025,,,,,,,,,,,,,,,,,,,,,,,,,,,,,,,,,,,,,,,,,,,3158.371479201565,,,,,,,,,,,,,,,,,,,,,,26590.06971722291,9477.15977950454,4032.3384669051707,8201.903712248382,3882.4650165091443,47277.82484212359,29126.138367914788,8255.504825912014,35930.86223587339,,,,,,,,,,,,,,,,,,,,,,,,,,,,,,,,,,,,0.007672586012631655,0.0,0.0,0.01092440728098154,0.0,0.0,0.0,0.0,0.0,0.0,0.0,0.0,0.0,0.0,0.0,0.0,,0.0,,0.0,,0.0,0.0,0.0,0.010507198981940746,0.0,,0.0,0.0,0.010712611488997936,0.0,0.012846814468502998,0.0,,0.0,,,,0.0,0.0,0.0,,0.0,0.0,0.0012285824632272124,0.009027548134326935,0.0,,,0.0,,0.0,0.0,0.0,0.0,0.0,0.0,0.0,0.0,0.006439491640776396,0.015234255231916904,0.0,0.0,0.0,,0.011381476186215878,0.0,0.0,0.0,0.015055594965815544,,0.0005889178719371557,0.0,,0.0,0.0,0.0,0.0,,0.0,0.0,0.0,,0.0,,0.0,0.0,,0.0,,0.0,0.0,0.0030229962430894375,0.01743323914706707,0.0,0.012673601508140564,0.0,0.016194811090826988,0.0,,,0.009300514124333858,0.0,,,,,0.0,0.0,0.0,0.0,0.0,0.0,0.0,0.0,0.0,,0.012146583758294582,0.0019998527131974697,0.0,,0.019029388204216957,0.0,0.0015352413756772876,0.0,0.0,0.0,,0.002669151872396469,,0.014855947345495224,0.0,0.0,0.01175154373049736,,0.0,0.0,,0.0,0.0,0.0,0.0,0.0,0.0001421356719220057,0.0011042432161048055,0.0,0.0,0.0046468619257211685,0.003770541399717331,0.0,0.0012880248250439763,,0.02132318913936615,0.0,0.004850889090448618,0.0,,0.0,0.007785265799611807,0.0,0.0,0.0,0.0,0.0061191171407699585,0.0,0.0,0.0,,0.015078713186085224,0.0,0.0,,,,0.006918592378497124,0.002163069089874625,,0.0,0.0,0.0,0.0,,0.0,,0.0,0.0,0.013318006880581379,0.0,0.0,0.0,,,,0.0,0.01897398941218853,0.0,0.0,0.0,,0.0,0.008289680816233158,0.007186546456068754,0.0,,0.0,0.015495573170483112,0.0,0.0,0.0,,0.002988440217450261,0.0071138362400233746,0.006663523148745298,0.0,,0.0029522741679102182,0.007444577291607857,0.00870683416724205,0.0,0.015951599925756454,0.0,,0.0,0.0,0.0,0.0,0.0,0.0,,0.0,,0.005740217864513397,0.007723913062363863,0.0016765532782301307,0.0,0.0,0.0,0.0,,0.0,0.011521018110215664,0.0028374833054840565,,,0.0,0.0,0.0,0.0,0.0,0.0,0.0,0.0,0.0,,0.0,0.0,0.0014217449352145195,,0.0,0.0,0.0,0.015036061406135559,0.0,0.0,0.0,,,0.0,0.002523822244256735,0.0,0.0,0.0,,0.012212172150611877,,0.010441260412335396,0.0,,0.0,0.0001980172237381339,0.0,0.0,,,0.0,0.009777898900210857,,0.011562291532754898,0.0,,,0.0,0.021612513810396194,0.0,0.0,0.0,0.0,0.0,,,0.0,0.0,0.0,0.0,0.0,,,0.0,0.0,0.0,,0.0,0.0,,0.0,0.0,0.010721533559262753,,0.0,0.0,0.0,0.0,,0.0,0.0,,0.0,0.0,0.0,0.000222572882194072,0.004138255026191473,0.0,0.0,0.0,0.0,0.0,0.0,0.0,0.0,,0.01636638306081295,,0.0,0.013081780634820461,0.00596213573589921,0.0,0.0,0.0,0.00783260352909565,0.013072560541331768,0.0,0.01504174992442131,0.0,,0.0,,0.0,0.007702955510467291,0.0,,0.0,0.0,0.0,0.0064319828525185585,0.0,0.0,0.0,0.0,0.006455377209931612,0.002276746090501547,0.0,,,0.0,0.0,0.0,,,,0.0,0.0,,0.0,,0.0,,0.0,,,0.0,,,,,0.0,,0.0,0.009475049562752247,0.0,,0.0,0.0,0.0006172159337438643,,0.011276694014668465,0.0,,0.0,0.008886725641787052,0.0,,,0.0,,0.01935204491019249,0.0,0.0,,0.0,0.0019069688860327005,,,,0.0,0.0,0.0,0.0,0.0,7.387471123365685e-05,,,,0.007764055393636227,0.0,,0.0,,0.0,0.0,0.0,0.0,,,0.0,0.0,,,0.0,,0.0,,0.0,0.0,0.0,0.0,0.0,0.0,0.0,,0.0,0.010640541091561317,0.0,0.0,0.0,,,0.0,0.0,0.0,0.0,0.004161264281719923,0.0073729087598621845,,,,0.007771022617816925,0.0,0.0,0.0,,,0.008342444896697998,0.0,0.0,,0.0,,,,,0.0,0.013751369901001453,0.0,,0.0,,,0.0,,0.006028351373970509,0.0,0.0,0.0,,0.006963010877370834,0.0,,0.0,0.0,0.0,0.0,0.0,,0.0025301980786025524,0.0,0.0,,0.0,0.0,0.0,0.0,0.0,0.0,0.0,,0.0009805925656110048,0.0,0.0,0.007419695612043142,0.0,0.0,0.0,,0.0,0.0,0.0,0.010489208623766899,0.0,0.0,0.0,0.0,0.0,0.0,0.00028485566144809127,0.0,0.0,0.0,,0.0,0.0,0.0,0.0,0.0,0.0,0.0,0.0,0.0,0.004446286242455244,0.0,0.0,0.0,,0.0,0.006903916597366333,,0.0032303640618920326,0.0,0.0,0.0,0.0,0.0,0.007855664007365704,0.0,0.0,0.0,0.011428353376686573,0.0,0.014265907928347588,0.0,0.0,0.0,0.0,0.0,0.0,0.0,0.0,0.0,0.0,0.0,0.0,0.0071387211792171,0.0,0.0,0.0,0.010663309134542942,0.009583434090018272,0.0,0.00991410668939352,0.0,0.0,0.0,0.019269602373242378,0.0,0.0,0.0,0.0,0.0,0.0,0.0,0.0,0.004451911896467209,0.0,0.0,0.0,0.0,0.0,0.015617968514561653,0.0,0.008543897420167923,0.0,0.0,0.017431413754820824,0.0,0.0,0.0,0.0,0.0,0.011158911511301994,0.0,0.006921166554093361,0.0,0.013884417712688446,0.0,0.0,0.0,0.0,0.0,0.017269155010581017,0.0,0.00583390099927783,0.0,0.0,,,,,,,,,,,,,,,,,,,,,,,,,,,,,,,,,,,,,,,,,,,,,,,,,,,,,,,,,,,,,,,,,,,,,,,,,,,,,,,,,,,,,,,,,,,,,,,,,,,,,,,,,,,,,,,,,,,,,,,,,,,,,,
2021-12-01,841813.3103888007,187.72387601483402,,,,,,,,,,,76494.84123570709,,1039061.7711000025,,,,,,,,,,,,,,,,,,,,,,,,,,,,,,,,,,,,,,,,,,,3158.371479201565,,,,,,,,,,,,,,,,,,,,,,26590.58453466995,9477.15977950454,4032.3384669051707,8201.903712248382,3882.4650165091443,47277.82484212359,29126.138367914788,8255.504825912014,35930.86223587339,,,,,,,,,,,,,,,,,,,,,,,,,,,,,,,,,,,,0.007672586012631655,0.0,0.0,0.01092440728098154,0.0,0.0,0.0,0.0,0.0,0.0,0.0,0.0,0.0,0.0,0.0,0.0,,0.0,,0.0,,0.0,0.0,0.0,0.010507198981940746,0.0,,0.0,0.0,0.010712611488997936,0.0,0.012846814468502998,0.0,,0.0,,,,0.0,0.0,0.0,,0.0,0.0,0.0012285824632272124,0.009027548134326935,0.0,,,0.0,,0.0,0.0,0.0,0.0,0.0,0.0,0.0,0.0,0.006439491640776396,0.015234255231916904,0.0,0.0,0.0,,0.011381476186215878,0.0,0.0,0.0,0.015055594965815544,,0.0005889178719371557,0.0,,0.0,0.0,0.0,0.0,,0.0,0.0,0.0,,0.0,,0.0,0.0,,0.0,,0.0,0.0,0.0030229962430894375,0.01743323914706707,0.0,0.012673601508140564,0.0,0.016194811090826988,0.0,,,0.009300514124333858,0.0,,,,,0.0,0.0,0.0,0.0,0.0,0.0,0.0,0.0,0.0,,0.012146583758294582,0.0019998527131974697,0.0,,0.019029388204216957,0.0,0.0015352413756772876,0.0,0.0,0.0,,0.002669151872396469,,0.014855947345495224,0.0,0.0,0.01175154373049736,,0.0,0.0,,0.0,0.0,0.0,0.0,0.0,0.0001421356719220057,0.0011042432161048055,0.0,0.0,0.0046468619257211685,0.003770541399717331,0.0,0.0012880248250439763,,0.02132318913936615,0.0,0.004850889090448618,0.0,,0.0,0.007785265799611807,0.0,0.0,0.0,0.0,0.0061191171407699585,0.0,0.0,0.0,,0.015078713186085224,0.0,0.0,,,,0.006918592378497124,0.002163069089874625,,0.0,0.0,0.0,0.0,,0.0,,0.0,0.0,0.013318006880581379,0.0,0.0,0.0,,,,0.0,0.01897398941218853,0.0,0.0,0.0,,0.0,0.008289680816233158,0.007186546456068754,0.0,,0.0,0.015495573170483112,0.0,0.0,0.0,,0.002988440217450261,0.0071138362400233746,0.006663523148745298,0.0,,0.0029522741679102182,0.007444577291607857,0.00870683416724205,0.0,0.015951599925756454,0.0,,0.0,0.0,0.0,0.0,0.0,0.0,,0.0,,0.005740217864513397,0.007723913062363863,0.0016765532782301307,0.0,0.0,0.0,0.0,,0.0,0.011521018110215664,0.0028374833054840565,,,0.0,0.0,0.0,0.0,0.0,0.0,0.0,0.0,0.0,,0.0,0.0,0.0014217449352145195,,0.0,0.0,0.0,0.015036061406135559,0.0,0.0,0.0,,,0.0,0.002523822244256735,0.0,0.0,0.0,,0.012212172150611877,,0.010441260412335396,0.0,,0.0,0.0001980172237381339,0.0,0.0,,,0.0,0.009777898900210857,,0.011562291532754898,0.0,,,0.0,0.021612513810396194,0.0,0.0,0.0,0.0,0.0,,,0.0,0.0,0.0,0.0,0.0,,,0.0,0.0,0.0,,0.0,0.0,,0.0,0.0,0.010721533559262753,,0.0,0.0,0.0,0.0,,0.0,0.0,,0.0,0.0,0.0,0.000222572882194072,0.004138255026191473,0.0,0.0,0.0,0.0,0.0,0.0,0.0,0.0,,0.01636638306081295,,0.0,0.013081780634820461,0.00596213573589921,0.0,0.0,0.0,0.00783260352909565,0.013072560541331768,0.0,0.01504174992442131,0.0,,0.0,,0.0,0.007702955510467291,0.0,,0.0,0.0,0.0,0.0064319828525185585,0.0,0.0,0.0,0.0,0.006455377209931612,0.002276746090501547,0.0,,,0.0,0.0,0.0,,,,0.0,0.0,,0.0,,0.0,,0.0,,,0.0,,,,,0.0,,0.0,0.009475049562752247,0.0,,0.0,0.0,0.0006172159337438643,,0.011276694014668465,0.0,,0.0,0.008886725641787052,0.0,,,0.0,,0.01935204491019249,0.0,0.0,,0.0,0.0019069688860327005,,,,0.0,0.0,0.0,0.0,0.0,7.387471123365685e-05,,,,0.007764055393636227,0.0,,0.0,,0.0,0.0,0.0,0.0,,,0.0,0.0,,,0.0,,0.0,,0.0,0.0,0.0,0.0,0.0,0.0,0.0,,0.0,0.010640541091561317,0.0,0.0,0.0,,,0.0,0.0,0.0,0.0,0.004161264281719923,0.0073729087598621845,,,,0.007771022617816925,0.0,0.0,0.0,,,0.008342444896697998,0.0,0.0,,0.0,,,,,0.0,0.013751369901001453,0.0,,0.0,,,0.0,,0.006028351373970509,0.0,0.0,0.0,,0.006963010877370834,0.0,,0.0,0.0,0.0,0.0,0.0,,0.0025301980786025524,0.0,0.0,,0.0,0.0,0.0,0.0,0.0,0.0,0.0,,0.0009805925656110048,0.0,0.0,0.007419695612043142,0.0,0.0,0.0,,0.0,0.0,0.0,0.010489208623766899,0.0,0.0,0.0,0.0,0.0,0.0,0.00028485566144809127,0.0,0.0,0.0,,0.0,0.0,0.0,0.0,0.0,0.0,0.0,0.0,0.0,0.004446286242455244,0.0,0.0,0.0,,0.0,0.006903916597366333,,0.0032303640618920326,0.0,0.0,0.0,0.0,0.0,0.007855664007365704,0.0,0.0,0.0,0.011428353376686573,0.0,0.014265907928347588,0.0,0.0,0.0,0.0,0.0,0.0,0.0,0.0,0.0,0.0,0.0,0.0,0.0071387211792171,0.0,0.0,0.0,0.010663309134542942,0.009583434090018272,0.0,0.00991410668939352,0.0,0.0,0.0,0.019269602373242378,0.0,0.0,0.0,0.0,0.0,0.0,0.0,0.0,0.004451911896467209,0.0,0.0,0.0,0.0,0.0,0.015617968514561653,0.0,0.008543897420167923,0.0,0.0,0.017431413754820824,0.0,0.0,0.0,0.0,0.0,0.011158911511301994,0.0,0.006921166554093361,0.0,0.013884417712688446,0.0,0.0,0.0,0.0,0.0,0.017269155010581017,0.0,0.00583390099927783,0.0,0.0,,,,,,,,,,,,,,,,,,,,,,,,,,,,,,,,,,,,,,,,,,,,,,,,,,,,,,,,,,,,,,,,,,,,,,,,,,,,,,,,,,,,,,,,,,,,,,,,,,,,,,,,,,,,,,,,,,,,,,,,,,,,,,
2021-12-02,844657.1331596014,187.8286748712019,,,,,,,,,,,76494.84123570709,,1039061.7711000025,,,,,,,,,,,,,,,,,,,,,,,,,,,,,,,,,,,,,,,,,,,3158.371479201565,,,,,,,,,,,,,,,,,,,,,,26590.551011066615,9477.15977950454,4032.3384669051707,8201.903712248382,3882.4650165091443,47277.82484212359,29126.138367914788,8255.504825912014,35930.86223587339,,,,,,,,,,,,,,,,,,,,,,,,,,,,,,,,,,,,0.007672586012631655,0.0,0.0,0.01092440728098154,0.0,0.0,0.0,0.0,0.0,0.0,0.0,0.0,0.0,0.0,0.0,0.0,,0.0,,0.0,,0.0,0.0,0.0,0.010507198981940746,0.0,,0.0,0.0,0.010712611488997936,0.0,0.012846814468502998,0.0,,0.0,,,,0.0,0.0,0.0,,0.0,0.0,0.0012285824632272124,0.009027548134326935,0.0,,,0.0,,0.0,0.0,0.0,0.0,0.0,0.0,0.0,0.0,0.006439491640776396,0.015234255231916904,0.0,0.0,0.0,,0.011381476186215878,0.0,0.0,0.0,0.015055594965815544,,0.0005889178719371557,0.0,,0.0,0.0,0.0,0.0,,0.0,0.0,0.0,,0.0,,0.0,0.0,,0.0,,0.0,0.0,0.0030229962430894375,0.01743323914706707,0.0,0.012673601508140564,0.0,0.016194811090826988,0.0,,,0.009300514124333858,0.0,,,,,0.0,0.0,0.0,0.0,0.0,0.0,0.0,0.0,0.0,,0.012146583758294582,0.0019998527131974697,0.0,,0.019029388204216957,0.0,0.0015352413756772876,0.0,0.0,0.0,,0.002669151872396469,,0.014855947345495224,0.0,0.0,0.01175154373049736,,0.0,0.0,,0.0,0.0,0.0,0.0,0.0,0.0001421356719220057,0.0011042432161048055,0.0,0.0,0.0046468619257211685,0.003770541399717331,0.0,0.0012880248250439763,,0.02132318913936615,0.0,0.004850889090448618,0.0,,0.0,0.007785265799611807,0.0,0.0,0.0,0.0,0.0061191171407699585,0.0,0.0,0.0,,0.015078713186085224,0.0,0.0,,,,0.006918592378497124,0.002163069089874625,,0.0,0.0,0.0,0.0,,0.0,,0.0,0.0,0.013318006880581379,0.0,0.0,0.0,,,,0.0,0.01897398941218853,0.0,0.0,0.0,,0.0,0.008289680816233158,0.007186546456068754,0.0,,0.0,0.015495573170483112,0.0,0.0,0.0,,0.002988440217450261,0.0071138362400233746,0.006663523148745298,0.0,,0.0029522741679102182,0.007444577291607857,0.00870683416724205,0.0,0.015951599925756454,0.0,,0.0,0.0,0.0,0.0,0.0,0.0,,0.0,,0.005740217864513397,0.007723913062363863,0.0016765532782301307,0.0,0.0,0.0,0.0,,0.0,0.011521018110215664,0.0028374833054840565,,,0.0,0.0,0.0,0.0,0.0,0.0,0.0,0.0,0.0,,0.0,0.0,0.0014217449352145195,,0.0,0.0,0.0,0.015036061406135559,0.0,0.0,0.0,,,0.0,0.002523822244256735,0.0,0.0,0.0,,0.012212172150611877,,0.010441260412335396,0.0,,0.0,0.0001980172237381339,0.0,0.0,,,0.0,0.009777898900210857,,0.011562291532754898,0.0,,,0.0,0.021612513810396194,0.0,0.0,0.0,0.0,0.0,,,0.0,0.0,0.0,0.0,0.0,,,0.0,0.0,0.0,,0.0,0.0,,0.0,0.0,0.010721533559262753,,0.0,0.0,0.0,0.0,,0.0,0.0,,0.0,0.0,0.0,0.000222572882194072,0.004138255026191473,0.0,0.0,0.0,0.0,0.0,0.0,0.0,0.0,,0.01636638306081295,,0.0,0.013081780634820461,0.00596213573589921,0.0,0.0,0.0,0.00783260352909565,0.013072560541331768,0.0,0.01504174992442131,0.0,,0.0,,0.0,0.007702955510467291,0.0,,0.0,0.0,0.0,0.0064319828525185585,0.0,0.0,0.0,0.0,0.006455377209931612,0.002276746090501547,0.0,,,0.0,0.0,0.0,,,,0.0,0.0,,0.0,,0.0,,0.0,,,0.0,,,,,0.0,,0.0,0.009475049562752247,0.0,,0.0,0.0,0.0006172159337438643,,0.011276694014668465,0.0,,0.0,0.008886725641787052,0.0,,,0.0,,0.01935204491019249,0.0,0.0,,0.0,0.0019069688860327005,,,,0.0,0.0,0.0,0.0,0.0,7.387471123365685e-05,,,,0.007764055393636227,0.0,,0.0,,0.0,0.0,0.0,0.0,,,0.0,0.0,,,0.0,,0.0,,0.0,0.0,0.0,0.0,0.0,0.0,0.0,,0.0,0.010640541091561317,0.0,0.0,0.0,,,0.0,0.0,0.0,0.0,0.004161264281719923,0.0073729087598621845,,,,0.007771022617816925,0.0,0.0,0.0,,,0.008342444896697998,0.0,0.0,,0.0,,,,,0.0,0.013751369901001453,0.0,,0.0,,,0.0,,0.006028351373970509,0.0,0.0,0.0,,0.006963010877370834,0.0,,0.0,0.0,0.0,0.0,0.0,,0.0025301980786025524,0.0,0.0,,0.0,0.0,0.0,0.0,0.0,0.0,0.0,,0.0009805925656110048,0.0,0.0,0.007419695612043142,0.0,0.0,0.0,,0.0,0.0,0.0,0.010489208623766899,0.0,0.0,0.0,0.0,0.0,0.0,0.00028485566144809127,0.0,0.0,0.0,,0.0,0.0,0.0,0.0,0.0,0.0,0.0,0.0,0.0,0.004446286242455244,0.0,0.0,0.0,,0.0,0.006903916597366333,,0.0032303640618920326,0.0,0.0,0.0,0.0,0.0,0.007855664007365704,0.0,0.0,0.0,0.011428353376686573,0.0,0.014265907928347588,0.0,0.0,0.0,0.0,0.0,0.0,0.0,0.0,0.0,0.0,0.0,0.0,0.0071387211792171,0.0,0.0,0.0,0.010663309134542942,0.009583434090018272,0.0,0.00991410668939352,0.0,0.0,0.0,0.019269602373242378,0.0,0.0,0.0,0.0,0.0,0.0,0.0,0.0,0.004451911896467209,0.0,0.0,0.0,0.0,0.0,0.015617968514561653,0.0,0.008543897420167923,0.0,0.0,0.017431413754820824,0.0,0.0,0.0,0.0,0.0,0.011158911511301994,0.0,0.006921166554093361,0.0,0.013884417712688446,0.0,0.0,0.0,0.0,0.0,0.017269155010581017,0.0,0.00583390099927783,0.0,0.0,,,,,,,,,,,,,,,,,,,,,,,,,,,,,,,,,,,,,,,,,,,,,,,,,,,,,,,,,,,,,,,,,,,,,,,,,,,,,,,,,,,,,,,,,,,,,,,,,,,,,,,,,,,,,,,,,,,,,,,,,,,,,,
2021-12-03,850512.5421252658,187.8286748712019,,,,,,,,,,,76494.84123570709,,1039061.7711000025,,,,,,,,,,,,,,,,,,,,,,,,,,,,,,,,,,,,,,,,,,,3158.371479201565,,,,,,,,,,,,,,,,,,,,,,26590.551011066615,9477.15977950454,4032.3384669051707,8201.903712248382,3882.4650165091443,47277.82484212359,29126.138367914788,8255.504825912014,35930.86223587339,,,,,,,,,,,,,,,,,,,,,,,,,,,,,,,,,,,,0.007672586012631655,0.0,0.0,0.01092440728098154,0.0,0.0,0.0,0.0,0.0,0.0,0.0,0.0,0.0,0.0,0.0,0.0,,0.0,,0.0,,0.0,0.0,0.0,0.010507198981940746,0.0,,0.0,0.0,0.010712611488997936,0.0,0.012846814468502998,0.0,,0.0,,,,0.0,0.0,0.0,,0.0,0.0,0.0012285824632272124,0.009027548134326935,0.0,,,0.0,,0.0,0.0,0.0,0.0,0.0,0.0,0.0,0.0,0.006439491640776396,0.015234255231916904,0.0,0.0,0.0,,0.011381476186215878,0.0,0.0,0.0,0.015055594965815544,,0.0005889178719371557,0.0,,0.0,0.0,0.0,0.0,,0.0,0.0,0.0,,0.0,,0.0,0.0,,0.0,,0.0,0.0,0.0030229962430894375,0.01743323914706707,0.0,0.012673601508140564,0.0,0.016194811090826988,0.0,,,0.009300514124333858,0.0,,,,,0.0,0.0,0.0,0.0,0.0,0.0,0.0,0.0,0.0,,0.012146583758294582,0.0019998527131974697,0.0,,0.019029388204216957,0.0,0.0015352413756772876,0.0,0.0,0.0,,0.002669151872396469,,0.014855947345495224,0.0,0.0,0.01175154373049736,,0.0,0.0,,0.0,0.0,0.0,0.0,0.0,0.0001421356719220057,0.0011042432161048055,0.0,0.0,0.0046468619257211685,0.003770541399717331,0.0,0.0012880248250439763,,0.02132318913936615,0.0,0.004850889090448618,0.0,,0.0,0.007785265799611807,0.0,0.0,0.0,0.0,0.0061191171407699585,0.0,0.0,0.0,,0.015078713186085224,0.0,0.0,,,,0.006918592378497124,0.002163069089874625,,0.0,0.0,0.0,0.0,,0.0,,0.0,0.0,0.013318006880581379,0.0,0.0,0.0,,,,0.0,0.01897398941218853,0.0,0.0,0.0,,0.0,0.008289680816233158,0.007186546456068754,0.0,,0.0,0.015495573170483112,0.0,0.0,0.0,,0.002988440217450261,0.0071138362400233746,0.006663523148745298,0.0,,0.0029522741679102182,0.007444577291607857,0.00870683416724205,0.0,0.015951599925756454,0.0,,0.0,0.0,0.0,0.0,0.0,0.0,,0.0,,0.005740217864513397,0.007723913062363863,0.0016765532782301307,0.0,0.0,0.0,0.0,,0.0,0.011521018110215664,0.0028374833054840565,,,0.0,0.0,0.0,0.0,0.0,0.0,0.0,0.0,0.0,,0.0,0.0,0.0014217449352145195,,0.0,0.0,0.0,0.015036061406135559,0.0,0.0,0.0,,,0.0,0.002523822244256735,0.0,0.0,0.0,,0.012212172150611877,,0.010441260412335396,0.0,,0.0,0.0001980172237381339,0.0,0.0,,,0.0,0.009777898900210857,,0.011562291532754898,0.0,,,0.0,0.021612513810396194,0.0,0.0,0.0,0.0,0.0,,,0.0,0.0,0.0,0.0,0.0,,,0.0,0.0,0.0,,0.0,0.0,,0.0,0.0,0.010721533559262753,,0.0,0.0,0.0,0.0,,0.0,0.0,,0.0,0.0,0.0,0.000222572882194072,0.004138255026191473,0.0,0.0,0.0,0.0,0.0,0.0,0.0,0.0,,0.01636638306081295,,0.0,0.013081780634820461,0.00596213573589921,0.0,0.0,0.0,0.00783260352909565,0.013072560541331768,0.0,0.01504174992442131,0.0,,0.0,,0.0,0.007702955510467291,0.0,,0.0,0.0,0.0,0.0064319828525185585,0.0,0.0,0.0,0.0,0.006455377209931612,0.002276746090501547,0.0,,,0.0,0.0,0.0,,,,0.0,0.0,,0.0,,0.0,,0.0,,,0.0,,,,,0.0,,0.0,0.009475049562752247,0.0,,0.0,0.0,0.0006172159337438643,,0.011276694014668465,0.0,,0.0,0.008886725641787052,0.0,,,0.0,,0.01935204491019249,0.0,0.0,,0.0,0.0019069688860327005,,,,0.0,0.0,0.0,0.0,0.0,7.387471123365685e-05,,,,0.007764055393636227,0.0,,0.0,,0.0,0.0,0.0,0.0,,,0.0,0.0,,,0.0,,0.0,,0.0,0.0,0.0,0.0,0.0,0.0,0.0,,0.0,0.010640541091561317,0.0,0.0,0.0,,,0.0,0.0,0.0,0.0,0.004161264281719923,0.0073729087598621845,,,,0.007771022617816925,0.0,0.0,0.0,,,0.008342444896697998,0.0,0.0,,0.0,,,,,0.0,0.013751369901001453,0.0,,0.0,,,0.0,,0.006028351373970509,0.0,0.0,0.0,,0.006963010877370834,0.0,,0.0,0.0,0.0,0.0,0.0,,0.0025301980786025524,0.0,0.0,,0.0,0.0,0.0,0.0,0.0,0.0,0.0,,0.0009805925656110048,0.0,0.0,0.007419695612043142,0.0,0.0,0.0,,0.0,0.0,0.0,0.010489208623766899,0.0,0.0,0.0,0.0,0.0,0.0,0.00028485566144809127,0.0,0.0,0.0,,0.0,0.0,0.0,0.0,0.0,0.0,0.0,0.0,0.0,0.004446286242455244,0.0,0.0,0.0,,0.0,0.006903916597366333,,0.0032303640618920326,0.0,0.0,0.0,0.0,0.0,0.007855664007365704,0.0,0.0,0.0,0.011428353376686573,0.0,0.014265907928347588,0.0,0.0,0.0,0.0,0.0,0.0,0.0,0.0,0.0,0.0,0.0,0.0,0.0071387211792171,0.0,0.0,0.0,0.010663309134542942,0.009583434090018272,0.0,0.00991410668939352,0.0,0.0,0.0,0.019269602373242378,0.0,0.0,0.0,0.0,0.0,0.0,0.0,0.0,0.004451911896467209,0.0,0.0,0.0,0.0,0.0,0.015617968514561653,0.0,0.008543897420167923,0.0,0.0,0.017431413754820824,0.0,0.0,0.0,0.0,0.0,0.011158911511301994,0.0,0.006921166554093361,0.0,0.013884417712688446,0.0,0.0,0.0,0.0,0.0,0.017269155010581017,0.0,0.00583390099927783,0.0,0.0,,,,,,,,,,,,,,,,,,,,,,,,,,,,,,,,,,,,,,,,,,,,,,,,,,,,,,,,,,,,,,,,,,,,,,,,,,,,,,,,,,,,,,,,,,,,,,,,,,,,,,,,,,,,,,,,,,,,,,,,,,,,,,
2021-12-06,842022.6615267515,2061.1295472501943,,,,,,,,,,,76494.84123570709,,1039061.7711000025,,,,,,,,,,,,,,,,,,,,,,,,,,,,,,,,,,,,,,,,,,,3089.8379806598314,,,,,,,,,,,,,,,,,,,,,,26590.551011066615,9477.15977950454,4032.3384669051707,8201.903712248382,3882.4650165091443,47277.82484212359,29126.138367914788,8255.504825912014,35930.86223587339,,,,,,,,,,,,,,,,,,,,,,,,,,,,,,,,,,,,0.007672586012631655,0.0,0.0,0.01092440728098154,0.0,0.0,0.0,0.0,0.0,0.0,0.0,0.0,0.0,0.0,0.0,0.0,,0.0,,0.0,,0.0,0.0,0.0,0.010507198981940746,0.0,,0.0,0.0,0.010712611488997936,0.0,0.012846814468502998,0.0,,0.0,,,,0.0,0.0,0.0,,0.0,0.0,0.0012285824632272124,0.009027548134326935,0.0,,,0.0,,0.0,0.0,0.0,0.0,0.0,0.0,0.0,0.0,0.006439491640776396,0.015234255231916904,0.0,0.0,0.0,,0.011381476186215878,0.0,0.0,0.0,0.015055594965815544,,0.0005889178719371557,0.0,,0.0,0.0,0.0,0.0,,0.0,0.0,0.0,,0.0,,0.0,0.0,,0.0,,0.0,0.0,0.0030229962430894375,0.01743323914706707,0.0,0.012673601508140564,0.0,0.016194811090826988,0.0,,,0.009300514124333858,0.0,,,,,0.0,0.0,0.0,0.0,0.0,0.0,0.0,0.0,0.0,,0.012146583758294582,0.0019998527131974697,0.0,,0.019029388204216957,0.0,0.0015352413756772876,0.0,0.0,0.0,,0.002669151872396469,,0.014855947345495224,0.0,0.0,0.01175154373049736,,0.0,0.0,,0.0,0.0,0.0,0.0,0.0,0.0001421356719220057,0.0011042432161048055,0.0,0.0,0.0046468619257211685,0.003770541399717331,0.0,0.0012880248250439763,,0.02132318913936615,0.0,0.004850889090448618,0.0,,0.0,0.007785265799611807,0.0,0.0,0.0,0.0,0.0061191171407699585,0.0,0.0,0.0,,0.015078713186085224,0.0,0.0,,,,0.006918592378497124,0.002163069089874625,,0.0,0.0,0.0,0.0,,0.0,,0.0,0.0,0.013318006880581379,0.0,0.0,0.0,,,,0.0,0.01897398941218853,0.0,0.0,0.0,,0.0,0.008289680816233158,0.007186546456068754,0.0,,0.0,0.015495573170483112,0.0,0.0,0.0,,0.002988440217450261,0.0071138362400233746,0.006663523148745298,0.0,,0.0029522741679102182,0.007444577291607857,0.00870683416724205,0.0,0.015951599925756454,0.0,,0.0,0.0,0.0,0.0,0.0,0.0,,0.0,,0.005740217864513397,0.007723913062363863,0.0016765532782301307,0.0,0.0,0.0,0.0,,0.0,0.011521018110215664,0.0028374833054840565,,,0.0,0.0,0.0,0.0,0.0,0.0,0.0,0.0,0.0,,0.0,0.0,0.0014217449352145195,,0.0,0.0,0.0,0.015036061406135559,0.0,0.0,0.0,,,0.0,0.002523822244256735,0.0,0.0,0.0,,0.012212172150611877,,0.010441260412335396,0.0,,0.0,0.0001980172237381339,0.0,0.0,,,0.0,0.009777898900210857,,0.011562291532754898,0.0,,,0.0,0.021612513810396194,0.0,0.0,0.0,0.0,0.0,,,0.0,0.0,0.0,0.0,0.0,,,0.0,0.0,0.0,,0.0,0.0,,0.0,0.0,0.010721533559262753,,0.0,0.0,0.0,0.0,,0.0,0.0,,0.0,0.0,0.0,0.000222572882194072,0.004138255026191473,0.0,0.0,0.0,0.0,0.0,0.0,0.0,0.0,,0.01636638306081295,,0.0,0.013081780634820461,0.00596213573589921,0.0,0.0,0.0,0.00783260352909565,0.013072560541331768,0.0,0.01504174992442131,0.0,,0.0,,0.0,0.007702955510467291,0.0,,0.0,0.0,0.0,0.0064319828525185585,0.0,0.0,0.0,0.0,0.006455377209931612,0.002276746090501547,0.0,,,0.0,0.0,0.0,,,,0.0,0.0,,0.0,,0.0,,0.0,,,0.0,,,,,0.0,,0.0,0.009475049562752247,0.0,,0.0,0.0,0.0006172159337438643,,0.011276694014668465,0.0,,0.0,0.008886725641787052,0.0,,,0.0,,0.01935204491019249,0.0,0.0,,0.0,0.0019069688860327005,,,,0.0,0.0,0.0,0.0,0.0,7.387471123365685e-05,,,,0.007764055393636227,0.0,,0.0,,0.0,0.0,0.0,0.0,,,0.0,0.0,,,0.0,,0.0,,0.0,0.0,0.0,0.0,0.0,0.0,0.0,,0.0,0.010640541091561317,0.0,0.0,0.0,,,0.0,0.0,0.0,0.0,0.004161264281719923,0.0073729087598621845,,,,0.007771022617816925,0.0,0.0,0.0,,,0.008342444896697998,0.0,0.0,,0.0,,,,,0.0,0.013751369901001453,0.0,,0.0,,,0.0,,0.006028351373970509,0.0,0.0,0.0,,0.006963010877370834,0.0,,0.0,0.0,0.0,0.0,0.0,,0.0025301980786025524,0.0,0.0,,0.0,0.0,0.0,0.0,0.0,0.0,0.0,,0.0009805925656110048,0.0,0.0,0.007419695612043142,0.0,0.0,0.0,,0.0,0.0,0.0,0.010489208623766899,0.0,0.0,0.0,0.0,0.0,0.0,0.00028485566144809127,0.0,0.0,0.0,,0.0,0.0,0.0,0.0,0.0,0.0,0.0,0.0,0.0,0.004446286242455244,0.0,0.0,0.0,,0.0,0.006903916597366333,,0.0032303640618920326,0.0,0.0,0.0,0.0,0.0,0.007855664007365704,0.0,0.0,0.0,0.011428353376686573,0.0,0.014265907928347588,0.0,0.0,0.0,0.0,0.0,0.0,0.0,0.0,0.0,0.0,0.0,0.0,0.0071387211792171,0.0,0.0,0.0,0.010663309134542942,0.009583434090018272,0.0,0.00991410668939352,0.0,0.0,0.0,0.019269602373242378,0.0,0.0,0.0,0.0,0.0,0.0,0.0,0.0,0.004451911896467209,0.0,0.0,0.0,0.0,0.0,0.015617968514561653,0.0,0.008543897420167923,0.0,0.0,0.017431413754820824,0.0,0.0,0.0,0.0,0.0,0.011158911511301994,0.0,0.006921166554093361,0.0,0.013884417712688446,0.0,0.0,0.0,0.0,0.0,0.017269155010581017,0.0,0.00583390099927783,0.0,0.0,,,,,,,,,,,,,,,,,,,,,,,,,,,,,,,,,,,,,,,,,,,,,,,,,,,,,,,,,,,,,,,,,,,,,,,,,,,,,,,,,,,,,,,,,,,,,,,,,,,,,,,,,,,,,,,,,,,,,,,,,,,,,,
2021-12-07,837752.9924666779,56.26452960804117,,,,,,,,,,,76494.84123570709,,1039061.7711000025,,,,,,,,,,,,,,,,,,,,,,,,,,,,,,,,,,,,,,,,,,,3089.7564187746434,,,,,,,,,,,,,,,,,,,,,,26590.551011066615,9685.44379494569,4032.3384669051707,8201.903712248382,3882.4650165091443,47277.82484212359,29213.59401121504,8255.504825912014,35930.86223587339,,,,,,,,,,,,,,,,,,,,,,,,,,,,,,,,,,,,0.007672586012631655,0.0,0.0,0.01092440728098154,0.0,0.0,0.0,0.0,0.0,0.0,0.0,0.0,0.0,0.0,0.0,0.0,,0.0,,0.0,,0.0,0.0,0.0,0.010507198981940746,0.0,,0.0,0.0,0.010712611488997936,0.0,0.012846814468502998,0.0,,0.0,,,,0.0,0.0,0.0,,0.0,0.0,0.0012285824632272124,0.009027548134326935,0.0,,,0.0,,0.0,0.0,0.0,0.0,0.0,0.0,0.0,0.0,0.006439491640776396,0.015234255231916904,0.0,0.0,0.0,,0.011381476186215878,0.0,0.0,0.0,0.015055594965815544,,0.0005889178719371557,0.0,,0.0,0.0,0.0,0.0,,0.0,0.0,0.0,,0.0,,0.0,0.0,,0.0,,0.0,0.0,0.0030229962430894375,0.01743323914706707,0.0,0.012673601508140564,0.0,0.016194811090826988,0.0,,,0.009300514124333858,0.0,,,,,0.0,0.0,0.0,0.0,0.0,0.0,0.0,0.0,0.0,,0.012146583758294582,0.0019998527131974697,0.0,,0.019029388204216957,0.0,0.0015352413756772876,0.0,0.0,0.0,,0.002669151872396469,,0.014855947345495224,0.0,0.0,0.01175154373049736,,0.0,0.0,,0.0,0.0,0.0,0.0,0.0,0.0001421356719220057,0.0011042432161048055,0.0,0.0,0.0046468619257211685,0.003770541399717331,0.0,0.0012880248250439763,,0.02132318913936615,0.0,0.004850889090448618,0.0,,0.0,0.007785265799611807,0.0,0.0,0.0,0.0,0.0061191171407699585,0.0,0.0,0.0,,0.015078713186085224,0.0,0.0,,,,0.006918592378497124,0.002163069089874625,,0.0,0.0,0.0,0.0,,0.0,,0.0,0.0,0.013318006880581379,0.0,0.0,0.0,,,,0.0,0.01897398941218853,0.0,0.0,0.0,,0.0,0.008289680816233158,0.007186546456068754,0.0,,0.0,0.015495573170483112,0.0,0.0,0.0,,0.002988440217450261,0.0071138362400233746,0.006663523148745298,0.0,,0.0029522741679102182,0.007444577291607857,0.00870683416724205,0.0,0.015951599925756454,0.0,,0.0,0.0,0.0,0.0,0.0,0.0,,0.0,,0.005740217864513397,0.007723913062363863,0.0016765532782301307,0.0,0.0,0.0,0.0,,0.0,0.011521018110215664,0.0028374833054840565,,,0.0,0.0,0.0,0.0,0.0,0.0,0.0,0.0,0.0,,0.0,0.0,0.0014217449352145195,,0.0,0.0,0.0,0.015036061406135559,0.0,0.0,0.0,,,0.0,0.002523822244256735,0.0,0.0,0.0,,0.012212172150611877,,0.010441260412335396,0.0,,0.0,0.0001980172237381339,0.0,0.0,,,0.0,0.009777898900210857,,0.011562291532754898,0.0,,,0.0,0.021612513810396194,0.0,0.0,0.0,0.0,0.0,,,0.0,0.0,0.0,0.0,0.0,,,0.0,0.0,0.0,,0.0,0.0,,0.0,0.0,0.010721533559262753,,0.0,0.0,0.0,0.0,,0.0,0.0,,0.0,0.0,0.0,0.000222572882194072,0.004138255026191473,0.0,0.0,0.0,0.0,0.0,0.0,0.0,0.0,,0.01636638306081295,,0.0,0.013081780634820461,0.00596213573589921,0.0,0.0,0.0,0.00783260352909565,0.013072560541331768,0.0,0.01504174992442131,0.0,,0.0,,0.0,0.007702955510467291,0.0,,0.0,0.0,0.0,0.0064319828525185585,0.0,0.0,0.0,0.0,0.006455377209931612,0.002276746090501547,0.0,,,0.0,0.0,0.0,,,,0.0,0.0,,0.0,,0.0,,0.0,,,0.0,,,,,0.0,,0.0,0.009475049562752247,0.0,,0.0,0.0,0.0006172159337438643,,0.011276694014668465,0.0,,0.0,0.008886725641787052,0.0,,,0.0,,0.01935204491019249,0.0,0.0,,0.0,0.0019069688860327005,,,,0.0,0.0,0.0,0.0,0.0,7.387471123365685e-05,,,,0.007764055393636227,0.0,,0.0,,0.0,0.0,0.0,0.0,,,0.0,0.0,,,0.0,,0.0,,0.0,0.0,0.0,0.0,0.0,0.0,0.0,,0.0,0.010640541091561317,0.0,0.0,0.0,,,0.0,0.0,0.0,0.0,0.004161264281719923,0.0073729087598621845,,,,0.007771022617816925,0.0,0.0,0.0,,,0.008342444896697998,0.0,0.0,,0.0,,,,,0.0,0.013751369901001453,0.0,,0.0,,,0.0,,0.006028351373970509,0.0,0.0,0.0,,0.006963010877370834,0.0,,0.0,0.0,0.0,0.0,0.0,,0.0025301980786025524,0.0,0.0,,0.0,0.0,0.0,0.0,0.0,0.0,0.0,,0.0009805925656110048,0.0,0.0,0.007419695612043142,0.0,0.0,0.0,,0.0,0.0,0.0,0.010489208623766899,0.0,0.0,0.0,0.0,0.0,0.0,0.00028485566144809127,0.0,0.0,0.0,,0.0,0.0,0.0,0.0,0.0,0.0,0.0,0.0,0.0,0.004446286242455244,0.0,0.0,0.0,,0.0,0.006903916597366333,,0.0032303640618920326,0.0,0.0,0.0,0.0,0.0,0.007855664007365704,0.0,0.0,0.0,0.011428353376686573,0.0,0.014265907928347588,0.0,0.0,0.0,0.0,0.0,0.0,0.0,0.0,0.0,0.0,0.0,0.0,0.0071387211792171,0.0,0.0,0.0,0.010663309134542942,0.009583434090018272,0.0,0.00991410668939352,0.0,0.0,0.0,0.019269602373242378,0.0,0.0,0.0,0.0,0.0,0.0,0.0,0.0,0.004451911896467209,0.0,0.0,0.0,0.0,0.0,0.015617968514561653,0.0,0.008543897420167923,0.0,0.0,0.017431413754820824,0.0,0.0,0.0,0.0,0.0,0.011158911511301994,0.0,0.006921166554093361,0.0,0.013884417712688446,0.0,0.0,0.0,0.0,0.0,0.017269155010581017,0.0,0.00583390099927783,0.0,0.0,,,,,,,,,,,,,,,,,,,,,,,,,,,,,,,,,,,,,,,,,,,,,,,,,,,,,,,,,,,,,,,,,,,,,,,,,,,,,,,,,,,,,,,,,,,,,,,,,,,,,,,,,,,,,,,,,,,,,,,,,,,,,,
2021-12-08,841420.5041075445,53.81632642241942,,,,,,,,,,,76494.84123570709,,1039061.7711000025,,,,,,,,,,,,,,,,,,,,,,,,,,,,,,,,,,,,,,,,,,,3089.7564187746434,,,,,,,,,,,,,,,,,,,,,,26591.324470008833,9685.44379494569,4032.3384669051707,8201.903712248382,3882.4650165091443,47277.82484212359,29213.59401121504,8255.504825912014,35930.86223587339,,,,,,,,,,,,,,,,,,,,,,,,,,,,,,,,,,,,0.007672586012631655,0.0,0.0,0.01092440728098154,0.0,0.0,0.0,0.0,0.0,0.0,0.0,0.0,0.0,0.0,0.0,0.0,,0.0,,0.0,,0.0,0.0,0.0,0.010507198981940746,0.0,,0.0,0.0,0.010712611488997936,0.0,0.012846814468502998,0.0,,0.0,,,,0.0,0.0,0.0,,0.0,0.0,0.0012285824632272124,0.009027548134326935,0.0,,,0.0,,0.0,0.0,0.0,0.0,0.0,0.0,0.0,0.0,0.006439491640776396,0.015234255231916904,0.0,0.0,0.0,,0.011381476186215878,0.0,0.0,0.0,0.015055594965815544,,0.0005889178719371557,0.0,,0.0,0.0,0.0,0.0,,0.0,0.0,0.0,,0.0,,0.0,0.0,,0.0,,0.0,0.0,0.0030229962430894375,0.01743323914706707,0.0,0.012673601508140564,0.0,0.016194811090826988,0.0,,,0.009300514124333858,0.0,,,,,0.0,0.0,0.0,0.0,0.0,0.0,0.0,0.0,0.0,,0.012146583758294582,0.0019998527131974697,0.0,,0.019029388204216957,0.0,0.0015352413756772876,0.0,0.0,0.0,,0.002669151872396469,,0.014855947345495224,0.0,0.0,0.01175154373049736,,0.0,0.0,,0.0,0.0,0.0,0.0,0.0,0.0001421356719220057,0.0011042432161048055,0.0,0.0,0.0046468619257211685,0.003770541399717331,0.0,0.0012880248250439763,,0.02132318913936615,0.0,0.004850889090448618,0.0,,0.0,0.007785265799611807,0.0,0.0,0.0,0.0,0.0061191171407699585,0.0,0.0,0.0,,0.015078713186085224,0.0,0.0,,,,0.006918592378497124,0.002163069089874625,,0.0,0.0,0.0,0.0,,0.0,,0.0,0.0,0.013318006880581379,0.0,0.0,0.0,,,,0.0,0.01897398941218853,0.0,0.0,0.0,,0.0,0.008289680816233158,0.007186546456068754,0.0,,0.0,0.015495573170483112,0.0,0.0,0.0,,0.002988440217450261,0.0071138362400233746,0.006663523148745298,0.0,,0.0029522741679102182,0.007444577291607857,0.00870683416724205,0.0,0.015951599925756454,0.0,,0.0,0.0,0.0,0.0,0.0,0.0,,0.0,,0.005740217864513397,0.007723913062363863,0.0016765532782301307,0.0,0.0,0.0,0.0,,0.0,0.011521018110215664,0.0028374833054840565,,,0.0,0.0,0.0,0.0,0.0,0.0,0.0,0.0,0.0,,0.0,0.0,0.0014217449352145195,,0.0,0.0,0.0,0.015036061406135559,0.0,0.0,0.0,,,0.0,0.002523822244256735,0.0,0.0,0.0,,0.012212172150611877,,0.010441260412335396,0.0,,0.0,0.0001980172237381339,0.0,0.0,,,0.0,0.009777898900210857,,0.011562291532754898,0.0,,,0.0,0.021612513810396194,0.0,0.0,0.0,0.0,0.0,,,0.0,0.0,0.0,0.0,0.0,,,0.0,0.0,0.0,,0.0,0.0,,0.0,0.0,0.010721533559262753,,0.0,0.0,0.0,0.0,,0.0,0.0,,0.0,0.0,0.0,0.000222572882194072,0.004138255026191473,0.0,0.0,0.0,0.0,0.0,0.0,0.0,0.0,,0.01636638306081295,,0.0,0.013081780634820461,0.00596213573589921,0.0,0.0,0.0,0.00783260352909565,0.013072560541331768,0.0,0.01504174992442131,0.0,,0.0,,0.0,0.007702955510467291,0.0,,0.0,0.0,0.0,0.0064319828525185585,0.0,0.0,0.0,0.0,0.006455377209931612,0.002276746090501547,0.0,,,0.0,0.0,0.0,,,,0.0,0.0,,0.0,,0.0,,0.0,,,0.0,,,,,0.0,,0.0,0.009475049562752247,0.0,,0.0,0.0,0.0006172159337438643,,0.011276694014668465,0.0,,0.0,0.008886725641787052,0.0,,,0.0,,0.01935204491019249,0.0,0.0,,0.0,0.0019069688860327005,,,,0.0,0.0,0.0,0.0,0.0,7.387471123365685e-05,,,,0.007764055393636227,0.0,,0.0,,0.0,0.0,0.0,0.0,,,0.0,0.0,,,0.0,,0.0,,0.0,0.0,0.0,0.0,0.0,0.0,0.0,,0.0,0.010640541091561317,0.0,0.0,0.0,,,0.0,0.0,0.0,0.0,0.004161264281719923,0.0073729087598621845,,,,0.007771022617816925,0.0,0.0,0.0,,,0.008342444896697998,0.0,0.0,,0.0,,,,,0.0,0.013751369901001453,0.0,,0.0,,,0.0,,0.006028351373970509,0.0,0.0,0.0,,0.006963010877370834,0.0,,0.0,0.0,0.0,0.0,0.0,,0.0025301980786025524,0.0,0.0,,0.0,0.0,0.0,0.0,0.0,0.0,0.0,,0.0009805925656110048,0.0,0.0,0.007419695612043142,0.0,0.0,0.0,,0.0,0.0,0.0,0.010489208623766899,0.0,0.0,0.0,0.0,0.0,0.0,0.00028485566144809127,0.0,0.0,0.0,,0.0,0.0,0.0,0.0,0.0,0.0,0.0,0.0,0.0,0.004446286242455244,0.0,0.0,0.0,,0.0,0.006903916597366333,,0.0032303640618920326,0.0,0.0,0.0,0.0,0.0,0.007855664007365704,0.0,0.0,0.0,0.011428353376686573,0.0,0.014265907928347588,0.0,0.0,0.0,0.0,0.0,0.0,0.0,0.0,0.0,0.0,0.0,0.0,0.0071387211792171,0.0,0.0,0.0,0.010663309134542942,0.009583434090018272,0.0,0.00991410668939352,0.0,0.0,0.0,0.019269602373242378,0.0,0.0,0.0,0.0,0.0,0.0,0.0,0.0,0.004451911896467209,0.0,0.0,0.0,0.0,0.0,0.015617968514561653,0.0,0.008543897420167923,0.0,0.0,0.017431413754820824,0.0,0.0,0.0,0.0,0.0,0.011158911511301994,0.0,0.006921166554093361,0.0,0.013884417712688446,0.0,0.0,0.0,0.0,0.0,0.017269155010581017,0.0,0.00583390099927783,0.0,0.0,,,,,,,,,,,,,,,,,,,,,,,,,,,,,,,,,,,,,,,,,,,,,,,,,,,,,,,,,,,,,,,,,,,,,,,,,,,,,,,,,,,,,,,,,,,,,,,,,,,,,,,,,,,,,,,,,,,,,,,,,,,,,,
2021-12-09,848431.580223989,51.725334274860344,,,,,,,,,,,76494.84123570709,,1039061.7711000025,,,,,,,,,,,,,,,,,,,,,,,,,,,,,,,,,,,,,,,,,,,3089.7564187746434,,,,,,,,,,,,,,,,,,,,,,26591.98302314802,9685.44379494569,4032.3384669051707,8201.903712248382,3882.4650165091443,47277.82484212359,29213.59401121504,8255.504825912014,35930.86223587339,,,,,,,,,,,,,,,,,,,,,,,,,,,,,,,,,,,,0.007672586012631655,0.0,0.0,0.01092440728098154,0.0,0.0,0.0,0.0,0.0,0.0,0.0,0.0,0.0,0.0,0.0,0.0,,0.0,,0.0,,0.0,0.0,0.0,0.010507198981940746,0.0,,0.0,0.0,0.010712611488997936,0.0,0.012846814468502998,0.0,,0.0,,,,0.0,0.0,0.0,,0.0,0.0,0.0012285824632272124,0.009027548134326935,0.0,,,0.0,,0.0,0.0,0.0,0.0,0.0,0.0,0.0,0.0,0.006439491640776396,0.015234255231916904,0.0,0.0,0.0,,0.011381476186215878,0.0,0.0,0.0,0.015055594965815544,,0.0005889178719371557,0.0,,0.0,0.0,0.0,0.0,,0.0,0.0,0.0,,0.0,,0.0,0.0,,0.0,,0.0,0.0,0.0030229962430894375,0.01743323914706707,0.0,0.012673601508140564,0.0,0.016194811090826988,0.0,,,0.009300514124333858,0.0,,,,,0.0,0.0,0.0,0.0,0.0,0.0,0.0,0.0,0.0,,0.012146583758294582,0.0019998527131974697,0.0,,0.019029388204216957,0.0,0.0015352413756772876,0.0,0.0,0.0,,0.002669151872396469,,0.014855947345495224,0.0,0.0,0.01175154373049736,,0.0,0.0,,0.0,0.0,0.0,0.0,0.0,0.0001421356719220057,0.0011042432161048055,0.0,0.0,0.0046468619257211685,0.003770541399717331,0.0,0.0012880248250439763,,0.02132318913936615,0.0,0.004850889090448618,0.0,,0.0,0.007785265799611807,0.0,0.0,0.0,0.0,0.0061191171407699585,0.0,0.0,0.0,,0.015078713186085224,0.0,0.0,,,,0.006918592378497124,0.002163069089874625,,0.0,0.0,0.0,0.0,,0.0,,0.0,0.0,0.013318006880581379,0.0,0.0,0.0,,,,0.0,0.01897398941218853,0.0,0.0,0.0,,0.0,0.008289680816233158,0.007186546456068754,0.0,,0.0,0.015495573170483112,0.0,0.0,0.0,,0.002988440217450261,0.0071138362400233746,0.006663523148745298,0.0,,0.0029522741679102182,0.007444577291607857,0.00870683416724205,0.0,0.015951599925756454,0.0,,0.0,0.0,0.0,0.0,0.0,0.0,,0.0,,0.005740217864513397,0.007723913062363863,0.0016765532782301307,0.0,0.0,0.0,0.0,,0.0,0.011521018110215664,0.0028374833054840565,,,0.0,0.0,0.0,0.0,0.0,0.0,0.0,0.0,0.0,,0.0,0.0,0.0014217449352145195,,0.0,0.0,0.0,0.015036061406135559,0.0,0.0,0.0,,,0.0,0.002523822244256735,0.0,0.0,0.0,,0.012212172150611877,,0.010441260412335396,0.0,,0.0,0.0001980172237381339,0.0,0.0,,,0.0,0.009777898900210857,,0.011562291532754898,0.0,,,0.0,0.021612513810396194,0.0,0.0,0.0,0.0,0.0,,,0.0,0.0,0.0,0.0,0.0,,,0.0,0.0,0.0,,0.0,0.0,,0.0,0.0,0.010721533559262753,,0.0,0.0,0.0,0.0,,0.0,0.0,,0.0,0.0,0.0,0.000222572882194072,0.004138255026191473,0.0,0.0,0.0,0.0,0.0,0.0,0.0,0.0,,0.01636638306081295,,0.0,0.013081780634820461,0.00596213573589921,0.0,0.0,0.0,0.00783260352909565,0.013072560541331768,0.0,0.01504174992442131,0.0,,0.0,,0.0,0.007702955510467291,0.0,,0.0,0.0,0.0,0.0064319828525185585,0.0,0.0,0.0,0.0,0.006455377209931612,0.002276746090501547,0.0,,,0.0,0.0,0.0,,,,0.0,0.0,,0.0,,0.0,,0.0,,,0.0,,,,,0.0,,0.0,0.009475049562752247,0.0,,0.0,0.0,0.0006172159337438643,,0.011276694014668465,0.0,,0.0,0.008886725641787052,0.0,,,0.0,,0.01935204491019249,0.0,0.0,,0.0,0.0019069688860327005,,,,0.0,0.0,0.0,0.0,0.0,7.387471123365685e-05,,,,0.007764055393636227,0.0,,0.0,,0.0,0.0,0.0,0.0,,,0.0,0.0,,,0.0,,0.0,,0.0,0.0,0.0,0.0,0.0,0.0,0.0,,0.0,0.010640541091561317,0.0,0.0,0.0,,,0.0,0.0,0.0,0.0,0.004161264281719923,0.0073729087598621845,,,,0.007771022617816925,0.0,0.0,0.0,,,0.008342444896697998,0.0,0.0,,0.0,,,,,0.0,0.013751369901001453,0.0,,0.0,,,0.0,,0.006028351373970509,0.0,0.0,0.0,,0.006963010877370834,0.0,,0.0,0.0,0.0,0.0,0.0,,0.0025301980786025524,0.0,0.0,,0.0,0.0,0.0,0.0,0.0,0.0,0.0,,0.0009805925656110048,0.0,0.0,0.007419695612043142,0.0,0.0,0.0,,0.0,0.0,0.0,0.010489208623766899,0.0,0.0,0.0,0.0,0.0,0.0,0.00028485566144809127,0.0,0.0,0.0,,0.0,0.0,0.0,0.0,0.0,0.0,0.0,0.0,0.0,0.004446286242455244,0.0,0.0,0.0,,0.0,0.006903916597366333,,0.0032303640618920326,0.0,0.0,0.0,0.0,0.0,0.007855664007365704,0.0,0.0,0.0,0.011428353376686573,0.0,0.014265907928347588,0.0,0.0,0.0,0.0,0.0,0.0,0.0,0.0,0.0,0.0,0.0,0.0,0.0071387211792171,0.0,0.0,0.0,0.010663309134542942,0.009583434090018272,0.0,0.00991410668939352,0.0,0.0,0.0,0.019269602373242378,0.0,0.0,0.0,0.0,0.0,0.0,0.0,0.0,0.004451911896467209,0.0,0.0,0.0,0.0,0.0,0.015617968514561653,0.0,0.008543897420167923,0.0,0.0,0.017431413754820824,0.0,0.0,0.0,0.0,0.0,0.011158911511301994,0.0,0.006921166554093361,0.0,0.013884417712688446,0.0,0.0,0.0,0.0,0.0,0.017269155010581017,0.0,0.00583390099927783,0.0,0.0,,,,,,,,,,,,,,,,,,,,,,,,,,,,,,,,,,,,,,,,,,,,,,,,,,,,,,,,,,,,,,,,,,,,,,,,,,,,,,,,,,,,,,,,,,,,,,,,,,,,,,,,,,,,,,,,,,,,,,,,,,,,,,
2021-12-10,845856.9061267748,51.420519662309324,,,,,,,,,,,76494.84123570709,,1039061.7711000025,,,,,,,,,,,,,,,,,,,,,,,,,,,,,,,,,,,,,,,,,,,3089.8092122165326,,,,,,,,,,,,,,,,,,,,,,26591.623808301192,9685.44379494569,4032.3384669051707,8201.903712248382,3882.4650165091443,47277.82484212359,29213.59401121504,8255.504825912014,35930.86223587339,,,,,,,,,,,,,,,,,,,,,,,,,,,,,,,,,,,,0.007672586012631655,0.0,0.0,0.01092440728098154,0.0,0.0,0.0,0.0,0.0,0.0,0.0,0.0,0.0,0.0,0.0,0.0,,0.0,,0.0,,0.0,0.0,0.0,0.010507198981940746,0.0,,0.0,0.0,0.010712611488997936,0.0,0.012846814468502998,0.0,,0.0,,,,0.0,0.0,0.0,,0.0,0.0,0.0012285824632272124,0.009027548134326935,0.0,,,0.0,,0.0,0.0,0.0,0.0,0.0,0.0,0.0,0.0,0.006439491640776396,0.015234255231916904,0.0,0.0,0.0,,0.011381476186215878,0.0,0.0,0.0,0.015055594965815544,,0.0005889178719371557,0.0,,0.0,0.0,0.0,0.0,,0.0,0.0,0.0,,0.0,,0.0,0.0,,0.0,,0.0,0.0,0.0030229962430894375,0.01743323914706707,0.0,0.012673601508140564,0.0,0.016194811090826988,0.0,,,0.009300514124333858,0.0,,,,,0.0,0.0,0.0,0.0,0.0,0.0,0.0,0.0,0.0,,0.012146583758294582,0.0019998527131974697,0.0,,0.019029388204216957,0.0,0.0015352413756772876,0.0,0.0,0.0,,0.002669151872396469,,0.014855947345495224,0.0,0.0,0.01175154373049736,,0.0,0.0,,0.0,0.0,0.0,0.0,0.0,0.0001421356719220057,0.0011042432161048055,0.0,0.0,0.0046468619257211685,0.003770541399717331,0.0,0.0012880248250439763,,0.02132318913936615,0.0,0.004850889090448618,0.0,,0.0,0.007785265799611807,0.0,0.0,0.0,0.0,0.0061191171407699585,0.0,0.0,0.0,,0.015078713186085224,0.0,0.0,,,,0.006918592378497124,0.002163069089874625,,0.0,0.0,0.0,0.0,,0.0,,0.0,0.0,0.013318006880581379,0.0,0.0,0.0,,,,0.0,0.01897398941218853,0.0,0.0,0.0,,0.0,0.008289680816233158,0.007186546456068754,0.0,,0.0,0.015495573170483112,0.0,0.0,0.0,,0.002988440217450261,0.0071138362400233746,0.006663523148745298,0.0,,0.0029522741679102182,0.007444577291607857,0.00870683416724205,0.0,0.015951599925756454,0.0,,0.0,0.0,0.0,0.0,0.0,0.0,,0.0,,0.005740217864513397,0.007723913062363863,0.0016765532782301307,0.0,0.0,0.0,0.0,,0.0,0.011521018110215664,0.0028374833054840565,,,0.0,0.0,0.0,0.0,0.0,0.0,0.0,0.0,0.0,,0.0,0.0,0.0014217449352145195,,0.0,0.0,0.0,0.015036061406135559,0.0,0.0,0.0,,,0.0,0.002523822244256735,0.0,0.0,0.0,,0.012212172150611877,,0.010441260412335396,0.0,,0.0,0.0001980172237381339,0.0,0.0,,,0.0,0.009777898900210857,,0.011562291532754898,0.0,,,0.0,0.021612513810396194,0.0,0.0,0.0,0.0,0.0,,,0.0,0.0,0.0,0.0,0.0,,,0.0,0.0,0.0,,0.0,0.0,,0.0,0.0,0.010721533559262753,,0.0,0.0,0.0,0.0,,0.0,0.0,,0.0,0.0,0.0,0.000222572882194072,0.004138255026191473,0.0,0.0,0.0,0.0,0.0,0.0,0.0,0.0,,0.01636638306081295,,0.0,0.013081780634820461,0.00596213573589921,0.0,0.0,0.0,0.00783260352909565,0.013072560541331768,0.0,0.01504174992442131,0.0,,0.0,,0.0,0.007702955510467291,0.0,,0.0,0.0,0.0,0.0064319828525185585,0.0,0.0,0.0,0.0,0.006455377209931612,0.002276746090501547,0.0,,,0.0,0.0,0.0,,,,0.0,0.0,,0.0,,0.0,,0.0,,,0.0,,,,,0.0,,0.0,0.009475049562752247,0.0,,0.0,0.0,0.0006172159337438643,,0.011276694014668465,0.0,,0.0,0.008886725641787052,0.0,,,0.0,,0.01935204491019249,0.0,0.0,,0.0,0.0019069688860327005,,,,0.0,0.0,0.0,0.0,0.0,7.387471123365685e-05,,,,0.007764055393636227,0.0,,0.0,,0.0,0.0,0.0,0.0,,,0.0,0.0,,,0.0,,0.0,,0.0,0.0,0.0,0.0,0.0,0.0,0.0,,0.0,0.010640541091561317,0.0,0.0,0.0,,,0.0,0.0,0.0,0.0,0.004161264281719923,0.0073729087598621845,,,,0.007771022617816925,0.0,0.0,0.0,,,0.008342444896697998,0.0,0.0,,0.0,,,,,0.0,0.013751369901001453,0.0,,0.0,,,0.0,,0.006028351373970509,0.0,0.0,0.0,,0.006963010877370834,0.0,,0.0,0.0,0.0,0.0,0.0,,0.0025301980786025524,0.0,0.0,,0.0,0.0,0.0,0.0,0.0,0.0,0.0,,0.0009805925656110048,0.0,0.0,0.007419695612043142,0.0,0.0,0.0,,0.0,0.0,0.0,0.010489208623766899,0.0,0.0,0.0,0.0,0.0,0.0,0.00028485566144809127,0.0,0.0,0.0,,0.0,0.0,0.0,0.0,0.0,0.0,0.0,0.0,0.0,0.004446286242455244,0.0,0.0,0.0,,0.0,0.006903916597366333,,0.0032303640618920326,0.0,0.0,0.0,0.0,0.0,0.007855664007365704,0.0,0.0,0.0,0.011428353376686573,0.0,0.014265907928347588,0.0,0.0,0.0,0.0,0.0,0.0,0.0,0.0,0.0,0.0,0.0,0.0,0.0071387211792171,0.0,0.0,0.0,0.010663309134542942,0.009583434090018272,0.0,0.00991410668939352,0.0,0.0,0.0,0.019269602373242378,0.0,0.0,0.0,0.0,0.0,0.0,0.0,0.0,0.004451911896467209,0.0,0.0,0.0,0.0,0.0,0.015617968514561653,0.0,0.008543897420167923,0.0,0.0,0.017431413754820824,0.0,0.0,0.0,0.0,0.0,0.011158911511301994,0.0,0.006921166554093361,0.0,0.013884417712688446,0.0,0.0,0.0,0.0,0.0,0.017269155010581017,0.0,0.00583390099927783,0.0,0.0,,,,,,,,,,,,,,,,,,,,,,,,,,,,,,,,,,,,,,,,,,,,,,,,,,,,,,,,,,,,,,,,,,,,,,,,,,,,,,,,,,,,,,,,,,,,,,,,,,,,,,,,,,,,,,,,,,,,,,,,,,,,,,
2021-12-13,850772.3985495078,51.31334567883781,,,,,,,,,,,76494.84123570709,,1039061.7711000025,,,,,,,,,,,,,,,,,,,,,,,,,,,,,,,,,,,,,,,,,,,3089.8092122165326,,,,,,,,,,,,,,,,,,,,,,26591.65733460961,9685.44379494569,4032.3384669051707,8201.903712248382,3882.4650165091443,47277.82484212359,29213.59401121504,8255.504825912014,35930.86223587339,,,,,,,,,,,,,,,,,,,,,,,,,,,,,,,,,,,,0.007672586012631655,0.0,0.0,0.01092440728098154,0.0,0.0,0.0,0.0,0.0,0.0,0.0,0.0,0.0,0.0,0.0,0.0,,0.0,,0.0,,0.0,0.0,0.0,0.010507198981940746,0.0,,0.0,0.0,0.010712611488997936,0.0,0.012846814468502998,0.0,,0.0,,,,0.0,0.0,0.0,,0.0,0.0,0.0012285824632272124,0.009027548134326935,0.0,,,0.0,,0.0,0.0,0.0,0.0,0.0,0.0,0.0,0.0,0.006439491640776396,0.015234255231916904,0.0,0.0,0.0,,0.011381476186215878,0.0,0.0,0.0,0.015055594965815544,,0.0005889178719371557,0.0,,0.0,0.0,0.0,0.0,,0.0,0.0,0.0,,0.0,,0.0,0.0,,0.0,,0.0,0.0,0.0030229962430894375,0.01743323914706707,0.0,0.012673601508140564,0.0,0.016194811090826988,0.0,,,0.009300514124333858,0.0,,,,,0.0,0.0,0.0,0.0,0.0,0.0,0.0,0.0,0.0,,0.012146583758294582,0.0019998527131974697,0.0,,0.019029388204216957,0.0,0.0015352413756772876,0.0,0.0,0.0,,0.002669151872396469,,0.014855947345495224,0.0,0.0,0.01175154373049736,,0.0,0.0,,0.0,0.0,0.0,0.0,0.0,0.0001421356719220057,0.0011042432161048055,0.0,0.0,0.0046468619257211685,0.003770541399717331,0.0,0.0012880248250439763,,0.02132318913936615,0.0,0.004850889090448618,0.0,,0.0,0.007785265799611807,0.0,0.0,0.0,0.0,0.0061191171407699585,0.0,0.0,0.0,,0.015078713186085224,0.0,0.0,,,,0.006918592378497124,0.002163069089874625,,0.0,0.0,0.0,0.0,,0.0,,0.0,0.0,0.013318006880581379,0.0,0.0,0.0,,,,0.0,0.01897398941218853,0.0,0.0,0.0,,0.0,0.008289680816233158,0.007186546456068754,0.0,,0.0,0.015495573170483112,0.0,0.0,0.0,,0.002988440217450261,0.0071138362400233746,0.006663523148745298,0.0,,0.0029522741679102182,0.007444577291607857,0.00870683416724205,0.0,0.015951599925756454,0.0,,0.0,0.0,0.0,0.0,0.0,0.0,,0.0,,0.005740217864513397,0.007723913062363863,0.0016765532782301307,0.0,0.0,0.0,0.0,,0.0,0.011521018110215664,0.0028374833054840565,,,0.0,0.0,0.0,0.0,0.0,0.0,0.0,0.0,0.0,,0.0,0.0,0.0014217449352145195,,0.0,0.0,0.0,0.015036061406135559,0.0,0.0,0.0,,,0.0,0.002523822244256735,0.0,0.0,0.0,,0.012212172150611877,,0.010441260412335396,0.0,,0.0,0.0001980172237381339,0.0,0.0,,,0.0,0.009777898900210857,,0.011562291532754898,0.0,,,0.0,0.021612513810396194,0.0,0.0,0.0,0.0,0.0,,,0.0,0.0,0.0,0.0,0.0,,,0.0,0.0,0.0,,0.0,0.0,,0.0,0.0,0.010721533559262753,,0.0,0.0,0.0,0.0,,0.0,0.0,,0.0,0.0,0.0,0.000222572882194072,0.004138255026191473,0.0,0.0,0.0,0.0,0.0,0.0,0.0,0.0,,0.01636638306081295,,0.0,0.013081780634820461,0.00596213573589921,0.0,0.0,0.0,0.00783260352909565,0.013072560541331768,0.0,0.01504174992442131,0.0,,0.0,,0.0,0.007702955510467291,0.0,,0.0,0.0,0.0,0.0064319828525185585,0.0,0.0,0.0,0.0,0.006455377209931612,0.002276746090501547,0.0,,,0.0,0.0,0.0,,,,0.0,0.0,,0.0,,0.0,,0.0,,,0.0,,,,,0.0,,0.0,0.009475049562752247,0.0,,0.0,0.0,0.0006172159337438643,,0.011276694014668465,0.0,,0.0,0.008886725641787052,0.0,,,0.0,,0.01935204491019249,0.0,0.0,,0.0,0.0019069688860327005,,,,0.0,0.0,0.0,0.0,0.0,7.387471123365685e-05,,,,0.007764055393636227,0.0,,0.0,,0.0,0.0,0.0,0.0,,,0.0,0.0,,,0.0,,0.0,,0.0,0.0,0.0,0.0,0.0,0.0,0.0,,0.0,0.010640541091561317,0.0,0.0,0.0,,,0.0,0.0,0.0,0.0,0.004161264281719923,0.0073729087598621845,,,,0.007771022617816925,0.0,0.0,0.0,,,0.008342444896697998,0.0,0.0,,0.0,,,,,0.0,0.013751369901001453,0.0,,0.0,,,0.0,,0.006028351373970509,0.0,0.0,0.0,,0.006963010877370834,0.0,,0.0,0.0,0.0,0.0,0.0,,0.0025301980786025524,0.0,0.0,,0.0,0.0,0.0,0.0,0.0,0.0,0.0,,0.0009805925656110048,0.0,0.0,0.007419695612043142,0.0,0.0,0.0,,0.0,0.0,0.0,0.010489208623766899,0.0,0.0,0.0,0.0,0.0,0.0,0.00028485566144809127,0.0,0.0,0.0,,0.0,0.0,0.0,0.0,0.0,0.0,0.0,0.0,0.0,0.004446286242455244,0.0,0.0,0.0,,0.0,0.006903916597366333,,0.0032303640618920326,0.0,0.0,0.0,0.0,0.0,0.007855664007365704,0.0,0.0,0.0,0.011428353376686573,0.0,0.014265907928347588,0.0,0.0,0.0,0.0,0.0,0.0,0.0,0.0,0.0,0.0,0.0,0.0,0.0071387211792171,0.0,0.0,0.0,0.010663309134542942,0.009583434090018272,0.0,0.00991410668939352,0.0,0.0,0.0,0.019269602373242378,0.0,0.0,0.0,0.0,0.0,0.0,0.0,0.0,0.004451911896467209,0.0,0.0,0.0,0.0,0.0,0.015617968514561653,0.0,0.008543897420167923,0.0,0.0,0.017431413754820824,0.0,0.0,0.0,0.0,0.0,0.011158911511301994,0.0,0.006921166554093361,0.0,0.013884417712688446,0.0,0.0,0.0,0.0,0.0,0.017269155010581017,0.0,0.00583390099927783,0.0,0.0,,,,,,,,,,,,,,,,,,,,,,,,,,,,,,,,,,,,,,,,,,,,,,,,,,,,,,,,,,,,,,,,,,,,,,,,,,,,,,,,,,,,,,,,,,,,,,,,,,,,,,,,,,,,,,,,,,,,,,,,,,,,,,
2021-12-14,840162.838427214,57.07335123668695,,,,,,,,,,,76494.84123570709,,1039061.7711000025,,,,,,,,,,,,,,,,,,,,,,,,,,,,,,,,,,,,,,,,,,,3089.6966726842743,,,,,,,,,,,,,,,,,,,,,,26590.821596848713,9685.44379494569,4032.3384669051707,8201.903712248382,3882.4650165091443,47277.82484212359,29213.59401121504,8255.504825912014,35930.86223587339,,,,,,,,,,,,,,,,,,,,,,,,,,,,,,,,,,,,0.007672586012631655,0.0,0.0,0.01092440728098154,0.0,0.0,0.0,0.0,0.0,0.0,0.0,0.0,0.0,0.0,0.0,0.0,,0.0,,0.0,,0.0,0.0,0.0,0.010507198981940746,0.0,,0.0,0.0,0.010712611488997936,0.0,0.012846814468502998,0.0,,0.0,,,,0.0,0.0,0.0,,0.0,0.0,0.0012285824632272124,0.009027548134326935,0.0,,,0.0,,0.0,0.0,0.0,0.0,0.0,0.0,0.0,0.0,0.006439491640776396,0.015234255231916904,0.0,0.0,0.0,,0.011381476186215878,0.0,0.0,0.0,0.015055594965815544,,0.0005889178719371557,0.0,,0.0,0.0,0.0,0.0,,0.0,0.0,0.0,,0.0,,0.0,0.0,,0.0,,0.0,0.0,0.0030229962430894375,0.01743323914706707,0.0,0.012673601508140564,0.0,0.016194811090826988,0.0,,,0.009300514124333858,0.0,,,,,0.0,0.0,0.0,0.0,0.0,0.0,0.0,0.0,0.0,,0.012146583758294582,0.0019998527131974697,0.0,,0.019029388204216957,0.0,0.0015352413756772876,0.0,0.0,0.0,,0.002669151872396469,,0.014855947345495224,0.0,0.0,0.01175154373049736,,0.0,0.0,,0.0,0.0,0.0,0.0,0.0,0.0001421356719220057,0.0011042432161048055,0.0,0.0,0.0046468619257211685,0.003770541399717331,0.0,0.0012880248250439763,,0.02132318913936615,0.0,0.004850889090448618,0.0,,0.0,0.007785265799611807,0.0,0.0,0.0,0.0,0.0061191171407699585,0.0,0.0,0.0,,0.015078713186085224,0.0,0.0,,,,0.006918592378497124,0.002163069089874625,,0.0,0.0,0.0,0.0,,0.0,,0.0,0.0,0.013318006880581379,0.0,0.0,0.0,,,,0.0,0.01897398941218853,0.0,0.0,0.0,,0.0,0.008289680816233158,0.007186546456068754,0.0,,0.0,0.015495573170483112,0.0,0.0,0.0,,0.002988440217450261,0.0071138362400233746,0.006663523148745298,0.0,,0.0029522741679102182,0.007444577291607857,0.00870683416724205,0.0,0.015951599925756454,0.0,,0.0,0.0,0.0,0.0,0.0,0.0,,0.0,,0.005740217864513397,0.007723913062363863,0.0016765532782301307,0.0,0.0,0.0,0.0,,0.0,0.011521018110215664,0.0028374833054840565,,,0.0,0.0,0.0,0.0,0.0,0.0,0.0,0.0,0.0,,0.0,0.0,0.0014217449352145195,,0.0,0.0,0.0,0.015036061406135559,0.0,0.0,0.0,,,0.0,0.002523822244256735,0.0,0.0,0.0,,0.012212172150611877,,0.010441260412335396,0.0,,0.0,0.0001980172237381339,0.0,0.0,,,0.0,0.009777898900210857,,0.011562291532754898,0.0,,,0.0,0.021612513810396194,0.0,0.0,0.0,0.0,0.0,,,0.0,0.0,0.0,0.0,0.0,,,0.0,0.0,0.0,,0.0,0.0,,0.0,0.0,0.010721533559262753,,0.0,0.0,0.0,0.0,,0.0,0.0,,0.0,0.0,0.0,0.000222572882194072,0.004138255026191473,0.0,0.0,0.0,0.0,0.0,0.0,0.0,0.0,,0.01636638306081295,,0.0,0.013081780634820461,0.00596213573589921,0.0,0.0,0.0,0.00783260352909565,0.013072560541331768,0.0,0.01504174992442131,0.0,,0.0,,0.0,0.007702955510467291,0.0,,0.0,0.0,0.0,0.0064319828525185585,0.0,0.0,0.0,0.0,0.006455377209931612,0.002276746090501547,0.0,,,0.0,0.0,0.0,,,,0.0,0.0,,0.0,,0.0,,0.0,,,0.0,,,,,0.0,,0.0,0.009475049562752247,0.0,,0.0,0.0,0.0006172159337438643,,0.011276694014668465,0.0,,0.0,0.008886725641787052,0.0,,,0.0,,0.01935204491019249,0.0,0.0,,0.0,0.0019069688860327005,,,,0.0,0.0,0.0,0.0,0.0,7.387471123365685e-05,,,,0.007764055393636227,0.0,,0.0,,0.0,0.0,0.0,0.0,,,0.0,0.0,,,0.0,,0.0,,0.0,0.0,0.0,0.0,0.0,0.0,0.0,,0.0,0.010640541091561317,0.0,0.0,0.0,,,0.0,0.0,0.0,0.0,0.004161264281719923,0.0073729087598621845,,,,0.007771022617816925,0.0,0.0,0.0,,,0.008342444896697998,0.0,0.0,,0.0,,,,,0.0,0.013751369901001453,0.0,,0.0,,,0.0,,0.006028351373970509,0.0,0.0,0.0,,0.006963010877370834,0.0,,0.0,0.0,0.0,0.0,0.0,,0.0025301980786025524,0.0,0.0,,0.0,0.0,0.0,0.0,0.0,0.0,0.0,,0.0009805925656110048,0.0,0.0,0.007419695612043142,0.0,0.0,0.0,,0.0,0.0,0.0,0.010489208623766899,0.0,0.0,0.0,0.0,0.0,0.0,0.00028485566144809127,0.0,0.0,0.0,,0.0,0.0,0.0,0.0,0.0,0.0,0.0,0.0,0.0,0.004446286242455244,0.0,0.0,0.0,,0.0,0.006903916597366333,,0.0032303640618920326,0.0,0.0,0.0,0.0,0.0,0.007855664007365704,0.0,0.0,0.0,0.011428353376686573,0.0,0.014265907928347588,0.0,0.0,0.0,0.0,0.0,0.0,0.0,0.0,0.0,0.0,0.0,0.0,0.0071387211792171,0.0,0.0,0.0,0.010663309134542942,0.009583434090018272,0.0,0.00991410668939352,0.0,0.0,0.0,0.019269602373242378,0.0,0.0,0.0,0.0,0.0,0.0,0.0,0.0,0.004451911896467209,0.0,0.0,0.0,0.0,0.0,0.015617968514561653,0.0,0.008543897420167923,0.0,0.0,0.017431413754820824,0.0,0.0,0.0,0.0,0.0,0.011158911511301994,0.0,0.006921166554093361,0.0,0.013884417712688446,0.0,0.0,0.0,0.0,0.0,0.017269155010581017,0.0,0.00583390099927783,0.0,0.0,,,,,,,,,,,,,,,,,,,,,,,,,,,,,,,,,,,,,,,,,,,,,,,,,,,,,,,,,,,,,,,,,,,,,,,,,,,,,,,,,,,,,,,,,,,,,,,,,,,,,,,,,,,,,,,,,,,,,,,,,,,,,,
2021-12-15,837301.7162019145,57.60623895547556,,,,,,,,,,,76494.84123570709,,1039061.7711000025,,,,,,,,,,,,,,,,,,,,,,,,,,,,,,,,,,,,,,,,,,,3089.6966726842743,,,,,,,,,,,,,,,,,,,,,,26590.65158213021,9685.44379494569,4032.3384669051707,8201.903712248382,3882.4650165091443,47277.82484212359,29213.59401121504,8255.504825912014,35930.86223587339,,,,,,,,,,,,,,,,,,,,,,,,,,,,,,,,,,,,0.007672586012631655,0.0,0.0,0.01092440728098154,0.0,0.0,0.0,0.0,0.0,0.0,0.0,0.0,0.0,0.0,0.0,0.0,,0.0,,0.0,,0.0,0.0,0.0,0.010507198981940746,0.0,,0.0,0.0,0.010712611488997936,0.0,0.012846814468502998,0.0,,0.0,,,,0.0,0.0,0.0,,0.0,0.0,0.0012285824632272124,0.009027548134326935,0.0,,,0.0,,0.0,0.0,0.0,0.0,0.0,0.0,0.0,0.0,0.006439491640776396,0.015234255231916904,0.0,0.0,0.0,,0.011381476186215878,0.0,0.0,0.0,0.015055594965815544,,0.0005889178719371557,0.0,,0.0,0.0,0.0,0.0,,0.0,0.0,0.0,,0.0,,0.0,0.0,,0.0,,0.0,0.0,0.0030229962430894375,0.01743323914706707,0.0,0.012673601508140564,0.0,0.016194811090826988,0.0,,,0.009300514124333858,0.0,,,,,0.0,0.0,0.0,0.0,0.0,0.0,0.0,0.0,0.0,,0.012146583758294582,0.0019998527131974697,0.0,,0.019029388204216957,0.0,0.0015352413756772876,0.0,0.0,0.0,,0.002669151872396469,,0.014855947345495224,0.0,0.0,0.01175154373049736,,0.0,0.0,,0.0,0.0,0.0,0.0,0.0,0.0001421356719220057,0.0011042432161048055,0.0,0.0,0.0046468619257211685,0.003770541399717331,0.0,0.0012880248250439763,,0.02132318913936615,0.0,0.004850889090448618,0.0,,0.0,0.007785265799611807,0.0,0.0,0.0,0.0,0.0061191171407699585,0.0,0.0,0.0,,0.015078713186085224,0.0,0.0,,,,0.006918592378497124,0.002163069089874625,,0.0,0.0,0.0,0.0,,0.0,,0.0,0.0,0.013318006880581379,0.0,0.0,0.0,,,,0.0,0.01897398941218853,0.0,0.0,0.0,,0.0,0.008289680816233158,0.007186546456068754,0.0,,0.0,0.015495573170483112,0.0,0.0,0.0,,0.002988440217450261,0.0071138362400233746,0.006663523148745298,0.0,,0.0029522741679102182,0.007444577291607857,0.00870683416724205,0.0,0.015951599925756454,0.0,,0.0,0.0,0.0,0.0,0.0,0.0,,0.0,,0.005740217864513397,0.007723913062363863,0.0016765532782301307,0.0,0.0,0.0,0.0,,0.0,0.011521018110215664,0.0028374833054840565,,,0.0,0.0,0.0,0.0,0.0,0.0,0.0,0.0,0.0,,0.0,0.0,0.0014217449352145195,,0.0,0.0,0.0,0.015036061406135559,0.0,0.0,0.0,,,0.0,0.002523822244256735,0.0,0.0,0.0,,0.012212172150611877,,0.010441260412335396,0.0,,0.0,0.0001980172237381339,0.0,0.0,,,0.0,0.009777898900210857,,0.011562291532754898,0.0,,,0.0,0.021612513810396194,0.0,0.0,0.0,0.0,0.0,,,0.0,0.0,0.0,0.0,0.0,,,0.0,0.0,0.0,,0.0,0.0,,0.0,0.0,0.010721533559262753,,0.0,0.0,0.0,0.0,,0.0,0.0,,0.0,0.0,0.0,0.000222572882194072,0.004138255026191473,0.0,0.0,0.0,0.0,0.0,0.0,0.0,0.0,,0.01636638306081295,,0.0,0.013081780634820461,0.00596213573589921,0.0,0.0,0.0,0.00783260352909565,0.013072560541331768,0.0,0.01504174992442131,0.0,,0.0,,0.0,0.007702955510467291,0.0,,0.0,0.0,0.0,0.0064319828525185585,0.0,0.0,0.0,0.0,0.006455377209931612,0.002276746090501547,0.0,,,0.0,0.0,0.0,,,,0.0,0.0,,0.0,,0.0,,0.0,,,0.0,,,,,0.0,,0.0,0.009475049562752247,0.0,,0.0,0.0,0.0006172159337438643,,0.011276694014668465,0.0,,0.0,0.008886725641787052,0.0,,,0.0,,0.01935204491019249,0.0,0.0,,0.0,0.0019069688860327005,,,,0.0,0.0,0.0,0.0,0.0,7.387471123365685e-05,,,,0.007764055393636227,0.0,,0.0,,0.0,0.0,0.0,0.0,,,0.0,0.0,,,0.0,,0.0,,0.0,0.0,0.0,0.0,0.0,0.0,0.0,,0.0,0.010640541091561317,0.0,0.0,0.0,,,0.0,0.0,0.0,0.0,0.004161264281719923,0.0073729087598621845,,,,0.007771022617816925,0.0,0.0,0.0,,,0.008342444896697998,0.0,0.0,,0.0,,,,,0.0,0.013751369901001453,0.0,,0.0,,,0.0,,0.006028351373970509,0.0,0.0,0.0,,0.006963010877370834,0.0,,0.0,0.0,0.0,0.0,0.0,,0.0025301980786025524,0.0,0.0,,0.0,0.0,0.0,0.0,0.0,0.0,0.0,,0.0009805925656110048,0.0,0.0,0.007419695612043142,0.0,0.0,0.0,,0.0,0.0,0.0,0.010489208623766899,0.0,0.0,0.0,0.0,0.0,0.0,0.00028485566144809127,0.0,0.0,0.0,,0.0,0.0,0.0,0.0,0.0,0.0,0.0,0.0,0.0,0.004446286242455244,0.0,0.0,0.0,,0.0,0.006903916597366333,,0.0032303640618920326,0.0,0.0,0.0,0.0,0.0,0.007855664007365704,0.0,0.0,0.0,0.011428353376686573,0.0,0.014265907928347588,0.0,0.0,0.0,0.0,0.0,0.0,0.0,0.0,0.0,0.0,0.0,0.0,0.0071387211792171,0.0,0.0,0.0,0.010663309134542942,0.009583434090018272,0.0,0.00991410668939352,0.0,0.0,0.0,0.019269602373242378,0.0,0.0,0.0,0.0,0.0,0.0,0.0,0.0,0.004451911896467209,0.0,0.0,0.0,0.0,0.0,0.015617968514561653,0.0,0.008543897420167923,0.0,0.0,0.017431413754820824,0.0,0.0,0.0,0.0,0.0,0.011158911511301994,0.0,0.006921166554093361,0.0,0.013884417712688446,0.0,0.0,0.0,0.0,0.0,0.017269155010581017,0.0,0.00583390099927783,0.0,0.0,,,,,,,,,,,,,,,,,,,,,,,,,,,,,,,,,,,,,,,,,,,,,,,,,,,,,,,,,,,,,,,,,,,,,,,,,,,,,,,,,,,,,,,,,,,,,,,,,,,,,,,,,,,,,,,,,,,,,,,,,,,,,,
2021-12-16,842972.0615093125,56.32647619639831,,,,,,,,,,,76494.84123570709,,1039061.7711000025,,,,,,,,,,,,,,,,,,,,,,,,,,,,,,,,,,,,,,,,,,,3089.6966726842743,,,,,,,,,,,,,,,,,,,,,,26591.058663254462,9685.44379494569,4032.3384669051707,8201.903712248382,3882.4650165091443,47277.82484212359,29213.59401121504,8255.504825912014,35930.86223587339,,,,,,,,,,,,,,,,,,,,,,,,,,,,,,,,,,,,0.007672586012631655,0.0,0.0,0.01092440728098154,0.0,0.0,0.0,0.0,0.0,0.0,0.0,0.0,0.0,0.0,0.0,0.0,,0.0,,0.0,,0.0,0.0,0.0,0.010507198981940746,0.0,,0.0,0.0,0.010712611488997936,0.0,0.012846814468502998,0.0,,0.0,,,,0.0,0.0,0.0,,0.0,0.0,0.0012285824632272124,0.009027548134326935,0.0,,,0.0,,0.0,0.0,0.0,0.0,0.0,0.0,0.0,0.0,0.006439491640776396,0.015234255231916904,0.0,0.0,0.0,,0.011381476186215878,0.0,0.0,0.0,0.015055594965815544,,0.0005889178719371557,0.0,,0.0,0.0,0.0,0.0,,0.0,0.0,0.0,,0.0,,0.0,0.0,,0.0,,0.0,0.0,0.0030229962430894375,0.01743323914706707,0.0,0.012673601508140564,0.0,0.016194811090826988,0.0,,,0.009300514124333858,0.0,,,,,0.0,0.0,0.0,0.0,0.0,0.0,0.0,0.0,0.0,,0.012146583758294582,0.0019998527131974697,0.0,,0.019029388204216957,0.0,0.0015352413756772876,0.0,0.0,0.0,,0.002669151872396469,,0.014855947345495224,0.0,0.0,0.01175154373049736,,0.0,0.0,,0.0,0.0,0.0,0.0,0.0,0.0001421356719220057,0.0011042432161048055,0.0,0.0,0.0046468619257211685,0.003770541399717331,0.0,0.0012880248250439763,,0.02132318913936615,0.0,0.004850889090448618,0.0,,0.0,0.007785265799611807,0.0,0.0,0.0,0.0,0.0061191171407699585,0.0,0.0,0.0,,0.015078713186085224,0.0,0.0,,,,0.006918592378497124,0.002163069089874625,,0.0,0.0,0.0,0.0,,0.0,,0.0,0.0,0.013318006880581379,0.0,0.0,0.0,,,,0.0,0.01897398941218853,0.0,0.0,0.0,,0.0,0.008289680816233158,0.007186546456068754,0.0,,0.0,0.015495573170483112,0.0,0.0,0.0,,0.002988440217450261,0.0071138362400233746,0.006663523148745298,0.0,,0.0029522741679102182,0.007444577291607857,0.00870683416724205,0.0,0.015951599925756454,0.0,,0.0,0.0,0.0,0.0,0.0,0.0,,0.0,,0.005740217864513397,0.007723913062363863,0.0016765532782301307,0.0,0.0,0.0,0.0,,0.0,0.011521018110215664,0.0028374833054840565,,,0.0,0.0,0.0,0.0,0.0,0.0,0.0,0.0,0.0,,0.0,0.0,0.0014217449352145195,,0.0,0.0,0.0,0.015036061406135559,0.0,0.0,0.0,,,0.0,0.002523822244256735,0.0,0.0,0.0,,0.012212172150611877,,0.010441260412335396,0.0,,0.0,0.0001980172237381339,0.0,0.0,,,0.0,0.009777898900210857,,0.011562291532754898,0.0,,,0.0,0.021612513810396194,0.0,0.0,0.0,0.0,0.0,,,0.0,0.0,0.0,0.0,0.0,,,0.0,0.0,0.0,,0.0,0.0,,0.0,0.0,0.010721533559262753,,0.0,0.0,0.0,0.0,,0.0,0.0,,0.0,0.0,0.0,0.000222572882194072,0.004138255026191473,0.0,0.0,0.0,0.0,0.0,0.0,0.0,0.0,,0.01636638306081295,,0.0,0.013081780634820461,0.00596213573589921,0.0,0.0,0.0,0.00783260352909565,0.013072560541331768,0.0,0.01504174992442131,0.0,,0.0,,0.0,0.007702955510467291,0.0,,0.0,0.0,0.0,0.0064319828525185585,0.0,0.0,0.0,0.0,0.006455377209931612,0.002276746090501547,0.0,,,0.0,0.0,0.0,,,,0.0,0.0,,0.0,,0.0,,0.0,,,0.0,,,,,0.0,,0.0,0.009475049562752247,0.0,,0.0,0.0,0.0006172159337438643,,0.011276694014668465,0.0,,0.0,0.008886725641787052,0.0,,,0.0,,0.01935204491019249,0.0,0.0,,0.0,0.0019069688860327005,,,,0.0,0.0,0.0,0.0,0.0,7.387471123365685e-05,,,,0.007764055393636227,0.0,,0.0,,0.0,0.0,0.0,0.0,,,0.0,0.0,,,0.0,,0.0,,0.0,0.0,0.0,0.0,0.0,0.0,0.0,,0.0,0.010640541091561317,0.0,0.0,0.0,,,0.0,0.0,0.0,0.0,0.004161264281719923,0.0073729087598621845,,,,0.007771022617816925,0.0,0.0,0.0,,,0.008342444896697998,0.0,0.0,,0.0,,,,,0.0,0.013751369901001453,0.0,,0.0,,,0.0,,0.006028351373970509,0.0,0.0,0.0,,0.006963010877370834,0.0,,0.0,0.0,0.0,0.0,0.0,,0.0025301980786025524,0.0,0.0,,0.0,0.0,0.0,0.0,0.0,0.0,0.0,,0.0009805925656110048,0.0,0.0,0.007419695612043142,0.0,0.0,0.0,,0.0,0.0,0.0,0.010489208623766899,0.0,0.0,0.0,0.0,0.0,0.0,0.00028485566144809127,0.0,0.0,0.0,,0.0,0.0,0.0,0.0,0.0,0.0,0.0,0.0,0.0,0.004446286242455244,0.0,0.0,0.0,,0.0,0.006903916597366333,,0.0032303640618920326,0.0,0.0,0.0,0.0,0.0,0.007855664007365704,0.0,0.0,0.0,0.011428353376686573,0.0,0.014265907928347588,0.0,0.0,0.0,0.0,0.0,0.0,0.0,0.0,0.0,0.0,0.0,0.0,0.0071387211792171,0.0,0.0,0.0,0.010663309134542942,0.009583434090018272,0.0,0.00991410668939352,0.0,0.0,0.0,0.019269602373242378,0.0,0.0,0.0,0.0,0.0,0.0,0.0,0.0,0.004451911896467209,0.0,0.0,0.0,0.0,0.0,0.015617968514561653,0.0,0.008543897420167923,0.0,0.0,0.017431413754820824,0.0,0.0,0.0,0.0,0.0,0.011158911511301994,0.0,0.006921166554093361,0.0,0.013884417712688446,0.0,0.0,0.0,0.0,0.0,0.017269155010581017,0.0,0.00583390099927783,0.0,0.0,,,,,,,,,,,,,,,,,,,,,,,,,,,,,,,,,,,,,,,,,,,,,,,,,,,,,,,,,,,,,,,,,,,,,,,,,,,,,,,,,,,,,,,,,,,,,,,,,,,,,,,,,,,,,,,,,,,,,,,,,,,,,,
2021-12-17,838714.5519989954,60.346806793703514,,,,,,,,,,,76494.84123570709,,1039061.7711000025,,,,,,,,,,,,,,,,,,,,,,,,,,,,,,,,,,,,,,,,,,,3089.6966726842743,,,,,,,,,,,,,,,,,,,,,,26590.821596848713,9685.062433500902,4032.3384669051707,8201.903712248382,3882.4650165091443,47277.82484212359,29213.59401121504,8255.504825912014,35930.86223587339,,,,,,,,,,,,,,,,,,,,,,,,,,,,,,,,,,,,0.007672586012631655,0.0,0.0,0.01092440728098154,0.0,0.0,0.0,0.0,0.0,0.0,0.0,0.0,0.0,0.0,0.0,0.0,,0.0,,0.0,,0.0,0.0,0.0,0.010507198981940746,0.0,,0.0,0.0,0.010712611488997936,0.0,0.012846814468502998,0.0,,0.0,,,,0.0,0.0,0.0,,0.0,0.0,0.0012285824632272124,0.009027548134326935,0.0,,,0.0,,0.0,0.0,0.0,0.0,0.0,0.0,0.0,0.0,0.006439491640776396,0.015234255231916904,0.0,0.0,0.0,,0.011381476186215878,0.0,0.0,0.0,0.015055594965815544,,0.0005889178719371557,0.0,,0.0,0.0,0.0,0.0,,0.0,0.0,0.0,,0.0,,0.0,0.0,,0.0,,0.0,0.0,0.0030229962430894375,0.01743323914706707,0.0,0.012673601508140564,0.0,0.016194811090826988,0.0,,,0.009300514124333858,0.0,,,,,0.0,0.0,0.0,0.0,0.0,0.0,0.0,0.0,0.0,,0.012146583758294582,0.0019998527131974697,0.0,,0.019029388204216957,0.0,0.0015352413756772876,0.0,0.0,0.0,,0.002669151872396469,,0.014855947345495224,0.0,0.0,0.01175154373049736,,0.0,0.0,,0.0,0.0,0.0,0.0,0.0,0.0001421356719220057,0.0011042432161048055,0.0,0.0,0.0046468619257211685,0.003770541399717331,0.0,0.0012880248250439763,,0.02132318913936615,0.0,0.004850889090448618,0.0,,0.0,0.007785265799611807,0.0,0.0,0.0,0.0,0.0061191171407699585,0.0,0.0,0.0,,0.015078713186085224,0.0,0.0,,,,0.006918592378497124,0.002163069089874625,,0.0,0.0,0.0,0.0,,0.0,,0.0,0.0,0.013318006880581379,0.0,0.0,0.0,,,,0.0,0.01897398941218853,0.0,0.0,0.0,,0.0,0.008289680816233158,0.007186546456068754,0.0,,0.0,0.015495573170483112,0.0,0.0,0.0,,0.002988440217450261,0.0071138362400233746,0.006663523148745298,0.0,,0.0029522741679102182,0.007444577291607857,0.00870683416724205,0.0,0.015951599925756454,0.0,,0.0,0.0,0.0,0.0,0.0,0.0,,0.0,,0.005740217864513397,0.007723913062363863,0.0016765532782301307,0.0,0.0,0.0,0.0,,0.0,0.011521018110215664,0.0028374833054840565,,,0.0,0.0,0.0,0.0,0.0,0.0,0.0,0.0,0.0,,0.0,0.0,0.0014217449352145195,,0.0,0.0,0.0,0.015036061406135559,0.0,0.0,0.0,,,0.0,0.002523822244256735,0.0,0.0,0.0,,0.012212172150611877,,0.010441260412335396,0.0,,0.0,0.0001980172237381339,0.0,0.0,,,0.0,0.009777898900210857,,0.011562291532754898,0.0,,,0.0,0.021612513810396194,0.0,0.0,0.0,0.0,0.0,,,0.0,0.0,0.0,0.0,0.0,,,0.0,0.0,0.0,,0.0,0.0,,0.0,0.0,0.010721533559262753,,0.0,0.0,0.0,0.0,,0.0,0.0,,0.0,0.0,0.0,0.000222572882194072,0.004138255026191473,0.0,0.0,0.0,0.0,0.0,0.0,0.0,0.0,,0.01636638306081295,,0.0,0.013081780634820461,0.00596213573589921,0.0,0.0,0.0,0.00783260352909565,0.013072560541331768,0.0,0.01504174992442131,0.0,,0.0,,0.0,0.007702955510467291,0.0,,0.0,0.0,0.0,0.0064319828525185585,0.0,0.0,0.0,0.0,0.006455377209931612,0.002276746090501547,0.0,,,0.0,0.0,0.0,,,,0.0,0.0,,0.0,,0.0,,0.0,,,0.0,,,,,0.0,,0.0,0.009475049562752247,0.0,,0.0,0.0,0.0006172159337438643,,0.011276694014668465,0.0,,0.0,0.008886725641787052,0.0,,,0.0,,0.01935204491019249,0.0,0.0,,0.0,0.0019069688860327005,,,,0.0,0.0,0.0,0.0,0.0,7.387471123365685e-05,,,,0.007764055393636227,0.0,,0.0,,0.0,0.0,0.0,0.0,,,0.0,0.0,,,0.0,,0.0,,0.0,0.0,0.0,0.0,0.0,0.0,0.0,,0.0,0.010640541091561317,0.0,0.0,0.0,,,0.0,0.0,0.0,0.0,0.004161264281719923,0.0073729087598621845,,,,0.007771022617816925,0.0,0.0,0.0,,,0.008342444896697998,0.0,0.0,,0.0,,,,,0.0,0.013751369901001453,0.0,,0.0,,,0.0,,0.006028351373970509,0.0,0.0,0.0,,0.006963010877370834,0.0,,0.0,0.0,0.0,0.0,0.0,,0.0025301980786025524,0.0,0.0,,0.0,0.0,0.0,0.0,0.0,0.0,0.0,,0.0009805925656110048,0.0,0.0,0.007419695612043142,0.0,0.0,0.0,,0.0,0.0,0.0,0.010489208623766899,0.0,0.0,0.0,0.0,0.0,0.0,0.00028485566144809127,0.0,0.0,0.0,,0.0,0.0,0.0,0.0,0.0,0.0,0.0,0.0,0.0,0.004446286242455244,0.0,0.0,0.0,,0.0,0.006903916597366333,,0.0032303640618920326,0.0,0.0,0.0,0.0,0.0,0.007855664007365704,0.0,0.0,0.0,0.011428353376686573,0.0,0.014265907928347588,0.0,0.0,0.0,0.0,0.0,0.0,0.0,0.0,0.0,0.0,0.0,0.0,0.0071387211792171,0.0,0.0,0.0,0.010663309134542942,0.009583434090018272,0.0,0.00991410668939352,0.0,0.0,0.0,0.019269602373242378,0.0,0.0,0.0,0.0,0.0,0.0,0.0,0.0,0.004451911896467209,0.0,0.0,0.0,0.0,0.0,0.015617968514561653,0.0,0.008543897420167923,0.0,0.0,0.017431413754820824,0.0,0.0,0.0,0.0,0.0,0.011158911511301994,0.0,0.006921166554093361,0.0,0.013884417712688446,0.0,0.0,0.0,0.0,0.0,0.017269155010581017,0.0,0.00583390099927783,0.0,0.0,,,,,,,,,,,,,,,,,,,,,,,,,,,,,,,,,,,,,,,,,,,,,,,,,,,,,,,,,,,,,,,,,,,,,,,,,,,,,,,,,,,,,,,,,,,,,,,,,,,,,,,,,,,,,,,,,,,,,,,,,,,,,,
2021-12-20,834352.2999465314,59.6003497963663,,,,,,,,,,,76494.84123570709,,1039061.7711000025,,,,,,,,,,,,,,,,,,,,,,,,,,,,,,,,,,,,,,,,,,,3089.6966726842743,,,,,,,,,,,,,,,,,,,,,,26591.058663254462,9685.062433500902,4032.3384669051707,8201.903712248382,3882.4650165091443,47277.82484212359,29213.59401121504,8255.504825912014,35930.86223587339,,,,,,,,,,,,,,,,,,,,,,,,,,,,,,,,,,,,0.007672586012631655,0.0,0.0,0.01092440728098154,0.0,0.0,0.0,0.0,0.0,0.0,0.0,0.0,0.0,0.0,0.0,0.0,,0.0,,0.0,,0.0,0.0,0.0,0.010507198981940746,0.0,,0.0,0.0,0.010712611488997936,0.0,0.012846814468502998,0.0,,0.0,,,,0.0,0.0,0.0,,0.0,0.0,0.0012285824632272124,0.009027548134326935,0.0,,,0.0,,0.0,0.0,0.0,0.0,0.0,0.0,0.0,0.0,0.006439491640776396,0.015234255231916904,0.0,0.0,0.0,,0.011381476186215878,0.0,0.0,0.0,0.015055594965815544,,0.0005889178719371557,0.0,,0.0,0.0,0.0,0.0,,0.0,0.0,0.0,,0.0,,0.0,0.0,,0.0,,0.0,0.0,0.0030229962430894375,0.01743323914706707,0.0,0.012673601508140564,0.0,0.016194811090826988,0.0,,,0.009300514124333858,0.0,,,,,0.0,0.0,0.0,0.0,0.0,0.0,0.0,0.0,0.0,,0.012146583758294582,0.0019998527131974697,0.0,,0.019029388204216957,0.0,0.0015352413756772876,0.0,0.0,0.0,,0.002669151872396469,,0.014855947345495224,0.0,0.0,0.01175154373049736,,0.0,0.0,,0.0,0.0,0.0,0.0,0.0,0.0001421356719220057,0.0011042432161048055,0.0,0.0,0.0046468619257211685,0.003770541399717331,0.0,0.0012880248250439763,,0.02132318913936615,0.0,0.004850889090448618,0.0,,0.0,0.007785265799611807,0.0,0.0,0.0,0.0,0.0061191171407699585,0.0,0.0,0.0,,0.015078713186085224,0.0,0.0,,,,0.006918592378497124,0.002163069089874625,,0.0,0.0,0.0,0.0,,0.0,,0.0,0.0,0.013318006880581379,0.0,0.0,0.0,,,,0.0,0.01897398941218853,0.0,0.0,0.0,,0.0,0.008289680816233158,0.007186546456068754,0.0,,0.0,0.015495573170483112,0.0,0.0,0.0,,0.002988440217450261,0.0071138362400233746,0.006663523148745298,0.0,,0.0029522741679102182,0.007444577291607857,0.00870683416724205,0.0,0.015951599925756454,0.0,,0.0,0.0,0.0,0.0,0.0,0.0,,0.0,,0.005740217864513397,0.007723913062363863,0.0016765532782301307,0.0,0.0,0.0,0.0,,0.0,0.011521018110215664,0.0028374833054840565,,,0.0,0.0,0.0,0.0,0.0,0.0,0.0,0.0,0.0,,0.0,0.0,0.0014217449352145195,,0.0,0.0,0.0,0.015036061406135559,0.0,0.0,0.0,,,0.0,0.002523822244256735,0.0,0.0,0.0,,0.012212172150611877,,0.010441260412335396,0.0,,0.0,0.0001980172237381339,0.0,0.0,,,0.0,0.009777898900210857,,0.011562291532754898,0.0,,,0.0,0.021612513810396194,0.0,0.0,0.0,0.0,0.0,,,0.0,0.0,0.0,0.0,0.0,,,0.0,0.0,0.0,,0.0,0.0,,0.0,0.0,0.010721533559262753,,0.0,0.0,0.0,0.0,,0.0,0.0,,0.0,0.0,0.0,0.000222572882194072,0.004138255026191473,0.0,0.0,0.0,0.0,0.0,0.0,0.0,0.0,,0.01636638306081295,,0.0,0.013081780634820461,0.00596213573589921,0.0,0.0,0.0,0.00783260352909565,0.013072560541331768,0.0,0.01504174992442131,0.0,,0.0,,0.0,0.007702955510467291,0.0,,0.0,0.0,0.0,0.0064319828525185585,0.0,0.0,0.0,0.0,0.006455377209931612,0.002276746090501547,0.0,,,0.0,0.0,0.0,,,,0.0,0.0,,0.0,,0.0,,0.0,,,0.0,,,,,0.0,,0.0,0.009475049562752247,0.0,,0.0,0.0,0.0006172159337438643,,0.011276694014668465,0.0,,0.0,0.008886725641787052,0.0,,,0.0,,0.01935204491019249,0.0,0.0,,0.0,0.0019069688860327005,,,,0.0,0.0,0.0,0.0,0.0,7.387471123365685e-05,,,,0.007764055393636227,0.0,,0.0,,0.0,0.0,0.0,0.0,,,0.0,0.0,,,0.0,,0.0,,0.0,0.0,0.0,0.0,0.0,0.0,0.0,,0.0,0.010640541091561317,0.0,0.0,0.0,,,0.0,0.0,0.0,0.0,0.004161264281719923,0.0073729087598621845,,,,0.007771022617816925,0.0,0.0,0.0,,,0.008342444896697998,0.0,0.0,,0.0,,,,,0.0,0.013751369901001453,0.0,,0.0,,,0.0,,0.006028351373970509,0.0,0.0,0.0,,0.006963010877370834,0.0,,0.0,0.0,0.0,0.0,0.0,,0.0025301980786025524,0.0,0.0,,0.0,0.0,0.0,0.0,0.0,0.0,0.0,,0.0009805925656110048,0.0,0.0,0.007419695612043142,0.0,0.0,0.0,,0.0,0.0,0.0,0.010489208623766899,0.0,0.0,0.0,0.0,0.0,0.0,0.00028485566144809127,0.0,0.0,0.0,,0.0,0.0,0.0,0.0,0.0,0.0,0.0,0.0,0.0,0.004446286242455244,0.0,0.0,0.0,,0.0,0.006903916597366333,,0.0032303640618920326,0.0,0.0,0.0,0.0,0.0,0.007855664007365704,0.0,0.0,0.0,0.011428353376686573,0.0,0.014265907928347588,0.0,0.0,0.0,0.0,0.0,0.0,0.0,0.0,0.0,0.0,0.0,0.0,0.0071387211792171,0.0,0.0,0.0,0.010663309134542942,0.009583434090018272,0.0,0.00991410668939352,0.0,0.0,0.0,0.019269602373242378,0.0,0.0,0.0,0.0,0.0,0.0,0.0,0.0,0.004451911896467209,0.0,0.0,0.0,0.0,0.0,0.015617968514561653,0.0,0.008543897420167923,0.0,0.0,0.017431413754820824,0.0,0.0,0.0,0.0,0.0,0.011158911511301994,0.0,0.006921166554093361,0.0,0.013884417712688446,0.0,0.0,0.0,0.0,0.0,0.017269155010581017,0.0,0.00583390099927783,0.0,0.0,,,,,,,,,,,,,,,,,,,,,,,,,,,,,,,,,,,,,,,,,,,,,,,,,,,,,,,,,,,,,,,,,,,,,,,,,,,,,,,,,,,,,,,,,,,,,,,,,,,,,,,,,,,,,,,,,,,,,,,,,,,,,,
2021-12-21,853078.1962478792,320.0358331895246,,,,,,,,,,,76494.84123570709,,1039061.7711000025,,,,,,,,,,,,,,,,,,,,,,,,,,,,,,,,,,,,,,,,,,,3089.6966726842743,,,,,,,,,,,,,,,,,,,,,,26592.050077660973,9685.062433500902,4032.3384669051707,8201.903712248382,3882.4650165091443,47277.82484212359,29121.15958950665,8255.504825912014,35930.86223587339,,,,,,,,,,,,,,,,,,,,,,,,,,,,,,,,,,,,0.007672586012631655,0.0,0.0,0.01092440728098154,0.0,0.0,0.0,0.0,0.0,0.0,0.0,0.0,0.0,0.0,0.0,0.0,,0.0,,0.0,,0.0,0.0,0.0,0.010507198981940746,0.0,,0.0,0.0,0.010712611488997936,0.0,0.012846814468502998,0.0,,0.0,,,,0.0,0.0,0.0,,0.0,0.0,0.0012285824632272124,0.009027548134326935,0.0,,,0.0,,0.0,0.0,0.0,0.0,0.0,0.0,0.0,0.0,0.006439491640776396,0.015234255231916904,0.0,0.0,0.0,,0.011381476186215878,0.0,0.0,0.0,0.015055594965815544,,0.0005889178719371557,0.0,,0.0,0.0,0.0,0.0,,0.0,0.0,0.0,,0.0,,0.0,0.0,,0.0,,0.0,0.0,0.0030229962430894375,0.01743323914706707,0.0,0.012673601508140564,0.0,0.016194811090826988,0.0,,,0.009300514124333858,0.0,,,,,0.0,0.0,0.0,0.0,0.0,0.0,0.0,0.0,0.0,,0.012146583758294582,0.0019998527131974697,0.0,,0.019029388204216957,0.0,0.0015352413756772876,0.0,0.0,0.0,,0.002669151872396469,,0.014855947345495224,0.0,0.0,0.01175154373049736,,0.0,0.0,,0.0,0.0,0.0,0.0,0.0,0.0001421356719220057,0.0011042432161048055,0.0,0.0,0.0046468619257211685,0.003770541399717331,0.0,0.0012880248250439763,,0.02132318913936615,0.0,0.004850889090448618,0.0,,0.0,0.007785265799611807,0.0,0.0,0.0,0.0,0.0061191171407699585,0.0,0.0,0.0,,0.015078713186085224,0.0,0.0,,,,0.006918592378497124,0.002163069089874625,,0.0,0.0,0.0,0.0,,0.0,,0.0,0.0,0.013318006880581379,0.0,0.0,0.0,,,,0.0,0.01897398941218853,0.0,0.0,0.0,,0.0,0.008289680816233158,0.007186546456068754,0.0,,0.0,0.015495573170483112,0.0,0.0,0.0,,0.002988440217450261,0.0071138362400233746,0.006663523148745298,0.0,,0.0029522741679102182,0.007444577291607857,0.00870683416724205,0.0,0.015951599925756454,0.0,,0.0,0.0,0.0,0.0,0.0,0.0,,0.0,,0.005740217864513397,0.007723913062363863,0.0016765532782301307,0.0,0.0,0.0,0.0,,0.0,0.011521018110215664,0.0028374833054840565,,,0.0,0.0,0.0,0.0,0.0,0.0,0.0,0.0,0.0,,0.0,0.0,0.0014217449352145195,,0.0,0.0,0.0,0.015036061406135559,0.0,0.0,0.0,,,0.0,0.002523822244256735,0.0,0.0,0.0,,0.012212172150611877,,0.010441260412335396,0.0,,0.0,0.0001980172237381339,0.0,0.0,,,0.0,0.009777898900210857,,0.011562291532754898,0.0,,,0.0,0.021612513810396194,0.0,0.0,0.0,0.0,0.0,,,0.0,0.0,0.0,0.0,0.0,,,0.0,0.0,0.0,,0.0,0.0,,0.0,0.0,0.010721533559262753,,0.0,0.0,0.0,0.0,,0.0,0.0,,0.0,0.0,0.0,0.000222572882194072,0.004138255026191473,0.0,0.0,0.0,0.0,0.0,0.0,0.0,0.0,,0.01636638306081295,,0.0,0.013081780634820461,0.00596213573589921,0.0,0.0,0.0,0.00783260352909565,0.013072560541331768,0.0,0.01504174992442131,0.0,,0.0,,0.0,0.007702955510467291,0.0,,0.0,0.0,0.0,0.0064319828525185585,0.0,0.0,0.0,0.0,0.006455377209931612,0.002276746090501547,0.0,,,0.0,0.0,0.0,,,,0.0,0.0,,0.0,,0.0,,0.0,,,0.0,,,,,0.0,,0.0,0.009475049562752247,0.0,,0.0,0.0,0.0006172159337438643,,0.011276694014668465,0.0,,0.0,0.008886725641787052,0.0,,,0.0,,0.01935204491019249,0.0,0.0,,0.0,0.0019069688860327005,,,,0.0,0.0,0.0,0.0,0.0,7.387471123365685e-05,,,,0.007764055393636227,0.0,,0.0,,0.0,0.0,0.0,0.0,,,0.0,0.0,,,0.0,,0.0,,0.0,0.0,0.0,0.0,0.0,0.0,0.0,,0.0,0.010640541091561317,0.0,0.0,0.0,,,0.0,0.0,0.0,0.0,0.004161264281719923,0.0073729087598621845,,,,0.007771022617816925,0.0,0.0,0.0,,,0.008342444896697998,0.0,0.0,,0.0,,,,,0.0,0.013751369901001453,0.0,,0.0,,,0.0,,0.006028351373970509,0.0,0.0,0.0,,0.006963010877370834,0.0,,0.0,0.0,0.0,0.0,0.0,,0.0025301980786025524,0.0,0.0,,0.0,0.0,0.0,0.0,0.0,0.0,0.0,,0.0009805925656110048,0.0,0.0,0.007419695612043142,0.0,0.0,0.0,,0.0,0.0,0.0,0.010489208623766899,0.0,0.0,0.0,0.0,0.0,0.0,0.00028485566144809127,0.0,0.0,0.0,,0.0,0.0,0.0,0.0,0.0,0.0,0.0,0.0,0.0,0.004446286242455244,0.0,0.0,0.0,,0.0,0.006903916597366333,,0.0032303640618920326,0.0,0.0,0.0,0.0,0.0,0.007855664007365704,0.0,0.0,0.0,0.011428353376686573,0.0,0.014265907928347588,0.0,0.0,0.0,0.0,0.0,0.0,0.0,0.0,0.0,0.0,0.0,0.0,0.0071387211792171,0.0,0.0,0.0,0.010663309134542942,0.009583434090018272,0.0,0.00991410668939352,0.0,0.0,0.0,0.019269602373242378,0.0,0.0,0.0,0.0,0.0,0.0,0.0,0.0,0.004451911896467209,0.0,0.0,0.0,0.0,0.0,0.015617968514561653,0.0,0.008543897420167923,0.0,0.0,0.017431413754820824,0.0,0.0,0.0,0.0,0.0,0.011158911511301994,0.0,0.006921166554093361,0.0,0.013884417712688446,0.0,0.0,0.0,0.0,0.0,0.017269155010581017,0.0,0.00583390099927783,0.0,0.0,,,,,,,,,,,,,,,,,,,,,,,,,,,,,,,,,,,,,,,,,,,,,,,,,,,,,,,,,,,,,,,,,,,,,,,,,,,,,,,,,,,,,,,,,,,,,,,,,,,,,,,,,,,,,,,,,,,,,,,,,,,,,,
2021-12-22,846830.1588120376,11.714743378585354,,,,,,,,,,,76494.84123570709,,1039061.7711000025,,,,,,,,,,,,,,,,,,,,,,,,,,,,,,,,,,,,,,,,,,,3089.6966726842743,,,,,,,,,,,,,,,,,,,,,,26591.918363759363,9685.062433500902,4032.3384669051707,8201.903712248382,3882.4650165091443,47277.82484212359,27983.110191251388,8651.772208592209,35930.86223587339,,,,,,,,,,,,,,,,,,,,,,,,,,,,,,,,,,,,0.007672586012631655,0.0,0.0,0.01092440728098154,0.0,0.0,0.0,0.0,0.0,0.0,0.0,0.0,0.0,0.0,0.0,0.0,,0.0,,0.0,,0.0,0.0,0.0,0.010507198981940746,0.0,,0.0,0.0,0.010712611488997936,0.0,0.012846814468502998,0.0,,0.0,,,,0.0,0.0,0.0,,0.0,0.0,0.0012285824632272124,0.009027548134326935,0.0,,,0.0,,0.0,0.0,0.0,0.0,0.0,0.0,0.0,0.0,0.006439491640776396,0.015234255231916904,0.0,0.0,0.0,,0.011381476186215878,0.0,0.0,0.0,0.015055594965815544,,0.0005889178719371557,0.0,,0.0,0.0,0.0,0.0,,0.0,0.0,0.0,,0.0,,0.0,0.0,,0.0,,0.0,0.0,0.0030229962430894375,0.01743323914706707,0.0,0.012673601508140564,0.0,0.016194811090826988,0.0,,,0.009300514124333858,0.0,,,,,0.0,0.0,0.0,0.0,0.0,0.0,0.0,0.0,0.0,,0.012146583758294582,0.0019998527131974697,0.0,,0.019029388204216957,0.0,0.0015352413756772876,0.0,0.0,0.0,,0.002669151872396469,,0.014855947345495224,0.0,0.0,0.01175154373049736,,0.0,0.0,,0.0,0.0,0.0,0.0,0.0,0.0001421356719220057,0.0011042432161048055,0.0,0.0,0.0046468619257211685,0.003770541399717331,0.0,0.0012880248250439763,,0.02132318913936615,0.0,0.004850889090448618,0.0,,0.0,0.007785265799611807,0.0,0.0,0.0,0.0,0.0061191171407699585,0.0,0.0,0.0,,0.015078713186085224,0.0,0.0,,,,0.006918592378497124,0.002163069089874625,,0.0,0.0,0.0,0.0,,0.0,,0.0,0.0,0.013318006880581379,0.0,0.0,0.0,,,,0.0,0.01897398941218853,0.0,0.0,0.0,,0.0,0.008289680816233158,0.007186546456068754,0.0,,0.0,0.015495573170483112,0.0,0.0,0.0,,0.002988440217450261,0.0071138362400233746,0.006663523148745298,0.0,,0.0029522741679102182,0.007444577291607857,0.00870683416724205,0.0,0.015951599925756454,0.0,,0.0,0.0,0.0,0.0,0.0,0.0,,0.0,,0.005740217864513397,0.007723913062363863,0.0016765532782301307,0.0,0.0,0.0,0.0,,0.0,0.011521018110215664,0.0028374833054840565,,,0.0,0.0,0.0,0.0,0.0,0.0,0.0,0.0,0.0,,0.0,0.0,0.0014217449352145195,,0.0,0.0,0.0,0.015036061406135559,0.0,0.0,0.0,,,0.0,0.002523822244256735,0.0,0.0,0.0,,0.012212172150611877,,0.010441260412335396,0.0,,0.0,0.0001980172237381339,0.0,0.0,,,0.0,0.009777898900210857,,0.011562291532754898,0.0,,,0.0,0.021612513810396194,0.0,0.0,0.0,0.0,0.0,,,0.0,0.0,0.0,0.0,0.0,,,0.0,0.0,0.0,,0.0,0.0,,0.0,0.0,0.010721533559262753,,0.0,0.0,0.0,0.0,,0.0,0.0,,0.0,0.0,0.0,0.000222572882194072,0.004138255026191473,0.0,0.0,0.0,0.0,0.0,0.0,0.0,0.0,,0.01636638306081295,,0.0,0.013081780634820461,0.00596213573589921,0.0,0.0,0.0,0.00783260352909565,0.013072560541331768,0.0,0.01504174992442131,0.0,,0.0,,0.0,0.007702955510467291,0.0,,0.0,0.0,0.0,0.0064319828525185585,0.0,0.0,0.0,0.0,0.006455377209931612,0.002276746090501547,0.0,,,0.0,0.0,0.0,,,,0.0,0.0,,0.0,,0.0,,0.0,,,0.0,,,,,0.0,,0.0,0.009475049562752247,0.0,,0.0,0.0,0.0006172159337438643,,0.011276694014668465,0.0,,0.0,0.008886725641787052,0.0,,,0.0,,0.01935204491019249,0.0,0.0,,0.0,0.0019069688860327005,,,,0.0,0.0,0.0,0.0,0.0,7.387471123365685e-05,,,,0.007764055393636227,0.0,,0.0,,0.0,0.0,0.0,0.0,,,0.0,0.0,,,0.0,,0.0,,0.0,0.0,0.0,0.0,0.0,0.0,0.0,,0.0,0.010640541091561317,0.0,0.0,0.0,,,0.0,0.0,0.0,0.0,0.004161264281719923,0.0073729087598621845,,,,0.007771022617816925,0.0,0.0,0.0,,,0.008342444896697998,0.0,0.0,,0.0,,,,,0.0,0.013751369901001453,0.0,,0.0,,,0.0,,0.006028351373970509,0.0,0.0,0.0,,0.006963010877370834,0.0,,0.0,0.0,0.0,0.0,0.0,,0.0025301980786025524,0.0,0.0,,0.0,0.0,0.0,0.0,0.0,0.0,0.0,,0.0009805925656110048,0.0,0.0,0.007419695612043142,0.0,0.0,0.0,,0.0,0.0,0.0,0.010489208623766899,0.0,0.0,0.0,0.0,0.0,0.0,0.00028485566144809127,0.0,0.0,0.0,,0.0,0.0,0.0,0.0,0.0,0.0,0.0,0.0,0.0,0.004446286242455244,0.0,0.0,0.0,,0.0,0.006903916597366333,,0.0032303640618920326,0.0,0.0,0.0,0.0,0.0,0.007855664007365704,0.0,0.0,0.0,0.011428353376686573,0.0,0.014265907928347588,0.0,0.0,0.0,0.0,0.0,0.0,0.0,0.0,0.0,0.0,0.0,0.0,0.0071387211792171,0.0,0.0,0.0,0.010663309134542942,0.009583434090018272,0.0,0.00991410668939352,0.0,0.0,0.0,0.019269602373242378,0.0,0.0,0.0,0.0,0.0,0.0,0.0,0.0,0.004451911896467209,0.0,0.0,0.0,0.0,0.0,0.015617968514561653,0.0,0.008543897420167923,0.0,0.0,0.017431413754820824,0.0,0.0,0.0,0.0,0.0,0.011158911511301994,0.0,0.006921166554093361,0.0,0.013884417712688446,0.0,0.0,0.0,0.0,0.0,0.017269155010581017,0.0,0.00583390099927783,0.0,0.0,,,,,,,,,,,,,,,,,,,,,,,,,,,,,,,,,,,,,,,,,,,,,,,,,,,,,,,,,,,,,,,,,,,,,,,,,,,,,,,,,,,,,,,,,,,,,,,,,,,,,,,,,,,,,,,,,,,,,,,,,,,,,,
2021-12-23,847233.9604068341,11.921134282991122,,,,,,,,,,,76494.84123570709,,1039061.7711000025,,,,,,,,,,,,,,,,,,,,,,,,,,,,,,,,,,,,,,,,,,,3089.6966726842743,,,,,,,,,,,,,,,,,,,,,,26591.853704685156,9685.062433500902,4032.3384669051707,8201.903712248382,3882.4650165091443,47277.82484212359,27983.110191251388,8651.772208592209,35930.86223587339,,,,,,,,,,,,,,,,,,,,,,,,,,,,,,,,,,,,0.007672586012631655,0.0,0.0,0.01092440728098154,0.0,0.0,0.0,0.0,0.0,0.0,0.0,0.0,0.0,0.0,0.0,0.0,,0.0,,0.0,,0.0,0.0,0.0,0.010507198981940746,0.0,,0.0,0.0,0.010712611488997936,0.0,0.012846814468502998,0.0,,0.0,,,,0.0,0.0,0.0,,0.0,0.0,0.0012285824632272124,0.009027548134326935,0.0,,,0.0,,0.0,0.0,0.0,0.0,0.0,0.0,0.0,0.0,0.006439491640776396,0.015234255231916904,0.0,0.0,0.0,,0.011381476186215878,0.0,0.0,0.0,0.015055594965815544,,0.0005889178719371557,0.0,,0.0,0.0,0.0,0.0,,0.0,0.0,0.0,,0.0,,0.0,0.0,,0.0,,0.0,0.0,0.0030229962430894375,0.01743323914706707,0.0,0.012673601508140564,0.0,0.016194811090826988,0.0,,,0.009300514124333858,0.0,,,,,0.0,0.0,0.0,0.0,0.0,0.0,0.0,0.0,0.0,,0.012146583758294582,0.0019998527131974697,0.0,,0.019029388204216957,0.0,0.0015352413756772876,0.0,0.0,0.0,,0.002669151872396469,,0.014855947345495224,0.0,0.0,0.01175154373049736,,0.0,0.0,,0.0,0.0,0.0,0.0,0.0,0.0001421356719220057,0.0011042432161048055,0.0,0.0,0.0046468619257211685,0.003770541399717331,0.0,0.0012880248250439763,,0.02132318913936615,0.0,0.004850889090448618,0.0,,0.0,0.007785265799611807,0.0,0.0,0.0,0.0,0.0061191171407699585,0.0,0.0,0.0,,0.015078713186085224,0.0,0.0,,,,0.006918592378497124,0.002163069089874625,,0.0,0.0,0.0,0.0,,0.0,,0.0,0.0,0.013318006880581379,0.0,0.0,0.0,,,,0.0,0.01897398941218853,0.0,0.0,0.0,,0.0,0.008289680816233158,0.007186546456068754,0.0,,0.0,0.015495573170483112,0.0,0.0,0.0,,0.002988440217450261,0.0071138362400233746,0.006663523148745298,0.0,,0.0029522741679102182,0.007444577291607857,0.00870683416724205,0.0,0.015951599925756454,0.0,,0.0,0.0,0.0,0.0,0.0,0.0,,0.0,,0.005740217864513397,0.007723913062363863,0.0016765532782301307,0.0,0.0,0.0,0.0,,0.0,0.011521018110215664,0.0028374833054840565,,,0.0,0.0,0.0,0.0,0.0,0.0,0.0,0.0,0.0,,0.0,0.0,0.0014217449352145195,,0.0,0.0,0.0,0.015036061406135559,0.0,0.0,0.0,,,0.0,0.002523822244256735,0.0,0.0,0.0,,0.012212172150611877,,0.010441260412335396,0.0,,0.0,0.0001980172237381339,0.0,0.0,,,0.0,0.009777898900210857,,0.011562291532754898,0.0,,,0.0,0.021612513810396194,0.0,0.0,0.0,0.0,0.0,,,0.0,0.0,0.0,0.0,0.0,,,0.0,0.0,0.0,,0.0,0.0,,0.0,0.0,0.010721533559262753,,0.0,0.0,0.0,0.0,,0.0,0.0,,0.0,0.0,0.0,0.000222572882194072,0.004138255026191473,0.0,0.0,0.0,0.0,0.0,0.0,0.0,0.0,,0.01636638306081295,,0.0,0.013081780634820461,0.00596213573589921,0.0,0.0,0.0,0.00783260352909565,0.013072560541331768,0.0,0.01504174992442131,0.0,,0.0,,0.0,0.007702955510467291,0.0,,0.0,0.0,0.0,0.0064319828525185585,0.0,0.0,0.0,0.0,0.006455377209931612,0.002276746090501547,0.0,,,0.0,0.0,0.0,,,,0.0,0.0,,0.0,,0.0,,0.0,,,0.0,,,,,0.0,,0.0,0.009475049562752247,0.0,,0.0,0.0,0.0006172159337438643,,0.011276694014668465,0.0,,0.0,0.008886725641787052,0.0,,,0.0,,0.01935204491019249,0.0,0.0,,0.0,0.0019069688860327005,,,,0.0,0.0,0.0,0.0,0.0,7.387471123365685e-05,,,,0.007764055393636227,0.0,,0.0,,0.0,0.0,0.0,0.0,,,0.0,0.0,,,0.0,,0.0,,0.0,0.0,0.0,0.0,0.0,0.0,0.0,,0.0,0.010640541091561317,0.0,0.0,0.0,,,0.0,0.0,0.0,0.0,0.004161264281719923,0.0073729087598621845,,,,0.007771022617816925,0.0,0.0,0.0,,,0.008342444896697998,0.0,0.0,,0.0,,,,,0.0,0.013751369901001453,0.0,,0.0,,,0.0,,0.006028351373970509,0.0,0.0,0.0,,0.006963010877370834,0.0,,0.0,0.0,0.0,0.0,0.0,,0.0025301980786025524,0.0,0.0,,0.0,0.0,0.0,0.0,0.0,0.0,0.0,,0.0009805925656110048,0.0,0.0,0.007419695612043142,0.0,0.0,0.0,,0.0,0.0,0.0,0.010489208623766899,0.0,0.0,0.0,0.0,0.0,0.0,0.00028485566144809127,0.0,0.0,0.0,,0.0,0.0,0.0,0.0,0.0,0.0,0.0,0.0,0.0,0.004446286242455244,0.0,0.0,0.0,,0.0,0.006903916597366333,,0.0032303640618920326,0.0,0.0,0.0,0.0,0.0,0.007855664007365704,0.0,0.0,0.0,0.011428353376686573,0.0,0.014265907928347588,0.0,0.0,0.0,0.0,0.0,0.0,0.0,0.0,0.0,0.0,0.0,0.0,0.0071387211792171,0.0,0.0,0.0,0.010663309134542942,0.009583434090018272,0.0,0.00991410668939352,0.0,0.0,0.0,0.019269602373242378,0.0,0.0,0.0,0.0,0.0,0.0,0.0,0.0,0.004451911896467209,0.0,0.0,0.0,0.0,0.0,0.015617968514561653,0.0,0.008543897420167923,0.0,0.0,0.017431413754820824,0.0,0.0,0.0,0.0,0.0,0.011158911511301994,0.0,0.006921166554093361,0.0,0.013884417712688446,0.0,0.0,0.0,0.0,0.0,0.017269155010581017,0.0,0.00583390099927783,0.0,0.0,,,,,,,,,,,,,,,,,,,,,,,,,,,,,,,,,,,,,,,,,,,,,,,,,,,,,,,,,,,,,,,,,,,,,,,,,,,,,,,,,,,,,,,,,,,,,,,,,,,,,,,,,,,,,,,,,,,,,,,,,,,,,,
2021-12-24,839561.6078799079,9.645137938852661,,,,,,,,,,,76494.84123570709,,1039061.7711000025,,,,,,,,,,,,,,,,,,,,,,,,,,,,,,,,,,,,,,,,,,,3089.6966726842743,,,,,,,,,,,,,,,,,,,,,,26592.564971796186,9685.062433500902,4032.3384669051707,8201.903712248382,3882.4650165091443,47277.82484212359,27983.110191251388,8651.772208592209,35930.86223587339,,,,,,,,,,,,,,,,,,,,,,,,,,,,,,,,,,,,0.007672586012631655,0.0,0.0,0.01092440728098154,0.0,0.0,0.0,0.0,0.0,0.0,0.0,0.0,0.0,0.0,0.0,0.0,,0.0,,0.0,,0.0,0.0,0.0,0.010507198981940746,0.0,,0.0,0.0,0.010712611488997936,0.0,0.012846814468502998,0.0,,0.0,,,,0.0,0.0,0.0,,0.0,0.0,0.0012285824632272124,0.009027548134326935,0.0,,,0.0,,0.0,0.0,0.0,0.0,0.0,0.0,0.0,0.0,0.006439491640776396,0.015234255231916904,0.0,0.0,0.0,,0.011381476186215878,0.0,0.0,0.0,0.015055594965815544,,0.0005889178719371557,0.0,,0.0,0.0,0.0,0.0,,0.0,0.0,0.0,,0.0,,0.0,0.0,,0.0,,0.0,0.0,0.0030229962430894375,0.01743323914706707,0.0,0.012673601508140564,0.0,0.016194811090826988,0.0,,,0.009300514124333858,0.0,,,,,0.0,0.0,0.0,0.0,0.0,0.0,0.0,0.0,0.0,,0.012146583758294582,0.0019998527131974697,0.0,,0.019029388204216957,0.0,0.0015352413756772876,0.0,0.0,0.0,,0.002669151872396469,,0.014855947345495224,0.0,0.0,0.01175154373049736,,0.0,0.0,,0.0,0.0,0.0,0.0,0.0,0.0001421356719220057,0.0011042432161048055,0.0,0.0,0.0046468619257211685,0.003770541399717331,0.0,0.0012880248250439763,,0.02132318913936615,0.0,0.004850889090448618,0.0,,0.0,0.007785265799611807,0.0,0.0,0.0,0.0,0.0061191171407699585,0.0,0.0,0.0,,0.015078713186085224,0.0,0.0,,,,0.006918592378497124,0.002163069089874625,,0.0,0.0,0.0,0.0,,0.0,,0.0,0.0,0.013318006880581379,0.0,0.0,0.0,,,,0.0,0.01897398941218853,0.0,0.0,0.0,,0.0,0.008289680816233158,0.007186546456068754,0.0,,0.0,0.015495573170483112,0.0,0.0,0.0,,0.002988440217450261,0.0071138362400233746,0.006663523148745298,0.0,,0.0029522741679102182,0.007444577291607857,0.00870683416724205,0.0,0.015951599925756454,0.0,,0.0,0.0,0.0,0.0,0.0,0.0,,0.0,,0.005740217864513397,0.007723913062363863,0.0016765532782301307,0.0,0.0,0.0,0.0,,0.0,0.011521018110215664,0.0028374833054840565,,,0.0,0.0,0.0,0.0,0.0,0.0,0.0,0.0,0.0,,0.0,0.0,0.0014217449352145195,,0.0,0.0,0.0,0.015036061406135559,0.0,0.0,0.0,,,0.0,0.002523822244256735,0.0,0.0,0.0,,0.012212172150611877,,0.010441260412335396,0.0,,0.0,0.0001980172237381339,0.0,0.0,,,0.0,0.009777898900210857,,0.011562291532754898,0.0,,,0.0,0.021612513810396194,0.0,0.0,0.0,0.0,0.0,,,0.0,0.0,0.0,0.0,0.0,,,0.0,0.0,0.0,,0.0,0.0,,0.0,0.0,0.010721533559262753,,0.0,0.0,0.0,0.0,,0.0,0.0,,0.0,0.0,0.0,0.000222572882194072,0.004138255026191473,0.0,0.0,0.0,0.0,0.0,0.0,0.0,0.0,,0.01636638306081295,,0.0,0.013081780634820461,0.00596213573589921,0.0,0.0,0.0,0.00783260352909565,0.013072560541331768,0.0,0.01504174992442131,0.0,,0.0,,0.0,0.007702955510467291,0.0,,0.0,0.0,0.0,0.0064319828525185585,0.0,0.0,0.0,0.0,0.006455377209931612,0.002276746090501547,0.0,,,0.0,0.0,0.0,,,,0.0,0.0,,0.0,,0.0,,0.0,,,0.0,,,,,0.0,,0.0,0.009475049562752247,0.0,,0.0,0.0,0.0006172159337438643,,0.011276694014668465,0.0,,0.0,0.008886725641787052,0.0,,,0.0,,0.01935204491019249,0.0,0.0,,0.0,0.0019069688860327005,,,,0.0,0.0,0.0,0.0,0.0,7.387471123365685e-05,,,,0.007764055393636227,0.0,,0.0,,0.0,0.0,0.0,0.0,,,0.0,0.0,,,0.0,,0.0,,0.0,0.0,0.0,0.0,0.0,0.0,0.0,,0.0,0.010640541091561317,0.0,0.0,0.0,,,0.0,0.0,0.0,0.0,0.004161264281719923,0.0073729087598621845,,,,0.007771022617816925,0.0,0.0,0.0,,,0.008342444896697998,0.0,0.0,,0.0,,,,,0.0,0.013751369901001453,0.0,,0.0,,,0.0,,0.006028351373970509,0.0,0.0,0.0,,0.006963010877370834,0.0,,0.0,0.0,0.0,0.0,0.0,,0.0025301980786025524,0.0,0.0,,0.0,0.0,0.0,0.0,0.0,0.0,0.0,,0.0009805925656110048,0.0,0.0,0.007419695612043142,0.0,0.0,0.0,,0.0,0.0,0.0,0.010489208623766899,0.0,0.0,0.0,0.0,0.0,0.0,0.00028485566144809127,0.0,0.0,0.0,,0.0,0.0,0.0,0.0,0.0,0.0,0.0,0.0,0.0,0.004446286242455244,0.0,0.0,0.0,,0.0,0.006903916597366333,,0.0032303640618920326,0.0,0.0,0.0,0.0,0.0,0.007855664007365704,0.0,0.0,0.0,0.011428353376686573,0.0,0.014265907928347588,0.0,0.0,0.0,0.0,0.0,0.0,0.0,0.0,0.0,0.0,0.0,0.0,0.0071387211792171,0.0,0.0,0.0,0.010663309134542942,0.009583434090018272,0.0,0.00991410668939352,0.0,0.0,0.0,0.019269602373242378,0.0,0.0,0.0,0.0,0.0,0.0,0.0,0.0,0.004451911896467209,0.0,0.0,0.0,0.0,0.0,0.015617968514561653,0.0,0.008543897420167923,0.0,0.0,0.017431413754820824,0.0,0.0,0.0,0.0,0.0,0.011158911511301994,0.0,0.006921166554093361,0.0,0.013884417712688446,0.0,0.0,0.0,0.0,0.0,0.017269155010581017,0.0,0.00583390099927783,0.0,0.0,,,,,,,,,,,,,,,,,,,,,,,,,,,,,,,,,,,,,,,,,,,,,,,,,,,,,,,,,,,,,,,,,,,,,,,,,,,,,,,,,,,,,,,,,,,,,,,,,,,,,,,,,,,,,,,,,,,,,,,,,,,,,,
2021-12-27,836447.5038543635,64.91522759285846,,,,,,,,,,,76494.84123570709,,1039061.7711000025,,,,,,,,,,,,,,,,,,,,,,,,,,,,,,,,,,,,,,,,,,,3089.6966726842743,,,,,,,,,,,,,,,,,,,,,,25988.158069048422,9685.062433500902,4032.3384669051707,8201.903712248382,3882.4650165091443,48328.471930195956,28070.569399721597,8651.772208592209,35930.86223587339,,,,,,,,,,,,,,,,,,,,,,,,,,,,,,,,,,,,0.007672586012631655,0.0,0.0,0.01092440728098154,0.0,0.0,0.0,0.0,0.0,0.0,0.0,0.0,0.0,0.0,0.0,0.0,,0.0,,0.0,,0.0,0.0,0.0,0.010507198981940746,0.0,,0.0,0.0,0.010712611488997936,0.0,0.012846814468502998,0.0,,0.0,,,,0.0,0.0,0.0,,0.0,0.0,0.0012285824632272124,0.009027548134326935,0.0,,,0.0,,0.0,0.0,0.0,0.0,0.0,0.0,0.0,0.0,0.006439491640776396,0.015234255231916904,0.0,0.0,0.0,,0.011381476186215878,0.0,0.0,0.0,0.015055594965815544,,0.0005889178719371557,0.0,,0.0,0.0,0.0,0.0,,0.0,0.0,0.0,,0.0,,0.0,0.0,,0.0,,0.0,0.0,0.0030229962430894375,0.01743323914706707,0.0,0.012673601508140564,0.0,0.016194811090826988,0.0,,,0.009300514124333858,0.0,,,,,0.0,0.0,0.0,0.0,0.0,0.0,0.0,0.0,0.0,,0.012146583758294582,0.0019998527131974697,0.0,,0.019029388204216957,0.0,0.0015352413756772876,0.0,0.0,0.0,,0.002669151872396469,,0.014855947345495224,0.0,0.0,0.01175154373049736,,0.0,0.0,,0.0,0.0,0.0,0.0,0.0,0.0001421356719220057,0.0011042432161048055,0.0,0.0,0.0046468619257211685,0.003770541399717331,0.0,0.0012880248250439763,,0.02132318913936615,0.0,0.004850889090448618,0.0,,0.0,0.007785265799611807,0.0,0.0,0.0,0.0,0.0061191171407699585,0.0,0.0,0.0,,0.015078713186085224,0.0,0.0,,,,0.006918592378497124,0.002163069089874625,,0.0,0.0,0.0,0.0,,0.0,,0.0,0.0,0.013318006880581379,0.0,0.0,0.0,,,,0.0,0.01897398941218853,0.0,0.0,0.0,,0.0,0.008289680816233158,0.007186546456068754,0.0,,0.0,0.015495573170483112,0.0,0.0,0.0,,0.002988440217450261,0.0071138362400233746,0.006663523148745298,0.0,,0.0029522741679102182,0.007444577291607857,0.00870683416724205,0.0,0.015951599925756454,0.0,,0.0,0.0,0.0,0.0,0.0,0.0,,0.0,,0.005740217864513397,0.007723913062363863,0.0016765532782301307,0.0,0.0,0.0,0.0,,0.0,0.011521018110215664,0.0028374833054840565,,,0.0,0.0,0.0,0.0,0.0,0.0,0.0,0.0,0.0,,0.0,0.0,0.0014217449352145195,,0.0,0.0,0.0,0.015036061406135559,0.0,0.0,0.0,,,0.0,0.002523822244256735,0.0,0.0,0.0,,0.012212172150611877,,0.010441260412335396,0.0,,0.0,0.0001980172237381339,0.0,0.0,,,0.0,0.009777898900210857,,0.011562291532754898,0.0,,,0.0,0.021612513810396194,0.0,0.0,0.0,0.0,0.0,,,0.0,0.0,0.0,0.0,0.0,,,0.0,0.0,0.0,,0.0,0.0,,0.0,0.0,0.010721533559262753,,0.0,0.0,0.0,0.0,,0.0,0.0,,0.0,0.0,0.0,0.000222572882194072,0.004138255026191473,0.0,0.0,0.0,0.0,0.0,0.0,0.0,0.0,,0.01636638306081295,,0.0,0.013081780634820461,0.00596213573589921,0.0,0.0,0.0,0.00783260352909565,0.013072560541331768,0.0,0.01504174992442131,0.0,,0.0,,0.0,0.007702955510467291,0.0,,0.0,0.0,0.0,0.0064319828525185585,0.0,0.0,0.0,0.0,0.006455377209931612,0.002276746090501547,0.0,,,0.0,0.0,0.0,,,,0.0,0.0,,0.0,,0.0,,0.0,,,0.0,,,,,0.0,,0.0,0.009475049562752247,0.0,,0.0,0.0,0.0006172159337438643,,0.011276694014668465,0.0,,0.0,0.008886725641787052,0.0,,,0.0,,0.01935204491019249,0.0,0.0,,0.0,0.0019069688860327005,,,,0.0,0.0,0.0,0.0,0.0,7.387471123365685e-05,,,,0.007764055393636227,0.0,,0.0,,0.0,0.0,0.0,0.0,,,0.0,0.0,,,0.0,,0.0,,0.0,0.0,0.0,0.0,0.0,0.0,0.0,,0.0,0.010640541091561317,0.0,0.0,0.0,,,0.0,0.0,0.0,0.0,0.004161264281719923,0.0073729087598621845,,,,0.007771022617816925,0.0,0.0,0.0,,,0.008342444896697998,0.0,0.0,,0.0,,,,,0.0,0.013751369901001453,0.0,,0.0,,,0.0,,0.006028351373970509,0.0,0.0,0.0,,0.006963010877370834,0.0,,0.0,0.0,0.0,0.0,0.0,,0.0025301980786025524,0.0,0.0,,0.0,0.0,0.0,0.0,0.0,0.0,0.0,,0.0009805925656110048,0.0,0.0,0.007419695612043142,0.0,0.0,0.0,,0.0,0.0,0.0,0.010489208623766899,0.0,0.0,0.0,0.0,0.0,0.0,0.00028485566144809127,0.0,0.0,0.0,,0.0,0.0,0.0,0.0,0.0,0.0,0.0,0.0,0.0,0.004446286242455244,0.0,0.0,0.0,,0.0,0.006903916597366333,,0.0032303640618920326,0.0,0.0,0.0,0.0,0.0,0.007855664007365704,0.0,0.0,0.0,0.011428353376686573,0.0,0.014265907928347588,0.0,0.0,0.0,0.0,0.0,0.0,0.0,0.0,0.0,0.0,0.0,0.0,0.0071387211792171,0.0,0.0,0.0,0.010663309134542942,0.009583434090018272,0.0,0.00991410668939352,0.0,0.0,0.0,0.019269602373242378,0.0,0.0,0.0,0.0,0.0,0.0,0.0,0.0,0.004451911896467209,0.0,0.0,0.0,0.0,0.0,0.015617968514561653,0.0,0.008543897420167923,0.0,0.0,0.017431413754820824,0.0,0.0,0.0,0.0,0.0,0.011158911511301994,0.0,0.006921166554093361,0.0,0.013884417712688446,0.0,0.0,0.0,0.0,0.0,0.017269155010581017,0.0,0.00583390099927783,0.0,0.0,,,,,,,,,,,,,,,,,,,,,,,,,,,,,,,,,,,,,,,,,,,,,,,,,,,,,,,,,,,,,,,,,,,,,,,,,,,,,,,,,,,,,,,,,,,,,,,,,,,,,,,,,,,,,,,,,,,,,,,,,,,,,,
2021-12-28,830267.3611715105,66.74465111760611,,,,,,,,,,,76494.84123570709,,1039061.7711000025,,,,,,,,,,,,,,,,,,,,,,,,,,,,,,,,,,,,,,,,,,,3089.6966726842743,,,,,,,,,,,,,,,,,,,,,,25987.58934783756,9685.062433500902,4032.3384669051707,8201.903712248382,3882.4650165091443,48328.471930195956,28070.569399721597,8651.772208592209,35930.86223587339,,,,,,,,,,,,,,,,,,,,,,,,,,,,,,,,,,,,0.007672586012631655,0.0,0.0,0.01092440728098154,0.0,0.0,0.0,0.0,0.0,0.0,0.0,0.0,0.0,0.0,0.0,0.0,,0.0,,0.0,,0.0,0.0,0.0,0.010507198981940746,0.0,,0.0,0.0,0.010712611488997936,0.0,0.012846814468502998,0.0,,0.0,,,,0.0,0.0,0.0,,0.0,0.0,0.0012285824632272124,0.009027548134326935,0.0,,,0.0,,0.0,0.0,0.0,0.0,0.0,0.0,0.0,0.0,0.006439491640776396,0.015234255231916904,0.0,0.0,0.0,,0.011381476186215878,0.0,0.0,0.0,0.015055594965815544,,0.0005889178719371557,0.0,,0.0,0.0,0.0,0.0,,0.0,0.0,0.0,,0.0,,0.0,0.0,,0.0,,0.0,0.0,0.0030229962430894375,0.01743323914706707,0.0,0.012673601508140564,0.0,0.016194811090826988,0.0,,,0.009300514124333858,0.0,,,,,0.0,0.0,0.0,0.0,0.0,0.0,0.0,0.0,0.0,,0.012146583758294582,0.0019998527131974697,0.0,,0.019029388204216957,0.0,0.0015352413756772876,0.0,0.0,0.0,,0.002669151872396469,,0.014855947345495224,0.0,0.0,0.01175154373049736,,0.0,0.0,,0.0,0.0,0.0,0.0,0.0,0.0001421356719220057,0.0011042432161048055,0.0,0.0,0.0046468619257211685,0.003770541399717331,0.0,0.0012880248250439763,,0.02132318913936615,0.0,0.004850889090448618,0.0,,0.0,0.007785265799611807,0.0,0.0,0.0,0.0,0.0061191171407699585,0.0,0.0,0.0,,0.015078713186085224,0.0,0.0,,,,0.006918592378497124,0.002163069089874625,,0.0,0.0,0.0,0.0,,0.0,,0.0,0.0,0.013318006880581379,0.0,0.0,0.0,,,,0.0,0.01897398941218853,0.0,0.0,0.0,,0.0,0.008289680816233158,0.007186546456068754,0.0,,0.0,0.015495573170483112,0.0,0.0,0.0,,0.002988440217450261,0.0071138362400233746,0.006663523148745298,0.0,,0.0029522741679102182,0.007444577291607857,0.00870683416724205,0.0,0.015951599925756454,0.0,,0.0,0.0,0.0,0.0,0.0,0.0,,0.0,,0.005740217864513397,0.007723913062363863,0.0016765532782301307,0.0,0.0,0.0,0.0,,0.0,0.011521018110215664,0.0028374833054840565,,,0.0,0.0,0.0,0.0,0.0,0.0,0.0,0.0,0.0,,0.0,0.0,0.0014217449352145195,,0.0,0.0,0.0,0.015036061406135559,0.0,0.0,0.0,,,0.0,0.002523822244256735,0.0,0.0,0.0,,0.012212172150611877,,0.010441260412335396,0.0,,0.0,0.0001980172237381339,0.0,0.0,,,0.0,0.009777898900210857,,0.011562291532754898,0.0,,,0.0,0.021612513810396194,0.0,0.0,0.0,0.0,0.0,,,0.0,0.0,0.0,0.0,0.0,,,0.0,0.0,0.0,,0.0,0.0,,0.0,0.0,0.010721533559262753,,0.0,0.0,0.0,0.0,,0.0,0.0,,0.0,0.0,0.0,0.000222572882194072,0.004138255026191473,0.0,0.0,0.0,0.0,0.0,0.0,0.0,0.0,,0.01636638306081295,,0.0,0.013081780634820461,0.00596213573589921,0.0,0.0,0.0,0.00783260352909565,0.013072560541331768,0.0,0.01504174992442131,0.0,,0.0,,0.0,0.007702955510467291,0.0,,0.0,0.0,0.0,0.0064319828525185585,0.0,0.0,0.0,0.0,0.006455377209931612,0.002276746090501547,0.0,,,0.0,0.0,0.0,,,,0.0,0.0,,0.0,,0.0,,0.0,,,0.0,,,,,0.0,,0.0,0.009475049562752247,0.0,,0.0,0.0,0.0006172159337438643,,0.011276694014668465,0.0,,0.0,0.008886725641787052,0.0,,,0.0,,0.01935204491019249,0.0,0.0,,0.0,0.0019069688860327005,,,,0.0,0.0,0.0,0.0,0.0,7.387471123365685e-05,,,,0.007764055393636227,0.0,,0.0,,0.0,0.0,0.0,0.0,,,0.0,0.0,,,0.0,,0.0,,0.0,0.0,0.0,0.0,0.0,0.0,0.0,,0.0,0.010640541091561317,0.0,0.0,0.0,,,0.0,0.0,0.0,0.0,0.004161264281719923,0.0073729087598621845,,,,0.007771022617816925,0.0,0.0,0.0,,,0.008342444896697998,0.0,0.0,,0.0,,,,,0.0,0.013751369901001453,0.0,,0.0,,,0.0,,0.006028351373970509,0.0,0.0,0.0,,0.006963010877370834,0.0,,0.0,0.0,0.0,0.0,0.0,,0.0025301980786025524,0.0,0.0,,0.0,0.0,0.0,0.0,0.0,0.0,0.0,,0.0009805925656110048,0.0,0.0,0.007419695612043142,0.0,0.0,0.0,,0.0,0.0,0.0,0.010489208623766899,0.0,0.0,0.0,0.0,0.0,0.0,0.00028485566144809127,0.0,0.0,0.0,,0.0,0.0,0.0,0.0,0.0,0.0,0.0,0.0,0.0,0.004446286242455244,0.0,0.0,0.0,,0.0,0.006903916597366333,,0.0032303640618920326,0.0,0.0,0.0,0.0,0.0,0.007855664007365704,0.0,0.0,0.0,0.011428353376686573,0.0,0.014265907928347588,0.0,0.0,0.0,0.0,0.0,0.0,0.0,0.0,0.0,0.0,0.0,0.0,0.0071387211792171,0.0,0.0,0.0,0.010663309134542942,0.009583434090018272,0.0,0.00991410668939352,0.0,0.0,0.0,0.019269602373242378,0.0,0.0,0.0,0.0,0.0,0.0,0.0,0.0,0.004451911896467209,0.0,0.0,0.0,0.0,0.0,0.015617968514561653,0.0,0.008543897420167923,0.0,0.0,0.017431413754820824,0.0,0.0,0.0,0.0,0.0,0.011158911511301994,0.0,0.006921166554093361,0.0,0.013884417712688446,0.0,0.0,0.0,0.0,0.0,0.017269155010581017,0.0,0.00583390099927783,0.0,0.0,,,,,,,,,,,,,,,,,,,,,,,,,,,,,,,,,,,,,,,,,,,,,,,,,,,,,,,,,,,,,,,,,,,,,,,,,,,,,,,,,,,,,,,,,,,,,,,,,,,,,,,,,,,,,,,,,,,,,,,,,,,,,,
2021-12-29,827257.4102645329,67.46180827001007,,,,,,,,,,,76494.84123570709,,1039061.7711000025,,,,,,,,,,,,,,,,,,,,,,,,,,,,,,,,,,,,,,,,,,,3089.6966726842743,,,,,,,,,,,,,,,,,,,,,,25987.36467471229,9685.062433500902,4032.3384669051707,8201.903712248382,3882.4650165091443,48328.471930195956,28070.569399721597,8651.772208592209,35930.86223587339,,,,,,,,,,,,,,,,,,,,,,,,,,,,,,,,,,,,0.007672586012631655,0.0,0.0,0.01092440728098154,0.0,0.0,0.0,0.0,0.0,0.0,0.0,0.0,0.0,0.0,0.0,0.0,,0.0,,0.0,,0.0,0.0,0.0,0.010507198981940746,0.0,,0.0,0.0,0.010712611488997936,0.0,0.012846814468502998,0.0,,0.0,,,,0.0,0.0,0.0,,0.0,0.0,0.0012285824632272124,0.009027548134326935,0.0,,,0.0,,0.0,0.0,0.0,0.0,0.0,0.0,0.0,0.0,0.006439491640776396,0.015234255231916904,0.0,0.0,0.0,,0.011381476186215878,0.0,0.0,0.0,0.015055594965815544,,0.0005889178719371557,0.0,,0.0,0.0,0.0,0.0,,0.0,0.0,0.0,,0.0,,0.0,0.0,,0.0,,0.0,0.0,0.0030229962430894375,0.01743323914706707,0.0,0.012673601508140564,0.0,0.016194811090826988,0.0,,,0.009300514124333858,0.0,,,,,0.0,0.0,0.0,0.0,0.0,0.0,0.0,0.0,0.0,,0.012146583758294582,0.0019998527131974697,0.0,,0.019029388204216957,0.0,0.0015352413756772876,0.0,0.0,0.0,,0.002669151872396469,,0.014855947345495224,0.0,0.0,0.01175154373049736,,0.0,0.0,,0.0,0.0,0.0,0.0,0.0,0.0001421356719220057,0.0011042432161048055,0.0,0.0,0.0046468619257211685,0.003770541399717331,0.0,0.0012880248250439763,,0.02132318913936615,0.0,0.004850889090448618,0.0,,0.0,0.007785265799611807,0.0,0.0,0.0,0.0,0.0061191171407699585,0.0,0.0,0.0,,0.015078713186085224,0.0,0.0,,,,0.006918592378497124,0.002163069089874625,,0.0,0.0,0.0,0.0,,0.0,,0.0,0.0,0.013318006880581379,0.0,0.0,0.0,,,,0.0,0.01897398941218853,0.0,0.0,0.0,,0.0,0.008289680816233158,0.007186546456068754,0.0,,0.0,0.015495573170483112,0.0,0.0,0.0,,0.002988440217450261,0.0071138362400233746,0.006663523148745298,0.0,,0.0029522741679102182,0.007444577291607857,0.00870683416724205,0.0,0.015951599925756454,0.0,,0.0,0.0,0.0,0.0,0.0,0.0,,0.0,,0.005740217864513397,0.007723913062363863,0.0016765532782301307,0.0,0.0,0.0,0.0,,0.0,0.011521018110215664,0.0028374833054840565,,,0.0,0.0,0.0,0.0,0.0,0.0,0.0,0.0,0.0,,0.0,0.0,0.0014217449352145195,,0.0,0.0,0.0,0.015036061406135559,0.0,0.0,0.0,,,0.0,0.002523822244256735,0.0,0.0,0.0,,0.012212172150611877,,0.010441260412335396,0.0,,0.0,0.0001980172237381339,0.0,0.0,,,0.0,0.009777898900210857,,0.011562291532754898,0.0,,,0.0,0.021612513810396194,0.0,0.0,0.0,0.0,0.0,,,0.0,0.0,0.0,0.0,0.0,,,0.0,0.0,0.0,,0.0,0.0,,0.0,0.0,0.010721533559262753,,0.0,0.0,0.0,0.0,,0.0,0.0,,0.0,0.0,0.0,0.000222572882194072,0.004138255026191473,0.0,0.0,0.0,0.0,0.0,0.0,0.0,0.0,,0.01636638306081295,,0.0,0.013081780634820461,0.00596213573589921,0.0,0.0,0.0,0.00783260352909565,0.013072560541331768,0.0,0.01504174992442131,0.0,,0.0,,0.0,0.007702955510467291,0.0,,0.0,0.0,0.0,0.0064319828525185585,0.0,0.0,0.0,0.0,0.006455377209931612,0.002276746090501547,0.0,,,0.0,0.0,0.0,,,,0.0,0.0,,0.0,,0.0,,0.0,,,0.0,,,,,0.0,,0.0,0.009475049562752247,0.0,,0.0,0.0,0.0006172159337438643,,0.011276694014668465,0.0,,0.0,0.008886725641787052,0.0,,,0.0,,0.01935204491019249,0.0,0.0,,0.0,0.0019069688860327005,,,,0.0,0.0,0.0,0.0,0.0,7.387471123365685e-05,,,,0.007764055393636227,0.0,,0.0,,0.0,0.0,0.0,0.0,,,0.0,0.0,,,0.0,,0.0,,0.0,0.0,0.0,0.0,0.0,0.0,0.0,,0.0,0.010640541091561317,0.0,0.0,0.0,,,0.0,0.0,0.0,0.0,0.004161264281719923,0.0073729087598621845,,,,0.007771022617816925,0.0,0.0,0.0,,,0.008342444896697998,0.0,0.0,,0.0,,,,,0.0,0.013751369901001453,0.0,,0.0,,,0.0,,0.006028351373970509,0.0,0.0,0.0,,0.006963010877370834,0.0,,0.0,0.0,0.0,0.0,0.0,,0.0025301980786025524,0.0,0.0,,0.0,0.0,0.0,0.0,0.0,0.0,0.0,,0.0009805925656110048,0.0,0.0,0.007419695612043142,0.0,0.0,0.0,,0.0,0.0,0.0,0.010489208623766899,0.0,0.0,0.0,0.0,0.0,0.0,0.00028485566144809127,0.0,0.0,0.0,,0.0,0.0,0.0,0.0,0.0,0.0,0.0,0.0,0.0,0.004446286242455244,0.0,0.0,0.0,,0.0,0.006903916597366333,,0.0032303640618920326,0.0,0.0,0.0,0.0,0.0,0.007855664007365704,0.0,0.0,0.0,0.011428353376686573,0.0,0.014265907928347588,0.0,0.0,0.0,0.0,0.0,0.0,0.0,0.0,0.0,0.0,0.0,0.0,0.0071387211792171,0.0,0.0,0.0,0.010663309134542942,0.009583434090018272,0.0,0.00991410668939352,0.0,0.0,0.0,0.019269602373242378,0.0,0.0,0.0,0.0,0.0,0.0,0.0,0.0,0.004451911896467209,0.0,0.0,0.0,0.0,0.0,0.015617968514561653,0.0,0.008543897420167923,0.0,0.0,0.017431413754820824,0.0,0.0,0.0,0.0,0.0,0.011158911511301994,0.0,0.006921166554093361,0.0,0.013884417712688446,0.0,0.0,0.0,0.0,0.0,0.017269155010581017,0.0,0.00583390099927783,0.0,0.0,,,,,,,,,,,,,,,,,,,,,,,,,,,,,,,,,,,,,,,,,,,,,,,,,,,,,,,,,,,,,,,,,,,,,,,,,,,,,,,,,,,,,,,,,,,,,,,,,,,,,,,,,,,,,,,,,,,,,,,,,,,,,,
2021-12-30,830523.7028094553,67.2604407152026,,,,,,,,,,,76494.84123570709,,1039061.7711000025,,,,,,,,,,,,,,,,,,,,,,,,,,,,,,,,,,,,,,,,,,,3089.6966726842743,,,,,,,,,,,,,,,,,,,,,,25987.427863636123,9685.062433500902,4032.3384669051707,8201.903712248382,3882.4650165091443,48328.471930195956,28070.569399721597,8651.772208592209,35930.86223587339,,,,,,,,,,,,,,,,,,,,,,,,,,,,,,,,,,,,0.007672586012631655,0.0,0.0,0.01092440728098154,0.0,0.0,0.0,0.0,0.0,0.0,0.0,0.0,0.0,0.0,0.0,0.0,,0.0,,0.0,,0.0,0.0,0.0,0.010507198981940746,0.0,,0.0,0.0,0.010712611488997936,0.0,0.012846814468502998,0.0,,0.0,,,,0.0,0.0,0.0,,0.0,0.0,0.0012285824632272124,0.009027548134326935,0.0,,,0.0,,0.0,0.0,0.0,0.0,0.0,0.0,0.0,0.0,0.006439491640776396,0.015234255231916904,0.0,0.0,0.0,,0.011381476186215878,0.0,0.0,0.0,0.015055594965815544,,0.0005889178719371557,0.0,,0.0,0.0,0.0,0.0,,0.0,0.0,0.0,,0.0,,0.0,0.0,,0.0,,0.0,0.0,0.0030229962430894375,0.01743323914706707,0.0,0.012673601508140564,0.0,0.016194811090826988,0.0,,,0.009300514124333858,0.0,,,,,0.0,0.0,0.0,0.0,0.0,0.0,0.0,0.0,0.0,,0.012146583758294582,0.0019998527131974697,0.0,,0.019029388204216957,0.0,0.0015352413756772876,0.0,0.0,0.0,,0.002669151872396469,,0.014855947345495224,0.0,0.0,0.01175154373049736,,0.0,0.0,,0.0,0.0,0.0,0.0,0.0,0.0001421356719220057,0.0011042432161048055,0.0,0.0,0.0046468619257211685,0.003770541399717331,0.0,0.0012880248250439763,,0.02132318913936615,0.0,0.004850889090448618,0.0,,0.0,0.007785265799611807,0.0,0.0,0.0,0.0,0.0061191171407699585,0.0,0.0,0.0,,0.015078713186085224,0.0,0.0,,,,0.006918592378497124,0.002163069089874625,,0.0,0.0,0.0,0.0,,0.0,,0.0,0.0,0.013318006880581379,0.0,0.0,0.0,,,,0.0,0.01897398941218853,0.0,0.0,0.0,,0.0,0.008289680816233158,0.007186546456068754,0.0,,0.0,0.015495573170483112,0.0,0.0,0.0,,0.002988440217450261,0.0071138362400233746,0.006663523148745298,0.0,,0.0029522741679102182,0.007444577291607857,0.00870683416724205,0.0,0.015951599925756454,0.0,,0.0,0.0,0.0,0.0,0.0,0.0,,0.0,,0.005740217864513397,0.007723913062363863,0.0016765532782301307,0.0,0.0,0.0,0.0,,0.0,0.011521018110215664,0.0028374833054840565,,,0.0,0.0,0.0,0.0,0.0,0.0,0.0,0.0,0.0,,0.0,0.0,0.0014217449352145195,,0.0,0.0,0.0,0.015036061406135559,0.0,0.0,0.0,,,0.0,0.002523822244256735,0.0,0.0,0.0,,0.012212172150611877,,0.010441260412335396,0.0,,0.0,0.0001980172237381339,0.0,0.0,,,0.0,0.009777898900210857,,0.011562291532754898,0.0,,,0.0,0.021612513810396194,0.0,0.0,0.0,0.0,0.0,,,0.0,0.0,0.0,0.0,0.0,,,0.0,0.0,0.0,,0.0,0.0,,0.0,0.0,0.010721533559262753,,0.0,0.0,0.0,0.0,,0.0,0.0,,0.0,0.0,0.0,0.000222572882194072,0.004138255026191473,0.0,0.0,0.0,0.0,0.0,0.0,0.0,0.0,,0.01636638306081295,,0.0,0.013081780634820461,0.00596213573589921,0.0,0.0,0.0,0.00783260352909565,0.013072560541331768,0.0,0.01504174992442131,0.0,,0.0,,0.0,0.007702955510467291,0.0,,0.0,0.0,0.0,0.0064319828525185585,0.0,0.0,0.0,0.0,0.006455377209931612,0.002276746090501547,0.0,,,0.0,0.0,0.0,,,,0.0,0.0,,0.0,,0.0,,0.0,,,0.0,,,,,0.0,,0.0,0.009475049562752247,0.0,,0.0,0.0,0.0006172159337438643,,0.011276694014668465,0.0,,0.0,0.008886725641787052,0.0,,,0.0,,0.01935204491019249,0.0,0.0,,0.0,0.0019069688860327005,,,,0.0,0.0,0.0,0.0,0.0,7.387471123365685e-05,,,,0.007764055393636227,0.0,,0.0,,0.0,0.0,0.0,0.0,,,0.0,0.0,,,0.0,,0.0,,0.0,0.0,0.0,0.0,0.0,0.0,0.0,,0.0,0.010640541091561317,0.0,0.0,0.0,,,0.0,0.0,0.0,0.0,0.004161264281719923,0.0073729087598621845,,,,0.007771022617816925,0.0,0.0,0.0,,,0.008342444896697998,0.0,0.0,,0.0,,,,,0.0,0.013751369901001453,0.0,,0.0,,,0.0,,0.006028351373970509,0.0,0.0,0.0,,0.006963010877370834,0.0,,0.0,0.0,0.0,0.0,0.0,,0.0025301980786025524,0.0,0.0,,0.0,0.0,0.0,0.0,0.0,0.0,0.0,,0.0009805925656110048,0.0,0.0,0.007419695612043142,0.0,0.0,0.0,,0.0,0.0,0.0,0.010489208623766899,0.0,0.0,0.0,0.0,0.0,0.0,0.00028485566144809127,0.0,0.0,0.0,,0.0,0.0,0.0,0.0,0.0,0.0,0.0,0.0,0.0,0.004446286242455244,0.0,0.0,0.0,,0.0,0.006903916597366333,,0.0032303640618920326,0.0,0.0,0.0,0.0,0.0,0.007855664007365704,0.0,0.0,0.0,0.011428353376686573,0.0,0.014265907928347588,0.0,0.0,0.0,0.0,0.0,0.0,0.0,0.0,0.0,0.0,0.0,0.0,0.0071387211792171,0.0,0.0,0.0,0.010663309134542942,0.009583434090018272,0.0,0.00991410668939352,0.0,0.0,0.0,0.019269602373242378,0.0,0.0,0.0,0.0,0.0,0.0,0.0,0.0,0.004451911896467209,0.0,0.0,0.0,0.0,0.0,0.015617968514561653,0.0,0.008543897420167923,0.0,0.0,0.017431413754820824,0.0,0.0,0.0,0.0,0.0,0.011158911511301994,0.0,0.006921166554093361,0.0,0.013884417712688446,0.0,0.0,0.0,0.0,0.0,0.017269155010581017,0.0,0.00583390099927783,0.0,0.0,,,,,,,,,,,,,,,,,,,,,,,,,,,,,,,,,,,,,,,,,,,,,,,,,,,,,,,,,,,,,,,,,,,,,,,,,,,,,,,,,,,,,,,,,,,,,,,,,,,,,,,,,,,,,,,,,,,,,,,,,,,,,,
2021-12-31,828311.0113573709,64.6281782917242,,,,,,,,,,,76494.84123570709,,1039061.7711000025,,,,,,,,,,,,,,,,,,,,,,,,,,,,,,,,,,,,,,,,,,,3089.6966726842743,,,,,,,,,,,,,,,,,,,,,,25988.125302541597,9685.109926678304,4032.3384669051707,8201.903712248382,3882.4650165091443,48328.471930195956,28070.569399721597,8651.772208592209,35930.86223587339,,,,,,,,,,,,,,,,,,,,,,,,,,,,,,,,,,,,0.007672586012631655,0.0,0.0,0.01092440728098154,0.0,0.0,0.0,0.0,0.0,0.0,0.0,0.0,0.0,0.0,0.0,0.0,,0.0,,0.0,,0.0,0.0,0.0,0.010507198981940746,0.0,,0.0,0.0,0.010712611488997936,0.0,0.012846814468502998,0.0,,0.0,,,,0.0,0.0,0.0,,0.0,0.0,0.0012285824632272124,0.009027548134326935,0.0,,,0.0,,0.0,0.0,0.0,0.0,0.0,0.0,0.0,0.0,0.006439491640776396,0.015234255231916904,0.0,0.0,0.0,,0.011381476186215878,0.0,0.0,0.0,0.015055594965815544,,0.0005889178719371557,0.0,,0.0,0.0,0.0,0.0,,0.0,0.0,0.0,,0.0,,0.0,0.0,,0.0,,0.0,0.0,0.0030229962430894375,0.01743323914706707,0.0,0.012673601508140564,0.0,0.016194811090826988,0.0,,,0.009300514124333858,0.0,,,,,0.0,0.0,0.0,0.0,0.0,0.0,0.0,0.0,0.0,,0.012146583758294582,0.0019998527131974697,0.0,,0.019029388204216957,0.0,0.0015352413756772876,0.0,0.0,0.0,,0.002669151872396469,,0.014855947345495224,0.0,0.0,0.01175154373049736,,0.0,0.0,,0.0,0.0,0.0,0.0,0.0,0.0001421356719220057,0.0011042432161048055,0.0,0.0,0.0046468619257211685,0.003770541399717331,0.0,0.0012880248250439763,,0.02132318913936615,0.0,0.004850889090448618,0.0,,0.0,0.007785265799611807,0.0,0.0,0.0,0.0,0.0061191171407699585,0.0,0.0,0.0,,0.015078713186085224,0.0,0.0,,,,0.006918592378497124,0.002163069089874625,,0.0,0.0,0.0,0.0,,0.0,,0.0,0.0,0.013318006880581379,0.0,0.0,0.0,,,,0.0,0.01897398941218853,0.0,0.0,0.0,,0.0,0.008289680816233158,0.007186546456068754,0.0,,0.0,0.015495573170483112,0.0,0.0,0.0,,0.002988440217450261,0.0071138362400233746,0.006663523148745298,0.0,,0.0029522741679102182,0.007444577291607857,0.00870683416724205,0.0,0.015951599925756454,0.0,,0.0,0.0,0.0,0.0,0.0,0.0,,0.0,,0.005740217864513397,0.007723913062363863,0.0016765532782301307,0.0,0.0,0.0,0.0,,0.0,0.011521018110215664,0.0028374833054840565,,,0.0,0.0,0.0,0.0,0.0,0.0,0.0,0.0,0.0,,0.0,0.0,0.0014217449352145195,,0.0,0.0,0.0,0.015036061406135559,0.0,0.0,0.0,,,0.0,0.002523822244256735,0.0,0.0,0.0,,0.012212172150611877,,0.010441260412335396,0.0,,0.0,0.0001980172237381339,0.0,0.0,,,0.0,0.009777898900210857,,0.011562291532754898,0.0,,,0.0,0.021612513810396194,0.0,0.0,0.0,0.0,0.0,,,0.0,0.0,0.0,0.0,0.0,,,0.0,0.0,0.0,,0.0,0.0,,0.0,0.0,0.010721533559262753,,0.0,0.0,0.0,0.0,,0.0,0.0,,0.0,0.0,0.0,0.000222572882194072,0.004138255026191473,0.0,0.0,0.0,0.0,0.0,0.0,0.0,0.0,,0.01636638306081295,,0.0,0.013081780634820461,0.00596213573589921,0.0,0.0,0.0,0.00783260352909565,0.013072560541331768,0.0,0.01504174992442131,0.0,,0.0,,0.0,0.007702955510467291,0.0,,0.0,0.0,0.0,0.0064319828525185585,0.0,0.0,0.0,0.0,0.006455377209931612,0.002276746090501547,0.0,,,0.0,0.0,0.0,,,,0.0,0.0,,0.0,,0.0,,0.0,,,0.0,,,,,0.0,,0.0,0.009475049562752247,0.0,,0.0,0.0,0.0006172159337438643,,0.011276694014668465,0.0,,0.0,0.008886725641787052,0.0,,,0.0,,0.01935204491019249,0.0,0.0,,0.0,0.0019069688860327005,,,,0.0,0.0,0.0,0.0,0.0,7.387471123365685e-05,,,,0.007764055393636227,0.0,,0.0,,0.0,0.0,0.0,0.0,,,0.0,0.0,,,0.0,,0.0,,0.0,0.0,0.0,0.0,0.0,0.0,0.0,,0.0,0.010640541091561317,0.0,0.0,0.0,,,0.0,0.0,0.0,0.0,0.004161264281719923,0.0073729087598621845,,,,0.007771022617816925,0.0,0.0,0.0,,,0.008342444896697998,0.0,0.0,,0.0,,,,,0.0,0.013751369901001453,0.0,,0.0,,,0.0,,0.006028351373970509,0.0,0.0,0.0,,0.006963010877370834,0.0,,0.0,0.0,0.0,0.0,0.0,,0.0025301980786025524,0.0,0.0,,0.0,0.0,0.0,0.0,0.0,0.0,0.0,,0.0009805925656110048,0.0,0.0,0.007419695612043142,0.0,0.0,0.0,,0.0,0.0,0.0,0.010489208623766899,0.0,0.0,0.0,0.0,0.0,0.0,0.00028485566144809127,0.0,0.0,0.0,,0.0,0.0,0.0,0.0,0.0,0.0,0.0,0.0,0.0,0.004446286242455244,0.0,0.0,0.0,,0.0,0.006903916597366333,,0.0032303640618920326,0.0,0.0,0.0,0.0,0.0,0.007855664007365704,0.0,0.0,0.0,0.011428353376686573,0.0,0.014265907928347588,0.0,0.0,0.0,0.0,0.0,0.0,0.0,0.0,0.0,0.0,0.0,0.0,0.0071387211792171,0.0,0.0,0.0,0.010663309134542942,0.009583434090018272,0.0,0.00991410668939352,0.0,0.0,0.0,0.019269602373242378,0.0,0.0,0.0,0.0,0.0,0.0,0.0,0.0,0.004451911896467209,0.0,0.0,0.0,0.0,0.0,0.015617968514561653,0.0,0.008543897420167923,0.0,0.0,0.017431413754820824,0.0,0.0,0.0,0.0,0.0,0.011158911511301994,0.0,0.006921166554093361,0.0,0.013884417712688446,0.0,0.0,0.0,0.0,0.0,0.017269155010581017,0.0,0.00583390099927783,0.0,0.0,,,,,,,,,,,,,,,,,,,,,,,,,,,,,,,,,,,,,,,,,,,,,,,,,,,,,,,,,,,,,,,,,,,,,,,,,,,,,,,,,,,,,,,,,,,,,,,,,,,,,,,,,,,,,,,,,,,,,,,,,,,,,,
2022-01-04,838583.070129069,201.98820847764208,,,,,,,,,,,76494.84123570709,,1039061.7711000025,,,,,,,,,,,,,,,,,,,,,,,,,,,,,,,,,,,,,,,,,,,3089.6966726842743,,,,,,,,,,,,,,,,,,,,,,25382.922778727017,9685.299302839945,4032.3384669051707,8201.903712248382,3882.4650165091443,49379.11679768698,28158.029428860315,8651.772208592209,35930.86223587339,,,,,,,,,,,,,,,,,,,,,,,,,,,,,,,,,,,,0.007672586012631655,0.0,0.0,0.01092440728098154,0.0,0.0,0.0,0.0,0.0,0.0,0.0,0.0,0.0,0.0,0.0,0.0,,0.0,,0.0,,0.0,0.0,0.0,0.010507198981940746,0.0,,0.0,0.0,0.010712611488997936,0.0,0.012846814468502998,0.0,,0.0,,,,0.0,0.0,0.0,,0.0,0.0,0.0012285824632272124,0.009027548134326935,0.0,,,0.0,,0.0,0.0,0.0,0.0,0.0,0.0,0.0,0.0,0.006439491640776396,0.015234255231916904,0.0,0.0,0.0,,0.011381476186215878,0.0,0.0,0.0,0.015055594965815544,,0.0005889178719371557,0.0,,0.0,0.0,0.0,0.0,,0.0,0.0,0.0,,0.0,,0.0,0.0,,0.0,,0.0,0.0,0.0030229962430894375,0.01743323914706707,0.0,0.012673601508140564,0.0,0.016194811090826988,0.0,,,0.009300514124333858,0.0,,,,,0.0,0.0,0.0,0.0,0.0,0.0,0.0,0.0,0.0,,0.012146583758294582,0.0019998527131974697,0.0,,0.019029388204216957,0.0,0.0015352413756772876,0.0,0.0,0.0,,0.002669151872396469,,0.014855947345495224,0.0,0.0,0.01175154373049736,,0.0,0.0,,0.0,0.0,0.0,0.0,0.0,0.0001421356719220057,0.0011042432161048055,0.0,0.0,0.0046468619257211685,0.003770541399717331,0.0,0.0012880248250439763,,0.02132318913936615,0.0,0.004850889090448618,0.0,,0.0,0.007785265799611807,0.0,0.0,0.0,0.0,0.0061191171407699585,0.0,0.0,0.0,,0.015078713186085224,0.0,0.0,,,,0.006918592378497124,0.002163069089874625,,0.0,0.0,0.0,0.0,,0.0,,0.0,0.0,0.013318006880581379,0.0,0.0,0.0,,,,0.0,0.01897398941218853,0.0,0.0,0.0,,0.0,0.008289680816233158,0.007186546456068754,0.0,,0.0,0.015495573170483112,0.0,0.0,0.0,,0.002988440217450261,0.0071138362400233746,0.006663523148745298,0.0,,0.0029522741679102182,0.007444577291607857,0.00870683416724205,0.0,0.015951599925756454,0.0,,0.0,0.0,0.0,0.0,0.0,0.0,,0.0,,0.005740217864513397,0.007723913062363863,0.0016765532782301307,0.0,0.0,0.0,0.0,,0.0,0.011521018110215664,0.0028374833054840565,,,0.0,0.0,0.0,0.0,0.0,0.0,0.0,0.0,0.0,,0.0,0.0,0.0014217449352145195,,0.0,0.0,0.0,0.015036061406135559,0.0,0.0,0.0,,,0.0,0.002523822244256735,0.0,0.0,0.0,,0.012212172150611877,,0.010441260412335396,0.0,,0.0,0.0001980172237381339,0.0,0.0,,,0.0,0.009777898900210857,,0.011562291532754898,0.0,,,0.0,0.021612513810396194,0.0,0.0,0.0,0.0,0.0,,,0.0,0.0,0.0,0.0,0.0,,,0.0,0.0,0.0,,0.0,0.0,,0.0,0.0,0.010721533559262753,,0.0,0.0,0.0,0.0,,0.0,0.0,,0.0,0.0,0.0,0.000222572882194072,0.004138255026191473,0.0,0.0,0.0,0.0,0.0,0.0,0.0,0.0,,0.01636638306081295,,0.0,0.013081780634820461,0.00596213573589921,0.0,0.0,0.0,0.00783260352909565,0.013072560541331768,0.0,0.01504174992442131,0.0,,0.0,,0.0,0.007702955510467291,0.0,,0.0,0.0,0.0,0.0064319828525185585,0.0,0.0,0.0,0.0,0.006455377209931612,0.002276746090501547,0.0,,,0.0,0.0,0.0,,,,0.0,0.0,,0.0,,0.0,,0.0,,,0.0,,,,,0.0,,0.0,0.009475049562752247,0.0,,0.0,0.0,0.0006172159337438643,,0.011276694014668465,0.0,,0.0,0.008886725641787052,0.0,,,0.0,,0.01935204491019249,0.0,0.0,,0.0,0.0019069688860327005,,,,0.0,0.0,0.0,0.0,0.0,7.387471123365685e-05,,,,0.007764055393636227,0.0,,0.0,,0.0,0.0,0.0,0.0,,,0.0,0.0,,,0.0,,0.0,,0.0,0.0,0.0,0.0,0.0,0.0,0.0,,0.0,0.010640541091561317,0.0,0.0,0.0,,,0.0,0.0,0.0,0.0,0.004161264281719923,0.0073729087598621845,,,,0.007771022617816925,0.0,0.0,0.0,,,0.008342444896697998,0.0,0.0,,0.0,,,,,0.0,0.013751369901001453,0.0,,0.0,,,0.0,,0.006028351373970509,0.0,0.0,0.0,,0.006963010877370834,0.0,,0.0,0.0,0.0,0.0,0.0,,0.0025301980786025524,0.0,0.0,,0.0,0.0,0.0,0.0,0.0,0.0,0.0,,0.0009805925656110048,0.0,0.0,0.007419695612043142,0.0,0.0,0.0,,0.0,0.0,0.0,0.010489208623766899,0.0,0.0,0.0,0.0,0.0,0.0,0.00028485566144809127,0.0,0.0,0.0,,0.0,0.0,0.0,0.0,0.0,0.0,0.0,0.0,0.0,0.004446286242455244,0.0,0.0,0.0,,0.0,0.006903916597366333,,0.0032303640618920326,0.0,0.0,0.0,0.0,0.0,0.007855664007365704,0.0,0.0,0.0,0.011428353376686573,0.0,0.014265907928347588,0.0,0.0,0.0,0.0,0.0,0.0,0.0,0.0,0.0,0.0,0.0,0.0,0.0071387211792171,0.0,0.0,0.0,0.010663309134542942,0.009583434090018272,0.0,0.00991410668939352,0.0,0.0,0.0,0.019269602373242378,0.0,0.0,0.0,0.0,0.0,0.0,0.0,0.0,0.004451911896467209,0.0,0.0,0.0,0.0,0.0,0.015617968514561653,0.0,0.008543897420167923,0.0,0.0,0.017431413754820824,0.0,0.0,0.0,0.0,0.0,0.011158911511301994,0.0,0.006921166554093361,0.0,0.013884417712688446,0.0,0.0,0.0,0.0,0.0,0.017269155010581017,0.0,0.00583390099927783,0.0,0.0,,,,,,,,,,,,,,,,,,,,,,,,,,,,,,,,,,,,,,,,,,,,,,,,,,,,,,,,,,,,,,,,,,,,,,,,,,,,,,,,,,,,,,,,,,,,,,,,,,,,,,,,,,,,,,,,,,,,,,,,,,,,,,
2022-01-05,829527.0274997867,205.3624829535212,,,,,,,,,,,76494.84123570709,,1039061.7711000025,,,,,,,,,,,,,,,,,,,,,,,,,,,,,,,,,,,,,,,,,,,3089.6966726842743,,,,,,,,,,,,,,,,,,,,,,25382.77191131738,9684.966246214155,4032.3384669051707,8201.903712248382,3882.4650165091443,49379.11679768698,28158.029428860315,8651.772208592209,35930.86223587339,,,,,,,,,,,,,,,,,,,,,,,,,,,,,,,,,,,,0.007672586012631655,0.0,0.0,0.01092440728098154,0.0,0.0,0.0,0.0,0.0,0.0,0.0,0.0,0.0,0.0,0.0,0.0,,0.0,,0.0,,0.0,0.0,0.0,0.010507198981940746,0.0,,0.0,0.0,0.010712611488997936,0.0,0.012846814468502998,0.0,,0.0,,,,0.0,0.0,0.0,,0.0,0.0,0.0012285824632272124,0.009027548134326935,0.0,,,0.0,,0.0,0.0,0.0,0.0,0.0,0.0,0.0,0.0,0.006439491640776396,0.015234255231916904,0.0,0.0,0.0,,0.011381476186215878,0.0,0.0,0.0,0.015055594965815544,,0.0005889178719371557,0.0,,0.0,0.0,0.0,0.0,,0.0,0.0,0.0,,0.0,,0.0,0.0,,0.0,,0.0,0.0,0.0030229962430894375,0.01743323914706707,0.0,0.012673601508140564,0.0,0.016194811090826988,0.0,,,0.009300514124333858,0.0,,,,,0.0,0.0,0.0,0.0,0.0,0.0,0.0,0.0,0.0,,0.012146583758294582,0.0019998527131974697,0.0,,0.019029388204216957,0.0,0.0015352413756772876,0.0,0.0,0.0,,0.002669151872396469,,0.014855947345495224,0.0,0.0,0.01175154373049736,,0.0,0.0,,0.0,0.0,0.0,0.0,0.0,0.0001421356719220057,0.0011042432161048055,0.0,0.0,0.0046468619257211685,0.003770541399717331,0.0,0.0012880248250439763,,0.02132318913936615,0.0,0.004850889090448618,0.0,,0.0,0.007785265799611807,0.0,0.0,0.0,0.0,0.0061191171407699585,0.0,0.0,0.0,,0.015078713186085224,0.0,0.0,,,,0.006918592378497124,0.002163069089874625,,0.0,0.0,0.0,0.0,,0.0,,0.0,0.0,0.013318006880581379,0.0,0.0,0.0,,,,0.0,0.01897398941218853,0.0,0.0,0.0,,0.0,0.008289680816233158,0.007186546456068754,0.0,,0.0,0.015495573170483112,0.0,0.0,0.0,,0.002988440217450261,0.0071138362400233746,0.006663523148745298,0.0,,0.0029522741679102182,0.007444577291607857,0.00870683416724205,0.0,0.015951599925756454,0.0,,0.0,0.0,0.0,0.0,0.0,0.0,,0.0,,0.005740217864513397,0.007723913062363863,0.0016765532782301307,0.0,0.0,0.0,0.0,,0.0,0.011521018110215664,0.0028374833054840565,,,0.0,0.0,0.0,0.0,0.0,0.0,0.0,0.0,0.0,,0.0,0.0,0.0014217449352145195,,0.0,0.0,0.0,0.015036061406135559,0.0,0.0,0.0,,,0.0,0.002523822244256735,0.0,0.0,0.0,,0.012212172150611877,,0.010441260412335396,0.0,,0.0,0.0001980172237381339,0.0,0.0,,,0.0,0.009777898900210857,,0.011562291532754898,0.0,,,0.0,0.021612513810396194,0.0,0.0,0.0,0.0,0.0,,,0.0,0.0,0.0,0.0,0.0,,,0.0,0.0,0.0,,0.0,0.0,,0.0,0.0,0.010721533559262753,,0.0,0.0,0.0,0.0,,0.0,0.0,,0.0,0.0,0.0,0.000222572882194072,0.004138255026191473,0.0,0.0,0.0,0.0,0.0,0.0,0.0,0.0,,0.01636638306081295,,0.0,0.013081780634820461,0.00596213573589921,0.0,0.0,0.0,0.00783260352909565,0.013072560541331768,0.0,0.01504174992442131,0.0,,0.0,,0.0,0.007702955510467291,0.0,,0.0,0.0,0.0,0.0064319828525185585,0.0,0.0,0.0,0.0,0.006455377209931612,0.002276746090501547,0.0,,,0.0,0.0,0.0,,,,0.0,0.0,,0.0,,0.0,,0.0,,,0.0,,,,,0.0,,0.0,0.009475049562752247,0.0,,0.0,0.0,0.0006172159337438643,,0.011276694014668465,0.0,,0.0,0.008886725641787052,0.0,,,0.0,,0.01935204491019249,0.0,0.0,,0.0,0.0019069688860327005,,,,0.0,0.0,0.0,0.0,0.0,7.387471123365685e-05,,,,0.007764055393636227,0.0,,0.0,,0.0,0.0,0.0,0.0,,,0.0,0.0,,,0.0,,0.0,,0.0,0.0,0.0,0.0,0.0,0.0,0.0,,0.0,0.010640541091561317,0.0,0.0,0.0,,,0.0,0.0,0.0,0.0,0.004161264281719923,0.0073729087598621845,,,,0.007771022617816925,0.0,0.0,0.0,,,0.008342444896697998,0.0,0.0,,0.0,,,,,0.0,0.013751369901001453,0.0,,0.0,,,0.0,,0.006028351373970509,0.0,0.0,0.0,,0.006963010877370834,0.0,,0.0,0.0,0.0,0.0,0.0,,0.0025301980786025524,0.0,0.0,,0.0,0.0,0.0,0.0,0.0,0.0,0.0,,0.0009805925656110048,0.0,0.0,0.007419695612043142,0.0,0.0,0.0,,0.0,0.0,0.0,0.010489208623766899,0.0,0.0,0.0,0.0,0.0,0.0,0.00028485566144809127,0.0,0.0,0.0,,0.0,0.0,0.0,0.0,0.0,0.0,0.0,0.0,0.0,0.004446286242455244,0.0,0.0,0.0,,0.0,0.006903916597366333,,0.0032303640618920326,0.0,0.0,0.0,0.0,0.0,0.007855664007365704,0.0,0.0,0.0,0.011428353376686573,0.0,0.014265907928347588,0.0,0.0,0.0,0.0,0.0,0.0,0.0,0.0,0.0,0.0,0.0,0.0,0.0071387211792171,0.0,0.0,0.0,0.010663309134542942,0.009583434090018272,0.0,0.00991410668939352,0.0,0.0,0.0,0.019269602373242378,0.0,0.0,0.0,0.0,0.0,0.0,0.0,0.0,0.004451911896467209,0.0,0.0,0.0,0.0,0.0,0.015617968514561653,0.0,0.008543897420167923,0.0,0.0,0.017431413754820824,0.0,0.0,0.0,0.0,0.0,0.011158911511301994,0.0,0.006921166554093361,0.0,0.013884417712688446,0.0,0.0,0.0,0.0,0.0,0.017269155010581017,0.0,0.00583390099927783,0.0,0.0,,,,,,,,,,,,,,,,,,,,,,,,,,,,,,,,,,,,,,,,,,,,,,,,,,,,,,,,,,,,,,,,,,,,,,,,,,,,,,,,,,,,,,,,,,,,,,,,,,,,,,,,,,,,,,,,,,,,,,,,,,,,,,
2022-01-06,829940.1781233645,166.0438747294877,,,,,,,,,,,76494.84123570709,,1039061.7711000025,,,,,,,,,,,,,,,,,,,,,,,,,,,,,,,,,,,,,,,,,,,3089.6966726842743,,,,,,,,,,,,,,,,,,,,,,24778.59871491787,9685.494097475503,4032.3384669051707,8201.903712248382,3882.4650165091443,50429.51071772687,28332.936521414762,8651.772208592209,35930.86223587339,,,,,,,,,,,,,,,,,,,,,,,,,,,,,,,,,,,,0.007672586012631655,0.0,0.0,0.01092440728098154,0.0,0.0,0.0,0.0,0.0,0.0,0.0,0.0,0.0,0.0,0.0,0.0,,0.0,,0.0,,0.0,0.0,0.0,0.010507198981940746,0.0,,0.0,0.0,0.010712611488997936,0.0,0.012846814468502998,0.0,,0.0,,,,0.0,0.0,0.0,,0.0,0.0,0.0012285824632272124,0.009027548134326935,0.0,,,0.0,,0.0,0.0,0.0,0.0,0.0,0.0,0.0,0.0,0.006439491640776396,0.015234255231916904,0.0,0.0,0.0,,0.011381476186215878,0.0,0.0,0.0,0.015055594965815544,,0.0005889178719371557,0.0,,0.0,0.0,0.0,0.0,,0.0,0.0,0.0,,0.0,,0.0,0.0,,0.0,,0.0,0.0,0.0030229962430894375,0.01743323914706707,0.0,0.012673601508140564,0.0,0.016194811090826988,0.0,,,0.009300514124333858,0.0,,,,,0.0,0.0,0.0,0.0,0.0,0.0,0.0,0.0,0.0,,0.012146583758294582,0.0019998527131974697,0.0,,0.019029388204216957,0.0,0.0015352413756772876,0.0,0.0,0.0,,0.002669151872396469,,0.014855947345495224,0.0,0.0,0.01175154373049736,,0.0,0.0,,0.0,0.0,0.0,0.0,0.0,0.0001421356719220057,0.0011042432161048055,0.0,0.0,0.0046468619257211685,0.003770541399717331,0.0,0.0012880248250439763,,0.02132318913936615,0.0,0.004850889090448618,0.0,,0.0,0.007785265799611807,0.0,0.0,0.0,0.0,0.0061191171407699585,0.0,0.0,0.0,,0.015078713186085224,0.0,0.0,,,,0.006918592378497124,0.002163069089874625,,0.0,0.0,0.0,0.0,,0.0,,0.0,0.0,0.013318006880581379,0.0,0.0,0.0,,,,0.0,0.01897398941218853,0.0,0.0,0.0,,0.0,0.008289680816233158,0.007186546456068754,0.0,,0.0,0.015495573170483112,0.0,0.0,0.0,,0.002988440217450261,0.0071138362400233746,0.006663523148745298,0.0,,0.0029522741679102182,0.007444577291607857,0.00870683416724205,0.0,0.015951599925756454,0.0,,0.0,0.0,0.0,0.0,0.0,0.0,,0.0,,0.005740217864513397,0.007723913062363863,0.0016765532782301307,0.0,0.0,0.0,0.0,,0.0,0.011521018110215664,0.0028374833054840565,,,0.0,0.0,0.0,0.0,0.0,0.0,0.0,0.0,0.0,,0.0,0.0,0.0014217449352145195,,0.0,0.0,0.0,0.015036061406135559,0.0,0.0,0.0,,,0.0,0.002523822244256735,0.0,0.0,0.0,,0.012212172150611877,,0.010441260412335396,0.0,,0.0,0.0001980172237381339,0.0,0.0,,,0.0,0.009777898900210857,,0.011562291532754898,0.0,,,0.0,0.021612513810396194,0.0,0.0,0.0,0.0,0.0,,,0.0,0.0,0.0,0.0,0.0,,,0.0,0.0,0.0,,0.0,0.0,,0.0,0.0,0.010721533559262753,,0.0,0.0,0.0,0.0,,0.0,0.0,,0.0,0.0,0.0,0.000222572882194072,0.004138255026191473,0.0,0.0,0.0,0.0,0.0,0.0,0.0,0.0,,0.01636638306081295,,0.0,0.013081780634820461,0.00596213573589921,0.0,0.0,0.0,0.00783260352909565,0.013072560541331768,0.0,0.01504174992442131,0.0,,0.0,,0.0,0.007702955510467291,0.0,,0.0,0.0,0.0,0.0064319828525185585,0.0,0.0,0.0,0.0,0.006455377209931612,0.002276746090501547,0.0,,,0.0,0.0,0.0,,,,0.0,0.0,,0.0,,0.0,,0.0,,,0.0,,,,,0.0,,0.0,0.009475049562752247,0.0,,0.0,0.0,0.0006172159337438643,,0.011276694014668465,0.0,,0.0,0.008886725641787052,0.0,,,0.0,,0.01935204491019249,0.0,0.0,,0.0,0.0019069688860327005,,,,0.0,0.0,0.0,0.0,0.0,7.387471123365685e-05,,,,0.007764055393636227,0.0,,0.0,,0.0,0.0,0.0,0.0,,,0.0,0.0,,,0.0,,0.0,,0.0,0.0,0.0,0.0,0.0,0.0,0.0,,0.0,0.010640541091561317,0.0,0.0,0.0,,,0.0,0.0,0.0,0.0,0.004161264281719923,0.0073729087598621845,,,,0.007771022617816925,0.0,0.0,0.0,,,0.008342444896697998,0.0,0.0,,0.0,,,,,0.0,0.013751369901001453,0.0,,0.0,,,0.0,,0.006028351373970509,0.0,0.0,0.0,,0.006963010877370834,0.0,,0.0,0.0,0.0,0.0,0.0,,0.0025301980786025524,0.0,0.0,,0.0,0.0,0.0,0.0,0.0,0.0,0.0,,0.0009805925656110048,0.0,0.0,0.007419695612043142,0.0,0.0,0.0,,0.0,0.0,0.0,0.010489208623766899,0.0,0.0,0.0,0.0,0.0,0.0,0.00028485566144809127,0.0,0.0,0.0,,0.0,0.0,0.0,0.0,0.0,0.0,0.0,0.0,0.0,0.004446286242455244,0.0,0.0,0.0,,0.0,0.006903916597366333,,0.0032303640618920326,0.0,0.0,0.0,0.0,0.0,0.007855664007365704,0.0,0.0,0.0,0.011428353376686573,0.0,0.014265907928347588,0.0,0.0,0.0,0.0,0.0,0.0,0.0,0.0,0.0,0.0,0.0,0.0,0.0071387211792171,0.0,0.0,0.0,0.010663309134542942,0.009583434090018272,0.0,0.00991410668939352,0.0,0.0,0.0,0.019269602373242378,0.0,0.0,0.0,0.0,0.0,0.0,0.0,0.0,0.004451911896467209,0.0,0.0,0.0,0.0,0.0,0.015617968514561653,0.0,0.008543897420167923,0.0,0.0,0.017431413754820824,0.0,0.0,0.0,0.0,0.0,0.011158911511301994,0.0,0.006921166554093361,0.0,0.013884417712688446,0.0,0.0,0.0,0.0,0.0,0.017269155010581017,0.0,0.00583390099927783,0.0,0.0,,,,,,,,,,,,,,,,,,,,,,,,,,,,,,,,,,,,,,,,,,,,,,,,,,,,,,,,,,,,,,,,,,,,,,,,,,,,,,,,,,,,,,,,,,,,,,,,,,,,,,,,,,,,,,,,,,,,,,,,,,,,,,
2022-01-07,825220.3734370397,803.0068410664178,,,,,,,,,,,76494.84123570709,,1039061.7711000025,,,,,,,,,,,,,,,,,,,,,,,,,,,,,,,,,,,,,,,,,,,3089.6966726842743,,,,,,,,,,,,,,,,,,,,,,24778.68574229068,9685.013738448202,4032.3384669051707,8201.903712248382,3882.4650165091443,50429.51071772687,28332.936521414762,8585.95823132191,35930.86223587339,,,,,,,,,,,,,,,,,,,,,,,,,,,,,,,,,,,,0.007672586012631655,0.0,0.0,0.01092440728098154,0.0,0.0,0.0,0.0,0.0,0.0,0.0,0.0,0.0,0.0,0.0,0.0,,0.0,,0.0,,0.0,0.0,0.0,0.010507198981940746,0.0,,0.0,0.0,0.010712611488997936,0.0,0.012846814468502998,0.0,,0.0,,,,0.0,0.0,0.0,,0.0,0.0,0.0012285824632272124,0.009027548134326935,0.0,,,0.0,,0.0,0.0,0.0,0.0,0.0,0.0,0.0,0.0,0.006439491640776396,0.015234255231916904,0.0,0.0,0.0,,0.011381476186215878,0.0,0.0,0.0,0.015055594965815544,,0.0005889178719371557,0.0,,0.0,0.0,0.0,0.0,,0.0,0.0,0.0,,0.0,,0.0,0.0,,0.0,,0.0,0.0,0.0030229962430894375,0.01743323914706707,0.0,0.012673601508140564,0.0,0.016194811090826988,0.0,,,0.009300514124333858,0.0,,,,,0.0,0.0,0.0,0.0,0.0,0.0,0.0,0.0,0.0,,0.012146583758294582,0.0019998527131974697,0.0,,0.019029388204216957,0.0,0.0015352413756772876,0.0,0.0,0.0,,0.002669151872396469,,0.014855947345495224,0.0,0.0,0.01175154373049736,,0.0,0.0,,0.0,0.0,0.0,0.0,0.0,0.0001421356719220057,0.0011042432161048055,0.0,0.0,0.0046468619257211685,0.003770541399717331,0.0,0.0012880248250439763,,0.02132318913936615,0.0,0.004850889090448618,0.0,,0.0,0.007785265799611807,0.0,0.0,0.0,0.0,0.0061191171407699585,0.0,0.0,0.0,,0.015078713186085224,0.0,0.0,,,,0.006918592378497124,0.002163069089874625,,0.0,0.0,0.0,0.0,,0.0,,0.0,0.0,0.013318006880581379,0.0,0.0,0.0,,,,0.0,0.01897398941218853,0.0,0.0,0.0,,0.0,0.008289680816233158,0.007186546456068754,0.0,,0.0,0.015495573170483112,0.0,0.0,0.0,,0.002988440217450261,0.0071138362400233746,0.006663523148745298,0.0,,0.0029522741679102182,0.007444577291607857,0.00870683416724205,0.0,0.015951599925756454,0.0,,0.0,0.0,0.0,0.0,0.0,0.0,,0.0,,0.005740217864513397,0.007723913062363863,0.0016765532782301307,0.0,0.0,0.0,0.0,,0.0,0.011521018110215664,0.0028374833054840565,,,0.0,0.0,0.0,0.0,0.0,0.0,0.0,0.0,0.0,,0.0,0.0,0.0014217449352145195,,0.0,0.0,0.0,0.015036061406135559,0.0,0.0,0.0,,,0.0,0.002523822244256735,0.0,0.0,0.0,,0.012212172150611877,,0.010441260412335396,0.0,,0.0,0.0001980172237381339,0.0,0.0,,,0.0,0.009777898900210857,,0.011562291532754898,0.0,,,0.0,0.021612513810396194,0.0,0.0,0.0,0.0,0.0,,,0.0,0.0,0.0,0.0,0.0,,,0.0,0.0,0.0,,0.0,0.0,,0.0,0.0,0.010721533559262753,,0.0,0.0,0.0,0.0,,0.0,0.0,,0.0,0.0,0.0,0.000222572882194072,0.004138255026191473,0.0,0.0,0.0,0.0,0.0,0.0,0.0,0.0,,0.01636638306081295,,0.0,0.013081780634820461,0.00596213573589921,0.0,0.0,0.0,0.00783260352909565,0.013072560541331768,0.0,0.01504174992442131,0.0,,0.0,,0.0,0.007702955510467291,0.0,,0.0,0.0,0.0,0.0064319828525185585,0.0,0.0,0.0,0.0,0.006455377209931612,0.002276746090501547,0.0,,,0.0,0.0,0.0,,,,0.0,0.0,,0.0,,0.0,,0.0,,,0.0,,,,,0.0,,0.0,0.009475049562752247,0.0,,0.0,0.0,0.0006172159337438643,,0.011276694014668465,0.0,,0.0,0.008886725641787052,0.0,,,0.0,,0.01935204491019249,0.0,0.0,,0.0,0.0019069688860327005,,,,0.0,0.0,0.0,0.0,0.0,7.387471123365685e-05,,,,0.007764055393636227,0.0,,0.0,,0.0,0.0,0.0,0.0,,,0.0,0.0,,,0.0,,0.0,,0.0,0.0,0.0,0.0,0.0,0.0,0.0,,0.0,0.010640541091561317,0.0,0.0,0.0,,,0.0,0.0,0.0,0.0,0.004161264281719923,0.0073729087598621845,,,,0.007771022617816925,0.0,0.0,0.0,,,0.008342444896697998,0.0,0.0,,0.0,,,,,0.0,0.013751369901001453,0.0,,0.0,,,0.0,,0.006028351373970509,0.0,0.0,0.0,,0.006963010877370834,0.0,,0.0,0.0,0.0,0.0,0.0,,0.0025301980786025524,0.0,0.0,,0.0,0.0,0.0,0.0,0.0,0.0,0.0,,0.0009805925656110048,0.0,0.0,0.007419695612043142,0.0,0.0,0.0,,0.0,0.0,0.0,0.010489208623766899,0.0,0.0,0.0,0.0,0.0,0.0,0.00028485566144809127,0.0,0.0,0.0,,0.0,0.0,0.0,0.0,0.0,0.0,0.0,0.0,0.0,0.004446286242455244,0.0,0.0,0.0,,0.0,0.006903916597366333,,0.0032303640618920326,0.0,0.0,0.0,0.0,0.0,0.007855664007365704,0.0,0.0,0.0,0.011428353376686573,0.0,0.014265907928347588,0.0,0.0,0.0,0.0,0.0,0.0,0.0,0.0,0.0,0.0,0.0,0.0,0.0071387211792171,0.0,0.0,0.0,0.010663309134542942,0.009583434090018272,0.0,0.00991410668939352,0.0,0.0,0.0,0.019269602373242378,0.0,0.0,0.0,0.0,0.0,0.0,0.0,0.0,0.004451911896467209,0.0,0.0,0.0,0.0,0.0,0.015617968514561653,0.0,0.008543897420167923,0.0,0.0,0.017431413754820824,0.0,0.0,0.0,0.0,0.0,0.011158911511301994,0.0,0.006921166554093361,0.0,0.013884417712688446,0.0,0.0,0.0,0.0,0.0,0.017269155010581017,0.0,0.00583390099927783,0.0,0.0,,,,,,,,,,,,,,,,,,,,,,,,,,,,,,,,,,,,,,,,,,,,,,,,,,,,,,,,,,,,,,,,,,,,,,,,,,,,,,,,,,,,,,,,,,,,,,,,,,,,,,,,,,,,,,,,,,,,,,,,,,,,,,
2022-01-10,831791.7192505577,19.337239886087104,,,,,,,,,,,76494.84123570709,,1039061.7711000025,,,,,,,,,,,,,,,,,,,,,,,,,,,,,,,,,,,,,,,,,,,3089.6966726842743,,,,,,,,,,,,,,,,,,,,,,24779.12311988212,9685.014940789286,4032.3384669051707,8201.903712248382,3882.4650165091443,50954.7640759497,28332.936521414762,8585.95823132191,35930.86223587339,,,,,,,,,,,,,,,,,,,,,,,,,,,,,,,,,,,,0.007672586012631655,0.0,0.0,0.01092440728098154,0.0,0.0,0.0,0.0,0.0,0.0,0.0,0.0,0.0,0.0,0.0,0.0,,0.0,,0.0,,0.0,0.0,0.0,0.010507198981940746,0.0,,0.0,0.0,0.010712611488997936,0.0,0.012846814468502998,0.0,,0.0,,,,0.0,0.0,0.0,,0.0,0.0,0.0012285824632272124,0.009027548134326935,0.0,,,0.0,,0.0,0.0,0.0,0.0,0.0,0.0,0.0,0.0,0.006439491640776396,0.015234255231916904,0.0,0.0,0.0,,0.011381476186215878,0.0,0.0,0.0,0.015055594965815544,,0.0005889178719371557,0.0,,0.0,0.0,0.0,0.0,,0.0,0.0,0.0,,0.0,,0.0,0.0,,0.0,,0.0,0.0,0.0030229962430894375,0.01743323914706707,0.0,0.012673601508140564,0.0,0.016194811090826988,0.0,,,0.009300514124333858,0.0,,,,,0.0,0.0,0.0,0.0,0.0,0.0,0.0,0.0,0.0,,0.012146583758294582,0.0019998527131974697,0.0,,0.019029388204216957,0.0,0.0015352413756772876,0.0,0.0,0.0,,0.002669151872396469,,0.014855947345495224,0.0,0.0,0.01175154373049736,,0.0,0.0,,0.0,0.0,0.0,0.0,0.0,0.0001421356719220057,0.0011042432161048055,0.0,0.0,0.0046468619257211685,0.003770541399717331,0.0,0.0012880248250439763,,0.02132318913936615,0.0,0.004850889090448618,0.0,,0.0,0.007785265799611807,0.0,0.0,0.0,0.0,0.0061191171407699585,0.0,0.0,0.0,,0.015078713186085224,0.0,0.0,,,,0.006918592378497124,0.002163069089874625,,0.0,0.0,0.0,0.0,,0.0,,0.0,0.0,0.013318006880581379,0.0,0.0,0.0,,,,0.0,0.01897398941218853,0.0,0.0,0.0,,0.0,0.008289680816233158,0.007186546456068754,0.0,,0.0,0.015495573170483112,0.0,0.0,0.0,,0.002988440217450261,0.0071138362400233746,0.006663523148745298,0.0,,0.0029522741679102182,0.007444577291607857,0.00870683416724205,0.0,0.015951599925756454,0.0,,0.0,0.0,0.0,0.0,0.0,0.0,,0.0,,0.005740217864513397,0.007723913062363863,0.0016765532782301307,0.0,0.0,0.0,0.0,,0.0,0.011521018110215664,0.0028374833054840565,,,0.0,0.0,0.0,0.0,0.0,0.0,0.0,0.0,0.0,,0.0,0.0,0.0014217449352145195,,0.0,0.0,0.0,0.015036061406135559,0.0,0.0,0.0,,,0.0,0.002523822244256735,0.0,0.0,0.0,,0.012212172150611877,,0.010441260412335396,0.0,,0.0,0.0001980172237381339,0.0,0.0,,,0.0,0.009777898900210857,,0.011562291532754898,0.0,,,0.0,0.021612513810396194,0.0,0.0,0.0,0.0,0.0,,,0.0,0.0,0.0,0.0,0.0,,,0.0,0.0,0.0,,0.0,0.0,,0.0,0.0,0.010721533559262753,,0.0,0.0,0.0,0.0,,0.0,0.0,,0.0,0.0,0.0,0.000222572882194072,0.004138255026191473,0.0,0.0,0.0,0.0,0.0,0.0,0.0,0.0,,0.01636638306081295,,0.0,0.013081780634820461,0.00596213573589921,0.0,0.0,0.0,0.00783260352909565,0.013072560541331768,0.0,0.01504174992442131,0.0,,0.0,,0.0,0.007702955510467291,0.0,,0.0,0.0,0.0,0.0064319828525185585,0.0,0.0,0.0,0.0,0.006455377209931612,0.002276746090501547,0.0,,,0.0,0.0,0.0,,,,0.0,0.0,,0.0,,0.0,,0.0,,,0.0,,,,,0.0,,0.0,0.009475049562752247,0.0,,0.0,0.0,0.0006172159337438643,,0.011276694014668465,0.0,,0.0,0.008886725641787052,0.0,,,0.0,,0.01935204491019249,0.0,0.0,,0.0,0.0019069688860327005,,,,0.0,0.0,0.0,0.0,0.0,7.387471123365685e-05,,,,0.007764055393636227,0.0,,0.0,,0.0,0.0,0.0,0.0,,,0.0,0.0,,,0.0,,0.0,,0.0,0.0,0.0,0.0,0.0,0.0,0.0,,0.0,0.010640541091561317,0.0,0.0,0.0,,,0.0,0.0,0.0,0.0,0.004161264281719923,0.0073729087598621845,,,,0.007771022617816925,0.0,0.0,0.0,,,0.008342444896697998,0.0,0.0,,0.0,,,,,0.0,0.013751369901001453,0.0,,0.0,,,0.0,,0.006028351373970509,0.0,0.0,0.0,,0.006963010877370834,0.0,,0.0,0.0,0.0,0.0,0.0,,0.0025301980786025524,0.0,0.0,,0.0,0.0,0.0,0.0,0.0,0.0,0.0,,0.0009805925656110048,0.0,0.0,0.007419695612043142,0.0,0.0,0.0,,0.0,0.0,0.0,0.010489208623766899,0.0,0.0,0.0,0.0,0.0,0.0,0.00028485566144809127,0.0,0.0,0.0,,0.0,0.0,0.0,0.0,0.0,0.0,0.0,0.0,0.0,0.004446286242455244,0.0,0.0,0.0,,0.0,0.006903916597366333,,0.0032303640618920326,0.0,0.0,0.0,0.0,0.0,0.007855664007365704,0.0,0.0,0.0,0.011428353376686573,0.0,0.014265907928347588,0.0,0.0,0.0,0.0,0.0,0.0,0.0,0.0,0.0,0.0,0.0,0.0,0.0071387211792171,0.0,0.0,0.0,0.010663309134542942,0.009583434090018272,0.0,0.00991410668939352,0.0,0.0,0.0,0.019269602373242378,0.0,0.0,0.0,0.0,0.0,0.0,0.0,0.0,0.004451911896467209,0.0,0.0,0.0,0.0,0.0,0.015617968514561653,0.0,0.008543897420167923,0.0,0.0,0.017431413754820824,0.0,0.0,0.0,0.0,0.0,0.011158911511301994,0.0,0.006921166554093361,0.0,0.013884417712688446,0.0,0.0,0.0,0.0,0.0,0.017269155010581017,0.0,0.00583390099927783,0.0,0.0,,,,,,,,,,,,,,,,,,,,,,,,,,,,,,,,,,,,,,,,,,,,,,,,,,,,,,,,,,,,,,,,,,,,,,,,,,,,,,,,,,,,,,,,,,,,,,,,,,,,,,,,,,,,,,,,,,,,,,,,,,,,,,
2022-01-11,827383.1439675037,371.3422048316405,,,,,,,,,,,76494.84123570709,,1039061.7711000025,,,,,,,,,,,,,,,,,,,,,,,,,,,,,,,,,,,,,,,,,,,3089.6966726842743,,,,,,,,,,,,,,,,,,,,,,24779.466784536184,9581.48639239909,4032.3384669051707,8201.903712248382,3882.4650165091443,51480.052915341505,28250.093069776216,8585.95823132191,35930.86223587339,,,,,,,,,,,,,,,,,,,,,,,,,,,,,,,,,,,,0.007672586012631655,0.0,0.0,0.01092440728098154,0.0,0.0,0.0,0.0,0.0,0.0,0.0,0.0,0.0,0.0,0.0,0.0,,0.0,,0.0,,0.0,0.0,0.0,0.010507198981940746,0.0,,0.0,0.0,0.010712611488997936,0.0,0.012846814468502998,0.0,,0.0,,,,0.0,0.0,0.0,,0.0,0.0,0.0012285824632272124,0.009027548134326935,0.0,,,0.0,,0.0,0.0,0.0,0.0,0.0,0.0,0.0,0.0,0.006439491640776396,0.015234255231916904,0.0,0.0,0.0,,0.011381476186215878,0.0,0.0,0.0,0.015055594965815544,,0.0005889178719371557,0.0,,0.0,0.0,0.0,0.0,,0.0,0.0,0.0,,0.0,,0.0,0.0,,0.0,,0.0,0.0,0.0030229962430894375,0.01743323914706707,0.0,0.012673601508140564,0.0,0.016194811090826988,0.0,,,0.009300514124333858,0.0,,,,,0.0,0.0,0.0,0.0,0.0,0.0,0.0,0.0,0.0,,0.012146583758294582,0.0019998527131974697,0.0,,0.019029388204216957,0.0,0.0015352413756772876,0.0,0.0,0.0,,0.002669151872396469,,0.014855947345495224,0.0,0.0,0.01175154373049736,,0.0,0.0,,0.0,0.0,0.0,0.0,0.0,0.0001421356719220057,0.0011042432161048055,0.0,0.0,0.0046468619257211685,0.003770541399717331,0.0,0.0012880248250439763,,0.02132318913936615,0.0,0.004850889090448618,0.0,,0.0,0.007785265799611807,0.0,0.0,0.0,0.0,0.0061191171407699585,0.0,0.0,0.0,,0.015078713186085224,0.0,0.0,,,,0.006918592378497124,0.002163069089874625,,0.0,0.0,0.0,0.0,,0.0,,0.0,0.0,0.013318006880581379,0.0,0.0,0.0,,,,0.0,0.01897398941218853,0.0,0.0,0.0,,0.0,0.008289680816233158,0.007186546456068754,0.0,,0.0,0.015495573170483112,0.0,0.0,0.0,,0.002988440217450261,0.0071138362400233746,0.006663523148745298,0.0,,0.0029522741679102182,0.007444577291607857,0.00870683416724205,0.0,0.015951599925756454,0.0,,0.0,0.0,0.0,0.0,0.0,0.0,,0.0,,0.005740217864513397,0.007723913062363863,0.0016765532782301307,0.0,0.0,0.0,0.0,,0.0,0.011521018110215664,0.0028374833054840565,,,0.0,0.0,0.0,0.0,0.0,0.0,0.0,0.0,0.0,,0.0,0.0,0.0014217449352145195,,0.0,0.0,0.0,0.015036061406135559,0.0,0.0,0.0,,,0.0,0.002523822244256735,0.0,0.0,0.0,,0.012212172150611877,,0.010441260412335396,0.0,,0.0,0.0001980172237381339,0.0,0.0,,,0.0,0.009777898900210857,,0.011562291532754898,0.0,,,0.0,0.021612513810396194,0.0,0.0,0.0,0.0,0.0,,,0.0,0.0,0.0,0.0,0.0,,,0.0,0.0,0.0,,0.0,0.0,,0.0,0.0,0.010721533559262753,,0.0,0.0,0.0,0.0,,0.0,0.0,,0.0,0.0,0.0,0.000222572882194072,0.004138255026191473,0.0,0.0,0.0,0.0,0.0,0.0,0.0,0.0,,0.01636638306081295,,0.0,0.013081780634820461,0.00596213573589921,0.0,0.0,0.0,0.00783260352909565,0.013072560541331768,0.0,0.01504174992442131,0.0,,0.0,,0.0,0.007702955510467291,0.0,,0.0,0.0,0.0,0.0064319828525185585,0.0,0.0,0.0,0.0,0.006455377209931612,0.002276746090501547,0.0,,,0.0,0.0,0.0,,,,0.0,0.0,,0.0,,0.0,,0.0,,,0.0,,,,,0.0,,0.0,0.009475049562752247,0.0,,0.0,0.0,0.0006172159337438643,,0.011276694014668465,0.0,,0.0,0.008886725641787052,0.0,,,0.0,,0.01935204491019249,0.0,0.0,,0.0,0.0019069688860327005,,,,0.0,0.0,0.0,0.0,0.0,7.387471123365685e-05,,,,0.007764055393636227,0.0,,0.0,,0.0,0.0,0.0,0.0,,,0.0,0.0,,,0.0,,0.0,,0.0,0.0,0.0,0.0,0.0,0.0,0.0,,0.0,0.010640541091561317,0.0,0.0,0.0,,,0.0,0.0,0.0,0.0,0.004161264281719923,0.0073729087598621845,,,,0.007771022617816925,0.0,0.0,0.0,,,0.008342444896697998,0.0,0.0,,0.0,,,,,0.0,0.013751369901001453,0.0,,0.0,,,0.0,,0.006028351373970509,0.0,0.0,0.0,,0.006963010877370834,0.0,,0.0,0.0,0.0,0.0,0.0,,0.0025301980786025524,0.0,0.0,,0.0,0.0,0.0,0.0,0.0,0.0,0.0,,0.0009805925656110048,0.0,0.0,0.007419695612043142,0.0,0.0,0.0,,0.0,0.0,0.0,0.010489208623766899,0.0,0.0,0.0,0.0,0.0,0.0,0.00028485566144809127,0.0,0.0,0.0,,0.0,0.0,0.0,0.0,0.0,0.0,0.0,0.0,0.0,0.004446286242455244,0.0,0.0,0.0,,0.0,0.006903916597366333,,0.0032303640618920326,0.0,0.0,0.0,0.0,0.0,0.007855664007365704,0.0,0.0,0.0,0.011428353376686573,0.0,0.014265907928347588,0.0,0.0,0.0,0.0,0.0,0.0,0.0,0.0,0.0,0.0,0.0,0.0,0.0071387211792171,0.0,0.0,0.0,0.010663309134542942,0.009583434090018272,0.0,0.00991410668939352,0.0,0.0,0.0,0.019269602373242378,0.0,0.0,0.0,0.0,0.0,0.0,0.0,0.0,0.004451911896467209,0.0,0.0,0.0,0.0,0.0,0.015617968514561653,0.0,0.008543897420167923,0.0,0.0,0.017431413754820824,0.0,0.0,0.0,0.0,0.0,0.011158911511301994,0.0,0.006921166554093361,0.0,0.013884417712688446,0.0,0.0,0.0,0.0,0.0,0.017269155010581017,0.0,0.00583390099927783,0.0,0.0,,,,,,,,,,,,,,,,,,,,,,,,,,,,,,,,,,,,,,,,,,,,,,,,,,,,,,,,,,,,,,,,,,,,,,,,,,,,,,,,,,,,,,,,,,,,,,,,,,,,,,,,,,,,,,,,,,,,,,,,,,,,,,
2022-01-12,825583.489127032,391.01328472169143,,,,,,,,,,,76494.84123570709,,1039061.7711000025,,,,,,,,,,,,,,,,,,,,,,,,,,,,,,,,,,,,,,,,,,,3089.6966726842743,,,,,,,,,,,,,,,,,,,,,,24779.094109665813,9580.921977226699,4032.3384669051707,8201.903712248382,3882.4650165091443,51480.052915341505,28245.451849294368,8585.95823132191,35930.86223587339,,,,,,,,,,,,,,,,,,,,,,,,,,,,,,,,,,,,0.007672586012631655,0.0,0.0,0.01092440728098154,0.0,0.0,0.0,0.0,0.0,0.0,0.0,0.0,0.0,0.0,0.0,0.0,,0.0,,0.0,,0.0,0.0,0.0,0.010507198981940746,0.0,,0.0,0.0,0.010712611488997936,0.0,0.012846814468502998,0.0,,0.0,,,,0.0,0.0,0.0,,0.0,0.0,0.0012285824632272124,0.009027548134326935,0.0,,,0.0,,0.0,0.0,0.0,0.0,0.0,0.0,0.0,0.0,0.006439491640776396,0.015234255231916904,0.0,0.0,0.0,,0.011381476186215878,0.0,0.0,0.0,0.015055594965815544,,0.0005889178719371557,0.0,,0.0,0.0,0.0,0.0,,0.0,0.0,0.0,,0.0,,0.0,0.0,,0.0,,0.0,0.0,0.0030229962430894375,0.01743323914706707,0.0,0.012673601508140564,0.0,0.016194811090826988,0.0,,,0.009300514124333858,0.0,,,,,0.0,0.0,0.0,0.0,0.0,0.0,0.0,0.0,0.0,,0.012146583758294582,0.0019998527131974697,0.0,,0.019029388204216957,0.0,0.0015352413756772876,0.0,0.0,0.0,,0.002669151872396469,,0.014855947345495224,0.0,0.0,0.01175154373049736,,0.0,0.0,,0.0,0.0,0.0,0.0,0.0,0.0001421356719220057,0.0011042432161048055,0.0,0.0,0.0046468619257211685,0.003770541399717331,0.0,0.0012880248250439763,,0.02132318913936615,0.0,0.004850889090448618,0.0,,0.0,0.007785265799611807,0.0,0.0,0.0,0.0,0.0061191171407699585,0.0,0.0,0.0,,0.015078713186085224,0.0,0.0,,,,0.006918592378497124,0.002163069089874625,,0.0,0.0,0.0,0.0,,0.0,,0.0,0.0,0.013318006880581379,0.0,0.0,0.0,,,,0.0,0.01897398941218853,0.0,0.0,0.0,,0.0,0.008289680816233158,0.007186546456068754,0.0,,0.0,0.015495573170483112,0.0,0.0,0.0,,0.002988440217450261,0.0071138362400233746,0.006663523148745298,0.0,,0.0029522741679102182,0.007444577291607857,0.00870683416724205,0.0,0.015951599925756454,0.0,,0.0,0.0,0.0,0.0,0.0,0.0,,0.0,,0.005740217864513397,0.007723913062363863,0.0016765532782301307,0.0,0.0,0.0,0.0,,0.0,0.011521018110215664,0.0028374833054840565,,,0.0,0.0,0.0,0.0,0.0,0.0,0.0,0.0,0.0,,0.0,0.0,0.0014217449352145195,,0.0,0.0,0.0,0.015036061406135559,0.0,0.0,0.0,,,0.0,0.002523822244256735,0.0,0.0,0.0,,0.012212172150611877,,0.010441260412335396,0.0,,0.0,0.0001980172237381339,0.0,0.0,,,0.0,0.009777898900210857,,0.011562291532754898,0.0,,,0.0,0.021612513810396194,0.0,0.0,0.0,0.0,0.0,,,0.0,0.0,0.0,0.0,0.0,,,0.0,0.0,0.0,,0.0,0.0,,0.0,0.0,0.010721533559262753,,0.0,0.0,0.0,0.0,,0.0,0.0,,0.0,0.0,0.0,0.000222572882194072,0.004138255026191473,0.0,0.0,0.0,0.0,0.0,0.0,0.0,0.0,,0.01636638306081295,,0.0,0.013081780634820461,0.00596213573589921,0.0,0.0,0.0,0.00783260352909565,0.013072560541331768,0.0,0.01504174992442131,0.0,,0.0,,0.0,0.007702955510467291,0.0,,0.0,0.0,0.0,0.0064319828525185585,0.0,0.0,0.0,0.0,0.006455377209931612,0.002276746090501547,0.0,,,0.0,0.0,0.0,,,,0.0,0.0,,0.0,,0.0,,0.0,,,0.0,,,,,0.0,,0.0,0.009475049562752247,0.0,,0.0,0.0,0.0006172159337438643,,0.011276694014668465,0.0,,0.0,0.008886725641787052,0.0,,,0.0,,0.01935204491019249,0.0,0.0,,0.0,0.0019069688860327005,,,,0.0,0.0,0.0,0.0,0.0,7.387471123365685e-05,,,,0.007764055393636227,0.0,,0.0,,0.0,0.0,0.0,0.0,,,0.0,0.0,,,0.0,,0.0,,0.0,0.0,0.0,0.0,0.0,0.0,0.0,,0.0,0.010640541091561317,0.0,0.0,0.0,,,0.0,0.0,0.0,0.0,0.004161264281719923,0.0073729087598621845,,,,0.007771022617816925,0.0,0.0,0.0,,,0.008342444896697998,0.0,0.0,,0.0,,,,,0.0,0.013751369901001453,0.0,,0.0,,,0.0,,0.006028351373970509,0.0,0.0,0.0,,0.006963010877370834,0.0,,0.0,0.0,0.0,0.0,0.0,,0.0025301980786025524,0.0,0.0,,0.0,0.0,0.0,0.0,0.0,0.0,0.0,,0.0009805925656110048,0.0,0.0,0.007419695612043142,0.0,0.0,0.0,,0.0,0.0,0.0,0.010489208623766899,0.0,0.0,0.0,0.0,0.0,0.0,0.00028485566144809127,0.0,0.0,0.0,,0.0,0.0,0.0,0.0,0.0,0.0,0.0,0.0,0.0,0.004446286242455244,0.0,0.0,0.0,,0.0,0.006903916597366333,,0.0032303640618920326,0.0,0.0,0.0,0.0,0.0,0.007855664007365704,0.0,0.0,0.0,0.011428353376686573,0.0,0.014265907928347588,0.0,0.0,0.0,0.0,0.0,0.0,0.0,0.0,0.0,0.0,0.0,0.0,0.0071387211792171,0.0,0.0,0.0,0.010663309134542942,0.009583434090018272,0.0,0.00991410668939352,0.0,0.0,0.0,0.019269602373242378,0.0,0.0,0.0,0.0,0.0,0.0,0.0,0.0,0.004451911896467209,0.0,0.0,0.0,0.0,0.0,0.015617968514561653,0.0,0.008543897420167923,0.0,0.0,0.017431413754820824,0.0,0.0,0.0,0.0,0.0,0.011158911511301994,0.0,0.006921166554093361,0.0,0.013884417712688446,0.0,0.0,0.0,0.0,0.0,0.017269155010581017,0.0,0.00583390099927783,0.0,0.0,,,,,,,,,,,,,,,,,,,,,,,,,,,,,,,,,,,,,,,,,,,,,,,,,,,,,,,,,,,,,,,,,,,,,,,,,,,,,,,,,,,,,,,,,,,,,,,,,,,,,,,,,,,,,,,,,,,,,,,,,,,,,,
2022-01-13,823034.7530838805,379.52796264307204,,,,,,,,,,,76494.84123570709,,1039061.7711000025,,,,,,,,,,,,,,,,,,,,,,,,,,,,,,,,,,,,,,,,,,,3089.6966726842743,,,,,,,,,,,,,,,,,,,,,,24779.265940398927,9581.400149738876,4032.3384669051707,8201.903712248382,3882.4650165091443,51480.052915341505,28247.78110370585,8585.95823132191,35930.86223587339,,,,,,,,,,,,,,,,,,,,,,,,,,,,,,,,,,,,0.007672586012631655,0.0,0.0,0.01092440728098154,0.0,0.0,0.0,0.0,0.0,0.0,0.0,0.0,0.0,0.0,0.0,0.0,,0.0,,0.0,,0.0,0.0,0.0,0.010507198981940746,0.0,,0.0,0.0,0.010712611488997936,0.0,0.012846814468502998,0.0,,0.0,,,,0.0,0.0,0.0,,0.0,0.0,0.0012285824632272124,0.009027548134326935,0.0,,,0.0,,0.0,0.0,0.0,0.0,0.0,0.0,0.0,0.0,0.006439491640776396,0.015234255231916904,0.0,0.0,0.0,,0.011381476186215878,0.0,0.0,0.0,0.015055594965815544,,0.0005889178719371557,0.0,,0.0,0.0,0.0,0.0,,0.0,0.0,0.0,,0.0,,0.0,0.0,,0.0,,0.0,0.0,0.0030229962430894375,0.01743323914706707,0.0,0.012673601508140564,0.0,0.016194811090826988,0.0,,,0.009300514124333858,0.0,,,,,0.0,0.0,0.0,0.0,0.0,0.0,0.0,0.0,0.0,,0.012146583758294582,0.0019998527131974697,0.0,,0.019029388204216957,0.0,0.0015352413756772876,0.0,0.0,0.0,,0.002669151872396469,,0.014855947345495224,0.0,0.0,0.01175154373049736,,0.0,0.0,,0.0,0.0,0.0,0.0,0.0,0.0001421356719220057,0.0011042432161048055,0.0,0.0,0.0046468619257211685,0.003770541399717331,0.0,0.0012880248250439763,,0.02132318913936615,0.0,0.004850889090448618,0.0,,0.0,0.007785265799611807,0.0,0.0,0.0,0.0,0.0061191171407699585,0.0,0.0,0.0,,0.015078713186085224,0.0,0.0,,,,0.006918592378497124,0.002163069089874625,,0.0,0.0,0.0,0.0,,0.0,,0.0,0.0,0.013318006880581379,0.0,0.0,0.0,,,,0.0,0.01897398941218853,0.0,0.0,0.0,,0.0,0.008289680816233158,0.007186546456068754,0.0,,0.0,0.015495573170483112,0.0,0.0,0.0,,0.002988440217450261,0.0071138362400233746,0.006663523148745298,0.0,,0.0029522741679102182,0.007444577291607857,0.00870683416724205,0.0,0.015951599925756454,0.0,,0.0,0.0,0.0,0.0,0.0,0.0,,0.0,,0.005740217864513397,0.007723913062363863,0.0016765532782301307,0.0,0.0,0.0,0.0,,0.0,0.011521018110215664,0.0028374833054840565,,,0.0,0.0,0.0,0.0,0.0,0.0,0.0,0.0,0.0,,0.0,0.0,0.0014217449352145195,,0.0,0.0,0.0,0.015036061406135559,0.0,0.0,0.0,,,0.0,0.002523822244256735,0.0,0.0,0.0,,0.012212172150611877,,0.010441260412335396,0.0,,0.0,0.0001980172237381339,0.0,0.0,,,0.0,0.009777898900210857,,0.011562291532754898,0.0,,,0.0,0.021612513810396194,0.0,0.0,0.0,0.0,0.0,,,0.0,0.0,0.0,0.0,0.0,,,0.0,0.0,0.0,,0.0,0.0,,0.0,0.0,0.010721533559262753,,0.0,0.0,0.0,0.0,,0.0,0.0,,0.0,0.0,0.0,0.000222572882194072,0.004138255026191473,0.0,0.0,0.0,0.0,0.0,0.0,0.0,0.0,,0.01636638306081295,,0.0,0.013081780634820461,0.00596213573589921,0.0,0.0,0.0,0.00783260352909565,0.013072560541331768,0.0,0.01504174992442131,0.0,,0.0,,0.0,0.007702955510467291,0.0,,0.0,0.0,0.0,0.0064319828525185585,0.0,0.0,0.0,0.0,0.006455377209931612,0.002276746090501547,0.0,,,0.0,0.0,0.0,,,,0.0,0.0,,0.0,,0.0,,0.0,,,0.0,,,,,0.0,,0.0,0.009475049562752247,0.0,,0.0,0.0,0.0006172159337438643,,0.011276694014668465,0.0,,0.0,0.008886725641787052,0.0,,,0.0,,0.01935204491019249,0.0,0.0,,0.0,0.0019069688860327005,,,,0.0,0.0,0.0,0.0,0.0,7.387471123365685e-05,,,,0.007764055393636227,0.0,,0.0,,0.0,0.0,0.0,0.0,,,0.0,0.0,,,0.0,,0.0,,0.0,0.0,0.0,0.0,0.0,0.0,0.0,,0.0,0.010640541091561317,0.0,0.0,0.0,,,0.0,0.0,0.0,0.0,0.004161264281719923,0.0073729087598621845,,,,0.007771022617816925,0.0,0.0,0.0,,,0.008342444896697998,0.0,0.0,,0.0,,,,,0.0,0.013751369901001453,0.0,,0.0,,,0.0,,0.006028351373970509,0.0,0.0,0.0,,0.006963010877370834,0.0,,0.0,0.0,0.0,0.0,0.0,,0.0025301980786025524,0.0,0.0,,0.0,0.0,0.0,0.0,0.0,0.0,0.0,,0.0009805925656110048,0.0,0.0,0.007419695612043142,0.0,0.0,0.0,,0.0,0.0,0.0,0.010489208623766899,0.0,0.0,0.0,0.0,0.0,0.0,0.00028485566144809127,0.0,0.0,0.0,,0.0,0.0,0.0,0.0,0.0,0.0,0.0,0.0,0.0,0.004446286242455244,0.0,0.0,0.0,,0.0,0.006903916597366333,,0.0032303640618920326,0.0,0.0,0.0,0.0,0.0,0.007855664007365704,0.0,0.0,0.0,0.011428353376686573,0.0,0.014265907928347588,0.0,0.0,0.0,0.0,0.0,0.0,0.0,0.0,0.0,0.0,0.0,0.0,0.0071387211792171,0.0,0.0,0.0,0.010663309134542942,0.009583434090018272,0.0,0.00991410668939352,0.0,0.0,0.0,0.019269602373242378,0.0,0.0,0.0,0.0,0.0,0.0,0.0,0.0,0.004451911896467209,0.0,0.0,0.0,0.0,0.0,0.015617968514561653,0.0,0.008543897420167923,0.0,0.0,0.017431413754820824,0.0,0.0,0.0,0.0,0.0,0.011158911511301994,0.0,0.006921166554093361,0.0,0.013884417712688446,0.0,0.0,0.0,0.0,0.0,0.017269155010581017,0.0,0.00583390099927783,0.0,0.0,,,,,,,,,,,,,,,,,,,,,,,,,,,,,,,,,,,,,,,,,,,,,,,,,,,,,,,,,,,,,,,,,,,,,,,,,,,,,,,,,,,,,,,,,,,,,,,,,,,,,,,,,,,,,,,,,,,,,,,,,,,,,,
2022-01-14,814119.3044404351,574.3441198927537,,,,,,,,,,,76494.84123570709,,1039061.7711000025,,,,,,,,,,,,,,,,,,,,,,,,,,,,,,,,,,,,,,,,,,,3089.6966726842743,,,,,,,,,,,,,,,,,,,,,,24173.39798773137,9581.400149738876,4032.3384669051707,8201.903712248382,3882.4650165091443,53055.635163997526,28072.295693582673,8585.95823132191,35930.86223587339,,,,,,,,,,,,,,,,,,,,,,,,,,,,,,,,,,,,0.007672586012631655,0.0,0.0,0.01092440728098154,0.0,0.0,0.0,0.0,0.0,0.0,0.0,0.0,0.0,0.0,0.0,0.0,,0.0,,0.0,,0.0,0.0,0.0,0.010507198981940746,0.0,,0.0,0.0,0.010712611488997936,0.0,0.012846814468502998,0.0,,0.0,,,,0.0,0.0,0.0,,0.0,0.0,0.0012285824632272124,0.009027548134326935,0.0,,,0.0,,0.0,0.0,0.0,0.0,0.0,0.0,0.0,0.0,0.006439491640776396,0.015234255231916904,0.0,0.0,0.0,,0.011381476186215878,0.0,0.0,0.0,0.015055594965815544,,0.0005889178719371557,0.0,,0.0,0.0,0.0,0.0,,0.0,0.0,0.0,,0.0,,0.0,0.0,,0.0,,0.0,0.0,0.0030229962430894375,0.01743323914706707,0.0,0.012673601508140564,0.0,0.016194811090826988,0.0,,,0.009300514124333858,0.0,,,,,0.0,0.0,0.0,0.0,0.0,0.0,0.0,0.0,0.0,,0.012146583758294582,0.0019998527131974697,0.0,,0.019029388204216957,0.0,0.0015352413756772876,0.0,0.0,0.0,,0.002669151872396469,,0.014855947345495224,0.0,0.0,0.01175154373049736,,0.0,0.0,,0.0,0.0,0.0,0.0,0.0,0.0001421356719220057,0.0011042432161048055,0.0,0.0,0.0046468619257211685,0.003770541399717331,0.0,0.0012880248250439763,,0.02132318913936615,0.0,0.004850889090448618,0.0,,0.0,0.007785265799611807,0.0,0.0,0.0,0.0,0.0061191171407699585,0.0,0.0,0.0,,0.015078713186085224,0.0,0.0,,,,0.006918592378497124,0.002163069089874625,,0.0,0.0,0.0,0.0,,0.0,,0.0,0.0,0.013318006880581379,0.0,0.0,0.0,,,,0.0,0.01897398941218853,0.0,0.0,0.0,,0.0,0.008289680816233158,0.007186546456068754,0.0,,0.0,0.015495573170483112,0.0,0.0,0.0,,0.002988440217450261,0.0071138362400233746,0.006663523148745298,0.0,,0.0029522741679102182,0.007444577291607857,0.00870683416724205,0.0,0.015951599925756454,0.0,,0.0,0.0,0.0,0.0,0.0,0.0,,0.0,,0.005740217864513397,0.007723913062363863,0.0016765532782301307,0.0,0.0,0.0,0.0,,0.0,0.011521018110215664,0.0028374833054840565,,,0.0,0.0,0.0,0.0,0.0,0.0,0.0,0.0,0.0,,0.0,0.0,0.0014217449352145195,,0.0,0.0,0.0,0.015036061406135559,0.0,0.0,0.0,,,0.0,0.002523822244256735,0.0,0.0,0.0,,0.012212172150611877,,0.010441260412335396,0.0,,0.0,0.0001980172237381339,0.0,0.0,,,0.0,0.009777898900210857,,0.011562291532754898,0.0,,,0.0,0.021612513810396194,0.0,0.0,0.0,0.0,0.0,,,0.0,0.0,0.0,0.0,0.0,,,0.0,0.0,0.0,,0.0,0.0,,0.0,0.0,0.010721533559262753,,0.0,0.0,0.0,0.0,,0.0,0.0,,0.0,0.0,0.0,0.000222572882194072,0.004138255026191473,0.0,0.0,0.0,0.0,0.0,0.0,0.0,0.0,,0.01636638306081295,,0.0,0.013081780634820461,0.00596213573589921,0.0,0.0,0.0,0.00783260352909565,0.013072560541331768,0.0,0.01504174992442131,0.0,,0.0,,0.0,0.007702955510467291,0.0,,0.0,0.0,0.0,0.0064319828525185585,0.0,0.0,0.0,0.0,0.006455377209931612,0.002276746090501547,0.0,,,0.0,0.0,0.0,,,,0.0,0.0,,0.0,,0.0,,0.0,,,0.0,,,,,0.0,,0.0,0.009475049562752247,0.0,,0.0,0.0,0.0006172159337438643,,0.011276694014668465,0.0,,0.0,0.008886725641787052,0.0,,,0.0,,0.01935204491019249,0.0,0.0,,0.0,0.0019069688860327005,,,,0.0,0.0,0.0,0.0,0.0,7.387471123365685e-05,,,,0.007764055393636227,0.0,,0.0,,0.0,0.0,0.0,0.0,,,0.0,0.0,,,0.0,,0.0,,0.0,0.0,0.0,0.0,0.0,0.0,0.0,,0.0,0.010640541091561317,0.0,0.0,0.0,,,0.0,0.0,0.0,0.0,0.004161264281719923,0.0073729087598621845,,,,0.007771022617816925,0.0,0.0,0.0,,,0.008342444896697998,0.0,0.0,,0.0,,,,,0.0,0.013751369901001453,0.0,,0.0,,,0.0,,0.006028351373970509,0.0,0.0,0.0,,0.006963010877370834,0.0,,0.0,0.0,0.0,0.0,0.0,,0.0025301980786025524,0.0,0.0,,0.0,0.0,0.0,0.0,0.0,0.0,0.0,,0.0009805925656110048,0.0,0.0,0.007419695612043142,0.0,0.0,0.0,,0.0,0.0,0.0,0.010489208623766899,0.0,0.0,0.0,0.0,0.0,0.0,0.00028485566144809127,0.0,0.0,0.0,,0.0,0.0,0.0,0.0,0.0,0.0,0.0,0.0,0.0,0.004446286242455244,0.0,0.0,0.0,,0.0,0.006903916597366333,,0.0032303640618920326,0.0,0.0,0.0,0.0,0.0,0.007855664007365704,0.0,0.0,0.0,0.011428353376686573,0.0,0.014265907928347588,0.0,0.0,0.0,0.0,0.0,0.0,0.0,0.0,0.0,0.0,0.0,0.0,0.0071387211792171,0.0,0.0,0.0,0.010663309134542942,0.009583434090018272,0.0,0.00991410668939352,0.0,0.0,0.0,0.019269602373242378,0.0,0.0,0.0,0.0,0.0,0.0,0.0,0.0,0.004451911896467209,0.0,0.0,0.0,0.0,0.0,0.015617968514561653,0.0,0.008543897420167923,0.0,0.0,0.017431413754820824,0.0,0.0,0.0,0.0,0.0,0.011158911511301994,0.0,0.006921166554093361,0.0,0.013884417712688446,0.0,0.0,0.0,0.0,0.0,0.017269155010581017,0.0,0.00583390099927783,0.0,0.0,,,,,,,,,,,,,,,,,,,,,,,,,,,,,,,,,,,,,,,,,,,,,,,,,,,,,,,,,,,,,,,,,,,,,,,,,,,,,,,,,,,,,,,,,,,,,,,,,,,,,,,,,,,,,,,,,,,,,,,,,,,,,,
2022-01-17,826036.3810415887,2400.8378080872553,,,,,,,,,,,76494.84123570709,,1039061.7711000025,,,,,,,,,,,,,,,,,,,,,,,,,,,,,,,,,,,,,,,,,,,3003.902498415438,,,,,,,,,,,,,,,,,,,,,,24173.39798773137,9581.400149738876,4032.3384669051707,8201.903712248382,3882.4650165091443,53055.635163997526,28247.18812679119,8585.95823132191,35930.86223587339,,,,,,,,,,,,,,,,,,,,,,,,,,,,,,,,,,,,0.007672586012631655,0.0,0.0,0.01092440728098154,0.0,0.0,0.0,0.0,0.0,0.0,0.0,0.0,0.0,0.0,0.0,0.0,,0.0,,0.0,,0.0,0.0,0.0,0.010507198981940746,0.0,,0.0,0.0,0.010712611488997936,0.0,0.012846814468502998,0.0,,0.0,,,,0.0,0.0,0.0,,0.0,0.0,0.0012285824632272124,0.009027548134326935,0.0,,,0.0,,0.0,0.0,0.0,0.0,0.0,0.0,0.0,0.0,0.006439491640776396,0.015234255231916904,0.0,0.0,0.0,,0.011381476186215878,0.0,0.0,0.0,0.015055594965815544,,0.0005889178719371557,0.0,,0.0,0.0,0.0,0.0,,0.0,0.0,0.0,,0.0,,0.0,0.0,,0.0,,0.0,0.0,0.0030229962430894375,0.01743323914706707,0.0,0.012673601508140564,0.0,0.016194811090826988,0.0,,,0.009300514124333858,0.0,,,,,0.0,0.0,0.0,0.0,0.0,0.0,0.0,0.0,0.0,,0.012146583758294582,0.0019998527131974697,0.0,,0.019029388204216957,0.0,0.0015352413756772876,0.0,0.0,0.0,,0.002669151872396469,,0.014855947345495224,0.0,0.0,0.01175154373049736,,0.0,0.0,,0.0,0.0,0.0,0.0,0.0,0.0001421356719220057,0.0011042432161048055,0.0,0.0,0.0046468619257211685,0.003770541399717331,0.0,0.0012880248250439763,,0.02132318913936615,0.0,0.004850889090448618,0.0,,0.0,0.007785265799611807,0.0,0.0,0.0,0.0,0.0061191171407699585,0.0,0.0,0.0,,0.015078713186085224,0.0,0.0,,,,0.006918592378497124,0.002163069089874625,,0.0,0.0,0.0,0.0,,0.0,,0.0,0.0,0.013318006880581379,0.0,0.0,0.0,,,,0.0,0.01897398941218853,0.0,0.0,0.0,,0.0,0.008289680816233158,0.007186546456068754,0.0,,0.0,0.015495573170483112,0.0,0.0,0.0,,0.002988440217450261,0.0071138362400233746,0.006663523148745298,0.0,,0.0029522741679102182,0.007444577291607857,0.00870683416724205,0.0,0.015951599925756454,0.0,,0.0,0.0,0.0,0.0,0.0,0.0,,0.0,,0.005740217864513397,0.007723913062363863,0.0016765532782301307,0.0,0.0,0.0,0.0,,0.0,0.011521018110215664,0.0028374833054840565,,,0.0,0.0,0.0,0.0,0.0,0.0,0.0,0.0,0.0,,0.0,0.0,0.0014217449352145195,,0.0,0.0,0.0,0.015036061406135559,0.0,0.0,0.0,,,0.0,0.002523822244256735,0.0,0.0,0.0,,0.012212172150611877,,0.010441260412335396,0.0,,0.0,0.0001980172237381339,0.0,0.0,,,0.0,0.009777898900210857,,0.011562291532754898,0.0,,,0.0,0.021612513810396194,0.0,0.0,0.0,0.0,0.0,,,0.0,0.0,0.0,0.0,0.0,,,0.0,0.0,0.0,,0.0,0.0,,0.0,0.0,0.010721533559262753,,0.0,0.0,0.0,0.0,,0.0,0.0,,0.0,0.0,0.0,0.000222572882194072,0.004138255026191473,0.0,0.0,0.0,0.0,0.0,0.0,0.0,0.0,,0.01636638306081295,,0.0,0.013081780634820461,0.00596213573589921,0.0,0.0,0.0,0.00783260352909565,0.013072560541331768,0.0,0.01504174992442131,0.0,,0.0,,0.0,0.007702955510467291,0.0,,0.0,0.0,0.0,0.0064319828525185585,0.0,0.0,0.0,0.0,0.006455377209931612,0.002276746090501547,0.0,,,0.0,0.0,0.0,,,,0.0,0.0,,0.0,,0.0,,0.0,,,0.0,,,,,0.0,,0.0,0.009475049562752247,0.0,,0.0,0.0,0.0006172159337438643,,0.011276694014668465,0.0,,0.0,0.008886725641787052,0.0,,,0.0,,0.01935204491019249,0.0,0.0,,0.0,0.0019069688860327005,,,,0.0,0.0,0.0,0.0,0.0,7.387471123365685e-05,,,,0.007764055393636227,0.0,,0.0,,0.0,0.0,0.0,0.0,,,0.0,0.0,,,0.0,,0.0,,0.0,0.0,0.0,0.0,0.0,0.0,0.0,,0.0,0.010640541091561317,0.0,0.0,0.0,,,0.0,0.0,0.0,0.0,0.004161264281719923,0.0073729087598621845,,,,0.007771022617816925,0.0,0.0,0.0,,,0.008342444896697998,0.0,0.0,,0.0,,,,,0.0,0.013751369901001453,0.0,,0.0,,,0.0,,0.006028351373970509,0.0,0.0,0.0,,0.006963010877370834,0.0,,0.0,0.0,0.0,0.0,0.0,,0.0025301980786025524,0.0,0.0,,0.0,0.0,0.0,0.0,0.0,0.0,0.0,,0.0009805925656110048,0.0,0.0,0.007419695612043142,0.0,0.0,0.0,,0.0,0.0,0.0,0.010489208623766899,0.0,0.0,0.0,0.0,0.0,0.0,0.00028485566144809127,0.0,0.0,0.0,,0.0,0.0,0.0,0.0,0.0,0.0,0.0,0.0,0.0,0.004446286242455244,0.0,0.0,0.0,,0.0,0.006903916597366333,,0.0032303640618920326,0.0,0.0,0.0,0.0,0.0,0.007855664007365704,0.0,0.0,0.0,0.011428353376686573,0.0,0.014265907928347588,0.0,0.0,0.0,0.0,0.0,0.0,0.0,0.0,0.0,0.0,0.0,0.0,0.0071387211792171,0.0,0.0,0.0,0.010663309134542942,0.009583434090018272,0.0,0.00991410668939352,0.0,0.0,0.0,0.019269602373242378,0.0,0.0,0.0,0.0,0.0,0.0,0.0,0.0,0.004451911896467209,0.0,0.0,0.0,0.0,0.0,0.015617968514561653,0.0,0.008543897420167923,0.0,0.0,0.017431413754820824,0.0,0.0,0.0,0.0,0.0,0.011158911511301994,0.0,0.006921166554093361,0.0,0.013884417712688446,0.0,0.0,0.0,0.0,0.0,0.017269155010581017,0.0,0.00583390099927783,0.0,0.0,,,,,,,,,,,,,,,,,,,,,,,,,,,,,,,,,,,,,,,,,,,,,,,,,,,,,,,,,,,,,,,,,,,,,,,,,,,,,,,,,,,,,,,,,,,,,,,,,,,,,,,,,,,,,,,,,,,,,,,,,,,,,,
2022-01-18,823442.653895773,5137.804475632737,,,,,,,,,,,76494.84123570709,,1039061.7711000025,,,,,,,,,,,,,,,,,,,,,,,,,,,,,,,,,,,,,,,,,,,2832.228324875413,,,,,,,,,,,,,,,,,,,,,,24173.39798773137,9789.645879946755,4032.3384669051707,8201.903712248382,3882.4650165091443,53055.635163997526,28422.080559999704,8585.95823132191,35930.86223587339,,,,,,,,,,,,,,,,,,,,,,,,,,,,,,,,,,,,0.007672586012631655,0.0,0.0,0.01092440728098154,0.0,0.0,0.0,0.0,0.0,0.0,0.0,0.0,0.0,0.0,0.0,0.0,,0.0,,0.0,,0.0,0.0,0.0,0.010507198981940746,0.0,,0.0,0.0,0.010712611488997936,0.0,0.012846814468502998,0.0,,0.0,,,,0.0,0.0,0.0,,0.0,0.0,0.0012285824632272124,0.009027548134326935,0.0,,,0.0,,0.0,0.0,0.0,0.0,0.0,0.0,0.0,0.0,0.006439491640776396,0.015234255231916904,0.0,0.0,0.0,,0.011381476186215878,0.0,0.0,0.0,0.015055594965815544,,0.0005889178719371557,0.0,,0.0,0.0,0.0,0.0,,0.0,0.0,0.0,,0.0,,0.0,0.0,,0.0,,0.0,0.0,0.0030229962430894375,0.01743323914706707,0.0,0.012673601508140564,0.0,0.016194811090826988,0.0,,,0.009300514124333858,0.0,,,,,0.0,0.0,0.0,0.0,0.0,0.0,0.0,0.0,0.0,,0.012146583758294582,0.0019998527131974697,0.0,,0.019029388204216957,0.0,0.0015352413756772876,0.0,0.0,0.0,,0.002669151872396469,,0.014855947345495224,0.0,0.0,0.01175154373049736,,0.0,0.0,,0.0,0.0,0.0,0.0,0.0,0.0001421356719220057,0.0011042432161048055,0.0,0.0,0.0046468619257211685,0.003770541399717331,0.0,0.0012880248250439763,,0.02132318913936615,0.0,0.004850889090448618,0.0,,0.0,0.007785265799611807,0.0,0.0,0.0,0.0,0.0061191171407699585,0.0,0.0,0.0,,0.015078713186085224,0.0,0.0,,,,0.006918592378497124,0.002163069089874625,,0.0,0.0,0.0,0.0,,0.0,,0.0,0.0,0.013318006880581379,0.0,0.0,0.0,,,,0.0,0.01897398941218853,0.0,0.0,0.0,,0.0,0.008289680816233158,0.007186546456068754,0.0,,0.0,0.015495573170483112,0.0,0.0,0.0,,0.002988440217450261,0.0071138362400233746,0.006663523148745298,0.0,,0.0029522741679102182,0.007444577291607857,0.00870683416724205,0.0,0.015951599925756454,0.0,,0.0,0.0,0.0,0.0,0.0,0.0,,0.0,,0.005740217864513397,0.007723913062363863,0.0016765532782301307,0.0,0.0,0.0,0.0,,0.0,0.011521018110215664,0.0028374833054840565,,,0.0,0.0,0.0,0.0,0.0,0.0,0.0,0.0,0.0,,0.0,0.0,0.0014217449352145195,,0.0,0.0,0.0,0.015036061406135559,0.0,0.0,0.0,,,0.0,0.002523822244256735,0.0,0.0,0.0,,0.012212172150611877,,0.010441260412335396,0.0,,0.0,0.0001980172237381339,0.0,0.0,,,0.0,0.009777898900210857,,0.011562291532754898,0.0,,,0.0,0.021612513810396194,0.0,0.0,0.0,0.0,0.0,,,0.0,0.0,0.0,0.0,0.0,,,0.0,0.0,0.0,,0.0,0.0,,0.0,0.0,0.010721533559262753,,0.0,0.0,0.0,0.0,,0.0,0.0,,0.0,0.0,0.0,0.000222572882194072,0.004138255026191473,0.0,0.0,0.0,0.0,0.0,0.0,0.0,0.0,,0.01636638306081295,,0.0,0.013081780634820461,0.00596213573589921,0.0,0.0,0.0,0.00783260352909565,0.013072560541331768,0.0,0.01504174992442131,0.0,,0.0,,0.0,0.007702955510467291,0.0,,0.0,0.0,0.0,0.0064319828525185585,0.0,0.0,0.0,0.0,0.006455377209931612,0.002276746090501547,0.0,,,0.0,0.0,0.0,,,,0.0,0.0,,0.0,,0.0,,0.0,,,0.0,,,,,0.0,,0.0,0.009475049562752247,0.0,,0.0,0.0,0.0006172159337438643,,0.011276694014668465,0.0,,0.0,0.008886725641787052,0.0,,,0.0,,0.01935204491019249,0.0,0.0,,0.0,0.0019069688860327005,,,,0.0,0.0,0.0,0.0,0.0,7.387471123365685e-05,,,,0.007764055393636227,0.0,,0.0,,0.0,0.0,0.0,0.0,,,0.0,0.0,,,0.0,,0.0,,0.0,0.0,0.0,0.0,0.0,0.0,0.0,,0.0,0.010640541091561317,0.0,0.0,0.0,,,0.0,0.0,0.0,0.0,0.004161264281719923,0.0073729087598621845,,,,0.007771022617816925,0.0,0.0,0.0,,,0.008342444896697998,0.0,0.0,,0.0,,,,,0.0,0.013751369901001453,0.0,,0.0,,,0.0,,0.006028351373970509,0.0,0.0,0.0,,0.006963010877370834,0.0,,0.0,0.0,0.0,0.0,0.0,,0.0025301980786025524,0.0,0.0,,0.0,0.0,0.0,0.0,0.0,0.0,0.0,,0.0009805925656110048,0.0,0.0,0.007419695612043142,0.0,0.0,0.0,,0.0,0.0,0.0,0.010489208623766899,0.0,0.0,0.0,0.0,0.0,0.0,0.00028485566144809127,0.0,0.0,0.0,,0.0,0.0,0.0,0.0,0.0,0.0,0.0,0.0,0.0,0.004446286242455244,0.0,0.0,0.0,,0.0,0.006903916597366333,,0.0032303640618920326,0.0,0.0,0.0,0.0,0.0,0.007855664007365704,0.0,0.0,0.0,0.011428353376686573,0.0,0.014265907928347588,0.0,0.0,0.0,0.0,0.0,0.0,0.0,0.0,0.0,0.0,0.0,0.0,0.0071387211792171,0.0,0.0,0.0,0.010663309134542942,0.009583434090018272,0.0,0.00991410668939352,0.0,0.0,0.0,0.019269602373242378,0.0,0.0,0.0,0.0,0.0,0.0,0.0,0.0,0.004451911896467209,0.0,0.0,0.0,0.0,0.0,0.015617968514561653,0.0,0.008543897420167923,0.0,0.0,0.017431413754820824,0.0,0.0,0.0,0.0,0.0,0.011158911511301994,0.0,0.006921166554093361,0.0,0.013884417712688446,0.0,0.0,0.0,0.0,0.0,0.017269155010581017,0.0,0.00583390099927783,0.0,0.0,,,,,,,,,,,,,,,,,,,,,,,,,,,,,,,,,,,,,,,,,,,,,,,,,,,,,,,,,,,,,,,,,,,,,,,,,,,,,,,,,,,,,,,,,,,,,,,,,,,,,,,,,,,,,,,,,,,,,,,,,,,,,,
2022-01-19,815576.0463441657,4.474866236038963,,,,,,,,,,,76494.84123570709,,1039061.7711000025,,,,,,,,,,,,,,,,,,,,,,,,,,,,,,,,,,,,,,,,,,,2832.228324875413,,,,,,,,,,,,,,,,,,,,,,24779.352972458662,9789.201674493705,4268.394877146428,8201.903712248382,3882.4650165091443,53055.635163997526,28597.016632047787,8585.95823132191,35930.86223587339,,,,,,,,,,,,,,,,,,,,,,,,,,,,,,,,,,,,0.007672586012631655,0.0,0.0,0.01092440728098154,0.0,0.0,0.0,0.0,0.0,0.0,0.0,0.0,0.0,0.0,0.0,0.0,,0.0,,0.0,,0.0,0.0,0.0,0.010507198981940746,0.0,,0.0,0.0,0.010712611488997936,0.0,0.012846814468502998,0.0,,0.0,,,,0.0,0.0,0.0,,0.0,0.0,0.0012285824632272124,0.009027548134326935,0.0,,,0.0,,0.0,0.0,0.0,0.0,0.0,0.0,0.0,0.0,0.006439491640776396,0.015234255231916904,0.0,0.0,0.0,,0.011381476186215878,0.0,0.0,0.0,0.015055594965815544,,0.0005889178719371557,0.0,,0.0,0.0,0.0,0.0,,0.0,0.0,0.0,,0.0,,0.0,0.0,,0.0,,0.0,0.0,0.0030229962430894375,0.01743323914706707,0.0,0.012673601508140564,0.0,0.016194811090826988,0.0,,,0.009300514124333858,0.0,,,,,0.0,0.0,0.0,0.0,0.0,0.0,0.0,0.0,0.0,,0.012146583758294582,0.0019998527131974697,0.0,,0.019029388204216957,0.0,0.0015352413756772876,0.0,0.0,0.0,,0.002669151872396469,,0.014855947345495224,0.0,0.0,0.01175154373049736,,0.0,0.0,,0.0,0.0,0.0,0.0,0.0,0.0001421356719220057,0.0011042432161048055,0.0,0.0,0.0046468619257211685,0.003770541399717331,0.0,0.0012880248250439763,,0.02132318913936615,0.0,0.004850889090448618,0.0,,0.0,0.007785265799611807,0.0,0.0,0.0,0.0,0.0061191171407699585,0.0,0.0,0.0,,0.015078713186085224,0.0,0.0,,,,0.006918592378497124,0.002163069089874625,,0.0,0.0,0.0,0.0,,0.0,,0.0,0.0,0.013318006880581379,0.0,0.0,0.0,,,,0.0,0.01897398941218853,0.0,0.0,0.0,,0.0,0.008289680816233158,0.007186546456068754,0.0,,0.0,0.015495573170483112,0.0,0.0,0.0,,0.002988440217450261,0.0071138362400233746,0.006663523148745298,0.0,,0.0029522741679102182,0.007444577291607857,0.00870683416724205,0.0,0.015951599925756454,0.0,,0.0,0.0,0.0,0.0,0.0,0.0,,0.0,,0.005740217864513397,0.007723913062363863,0.0016765532782301307,0.0,0.0,0.0,0.0,,0.0,0.011521018110215664,0.0028374833054840565,,,0.0,0.0,0.0,0.0,0.0,0.0,0.0,0.0,0.0,,0.0,0.0,0.0014217449352145195,,0.0,0.0,0.0,0.015036061406135559,0.0,0.0,0.0,,,0.0,0.002523822244256735,0.0,0.0,0.0,,0.012212172150611877,,0.010441260412335396,0.0,,0.0,0.0001980172237381339,0.0,0.0,,,0.0,0.009777898900210857,,0.011562291532754898,0.0,,,0.0,0.021612513810396194,0.0,0.0,0.0,0.0,0.0,,,0.0,0.0,0.0,0.0,0.0,,,0.0,0.0,0.0,,0.0,0.0,,0.0,0.0,0.010721533559262753,,0.0,0.0,0.0,0.0,,0.0,0.0,,0.0,0.0,0.0,0.000222572882194072,0.004138255026191473,0.0,0.0,0.0,0.0,0.0,0.0,0.0,0.0,,0.01636638306081295,,0.0,0.013081780634820461,0.00596213573589921,0.0,0.0,0.0,0.00783260352909565,0.013072560541331768,0.0,0.01504174992442131,0.0,,0.0,,0.0,0.007702955510467291,0.0,,0.0,0.0,0.0,0.0064319828525185585,0.0,0.0,0.0,0.0,0.006455377209931612,0.002276746090501547,0.0,,,0.0,0.0,0.0,,,,0.0,0.0,,0.0,,0.0,,0.0,,,0.0,,,,,0.0,,0.0,0.009475049562752247,0.0,,0.0,0.0,0.0006172159337438643,,0.011276694014668465,0.0,,0.0,0.008886725641787052,0.0,,,0.0,,0.01935204491019249,0.0,0.0,,0.0,0.0019069688860327005,,,,0.0,0.0,0.0,0.0,0.0,7.387471123365685e-05,,,,0.007764055393636227,0.0,,0.0,,0.0,0.0,0.0,0.0,,,0.0,0.0,,,0.0,,0.0,,0.0,0.0,0.0,0.0,0.0,0.0,0.0,,0.0,0.010640541091561317,0.0,0.0,0.0,,,0.0,0.0,0.0,0.0,0.004161264281719923,0.0073729087598621845,,,,0.007771022617816925,0.0,0.0,0.0,,,0.008342444896697998,0.0,0.0,,0.0,,,,,0.0,0.013751369901001453,0.0,,0.0,,,0.0,,0.006028351373970509,0.0,0.0,0.0,,0.006963010877370834,0.0,,0.0,0.0,0.0,0.0,0.0,,0.0025301980786025524,0.0,0.0,,0.0,0.0,0.0,0.0,0.0,0.0,0.0,,0.0009805925656110048,0.0,0.0,0.007419695612043142,0.0,0.0,0.0,,0.0,0.0,0.0,0.010489208623766899,0.0,0.0,0.0,0.0,0.0,0.0,0.00028485566144809127,0.0,0.0,0.0,,0.0,0.0,0.0,0.0,0.0,0.0,0.0,0.0,0.0,0.004446286242455244,0.0,0.0,0.0,,0.0,0.006903916597366333,,0.0032303640618920326,0.0,0.0,0.0,0.0,0.0,0.007855664007365704,0.0,0.0,0.0,0.011428353376686573,0.0,0.014265907928347588,0.0,0.0,0.0,0.0,0.0,0.0,0.0,0.0,0.0,0.0,0.0,0.0,0.0071387211792171,0.0,0.0,0.0,0.010663309134542942,0.009583434090018272,0.0,0.00991410668939352,0.0,0.0,0.0,0.019269602373242378,0.0,0.0,0.0,0.0,0.0,0.0,0.0,0.0,0.004451911896467209,0.0,0.0,0.0,0.0,0.0,0.015617968514561653,0.0,0.008543897420167923,0.0,0.0,0.017431413754820824,0.0,0.0,0.0,0.0,0.0,0.011158911511301994,0.0,0.006921166554093361,0.0,0.013884417712688446,0.0,0.0,0.0,0.0,0.0,0.017269155010581017,0.0,0.00583390099927783,0.0,0.0,,,,,,,,,,,,,,,,,,,,,,,,,,,,,,,,,,,,,,,,,,,,,,,,,,,,,,,,,,,,,,,,,,,,,,,,,,,,,,,,,,,,,,,,,,,,,,,,,,,,,,,,,,,,,,,,,,,,,,,,,,,,,,
2022-01-20,800862.5996195704,222.98587975034866,,,,,,,,,,,76494.84123570709,,1039061.7711000025,,,,,,,,,,,,,,,,,,,,,,,,,,,,,,,,,,,,,,,,,,,2832.228324875413,,,,,,,,,,,,,,,,,,,,,,24174.18386883545,9685.256016207219,4268.394877146428,8201.903712248382,3882.4650165091443,54631.283876902475,27895.343096758148,8651.893711489342,37052.334643274735,,,,,,,,,,,,,,,,,,,,,,,,,,,,,,,,,,,,0.007672586012631655,0.0,0.0,0.01092440728098154,0.0,0.0,0.0,0.0,0.0,0.0,0.0,0.0,0.0,0.0,0.0,0.0,,0.0,,0.0,,0.0,0.0,0.0,0.010507198981940746,0.0,,0.0,0.0,0.010712611488997936,0.0,0.012846814468502998,0.0,,0.0,,,,0.0,0.0,0.0,,0.0,0.0,0.0012285824632272124,0.009027548134326935,0.0,,,0.0,,0.0,0.0,0.0,0.0,0.0,0.0,0.0,0.0,0.006439491640776396,0.015234255231916904,0.0,0.0,0.0,,0.011381476186215878,0.0,0.0,0.0,0.015055594965815544,,0.0005889178719371557,0.0,,0.0,0.0,0.0,0.0,,0.0,0.0,0.0,,0.0,,0.0,0.0,,0.0,,0.0,0.0,0.0030229962430894375,0.01743323914706707,0.0,0.012673601508140564,0.0,0.016194811090826988,0.0,,,0.009300514124333858,0.0,,,,,0.0,0.0,0.0,0.0,0.0,0.0,0.0,0.0,0.0,,0.012146583758294582,0.0019998527131974697,0.0,,0.019029388204216957,0.0,0.0015352413756772876,0.0,0.0,0.0,,0.002669151872396469,,0.014855947345495224,0.0,0.0,0.01175154373049736,,0.0,0.0,,0.0,0.0,0.0,0.0,0.0,0.0001421356719220057,0.0011042432161048055,0.0,0.0,0.0046468619257211685,0.003770541399717331,0.0,0.0012880248250439763,,0.02132318913936615,0.0,0.004850889090448618,0.0,,0.0,0.007785265799611807,0.0,0.0,0.0,0.0,0.0061191171407699585,0.0,0.0,0.0,,0.015078713186085224,0.0,0.0,,,,0.006918592378497124,0.002163069089874625,,0.0,0.0,0.0,0.0,,0.0,,0.0,0.0,0.013318006880581379,0.0,0.0,0.0,,,,0.0,0.01897398941218853,0.0,0.0,0.0,,0.0,0.008289680816233158,0.007186546456068754,0.0,,0.0,0.015495573170483112,0.0,0.0,0.0,,0.002988440217450261,0.0071138362400233746,0.006663523148745298,0.0,,0.0029522741679102182,0.007444577291607857,0.00870683416724205,0.0,0.015951599925756454,0.0,,0.0,0.0,0.0,0.0,0.0,0.0,,0.0,,0.005740217864513397,0.007723913062363863,0.0016765532782301307,0.0,0.0,0.0,0.0,,0.0,0.011521018110215664,0.0028374833054840565,,,0.0,0.0,0.0,0.0,0.0,0.0,0.0,0.0,0.0,,0.0,0.0,0.0014217449352145195,,0.0,0.0,0.0,0.015036061406135559,0.0,0.0,0.0,,,0.0,0.002523822244256735,0.0,0.0,0.0,,0.012212172150611877,,0.010441260412335396,0.0,,0.0,0.0001980172237381339,0.0,0.0,,,0.0,0.009777898900210857,,0.011562291532754898,0.0,,,0.0,0.021612513810396194,0.0,0.0,0.0,0.0,0.0,,,0.0,0.0,0.0,0.0,0.0,,,0.0,0.0,0.0,,0.0,0.0,,0.0,0.0,0.010721533559262753,,0.0,0.0,0.0,0.0,,0.0,0.0,,0.0,0.0,0.0,0.000222572882194072,0.004138255026191473,0.0,0.0,0.0,0.0,0.0,0.0,0.0,0.0,,0.01636638306081295,,0.0,0.013081780634820461,0.00596213573589921,0.0,0.0,0.0,0.00783260352909565,0.013072560541331768,0.0,0.01504174992442131,0.0,,0.0,,0.0,0.007702955510467291,0.0,,0.0,0.0,0.0,0.0064319828525185585,0.0,0.0,0.0,0.0,0.006455377209931612,0.002276746090501547,0.0,,,0.0,0.0,0.0,,,,0.0,0.0,,0.0,,0.0,,0.0,,,0.0,,,,,0.0,,0.0,0.009475049562752247,0.0,,0.0,0.0,0.0006172159337438643,,0.011276694014668465,0.0,,0.0,0.008886725641787052,0.0,,,0.0,,0.01935204491019249,0.0,0.0,,0.0,0.0019069688860327005,,,,0.0,0.0,0.0,0.0,0.0,7.387471123365685e-05,,,,0.007764055393636227,0.0,,0.0,,0.0,0.0,0.0,0.0,,,0.0,0.0,,,0.0,,0.0,,0.0,0.0,0.0,0.0,0.0,0.0,0.0,,0.0,0.010640541091561317,0.0,0.0,0.0,,,0.0,0.0,0.0,0.0,0.004161264281719923,0.0073729087598621845,,,,0.007771022617816925,0.0,0.0,0.0,,,0.008342444896697998,0.0,0.0,,0.0,,,,,0.0,0.013751369901001453,0.0,,0.0,,,0.0,,0.006028351373970509,0.0,0.0,0.0,,0.006963010877370834,0.0,,0.0,0.0,0.0,0.0,0.0,,0.0025301980786025524,0.0,0.0,,0.0,0.0,0.0,0.0,0.0,0.0,0.0,,0.0009805925656110048,0.0,0.0,0.007419695612043142,0.0,0.0,0.0,,0.0,0.0,0.0,0.010489208623766899,0.0,0.0,0.0,0.0,0.0,0.0,0.00028485566144809127,0.0,0.0,0.0,,0.0,0.0,0.0,0.0,0.0,0.0,0.0,0.0,0.0,0.004446286242455244,0.0,0.0,0.0,,0.0,0.006903916597366333,,0.0032303640618920326,0.0,0.0,0.0,0.0,0.0,0.007855664007365704,0.0,0.0,0.0,0.011428353376686573,0.0,0.014265907928347588,0.0,0.0,0.0,0.0,0.0,0.0,0.0,0.0,0.0,0.0,0.0,0.0,0.0071387211792171,0.0,0.0,0.0,0.010663309134542942,0.009583434090018272,0.0,0.00991410668939352,0.0,0.0,0.0,0.019269602373242378,0.0,0.0,0.0,0.0,0.0,0.0,0.0,0.0,0.004451911896467209,0.0,0.0,0.0,0.0,0.0,0.015617968514561653,0.0,0.008543897420167923,0.0,0.0,0.017431413754820824,0.0,0.0,0.0,0.0,0.0,0.011158911511301994,0.0,0.006921166554093361,0.0,0.013884417712688446,0.0,0.0,0.0,0.0,0.0,0.017269155010581017,0.0,0.00583390099927783,0.0,0.0,,,,,,,,,,,,,,,,,,,,,,,,,,,,,,,,,,,,,,,,,,,,,,,,,,,,,,,,,,,,,,,,,,,,,,,,,,,,,,,,,,,,,,,,,,,,,,,,,,,,,,,,,,,,,,,,,,,,,,,,,,,,,,
2022-01-21,795991.7918544959,831.4039015856804,,,,,,,,,,,76494.84123570709,,1039061.7711000025,,,,,,,,,,,,,,,,,,,,,,,,,,,,,,,,,,,,,,,,,,,2832.228324875413,,,,,,,,,,,,,,,,,,,,,,24174.808691659073,9476.682696321477,4268.394877146428,8201.903712248382,3882.4650165091443,55681.71067969023,27814.620838537237,8453.96108195779,38173.76319799272,,,,,,,,,,,,,,,,,,,,,,,,,,,,,,,,,,,,0.007672586012631655,0.0,0.0,0.01092440728098154,0.0,0.0,0.0,0.0,0.0,0.0,0.0,0.0,0.0,0.0,0.0,0.0,,0.0,,0.0,,0.0,0.0,0.0,0.010507198981940746,0.0,,0.0,0.0,0.010712611488997936,0.0,0.012846814468502998,0.0,,0.0,,,,0.0,0.0,0.0,,0.0,0.0,0.0012285824632272124,0.009027548134326935,0.0,,,0.0,,0.0,0.0,0.0,0.0,0.0,0.0,0.0,0.0,0.006439491640776396,0.015234255231916904,0.0,0.0,0.0,,0.011381476186215878,0.0,0.0,0.0,0.015055594965815544,,0.0005889178719371557,0.0,,0.0,0.0,0.0,0.0,,0.0,0.0,0.0,,0.0,,0.0,0.0,,0.0,,0.0,0.0,0.0030229962430894375,0.01743323914706707,0.0,0.012673601508140564,0.0,0.016194811090826988,0.0,,,0.009300514124333858,0.0,,,,,0.0,0.0,0.0,0.0,0.0,0.0,0.0,0.0,0.0,,0.012146583758294582,0.0019998527131974697,0.0,,0.019029388204216957,0.0,0.0015352413756772876,0.0,0.0,0.0,,0.002669151872396469,,0.014855947345495224,0.0,0.0,0.01175154373049736,,0.0,0.0,,0.0,0.0,0.0,0.0,0.0,0.0001421356719220057,0.0011042432161048055,0.0,0.0,0.0046468619257211685,0.003770541399717331,0.0,0.0012880248250439763,,0.02132318913936615,0.0,0.004850889090448618,0.0,,0.0,0.007785265799611807,0.0,0.0,0.0,0.0,0.0061191171407699585,0.0,0.0,0.0,,0.015078713186085224,0.0,0.0,,,,0.006918592378497124,0.002163069089874625,,0.0,0.0,0.0,0.0,,0.0,,0.0,0.0,0.013318006880581379,0.0,0.0,0.0,,,,0.0,0.01897398941218853,0.0,0.0,0.0,,0.0,0.008289680816233158,0.007186546456068754,0.0,,0.0,0.015495573170483112,0.0,0.0,0.0,,0.002988440217450261,0.0071138362400233746,0.006663523148745298,0.0,,0.0029522741679102182,0.007444577291607857,0.00870683416724205,0.0,0.015951599925756454,0.0,,0.0,0.0,0.0,0.0,0.0,0.0,,0.0,,0.005740217864513397,0.007723913062363863,0.0016765532782301307,0.0,0.0,0.0,0.0,,0.0,0.011521018110215664,0.0028374833054840565,,,0.0,0.0,0.0,0.0,0.0,0.0,0.0,0.0,0.0,,0.0,0.0,0.0014217449352145195,,0.0,0.0,0.0,0.015036061406135559,0.0,0.0,0.0,,,0.0,0.002523822244256735,0.0,0.0,0.0,,0.012212172150611877,,0.010441260412335396,0.0,,0.0,0.0001980172237381339,0.0,0.0,,,0.0,0.009777898900210857,,0.011562291532754898,0.0,,,0.0,0.021612513810396194,0.0,0.0,0.0,0.0,0.0,,,0.0,0.0,0.0,0.0,0.0,,,0.0,0.0,0.0,,0.0,0.0,,0.0,0.0,0.010721533559262753,,0.0,0.0,0.0,0.0,,0.0,0.0,,0.0,0.0,0.0,0.000222572882194072,0.004138255026191473,0.0,0.0,0.0,0.0,0.0,0.0,0.0,0.0,,0.01636638306081295,,0.0,0.013081780634820461,0.00596213573589921,0.0,0.0,0.0,0.00783260352909565,0.013072560541331768,0.0,0.01504174992442131,0.0,,0.0,,0.0,0.007702955510467291,0.0,,0.0,0.0,0.0,0.0064319828525185585,0.0,0.0,0.0,0.0,0.006455377209931612,0.002276746090501547,0.0,,,0.0,0.0,0.0,,,,0.0,0.0,,0.0,,0.0,,0.0,,,0.0,,,,,0.0,,0.0,0.009475049562752247,0.0,,0.0,0.0,0.0006172159337438643,,0.011276694014668465,0.0,,0.0,0.008886725641787052,0.0,,,0.0,,0.01935204491019249,0.0,0.0,,0.0,0.0019069688860327005,,,,0.0,0.0,0.0,0.0,0.0,7.387471123365685e-05,,,,0.007764055393636227,0.0,,0.0,,0.0,0.0,0.0,0.0,,,0.0,0.0,,,0.0,,0.0,,0.0,0.0,0.0,0.0,0.0,0.0,0.0,,0.0,0.010640541091561317,0.0,0.0,0.0,,,0.0,0.0,0.0,0.0,0.004161264281719923,0.0073729087598621845,,,,0.007771022617816925,0.0,0.0,0.0,,,0.008342444896697998,0.0,0.0,,0.0,,,,,0.0,0.013751369901001453,0.0,,0.0,,,0.0,,0.006028351373970509,0.0,0.0,0.0,,0.006963010877370834,0.0,,0.0,0.0,0.0,0.0,0.0,,0.0025301980786025524,0.0,0.0,,0.0,0.0,0.0,0.0,0.0,0.0,0.0,,0.0009805925656110048,0.0,0.0,0.007419695612043142,0.0,0.0,0.0,,0.0,0.0,0.0,0.010489208623766899,0.0,0.0,0.0,0.0,0.0,0.0,0.00028485566144809127,0.0,0.0,0.0,,0.0,0.0,0.0,0.0,0.0,0.0,0.0,0.0,0.0,0.004446286242455244,0.0,0.0,0.0,,0.0,0.006903916597366333,,0.0032303640618920326,0.0,0.0,0.0,0.0,0.0,0.007855664007365704,0.0,0.0,0.0,0.011428353376686573,0.0,0.014265907928347588,0.0,0.0,0.0,0.0,0.0,0.0,0.0,0.0,0.0,0.0,0.0,0.0,0.0071387211792171,0.0,0.0,0.0,0.010663309134542942,0.009583434090018272,0.0,0.00991410668939352,0.0,0.0,0.0,0.019269602373242378,0.0,0.0,0.0,0.0,0.0,0.0,0.0,0.0,0.004451911896467209,0.0,0.0,0.0,0.0,0.0,0.015617968514561653,0.0,0.008543897420167923,0.0,0.0,0.017431413754820824,0.0,0.0,0.0,0.0,0.0,0.011158911511301994,0.0,0.006921166554093361,0.0,0.013884417712688446,0.0,0.0,0.0,0.0,0.0,0.017269155010581017,0.0,0.00583390099927783,0.0,0.0,,,,,,,,,,,,,,,,,,,,,,,,,,,,,,,,,,,,,,,,,,,,,,,,,,,,,,,,,,,,,,,,,,,,,,,,,,,,,,,,,,,,,,,,,,,,,,,,,,,,,,,,,,,,,,,,,,,,,,,,,,,,,,
2022-01-24,794198.2231590683,142.05200467823022,,,,,,,,,,,76494.84123570709,,1039061.7711000025,,,,,,,,,,,,,,,,,,,,,,,,,,,,,,,,,,,,,,,,,,,2832.228324875413,,,,,,,,,,,,,,,,,,,,,,23569.377166758535,9476.682696321477,4268.394877146428,8201.903712248382,3882.4650165091443,57782.828210730455,27809.937789904332,8453.96108195779,38173.76319799272,,,,,,,,,,,,,,,,,,,,,,,,,,,,,,,,,,,,0.007672586012631655,0.0,0.0,0.01092440728098154,0.0,0.0,0.0,0.0,0.0,0.0,0.0,0.0,0.0,0.0,0.0,0.0,,0.0,,0.0,,0.0,0.0,0.0,0.010507198981940746,0.0,,0.0,0.0,0.010712611488997936,0.0,0.012846814468502998,0.0,,0.0,,,,0.0,0.0,0.0,,0.0,0.0,0.0012285824632272124,0.009027548134326935,0.0,,,0.0,,0.0,0.0,0.0,0.0,0.0,0.0,0.0,0.0,0.006439491640776396,0.015234255231916904,0.0,0.0,0.0,,0.011381476186215878,0.0,0.0,0.0,0.015055594965815544,,0.0005889178719371557,0.0,,0.0,0.0,0.0,0.0,,0.0,0.0,0.0,,0.0,,0.0,0.0,,0.0,,0.0,0.0,0.0030229962430894375,0.01743323914706707,0.0,0.012673601508140564,0.0,0.016194811090826988,0.0,,,0.009300514124333858,0.0,,,,,0.0,0.0,0.0,0.0,0.0,0.0,0.0,0.0,0.0,,0.012146583758294582,0.0019998527131974697,0.0,,0.019029388204216957,0.0,0.0015352413756772876,0.0,0.0,0.0,,0.002669151872396469,,0.014855947345495224,0.0,0.0,0.01175154373049736,,0.0,0.0,,0.0,0.0,0.0,0.0,0.0,0.0001421356719220057,0.0011042432161048055,0.0,0.0,0.0046468619257211685,0.003770541399717331,0.0,0.0012880248250439763,,0.02132318913936615,0.0,0.004850889090448618,0.0,,0.0,0.007785265799611807,0.0,0.0,0.0,0.0,0.0061191171407699585,0.0,0.0,0.0,,0.015078713186085224,0.0,0.0,,,,0.006918592378497124,0.002163069089874625,,0.0,0.0,0.0,0.0,,0.0,,0.0,0.0,0.013318006880581379,0.0,0.0,0.0,,,,0.0,0.01897398941218853,0.0,0.0,0.0,,0.0,0.008289680816233158,0.007186546456068754,0.0,,0.0,0.015495573170483112,0.0,0.0,0.0,,0.002988440217450261,0.0071138362400233746,0.006663523148745298,0.0,,0.0029522741679102182,0.007444577291607857,0.00870683416724205,0.0,0.015951599925756454,0.0,,0.0,0.0,0.0,0.0,0.0,0.0,,0.0,,0.005740217864513397,0.007723913062363863,0.0016765532782301307,0.0,0.0,0.0,0.0,,0.0,0.011521018110215664,0.0028374833054840565,,,0.0,0.0,0.0,0.0,0.0,0.0,0.0,0.0,0.0,,0.0,0.0,0.0014217449352145195,,0.0,0.0,0.0,0.015036061406135559,0.0,0.0,0.0,,,0.0,0.002523822244256735,0.0,0.0,0.0,,0.012212172150611877,,0.010441260412335396,0.0,,0.0,0.0001980172237381339,0.0,0.0,,,0.0,0.009777898900210857,,0.011562291532754898,0.0,,,0.0,0.021612513810396194,0.0,0.0,0.0,0.0,0.0,,,0.0,0.0,0.0,0.0,0.0,,,0.0,0.0,0.0,,0.0,0.0,,0.0,0.0,0.010721533559262753,,0.0,0.0,0.0,0.0,,0.0,0.0,,0.0,0.0,0.0,0.000222572882194072,0.004138255026191473,0.0,0.0,0.0,0.0,0.0,0.0,0.0,0.0,,0.01636638306081295,,0.0,0.013081780634820461,0.00596213573589921,0.0,0.0,0.0,0.00783260352909565,0.013072560541331768,0.0,0.01504174992442131,0.0,,0.0,,0.0,0.007702955510467291,0.0,,0.0,0.0,0.0,0.0064319828525185585,0.0,0.0,0.0,0.0,0.006455377209931612,0.002276746090501547,0.0,,,0.0,0.0,0.0,,,,0.0,0.0,,0.0,,0.0,,0.0,,,0.0,,,,,0.0,,0.0,0.009475049562752247,0.0,,0.0,0.0,0.0006172159337438643,,0.011276694014668465,0.0,,0.0,0.008886725641787052,0.0,,,0.0,,0.01935204491019249,0.0,0.0,,0.0,0.0019069688860327005,,,,0.0,0.0,0.0,0.0,0.0,7.387471123365685e-05,,,,0.007764055393636227,0.0,,0.0,,0.0,0.0,0.0,0.0,,,0.0,0.0,,,0.0,,0.0,,0.0,0.0,0.0,0.0,0.0,0.0,0.0,,0.0,0.010640541091561317,0.0,0.0,0.0,,,0.0,0.0,0.0,0.0,0.004161264281719923,0.0073729087598621845,,,,0.007771022617816925,0.0,0.0,0.0,,,0.008342444896697998,0.0,0.0,,0.0,,,,,0.0,0.013751369901001453,0.0,,0.0,,,0.0,,0.006028351373970509,0.0,0.0,0.0,,0.006963010877370834,0.0,,0.0,0.0,0.0,0.0,0.0,,0.0025301980786025524,0.0,0.0,,0.0,0.0,0.0,0.0,0.0,0.0,0.0,,0.0009805925656110048,0.0,0.0,0.007419695612043142,0.0,0.0,0.0,,0.0,0.0,0.0,0.010489208623766899,0.0,0.0,0.0,0.0,0.0,0.0,0.00028485566144809127,0.0,0.0,0.0,,0.0,0.0,0.0,0.0,0.0,0.0,0.0,0.0,0.0,0.004446286242455244,0.0,0.0,0.0,,0.0,0.006903916597366333,,0.0032303640618920326,0.0,0.0,0.0,0.0,0.0,0.007855664007365704,0.0,0.0,0.0,0.011428353376686573,0.0,0.014265907928347588,0.0,0.0,0.0,0.0,0.0,0.0,0.0,0.0,0.0,0.0,0.0,0.0,0.0071387211792171,0.0,0.0,0.0,0.010663309134542942,0.009583434090018272,0.0,0.00991410668939352,0.0,0.0,0.0,0.019269602373242378,0.0,0.0,0.0,0.0,0.0,0.0,0.0,0.0,0.004451911896467209,0.0,0.0,0.0,0.0,0.0,0.015617968514561653,0.0,0.008543897420167923,0.0,0.0,0.017431413754820824,0.0,0.0,0.0,0.0,0.0,0.011158911511301994,0.0,0.006921166554093361,0.0,0.013884417712688446,0.0,0.0,0.0,0.0,0.0,0.017269155010581017,0.0,0.00583390099927783,0.0,0.0,,,,,,,,,,,,,,,,,,,,,,,,,,,,,,,,,,,,,,,,,,,,,,,,,,,,,,,,,,,,,,,,,,,,,,,,,,,,,,,,,,,,,,,,,,,,,,,,,,,,,,,,,,,,,,,,,,,,,,,,,,,,,,
2022-01-25,769086.6572270003,142.05200467823022,,,,,,,,,,,76494.84123570709,,1039061.7711000025,,,,,,,,,,,,,,,,,,,,,,,,,,,,,,,,,,,,,,,,,,,2832.228324875413,,,,,,,,,,,,,,,,,,,,,,23569.377166758535,9476.682696321477,4268.394877146428,8201.903712248382,3882.4650165091443,57782.828210730455,27809.937789904332,8453.96108195779,38173.76319799272,,,,,,,,,,,,,,,,,,,,,,,,,,,,,,,,,,,,0.007672586012631655,0.0,0.0,0.01092440728098154,0.0,0.0,0.0,0.0,0.0,0.0,0.0,0.0,0.0,0.0,0.0,0.0,,0.0,,0.0,,0.0,0.0,0.0,0.010507198981940746,0.0,,0.0,0.0,0.010712611488997936,0.0,0.012846814468502998,0.0,,0.0,,,,0.0,0.0,0.0,,0.0,0.0,0.0012285824632272124,0.009027548134326935,0.0,,,0.0,,0.0,0.0,0.0,0.0,0.0,0.0,0.0,0.0,0.006439491640776396,0.015234255231916904,0.0,0.0,0.0,,0.011381476186215878,0.0,0.0,0.0,0.015055594965815544,,0.0005889178719371557,0.0,,0.0,0.0,0.0,0.0,,0.0,0.0,0.0,,0.0,,0.0,0.0,,0.0,,0.0,0.0,0.0030229962430894375,0.01743323914706707,0.0,0.012673601508140564,0.0,0.016194811090826988,0.0,,,0.009300514124333858,0.0,,,,,0.0,0.0,0.0,0.0,0.0,0.0,0.0,0.0,0.0,,0.012146583758294582,0.0019998527131974697,0.0,,0.019029388204216957,0.0,0.0015352413756772876,0.0,0.0,0.0,,0.002669151872396469,,0.014855947345495224,0.0,0.0,0.01175154373049736,,0.0,0.0,,0.0,0.0,0.0,0.0,0.0,0.0001421356719220057,0.0011042432161048055,0.0,0.0,0.0046468619257211685,0.003770541399717331,0.0,0.0012880248250439763,,0.02132318913936615,0.0,0.004850889090448618,0.0,,0.0,0.007785265799611807,0.0,0.0,0.0,0.0,0.0061191171407699585,0.0,0.0,0.0,,0.015078713186085224,0.0,0.0,,,,0.006918592378497124,0.002163069089874625,,0.0,0.0,0.0,0.0,,0.0,,0.0,0.0,0.013318006880581379,0.0,0.0,0.0,,,,0.0,0.01897398941218853,0.0,0.0,0.0,,0.0,0.008289680816233158,0.007186546456068754,0.0,,0.0,0.015495573170483112,0.0,0.0,0.0,,0.002988440217450261,0.0071138362400233746,0.006663523148745298,0.0,,0.0029522741679102182,0.007444577291607857,0.00870683416724205,0.0,0.015951599925756454,0.0,,0.0,0.0,0.0,0.0,0.0,0.0,,0.0,,0.005740217864513397,0.007723913062363863,0.0016765532782301307,0.0,0.0,0.0,0.0,,0.0,0.011521018110215664,0.0028374833054840565,,,0.0,0.0,0.0,0.0,0.0,0.0,0.0,0.0,0.0,,0.0,0.0,0.0014217449352145195,,0.0,0.0,0.0,0.015036061406135559,0.0,0.0,0.0,,,0.0,0.002523822244256735,0.0,0.0,0.0,,0.012212172150611877,,0.010441260412335396,0.0,,0.0,0.0001980172237381339,0.0,0.0,,,0.0,0.009777898900210857,,0.011562291532754898,0.0,,,0.0,0.021612513810396194,0.0,0.0,0.0,0.0,0.0,,,0.0,0.0,0.0,0.0,0.0,,,0.0,0.0,0.0,,0.0,0.0,,0.0,0.0,0.010721533559262753,,0.0,0.0,0.0,0.0,,0.0,0.0,,0.0,0.0,0.0,0.000222572882194072,0.004138255026191473,0.0,0.0,0.0,0.0,0.0,0.0,0.0,0.0,,0.01636638306081295,,0.0,0.013081780634820461,0.00596213573589921,0.0,0.0,0.0,0.00783260352909565,0.013072560541331768,0.0,0.01504174992442131,0.0,,0.0,,0.0,0.007702955510467291,0.0,,0.0,0.0,0.0,0.0064319828525185585,0.0,0.0,0.0,0.0,0.006455377209931612,0.002276746090501547,0.0,,,0.0,0.0,0.0,,,,0.0,0.0,,0.0,,0.0,,0.0,,,0.0,,,,,0.0,,0.0,0.009475049562752247,0.0,,0.0,0.0,0.0006172159337438643,,0.011276694014668465,0.0,,0.0,0.008886725641787052,0.0,,,0.0,,0.01935204491019249,0.0,0.0,,0.0,0.0019069688860327005,,,,0.0,0.0,0.0,0.0,0.0,7.387471123365685e-05,,,,0.007764055393636227,0.0,,0.0,,0.0,0.0,0.0,0.0,,,0.0,0.0,,,0.0,,0.0,,0.0,0.0,0.0,0.0,0.0,0.0,0.0,,0.0,0.010640541091561317,0.0,0.0,0.0,,,0.0,0.0,0.0,0.0,0.004161264281719923,0.0073729087598621845,,,,0.007771022617816925,0.0,0.0,0.0,,,0.008342444896697998,0.0,0.0,,0.0,,,,,0.0,0.013751369901001453,0.0,,0.0,,,0.0,,0.006028351373970509,0.0,0.0,0.0,,0.006963010877370834,0.0,,0.0,0.0,0.0,0.0,0.0,,0.0025301980786025524,0.0,0.0,,0.0,0.0,0.0,0.0,0.0,0.0,0.0,,0.0009805925656110048,0.0,0.0,0.007419695612043142,0.0,0.0,0.0,,0.0,0.0,0.0,0.010489208623766899,0.0,0.0,0.0,0.0,0.0,0.0,0.00028485566144809127,0.0,0.0,0.0,,0.0,0.0,0.0,0.0,0.0,0.0,0.0,0.0,0.0,0.004446286242455244,0.0,0.0,0.0,,0.0,0.006903916597366333,,0.0032303640618920326,0.0,0.0,0.0,0.0,0.0,0.007855664007365704,0.0,0.0,0.0,0.011428353376686573,0.0,0.014265907928347588,0.0,0.0,0.0,0.0,0.0,0.0,0.0,0.0,0.0,0.0,0.0,0.0,0.0071387211792171,0.0,0.0,0.0,0.010663309134542942,0.009583434090018272,0.0,0.00991410668939352,0.0,0.0,0.0,0.019269602373242378,0.0,0.0,0.0,0.0,0.0,0.0,0.0,0.0,0.004451911896467209,0.0,0.0,0.0,0.0,0.0,0.015617968514561653,0.0,0.008543897420167923,0.0,0.0,0.017431413754820824,0.0,0.0,0.0,0.0,0.0,0.011158911511301994,0.0,0.006921166554093361,0.0,0.013884417712688446,0.0,0.0,0.0,0.0,0.0,0.017269155010581017,0.0,0.00583390099927783,0.0,0.0,,,,,,,,,,,,,,,,,,,,,,,,,,,,,,,,,,,,,,,,,,,,,,,,,,,,,,,,,,,,,,,,,,,,,,,,,,,,,,,,,,,,,,,,,,,,,,,,,,,,,,,,,,,,,,,,,,,,,,,,,,,,,,
2022-01-26,773537.4285034412,142.05200467823022,,,,,,,,,,,76494.84123570709,,1039061.7711000025,,,,,,,,,,,,,,,,,,,,,,,,,,,,,,,,,,,,,,,,,,,2832.228324875413,,,,,,,,,,,,,,,,,,,,,,23569.377166758535,9476.682696321477,4268.394877146428,8201.903712248382,3882.4650165091443,57782.828210730455,27809.937789904332,8453.96108195779,38173.76319799272,,,,,,,,,,,,,,,,,,,,,,,,,,,,,,,,,,,,0.007672586012631655,0.0,0.0,0.01092440728098154,0.0,0.0,0.0,0.0,0.0,0.0,0.0,0.0,0.0,0.0,0.0,0.0,,0.0,,0.0,,0.0,0.0,0.0,0.010507198981940746,0.0,,0.0,0.0,0.010712611488997936,0.0,0.012846814468502998,0.0,,0.0,,,,0.0,0.0,0.0,,0.0,0.0,0.0012285824632272124,0.009027548134326935,0.0,,,0.0,,0.0,0.0,0.0,0.0,0.0,0.0,0.0,0.0,0.006439491640776396,0.015234255231916904,0.0,0.0,0.0,,0.011381476186215878,0.0,0.0,0.0,0.015055594965815544,,0.0005889178719371557,0.0,,0.0,0.0,0.0,0.0,,0.0,0.0,0.0,,0.0,,0.0,0.0,,0.0,,0.0,0.0,0.0030229962430894375,0.01743323914706707,0.0,0.012673601508140564,0.0,0.016194811090826988,0.0,,,0.009300514124333858,0.0,,,,,0.0,0.0,0.0,0.0,0.0,0.0,0.0,0.0,0.0,,0.012146583758294582,0.0019998527131974697,0.0,,0.019029388204216957,0.0,0.0015352413756772876,0.0,0.0,0.0,,0.002669151872396469,,0.014855947345495224,0.0,0.0,0.01175154373049736,,0.0,0.0,,0.0,0.0,0.0,0.0,0.0,0.0001421356719220057,0.0011042432161048055,0.0,0.0,0.0046468619257211685,0.003770541399717331,0.0,0.0012880248250439763,,0.02132318913936615,0.0,0.004850889090448618,0.0,,0.0,0.007785265799611807,0.0,0.0,0.0,0.0,0.0061191171407699585,0.0,0.0,0.0,,0.015078713186085224,0.0,0.0,,,,0.006918592378497124,0.002163069089874625,,0.0,0.0,0.0,0.0,,0.0,,0.0,0.0,0.013318006880581379,0.0,0.0,0.0,,,,0.0,0.01897398941218853,0.0,0.0,0.0,,0.0,0.008289680816233158,0.007186546456068754,0.0,,0.0,0.015495573170483112,0.0,0.0,0.0,,0.002988440217450261,0.0071138362400233746,0.006663523148745298,0.0,,0.0029522741679102182,0.007444577291607857,0.00870683416724205,0.0,0.015951599925756454,0.0,,0.0,0.0,0.0,0.0,0.0,0.0,,0.0,,0.005740217864513397,0.007723913062363863,0.0016765532782301307,0.0,0.0,0.0,0.0,,0.0,0.011521018110215664,0.0028374833054840565,,,0.0,0.0,0.0,0.0,0.0,0.0,0.0,0.0,0.0,,0.0,0.0,0.0014217449352145195,,0.0,0.0,0.0,0.015036061406135559,0.0,0.0,0.0,,,0.0,0.002523822244256735,0.0,0.0,0.0,,0.012212172150611877,,0.010441260412335396,0.0,,0.0,0.0001980172237381339,0.0,0.0,,,0.0,0.009777898900210857,,0.011562291532754898,0.0,,,0.0,0.021612513810396194,0.0,0.0,0.0,0.0,0.0,,,0.0,0.0,0.0,0.0,0.0,,,0.0,0.0,0.0,,0.0,0.0,,0.0,0.0,0.010721533559262753,,0.0,0.0,0.0,0.0,,0.0,0.0,,0.0,0.0,0.0,0.000222572882194072,0.004138255026191473,0.0,0.0,0.0,0.0,0.0,0.0,0.0,0.0,,0.01636638306081295,,0.0,0.013081780634820461,0.00596213573589921,0.0,0.0,0.0,0.00783260352909565,0.013072560541331768,0.0,0.01504174992442131,0.0,,0.0,,0.0,0.007702955510467291,0.0,,0.0,0.0,0.0,0.0064319828525185585,0.0,0.0,0.0,0.0,0.006455377209931612,0.002276746090501547,0.0,,,0.0,0.0,0.0,,,,0.0,0.0,,0.0,,0.0,,0.0,,,0.0,,,,,0.0,,0.0,0.009475049562752247,0.0,,0.0,0.0,0.0006172159337438643,,0.011276694014668465,0.0,,0.0,0.008886725641787052,0.0,,,0.0,,0.01935204491019249,0.0,0.0,,0.0,0.0019069688860327005,,,,0.0,0.0,0.0,0.0,0.0,7.387471123365685e-05,,,,0.007764055393636227,0.0,,0.0,,0.0,0.0,0.0,0.0,,,0.0,0.0,,,0.0,,0.0,,0.0,0.0,0.0,0.0,0.0,0.0,0.0,,0.0,0.010640541091561317,0.0,0.0,0.0,,,0.0,0.0,0.0,0.0,0.004161264281719923,0.0073729087598621845,,,,0.007771022617816925,0.0,0.0,0.0,,,0.008342444896697998,0.0,0.0,,0.0,,,,,0.0,0.013751369901001453,0.0,,0.0,,,0.0,,0.006028351373970509,0.0,0.0,0.0,,0.006963010877370834,0.0,,0.0,0.0,0.0,0.0,0.0,,0.0025301980786025524,0.0,0.0,,0.0,0.0,0.0,0.0,0.0,0.0,0.0,,0.0009805925656110048,0.0,0.0,0.007419695612043142,0.0,0.0,0.0,,0.0,0.0,0.0,0.010489208623766899,0.0,0.0,0.0,0.0,0.0,0.0,0.00028485566144809127,0.0,0.0,0.0,,0.0,0.0,0.0,0.0,0.0,0.0,0.0,0.0,0.0,0.004446286242455244,0.0,0.0,0.0,,0.0,0.006903916597366333,,0.0032303640618920326,0.0,0.0,0.0,0.0,0.0,0.007855664007365704,0.0,0.0,0.0,0.011428353376686573,0.0,0.014265907928347588,0.0,0.0,0.0,0.0,0.0,0.0,0.0,0.0,0.0,0.0,0.0,0.0,0.0071387211792171,0.0,0.0,0.0,0.010663309134542942,0.009583434090018272,0.0,0.00991410668939352,0.0,0.0,0.0,0.019269602373242378,0.0,0.0,0.0,0.0,0.0,0.0,0.0,0.0,0.004451911896467209,0.0,0.0,0.0,0.0,0.0,0.015617968514561653,0.0,0.008543897420167923,0.0,0.0,0.017431413754820824,0.0,0.0,0.0,0.0,0.0,0.011158911511301994,0.0,0.006921166554093361,0.0,0.013884417712688446,0.0,0.0,0.0,0.0,0.0,0.017269155010581017,0.0,0.00583390099927783,0.0,0.0,,,,,,,,,,,,,,,,,,,,,,,,,,,,,,,,,,,,,,,,,,,,,,,,,,,,,,,,,,,,,,,,,,,,,,,,,,,,,,,,,,,,,,,,,,,,,,,,,,,,,,,,,,,,,,,,,,,,,,,,,,,,,,
2022-01-27,762579.7917208121,137.75968407807468,,,,,,,,,,,76494.84123570709,,1039061.7711000025,,,,,,,,,,,,,,,,,,,,,,,,,,,,,,,,,,,,,,,,,,,2832.228324875413,,,,,,,,,,,,,,,,,,,,,,23569.377166758535,9476.682696321477,4268.394877146428,8201.903712248382,3882.4650165091443,57782.828210730455,27811.480267036684,8453.96108195779,38173.76319799272,,,,,,,,,,,,,,,,,,,,,,,,,,,,,,,,,,,,0.007672586012631655,0.0,0.0,0.01092440728098154,0.0,0.0,0.0,0.0,0.0,0.0,0.0,0.0,0.0,0.0,0.0,0.0,,0.0,,0.0,,0.0,0.0,0.0,0.010507198981940746,0.0,,0.0,0.0,0.010712611488997936,0.0,0.012846814468502998,0.0,,0.0,,,,0.0,0.0,0.0,,0.0,0.0,0.0012285824632272124,0.009027548134326935,0.0,,,0.0,,0.0,0.0,0.0,0.0,0.0,0.0,0.0,0.0,0.006439491640776396,0.015234255231916904,0.0,0.0,0.0,,0.011381476186215878,0.0,0.0,0.0,0.015055594965815544,,0.0005889178719371557,0.0,,0.0,0.0,0.0,0.0,,0.0,0.0,0.0,,0.0,,0.0,0.0,,0.0,,0.0,0.0,0.0030229962430894375,0.01743323914706707,0.0,0.012673601508140564,0.0,0.016194811090826988,0.0,,,0.009300514124333858,0.0,,,,,0.0,0.0,0.0,0.0,0.0,0.0,0.0,0.0,0.0,,0.012146583758294582,0.0019998527131974697,0.0,,0.019029388204216957,0.0,0.0015352413756772876,0.0,0.0,0.0,,0.002669151872396469,,0.014855947345495224,0.0,0.0,0.01175154373049736,,0.0,0.0,,0.0,0.0,0.0,0.0,0.0,0.0001421356719220057,0.0011042432161048055,0.0,0.0,0.0046468619257211685,0.003770541399717331,0.0,0.0012880248250439763,,0.02132318913936615,0.0,0.004850889090448618,0.0,,0.0,0.007785265799611807,0.0,0.0,0.0,0.0,0.0061191171407699585,0.0,0.0,0.0,,0.015078713186085224,0.0,0.0,,,,0.006918592378497124,0.002163069089874625,,0.0,0.0,0.0,0.0,,0.0,,0.0,0.0,0.013318006880581379,0.0,0.0,0.0,,,,0.0,0.01897398941218853,0.0,0.0,0.0,,0.0,0.008289680816233158,0.007186546456068754,0.0,,0.0,0.015495573170483112,0.0,0.0,0.0,,0.002988440217450261,0.0071138362400233746,0.006663523148745298,0.0,,0.0029522741679102182,0.007444577291607857,0.00870683416724205,0.0,0.015951599925756454,0.0,,0.0,0.0,0.0,0.0,0.0,0.0,,0.0,,0.005740217864513397,0.007723913062363863,0.0016765532782301307,0.0,0.0,0.0,0.0,,0.0,0.011521018110215664,0.0028374833054840565,,,0.0,0.0,0.0,0.0,0.0,0.0,0.0,0.0,0.0,,0.0,0.0,0.0014217449352145195,,0.0,0.0,0.0,0.015036061406135559,0.0,0.0,0.0,,,0.0,0.002523822244256735,0.0,0.0,0.0,,0.012212172150611877,,0.010441260412335396,0.0,,0.0,0.0001980172237381339,0.0,0.0,,,0.0,0.009777898900210857,,0.011562291532754898,0.0,,,0.0,0.021612513810396194,0.0,0.0,0.0,0.0,0.0,,,0.0,0.0,0.0,0.0,0.0,,,0.0,0.0,0.0,,0.0,0.0,,0.0,0.0,0.010721533559262753,,0.0,0.0,0.0,0.0,,0.0,0.0,,0.0,0.0,0.0,0.000222572882194072,0.004138255026191473,0.0,0.0,0.0,0.0,0.0,0.0,0.0,0.0,,0.01636638306081295,,0.0,0.013081780634820461,0.00596213573589921,0.0,0.0,0.0,0.00783260352909565,0.013072560541331768,0.0,0.01504174992442131,0.0,,0.0,,0.0,0.007702955510467291,0.0,,0.0,0.0,0.0,0.0064319828525185585,0.0,0.0,0.0,0.0,0.006455377209931612,0.002276746090501547,0.0,,,0.0,0.0,0.0,,,,0.0,0.0,,0.0,,0.0,,0.0,,,0.0,,,,,0.0,,0.0,0.009475049562752247,0.0,,0.0,0.0,0.0006172159337438643,,0.011276694014668465,0.0,,0.0,0.008886725641787052,0.0,,,0.0,,0.01935204491019249,0.0,0.0,,0.0,0.0019069688860327005,,,,0.0,0.0,0.0,0.0,0.0,7.387471123365685e-05,,,,0.007764055393636227,0.0,,0.0,,0.0,0.0,0.0,0.0,,,0.0,0.0,,,0.0,,0.0,,0.0,0.0,0.0,0.0,0.0,0.0,0.0,,0.0,0.010640541091561317,0.0,0.0,0.0,,,0.0,0.0,0.0,0.0,0.004161264281719923,0.0073729087598621845,,,,0.007771022617816925,0.0,0.0,0.0,,,0.008342444896697998,0.0,0.0,,0.0,,,,,0.0,0.013751369901001453,0.0,,0.0,,,0.0,,0.006028351373970509,0.0,0.0,0.0,,0.006963010877370834,0.0,,0.0,0.0,0.0,0.0,0.0,,0.0025301980786025524,0.0,0.0,,0.0,0.0,0.0,0.0,0.0,0.0,0.0,,0.0009805925656110048,0.0,0.0,0.007419695612043142,0.0,0.0,0.0,,0.0,0.0,0.0,0.010489208623766899,0.0,0.0,0.0,0.0,0.0,0.0,0.00028485566144809127,0.0,0.0,0.0,,0.0,0.0,0.0,0.0,0.0,0.0,0.0,0.0,0.0,0.004446286242455244,0.0,0.0,0.0,,0.0,0.006903916597366333,,0.0032303640618920326,0.0,0.0,0.0,0.0,0.0,0.007855664007365704,0.0,0.0,0.0,0.011428353376686573,0.0,0.014265907928347588,0.0,0.0,0.0,0.0,0.0,0.0,0.0,0.0,0.0,0.0,0.0,0.0,0.0071387211792171,0.0,0.0,0.0,0.010663309134542942,0.009583434090018272,0.0,0.00991410668939352,0.0,0.0,0.0,0.019269602373242378,0.0,0.0,0.0,0.0,0.0,0.0,0.0,0.0,0.004451911896467209,0.0,0.0,0.0,0.0,0.0,0.015617968514561653,0.0,0.008543897420167923,0.0,0.0,0.017431413754820824,0.0,0.0,0.0,0.0,0.0,0.011158911511301994,0.0,0.006921166554093361,0.0,0.013884417712688446,0.0,0.0,0.0,0.0,0.0,0.017269155010581017,0.0,0.00583390099927783,0.0,0.0,,,,,,,,,,,,,,,,,,,,,,,,,,,,,,,,,,,,,,,,,,,,,,,,,,,,,,,,,,,,,,,,,,,,,,,,,,,,,,,,,,,,,,,,,,,,,,,,,,,,,,,,,,,,,,,,,,,,,,,,,,,,,,
2022-01-28,767393.3741305863,137.75968407807468,,,,,,,,,,,76494.84123570709,,1039061.7711000025,,,,,,,,,,,,,,,,,,,,,,,,,,,,,,,,,,,,,,,,,,,2832.228324875413,,,,,,,,,,,,,,,,,,,,,,23569.377166758535,9476.682696321477,4268.394877146428,8201.903712248382,3882.4650165091443,57782.828210730455,27811.480267036684,8453.96108195779,38173.76319799272,,,,,,,,,,,,,,,,,,,,,,,,,,,,,,,,,,,,0.007672586012631655,0.0,0.0,0.01092440728098154,0.0,0.0,0.0,0.0,0.0,0.0,0.0,0.0,0.0,0.0,0.0,0.0,,0.0,,0.0,,0.0,0.0,0.0,0.010507198981940746,0.0,,0.0,0.0,0.010712611488997936,0.0,0.012846814468502998,0.0,,0.0,,,,0.0,0.0,0.0,,0.0,0.0,0.0012285824632272124,0.009027548134326935,0.0,,,0.0,,0.0,0.0,0.0,0.0,0.0,0.0,0.0,0.0,0.006439491640776396,0.015234255231916904,0.0,0.0,0.0,,0.011381476186215878,0.0,0.0,0.0,0.015055594965815544,,0.0005889178719371557,0.0,,0.0,0.0,0.0,0.0,,0.0,0.0,0.0,,0.0,,0.0,0.0,,0.0,,0.0,0.0,0.0030229962430894375,0.01743323914706707,0.0,0.012673601508140564,0.0,0.016194811090826988,0.0,,,0.009300514124333858,0.0,,,,,0.0,0.0,0.0,0.0,0.0,0.0,0.0,0.0,0.0,,0.012146583758294582,0.0019998527131974697,0.0,,0.019029388204216957,0.0,0.0015352413756772876,0.0,0.0,0.0,,0.002669151872396469,,0.014855947345495224,0.0,0.0,0.01175154373049736,,0.0,0.0,,0.0,0.0,0.0,0.0,0.0,0.0001421356719220057,0.0011042432161048055,0.0,0.0,0.0046468619257211685,0.003770541399717331,0.0,0.0012880248250439763,,0.02132318913936615,0.0,0.004850889090448618,0.0,,0.0,0.007785265799611807,0.0,0.0,0.0,0.0,0.0061191171407699585,0.0,0.0,0.0,,0.015078713186085224,0.0,0.0,,,,0.006918592378497124,0.002163069089874625,,0.0,0.0,0.0,0.0,,0.0,,0.0,0.0,0.013318006880581379,0.0,0.0,0.0,,,,0.0,0.01897398941218853,0.0,0.0,0.0,,0.0,0.008289680816233158,0.007186546456068754,0.0,,0.0,0.015495573170483112,0.0,0.0,0.0,,0.002988440217450261,0.0071138362400233746,0.006663523148745298,0.0,,0.0029522741679102182,0.007444577291607857,0.00870683416724205,0.0,0.015951599925756454,0.0,,0.0,0.0,0.0,0.0,0.0,0.0,,0.0,,0.005740217864513397,0.007723913062363863,0.0016765532782301307,0.0,0.0,0.0,0.0,,0.0,0.011521018110215664,0.0028374833054840565,,,0.0,0.0,0.0,0.0,0.0,0.0,0.0,0.0,0.0,,0.0,0.0,0.0014217449352145195,,0.0,0.0,0.0,0.015036061406135559,0.0,0.0,0.0,,,0.0,0.002523822244256735,0.0,0.0,0.0,,0.012212172150611877,,0.010441260412335396,0.0,,0.0,0.0001980172237381339,0.0,0.0,,,0.0,0.009777898900210857,,0.011562291532754898,0.0,,,0.0,0.021612513810396194,0.0,0.0,0.0,0.0,0.0,,,0.0,0.0,0.0,0.0,0.0,,,0.0,0.0,0.0,,0.0,0.0,,0.0,0.0,0.010721533559262753,,0.0,0.0,0.0,0.0,,0.0,0.0,,0.0,0.0,0.0,0.000222572882194072,0.004138255026191473,0.0,0.0,0.0,0.0,0.0,0.0,0.0,0.0,,0.01636638306081295,,0.0,0.013081780634820461,0.00596213573589921,0.0,0.0,0.0,0.00783260352909565,0.013072560541331768,0.0,0.01504174992442131,0.0,,0.0,,0.0,0.007702955510467291,0.0,,0.0,0.0,0.0,0.0064319828525185585,0.0,0.0,0.0,0.0,0.006455377209931612,0.002276746090501547,0.0,,,0.0,0.0,0.0,,,,0.0,0.0,,0.0,,0.0,,0.0,,,0.0,,,,,0.0,,0.0,0.009475049562752247,0.0,,0.0,0.0,0.0006172159337438643,,0.011276694014668465,0.0,,0.0,0.008886725641787052,0.0,,,0.0,,0.01935204491019249,0.0,0.0,,0.0,0.0019069688860327005,,,,0.0,0.0,0.0,0.0,0.0,7.387471123365685e-05,,,,0.007764055393636227,0.0,,0.0,,0.0,0.0,0.0,0.0,,,0.0,0.0,,,0.0,,0.0,,0.0,0.0,0.0,0.0,0.0,0.0,0.0,,0.0,0.010640541091561317,0.0,0.0,0.0,,,0.0,0.0,0.0,0.0,0.004161264281719923,0.0073729087598621845,,,,0.007771022617816925,0.0,0.0,0.0,,,0.008342444896697998,0.0,0.0,,0.0,,,,,0.0,0.013751369901001453,0.0,,0.0,,,0.0,,0.006028351373970509,0.0,0.0,0.0,,0.006963010877370834,0.0,,0.0,0.0,0.0,0.0,0.0,,0.0025301980786025524,0.0,0.0,,0.0,0.0,0.0,0.0,0.0,0.0,0.0,,0.0009805925656110048,0.0,0.0,0.007419695612043142,0.0,0.0,0.0,,0.0,0.0,0.0,0.010489208623766899,0.0,0.0,0.0,0.0,0.0,0.0,0.00028485566144809127,0.0,0.0,0.0,,0.0,0.0,0.0,0.0,0.0,0.0,0.0,0.0,0.0,0.004446286242455244,0.0,0.0,0.0,,0.0,0.006903916597366333,,0.0032303640618920326,0.0,0.0,0.0,0.0,0.0,0.007855664007365704,0.0,0.0,0.0,0.011428353376686573,0.0,0.014265907928347588,0.0,0.0,0.0,0.0,0.0,0.0,0.0,0.0,0.0,0.0,0.0,0.0,0.0071387211792171,0.0,0.0,0.0,0.010663309134542942,0.009583434090018272,0.0,0.00991410668939352,0.0,0.0,0.0,0.019269602373242378,0.0,0.0,0.0,0.0,0.0,0.0,0.0,0.0,0.004451911896467209,0.0,0.0,0.0,0.0,0.0,0.015617968514561653,0.0,0.008543897420167923,0.0,0.0,0.017431413754820824,0.0,0.0,0.0,0.0,0.0,0.011158911511301994,0.0,0.006921166554093361,0.0,0.013884417712688446,0.0,0.0,0.0,0.0,0.0,0.017269155010581017,0.0,0.00583390099927783,0.0,0.0,,,,,,,,,,,,,,,,,,,,,,,,,,,,,,,,,,,,,,,,,,,,,,,,,,,,,,,,,,,,,,,,,,,,,,,,,,,,,,,,,,,,,,,,,,,,,,,,,,,,,,,,,,,,,,,,,,,,,,,,,,,,,,
2022-02-07,772775.4276749076,138.31711818358676,,,,,,,,,,,76494.84123570709,,1039061.7711000025,,,,,,,,,,,,,,,,,,,,,,,,,,,,,,,,,,,,,,,,,,,2832.228324875413,,,,,,,,,,,,,,,,,,,,,,23569.207366410395,9476.682696321477,4268.394877146428,8201.903712248382,3882.4650165091443,57782.828210730455,27811.480267036684,8453.96108195779,38173.76319799272,,,,,,,,,,,,,,,,,,,,,,,,,,,,,,,,,,,,0.007672586012631655,0.0,0.0,0.01092440728098154,0.0,0.0,0.0,0.0,0.0,0.0,0.0,0.0,0.0,0.0,0.0,0.0,,0.0,,0.0,,0.0,0.0,0.0,0.010507198981940746,0.0,,0.0,0.0,0.010712611488997936,0.0,0.012846814468502998,0.0,,0.0,,,,0.0,0.0,0.0,,0.0,0.0,0.0012285824632272124,0.009027548134326935,0.0,,,0.0,,0.0,0.0,0.0,0.0,0.0,0.0,0.0,0.0,0.006439491640776396,0.015234255231916904,0.0,0.0,0.0,,0.011381476186215878,0.0,0.0,0.0,0.015055594965815544,,0.0005889178719371557,0.0,,0.0,0.0,0.0,0.0,,0.0,0.0,0.0,,0.0,,0.0,0.0,,0.0,,0.0,0.0,0.0030229962430894375,0.01743323914706707,0.0,0.012673601508140564,0.0,0.016194811090826988,0.0,,,0.009300514124333858,0.0,,,,,0.0,0.0,0.0,0.0,0.0,0.0,0.0,0.0,0.0,,0.012146583758294582,0.0019998527131974697,0.0,,0.019029388204216957,0.0,0.0015352413756772876,0.0,0.0,0.0,,0.002669151872396469,,0.014855947345495224,0.0,0.0,0.01175154373049736,,0.0,0.0,,0.0,0.0,0.0,0.0,0.0,0.0001421356719220057,0.0011042432161048055,0.0,0.0,0.0046468619257211685,0.003770541399717331,0.0,0.0012880248250439763,,0.02132318913936615,0.0,0.004850889090448618,0.0,,0.0,0.007785265799611807,0.0,0.0,0.0,0.0,0.0061191171407699585,0.0,0.0,0.0,,0.015078713186085224,0.0,0.0,,,,0.006918592378497124,0.002163069089874625,,0.0,0.0,0.0,0.0,,0.0,,0.0,0.0,0.013318006880581379,0.0,0.0,0.0,,,,0.0,0.01897398941218853,0.0,0.0,0.0,,0.0,0.008289680816233158,0.007186546456068754,0.0,,0.0,0.015495573170483112,0.0,0.0,0.0,,0.002988440217450261,0.0071138362400233746,0.006663523148745298,0.0,,0.0029522741679102182,0.007444577291607857,0.00870683416724205,0.0,0.015951599925756454,0.0,,0.0,0.0,0.0,0.0,0.0,0.0,,0.0,,0.005740217864513397,0.007723913062363863,0.0016765532782301307,0.0,0.0,0.0,0.0,,0.0,0.011521018110215664,0.0028374833054840565,,,0.0,0.0,0.0,0.0,0.0,0.0,0.0,0.0,0.0,,0.0,0.0,0.0014217449352145195,,0.0,0.0,0.0,0.015036061406135559,0.0,0.0,0.0,,,0.0,0.002523822244256735,0.0,0.0,0.0,,0.012212172150611877,,0.010441260412335396,0.0,,0.0,0.0001980172237381339,0.0,0.0,,,0.0,0.009777898900210857,,0.011562291532754898,0.0,,,0.0,0.021612513810396194,0.0,0.0,0.0,0.0,0.0,,,0.0,0.0,0.0,0.0,0.0,,,0.0,0.0,0.0,,0.0,0.0,,0.0,0.0,0.010721533559262753,,0.0,0.0,0.0,0.0,,0.0,0.0,,0.0,0.0,0.0,0.000222572882194072,0.004138255026191473,0.0,0.0,0.0,0.0,0.0,0.0,0.0,0.0,,0.01636638306081295,,0.0,0.013081780634820461,0.00596213573589921,0.0,0.0,0.0,0.00783260352909565,0.013072560541331768,0.0,0.01504174992442131,0.0,,0.0,,0.0,0.007702955510467291,0.0,,0.0,0.0,0.0,0.0064319828525185585,0.0,0.0,0.0,0.0,0.006455377209931612,0.002276746090501547,0.0,,,0.0,0.0,0.0,,,,0.0,0.0,,0.0,,0.0,,0.0,,,0.0,,,,,0.0,,0.0,0.009475049562752247,0.0,,0.0,0.0,0.0006172159337438643,,0.011276694014668465,0.0,,0.0,0.008886725641787052,0.0,,,0.0,,0.01935204491019249,0.0,0.0,,0.0,0.0019069688860327005,,,,0.0,0.0,0.0,0.0,0.0,7.387471123365685e-05,,,,0.007764055393636227,0.0,,0.0,,0.0,0.0,0.0,0.0,,,0.0,0.0,,,0.0,,0.0,,0.0,0.0,0.0,0.0,0.0,0.0,0.0,,0.0,0.010640541091561317,0.0,0.0,0.0,,,0.0,0.0,0.0,0.0,0.004161264281719923,0.0073729087598621845,,,,0.007771022617816925,0.0,0.0,0.0,,,0.008342444896697998,0.0,0.0,,0.0,,,,,0.0,0.013751369901001453,0.0,,0.0,,,0.0,,0.006028351373970509,0.0,0.0,0.0,,0.006963010877370834,0.0,,0.0,0.0,0.0,0.0,0.0,,0.0025301980786025524,0.0,0.0,,0.0,0.0,0.0,0.0,0.0,0.0,0.0,,0.0009805925656110048,0.0,0.0,0.007419695612043142,0.0,0.0,0.0,,0.0,0.0,0.0,0.010489208623766899,0.0,0.0,0.0,0.0,0.0,0.0,0.00028485566144809127,0.0,0.0,0.0,,0.0,0.0,0.0,0.0,0.0,0.0,0.0,0.0,0.0,0.004446286242455244,0.0,0.0,0.0,,0.0,0.006903916597366333,,0.0032303640618920326,0.0,0.0,0.0,0.0,0.0,0.007855664007365704,0.0,0.0,0.0,0.011428353376686573,0.0,0.014265907928347588,0.0,0.0,0.0,0.0,0.0,0.0,0.0,0.0,0.0,0.0,0.0,0.0,0.0071387211792171,0.0,0.0,0.0,0.010663309134542942,0.009583434090018272,0.0,0.00991410668939352,0.0,0.0,0.0,0.019269602373242378,0.0,0.0,0.0,0.0,0.0,0.0,0.0,0.0,0.004451911896467209,0.0,0.0,0.0,0.0,0.0,0.015617968514561653,0.0,0.008543897420167923,0.0,0.0,0.017431413754820824,0.0,0.0,0.0,0.0,0.0,0.011158911511301994,0.0,0.006921166554093361,0.0,0.013884417712688446,0.0,0.0,0.0,0.0,0.0,0.017269155010581017,0.0,0.00583390099927783,0.0,0.0,,,,,,,,,,,,,,,,,,,,,,,,,,,,,,,,,,,,,,,,,,,,,,,,,,,,,,,,,,,,,,,,,,,,,,,,,,,,,,,,,,,,,,,,,,,,,,,,,,,,,,,,,,,,,,,,,,,,,,,,,,,,,,
2022-02-08,787205.2746145431,133.8068194479701,,,,,,,,,,,76494.84123570709,,1039061.7711000025,,,,,,,,,,,,,,,,,,,,,,,,,,,,,,,,,,,,,,,,,,,2832.228324875413,,,,,,,,,,,,,,,,,,,,,,23570.576451377125,9476.682696321477,4268.394877146428,8201.903712248382,3882.4650165091443,57782.828210730455,27811.480267036684,8453.96108195779,38173.76319799272,,,,,,,,,,,,,,,,,,,,,,,,,,,,,,,,,,,,0.007672586012631655,0.0,0.0,0.01092440728098154,0.0,0.0,0.0,0.0,0.0,0.0,0.0,0.0,0.0,0.0,0.0,0.0,,0.0,,0.0,,0.0,0.0,0.0,0.010507198981940746,0.0,,0.0,0.0,0.010712611488997936,0.0,0.012846814468502998,0.0,,0.0,,,,0.0,0.0,0.0,,0.0,0.0,0.0012285824632272124,0.009027548134326935,0.0,,,0.0,,0.0,0.0,0.0,0.0,0.0,0.0,0.0,0.0,0.006439491640776396,0.015234255231916904,0.0,0.0,0.0,,0.011381476186215878,0.0,0.0,0.0,0.015055594965815544,,0.0005889178719371557,0.0,,0.0,0.0,0.0,0.0,,0.0,0.0,0.0,,0.0,,0.0,0.0,,0.0,,0.0,0.0,0.0030229962430894375,0.01743323914706707,0.0,0.012673601508140564,0.0,0.016194811090826988,0.0,,,0.009300514124333858,0.0,,,,,0.0,0.0,0.0,0.0,0.0,0.0,0.0,0.0,0.0,,0.012146583758294582,0.0019998527131974697,0.0,,0.019029388204216957,0.0,0.0015352413756772876,0.0,0.0,0.0,,0.002669151872396469,,0.014855947345495224,0.0,0.0,0.01175154373049736,,0.0,0.0,,0.0,0.0,0.0,0.0,0.0,0.0001421356719220057,0.0011042432161048055,0.0,0.0,0.0046468619257211685,0.003770541399717331,0.0,0.0012880248250439763,,0.02132318913936615,0.0,0.004850889090448618,0.0,,0.0,0.007785265799611807,0.0,0.0,0.0,0.0,0.0061191171407699585,0.0,0.0,0.0,,0.015078713186085224,0.0,0.0,,,,0.006918592378497124,0.002163069089874625,,0.0,0.0,0.0,0.0,,0.0,,0.0,0.0,0.013318006880581379,0.0,0.0,0.0,,,,0.0,0.01897398941218853,0.0,0.0,0.0,,0.0,0.008289680816233158,0.007186546456068754,0.0,,0.0,0.015495573170483112,0.0,0.0,0.0,,0.002988440217450261,0.0071138362400233746,0.006663523148745298,0.0,,0.0029522741679102182,0.007444577291607857,0.00870683416724205,0.0,0.015951599925756454,0.0,,0.0,0.0,0.0,0.0,0.0,0.0,,0.0,,0.005740217864513397,0.007723913062363863,0.0016765532782301307,0.0,0.0,0.0,0.0,,0.0,0.011521018110215664,0.0028374833054840565,,,0.0,0.0,0.0,0.0,0.0,0.0,0.0,0.0,0.0,,0.0,0.0,0.0014217449352145195,,0.0,0.0,0.0,0.015036061406135559,0.0,0.0,0.0,,,0.0,0.002523822244256735,0.0,0.0,0.0,,0.012212172150611877,,0.010441260412335396,0.0,,0.0,0.0001980172237381339,0.0,0.0,,,0.0,0.009777898900210857,,0.011562291532754898,0.0,,,0.0,0.021612513810396194,0.0,0.0,0.0,0.0,0.0,,,0.0,0.0,0.0,0.0,0.0,,,0.0,0.0,0.0,,0.0,0.0,,0.0,0.0,0.010721533559262753,,0.0,0.0,0.0,0.0,,0.0,0.0,,0.0,0.0,0.0,0.000222572882194072,0.004138255026191473,0.0,0.0,0.0,0.0,0.0,0.0,0.0,0.0,,0.01636638306081295,,0.0,0.013081780634820461,0.00596213573589921,0.0,0.0,0.0,0.00783260352909565,0.013072560541331768,0.0,0.01504174992442131,0.0,,0.0,,0.0,0.007702955510467291,0.0,,0.0,0.0,0.0,0.0064319828525185585,0.0,0.0,0.0,0.0,0.006455377209931612,0.002276746090501547,0.0,,,0.0,0.0,0.0,,,,0.0,0.0,,0.0,,0.0,,0.0,,,0.0,,,,,0.0,,0.0,0.009475049562752247,0.0,,0.0,0.0,0.0006172159337438643,,0.011276694014668465,0.0,,0.0,0.008886725641787052,0.0,,,0.0,,0.01935204491019249,0.0,0.0,,0.0,0.0019069688860327005,,,,0.0,0.0,0.0,0.0,0.0,7.387471123365685e-05,,,,0.007764055393636227,0.0,,0.0,,0.0,0.0,0.0,0.0,,,0.0,0.0,,,0.0,,0.0,,0.0,0.0,0.0,0.0,0.0,0.0,0.0,,0.0,0.010640541091561317,0.0,0.0,0.0,,,0.0,0.0,0.0,0.0,0.004161264281719923,0.0073729087598621845,,,,0.007771022617816925,0.0,0.0,0.0,,,0.008342444896697998,0.0,0.0,,0.0,,,,,0.0,0.013751369901001453,0.0,,0.0,,,0.0,,0.006028351373970509,0.0,0.0,0.0,,0.006963010877370834,0.0,,0.0,0.0,0.0,0.0,0.0,,0.0025301980786025524,0.0,0.0,,0.0,0.0,0.0,0.0,0.0,0.0,0.0,,0.0009805925656110048,0.0,0.0,0.007419695612043142,0.0,0.0,0.0,,0.0,0.0,0.0,0.010489208623766899,0.0,0.0,0.0,0.0,0.0,0.0,0.00028485566144809127,0.0,0.0,0.0,,0.0,0.0,0.0,0.0,0.0,0.0,0.0,0.0,0.0,0.004446286242455244,0.0,0.0,0.0,,0.0,0.006903916597366333,,0.0032303640618920326,0.0,0.0,0.0,0.0,0.0,0.007855664007365704,0.0,0.0,0.0,0.011428353376686573,0.0,0.014265907928347588,0.0,0.0,0.0,0.0,0.0,0.0,0.0,0.0,0.0,0.0,0.0,0.0,0.0071387211792171,0.0,0.0,0.0,0.010663309134542942,0.009583434090018272,0.0,0.00991410668939352,0.0,0.0,0.0,0.019269602373242378,0.0,0.0,0.0,0.0,0.0,0.0,0.0,0.0,0.004451911896467209,0.0,0.0,0.0,0.0,0.0,0.015617968514561653,0.0,0.008543897420167923,0.0,0.0,0.017431413754820824,0.0,0.0,0.0,0.0,0.0,0.011158911511301994,0.0,0.006921166554093361,0.0,0.013884417712688446,0.0,0.0,0.0,0.0,0.0,0.017269155010581017,0.0,0.00583390099927783,0.0,0.0,,,,,,,,,,,,,,,,,,,,,,,,,,,,,,,,,,,,,,,,,,,,,,,,,,,,,,,,,,,,,,,,,,,,,,,,,,,,,,,,,,,,,,,,,,,,,,,,,,,,,,,,,,,,,,,,,,,,,,,,,,,,,,
2022-02-09,791498.0980585809,140.6982704429848,,,,,,,,,,,76494.84123570709,,1039061.7711000025,,,,,,,,,,,,,,,,,,,,,,,,,,,,,,,,,,,,,,,,,,,2832.228324875413,,,,,,,,,,,,,,,,,,,,,,23568.51970001901,9476.682696321477,4268.394877146428,8201.903712248382,3882.4650165091443,57782.828210730455,27811.480267036684,8453.96108195779,38173.76319799272,,,,,,,,,,,,,,,,,,,,,,,,,,,,,,,,,,,,0.007672586012631655,0.0,0.0,0.01092440728098154,0.0,0.0,0.0,0.0,0.0,0.0,0.0,0.0,0.0,0.0,0.0,0.0,,0.0,,0.0,,0.0,0.0,0.0,0.010507198981940746,0.0,,0.0,0.0,0.010712611488997936,0.0,0.012846814468502998,0.0,,0.0,,,,0.0,0.0,0.0,,0.0,0.0,0.0012285824632272124,0.009027548134326935,0.0,,,0.0,,0.0,0.0,0.0,0.0,0.0,0.0,0.0,0.0,0.006439491640776396,0.015234255231916904,0.0,0.0,0.0,,0.011381476186215878,0.0,0.0,0.0,0.015055594965815544,,0.0005889178719371557,0.0,,0.0,0.0,0.0,0.0,,0.0,0.0,0.0,,0.0,,0.0,0.0,,0.0,,0.0,0.0,0.0030229962430894375,0.01743323914706707,0.0,0.012673601508140564,0.0,0.016194811090826988,0.0,,,0.009300514124333858,0.0,,,,,0.0,0.0,0.0,0.0,0.0,0.0,0.0,0.0,0.0,,0.012146583758294582,0.0019998527131974697,0.0,,0.019029388204216957,0.0,0.0015352413756772876,0.0,0.0,0.0,,0.002669151872396469,,0.014855947345495224,0.0,0.0,0.01175154373049736,,0.0,0.0,,0.0,0.0,0.0,0.0,0.0,0.0001421356719220057,0.0011042432161048055,0.0,0.0,0.0046468619257211685,0.003770541399717331,0.0,0.0012880248250439763,,0.02132318913936615,0.0,0.004850889090448618,0.0,,0.0,0.007785265799611807,0.0,0.0,0.0,0.0,0.0061191171407699585,0.0,0.0,0.0,,0.015078713186085224,0.0,0.0,,,,0.006918592378497124,0.002163069089874625,,0.0,0.0,0.0,0.0,,0.0,,0.0,0.0,0.013318006880581379,0.0,0.0,0.0,,,,0.0,0.01897398941218853,0.0,0.0,0.0,,0.0,0.008289680816233158,0.007186546456068754,0.0,,0.0,0.015495573170483112,0.0,0.0,0.0,,0.002988440217450261,0.0071138362400233746,0.006663523148745298,0.0,,0.0029522741679102182,0.007444577291607857,0.00870683416724205,0.0,0.015951599925756454,0.0,,0.0,0.0,0.0,0.0,0.0,0.0,,0.0,,0.005740217864513397,0.007723913062363863,0.0016765532782301307,0.0,0.0,0.0,0.0,,0.0,0.011521018110215664,0.0028374833054840565,,,0.0,0.0,0.0,0.0,0.0,0.0,0.0,0.0,0.0,,0.0,0.0,0.0014217449352145195,,0.0,0.0,0.0,0.015036061406135559,0.0,0.0,0.0,,,0.0,0.002523822244256735,0.0,0.0,0.0,,0.012212172150611877,,0.010441260412335396,0.0,,0.0,0.0001980172237381339,0.0,0.0,,,0.0,0.009777898900210857,,0.011562291532754898,0.0,,,0.0,0.021612513810396194,0.0,0.0,0.0,0.0,0.0,,,0.0,0.0,0.0,0.0,0.0,,,0.0,0.0,0.0,,0.0,0.0,,0.0,0.0,0.010721533559262753,,0.0,0.0,0.0,0.0,,0.0,0.0,,0.0,0.0,0.0,0.000222572882194072,0.004138255026191473,0.0,0.0,0.0,0.0,0.0,0.0,0.0,0.0,,0.01636638306081295,,0.0,0.013081780634820461,0.00596213573589921,0.0,0.0,0.0,0.00783260352909565,0.013072560541331768,0.0,0.01504174992442131,0.0,,0.0,,0.0,0.007702955510467291,0.0,,0.0,0.0,0.0,0.0064319828525185585,0.0,0.0,0.0,0.0,0.006455377209931612,0.002276746090501547,0.0,,,0.0,0.0,0.0,,,,0.0,0.0,,0.0,,0.0,,0.0,,,0.0,,,,,0.0,,0.0,0.009475049562752247,0.0,,0.0,0.0,0.0006172159337438643,,0.011276694014668465,0.0,,0.0,0.008886725641787052,0.0,,,0.0,,0.01935204491019249,0.0,0.0,,0.0,0.0019069688860327005,,,,0.0,0.0,0.0,0.0,0.0,7.387471123365685e-05,,,,0.007764055393636227,0.0,,0.0,,0.0,0.0,0.0,0.0,,,0.0,0.0,,,0.0,,0.0,,0.0,0.0,0.0,0.0,0.0,0.0,0.0,,0.0,0.010640541091561317,0.0,0.0,0.0,,,0.0,0.0,0.0,0.0,0.004161264281719923,0.0073729087598621845,,,,0.007771022617816925,0.0,0.0,0.0,,,0.008342444896697998,0.0,0.0,,0.0,,,,,0.0,0.013751369901001453,0.0,,0.0,,,0.0,,0.006028351373970509,0.0,0.0,0.0,,0.006963010877370834,0.0,,0.0,0.0,0.0,0.0,0.0,,0.0025301980786025524,0.0,0.0,,0.0,0.0,0.0,0.0,0.0,0.0,0.0,,0.0009805925656110048,0.0,0.0,0.007419695612043142,0.0,0.0,0.0,,0.0,0.0,0.0,0.010489208623766899,0.0,0.0,0.0,0.0,0.0,0.0,0.00028485566144809127,0.0,0.0,0.0,,0.0,0.0,0.0,0.0,0.0,0.0,0.0,0.0,0.0,0.004446286242455244,0.0,0.0,0.0,,0.0,0.006903916597366333,,0.0032303640618920326,0.0,0.0,0.0,0.0,0.0,0.007855664007365704,0.0,0.0,0.0,0.011428353376686573,0.0,0.014265907928347588,0.0,0.0,0.0,0.0,0.0,0.0,0.0,0.0,0.0,0.0,0.0,0.0,0.0071387211792171,0.0,0.0,0.0,0.010663309134542942,0.009583434090018272,0.0,0.00991410668939352,0.0,0.0,0.0,0.019269602373242378,0.0,0.0,0.0,0.0,0.0,0.0,0.0,0.0,0.004451911896467209,0.0,0.0,0.0,0.0,0.0,0.015617968514561653,0.0,0.008543897420167923,0.0,0.0,0.017431413754820824,0.0,0.0,0.0,0.0,0.0,0.011158911511301994,0.0,0.006921166554093361,0.0,0.013884417712688446,0.0,0.0,0.0,0.0,0.0,0.017269155010581017,0.0,0.00583390099927783,0.0,0.0,,,,,,,,,,,,,,,,,,,,,,,,,,,,,,,,,,,,,,,,,,,,,,,,,,,,,,,,,,,,,,,,,,,,,,,,,,,,,,,,,,,,,,,,,,,,,,,,,,,,,,,,,,,,,,,,,,,,,,,,,,,,,,
2022-02-10,793864.0538495322,139.84481518298,,,,,,,,,,,76494.84123570709,,1039061.7711000025,,,,,,,,,,,,,,,,,,,,,,,,,,,,,,,,,,,,,,,,,,,2832.228324875413,,,,,,,,,,,,,,,,,,,,,,23568.772264185365,9476.682696321477,4268.394877146428,8201.903712248382,3882.4650165091443,57782.828210730455,27811.480267036684,8453.96108195779,38173.76319799272,,,,,,,,,,,,,,,,,,,,,,,,,,,,,,,,,,,,0.007672586012631655,0.0,0.0,0.01092440728098154,0.0,0.0,0.0,0.0,0.0,0.0,0.0,0.0,0.0,0.0,0.0,0.0,,0.0,,0.0,,0.0,0.0,0.0,0.010507198981940746,0.0,,0.0,0.0,0.010712611488997936,0.0,0.012846814468502998,0.0,,0.0,,,,0.0,0.0,0.0,,0.0,0.0,0.0012285824632272124,0.009027548134326935,0.0,,,0.0,,0.0,0.0,0.0,0.0,0.0,0.0,0.0,0.0,0.006439491640776396,0.015234255231916904,0.0,0.0,0.0,,0.011381476186215878,0.0,0.0,0.0,0.015055594965815544,,0.0005889178719371557,0.0,,0.0,0.0,0.0,0.0,,0.0,0.0,0.0,,0.0,,0.0,0.0,,0.0,,0.0,0.0,0.0030229962430894375,0.01743323914706707,0.0,0.012673601508140564,0.0,0.016194811090826988,0.0,,,0.009300514124333858,0.0,,,,,0.0,0.0,0.0,0.0,0.0,0.0,0.0,0.0,0.0,,0.012146583758294582,0.0019998527131974697,0.0,,0.019029388204216957,0.0,0.0015352413756772876,0.0,0.0,0.0,,0.002669151872396469,,0.014855947345495224,0.0,0.0,0.01175154373049736,,0.0,0.0,,0.0,0.0,0.0,0.0,0.0,0.0001421356719220057,0.0011042432161048055,0.0,0.0,0.0046468619257211685,0.003770541399717331,0.0,0.0012880248250439763,,0.02132318913936615,0.0,0.004850889090448618,0.0,,0.0,0.007785265799611807,0.0,0.0,0.0,0.0,0.0061191171407699585,0.0,0.0,0.0,,0.015078713186085224,0.0,0.0,,,,0.006918592378497124,0.002163069089874625,,0.0,0.0,0.0,0.0,,0.0,,0.0,0.0,0.013318006880581379,0.0,0.0,0.0,,,,0.0,0.01897398941218853,0.0,0.0,0.0,,0.0,0.008289680816233158,0.007186546456068754,0.0,,0.0,0.015495573170483112,0.0,0.0,0.0,,0.002988440217450261,0.0071138362400233746,0.006663523148745298,0.0,,0.0029522741679102182,0.007444577291607857,0.00870683416724205,0.0,0.015951599925756454,0.0,,0.0,0.0,0.0,0.0,0.0,0.0,,0.0,,0.005740217864513397,0.007723913062363863,0.0016765532782301307,0.0,0.0,0.0,0.0,,0.0,0.011521018110215664,0.0028374833054840565,,,0.0,0.0,0.0,0.0,0.0,0.0,0.0,0.0,0.0,,0.0,0.0,0.0014217449352145195,,0.0,0.0,0.0,0.015036061406135559,0.0,0.0,0.0,,,0.0,0.002523822244256735,0.0,0.0,0.0,,0.012212172150611877,,0.010441260412335396,0.0,,0.0,0.0001980172237381339,0.0,0.0,,,0.0,0.009777898900210857,,0.011562291532754898,0.0,,,0.0,0.021612513810396194,0.0,0.0,0.0,0.0,0.0,,,0.0,0.0,0.0,0.0,0.0,,,0.0,0.0,0.0,,0.0,0.0,,0.0,0.0,0.010721533559262753,,0.0,0.0,0.0,0.0,,0.0,0.0,,0.0,0.0,0.0,0.000222572882194072,0.004138255026191473,0.0,0.0,0.0,0.0,0.0,0.0,0.0,0.0,,0.01636638306081295,,0.0,0.013081780634820461,0.00596213573589921,0.0,0.0,0.0,0.00783260352909565,0.013072560541331768,0.0,0.01504174992442131,0.0,,0.0,,0.0,0.007702955510467291,0.0,,0.0,0.0,0.0,0.0064319828525185585,0.0,0.0,0.0,0.0,0.006455377209931612,0.002276746090501547,0.0,,,0.0,0.0,0.0,,,,0.0,0.0,,0.0,,0.0,,0.0,,,0.0,,,,,0.0,,0.0,0.009475049562752247,0.0,,0.0,0.0,0.0006172159337438643,,0.011276694014668465,0.0,,0.0,0.008886725641787052,0.0,,,0.0,,0.01935204491019249,0.0,0.0,,0.0,0.0019069688860327005,,,,0.0,0.0,0.0,0.0,0.0,7.387471123365685e-05,,,,0.007764055393636227,0.0,,0.0,,0.0,0.0,0.0,0.0,,,0.0,0.0,,,0.0,,0.0,,0.0,0.0,0.0,0.0,0.0,0.0,0.0,,0.0,0.010640541091561317,0.0,0.0,0.0,,,0.0,0.0,0.0,0.0,0.004161264281719923,0.0073729087598621845,,,,0.007771022617816925,0.0,0.0,0.0,,,0.008342444896697998,0.0,0.0,,0.0,,,,,0.0,0.013751369901001453,0.0,,0.0,,,0.0,,0.006028351373970509,0.0,0.0,0.0,,0.006963010877370834,0.0,,0.0,0.0,0.0,0.0,0.0,,0.0025301980786025524,0.0,0.0,,0.0,0.0,0.0,0.0,0.0,0.0,0.0,,0.0009805925656110048,0.0,0.0,0.007419695612043142,0.0,0.0,0.0,,0.0,0.0,0.0,0.010489208623766899,0.0,0.0,0.0,0.0,0.0,0.0,0.00028485566144809127,0.0,0.0,0.0,,0.0,0.0,0.0,0.0,0.0,0.0,0.0,0.0,0.0,0.004446286242455244,0.0,0.0,0.0,,0.0,0.006903916597366333,,0.0032303640618920326,0.0,0.0,0.0,0.0,0.0,0.007855664007365704,0.0,0.0,0.0,0.011428353376686573,0.0,0.014265907928347588,0.0,0.0,0.0,0.0,0.0,0.0,0.0,0.0,0.0,0.0,0.0,0.0,0.0071387211792171,0.0,0.0,0.0,0.010663309134542942,0.009583434090018272,0.0,0.00991410668939352,0.0,0.0,0.0,0.019269602373242378,0.0,0.0,0.0,0.0,0.0,0.0,0.0,0.0,0.004451911896467209,0.0,0.0,0.0,0.0,0.0,0.015617968514561653,0.0,0.008543897420167923,0.0,0.0,0.017431413754820824,0.0,0.0,0.0,0.0,0.0,0.011158911511301994,0.0,0.006921166554093361,0.0,0.013884417712688446,0.0,0.0,0.0,0.0,0.0,0.017269155010581017,0.0,0.00583390099927783,0.0,0.0,,,,,,,,,,,,,,,,,,,,,,,,,,,,,,,,,,,,,,,,,,,,,,,,,,,,,,,,,,,,,,,,,,,,,,,,,,,,,,,,,,,,,,,,,,,,,,,,,,,,,,,,,,,,,,,,,,,,,,,,,,,,,,
2022-02-11,783263.0467814071,25.299574412604557,,,,,,,,,,,76494.84123570709,,1039061.7711000025,,,,,,,,,,,,,,,,,,,,,,,,,,,,,,,,,,,,,,,,,,,2832.228324875413,,,,,,,,,,,,,,,,,,,,,,23570.385406717138,9476.682696321477,4268.394877146428,8201.903712248382,3882.4650165091443,57782.828210730455,27639.686116282286,8520.008006518427,38173.76319799272,,,,,,,,,,,,,,,,,,,,,,,,,,,,,,,,,,,,0.007672586012631655,0.0,0.0,0.01092440728098154,0.0,0.0,0.0,0.0,0.0,0.0,0.0,0.0,0.0,0.0,0.0,0.0,,0.0,,0.0,,0.0,0.0,0.0,0.010507198981940746,0.0,,0.0,0.0,0.010712611488997936,0.0,0.012846814468502998,0.0,,0.0,,,,0.0,0.0,0.0,,0.0,0.0,0.0012285824632272124,0.009027548134326935,0.0,,,0.0,,0.0,0.0,0.0,0.0,0.0,0.0,0.0,0.0,0.006439491640776396,0.015234255231916904,0.0,0.0,0.0,,0.011381476186215878,0.0,0.0,0.0,0.015055594965815544,,0.0005889178719371557,0.0,,0.0,0.0,0.0,0.0,,0.0,0.0,0.0,,0.0,,0.0,0.0,,0.0,,0.0,0.0,0.0030229962430894375,0.01743323914706707,0.0,0.012673601508140564,0.0,0.016194811090826988,0.0,,,0.009300514124333858,0.0,,,,,0.0,0.0,0.0,0.0,0.0,0.0,0.0,0.0,0.0,,0.012146583758294582,0.0019998527131974697,0.0,,0.019029388204216957,0.0,0.0015352413756772876,0.0,0.0,0.0,,0.002669151872396469,,0.014855947345495224,0.0,0.0,0.01175154373049736,,0.0,0.0,,0.0,0.0,0.0,0.0,0.0,0.0001421356719220057,0.0011042432161048055,0.0,0.0,0.0046468619257211685,0.003770541399717331,0.0,0.0012880248250439763,,0.02132318913936615,0.0,0.004850889090448618,0.0,,0.0,0.007785265799611807,0.0,0.0,0.0,0.0,0.0061191171407699585,0.0,0.0,0.0,,0.015078713186085224,0.0,0.0,,,,0.006918592378497124,0.002163069089874625,,0.0,0.0,0.0,0.0,,0.0,,0.0,0.0,0.013318006880581379,0.0,0.0,0.0,,,,0.0,0.01897398941218853,0.0,0.0,0.0,,0.0,0.008289680816233158,0.007186546456068754,0.0,,0.0,0.015495573170483112,0.0,0.0,0.0,,0.002988440217450261,0.0071138362400233746,0.006663523148745298,0.0,,0.0029522741679102182,0.007444577291607857,0.00870683416724205,0.0,0.015951599925756454,0.0,,0.0,0.0,0.0,0.0,0.0,0.0,,0.0,,0.005740217864513397,0.007723913062363863,0.0016765532782301307,0.0,0.0,0.0,0.0,,0.0,0.011521018110215664,0.0028374833054840565,,,0.0,0.0,0.0,0.0,0.0,0.0,0.0,0.0,0.0,,0.0,0.0,0.0014217449352145195,,0.0,0.0,0.0,0.015036061406135559,0.0,0.0,0.0,,,0.0,0.002523822244256735,0.0,0.0,0.0,,0.012212172150611877,,0.010441260412335396,0.0,,0.0,0.0001980172237381339,0.0,0.0,,,0.0,0.009777898900210857,,0.011562291532754898,0.0,,,0.0,0.021612513810396194,0.0,0.0,0.0,0.0,0.0,,,0.0,0.0,0.0,0.0,0.0,,,0.0,0.0,0.0,,0.0,0.0,,0.0,0.0,0.010721533559262753,,0.0,0.0,0.0,0.0,,0.0,0.0,,0.0,0.0,0.0,0.000222572882194072,0.004138255026191473,0.0,0.0,0.0,0.0,0.0,0.0,0.0,0.0,,0.01636638306081295,,0.0,0.013081780634820461,0.00596213573589921,0.0,0.0,0.0,0.00783260352909565,0.013072560541331768,0.0,0.01504174992442131,0.0,,0.0,,0.0,0.007702955510467291,0.0,,0.0,0.0,0.0,0.0064319828525185585,0.0,0.0,0.0,0.0,0.006455377209931612,0.002276746090501547,0.0,,,0.0,0.0,0.0,,,,0.0,0.0,,0.0,,0.0,,0.0,,,0.0,,,,,0.0,,0.0,0.009475049562752247,0.0,,0.0,0.0,0.0006172159337438643,,0.011276694014668465,0.0,,0.0,0.008886725641787052,0.0,,,0.0,,0.01935204491019249,0.0,0.0,,0.0,0.0019069688860327005,,,,0.0,0.0,0.0,0.0,0.0,7.387471123365685e-05,,,,0.007764055393636227,0.0,,0.0,,0.0,0.0,0.0,0.0,,,0.0,0.0,,,0.0,,0.0,,0.0,0.0,0.0,0.0,0.0,0.0,0.0,,0.0,0.010640541091561317,0.0,0.0,0.0,,,0.0,0.0,0.0,0.0,0.004161264281719923,0.0073729087598621845,,,,0.007771022617816925,0.0,0.0,0.0,,,0.008342444896697998,0.0,0.0,,0.0,,,,,0.0,0.013751369901001453,0.0,,0.0,,,0.0,,0.006028351373970509,0.0,0.0,0.0,,0.006963010877370834,0.0,,0.0,0.0,0.0,0.0,0.0,,0.0025301980786025524,0.0,0.0,,0.0,0.0,0.0,0.0,0.0,0.0,0.0,,0.0009805925656110048,0.0,0.0,0.007419695612043142,0.0,0.0,0.0,,0.0,0.0,0.0,0.010489208623766899,0.0,0.0,0.0,0.0,0.0,0.0,0.00028485566144809127,0.0,0.0,0.0,,0.0,0.0,0.0,0.0,0.0,0.0,0.0,0.0,0.0,0.004446286242455244,0.0,0.0,0.0,,0.0,0.006903916597366333,,0.0032303640618920326,0.0,0.0,0.0,0.0,0.0,0.007855664007365704,0.0,0.0,0.0,0.011428353376686573,0.0,0.014265907928347588,0.0,0.0,0.0,0.0,0.0,0.0,0.0,0.0,0.0,0.0,0.0,0.0,0.0071387211792171,0.0,0.0,0.0,0.010663309134542942,0.009583434090018272,0.0,0.00991410668939352,0.0,0.0,0.0,0.019269602373242378,0.0,0.0,0.0,0.0,0.0,0.0,0.0,0.0,0.004451911896467209,0.0,0.0,0.0,0.0,0.0,0.015617968514561653,0.0,0.008543897420167923,0.0,0.0,0.017431413754820824,0.0,0.0,0.0,0.0,0.0,0.011158911511301994,0.0,0.006921166554093361,0.0,0.013884417712688446,0.0,0.0,0.0,0.0,0.0,0.017269155010581017,0.0,0.00583390099927783,0.0,0.0,,,,,,,,,,,,,,,,,,,,,,,,,,,,,,,,,,,,,,,,,,,,,,,,,,,,,,,,,,,,,,,,,,,,,,,,,,,,,,,,,,,,,,,,,,,,,,,,,,,,,,,,,,,,,,,,,,,,,,,,,,,,,,
2022-02-14,780418.3927363481,359.27322888275694,,,,,,,,,,,76494.84123570709,,1039061.7711000025,,,,,,,,,,,,,,,,,,,,,,,,,,,,,,,,,,,,,,,,,,,2832.228324875413,,,,,,,,,,,,,,,,,,,,,,22964.279332230988,9477.073889220917,4268.394877146428,8201.903712248382,3882.4650165091443,58294.74571404624,27374.73225117532,8718.145192166536,38173.76319799272,,,,,,,,,,,,,,,,,,,,,,,,,,,,,,,,,,,,0.007672586012631655,0.0,0.0,0.01092440728098154,0.0,0.0,0.0,0.0,0.0,0.0,0.0,0.0,0.0,0.0,0.0,0.0,,0.0,,0.0,,0.0,0.0,0.0,0.010507198981940746,0.0,,0.0,0.0,0.010712611488997936,0.0,0.012846814468502998,0.0,,0.0,,,,0.0,0.0,0.0,,0.0,0.0,0.0012285824632272124,0.009027548134326935,0.0,,,0.0,,0.0,0.0,0.0,0.0,0.0,0.0,0.0,0.0,0.006439491640776396,0.015234255231916904,0.0,0.0,0.0,,0.011381476186215878,0.0,0.0,0.0,0.015055594965815544,,0.0005889178719371557,0.0,,0.0,0.0,0.0,0.0,,0.0,0.0,0.0,,0.0,,0.0,0.0,,0.0,,0.0,0.0,0.0030229962430894375,0.01743323914706707,0.0,0.012673601508140564,0.0,0.016194811090826988,0.0,,,0.009300514124333858,0.0,,,,,0.0,0.0,0.0,0.0,0.0,0.0,0.0,0.0,0.0,,0.012146583758294582,0.0019998527131974697,0.0,,0.019029388204216957,0.0,0.0015352413756772876,0.0,0.0,0.0,,0.002669151872396469,,0.014855947345495224,0.0,0.0,0.01175154373049736,,0.0,0.0,,0.0,0.0,0.0,0.0,0.0,0.0001421356719220057,0.0011042432161048055,0.0,0.0,0.0046468619257211685,0.003770541399717331,0.0,0.0012880248250439763,,0.02132318913936615,0.0,0.004850889090448618,0.0,,0.0,0.007785265799611807,0.0,0.0,0.0,0.0,0.0061191171407699585,0.0,0.0,0.0,,0.015078713186085224,0.0,0.0,,,,0.006918592378497124,0.002163069089874625,,0.0,0.0,0.0,0.0,,0.0,,0.0,0.0,0.013318006880581379,0.0,0.0,0.0,,,,0.0,0.01897398941218853,0.0,0.0,0.0,,0.0,0.008289680816233158,0.007186546456068754,0.0,,0.0,0.015495573170483112,0.0,0.0,0.0,,0.002988440217450261,0.0071138362400233746,0.006663523148745298,0.0,,0.0029522741679102182,0.007444577291607857,0.00870683416724205,0.0,0.015951599925756454,0.0,,0.0,0.0,0.0,0.0,0.0,0.0,,0.0,,0.005740217864513397,0.007723913062363863,0.0016765532782301307,0.0,0.0,0.0,0.0,,0.0,0.011521018110215664,0.0028374833054840565,,,0.0,0.0,0.0,0.0,0.0,0.0,0.0,0.0,0.0,,0.0,0.0,0.0014217449352145195,,0.0,0.0,0.0,0.015036061406135559,0.0,0.0,0.0,,,0.0,0.002523822244256735,0.0,0.0,0.0,,0.012212172150611877,,0.010441260412335396,0.0,,0.0,0.0001980172237381339,0.0,0.0,,,0.0,0.009777898900210857,,0.011562291532754898,0.0,,,0.0,0.021612513810396194,0.0,0.0,0.0,0.0,0.0,,,0.0,0.0,0.0,0.0,0.0,,,0.0,0.0,0.0,,0.0,0.0,,0.0,0.0,0.010721533559262753,,0.0,0.0,0.0,0.0,,0.0,0.0,,0.0,0.0,0.0,0.000222572882194072,0.004138255026191473,0.0,0.0,0.0,0.0,0.0,0.0,0.0,0.0,,0.01636638306081295,,0.0,0.013081780634820461,0.00596213573589921,0.0,0.0,0.0,0.00783260352909565,0.013072560541331768,0.0,0.01504174992442131,0.0,,0.0,,0.0,0.007702955510467291,0.0,,0.0,0.0,0.0,0.0064319828525185585,0.0,0.0,0.0,0.0,0.006455377209931612,0.002276746090501547,0.0,,,0.0,0.0,0.0,,,,0.0,0.0,,0.0,,0.0,,0.0,,,0.0,,,,,0.0,,0.0,0.009475049562752247,0.0,,0.0,0.0,0.0006172159337438643,,0.011276694014668465,0.0,,0.0,0.008886725641787052,0.0,,,0.0,,0.01935204491019249,0.0,0.0,,0.0,0.0019069688860327005,,,,0.0,0.0,0.0,0.0,0.0,7.387471123365685e-05,,,,0.007764055393636227,0.0,,0.0,,0.0,0.0,0.0,0.0,,,0.0,0.0,,,0.0,,0.0,,0.0,0.0,0.0,0.0,0.0,0.0,0.0,,0.0,0.010640541091561317,0.0,0.0,0.0,,,0.0,0.0,0.0,0.0,0.004161264281719923,0.0073729087598621845,,,,0.007771022617816925,0.0,0.0,0.0,,,0.008342444896697998,0.0,0.0,,0.0,,,,,0.0,0.013751369901001453,0.0,,0.0,,,0.0,,0.006028351373970509,0.0,0.0,0.0,,0.006963010877370834,0.0,,0.0,0.0,0.0,0.0,0.0,,0.0025301980786025524,0.0,0.0,,0.0,0.0,0.0,0.0,0.0,0.0,0.0,,0.0009805925656110048,0.0,0.0,0.007419695612043142,0.0,0.0,0.0,,0.0,0.0,0.0,0.010489208623766899,0.0,0.0,0.0,0.0,0.0,0.0,0.00028485566144809127,0.0,0.0,0.0,,0.0,0.0,0.0,0.0,0.0,0.0,0.0,0.0,0.0,0.004446286242455244,0.0,0.0,0.0,,0.0,0.006903916597366333,,0.0032303640618920326,0.0,0.0,0.0,0.0,0.0,0.007855664007365704,0.0,0.0,0.0,0.011428353376686573,0.0,0.014265907928347588,0.0,0.0,0.0,0.0,0.0,0.0,0.0,0.0,0.0,0.0,0.0,0.0,0.0071387211792171,0.0,0.0,0.0,0.010663309134542942,0.009583434090018272,0.0,0.00991410668939352,0.0,0.0,0.0,0.019269602373242378,0.0,0.0,0.0,0.0,0.0,0.0,0.0,0.0,0.004451911896467209,0.0,0.0,0.0,0.0,0.0,0.015617968514561653,0.0,0.008543897420167923,0.0,0.0,0.017431413754820824,0.0,0.0,0.0,0.0,0.0,0.011158911511301994,0.0,0.006921166554093361,0.0,0.013884417712688446,0.0,0.0,0.0,0.0,0.0,0.017269155010581017,0.0,0.00583390099927783,0.0,0.0,,,,,,,,,,,,,,,,,,,,,,,,,,,,,,,,,,,,,,,,,,,,,,,,,,,,,,,,,,,,,,,,,,,,,,,,,,,,,,,,,,,,,,,,,,,,,,,,,,,,,,,,,,,,,,,,,,,,,,,,,,,,,,
2022-02-15,779295.476625782,87.99283154502018,,,,,,,,,,,76494.84123570709,,1039061.7711000025,,,,,,,,,,,,,,,,,,,,,,,,,,,,,,,,,,,,,,,,,,,2832.228324875413,,,,,,,,,,,,,,,,,,,,,,22966.0951447777,9477.073889220917,4268.394877146428,8201.903712248382,3882.4650165091443,58310.26523083137,27462.19061163758,8718.145192166536,38173.76319799272,,,,,,,,,,,,,,,,,,,,,,,,,,,,,,,,,,,,0.007672586012631655,0.0,0.0,0.01092440728098154,0.0,0.0,0.0,0.0,0.0,0.0,0.0,0.0,0.0,0.0,0.0,0.0,,0.0,,0.0,,0.0,0.0,0.0,0.010507198981940746,0.0,,0.0,0.0,0.010712611488997936,0.0,0.012846814468502998,0.0,,0.0,,,,0.0,0.0,0.0,,0.0,0.0,0.0012285824632272124,0.009027548134326935,0.0,,,0.0,,0.0,0.0,0.0,0.0,0.0,0.0,0.0,0.0,0.006439491640776396,0.015234255231916904,0.0,0.0,0.0,,0.011381476186215878,0.0,0.0,0.0,0.015055594965815544,,0.0005889178719371557,0.0,,0.0,0.0,0.0,0.0,,0.0,0.0,0.0,,0.0,,0.0,0.0,,0.0,,0.0,0.0,0.0030229962430894375,0.01743323914706707,0.0,0.012673601508140564,0.0,0.016194811090826988,0.0,,,0.009300514124333858,0.0,,,,,0.0,0.0,0.0,0.0,0.0,0.0,0.0,0.0,0.0,,0.012146583758294582,0.0019998527131974697,0.0,,0.019029388204216957,0.0,0.0015352413756772876,0.0,0.0,0.0,,0.002669151872396469,,0.014855947345495224,0.0,0.0,0.01175154373049736,,0.0,0.0,,0.0,0.0,0.0,0.0,0.0,0.0001421356719220057,0.0011042432161048055,0.0,0.0,0.0046468619257211685,0.003770541399717331,0.0,0.0012880248250439763,,0.02132318913936615,0.0,0.004850889090448618,0.0,,0.0,0.007785265799611807,0.0,0.0,0.0,0.0,0.0061191171407699585,0.0,0.0,0.0,,0.015078713186085224,0.0,0.0,,,,0.006918592378497124,0.002163069089874625,,0.0,0.0,0.0,0.0,,0.0,,0.0,0.0,0.013318006880581379,0.0,0.0,0.0,,,,0.0,0.01897398941218853,0.0,0.0,0.0,,0.0,0.008289680816233158,0.007186546456068754,0.0,,0.0,0.015495573170483112,0.0,0.0,0.0,,0.002988440217450261,0.0071138362400233746,0.006663523148745298,0.0,,0.0029522741679102182,0.007444577291607857,0.00870683416724205,0.0,0.015951599925756454,0.0,,0.0,0.0,0.0,0.0,0.0,0.0,,0.0,,0.005740217864513397,0.007723913062363863,0.0016765532782301307,0.0,0.0,0.0,0.0,,0.0,0.011521018110215664,0.0028374833054840565,,,0.0,0.0,0.0,0.0,0.0,0.0,0.0,0.0,0.0,,0.0,0.0,0.0014217449352145195,,0.0,0.0,0.0,0.015036061406135559,0.0,0.0,0.0,,,0.0,0.002523822244256735,0.0,0.0,0.0,,0.012212172150611877,,0.010441260412335396,0.0,,0.0,0.0001980172237381339,0.0,0.0,,,0.0,0.009777898900210857,,0.011562291532754898,0.0,,,0.0,0.021612513810396194,0.0,0.0,0.0,0.0,0.0,,,0.0,0.0,0.0,0.0,0.0,,,0.0,0.0,0.0,,0.0,0.0,,0.0,0.0,0.010721533559262753,,0.0,0.0,0.0,0.0,,0.0,0.0,,0.0,0.0,0.0,0.000222572882194072,0.004138255026191473,0.0,0.0,0.0,0.0,0.0,0.0,0.0,0.0,,0.01636638306081295,,0.0,0.013081780634820461,0.00596213573589921,0.0,0.0,0.0,0.00783260352909565,0.013072560541331768,0.0,0.01504174992442131,0.0,,0.0,,0.0,0.007702955510467291,0.0,,0.0,0.0,0.0,0.0064319828525185585,0.0,0.0,0.0,0.0,0.006455377209931612,0.002276746090501547,0.0,,,0.0,0.0,0.0,,,,0.0,0.0,,0.0,,0.0,,0.0,,,0.0,,,,,0.0,,0.0,0.009475049562752247,0.0,,0.0,0.0,0.0006172159337438643,,0.011276694014668465,0.0,,0.0,0.008886725641787052,0.0,,,0.0,,0.01935204491019249,0.0,0.0,,0.0,0.0019069688860327005,,,,0.0,0.0,0.0,0.0,0.0,7.387471123365685e-05,,,,0.007764055393636227,0.0,,0.0,,0.0,0.0,0.0,0.0,,,0.0,0.0,,,0.0,,0.0,,0.0,0.0,0.0,0.0,0.0,0.0,0.0,,0.0,0.010640541091561317,0.0,0.0,0.0,,,0.0,0.0,0.0,0.0,0.004161264281719923,0.0073729087598621845,,,,0.007771022617816925,0.0,0.0,0.0,,,0.008342444896697998,0.0,0.0,,0.0,,,,,0.0,0.013751369901001453,0.0,,0.0,,,0.0,,0.006028351373970509,0.0,0.0,0.0,,0.006963010877370834,0.0,,0.0,0.0,0.0,0.0,0.0,,0.0025301980786025524,0.0,0.0,,0.0,0.0,0.0,0.0,0.0,0.0,0.0,,0.0009805925656110048,0.0,0.0,0.007419695612043142,0.0,0.0,0.0,,0.0,0.0,0.0,0.010489208623766899,0.0,0.0,0.0,0.0,0.0,0.0,0.00028485566144809127,0.0,0.0,0.0,,0.0,0.0,0.0,0.0,0.0,0.0,0.0,0.0,0.0,0.004446286242455244,0.0,0.0,0.0,,0.0,0.006903916597366333,,0.0032303640618920326,0.0,0.0,0.0,0.0,0.0,0.007855664007365704,0.0,0.0,0.0,0.011428353376686573,0.0,0.014265907928347588,0.0,0.0,0.0,0.0,0.0,0.0,0.0,0.0,0.0,0.0,0.0,0.0,0.0071387211792171,0.0,0.0,0.0,0.010663309134542942,0.009583434090018272,0.0,0.00991410668939352,0.0,0.0,0.0,0.019269602373242378,0.0,0.0,0.0,0.0,0.0,0.0,0.0,0.0,0.004451911896467209,0.0,0.0,0.0,0.0,0.0,0.015617968514561653,0.0,0.008543897420167923,0.0,0.0,0.017431413754820824,0.0,0.0,0.0,0.0,0.0,0.011158911511301994,0.0,0.006921166554093361,0.0,0.013884417712688446,0.0,0.0,0.0,0.0,0.0,0.017269155010581017,0.0,0.00583390099927783,0.0,0.0,,,,,,,,,,,,,,,,,,,,,,,,,,,,,,,,,,,,,,,,,,,,,,,,,,,,,,,,,,,,,,,,,,,,,,,,,,,,,,,,,,,,,,,,,,,,,,,,,,,,,,,,,,,,,,,,,,,,,,,,,,,,,,
2022-02-16,786801.2805558954,106.78606224630832,,,,,,,,,,,76494.84123570709,,1039061.7711000025,,,,,,,,,,,,,,,,,,,,,,,,,,,,,,,,,,,,,,,,,,,2832.228324875413,,,,,,,,,,,,,,,,,,,,,,22964.874920190086,9477.073889220917,4268.394877146428,8201.903712248382,3882.4650165091443,58299.308078202055,27462.19061163758,8718.145192166536,38173.76319799272,,,,,,,,,,,,,,,,,,,,,,,,,,,,,,,,,,,,0.007672586012631655,0.0,0.0,0.01092440728098154,0.0,0.0,0.0,0.0,0.0,0.0,0.0,0.0,0.0,0.0,0.0,0.0,,0.0,,0.0,,0.0,0.0,0.0,0.010507198981940746,0.0,,0.0,0.0,0.010712611488997936,0.0,0.012846814468502998,0.0,,0.0,,,,0.0,0.0,0.0,,0.0,0.0,0.0012285824632272124,0.009027548134326935,0.0,,,0.0,,0.0,0.0,0.0,0.0,0.0,0.0,0.0,0.0,0.006439491640776396,0.015234255231916904,0.0,0.0,0.0,,0.011381476186215878,0.0,0.0,0.0,0.015055594965815544,,0.0005889178719371557,0.0,,0.0,0.0,0.0,0.0,,0.0,0.0,0.0,,0.0,,0.0,0.0,,0.0,,0.0,0.0,0.0030229962430894375,0.01743323914706707,0.0,0.012673601508140564,0.0,0.016194811090826988,0.0,,,0.009300514124333858,0.0,,,,,0.0,0.0,0.0,0.0,0.0,0.0,0.0,0.0,0.0,,0.012146583758294582,0.0019998527131974697,0.0,,0.019029388204216957,0.0,0.0015352413756772876,0.0,0.0,0.0,,0.002669151872396469,,0.014855947345495224,0.0,0.0,0.01175154373049736,,0.0,0.0,,0.0,0.0,0.0,0.0,0.0,0.0001421356719220057,0.0011042432161048055,0.0,0.0,0.0046468619257211685,0.003770541399717331,0.0,0.0012880248250439763,,0.02132318913936615,0.0,0.004850889090448618,0.0,,0.0,0.007785265799611807,0.0,0.0,0.0,0.0,0.0061191171407699585,0.0,0.0,0.0,,0.015078713186085224,0.0,0.0,,,,0.006918592378497124,0.002163069089874625,,0.0,0.0,0.0,0.0,,0.0,,0.0,0.0,0.013318006880581379,0.0,0.0,0.0,,,,0.0,0.01897398941218853,0.0,0.0,0.0,,0.0,0.008289680816233158,0.007186546456068754,0.0,,0.0,0.015495573170483112,0.0,0.0,0.0,,0.002988440217450261,0.0071138362400233746,0.006663523148745298,0.0,,0.0029522741679102182,0.007444577291607857,0.00870683416724205,0.0,0.015951599925756454,0.0,,0.0,0.0,0.0,0.0,0.0,0.0,,0.0,,0.005740217864513397,0.007723913062363863,0.0016765532782301307,0.0,0.0,0.0,0.0,,0.0,0.011521018110215664,0.0028374833054840565,,,0.0,0.0,0.0,0.0,0.0,0.0,0.0,0.0,0.0,,0.0,0.0,0.0014217449352145195,,0.0,0.0,0.0,0.015036061406135559,0.0,0.0,0.0,,,0.0,0.002523822244256735,0.0,0.0,0.0,,0.012212172150611877,,0.010441260412335396,0.0,,0.0,0.0001980172237381339,0.0,0.0,,,0.0,0.009777898900210857,,0.011562291532754898,0.0,,,0.0,0.021612513810396194,0.0,0.0,0.0,0.0,0.0,,,0.0,0.0,0.0,0.0,0.0,,,0.0,0.0,0.0,,0.0,0.0,,0.0,0.0,0.010721533559262753,,0.0,0.0,0.0,0.0,,0.0,0.0,,0.0,0.0,0.0,0.000222572882194072,0.004138255026191473,0.0,0.0,0.0,0.0,0.0,0.0,0.0,0.0,,0.01636638306081295,,0.0,0.013081780634820461,0.00596213573589921,0.0,0.0,0.0,0.00783260352909565,0.013072560541331768,0.0,0.01504174992442131,0.0,,0.0,,0.0,0.007702955510467291,0.0,,0.0,0.0,0.0,0.0064319828525185585,0.0,0.0,0.0,0.0,0.006455377209931612,0.002276746090501547,0.0,,,0.0,0.0,0.0,,,,0.0,0.0,,0.0,,0.0,,0.0,,,0.0,,,,,0.0,,0.0,0.009475049562752247,0.0,,0.0,0.0,0.0006172159337438643,,0.011276694014668465,0.0,,0.0,0.008886725641787052,0.0,,,0.0,,0.01935204491019249,0.0,0.0,,0.0,0.0019069688860327005,,,,0.0,0.0,0.0,0.0,0.0,7.387471123365685e-05,,,,0.007764055393636227,0.0,,0.0,,0.0,0.0,0.0,0.0,,,0.0,0.0,,,0.0,,0.0,,0.0,0.0,0.0,0.0,0.0,0.0,0.0,,0.0,0.010640541091561317,0.0,0.0,0.0,,,0.0,0.0,0.0,0.0,0.004161264281719923,0.0073729087598621845,,,,0.007771022617816925,0.0,0.0,0.0,,,0.008342444896697998,0.0,0.0,,0.0,,,,,0.0,0.013751369901001453,0.0,,0.0,,,0.0,,0.006028351373970509,0.0,0.0,0.0,,0.006963010877370834,0.0,,0.0,0.0,0.0,0.0,0.0,,0.0025301980786025524,0.0,0.0,,0.0,0.0,0.0,0.0,0.0,0.0,0.0,,0.0009805925656110048,0.0,0.0,0.007419695612043142,0.0,0.0,0.0,,0.0,0.0,0.0,0.010489208623766899,0.0,0.0,0.0,0.0,0.0,0.0,0.00028485566144809127,0.0,0.0,0.0,,0.0,0.0,0.0,0.0,0.0,0.0,0.0,0.0,0.0,0.004446286242455244,0.0,0.0,0.0,,0.0,0.006903916597366333,,0.0032303640618920326,0.0,0.0,0.0,0.0,0.0,0.007855664007365704,0.0,0.0,0.0,0.011428353376686573,0.0,0.014265907928347588,0.0,0.0,0.0,0.0,0.0,0.0,0.0,0.0,0.0,0.0,0.0,0.0,0.0071387211792171,0.0,0.0,0.0,0.010663309134542942,0.009583434090018272,0.0,0.00991410668939352,0.0,0.0,0.0,0.019269602373242378,0.0,0.0,0.0,0.0,0.0,0.0,0.0,0.0,0.004451911896467209,0.0,0.0,0.0,0.0,0.0,0.015617968514561653,0.0,0.008543897420167923,0.0,0.0,0.017431413754820824,0.0,0.0,0.0,0.0,0.0,0.011158911511301994,0.0,0.006921166554093361,0.0,0.013884417712688446,0.0,0.0,0.0,0.0,0.0,0.017269155010581017,0.0,0.00583390099927783,0.0,0.0,,,,,,,,,,,,,,,,,,,,,,,,,,,,,,,,,,,,,,,,,,,,,,,,,,,,,,,,,,,,,,,,,,,,,,,,,,,,,,,,,,,,,,,,,,,,,,,,,,,,,,,,,,,,,,,,,,,,,,,,,,,,,,
2022-02-17,783915.0851016468,669.7288421428103,,,,,,,,,,,76494.84123570709,,1039061.7711000025,,,,,,,,,,,,,,,,,,,,,,,,,,,,,,,,,,,,,,,,,,,2832.228324875413,,,,,,,,,,,,,,,,,,,,,,22965.90900044218,9477.073889220917,4268.394877146428,8201.903712248382,3882.4650165091443,57782.32412220588,27724.54567081696,8651.96932300248,38173.76319799272,,,,,,,,,,,,,,,,,,,,,,,,,,,,,,,,,,,,0.007672586012631655,0.0,0.0,0.01092440728098154,0.0,0.0,0.0,0.0,0.0,0.0,0.0,0.0,0.0,0.0,0.0,0.0,,0.0,,0.0,,0.0,0.0,0.0,0.010507198981940746,0.0,,0.0,0.0,0.010712611488997936,0.0,0.012846814468502998,0.0,,0.0,,,,0.0,0.0,0.0,,0.0,0.0,0.0012285824632272124,0.009027548134326935,0.0,,,0.0,,0.0,0.0,0.0,0.0,0.0,0.0,0.0,0.0,0.006439491640776396,0.015234255231916904,0.0,0.0,0.0,,0.011381476186215878,0.0,0.0,0.0,0.015055594965815544,,0.0005889178719371557,0.0,,0.0,0.0,0.0,0.0,,0.0,0.0,0.0,,0.0,,0.0,0.0,,0.0,,0.0,0.0,0.0030229962430894375,0.01743323914706707,0.0,0.012673601508140564,0.0,0.016194811090826988,0.0,,,0.009300514124333858,0.0,,,,,0.0,0.0,0.0,0.0,0.0,0.0,0.0,0.0,0.0,,0.012146583758294582,0.0019998527131974697,0.0,,0.019029388204216957,0.0,0.0015352413756772876,0.0,0.0,0.0,,0.002669151872396469,,0.014855947345495224,0.0,0.0,0.01175154373049736,,0.0,0.0,,0.0,0.0,0.0,0.0,0.0,0.0001421356719220057,0.0011042432161048055,0.0,0.0,0.0046468619257211685,0.003770541399717331,0.0,0.0012880248250439763,,0.02132318913936615,0.0,0.004850889090448618,0.0,,0.0,0.007785265799611807,0.0,0.0,0.0,0.0,0.0061191171407699585,0.0,0.0,0.0,,0.015078713186085224,0.0,0.0,,,,0.006918592378497124,0.002163069089874625,,0.0,0.0,0.0,0.0,,0.0,,0.0,0.0,0.013318006880581379,0.0,0.0,0.0,,,,0.0,0.01897398941218853,0.0,0.0,0.0,,0.0,0.008289680816233158,0.007186546456068754,0.0,,0.0,0.015495573170483112,0.0,0.0,0.0,,0.002988440217450261,0.0071138362400233746,0.006663523148745298,0.0,,0.0029522741679102182,0.007444577291607857,0.00870683416724205,0.0,0.015951599925756454,0.0,,0.0,0.0,0.0,0.0,0.0,0.0,,0.0,,0.005740217864513397,0.007723913062363863,0.0016765532782301307,0.0,0.0,0.0,0.0,,0.0,0.011521018110215664,0.0028374833054840565,,,0.0,0.0,0.0,0.0,0.0,0.0,0.0,0.0,0.0,,0.0,0.0,0.0014217449352145195,,0.0,0.0,0.0,0.015036061406135559,0.0,0.0,0.0,,,0.0,0.002523822244256735,0.0,0.0,0.0,,0.012212172150611877,,0.010441260412335396,0.0,,0.0,0.0001980172237381339,0.0,0.0,,,0.0,0.009777898900210857,,0.011562291532754898,0.0,,,0.0,0.021612513810396194,0.0,0.0,0.0,0.0,0.0,,,0.0,0.0,0.0,0.0,0.0,,,0.0,0.0,0.0,,0.0,0.0,,0.0,0.0,0.010721533559262753,,0.0,0.0,0.0,0.0,,0.0,0.0,,0.0,0.0,0.0,0.000222572882194072,0.004138255026191473,0.0,0.0,0.0,0.0,0.0,0.0,0.0,0.0,,0.01636638306081295,,0.0,0.013081780634820461,0.00596213573589921,0.0,0.0,0.0,0.00783260352909565,0.013072560541331768,0.0,0.01504174992442131,0.0,,0.0,,0.0,0.007702955510467291,0.0,,0.0,0.0,0.0,0.0064319828525185585,0.0,0.0,0.0,0.0,0.006455377209931612,0.002276746090501547,0.0,,,0.0,0.0,0.0,,,,0.0,0.0,,0.0,,0.0,,0.0,,,0.0,,,,,0.0,,0.0,0.009475049562752247,0.0,,0.0,0.0,0.0006172159337438643,,0.011276694014668465,0.0,,0.0,0.008886725641787052,0.0,,,0.0,,0.01935204491019249,0.0,0.0,,0.0,0.0019069688860327005,,,,0.0,0.0,0.0,0.0,0.0,7.387471123365685e-05,,,,0.007764055393636227,0.0,,0.0,,0.0,0.0,0.0,0.0,,,0.0,0.0,,,0.0,,0.0,,0.0,0.0,0.0,0.0,0.0,0.0,0.0,,0.0,0.010640541091561317,0.0,0.0,0.0,,,0.0,0.0,0.0,0.0,0.004161264281719923,0.0073729087598621845,,,,0.007771022617816925,0.0,0.0,0.0,,,0.008342444896697998,0.0,0.0,,0.0,,,,,0.0,0.013751369901001453,0.0,,0.0,,,0.0,,0.006028351373970509,0.0,0.0,0.0,,0.006963010877370834,0.0,,0.0,0.0,0.0,0.0,0.0,,0.0025301980786025524,0.0,0.0,,0.0,0.0,0.0,0.0,0.0,0.0,0.0,,0.0009805925656110048,0.0,0.0,0.007419695612043142,0.0,0.0,0.0,,0.0,0.0,0.0,0.010489208623766899,0.0,0.0,0.0,0.0,0.0,0.0,0.00028485566144809127,0.0,0.0,0.0,,0.0,0.0,0.0,0.0,0.0,0.0,0.0,0.0,0.0,0.004446286242455244,0.0,0.0,0.0,,0.0,0.006903916597366333,,0.0032303640618920326,0.0,0.0,0.0,0.0,0.0,0.007855664007365704,0.0,0.0,0.0,0.011428353376686573,0.0,0.014265907928347588,0.0,0.0,0.0,0.0,0.0,0.0,0.0,0.0,0.0,0.0,0.0,0.0,0.0071387211792171,0.0,0.0,0.0,0.010663309134542942,0.009583434090018272,0.0,0.00991410668939352,0.0,0.0,0.0,0.019269602373242378,0.0,0.0,0.0,0.0,0.0,0.0,0.0,0.0,0.004451911896467209,0.0,0.0,0.0,0.0,0.0,0.015617968514561653,0.0,0.008543897420167923,0.0,0.0,0.017431413754820824,0.0,0.0,0.0,0.0,0.0,0.011158911511301994,0.0,0.006921166554093361,0.0,0.013884417712688446,0.0,0.0,0.0,0.0,0.0,0.017269155010581017,0.0,0.00583390099927783,0.0,0.0,,,,,,,,,,,,,,,,,,,,,,,,,,,,,,,,,,,,,,,,,,,,,,,,,,,,,,,,,,,,,,,,,,,,,,,,,,,,,,,,,,,,,,,,,,,,,,,,,,,,,,,,,,,,,,,,,,,,,,,,,,,,,,
2022-02-18,789833.9031211127,766.1616286744438,,,,,,,,,,,76494.84123570709,,1039061.7711000025,,,,,,,,,,,,,,,,,,,,,,,,,,,,,,,,,,,,,,,,,,,2832.228324875413,,,,,,,,,,,,,,,,,,,,,,22965.90900044218,9477.073889220917,4268.394877146428,8201.903712248382,3882.4650165091443,57262.45374298982,28160.041901265762,8586.01704339898,38173.76319799272,,,,,,,,,,,,,,,,,,,,,,,,,,,,,,,,,,,,0.007672586012631655,0.0,0.0,0.01092440728098154,0.0,0.0,0.0,0.0,0.0,0.0,0.0,0.0,0.0,0.0,0.0,0.0,,0.0,,0.0,,0.0,0.0,0.0,0.010507198981940746,0.0,,0.0,0.0,0.010712611488997936,0.0,0.012846814468502998,0.0,,0.0,,,,0.0,0.0,0.0,,0.0,0.0,0.0012285824632272124,0.009027548134326935,0.0,,,0.0,,0.0,0.0,0.0,0.0,0.0,0.0,0.0,0.0,0.006439491640776396,0.015234255231916904,0.0,0.0,0.0,,0.011381476186215878,0.0,0.0,0.0,0.015055594965815544,,0.0005889178719371557,0.0,,0.0,0.0,0.0,0.0,,0.0,0.0,0.0,,0.0,,0.0,0.0,,0.0,,0.0,0.0,0.0030229962430894375,0.01743323914706707,0.0,0.012673601508140564,0.0,0.016194811090826988,0.0,,,0.009300514124333858,0.0,,,,,0.0,0.0,0.0,0.0,0.0,0.0,0.0,0.0,0.0,,0.012146583758294582,0.0019998527131974697,0.0,,0.019029388204216957,0.0,0.0015352413756772876,0.0,0.0,0.0,,0.002669151872396469,,0.014855947345495224,0.0,0.0,0.01175154373049736,,0.0,0.0,,0.0,0.0,0.0,0.0,0.0,0.0001421356719220057,0.0011042432161048055,0.0,0.0,0.0046468619257211685,0.003770541399717331,0.0,0.0012880248250439763,,0.02132318913936615,0.0,0.004850889090448618,0.0,,0.0,0.007785265799611807,0.0,0.0,0.0,0.0,0.0061191171407699585,0.0,0.0,0.0,,0.015078713186085224,0.0,0.0,,,,0.006918592378497124,0.002163069089874625,,0.0,0.0,0.0,0.0,,0.0,,0.0,0.0,0.013318006880581379,0.0,0.0,0.0,,,,0.0,0.01897398941218853,0.0,0.0,0.0,,0.0,0.008289680816233158,0.007186546456068754,0.0,,0.0,0.015495573170483112,0.0,0.0,0.0,,0.002988440217450261,0.0071138362400233746,0.006663523148745298,0.0,,0.0029522741679102182,0.007444577291607857,0.00870683416724205,0.0,0.015951599925756454,0.0,,0.0,0.0,0.0,0.0,0.0,0.0,,0.0,,0.005740217864513397,0.007723913062363863,0.0016765532782301307,0.0,0.0,0.0,0.0,,0.0,0.011521018110215664,0.0028374833054840565,,,0.0,0.0,0.0,0.0,0.0,0.0,0.0,0.0,0.0,,0.0,0.0,0.0014217449352145195,,0.0,0.0,0.0,0.015036061406135559,0.0,0.0,0.0,,,0.0,0.002523822244256735,0.0,0.0,0.0,,0.012212172150611877,,0.010441260412335396,0.0,,0.0,0.0001980172237381339,0.0,0.0,,,0.0,0.009777898900210857,,0.011562291532754898,0.0,,,0.0,0.021612513810396194,0.0,0.0,0.0,0.0,0.0,,,0.0,0.0,0.0,0.0,0.0,,,0.0,0.0,0.0,,0.0,0.0,,0.0,0.0,0.010721533559262753,,0.0,0.0,0.0,0.0,,0.0,0.0,,0.0,0.0,0.0,0.000222572882194072,0.004138255026191473,0.0,0.0,0.0,0.0,0.0,0.0,0.0,0.0,,0.01636638306081295,,0.0,0.013081780634820461,0.00596213573589921,0.0,0.0,0.0,0.00783260352909565,0.013072560541331768,0.0,0.01504174992442131,0.0,,0.0,,0.0,0.007702955510467291,0.0,,0.0,0.0,0.0,0.0064319828525185585,0.0,0.0,0.0,0.0,0.006455377209931612,0.002276746090501547,0.0,,,0.0,0.0,0.0,,,,0.0,0.0,,0.0,,0.0,,0.0,,,0.0,,,,,0.0,,0.0,0.009475049562752247,0.0,,0.0,0.0,0.0006172159337438643,,0.011276694014668465,0.0,,0.0,0.008886725641787052,0.0,,,0.0,,0.01935204491019249,0.0,0.0,,0.0,0.0019069688860327005,,,,0.0,0.0,0.0,0.0,0.0,7.387471123365685e-05,,,,0.007764055393636227,0.0,,0.0,,0.0,0.0,0.0,0.0,,,0.0,0.0,,,0.0,,0.0,,0.0,0.0,0.0,0.0,0.0,0.0,0.0,,0.0,0.010640541091561317,0.0,0.0,0.0,,,0.0,0.0,0.0,0.0,0.004161264281719923,0.0073729087598621845,,,,0.007771022617816925,0.0,0.0,0.0,,,0.008342444896697998,0.0,0.0,,0.0,,,,,0.0,0.013751369901001453,0.0,,0.0,,,0.0,,0.006028351373970509,0.0,0.0,0.0,,0.006963010877370834,0.0,,0.0,0.0,0.0,0.0,0.0,,0.0025301980786025524,0.0,0.0,,0.0,0.0,0.0,0.0,0.0,0.0,0.0,,0.0009805925656110048,0.0,0.0,0.007419695612043142,0.0,0.0,0.0,,0.0,0.0,0.0,0.010489208623766899,0.0,0.0,0.0,0.0,0.0,0.0,0.00028485566144809127,0.0,0.0,0.0,,0.0,0.0,0.0,0.0,0.0,0.0,0.0,0.0,0.0,0.004446286242455244,0.0,0.0,0.0,,0.0,0.006903916597366333,,0.0032303640618920326,0.0,0.0,0.0,0.0,0.0,0.007855664007365704,0.0,0.0,0.0,0.011428353376686573,0.0,0.014265907928347588,0.0,0.0,0.0,0.0,0.0,0.0,0.0,0.0,0.0,0.0,0.0,0.0,0.0071387211792171,0.0,0.0,0.0,0.010663309134542942,0.009583434090018272,0.0,0.00991410668939352,0.0,0.0,0.0,0.019269602373242378,0.0,0.0,0.0,0.0,0.0,0.0,0.0,0.0,0.004451911896467209,0.0,0.0,0.0,0.0,0.0,0.015617968514561653,0.0,0.008543897420167923,0.0,0.0,0.017431413754820824,0.0,0.0,0.0,0.0,0.0,0.011158911511301994,0.0,0.006921166554093361,0.0,0.013884417712688446,0.0,0.0,0.0,0.0,0.0,0.017269155010581017,0.0,0.00583390099927783,0.0,0.0,,,,,,,,,,,,,,,,,,,,,,,,,,,,,,,,,,,,,,,,,,,,,,,,,,,,,,,,,,,,,,,,,,,,,,,,,,,,,,,,,,,,,,,,,,,,,,,,,,,,,,,,,,,,,,,,,,,,,,,,,,,,,,
2022-02-21,791501.823214415,979.8409084259747,,,,,,,,,,,76494.84123570709,,1039061.7711000025,,,,,,,,,,,,,,,,,,,,,,,,,,,,,,,,,,,,,,,,,,,2832.228324875413,,,,,,,,,,,,,,,,,,,,,,22965.90900044218,9477.073889220917,4268.394877146428,8201.903712248382,3882.4650165091443,57250.32181687279,27464.96331154924,8585.661479222628,39295.23579280605,,,,,,,,,,,,,,,,,,,,,,,,,,,,,,,,,,,,0.007672586012631655,0.0,0.0,0.01092440728098154,0.0,0.0,0.0,0.0,0.0,0.0,0.0,0.0,0.0,0.0,0.0,0.0,,0.0,,0.0,,0.0,0.0,0.0,0.010507198981940746,0.0,,0.0,0.0,0.010712611488997936,0.0,0.012846814468502998,0.0,,0.0,,,,0.0,0.0,0.0,,0.0,0.0,0.0012285824632272124,0.009027548134326935,0.0,,,0.0,,0.0,0.0,0.0,0.0,0.0,0.0,0.0,0.0,0.006439491640776396,0.015234255231916904,0.0,0.0,0.0,,0.011381476186215878,0.0,0.0,0.0,0.015055594965815544,,0.0005889178719371557,0.0,,0.0,0.0,0.0,0.0,,0.0,0.0,0.0,,0.0,,0.0,0.0,,0.0,,0.0,0.0,0.0030229962430894375,0.01743323914706707,0.0,0.012673601508140564,0.0,0.016194811090826988,0.0,,,0.009300514124333858,0.0,,,,,0.0,0.0,0.0,0.0,0.0,0.0,0.0,0.0,0.0,,0.012146583758294582,0.0019998527131974697,0.0,,0.019029388204216957,0.0,0.0015352413756772876,0.0,0.0,0.0,,0.002669151872396469,,0.014855947345495224,0.0,0.0,0.01175154373049736,,0.0,0.0,,0.0,0.0,0.0,0.0,0.0,0.0001421356719220057,0.0011042432161048055,0.0,0.0,0.0046468619257211685,0.003770541399717331,0.0,0.0012880248250439763,,0.02132318913936615,0.0,0.004850889090448618,0.0,,0.0,0.007785265799611807,0.0,0.0,0.0,0.0,0.0061191171407699585,0.0,0.0,0.0,,0.015078713186085224,0.0,0.0,,,,0.006918592378497124,0.002163069089874625,,0.0,0.0,0.0,0.0,,0.0,,0.0,0.0,0.013318006880581379,0.0,0.0,0.0,,,,0.0,0.01897398941218853,0.0,0.0,0.0,,0.0,0.008289680816233158,0.007186546456068754,0.0,,0.0,0.015495573170483112,0.0,0.0,0.0,,0.002988440217450261,0.0071138362400233746,0.006663523148745298,0.0,,0.0029522741679102182,0.007444577291607857,0.00870683416724205,0.0,0.015951599925756454,0.0,,0.0,0.0,0.0,0.0,0.0,0.0,,0.0,,0.005740217864513397,0.007723913062363863,0.0016765532782301307,0.0,0.0,0.0,0.0,,0.0,0.011521018110215664,0.0028374833054840565,,,0.0,0.0,0.0,0.0,0.0,0.0,0.0,0.0,0.0,,0.0,0.0,0.0014217449352145195,,0.0,0.0,0.0,0.015036061406135559,0.0,0.0,0.0,,,0.0,0.002523822244256735,0.0,0.0,0.0,,0.012212172150611877,,0.010441260412335396,0.0,,0.0,0.0001980172237381339,0.0,0.0,,,0.0,0.009777898900210857,,0.011562291532754898,0.0,,,0.0,0.021612513810396194,0.0,0.0,0.0,0.0,0.0,,,0.0,0.0,0.0,0.0,0.0,,,0.0,0.0,0.0,,0.0,0.0,,0.0,0.0,0.010721533559262753,,0.0,0.0,0.0,0.0,,0.0,0.0,,0.0,0.0,0.0,0.000222572882194072,0.004138255026191473,0.0,0.0,0.0,0.0,0.0,0.0,0.0,0.0,,0.01636638306081295,,0.0,0.013081780634820461,0.00596213573589921,0.0,0.0,0.0,0.00783260352909565,0.013072560541331768,0.0,0.01504174992442131,0.0,,0.0,,0.0,0.007702955510467291,0.0,,0.0,0.0,0.0,0.0064319828525185585,0.0,0.0,0.0,0.0,0.006455377209931612,0.002276746090501547,0.0,,,0.0,0.0,0.0,,,,0.0,0.0,,0.0,,0.0,,0.0,,,0.0,,,,,0.0,,0.0,0.009475049562752247,0.0,,0.0,0.0,0.0006172159337438643,,0.011276694014668465,0.0,,0.0,0.008886725641787052,0.0,,,0.0,,0.01935204491019249,0.0,0.0,,0.0,0.0019069688860327005,,,,0.0,0.0,0.0,0.0,0.0,7.387471123365685e-05,,,,0.007764055393636227,0.0,,0.0,,0.0,0.0,0.0,0.0,,,0.0,0.0,,,0.0,,0.0,,0.0,0.0,0.0,0.0,0.0,0.0,0.0,,0.0,0.010640541091561317,0.0,0.0,0.0,,,0.0,0.0,0.0,0.0,0.004161264281719923,0.0073729087598621845,,,,0.007771022617816925,0.0,0.0,0.0,,,0.008342444896697998,0.0,0.0,,0.0,,,,,0.0,0.013751369901001453,0.0,,0.0,,,0.0,,0.006028351373970509,0.0,0.0,0.0,,0.006963010877370834,0.0,,0.0,0.0,0.0,0.0,0.0,,0.0025301980786025524,0.0,0.0,,0.0,0.0,0.0,0.0,0.0,0.0,0.0,,0.0009805925656110048,0.0,0.0,0.007419695612043142,0.0,0.0,0.0,,0.0,0.0,0.0,0.010489208623766899,0.0,0.0,0.0,0.0,0.0,0.0,0.00028485566144809127,0.0,0.0,0.0,,0.0,0.0,0.0,0.0,0.0,0.0,0.0,0.0,0.0,0.004446286242455244,0.0,0.0,0.0,,0.0,0.006903916597366333,,0.0032303640618920326,0.0,0.0,0.0,0.0,0.0,0.007855664007365704,0.0,0.0,0.0,0.011428353376686573,0.0,0.014265907928347588,0.0,0.0,0.0,0.0,0.0,0.0,0.0,0.0,0.0,0.0,0.0,0.0,0.0071387211792171,0.0,0.0,0.0,0.010663309134542942,0.009583434090018272,0.0,0.00991410668939352,0.0,0.0,0.0,0.019269602373242378,0.0,0.0,0.0,0.0,0.0,0.0,0.0,0.0,0.004451911896467209,0.0,0.0,0.0,0.0,0.0,0.015617968514561653,0.0,0.008543897420167923,0.0,0.0,0.017431413754820824,0.0,0.0,0.0,0.0,0.0,0.011158911511301994,0.0,0.006921166554093361,0.0,0.013884417712688446,0.0,0.0,0.0,0.0,0.0,0.017269155010581017,0.0,0.00583390099927783,0.0,0.0,,,,,,,,,,,,,,,,,,,,,,,,,,,,,,,,,,,,,,,,,,,,,,,,,,,,,,,,,,,,,,,,,,,,,,,,,,,,,,,,,,,,,,,,,,,,,,,,,,,,,,,,,,,,,,,,,,,,,,,,,,,,,,
2022-02-22,780527.7172833673,456.14869617677186,,,,,,,,,,,76494.84123570709,,1039061.7711000025,,,,,,,,,,,,,,,,,,,,,,,,,,,,,,,,,,,,,,,,,,,2832.228324875413,,,,,,,,,,,,,,,,,,,,,,22965.90900044218,9581.118236289089,4268.394877146428,8201.903712248382,3882.4650165091443,57250.32181687279,26935.964643781426,8519.989541044433,40416.6201235049,,,,,,,,,,,,,,,,,,,,,,,,,,,,,,,,,,,,0.007672586012631655,0.0,0.0,0.01092440728098154,0.0,0.0,0.0,0.0,0.0,0.0,0.0,0.0,0.0,0.0,0.0,0.0,,0.0,,0.0,,0.0,0.0,0.0,0.010507198981940746,0.0,,0.0,0.0,0.010712611488997936,0.0,0.012846814468502998,0.0,,0.0,,,,0.0,0.0,0.0,,0.0,0.0,0.0012285824632272124,0.009027548134326935,0.0,,,0.0,,0.0,0.0,0.0,0.0,0.0,0.0,0.0,0.0,0.006439491640776396,0.015234255231916904,0.0,0.0,0.0,,0.011381476186215878,0.0,0.0,0.0,0.015055594965815544,,0.0005889178719371557,0.0,,0.0,0.0,0.0,0.0,,0.0,0.0,0.0,,0.0,,0.0,0.0,,0.0,,0.0,0.0,0.0030229962430894375,0.01743323914706707,0.0,0.012673601508140564,0.0,0.016194811090826988,0.0,,,0.009300514124333858,0.0,,,,,0.0,0.0,0.0,0.0,0.0,0.0,0.0,0.0,0.0,,0.012146583758294582,0.0019998527131974697,0.0,,0.019029388204216957,0.0,0.0015352413756772876,0.0,0.0,0.0,,0.002669151872396469,,0.014855947345495224,0.0,0.0,0.01175154373049736,,0.0,0.0,,0.0,0.0,0.0,0.0,0.0,0.0001421356719220057,0.0011042432161048055,0.0,0.0,0.0046468619257211685,0.003770541399717331,0.0,0.0012880248250439763,,0.02132318913936615,0.0,0.004850889090448618,0.0,,0.0,0.007785265799611807,0.0,0.0,0.0,0.0,0.0061191171407699585,0.0,0.0,0.0,,0.015078713186085224,0.0,0.0,,,,0.006918592378497124,0.002163069089874625,,0.0,0.0,0.0,0.0,,0.0,,0.0,0.0,0.013318006880581379,0.0,0.0,0.0,,,,0.0,0.01897398941218853,0.0,0.0,0.0,,0.0,0.008289680816233158,0.007186546456068754,0.0,,0.0,0.015495573170483112,0.0,0.0,0.0,,0.002988440217450261,0.0071138362400233746,0.006663523148745298,0.0,,0.0029522741679102182,0.007444577291607857,0.00870683416724205,0.0,0.015951599925756454,0.0,,0.0,0.0,0.0,0.0,0.0,0.0,,0.0,,0.005740217864513397,0.007723913062363863,0.0016765532782301307,0.0,0.0,0.0,0.0,,0.0,0.011521018110215664,0.0028374833054840565,,,0.0,0.0,0.0,0.0,0.0,0.0,0.0,0.0,0.0,,0.0,0.0,0.0014217449352145195,,0.0,0.0,0.0,0.015036061406135559,0.0,0.0,0.0,,,0.0,0.002523822244256735,0.0,0.0,0.0,,0.012212172150611877,,0.010441260412335396,0.0,,0.0,0.0001980172237381339,0.0,0.0,,,0.0,0.009777898900210857,,0.011562291532754898,0.0,,,0.0,0.021612513810396194,0.0,0.0,0.0,0.0,0.0,,,0.0,0.0,0.0,0.0,0.0,,,0.0,0.0,0.0,,0.0,0.0,,0.0,0.0,0.010721533559262753,,0.0,0.0,0.0,0.0,,0.0,0.0,,0.0,0.0,0.0,0.000222572882194072,0.004138255026191473,0.0,0.0,0.0,0.0,0.0,0.0,0.0,0.0,,0.01636638306081295,,0.0,0.013081780634820461,0.00596213573589921,0.0,0.0,0.0,0.00783260352909565,0.013072560541331768,0.0,0.01504174992442131,0.0,,0.0,,0.0,0.007702955510467291,0.0,,0.0,0.0,0.0,0.0064319828525185585,0.0,0.0,0.0,0.0,0.006455377209931612,0.002276746090501547,0.0,,,0.0,0.0,0.0,,,,0.0,0.0,,0.0,,0.0,,0.0,,,0.0,,,,,0.0,,0.0,0.009475049562752247,0.0,,0.0,0.0,0.0006172159337438643,,0.011276694014668465,0.0,,0.0,0.008886725641787052,0.0,,,0.0,,0.01935204491019249,0.0,0.0,,0.0,0.0019069688860327005,,,,0.0,0.0,0.0,0.0,0.0,7.387471123365685e-05,,,,0.007764055393636227,0.0,,0.0,,0.0,0.0,0.0,0.0,,,0.0,0.0,,,0.0,,0.0,,0.0,0.0,0.0,0.0,0.0,0.0,0.0,,0.0,0.010640541091561317,0.0,0.0,0.0,,,0.0,0.0,0.0,0.0,0.004161264281719923,0.0073729087598621845,,,,0.007771022617816925,0.0,0.0,0.0,,,0.008342444896697998,0.0,0.0,,0.0,,,,,0.0,0.013751369901001453,0.0,,0.0,,,0.0,,0.006028351373970509,0.0,0.0,0.0,,0.006963010877370834,0.0,,0.0,0.0,0.0,0.0,0.0,,0.0025301980786025524,0.0,0.0,,0.0,0.0,0.0,0.0,0.0,0.0,0.0,,0.0009805925656110048,0.0,0.0,0.007419695612043142,0.0,0.0,0.0,,0.0,0.0,0.0,0.010489208623766899,0.0,0.0,0.0,0.0,0.0,0.0,0.00028485566144809127,0.0,0.0,0.0,,0.0,0.0,0.0,0.0,0.0,0.0,0.0,0.0,0.0,0.004446286242455244,0.0,0.0,0.0,,0.0,0.006903916597366333,,0.0032303640618920326,0.0,0.0,0.0,0.0,0.0,0.007855664007365704,0.0,0.0,0.0,0.011428353376686573,0.0,0.014265907928347588,0.0,0.0,0.0,0.0,0.0,0.0,0.0,0.0,0.0,0.0,0.0,0.0,0.0071387211792171,0.0,0.0,0.0,0.010663309134542942,0.009583434090018272,0.0,0.00991410668939352,0.0,0.0,0.0,0.019269602373242378,0.0,0.0,0.0,0.0,0.0,0.0,0.0,0.0,0.004451911896467209,0.0,0.0,0.0,0.0,0.0,0.015617968514561653,0.0,0.008543897420167923,0.0,0.0,0.017431413754820824,0.0,0.0,0.0,0.0,0.0,0.011158911511301994,0.0,0.006921166554093361,0.0,0.013884417712688446,0.0,0.0,0.0,0.0,0.0,0.017269155010581017,0.0,0.00583390099927783,0.0,0.0,,,,,,,,,,,,,,,,,,,,,,,,,,,,,,,,,,,,,,,,,,,,,,,,,,,,,,,,,,,,,,,,,,,,,,,,,,,,,,,,,,,,,,,,,,,,,,,,,,,,,,,,,,,,,,,,,,,,,,,,,,,,,,
2022-02-23,788660.8676707376,24.49980740940805,,,,,,,,,,,76494.84123570709,,1039061.7711000025,,,,,,,,,,,,,,,,,,,,,,,,,,,,,,,,,,,,,,,,,,,2832.228324875413,,,,,,,,,,,,,,,,,,,,,,22965.90900044218,9581.217558333236,4268.394877146428,8201.903712248382,3882.4650165091443,57250.57722003642,26671.09606429854,8453.794682434082,41538.04867822288,,,,,,,,,,,,,,,,,,,,,,,,,,,,,,,,,,,,0.007672586012631655,0.0,0.0,0.01092440728098154,0.0,0.0,0.0,0.0,0.0,0.0,0.0,0.0,0.0,0.0,0.0,0.0,,0.0,,0.0,,0.0,0.0,0.0,0.010507198981940746,0.0,,0.0,0.0,0.010712611488997936,0.0,0.012846814468502998,0.0,,0.0,,,,0.0,0.0,0.0,,0.0,0.0,0.0012285824632272124,0.009027548134326935,0.0,,,0.0,,0.0,0.0,0.0,0.0,0.0,0.0,0.0,0.0,0.006439491640776396,0.015234255231916904,0.0,0.0,0.0,,0.011381476186215878,0.0,0.0,0.0,0.015055594965815544,,0.0005889178719371557,0.0,,0.0,0.0,0.0,0.0,,0.0,0.0,0.0,,0.0,,0.0,0.0,,0.0,,0.0,0.0,0.0030229962430894375,0.01743323914706707,0.0,0.012673601508140564,0.0,0.016194811090826988,0.0,,,0.009300514124333858,0.0,,,,,0.0,0.0,0.0,0.0,0.0,0.0,0.0,0.0,0.0,,0.012146583758294582,0.0019998527131974697,0.0,,0.019029388204216957,0.0,0.0015352413756772876,0.0,0.0,0.0,,0.002669151872396469,,0.014855947345495224,0.0,0.0,0.01175154373049736,,0.0,0.0,,0.0,0.0,0.0,0.0,0.0,0.0001421356719220057,0.0011042432161048055,0.0,0.0,0.0046468619257211685,0.003770541399717331,0.0,0.0012880248250439763,,0.02132318913936615,0.0,0.004850889090448618,0.0,,0.0,0.007785265799611807,0.0,0.0,0.0,0.0,0.0061191171407699585,0.0,0.0,0.0,,0.015078713186085224,0.0,0.0,,,,0.006918592378497124,0.002163069089874625,,0.0,0.0,0.0,0.0,,0.0,,0.0,0.0,0.013318006880581379,0.0,0.0,0.0,,,,0.0,0.01897398941218853,0.0,0.0,0.0,,0.0,0.008289680816233158,0.007186546456068754,0.0,,0.0,0.015495573170483112,0.0,0.0,0.0,,0.002988440217450261,0.0071138362400233746,0.006663523148745298,0.0,,0.0029522741679102182,0.007444577291607857,0.00870683416724205,0.0,0.015951599925756454,0.0,,0.0,0.0,0.0,0.0,0.0,0.0,,0.0,,0.005740217864513397,0.007723913062363863,0.0016765532782301307,0.0,0.0,0.0,0.0,,0.0,0.011521018110215664,0.0028374833054840565,,,0.0,0.0,0.0,0.0,0.0,0.0,0.0,0.0,0.0,,0.0,0.0,0.0014217449352145195,,0.0,0.0,0.0,0.015036061406135559,0.0,0.0,0.0,,,0.0,0.002523822244256735,0.0,0.0,0.0,,0.012212172150611877,,0.010441260412335396,0.0,,0.0,0.0001980172237381339,0.0,0.0,,,0.0,0.009777898900210857,,0.011562291532754898,0.0,,,0.0,0.021612513810396194,0.0,0.0,0.0,0.0,0.0,,,0.0,0.0,0.0,0.0,0.0,,,0.0,0.0,0.0,,0.0,0.0,,0.0,0.0,0.010721533559262753,,0.0,0.0,0.0,0.0,,0.0,0.0,,0.0,0.0,0.0,0.000222572882194072,0.004138255026191473,0.0,0.0,0.0,0.0,0.0,0.0,0.0,0.0,,0.01636638306081295,,0.0,0.013081780634820461,0.00596213573589921,0.0,0.0,0.0,0.00783260352909565,0.013072560541331768,0.0,0.01504174992442131,0.0,,0.0,,0.0,0.007702955510467291,0.0,,0.0,0.0,0.0,0.0064319828525185585,0.0,0.0,0.0,0.0,0.006455377209931612,0.002276746090501547,0.0,,,0.0,0.0,0.0,,,,0.0,0.0,,0.0,,0.0,,0.0,,,0.0,,,,,0.0,,0.0,0.009475049562752247,0.0,,0.0,0.0,0.0006172159337438643,,0.011276694014668465,0.0,,0.0,0.008886725641787052,0.0,,,0.0,,0.01935204491019249,0.0,0.0,,0.0,0.0019069688860327005,,,,0.0,0.0,0.0,0.0,0.0,7.387471123365685e-05,,,,0.007764055393636227,0.0,,0.0,,0.0,0.0,0.0,0.0,,,0.0,0.0,,,0.0,,0.0,,0.0,0.0,0.0,0.0,0.0,0.0,0.0,,0.0,0.010640541091561317,0.0,0.0,0.0,,,0.0,0.0,0.0,0.0,0.004161264281719923,0.0073729087598621845,,,,0.007771022617816925,0.0,0.0,0.0,,,0.008342444896697998,0.0,0.0,,0.0,,,,,0.0,0.013751369901001453,0.0,,0.0,,,0.0,,0.006028351373970509,0.0,0.0,0.0,,0.006963010877370834,0.0,,0.0,0.0,0.0,0.0,0.0,,0.0025301980786025524,0.0,0.0,,0.0,0.0,0.0,0.0,0.0,0.0,0.0,,0.0009805925656110048,0.0,0.0,0.007419695612043142,0.0,0.0,0.0,,0.0,0.0,0.0,0.010489208623766899,0.0,0.0,0.0,0.0,0.0,0.0,0.00028485566144809127,0.0,0.0,0.0,,0.0,0.0,0.0,0.0,0.0,0.0,0.0,0.0,0.0,0.004446286242455244,0.0,0.0,0.0,,0.0,0.006903916597366333,,0.0032303640618920326,0.0,0.0,0.0,0.0,0.0,0.007855664007365704,0.0,0.0,0.0,0.011428353376686573,0.0,0.014265907928347588,0.0,0.0,0.0,0.0,0.0,0.0,0.0,0.0,0.0,0.0,0.0,0.0,0.0071387211792171,0.0,0.0,0.0,0.010663309134542942,0.009583434090018272,0.0,0.00991410668939352,0.0,0.0,0.0,0.019269602373242378,0.0,0.0,0.0,0.0,0.0,0.0,0.0,0.0,0.004451911896467209,0.0,0.0,0.0,0.0,0.0,0.015617968514561653,0.0,0.008543897420167923,0.0,0.0,0.017431413754820824,0.0,0.0,0.0,0.0,0.0,0.011158911511301994,0.0,0.006921166554093361,0.0,0.013884417712688446,0.0,0.0,0.0,0.0,0.0,0.017269155010581017,0.0,0.00583390099927783,0.0,0.0,,,,,,,,,,,,,,,,,,,,,,,,,,,,,,,,,,,,,,,,,,,,,,,,,,,,,,,,,,,,,,,,,,,,,,,,,,,,,,,,,,,,,,,,,,,,,,,,,,,,,,,,,,,,,,,,,,,,,,,,,,,,,,
2022-02-24,772141.7161087439,0.8685070811138758,,,,,,,,,,,76494.84123570709,,1039061.7711000025,,,,,,,,,,,,,,,,,,,,,,,,,,,,,,,,,,,,,,,,,,,2832.228324875413,,,,,,,,,,,,,,,,,,,,,,22965.90900044218,9581.217558333236,4268.394877146428,8201.903712248382,3882.4650165091443,56723.65110311552,26933.516480470244,8453.794682434082,41538.04867822288,,,,,,,,,,,,,,,,,,,,,,,,,,,,,,,,,,,,0.007672586012631655,0.0,0.0,0.01092440728098154,0.0,0.0,0.0,0.0,0.0,0.0,0.0,0.0,0.0,0.0,0.0,0.0,,0.0,,0.0,,0.0,0.0,0.0,0.010507198981940746,0.0,,0.0,0.0,0.010712611488997936,0.0,0.012846814468502998,0.0,,0.0,,,,0.0,0.0,0.0,,0.0,0.0,0.0012285824632272124,0.009027548134326935,0.0,,,0.0,,0.0,0.0,0.0,0.0,0.0,0.0,0.0,0.0,0.006439491640776396,0.015234255231916904,0.0,0.0,0.0,,0.011381476186215878,0.0,0.0,0.0,0.015055594965815544,,0.0005889178719371557,0.0,,0.0,0.0,0.0,0.0,,0.0,0.0,0.0,,0.0,,0.0,0.0,,0.0,,0.0,0.0,0.0030229962430894375,0.01743323914706707,0.0,0.012673601508140564,0.0,0.016194811090826988,0.0,,,0.009300514124333858,0.0,,,,,0.0,0.0,0.0,0.0,0.0,0.0,0.0,0.0,0.0,,0.012146583758294582,0.0019998527131974697,0.0,,0.019029388204216957,0.0,0.0015352413756772876,0.0,0.0,0.0,,0.002669151872396469,,0.014855947345495224,0.0,0.0,0.01175154373049736,,0.0,0.0,,0.0,0.0,0.0,0.0,0.0,0.0001421356719220057,0.0011042432161048055,0.0,0.0,0.0046468619257211685,0.003770541399717331,0.0,0.0012880248250439763,,0.02132318913936615,0.0,0.004850889090448618,0.0,,0.0,0.007785265799611807,0.0,0.0,0.0,0.0,0.0061191171407699585,0.0,0.0,0.0,,0.015078713186085224,0.0,0.0,,,,0.006918592378497124,0.002163069089874625,,0.0,0.0,0.0,0.0,,0.0,,0.0,0.0,0.013318006880581379,0.0,0.0,0.0,,,,0.0,0.01897398941218853,0.0,0.0,0.0,,0.0,0.008289680816233158,0.007186546456068754,0.0,,0.0,0.015495573170483112,0.0,0.0,0.0,,0.002988440217450261,0.0071138362400233746,0.006663523148745298,0.0,,0.0029522741679102182,0.007444577291607857,0.00870683416724205,0.0,0.015951599925756454,0.0,,0.0,0.0,0.0,0.0,0.0,0.0,,0.0,,0.005740217864513397,0.007723913062363863,0.0016765532782301307,0.0,0.0,0.0,0.0,,0.0,0.011521018110215664,0.0028374833054840565,,,0.0,0.0,0.0,0.0,0.0,0.0,0.0,0.0,0.0,,0.0,0.0,0.0014217449352145195,,0.0,0.0,0.0,0.015036061406135559,0.0,0.0,0.0,,,0.0,0.002523822244256735,0.0,0.0,0.0,,0.012212172150611877,,0.010441260412335396,0.0,,0.0,0.0001980172237381339,0.0,0.0,,,0.0,0.009777898900210857,,0.011562291532754898,0.0,,,0.0,0.021612513810396194,0.0,0.0,0.0,0.0,0.0,,,0.0,0.0,0.0,0.0,0.0,,,0.0,0.0,0.0,,0.0,0.0,,0.0,0.0,0.010721533559262753,,0.0,0.0,0.0,0.0,,0.0,0.0,,0.0,0.0,0.0,0.000222572882194072,0.004138255026191473,0.0,0.0,0.0,0.0,0.0,0.0,0.0,0.0,,0.01636638306081295,,0.0,0.013081780634820461,0.00596213573589921,0.0,0.0,0.0,0.00783260352909565,0.013072560541331768,0.0,0.01504174992442131,0.0,,0.0,,0.0,0.007702955510467291,0.0,,0.0,0.0,0.0,0.0064319828525185585,0.0,0.0,0.0,0.0,0.006455377209931612,0.002276746090501547,0.0,,,0.0,0.0,0.0,,,,0.0,0.0,,0.0,,0.0,,0.0,,,0.0,,,,,0.0,,0.0,0.009475049562752247,0.0,,0.0,0.0,0.0006172159337438643,,0.011276694014668465,0.0,,0.0,0.008886725641787052,0.0,,,0.0,,0.01935204491019249,0.0,0.0,,0.0,0.0019069688860327005,,,,0.0,0.0,0.0,0.0,0.0,7.387471123365685e-05,,,,0.007764055393636227,0.0,,0.0,,0.0,0.0,0.0,0.0,,,0.0,0.0,,,0.0,,0.0,,0.0,0.0,0.0,0.0,0.0,0.0,0.0,,0.0,0.010640541091561317,0.0,0.0,0.0,,,0.0,0.0,0.0,0.0,0.004161264281719923,0.0073729087598621845,,,,0.007771022617816925,0.0,0.0,0.0,,,0.008342444896697998,0.0,0.0,,0.0,,,,,0.0,0.013751369901001453,0.0,,0.0,,,0.0,,0.006028351373970509,0.0,0.0,0.0,,0.006963010877370834,0.0,,0.0,0.0,0.0,0.0,0.0,,0.0025301980786025524,0.0,0.0,,0.0,0.0,0.0,0.0,0.0,0.0,0.0,,0.0009805925656110048,0.0,0.0,0.007419695612043142,0.0,0.0,0.0,,0.0,0.0,0.0,0.010489208623766899,0.0,0.0,0.0,0.0,0.0,0.0,0.00028485566144809127,0.0,0.0,0.0,,0.0,0.0,0.0,0.0,0.0,0.0,0.0,0.0,0.0,0.004446286242455244,0.0,0.0,0.0,,0.0,0.006903916597366333,,0.0032303640618920326,0.0,0.0,0.0,0.0,0.0,0.007855664007365704,0.0,0.0,0.0,0.011428353376686573,0.0,0.014265907928347588,0.0,0.0,0.0,0.0,0.0,0.0,0.0,0.0,0.0,0.0,0.0,0.0,0.0071387211792171,0.0,0.0,0.0,0.010663309134542942,0.009583434090018272,0.0,0.00991410668939352,0.0,0.0,0.0,0.019269602373242378,0.0,0.0,0.0,0.0,0.0,0.0,0.0,0.0,0.004451911896467209,0.0,0.0,0.0,0.0,0.0,0.015617968514561653,0.0,0.008543897420167923,0.0,0.0,0.017431413754820824,0.0,0.0,0.0,0.0,0.0,0.011158911511301994,0.0,0.006921166554093361,0.0,0.013884417712688446,0.0,0.0,0.0,0.0,0.0,0.017269155010581017,0.0,0.00583390099927783,0.0,0.0,,,,,,,,,,,,,,,,,,,,,,,,,,,,,,,,,,,,,,,,,,,,,,,,,,,,,,,,,,,,,,,,,,,,,,,,,,,,,,,,,,,,,,,,,,,,,,,,,,,,,,,,,,,,,,,,,,,,,,,,,,,,,,
2022-02-25,776227.9240064556,0.8685070811138758,,,,,,,,,,,76494.84123570709,,1039061.7711000025,,,,,,,,,,,,,,,,,,,,,,,,,,,,,,,,,,,,,,,,,,,2832.228324875413,,,,,,,,,,,,,,,,,,,,,,22965.90900044218,9581.217558333236,4268.394877146428,8201.903712248382,3882.4650165091443,56723.65110311552,26933.516480470244,8453.794682434082,41538.04867822288,,,,,,,,,,,,,,,,,,,,,,,,,,,,,,,,,,,,0.007672586012631655,0.0,0.0,0.01092440728098154,0.0,0.0,0.0,0.0,0.0,0.0,0.0,0.0,0.0,0.0,0.0,0.0,,0.0,,0.0,,0.0,0.0,0.0,0.010507198981940746,0.0,,0.0,0.0,0.010712611488997936,0.0,0.012846814468502998,0.0,,0.0,,,,0.0,0.0,0.0,,0.0,0.0,0.0012285824632272124,0.009027548134326935,0.0,,,0.0,,0.0,0.0,0.0,0.0,0.0,0.0,0.0,0.0,0.006439491640776396,0.015234255231916904,0.0,0.0,0.0,,0.011381476186215878,0.0,0.0,0.0,0.015055594965815544,,0.0005889178719371557,0.0,,0.0,0.0,0.0,0.0,,0.0,0.0,0.0,,0.0,,0.0,0.0,,0.0,,0.0,0.0,0.0030229962430894375,0.01743323914706707,0.0,0.012673601508140564,0.0,0.016194811090826988,0.0,,,0.009300514124333858,0.0,,,,,0.0,0.0,0.0,0.0,0.0,0.0,0.0,0.0,0.0,,0.012146583758294582,0.0019998527131974697,0.0,,0.019029388204216957,0.0,0.0015352413756772876,0.0,0.0,0.0,,0.002669151872396469,,0.014855947345495224,0.0,0.0,0.01175154373049736,,0.0,0.0,,0.0,0.0,0.0,0.0,0.0,0.0001421356719220057,0.0011042432161048055,0.0,0.0,0.0046468619257211685,0.003770541399717331,0.0,0.0012880248250439763,,0.02132318913936615,0.0,0.004850889090448618,0.0,,0.0,0.007785265799611807,0.0,0.0,0.0,0.0,0.0061191171407699585,0.0,0.0,0.0,,0.015078713186085224,0.0,0.0,,,,0.006918592378497124,0.002163069089874625,,0.0,0.0,0.0,0.0,,0.0,,0.0,0.0,0.013318006880581379,0.0,0.0,0.0,,,,0.0,0.01897398941218853,0.0,0.0,0.0,,0.0,0.008289680816233158,0.007186546456068754,0.0,,0.0,0.015495573170483112,0.0,0.0,0.0,,0.002988440217450261,0.0071138362400233746,0.006663523148745298,0.0,,0.0029522741679102182,0.007444577291607857,0.00870683416724205,0.0,0.015951599925756454,0.0,,0.0,0.0,0.0,0.0,0.0,0.0,,0.0,,0.005740217864513397,0.007723913062363863,0.0016765532782301307,0.0,0.0,0.0,0.0,,0.0,0.011521018110215664,0.0028374833054840565,,,0.0,0.0,0.0,0.0,0.0,0.0,0.0,0.0,0.0,,0.0,0.0,0.0014217449352145195,,0.0,0.0,0.0,0.015036061406135559,0.0,0.0,0.0,,,0.0,0.002523822244256735,0.0,0.0,0.0,,0.012212172150611877,,0.010441260412335396,0.0,,0.0,0.0001980172237381339,0.0,0.0,,,0.0,0.009777898900210857,,0.011562291532754898,0.0,,,0.0,0.021612513810396194,0.0,0.0,0.0,0.0,0.0,,,0.0,0.0,0.0,0.0,0.0,,,0.0,0.0,0.0,,0.0,0.0,,0.0,0.0,0.010721533559262753,,0.0,0.0,0.0,0.0,,0.0,0.0,,0.0,0.0,0.0,0.000222572882194072,0.004138255026191473,0.0,0.0,0.0,0.0,0.0,0.0,0.0,0.0,,0.01636638306081295,,0.0,0.013081780634820461,0.00596213573589921,0.0,0.0,0.0,0.00783260352909565,0.013072560541331768,0.0,0.01504174992442131,0.0,,0.0,,0.0,0.007702955510467291,0.0,,0.0,0.0,0.0,0.0064319828525185585,0.0,0.0,0.0,0.0,0.006455377209931612,0.002276746090501547,0.0,,,0.0,0.0,0.0,,,,0.0,0.0,,0.0,,0.0,,0.0,,,0.0,,,,,0.0,,0.0,0.009475049562752247,0.0,,0.0,0.0,0.0006172159337438643,,0.011276694014668465,0.0,,0.0,0.008886725641787052,0.0,,,0.0,,0.01935204491019249,0.0,0.0,,0.0,0.0019069688860327005,,,,0.0,0.0,0.0,0.0,0.0,7.387471123365685e-05,,,,0.007764055393636227,0.0,,0.0,,0.0,0.0,0.0,0.0,,,0.0,0.0,,,0.0,,0.0,,0.0,0.0,0.0,0.0,0.0,0.0,0.0,,0.0,0.010640541091561317,0.0,0.0,0.0,,,0.0,0.0,0.0,0.0,0.004161264281719923,0.0073729087598621845,,,,0.007771022617816925,0.0,0.0,0.0,,,0.008342444896697998,0.0,0.0,,0.0,,,,,0.0,0.013751369901001453,0.0,,0.0,,,0.0,,0.006028351373970509,0.0,0.0,0.0,,0.006963010877370834,0.0,,0.0,0.0,0.0,0.0,0.0,,0.0025301980786025524,0.0,0.0,,0.0,0.0,0.0,0.0,0.0,0.0,0.0,,0.0009805925656110048,0.0,0.0,0.007419695612043142,0.0,0.0,0.0,,0.0,0.0,0.0,0.010489208623766899,0.0,0.0,0.0,0.0,0.0,0.0,0.00028485566144809127,0.0,0.0,0.0,,0.0,0.0,0.0,0.0,0.0,0.0,0.0,0.0,0.0,0.004446286242455244,0.0,0.0,0.0,,0.0,0.006903916597366333,,0.0032303640618920326,0.0,0.0,0.0,0.0,0.0,0.007855664007365704,0.0,0.0,0.0,0.011428353376686573,0.0,0.014265907928347588,0.0,0.0,0.0,0.0,0.0,0.0,0.0,0.0,0.0,0.0,0.0,0.0,0.0071387211792171,0.0,0.0,0.0,0.010663309134542942,0.009583434090018272,0.0,0.00991410668939352,0.0,0.0,0.0,0.019269602373242378,0.0,0.0,0.0,0.0,0.0,0.0,0.0,0.0,0.004451911896467209,0.0,0.0,0.0,0.0,0.0,0.015617968514561653,0.0,0.008543897420167923,0.0,0.0,0.017431413754820824,0.0,0.0,0.0,0.0,0.0,0.011158911511301994,0.0,0.006921166554093361,0.0,0.013884417712688446,0.0,0.0,0.0,0.0,0.0,0.017269155010581017,0.0,0.00583390099927783,0.0,0.0,,,,,,,,,,,,,,,,,,,,,,,,,,,,,,,,,,,,,,,,,,,,,,,,,,,,,,,,,,,,,,,,,,,,,,,,,,,,,,,,,,,,,,,,,,,,,,,,,,,,,,,,,,,,,,,,,,,,,,,,,,,,,,
2022-02-28,775060.4805654741,0.8685070811138758,,,,,,,,,,,76494.84123570709,,1039061.7711000025,,,,,,,,,,,,,,,,,,,,,,,,,,,,,,,,,,,,,,,,,,,2832.228324875413,,,,,,,,,,,,,,,,,,,,,,22965.90900044218,9581.217558333236,4268.394877146428,8201.903712248382,3882.4650165091443,56723.65110311552,26933.516480470244,8453.794682434082,41538.04867822288,,,,,,,,,,,,,,,,,,,,,,,,,,,,,,,,,,,,0.007672586012631655,0.0,0.0,0.01092440728098154,0.0,0.0,0.0,0.0,0.0,0.0,0.0,0.0,0.0,0.0,0.0,0.0,,0.0,,0.0,,0.0,0.0,0.0,0.010507198981940746,0.0,,0.0,0.0,0.010712611488997936,0.0,0.012846814468502998,0.0,,0.0,,,,0.0,0.0,0.0,,0.0,0.0,0.0012285824632272124,0.009027548134326935,0.0,,,0.0,,0.0,0.0,0.0,0.0,0.0,0.0,0.0,0.0,0.006439491640776396,0.015234255231916904,0.0,0.0,0.0,,0.011381476186215878,0.0,0.0,0.0,0.015055594965815544,,0.0005889178719371557,0.0,,0.0,0.0,0.0,0.0,,0.0,0.0,0.0,,0.0,,0.0,0.0,,0.0,,0.0,0.0,0.0030229962430894375,0.01743323914706707,0.0,0.012673601508140564,0.0,0.016194811090826988,0.0,,,0.009300514124333858,0.0,,,,,0.0,0.0,0.0,0.0,0.0,0.0,0.0,0.0,0.0,,0.012146583758294582,0.0019998527131974697,0.0,,0.019029388204216957,0.0,0.0015352413756772876,0.0,0.0,0.0,,0.002669151872396469,,0.014855947345495224,0.0,0.0,0.01175154373049736,,0.0,0.0,,0.0,0.0,0.0,0.0,0.0,0.0001421356719220057,0.0011042432161048055,0.0,0.0,0.0046468619257211685,0.003770541399717331,0.0,0.0012880248250439763,,0.02132318913936615,0.0,0.004850889090448618,0.0,,0.0,0.007785265799611807,0.0,0.0,0.0,0.0,0.0061191171407699585,0.0,0.0,0.0,,0.015078713186085224,0.0,0.0,,,,0.006918592378497124,0.002163069089874625,,0.0,0.0,0.0,0.0,,0.0,,0.0,0.0,0.013318006880581379,0.0,0.0,0.0,,,,0.0,0.01897398941218853,0.0,0.0,0.0,,0.0,0.008289680816233158,0.007186546456068754,0.0,,0.0,0.015495573170483112,0.0,0.0,0.0,,0.002988440217450261,0.0071138362400233746,0.006663523148745298,0.0,,0.0029522741679102182,0.007444577291607857,0.00870683416724205,0.0,0.015951599925756454,0.0,,0.0,0.0,0.0,0.0,0.0,0.0,,0.0,,0.005740217864513397,0.007723913062363863,0.0016765532782301307,0.0,0.0,0.0,0.0,,0.0,0.011521018110215664,0.0028374833054840565,,,0.0,0.0,0.0,0.0,0.0,0.0,0.0,0.0,0.0,,0.0,0.0,0.0014217449352145195,,0.0,0.0,0.0,0.015036061406135559,0.0,0.0,0.0,,,0.0,0.002523822244256735,0.0,0.0,0.0,,0.012212172150611877,,0.010441260412335396,0.0,,0.0,0.0001980172237381339,0.0,0.0,,,0.0,0.009777898900210857,,0.011562291532754898,0.0,,,0.0,0.021612513810396194,0.0,0.0,0.0,0.0,0.0,,,0.0,0.0,0.0,0.0,0.0,,,0.0,0.0,0.0,,0.0,0.0,,0.0,0.0,0.010721533559262753,,0.0,0.0,0.0,0.0,,0.0,0.0,,0.0,0.0,0.0,0.000222572882194072,0.004138255026191473,0.0,0.0,0.0,0.0,0.0,0.0,0.0,0.0,,0.01636638306081295,,0.0,0.013081780634820461,0.00596213573589921,0.0,0.0,0.0,0.00783260352909565,0.013072560541331768,0.0,0.01504174992442131,0.0,,0.0,,0.0,0.007702955510467291,0.0,,0.0,0.0,0.0,0.0064319828525185585,0.0,0.0,0.0,0.0,0.006455377209931612,0.002276746090501547,0.0,,,0.0,0.0,0.0,,,,0.0,0.0,,0.0,,0.0,,0.0,,,0.0,,,,,0.0,,0.0,0.009475049562752247,0.0,,0.0,0.0,0.0006172159337438643,,0.011276694014668465,0.0,,0.0,0.008886725641787052,0.0,,,0.0,,0.01935204491019249,0.0,0.0,,0.0,0.0019069688860327005,,,,0.0,0.0,0.0,0.0,0.0,7.387471123365685e-05,,,,0.007764055393636227,0.0,,0.0,,0.0,0.0,0.0,0.0,,,0.0,0.0,,,0.0,,0.0,,0.0,0.0,0.0,0.0,0.0,0.0,0.0,,0.0,0.010640541091561317,0.0,0.0,0.0,,,0.0,0.0,0.0,0.0,0.004161264281719923,0.0073729087598621845,,,,0.007771022617816925,0.0,0.0,0.0,,,0.008342444896697998,0.0,0.0,,0.0,,,,,0.0,0.013751369901001453,0.0,,0.0,,,0.0,,0.006028351373970509,0.0,0.0,0.0,,0.006963010877370834,0.0,,0.0,0.0,0.0,0.0,0.0,,0.0025301980786025524,0.0,0.0,,0.0,0.0,0.0,0.0,0.0,0.0,0.0,,0.0009805925656110048,0.0,0.0,0.007419695612043142,0.0,0.0,0.0,,0.0,0.0,0.0,0.010489208623766899,0.0,0.0,0.0,0.0,0.0,0.0,0.00028485566144809127,0.0,0.0,0.0,,0.0,0.0,0.0,0.0,0.0,0.0,0.0,0.0,0.0,0.004446286242455244,0.0,0.0,0.0,,0.0,0.006903916597366333,,0.0032303640618920326,0.0,0.0,0.0,0.0,0.0,0.007855664007365704,0.0,0.0,0.0,0.011428353376686573,0.0,0.014265907928347588,0.0,0.0,0.0,0.0,0.0,0.0,0.0,0.0,0.0,0.0,0.0,0.0,0.0071387211792171,0.0,0.0,0.0,0.010663309134542942,0.009583434090018272,0.0,0.00991410668939352,0.0,0.0,0.0,0.019269602373242378,0.0,0.0,0.0,0.0,0.0,0.0,0.0,0.0,0.004451911896467209,0.0,0.0,0.0,0.0,0.0,0.015617968514561653,0.0,0.008543897420167923,0.0,0.0,0.017431413754820824,0.0,0.0,0.0,0.0,0.0,0.011158911511301994,0.0,0.006921166554093361,0.0,0.013884417712688446,0.0,0.0,0.0,0.0,0.0,0.017269155010581017,0.0,0.00583390099927783,0.0,0.0,,,,,,,,,,,,,,,,,,,,,,,,,,,,,,,,,,,,,,,,,,,,,,,,,,,,,,,,,,,,,,,,,,,,,,,,,,,,,,,,,,,,,,,,,,,,,,,,,,,,,,,,,,,,,,,,,,,,,,,,,,,,,,
2022-03-01,779760.4445591946,2.5610483314474095,,,,,,,,,,,76494.84123570709,,1039061.7711000025,,,,,,,,,,,,,,,,,,,,,,,,,,,,,,,,,,,,,,,,,,,2832.228324875413,,,,,,,,,,,,,,,,,,,,,,22965.90900044218,9581.217558333236,4268.394877146428,8201.903712248382,3882.4650165091443,55673.49198148866,27458.271731291497,8453.794682434082,41538.04867822288,,,,,,,,,,,,,,,,,,,,,,,,,,,,,,,,,,,,0.007672586012631655,0.0,0.0,0.01092440728098154,0.0,0.0,0.0,0.0,0.0,0.0,0.0,0.0,0.0,0.0,0.0,0.0,,0.0,,0.0,,0.0,0.0,0.0,0.010507198981940746,0.0,,0.0,0.0,0.010712611488997936,0.0,0.012846814468502998,0.0,,0.0,,,,0.0,0.0,0.0,,0.0,0.0,0.0012285824632272124,0.009027548134326935,0.0,,,0.0,,0.0,0.0,0.0,0.0,0.0,0.0,0.0,0.0,0.006439491640776396,0.015234255231916904,0.0,0.0,0.0,,0.011381476186215878,0.0,0.0,0.0,0.015055594965815544,,0.0005889178719371557,0.0,,0.0,0.0,0.0,0.0,,0.0,0.0,0.0,,0.0,,0.0,0.0,,0.0,,0.0,0.0,0.0030229962430894375,0.01743323914706707,0.0,0.012673601508140564,0.0,0.016194811090826988,0.0,,,0.009300514124333858,0.0,,,,,0.0,0.0,0.0,0.0,0.0,0.0,0.0,0.0,0.0,,0.012146583758294582,0.0019998527131974697,0.0,,0.019029388204216957,0.0,0.0015352413756772876,0.0,0.0,0.0,,0.002669151872396469,,0.014855947345495224,0.0,0.0,0.01175154373049736,,0.0,0.0,,0.0,0.0,0.0,0.0,0.0,0.0001421356719220057,0.0011042432161048055,0.0,0.0,0.0046468619257211685,0.003770541399717331,0.0,0.0012880248250439763,,0.02132318913936615,0.0,0.004850889090448618,0.0,,0.0,0.007785265799611807,0.0,0.0,0.0,0.0,0.0061191171407699585,0.0,0.0,0.0,,0.015078713186085224,0.0,0.0,,,,0.006918592378497124,0.002163069089874625,,0.0,0.0,0.0,0.0,,0.0,,0.0,0.0,0.013318006880581379,0.0,0.0,0.0,,,,0.0,0.01897398941218853,0.0,0.0,0.0,,0.0,0.008289680816233158,0.007186546456068754,0.0,,0.0,0.015495573170483112,0.0,0.0,0.0,,0.002988440217450261,0.0071138362400233746,0.006663523148745298,0.0,,0.0029522741679102182,0.007444577291607857,0.00870683416724205,0.0,0.015951599925756454,0.0,,0.0,0.0,0.0,0.0,0.0,0.0,,0.0,,0.005740217864513397,0.007723913062363863,0.0016765532782301307,0.0,0.0,0.0,0.0,,0.0,0.011521018110215664,0.0028374833054840565,,,0.0,0.0,0.0,0.0,0.0,0.0,0.0,0.0,0.0,,0.0,0.0,0.0014217449352145195,,0.0,0.0,0.0,0.015036061406135559,0.0,0.0,0.0,,,0.0,0.002523822244256735,0.0,0.0,0.0,,0.012212172150611877,,0.010441260412335396,0.0,,0.0,0.0001980172237381339,0.0,0.0,,,0.0,0.009777898900210857,,0.011562291532754898,0.0,,,0.0,0.021612513810396194,0.0,0.0,0.0,0.0,0.0,,,0.0,0.0,0.0,0.0,0.0,,,0.0,0.0,0.0,,0.0,0.0,,0.0,0.0,0.010721533559262753,,0.0,0.0,0.0,0.0,,0.0,0.0,,0.0,0.0,0.0,0.000222572882194072,0.004138255026191473,0.0,0.0,0.0,0.0,0.0,0.0,0.0,0.0,,0.01636638306081295,,0.0,0.013081780634820461,0.00596213573589921,0.0,0.0,0.0,0.00783260352909565,0.013072560541331768,0.0,0.01504174992442131,0.0,,0.0,,0.0,0.007702955510467291,0.0,,0.0,0.0,0.0,0.0064319828525185585,0.0,0.0,0.0,0.0,0.006455377209931612,0.002276746090501547,0.0,,,0.0,0.0,0.0,,,,0.0,0.0,,0.0,,0.0,,0.0,,,0.0,,,,,0.0,,0.0,0.009475049562752247,0.0,,0.0,0.0,0.0006172159337438643,,0.011276694014668465,0.0,,0.0,0.008886725641787052,0.0,,,0.0,,0.01935204491019249,0.0,0.0,,0.0,0.0019069688860327005,,,,0.0,0.0,0.0,0.0,0.0,7.387471123365685e-05,,,,0.007764055393636227,0.0,,0.0,,0.0,0.0,0.0,0.0,,,0.0,0.0,,,0.0,,0.0,,0.0,0.0,0.0,0.0,0.0,0.0,0.0,,0.0,0.010640541091561317,0.0,0.0,0.0,,,0.0,0.0,0.0,0.0,0.004161264281719923,0.0073729087598621845,,,,0.007771022617816925,0.0,0.0,0.0,,,0.008342444896697998,0.0,0.0,,0.0,,,,,0.0,0.013751369901001453,0.0,,0.0,,,0.0,,0.006028351373970509,0.0,0.0,0.0,,0.006963010877370834,0.0,,0.0,0.0,0.0,0.0,0.0,,0.0025301980786025524,0.0,0.0,,0.0,0.0,0.0,0.0,0.0,0.0,0.0,,0.0009805925656110048,0.0,0.0,0.007419695612043142,0.0,0.0,0.0,,0.0,0.0,0.0,0.010489208623766899,0.0,0.0,0.0,0.0,0.0,0.0,0.00028485566144809127,0.0,0.0,0.0,,0.0,0.0,0.0,0.0,0.0,0.0,0.0,0.0,0.0,0.004446286242455244,0.0,0.0,0.0,,0.0,0.006903916597366333,,0.0032303640618920326,0.0,0.0,0.0,0.0,0.0,0.007855664007365704,0.0,0.0,0.0,0.011428353376686573,0.0,0.014265907928347588,0.0,0.0,0.0,0.0,0.0,0.0,0.0,0.0,0.0,0.0,0.0,0.0,0.0071387211792171,0.0,0.0,0.0,0.010663309134542942,0.009583434090018272,0.0,0.00991410668939352,0.0,0.0,0.0,0.019269602373242378,0.0,0.0,0.0,0.0,0.0,0.0,0.0,0.0,0.004451911896467209,0.0,0.0,0.0,0.0,0.0,0.015617968514561653,0.0,0.008543897420167923,0.0,0.0,0.017431413754820824,0.0,0.0,0.0,0.0,0.0,0.011158911511301994,0.0,0.006921166554093361,0.0,0.013884417712688446,0.0,0.0,0.0,0.0,0.0,0.017269155010581017,0.0,0.00583390099927783,0.0,0.0,,,,,,,,,,,,,,,,,,,,,,,,,,,,,,,,,,,,,,,,,,,,,,,,,,,,,,,,,,,,,,,,,,,,,,,,,,,,,,,,,,,,,,,,,,,,,,,,,,,,,,,,,,,,,,,,,,,,,,,,,,,,,,
2022-03-02,783977.1962545023,2.5610483314474095,,,,,,,,,,,76494.84123570709,,1039061.7711000025,,,,,,,,,,,,,,,,,,,,,,,,,,,,,,,,,,,,,,,,,,,2832.228324875413,,,,,,,,,,,,,,,,,,,,,,22965.90900044218,9581.217558333236,4268.394877146428,8201.903712248382,3882.4650165091443,55673.49198148866,27458.271731291497,8453.794682434082,41538.04867822288,,,,,,,,,,,,,,,,,,,,,,,,,,,,,,,,,,,,0.007672586012631655,0.0,0.0,0.01092440728098154,0.0,0.0,0.0,0.0,0.0,0.0,0.0,0.0,0.0,0.0,0.0,0.0,,0.0,,0.0,,0.0,0.0,0.0,0.010507198981940746,0.0,,0.0,0.0,0.010712611488997936,0.0,0.012846814468502998,0.0,,0.0,,,,0.0,0.0,0.0,,0.0,0.0,0.0012285824632272124,0.009027548134326935,0.0,,,0.0,,0.0,0.0,0.0,0.0,0.0,0.0,0.0,0.0,0.006439491640776396,0.015234255231916904,0.0,0.0,0.0,,0.011381476186215878,0.0,0.0,0.0,0.015055594965815544,,0.0005889178719371557,0.0,,0.0,0.0,0.0,0.0,,0.0,0.0,0.0,,0.0,,0.0,0.0,,0.0,,0.0,0.0,0.0030229962430894375,0.01743323914706707,0.0,0.012673601508140564,0.0,0.016194811090826988,0.0,,,0.009300514124333858,0.0,,,,,0.0,0.0,0.0,0.0,0.0,0.0,0.0,0.0,0.0,,0.012146583758294582,0.0019998527131974697,0.0,,0.019029388204216957,0.0,0.0015352413756772876,0.0,0.0,0.0,,0.002669151872396469,,0.014855947345495224,0.0,0.0,0.01175154373049736,,0.0,0.0,,0.0,0.0,0.0,0.0,0.0,0.0001421356719220057,0.0011042432161048055,0.0,0.0,0.0046468619257211685,0.003770541399717331,0.0,0.0012880248250439763,,0.02132318913936615,0.0,0.004850889090448618,0.0,,0.0,0.007785265799611807,0.0,0.0,0.0,0.0,0.0061191171407699585,0.0,0.0,0.0,,0.015078713186085224,0.0,0.0,,,,0.006918592378497124,0.002163069089874625,,0.0,0.0,0.0,0.0,,0.0,,0.0,0.0,0.013318006880581379,0.0,0.0,0.0,,,,0.0,0.01897398941218853,0.0,0.0,0.0,,0.0,0.008289680816233158,0.007186546456068754,0.0,,0.0,0.015495573170483112,0.0,0.0,0.0,,0.002988440217450261,0.0071138362400233746,0.006663523148745298,0.0,,0.0029522741679102182,0.007444577291607857,0.00870683416724205,0.0,0.015951599925756454,0.0,,0.0,0.0,0.0,0.0,0.0,0.0,,0.0,,0.005740217864513397,0.007723913062363863,0.0016765532782301307,0.0,0.0,0.0,0.0,,0.0,0.011521018110215664,0.0028374833054840565,,,0.0,0.0,0.0,0.0,0.0,0.0,0.0,0.0,0.0,,0.0,0.0,0.0014217449352145195,,0.0,0.0,0.0,0.015036061406135559,0.0,0.0,0.0,,,0.0,0.002523822244256735,0.0,0.0,0.0,,0.012212172150611877,,0.010441260412335396,0.0,,0.0,0.0001980172237381339,0.0,0.0,,,0.0,0.009777898900210857,,0.011562291532754898,0.0,,,0.0,0.021612513810396194,0.0,0.0,0.0,0.0,0.0,,,0.0,0.0,0.0,0.0,0.0,,,0.0,0.0,0.0,,0.0,0.0,,0.0,0.0,0.010721533559262753,,0.0,0.0,0.0,0.0,,0.0,0.0,,0.0,0.0,0.0,0.000222572882194072,0.004138255026191473,0.0,0.0,0.0,0.0,0.0,0.0,0.0,0.0,,0.01636638306081295,,0.0,0.013081780634820461,0.00596213573589921,0.0,0.0,0.0,0.00783260352909565,0.013072560541331768,0.0,0.01504174992442131,0.0,,0.0,,0.0,0.007702955510467291,0.0,,0.0,0.0,0.0,0.0064319828525185585,0.0,0.0,0.0,0.0,0.006455377209931612,0.002276746090501547,0.0,,,0.0,0.0,0.0,,,,0.0,0.0,,0.0,,0.0,,0.0,,,0.0,,,,,0.0,,0.0,0.009475049562752247,0.0,,0.0,0.0,0.0006172159337438643,,0.011276694014668465,0.0,,0.0,0.008886725641787052,0.0,,,0.0,,0.01935204491019249,0.0,0.0,,0.0,0.0019069688860327005,,,,0.0,0.0,0.0,0.0,0.0,7.387471123365685e-05,,,,0.007764055393636227,0.0,,0.0,,0.0,0.0,0.0,0.0,,,0.0,0.0,,,0.0,,0.0,,0.0,0.0,0.0,0.0,0.0,0.0,0.0,,0.0,0.010640541091561317,0.0,0.0,0.0,,,0.0,0.0,0.0,0.0,0.004161264281719923,0.0073729087598621845,,,,0.007771022617816925,0.0,0.0,0.0,,,0.008342444896697998,0.0,0.0,,0.0,,,,,0.0,0.013751369901001453,0.0,,0.0,,,0.0,,0.006028351373970509,0.0,0.0,0.0,,0.006963010877370834,0.0,,0.0,0.0,0.0,0.0,0.0,,0.0025301980786025524,0.0,0.0,,0.0,0.0,0.0,0.0,0.0,0.0,0.0,,0.0009805925656110048,0.0,0.0,0.007419695612043142,0.0,0.0,0.0,,0.0,0.0,0.0,0.010489208623766899,0.0,0.0,0.0,0.0,0.0,0.0,0.00028485566144809127,0.0,0.0,0.0,,0.0,0.0,0.0,0.0,0.0,0.0,0.0,0.0,0.0,0.004446286242455244,0.0,0.0,0.0,,0.0,0.006903916597366333,,0.0032303640618920326,0.0,0.0,0.0,0.0,0.0,0.007855664007365704,0.0,0.0,0.0,0.011428353376686573,0.0,0.014265907928347588,0.0,0.0,0.0,0.0,0.0,0.0,0.0,0.0,0.0,0.0,0.0,0.0,0.0071387211792171,0.0,0.0,0.0,0.010663309134542942,0.009583434090018272,0.0,0.00991410668939352,0.0,0.0,0.0,0.019269602373242378,0.0,0.0,0.0,0.0,0.0,0.0,0.0,0.0,0.004451911896467209,0.0,0.0,0.0,0.0,0.0,0.015617968514561653,0.0,0.008543897420167923,0.0,0.0,0.017431413754820824,0.0,0.0,0.0,0.0,0.0,0.011158911511301994,0.0,0.006921166554093361,0.0,0.013884417712688446,0.0,0.0,0.0,0.0,0.0,0.017269155010581017,0.0,0.00583390099927783,0.0,0.0,,,,,,,,,,,,,,,,,,,,,,,,,,,,,,,,,,,,,,,,,,,,,,,,,,,,,,,,,,,,,,,,,,,,,,,,,,,,,,,,,,,,,,,,,,,,,,,,,,,,,,,,,,,,,,,,,,,,,,,,,,,,,,
2022-03-03,785058.0945977841,5.7738555678769,,,,,,,,,,,76494.84123570709,,1039061.7711000025,,,,,,,,,,,,,,,,,,,,,,,,,,,,,,,,,,,,,,,,,,,2832.228324875413,,,,,,,,,,,,,,,,,,,,,,22964.848035345596,9581.217558333236,4268.394877146428,8201.903712248382,3882.4650165091443,55673.75777420787,27458.271731291497,8453.794682434082,41538.04867822288,,,,,,,,,,,,,,,,,,,,,,,,,,,,,,,,,,,,0.007672586012631655,0.0,0.0,0.01092440728098154,0.0,0.0,0.0,0.0,0.0,0.0,0.0,0.0,0.0,0.0,0.0,0.0,,0.0,,0.0,,0.0,0.0,0.0,0.010507198981940746,0.0,,0.0,0.0,0.010712611488997936,0.0,0.012846814468502998,0.0,,0.0,,,,0.0,0.0,0.0,,0.0,0.0,0.0012285824632272124,0.009027548134326935,0.0,,,0.0,,0.0,0.0,0.0,0.0,0.0,0.0,0.0,0.0,0.006439491640776396,0.015234255231916904,0.0,0.0,0.0,,0.011381476186215878,0.0,0.0,0.0,0.015055594965815544,,0.0005889178719371557,0.0,,0.0,0.0,0.0,0.0,,0.0,0.0,0.0,,0.0,,0.0,0.0,,0.0,,0.0,0.0,0.0030229962430894375,0.01743323914706707,0.0,0.012673601508140564,0.0,0.016194811090826988,0.0,,,0.009300514124333858,0.0,,,,,0.0,0.0,0.0,0.0,0.0,0.0,0.0,0.0,0.0,,0.012146583758294582,0.0019998527131974697,0.0,,0.019029388204216957,0.0,0.0015352413756772876,0.0,0.0,0.0,,0.002669151872396469,,0.014855947345495224,0.0,0.0,0.01175154373049736,,0.0,0.0,,0.0,0.0,0.0,0.0,0.0,0.0001421356719220057,0.0011042432161048055,0.0,0.0,0.0046468619257211685,0.003770541399717331,0.0,0.0012880248250439763,,0.02132318913936615,0.0,0.004850889090448618,0.0,,0.0,0.007785265799611807,0.0,0.0,0.0,0.0,0.0061191171407699585,0.0,0.0,0.0,,0.015078713186085224,0.0,0.0,,,,0.006918592378497124,0.002163069089874625,,0.0,0.0,0.0,0.0,,0.0,,0.0,0.0,0.013318006880581379,0.0,0.0,0.0,,,,0.0,0.01897398941218853,0.0,0.0,0.0,,0.0,0.008289680816233158,0.007186546456068754,0.0,,0.0,0.015495573170483112,0.0,0.0,0.0,,0.002988440217450261,0.0071138362400233746,0.006663523148745298,0.0,,0.0029522741679102182,0.007444577291607857,0.00870683416724205,0.0,0.015951599925756454,0.0,,0.0,0.0,0.0,0.0,0.0,0.0,,0.0,,0.005740217864513397,0.007723913062363863,0.0016765532782301307,0.0,0.0,0.0,0.0,,0.0,0.011521018110215664,0.0028374833054840565,,,0.0,0.0,0.0,0.0,0.0,0.0,0.0,0.0,0.0,,0.0,0.0,0.0014217449352145195,,0.0,0.0,0.0,0.015036061406135559,0.0,0.0,0.0,,,0.0,0.002523822244256735,0.0,0.0,0.0,,0.012212172150611877,,0.010441260412335396,0.0,,0.0,0.0001980172237381339,0.0,0.0,,,0.0,0.009777898900210857,,0.011562291532754898,0.0,,,0.0,0.021612513810396194,0.0,0.0,0.0,0.0,0.0,,,0.0,0.0,0.0,0.0,0.0,,,0.0,0.0,0.0,,0.0,0.0,,0.0,0.0,0.010721533559262753,,0.0,0.0,0.0,0.0,,0.0,0.0,,0.0,0.0,0.0,0.000222572882194072,0.004138255026191473,0.0,0.0,0.0,0.0,0.0,0.0,0.0,0.0,,0.01636638306081295,,0.0,0.013081780634820461,0.00596213573589921,0.0,0.0,0.0,0.00783260352909565,0.013072560541331768,0.0,0.01504174992442131,0.0,,0.0,,0.0,0.007702955510467291,0.0,,0.0,0.0,0.0,0.0064319828525185585,0.0,0.0,0.0,0.0,0.006455377209931612,0.002276746090501547,0.0,,,0.0,0.0,0.0,,,,0.0,0.0,,0.0,,0.0,,0.0,,,0.0,,,,,0.0,,0.0,0.009475049562752247,0.0,,0.0,0.0,0.0006172159337438643,,0.011276694014668465,0.0,,0.0,0.008886725641787052,0.0,,,0.0,,0.01935204491019249,0.0,0.0,,0.0,0.0019069688860327005,,,,0.0,0.0,0.0,0.0,0.0,7.387471123365685e-05,,,,0.007764055393636227,0.0,,0.0,,0.0,0.0,0.0,0.0,,,0.0,0.0,,,0.0,,0.0,,0.0,0.0,0.0,0.0,0.0,0.0,0.0,,0.0,0.010640541091561317,0.0,0.0,0.0,,,0.0,0.0,0.0,0.0,0.004161264281719923,0.0073729087598621845,,,,0.007771022617816925,0.0,0.0,0.0,,,0.008342444896697998,0.0,0.0,,0.0,,,,,0.0,0.013751369901001453,0.0,,0.0,,,0.0,,0.006028351373970509,0.0,0.0,0.0,,0.006963010877370834,0.0,,0.0,0.0,0.0,0.0,0.0,,0.0025301980786025524,0.0,0.0,,0.0,0.0,0.0,0.0,0.0,0.0,0.0,,0.0009805925656110048,0.0,0.0,0.007419695612043142,0.0,0.0,0.0,,0.0,0.0,0.0,0.010489208623766899,0.0,0.0,0.0,0.0,0.0,0.0,0.00028485566144809127,0.0,0.0,0.0,,0.0,0.0,0.0,0.0,0.0,0.0,0.0,0.0,0.0,0.004446286242455244,0.0,0.0,0.0,,0.0,0.006903916597366333,,0.0032303640618920326,0.0,0.0,0.0,0.0,0.0,0.007855664007365704,0.0,0.0,0.0,0.011428353376686573,0.0,0.014265907928347588,0.0,0.0,0.0,0.0,0.0,0.0,0.0,0.0,0.0,0.0,0.0,0.0,0.0071387211792171,0.0,0.0,0.0,0.010663309134542942,0.009583434090018272,0.0,0.00991410668939352,0.0,0.0,0.0,0.019269602373242378,0.0,0.0,0.0,0.0,0.0,0.0,0.0,0.0,0.004451911896467209,0.0,0.0,0.0,0.0,0.0,0.015617968514561653,0.0,0.008543897420167923,0.0,0.0,0.017431413754820824,0.0,0.0,0.0,0.0,0.0,0.011158911511301994,0.0,0.006921166554093361,0.0,0.013884417712688446,0.0,0.0,0.0,0.0,0.0,0.017269155010581017,0.0,0.00583390099927783,0.0,0.0,,,,,,,,,,,,,,,,,,,,,,,,,,,,,,,,,,,,,,,,,,,,,,,,,,,,,,,,,,,,,,,,,,,,,,,,,,,,,,,,,,,,,,,,,,,,,,,,,,,,,,,,,,,,,,,,,,,,,,,,,,,,,,
2022-03-04,779457.7315455893,90.31235919696155,,,,,,,,,,,76494.84123570709,,1039061.7711000025,,,,,,,,,,,,,,,,,,,,,,,,,,,,,,,,,,,,,,,,,,,2832.228324875413,,,,,,,,,,,,,,,,,,,,,,22964.362050933483,9580.919598378294,4268.394877146428,8201.903712248382,3882.4650165091443,55673.75777420787,27020.88093071557,8585.886139532822,41538.04867822288,,,,,,,,,,,,,,,,,,,,,,,,,,,,,,,,,,,,0.007672586012631655,0.0,0.0,0.01092440728098154,0.0,0.0,0.0,0.0,0.0,0.0,0.0,0.0,0.0,0.0,0.0,0.0,,0.0,,0.0,,0.0,0.0,0.0,0.010507198981940746,0.0,,0.0,0.0,0.010712611488997936,0.0,0.012846814468502998,0.0,,0.0,,,,0.0,0.0,0.0,,0.0,0.0,0.0012285824632272124,0.009027548134326935,0.0,,,0.0,,0.0,0.0,0.0,0.0,0.0,0.0,0.0,0.0,0.006439491640776396,0.015234255231916904,0.0,0.0,0.0,,0.011381476186215878,0.0,0.0,0.0,0.015055594965815544,,0.0005889178719371557,0.0,,0.0,0.0,0.0,0.0,,0.0,0.0,0.0,,0.0,,0.0,0.0,,0.0,,0.0,0.0,0.0030229962430894375,0.01743323914706707,0.0,0.012673601508140564,0.0,0.016194811090826988,0.0,,,0.009300514124333858,0.0,,,,,0.0,0.0,0.0,0.0,0.0,0.0,0.0,0.0,0.0,,0.012146583758294582,0.0019998527131974697,0.0,,0.019029388204216957,0.0,0.0015352413756772876,0.0,0.0,0.0,,0.002669151872396469,,0.014855947345495224,0.0,0.0,0.01175154373049736,,0.0,0.0,,0.0,0.0,0.0,0.0,0.0,0.0001421356719220057,0.0011042432161048055,0.0,0.0,0.0046468619257211685,0.003770541399717331,0.0,0.0012880248250439763,,0.02132318913936615,0.0,0.004850889090448618,0.0,,0.0,0.007785265799611807,0.0,0.0,0.0,0.0,0.0061191171407699585,0.0,0.0,0.0,,0.015078713186085224,0.0,0.0,,,,0.006918592378497124,0.002163069089874625,,0.0,0.0,0.0,0.0,,0.0,,0.0,0.0,0.013318006880581379,0.0,0.0,0.0,,,,0.0,0.01897398941218853,0.0,0.0,0.0,,0.0,0.008289680816233158,0.007186546456068754,0.0,,0.0,0.015495573170483112,0.0,0.0,0.0,,0.002988440217450261,0.0071138362400233746,0.006663523148745298,0.0,,0.0029522741679102182,0.007444577291607857,0.00870683416724205,0.0,0.015951599925756454,0.0,,0.0,0.0,0.0,0.0,0.0,0.0,,0.0,,0.005740217864513397,0.007723913062363863,0.0016765532782301307,0.0,0.0,0.0,0.0,,0.0,0.011521018110215664,0.0028374833054840565,,,0.0,0.0,0.0,0.0,0.0,0.0,0.0,0.0,0.0,,0.0,0.0,0.0014217449352145195,,0.0,0.0,0.0,0.015036061406135559,0.0,0.0,0.0,,,0.0,0.002523822244256735,0.0,0.0,0.0,,0.012212172150611877,,0.010441260412335396,0.0,,0.0,0.0001980172237381339,0.0,0.0,,,0.0,0.009777898900210857,,0.011562291532754898,0.0,,,0.0,0.021612513810396194,0.0,0.0,0.0,0.0,0.0,,,0.0,0.0,0.0,0.0,0.0,,,0.0,0.0,0.0,,0.0,0.0,,0.0,0.0,0.010721533559262753,,0.0,0.0,0.0,0.0,,0.0,0.0,,0.0,0.0,0.0,0.000222572882194072,0.004138255026191473,0.0,0.0,0.0,0.0,0.0,0.0,0.0,0.0,,0.01636638306081295,,0.0,0.013081780634820461,0.00596213573589921,0.0,0.0,0.0,0.00783260352909565,0.013072560541331768,0.0,0.01504174992442131,0.0,,0.0,,0.0,0.007702955510467291,0.0,,0.0,0.0,0.0,0.0064319828525185585,0.0,0.0,0.0,0.0,0.006455377209931612,0.002276746090501547,0.0,,,0.0,0.0,0.0,,,,0.0,0.0,,0.0,,0.0,,0.0,,,0.0,,,,,0.0,,0.0,0.009475049562752247,0.0,,0.0,0.0,0.0006172159337438643,,0.011276694014668465,0.0,,0.0,0.008886725641787052,0.0,,,0.0,,0.01935204491019249,0.0,0.0,,0.0,0.0019069688860327005,,,,0.0,0.0,0.0,0.0,0.0,7.387471123365685e-05,,,,0.007764055393636227,0.0,,0.0,,0.0,0.0,0.0,0.0,,,0.0,0.0,,,0.0,,0.0,,0.0,0.0,0.0,0.0,0.0,0.0,0.0,,0.0,0.010640541091561317,0.0,0.0,0.0,,,0.0,0.0,0.0,0.0,0.004161264281719923,0.0073729087598621845,,,,0.007771022617816925,0.0,0.0,0.0,,,0.008342444896697998,0.0,0.0,,0.0,,,,,0.0,0.013751369901001453,0.0,,0.0,,,0.0,,0.006028351373970509,0.0,0.0,0.0,,0.006963010877370834,0.0,,0.0,0.0,0.0,0.0,0.0,,0.0025301980786025524,0.0,0.0,,0.0,0.0,0.0,0.0,0.0,0.0,0.0,,0.0009805925656110048,0.0,0.0,0.007419695612043142,0.0,0.0,0.0,,0.0,0.0,0.0,0.010489208623766899,0.0,0.0,0.0,0.0,0.0,0.0,0.00028485566144809127,0.0,0.0,0.0,,0.0,0.0,0.0,0.0,0.0,0.0,0.0,0.0,0.0,0.004446286242455244,0.0,0.0,0.0,,0.0,0.006903916597366333,,0.0032303640618920326,0.0,0.0,0.0,0.0,0.0,0.007855664007365704,0.0,0.0,0.0,0.011428353376686573,0.0,0.014265907928347588,0.0,0.0,0.0,0.0,0.0,0.0,0.0,0.0,0.0,0.0,0.0,0.0,0.0071387211792171,0.0,0.0,0.0,0.010663309134542942,0.009583434090018272,0.0,0.00991410668939352,0.0,0.0,0.0,0.019269602373242378,0.0,0.0,0.0,0.0,0.0,0.0,0.0,0.0,0.004451911896467209,0.0,0.0,0.0,0.0,0.0,0.015617968514561653,0.0,0.008543897420167923,0.0,0.0,0.017431413754820824,0.0,0.0,0.0,0.0,0.0,0.011158911511301994,0.0,0.006921166554093361,0.0,0.013884417712688446,0.0,0.0,0.0,0.0,0.0,0.017269155010581017,0.0,0.00583390099927783,0.0,0.0,,,,,,,,,,,,,,,,,,,,,,,,,,,,,,,,,,,,,,,,,,,,,,,,,,,,,,,,,,,,,,,,,,,,,,,,,,,,,,,,,,,,,,,,,,,,,,,,,,,,,,,,,,,,,,,,,,,,,,,,,,,,,,
2022-03-07,765949.8511802887,79.57407670617786,,,,,,,,,,,76494.84123570709,,1039061.7711000025,,,,,,,,,,,,,,,,,,,,,,,,,,,,,,,,,,,,,,,,,,,2832.228324875413,,,,,,,,,,,,,,,,,,,,,,22966.0951447777,9581.523269044897,4268.394877146428,8201.903712248382,3882.4650165091443,55673.75777420787,27020.88093071557,8585.886139532822,41538.04867822288,,,,,,,,,,,,,,,,,,,,,,,,,,,,,,,,,,,,0.007672586012631655,0.0,0.0,0.01092440728098154,0.0,0.0,0.0,0.0,0.0,0.0,0.0,0.0,0.0,0.0,0.0,0.0,,0.0,,0.0,,0.0,0.0,0.0,0.010507198981940746,0.0,,0.0,0.0,0.010712611488997936,0.0,0.012846814468502998,0.0,,0.0,,,,0.0,0.0,0.0,,0.0,0.0,0.0012285824632272124,0.009027548134326935,0.0,,,0.0,,0.0,0.0,0.0,0.0,0.0,0.0,0.0,0.0,0.006439491640776396,0.015234255231916904,0.0,0.0,0.0,,0.011381476186215878,0.0,0.0,0.0,0.015055594965815544,,0.0005889178719371557,0.0,,0.0,0.0,0.0,0.0,,0.0,0.0,0.0,,0.0,,0.0,0.0,,0.0,,0.0,0.0,0.0030229962430894375,0.01743323914706707,0.0,0.012673601508140564,0.0,0.016194811090826988,0.0,,,0.009300514124333858,0.0,,,,,0.0,0.0,0.0,0.0,0.0,0.0,0.0,0.0,0.0,,0.012146583758294582,0.0019998527131974697,0.0,,0.019029388204216957,0.0,0.0015352413756772876,0.0,0.0,0.0,,0.002669151872396469,,0.014855947345495224,0.0,0.0,0.01175154373049736,,0.0,0.0,,0.0,0.0,0.0,0.0,0.0,0.0001421356719220057,0.0011042432161048055,0.0,0.0,0.0046468619257211685,0.003770541399717331,0.0,0.0012880248250439763,,0.02132318913936615,0.0,0.004850889090448618,0.0,,0.0,0.007785265799611807,0.0,0.0,0.0,0.0,0.0061191171407699585,0.0,0.0,0.0,,0.015078713186085224,0.0,0.0,,,,0.006918592378497124,0.002163069089874625,,0.0,0.0,0.0,0.0,,0.0,,0.0,0.0,0.013318006880581379,0.0,0.0,0.0,,,,0.0,0.01897398941218853,0.0,0.0,0.0,,0.0,0.008289680816233158,0.007186546456068754,0.0,,0.0,0.015495573170483112,0.0,0.0,0.0,,0.002988440217450261,0.0071138362400233746,0.006663523148745298,0.0,,0.0029522741679102182,0.007444577291607857,0.00870683416724205,0.0,0.015951599925756454,0.0,,0.0,0.0,0.0,0.0,0.0,0.0,,0.0,,0.005740217864513397,0.007723913062363863,0.0016765532782301307,0.0,0.0,0.0,0.0,,0.0,0.011521018110215664,0.0028374833054840565,,,0.0,0.0,0.0,0.0,0.0,0.0,0.0,0.0,0.0,,0.0,0.0,0.0014217449352145195,,0.0,0.0,0.0,0.015036061406135559,0.0,0.0,0.0,,,0.0,0.002523822244256735,0.0,0.0,0.0,,0.012212172150611877,,0.010441260412335396,0.0,,0.0,0.0001980172237381339,0.0,0.0,,,0.0,0.009777898900210857,,0.011562291532754898,0.0,,,0.0,0.021612513810396194,0.0,0.0,0.0,0.0,0.0,,,0.0,0.0,0.0,0.0,0.0,,,0.0,0.0,0.0,,0.0,0.0,,0.0,0.0,0.010721533559262753,,0.0,0.0,0.0,0.0,,0.0,0.0,,0.0,0.0,0.0,0.000222572882194072,0.004138255026191473,0.0,0.0,0.0,0.0,0.0,0.0,0.0,0.0,,0.01636638306081295,,0.0,0.013081780634820461,0.00596213573589921,0.0,0.0,0.0,0.00783260352909565,0.013072560541331768,0.0,0.01504174992442131,0.0,,0.0,,0.0,0.007702955510467291,0.0,,0.0,0.0,0.0,0.0064319828525185585,0.0,0.0,0.0,0.0,0.006455377209931612,0.002276746090501547,0.0,,,0.0,0.0,0.0,,,,0.0,0.0,,0.0,,0.0,,0.0,,,0.0,,,,,0.0,,0.0,0.009475049562752247,0.0,,0.0,0.0,0.0006172159337438643,,0.011276694014668465,0.0,,0.0,0.008886725641787052,0.0,,,0.0,,0.01935204491019249,0.0,0.0,,0.0,0.0019069688860327005,,,,0.0,0.0,0.0,0.0,0.0,7.387471123365685e-05,,,,0.007764055393636227,0.0,,0.0,,0.0,0.0,0.0,0.0,,,0.0,0.0,,,0.0,,0.0,,0.0,0.0,0.0,0.0,0.0,0.0,0.0,,0.0,0.010640541091561317,0.0,0.0,0.0,,,0.0,0.0,0.0,0.0,0.004161264281719923,0.0073729087598621845,,,,0.007771022617816925,0.0,0.0,0.0,,,0.008342444896697998,0.0,0.0,,0.0,,,,,0.0,0.013751369901001453,0.0,,0.0,,,0.0,,0.006028351373970509,0.0,0.0,0.0,,0.006963010877370834,0.0,,0.0,0.0,0.0,0.0,0.0,,0.0025301980786025524,0.0,0.0,,0.0,0.0,0.0,0.0,0.0,0.0,0.0,,0.0009805925656110048,0.0,0.0,0.007419695612043142,0.0,0.0,0.0,,0.0,0.0,0.0,0.010489208623766899,0.0,0.0,0.0,0.0,0.0,0.0,0.00028485566144809127,0.0,0.0,0.0,,0.0,0.0,0.0,0.0,0.0,0.0,0.0,0.0,0.0,0.004446286242455244,0.0,0.0,0.0,,0.0,0.006903916597366333,,0.0032303640618920326,0.0,0.0,0.0,0.0,0.0,0.007855664007365704,0.0,0.0,0.0,0.011428353376686573,0.0,0.014265907928347588,0.0,0.0,0.0,0.0,0.0,0.0,0.0,0.0,0.0,0.0,0.0,0.0,0.0071387211792171,0.0,0.0,0.0,0.010663309134542942,0.009583434090018272,0.0,0.00991410668939352,0.0,0.0,0.0,0.019269602373242378,0.0,0.0,0.0,0.0,0.0,0.0,0.0,0.0,0.004451911896467209,0.0,0.0,0.0,0.0,0.0,0.015617968514561653,0.0,0.008543897420167923,0.0,0.0,0.017431413754820824,0.0,0.0,0.0,0.0,0.0,0.011158911511301994,0.0,0.006921166554093361,0.0,0.013884417712688446,0.0,0.0,0.0,0.0,0.0,0.017269155010581017,0.0,0.00583390099927783,0.0,0.0,,,,,,,,,,,,,,,,,,,,,,,,,,,,,,,,,,,,,,,,,,,,,,,,,,,,,,,,,,,,,,,,,,,,,,,,,,,,,,,,,,,,,,,,,,,,,,,,,,,,,,,,,,,,,,,,,,,,,,,,,,,,,,
2022-03-08,747118.0319473024,618.6124410059776,,,,,,,,,,,76494.84123570709,,1039061.7711000025,,,,,,,,,,,,,,,,,,,,,,,,,,,,,,,,,,,,,,,,,,,2832.228324875413,,,,,,,,,,,,,,,,,,,,,,22964.3889346401,9477.13624776515,4268.394877146428,8201.903712248382,3882.4650165091443,56198.9823974305,25538.088873300934,8850.06630817318,42659.477232940866,,,,,,,,,,,,,,,,,,,,,,,,,,,,,,,,,,,,0.007672586012631655,0.0,0.0,0.01092440728098154,0.0,0.0,0.0,0.0,0.0,0.0,0.0,0.0,0.0,0.0,0.0,0.0,,0.0,,0.0,,0.0,0.0,0.0,0.010507198981940746,0.0,,0.0,0.0,0.010712611488997936,0.0,0.012846814468502998,0.0,,0.0,,,,0.0,0.0,0.0,,0.0,0.0,0.0012285824632272124,0.009027548134326935,0.0,,,0.0,,0.0,0.0,0.0,0.0,0.0,0.0,0.0,0.0,0.006439491640776396,0.015234255231916904,0.0,0.0,0.0,,0.011381476186215878,0.0,0.0,0.0,0.015055594965815544,,0.0005889178719371557,0.0,,0.0,0.0,0.0,0.0,,0.0,0.0,0.0,,0.0,,0.0,0.0,,0.0,,0.0,0.0,0.0030229962430894375,0.01743323914706707,0.0,0.012673601508140564,0.0,0.016194811090826988,0.0,,,0.009300514124333858,0.0,,,,,0.0,0.0,0.0,0.0,0.0,0.0,0.0,0.0,0.0,,0.012146583758294582,0.0019998527131974697,0.0,,0.019029388204216957,0.0,0.0015352413756772876,0.0,0.0,0.0,,0.002669151872396469,,0.014855947345495224,0.0,0.0,0.01175154373049736,,0.0,0.0,,0.0,0.0,0.0,0.0,0.0,0.0001421356719220057,0.0011042432161048055,0.0,0.0,0.0046468619257211685,0.003770541399717331,0.0,0.0012880248250439763,,0.02132318913936615,0.0,0.004850889090448618,0.0,,0.0,0.007785265799611807,0.0,0.0,0.0,0.0,0.0061191171407699585,0.0,0.0,0.0,,0.015078713186085224,0.0,0.0,,,,0.006918592378497124,0.002163069089874625,,0.0,0.0,0.0,0.0,,0.0,,0.0,0.0,0.013318006880581379,0.0,0.0,0.0,,,,0.0,0.01897398941218853,0.0,0.0,0.0,,0.0,0.008289680816233158,0.007186546456068754,0.0,,0.0,0.015495573170483112,0.0,0.0,0.0,,0.002988440217450261,0.0071138362400233746,0.006663523148745298,0.0,,0.0029522741679102182,0.007444577291607857,0.00870683416724205,0.0,0.015951599925756454,0.0,,0.0,0.0,0.0,0.0,0.0,0.0,,0.0,,0.005740217864513397,0.007723913062363863,0.0016765532782301307,0.0,0.0,0.0,0.0,,0.0,0.011521018110215664,0.0028374833054840565,,,0.0,0.0,0.0,0.0,0.0,0.0,0.0,0.0,0.0,,0.0,0.0,0.0014217449352145195,,0.0,0.0,0.0,0.015036061406135559,0.0,0.0,0.0,,,0.0,0.002523822244256735,0.0,0.0,0.0,,0.012212172150611877,,0.010441260412335396,0.0,,0.0,0.0001980172237381339,0.0,0.0,,,0.0,0.009777898900210857,,0.011562291532754898,0.0,,,0.0,0.021612513810396194,0.0,0.0,0.0,0.0,0.0,,,0.0,0.0,0.0,0.0,0.0,,,0.0,0.0,0.0,,0.0,0.0,,0.0,0.0,0.010721533559262753,,0.0,0.0,0.0,0.0,,0.0,0.0,,0.0,0.0,0.0,0.000222572882194072,0.004138255026191473,0.0,0.0,0.0,0.0,0.0,0.0,0.0,0.0,,0.01636638306081295,,0.0,0.013081780634820461,0.00596213573589921,0.0,0.0,0.0,0.00783260352909565,0.013072560541331768,0.0,0.01504174992442131,0.0,,0.0,,0.0,0.007702955510467291,0.0,,0.0,0.0,0.0,0.0064319828525185585,0.0,0.0,0.0,0.0,0.006455377209931612,0.002276746090501547,0.0,,,0.0,0.0,0.0,,,,0.0,0.0,,0.0,,0.0,,0.0,,,0.0,,,,,0.0,,0.0,0.009475049562752247,0.0,,0.0,0.0,0.0006172159337438643,,0.011276694014668465,0.0,,0.0,0.008886725641787052,0.0,,,0.0,,0.01935204491019249,0.0,0.0,,0.0,0.0019069688860327005,,,,0.0,0.0,0.0,0.0,0.0,7.387471123365685e-05,,,,0.007764055393636227,0.0,,0.0,,0.0,0.0,0.0,0.0,,,0.0,0.0,,,0.0,,0.0,,0.0,0.0,0.0,0.0,0.0,0.0,0.0,,0.0,0.010640541091561317,0.0,0.0,0.0,,,0.0,0.0,0.0,0.0,0.004161264281719923,0.0073729087598621845,,,,0.007771022617816925,0.0,0.0,0.0,,,0.008342444896697998,0.0,0.0,,0.0,,,,,0.0,0.013751369901001453,0.0,,0.0,,,0.0,,0.006028351373970509,0.0,0.0,0.0,,0.006963010877370834,0.0,,0.0,0.0,0.0,0.0,0.0,,0.0025301980786025524,0.0,0.0,,0.0,0.0,0.0,0.0,0.0,0.0,0.0,,0.0009805925656110048,0.0,0.0,0.007419695612043142,0.0,0.0,0.0,,0.0,0.0,0.0,0.010489208623766899,0.0,0.0,0.0,0.0,0.0,0.0,0.00028485566144809127,0.0,0.0,0.0,,0.0,0.0,0.0,0.0,0.0,0.0,0.0,0.0,0.0,0.004446286242455244,0.0,0.0,0.0,,0.0,0.006903916597366333,,0.0032303640618920326,0.0,0.0,0.0,0.0,0.0,0.007855664007365704,0.0,0.0,0.0,0.011428353376686573,0.0,0.014265907928347588,0.0,0.0,0.0,0.0,0.0,0.0,0.0,0.0,0.0,0.0,0.0,0.0,0.0071387211792171,0.0,0.0,0.0,0.010663309134542942,0.009583434090018272,0.0,0.00991410668939352,0.0,0.0,0.0,0.019269602373242378,0.0,0.0,0.0,0.0,0.0,0.0,0.0,0.0,0.004451911896467209,0.0,0.0,0.0,0.0,0.0,0.015617968514561653,0.0,0.008543897420167923,0.0,0.0,0.017431413754820824,0.0,0.0,0.0,0.0,0.0,0.011158911511301994,0.0,0.006921166554093361,0.0,0.013884417712688446,0.0,0.0,0.0,0.0,0.0,0.017269155010581017,0.0,0.00583390099927783,0.0,0.0,,,,,,,,,,,,,,,,,,,,,,,,,,,,,,,,,,,,,,,,,,,,,,,,,,,,,,,,,,,,,,,,,,,,,,,,,,,,,,,,,,,,,,,,,,,,,,,,,,,,,,,,,,,,,,,,,,,,,,,,,,,,,,
2022-03-09,733630.1662966034,2242.1660755916746,,,,,,,,,,,76494.84123570709,,1039061.7711000025,,,,,,,,,,,,,,,,,,,,,,,,,,,,,,,,,,,,,,,,,,,,,,,,,,,,,,,,,,,,,10173.006089470982,,,,,,,,,,,,,27522.777729516023,71082.27152751229,18170.04591700283,35591.49556668248,53513.672499455155,61198.929868136314,92555.02038113702,1502.740134369769,,,,,,,,,,,,,,,,,,,,,,,,,,,,0.0,0.0,,0.0,0.0,0.015644565224647522,0.0,0.0,,0.0,,0.0,0.0,0.0,,,,,,0.0,,,0.0,,0.0,,,0.0,0.003128727665171027,0.0,,0.0,0.0,,0.0,,,,0.010532832704484463,0.0,0.0,,0.0,0.0,0.042360614985227585,,0.005914632230997086,,,,,0.0,,0.022001637145876884,0.0,,0.0,0.0,0.0,0.0,,,0.0,0.0,,0.0,0.0,0.0,,0.0,,0.0,,,0.0,,,0.0,,,0.0,,,0.0,,0.0,0.0,,0.0,0.0,,,0.015381626784801483,,0.0,0.0,,0.0,0.0,,,0.0,0.0,,,,,0.0,,0.0,,0.0,0.0,,0.0,0.0,,0.0,,0.0,,,0.0,0.02178288996219635,0.0,0.0,0.0,,,,,0.0,0.012477701529860497,,,0.0,,,,,0.009316337294876575,0.0020340539049357176,0.0,,0.0,0.0,0.0,0.0,0.0,0.0,0.0,,0.0,0.0,0.0,,,,0.0,0.0,,0.0,0.0,0.0,0.0,0.0,0.0,,0.0,0.0,0.0,,,,,0.05089867487549782,,0.0,0.0,0.0,,,0.0,,0.0,,0.0,0.0,0.0,0.0,,,,0.0,,0.0,0.0,0.01992327906191349,,,,0.0,0.04612326994538307,0.08266574889421463,0.0,0.0,0.0,,0.0,,0.0,,0.0,0.0,,0.0,0.0,0.0,,,0.0,,,0.0,,0.0,,0.0,,0.0,,,0.0,,,,0.0,0.0,,0.0,0.0,,,,,0.0,0.0,0.0,,0.0,0.0,0.0,0.0,,0.0,,0.0,,,0.0,0.0,0.0,0.030572179704904556,0.0,0.0,,,0.0,,0.0,0.0,0.0,,0.04381312057375908,,,0.0,,0.0,0.0,,0.0,,,0.0,,,0.0,0.0,0.0,,,0.0,0.0,0.0,,0.0,0.0,0.000634059077128768,,0.0,,0.0,0.0,0.0,,,0.0,0.0,,,0.0,,,0.0,0.0,0.0,,0.0,0.0,0.0,0.0,,0.0,0.0,,0.0,0.0,0.0,0.0,0.0,0.0,0.0,0.0,0.0,0.0,0.0,0.0,0.0,,0.0,,,0.0,,,0.0,0.0,,0.0,,0.0,0.0,,0.0,,0.0,0.0,0.0,,0.0,0.0,0.0,0.0,0.0,0.0,0.0,0.0,0.0,0.0,0.0,,,0.0,0.0,0.0,,,,0.0,,0.0,0.0,,,,0.0,,,0.0,,,,,0.0,,0.0,0.0,0.0,0.0018361646216362715,0.0,0.0,0.0,,,0.0,,,0.0,0.0,,,0.03418157622218132,,0.0,0.0,0.08435952663421631,,0.0,,,,,,0.0,,0.0,0.0,0.0,,,,,0.0,,,,,0.0,,,,,,0.0,,,0.0,,0.0,,,0.0,,0.0,,0.0,,,,0.0,,,0.0,,,0.0,0.005962167866528034,,0.0,0.0,,0.0,,,0.0,0.0,0.0,,,,0.0,0.0,0.0,,,,,,0.0,0.0,,,,0.0,0.0,,0.016791382804512978,,,0.0,0.0,,,0.002723472425714135,0.0,,0.0,,,0.0,0.0,,0.0,0.0,0.0,0.0,,0.0,0.0,0.0,0.0,0.0,,,0.0,,0.0,0.0,0.0,0.0,,,,0.0,,,0.0,,0.005916315130889416,,0.0,0.0,0.0,0.0,0.0,0.0,,0.0,0.0,,0.0,0.022816119715571404,,0.0,,,0.0,0.0,0.0,0.0,,0.0,0.0,0.0,0.0,0.0,0.0,0.0,0.015206173993647099,,0.0,,0.0,0.034629520028829575,0.0,0.0,0.0,,0.0,,0.0,,0.0,,0.0,0.0,0.0,,0.0,,0.0,,0.0,0.0,0.0,0.0,0.0,,0.0,0.0,0.0,,0.0,,0.0,0.0,0.0,0.0,0.0,0.0,0.0,0.0,0.04661529138684273,,0.0,0.0,0.0,,,0.0,0.0,,0.0,0.0,0.0,0.0,0.0,0.0,0.0,0.0,0.0,0.00023163513105828315,0.0,,0.0,0.0,0.0,0.002501727780327201,0.0,0.0,0.0,0.0,0.0,0.0,0.0,0.0,0.0,0.0,0.0,0.04637495428323746,0.0,0.0,0.0,0.0,0.0,0.0,0.0,0.0,0.0,0.0,0.0,0.0,0.0,0.0,0.0,0.0,0.0,0.0,0.0,0.0,0.0,0.0,0.0,0.0,0.0,0.0,0.0,0.0,0.0,0.0,0.0,0.0,0.0,0.0,0.0,0.0,0.02123727835714817,0.0,0.030830031260848045,0.0,0.0,0.0,0.0,0.0,0.0,0.0,0.0,0.0,0.0,0.0,0.0,0.0,0.03205990418791771,0.0,0.0,0.0,0.0,0.0,0.0,0.0,0.0,0.0,0.0,0.0,0.0,0.0,0.0,0.0,0.004652655683457851,0.0,0.0,0.0,0.0,0.03688036650419235,0.0,0.0,0.0,0.0,0.02341322787106037,0.0,0.0,0.0,0.0,0.0,0.0,0.0,0.0,0.0,0.0,0.0,0.0,0.0,0.0,0.0,0.0,0.0,0.0,0.0,0.0,0.0,0.056698285043239594,0.0,0.0,0.0,0.03887629136443138,0.0,0.0,0.0,0.0,0.0,0.0,0.0,0.0,0.0,0.0,0.0,0.0
2022-03-10,748576.0493848609,237.06894156632717,,,,,,,,,,,76494.84123570709,,1039061.7711000025,,,,,,,,,,,,,,,,,,,,,,,,,,,,,,,,,,,,,,,,,,,,,,,,,,,,,,,,,,,,,,,,,,,,,,,,,,27521.110332549117,,18168.413020961532,,53516.86170817226,,,,6053.851280432419,126452.2971708746,101554.94392962754,24356.911633760563,9666.044873166637,4975.266791140368,,,,,,,,,,,,,,,,,,,,,,0.0,0.0,,0.0,0.0,0.011982793919742107,0.0,0.0,,0.0,,0.0,0.0,0.0,,,,,,0.0,,,0.0,,0.00784455519169569,,,0.0,0.025192564353346825,0.0,,0.0,0.0,,0.0,,,,0.0,0.0,0.0,,0.0,0.0,0.0,,0.0,,,,,0.0,,0.0,0.0,,0.0,0.0,0.0,0.0,,,0.0,0.0,,0.0,0.0,0.0,,0.0,,0.0,,,0.0,,,0.0,,,0.0,,,0.0,,0.0,0.0,,0.0,0.0,,,0.0,,0.0,0.0,,0.0,0.0,,,0.0,0.0,,,,,0.0,,0.0,,0.0,0.0,,0.0,0.0,,0.05647175759077072,,0.0,,,0.0,0.026902304962277412,0.0,0.0,0.0,,,,,0.0,0.0,,,0.0,,,,,0.0,0.0,0.0,,0.0,0.0,0.0,0.0,0.0,0.0,0.0,,0.0,0.0,0.0,,,,0.0,0.0,,0.0,0.0,0.0,0.0,0.0,0.0,,0.0,0.0,0.0,,,,,0.03057357855141163,,0.0,0.0,0.0,,,0.0,,0.0,,0.009608839638531208,0.0,0.0,0.0,,,,0.0,,0.0,0.0,0.0,,,,0.0,0.0,0.0,0.0,0.0,0.0,,0.0,,0.0,,0.0,0.0,,0.0,0.0,0.0,,,0.0,,,0.0,,0.0,,0.0,,0.0,,,0.0,,,,0.0,0.013343223370611668,,0.0,0.0,,,,,0.0,0.0,0.0,,0.0,0.0,0.0,0.0,,0.0,,0.04006170108914375,,,0.0,0.0,0.0,0.0,0.0,0.0,,,0.0,,0.0,0.0,0.0,,0.0,,,0.0,,0.0,0.0,,0.0,,,0.0,,,0.0,0.0,0.0,,,0.0,0.0,0.0,,0.0,0.0,0.0,,0.0,,0.0,0.0,0.0,,,0.0,0.0,,,0.0,,,0.0,0.0,0.0,,0.0,0.038000673055648804,0.0,0.0,,0.0,0.0,,0.0,0.0,0.0,0.0,0.0,0.0,0.0,0.0,0.0,0.0,0.0,0.0,0.0,,0.0,,,0.0,,,0.0,0.0,,0.0,,0.0,0.0,,0.0,,0.0,0.0,0.0,,0.0,0.0,0.0,0.0,0.0,0.0,0.0,0.018953992053866386,0.0,0.0,0.0,,,0.0,0.0,0.0,,,,0.0,,0.0,0.0,,,,0.0,,,0.0,,,,,0.0,,0.0,0.0,0.0,0.0,0.0,0.0,0.0,,,0.0,,,0.0,0.0,,,0.024824440479278564,,0.0,0.0,0.0636274516582489,,0.0,,,,,,0.0,,0.0,0.0,0.0,,,,,0.0,,,,,0.014892305247485638,,,,,,0.0,,,0.0,,0.0,,,0.0,,0.0,,0.0,,,,0.0,,,0.0,,,0.0,0.0,,0.013220512308180332,0.0,,0.0,,,0.0,0.0,0.0,,,,0.0,0.0,0.0,,,,,,0.0,0.0,,,,0.0,0.0,,0.014098964631557465,,,0.0,0.0,,,0.014397282153367996,0.0,,0.0,,,0.0,0.0,,0.0,0.0,0.0,0.0,,0.0,0.037668175995349884,0.0,0.0,0.0,,,0.0,,0.0,0.0,0.0,0.0,,,,0.0,,,0.0,,0.0,,0.0,0.0,0.0,0.0,0.0,0.0,,0.0,0.0,,0.005668239668011665,0.0,,0.0,,,0.0,0.0,0.0,0.0,,0.0,0.0,0.0,0.0,0.0,0.0,0.0,0.07093051075935364,,0.0,,0.0,0.0,0.0,0.0,0.0,,0.0,,0.0,,0.0,,0.0,0.0,0.0,,0.0,,0.0,,0.0,0.0,0.0,0.0,0.0,,0.0,0.0,0.0,,0.0,,0.0,0.0,0.03316303715109825,0.0,0.0,0.0,0.0,0.0,0.03991341590881348,,0.0,0.0,0.0,,,0.0,0.0,,0.0,0.0,0.0,0.0,0.0,0.010305255651473999,0.0,0.0,0.0,0.0,0.0,,0.033891987055540085,0.011445235460996628,0.0,0.02753450721502304,0.0,0.0,0.0,0.0,0.0,0.0,0.0,0.0,0.0,0.0,0.0,0.0,0.0,0.0,0.0,0.0,0.0,0.0,0.0,0.0,0.0,0.0,0.0,0.0,0.0,0.0,0.0,0.0,0.0,0.0,0.0,0.0,0.0,0.002339297905564308,0.0,0.0,0.0,0.0,0.0,0.0,0.0,0.014746444299817085,0.0,0.0,0.0,0.0,0.0,0.0,0.0,0.0,0.0536436028778553,0.0,0.0,0.0,0.0,0.0,0.0,0.0,0.0,0.0,0.0,0.0,0.0,0.0,0.0,0.0,0.0,0.0,0.0,0.0,0.01255110278725624,0.0,0.0,0.0,0.0,0.0,0.0,0.0,0.0,0.0,0.0,0.0,0.0,0.0,0.0,0.06946209073066711,0.024431269615888596,0.014635597355663776,0.0,0.0,0.0,0.0,0.0,0.0,0.0,0.0,0.0,0.0,0.0,0.0,0.0,0.0,0.0,0.0,0.0,0.0,0.0,0.0,0.0,0.0,0.012219374068081379,0.0,0.04263864830136299,0.0,0.0,0.0,0.05881528928875923,0.0,0.0,0.0,0.0,0.0,0.0,0.0,0.0,0.0,0.0,0.0,0.0
2022-03-11,747133.4440736052,45.9155125481476,,,,,,,,,,,76494.84123570709,,1039061.7711000025,,,,,,,,,,,,,,,,,,,,,,,,,,,,,,,,,,,,,,,,,,,,,,,,,,,,,,,,,,,,,,,,,,,,,,,,,,26896.85892744428,,18168.23403514498,,53507.80184396426,,,,5686.91513644224,132292.71942841643,104353.46120109748,23970.384210602726,9322.71849695458,6080.887644580108,,,,,,,,,,,,,,,,,,,,,,0.0,0.0,,0.0,0.0,0.011982793919742107,0.0,0.0,,0.0,,0.0,0.0,0.0,,,,,,0.0,,,0.0,,0.00784455519169569,,,0.0,0.025192564353346825,0.0,,0.0,0.0,,0.0,,,,0.0,0.0,0.0,,0.0,0.0,0.0,,0.0,,,,,0.0,,0.0,0.0,,0.0,0.0,0.0,0.0,,,0.0,0.0,,0.0,0.0,0.0,,0.0,,0.0,,,0.0,,,0.0,,,0.0,,,0.0,,0.0,0.0,,0.0,0.0,,,0.0,,0.0,0.0,,0.0,0.0,,,0.0,0.0,,,,,0.0,,0.0,,0.0,0.0,,0.0,0.0,,0.05647175759077072,,0.0,,,0.0,0.026902304962277412,0.0,0.0,0.0,,,,,0.0,0.0,,,0.0,,,,,0.0,0.0,0.0,,0.0,0.0,0.0,0.0,0.0,0.0,0.0,,0.0,0.0,0.0,,,,0.0,0.0,,0.0,0.0,0.0,0.0,0.0,0.0,,0.0,0.0,0.0,,,,,0.03057357855141163,,0.0,0.0,0.0,,,0.0,,0.0,,0.009608839638531208,0.0,0.0,0.0,,,,0.0,,0.0,0.0,0.0,,,,0.0,0.0,0.0,0.0,0.0,0.0,,0.0,,0.0,,0.0,0.0,,0.0,0.0,0.0,,,0.0,,,0.0,,0.0,,0.0,,0.0,,,0.0,,,,0.0,0.013343223370611668,,0.0,0.0,,,,,0.0,0.0,0.0,,0.0,0.0,0.0,0.0,,0.0,,0.04006170108914375,,,0.0,0.0,0.0,0.0,0.0,0.0,,,0.0,,0.0,0.0,0.0,,0.0,,,0.0,,0.0,0.0,,0.0,,,0.0,,,0.0,0.0,0.0,,,0.0,0.0,0.0,,0.0,0.0,0.0,,0.0,,0.0,0.0,0.0,,,0.0,0.0,,,0.0,,,0.0,0.0,0.0,,0.0,0.038000673055648804,0.0,0.0,,0.0,0.0,,0.0,0.0,0.0,0.0,0.0,0.0,0.0,0.0,0.0,0.0,0.0,0.0,0.0,,0.0,,,0.0,,,0.0,0.0,,0.0,,0.0,0.0,,0.0,,0.0,0.0,0.0,,0.0,0.0,0.0,0.0,0.0,0.0,0.0,0.018953992053866386,0.0,0.0,0.0,,,0.0,0.0,0.0,,,,0.0,,0.0,0.0,,,,0.0,,,0.0,,,,,0.0,,0.0,0.0,0.0,0.0,0.0,0.0,0.0,,,0.0,,,0.0,0.0,,,0.024824440479278564,,0.0,0.0,0.0636274516582489,,0.0,,,,,,0.0,,0.0,0.0,0.0,,,,,0.0,,,,,0.014892305247485638,,,,,,0.0,,,0.0,,0.0,,,0.0,,0.0,,0.0,,,,0.0,,,0.0,,,0.0,0.0,,0.013220512308180332,0.0,,0.0,,,0.0,0.0,0.0,,,,0.0,0.0,0.0,,,,,,0.0,0.0,,,,0.0,0.0,,0.014098964631557465,,,0.0,0.0,,,0.014397282153367996,0.0,,0.0,,,0.0,0.0,,0.0,0.0,0.0,0.0,,0.0,0.037668175995349884,0.0,0.0,0.0,,,0.0,,0.0,0.0,0.0,0.0,,,,0.0,,,0.0,,0.0,,0.0,0.0,0.0,0.0,0.0,0.0,,0.0,0.0,,0.005668239668011665,0.0,,0.0,,,0.0,0.0,0.0,0.0,,0.0,0.0,0.0,0.0,0.0,0.0,0.0,0.07093051075935364,,0.0,,0.0,0.0,0.0,0.0,0.0,,0.0,,0.0,,0.0,,0.0,0.0,0.0,,0.0,,0.0,,0.0,0.0,0.0,0.0,0.0,,0.0,0.0,0.0,,0.0,,0.0,0.0,0.03316303715109825,0.0,0.0,0.0,0.0,0.0,0.03991341590881348,,0.0,0.0,0.0,,,0.0,0.0,,0.0,0.0,0.0,0.0,0.0,0.010305255651473999,0.0,0.0,0.0,0.0,0.0,,0.033891987055540085,0.011445235460996628,0.0,0.02753450721502304,0.0,0.0,0.0,0.0,0.0,0.0,0.0,0.0,0.0,0.0,0.0,0.0,0.0,0.0,0.0,0.0,0.0,0.0,0.0,0.0,0.0,0.0,0.0,0.0,0.0,0.0,0.0,0.0,0.0,0.0,0.0,0.0,0.0,0.002339297905564308,0.0,0.0,0.0,0.0,0.0,0.0,0.0,0.014746444299817085,0.0,0.0,0.0,0.0,0.0,0.0,0.0,0.0,0.0536436028778553,0.0,0.0,0.0,0.0,0.0,0.0,0.0,0.0,0.0,0.0,0.0,0.0,0.0,0.0,0.0,0.0,0.0,0.0,0.0,0.01255110278725624,0.0,0.0,0.0,0.0,0.0,0.0,0.0,0.0,0.0,0.0,0.0,0.0,0.0,0.0,0.06946209073066711,0.024431269615888596,0.014635597355663776,0.0,0.0,0.0,0.0,0.0,0.0,0.0,0.0,0.0,0.0,0.0,0.0,0.0,0.0,0.0,0.0,0.0,0.0,0.0,0.0,0.0,0.0,0.012219374068081379,0.0,0.04263864830136299,0.0,0.0,0.0,0.05881528928875923,0.0,0.0,0.0,0.0,0.0,0.0,0.0,0.0,0.0,0.0,0.0,0.0
2022-03-14,739679.2483617816,379.436874905212,,,,,,,,,,,76494.84123570709,,1039061.7711000025,,,,,,,,,,,,,,,,,,,,,,,,,,,,,,,,,,,,,,,,,,,,,,,,,,,,,,,,,,,,,,,,,,,,,,,,,,27520.369047085358,,18168.13976159083,,53507.80184396426,,,,5320.079047917196,128665.16773386057,101706.89656466918,23969.386284561064,9840.35465976632,6633.692697885388,250.42601877461948,,,,,,,,,,,,,,,,,,,,,0.0,0.0,,0.0,0.0,0.011982793919742107,0.0,0.0,,0.0,,0.0,0.0,0.0,,,,,,0.0,,,0.0,,0.00784455519169569,,,0.0,0.025192564353346825,0.0,,0.0,0.0,,0.0,,,,0.0,0.0,0.0,,0.0,0.0,0.0,,0.0,,,,,0.0,,0.0,0.0,,0.0,0.0,0.0,0.0,,,0.0,0.0,,0.0,0.0,0.0,,0.0,,0.0,,,0.0,,,0.0,,,0.0,,,0.0,,0.0,0.0,,0.0,0.0,,,0.0,,0.0,0.0,,0.0,0.0,,,0.0,0.0,,,,,0.0,,0.0,,0.0,0.0,,0.0,0.0,,0.05647175759077072,,0.0,,,0.0,0.026902304962277412,0.0,0.0,0.0,,,,,0.0,0.0,,,0.0,,,,,0.0,0.0,0.0,,0.0,0.0,0.0,0.0,0.0,0.0,0.0,,0.0,0.0,0.0,,,,0.0,0.0,,0.0,0.0,0.0,0.0,0.0,0.0,,0.0,0.0,0.0,,,,,0.03057357855141163,,0.0,0.0,0.0,,,0.0,,0.0,,0.009608839638531208,0.0,0.0,0.0,,,,0.0,,0.0,0.0,0.0,,,,0.0,0.0,0.0,0.0,0.0,0.0,,0.0,,0.0,,0.0,0.0,,0.0,0.0,0.0,,,0.0,,,0.0,,0.0,,0.0,,0.0,,,0.0,,,,0.0,0.013343223370611668,,0.0,0.0,,,,,0.0,0.0,0.0,,0.0,0.0,0.0,0.0,,0.0,,0.04006170108914375,,,0.0,0.0,0.0,0.0,0.0,0.0,,,0.0,,0.0,0.0,0.0,,0.0,,,0.0,,0.0,0.0,,0.0,,,0.0,,,0.0,0.0,0.0,,,0.0,0.0,0.0,,0.0,0.0,0.0,,0.0,,0.0,0.0,0.0,,,0.0,0.0,,,0.0,,,0.0,0.0,0.0,,0.0,0.038000673055648804,0.0,0.0,,0.0,0.0,,0.0,0.0,0.0,0.0,0.0,0.0,0.0,0.0,0.0,0.0,0.0,0.0,0.0,,0.0,,,0.0,,,0.0,0.0,,0.0,,0.0,0.0,,0.0,,0.0,0.0,0.0,,0.0,0.0,0.0,0.0,0.0,0.0,0.0,0.018953992053866386,0.0,0.0,0.0,,,0.0,0.0,0.0,,,,0.0,,0.0,0.0,,,,0.0,,,0.0,,,,,0.0,,0.0,0.0,0.0,0.0,0.0,0.0,0.0,,,0.0,,,0.0,0.0,,,0.024824440479278564,,0.0,0.0,0.0636274516582489,,0.0,,,,,,0.0,,0.0,0.0,0.0,,,,,0.0,,,,,0.014892305247485638,,,,,,0.0,,,0.0,,0.0,,,0.0,,0.0,,0.0,,,,0.0,,,0.0,,,0.0,0.0,,0.013220512308180332,0.0,,0.0,,,0.0,0.0,0.0,,,,0.0,0.0,0.0,,,,,,0.0,0.0,,,,0.0,0.0,,0.014098964631557465,,,0.0,0.0,,,0.014397282153367996,0.0,,0.0,,,0.0,0.0,,0.0,0.0,0.0,0.0,,0.0,0.037668175995349884,0.0,0.0,0.0,,,0.0,,0.0,0.0,0.0,0.0,,,,0.0,,,0.0,,0.0,,0.0,0.0,0.0,0.0,0.0,0.0,,0.0,0.0,,0.005668239668011665,0.0,,0.0,,,0.0,0.0,0.0,0.0,,0.0,0.0,0.0,0.0,0.0,0.0,0.0,0.07093051075935364,,0.0,,0.0,0.0,0.0,0.0,0.0,,0.0,,0.0,,0.0,,0.0,0.0,0.0,,0.0,,0.0,,0.0,0.0,0.0,0.0,0.0,,0.0,0.0,0.0,,0.0,,0.0,0.0,0.03316303715109825,0.0,0.0,0.0,0.0,0.0,0.03991341590881348,,0.0,0.0,0.0,,,0.0,0.0,,0.0,0.0,0.0,0.0,0.0,0.010305255651473999,0.0,0.0,0.0,0.0,0.0,,0.033891987055540085,0.011445235460996628,0.0,0.02753450721502304,0.0,0.0,0.0,0.0,0.0,0.0,0.0,0.0,0.0,0.0,0.0,0.0,0.0,0.0,0.0,0.0,0.0,0.0,0.0,0.0,0.0,0.0,0.0,0.0,0.0,0.0,0.0,0.0,0.0,0.0,0.0,0.0,0.0,0.002339297905564308,0.0,0.0,0.0,0.0,0.0,0.0,0.0,0.014746444299817085,0.0,0.0,0.0,0.0,0.0,0.0,0.0,0.0,0.0536436028778553,0.0,0.0,0.0,0.0,0.0,0.0,0.0,0.0,0.0,0.0,0.0,0.0,0.0,0.0,0.0,0.0,0.0,0.0,0.0,0.01255110278725624,0.0,0.0,0.0,0.0,0.0,0.0,0.0,0.0,0.0,0.0,0.0,0.0,0.0,0.0,0.06946209073066711,0.024431269615888596,0.014635597355663776,0.0,0.0,0.0,0.0,0.0,0.0,0.0,0.0,0.0,0.0,0.0,0.0,0.0,0.0,0.0,0.0,0.0,0.0,0.0,0.0,0.0,0.0,0.012219374068081379,0.0,0.04263864830136299,0.0,0.0,0.0,0.05881528928875923,0.0,0.0,0.0,0.0,0.0,0.0,0.0,0.0,0.0,0.0,0.0,0.0
2022-03-15,709194.3060203412,144.14922941233635,,,,,,,,,,,76494.84123570709,,1039061.7711000025,,,,,,,,,,,,,,,,,,,,,,,,,,,,,,,,,,,,,,,,,,,,,,,,,,,,,,,,,,,,,,,,,,,,,,,,,,28147.201370795967,,18168.13976159083,,53507.80184396426,,,,5136.6106346708775,128376.19185953698,102949.97348282627,22940.35502749491,9665.891727916705,7739.25890860055,250.42601877461948,,,,,,,,,,,,,,,,,,,,,0.0,0.0,,0.0,0.0,0.011982793919742107,0.0,0.0,,0.0,,0.0,0.0,0.0,,,,,,0.0,,,0.0,,0.00784455519169569,,,0.0,0.025192564353346825,0.0,,0.0,0.0,,0.0,,,,0.0,0.0,0.0,,0.0,0.0,0.0,,0.0,,,,,0.0,,0.0,0.0,,0.0,0.0,0.0,0.0,,,0.0,0.0,,0.0,0.0,0.0,,0.0,,0.0,,,0.0,,,0.0,,,0.0,,,0.0,,0.0,0.0,,0.0,0.0,,,0.0,,0.0,0.0,,0.0,0.0,,,0.0,0.0,,,,,0.0,,0.0,,0.0,0.0,,0.0,0.0,,0.05647175759077072,,0.0,,,0.0,0.026902304962277412,0.0,0.0,0.0,,,,,0.0,0.0,,,0.0,,,,,0.0,0.0,0.0,,0.0,0.0,0.0,0.0,0.0,0.0,0.0,,0.0,0.0,0.0,,,,0.0,0.0,,0.0,0.0,0.0,0.0,0.0,0.0,,0.0,0.0,0.0,,,,,0.03057357855141163,,0.0,0.0,0.0,,,0.0,,0.0,,0.009608839638531208,0.0,0.0,0.0,,,,0.0,,0.0,0.0,0.0,,,,0.0,0.0,0.0,0.0,0.0,0.0,,0.0,,0.0,,0.0,0.0,,0.0,0.0,0.0,,,0.0,,,0.0,,0.0,,0.0,,0.0,,,0.0,,,,0.0,0.013343223370611668,,0.0,0.0,,,,,0.0,0.0,0.0,,0.0,0.0,0.0,0.0,,0.0,,0.04006170108914375,,,0.0,0.0,0.0,0.0,0.0,0.0,,,0.0,,0.0,0.0,0.0,,0.0,,,0.0,,0.0,0.0,,0.0,,,0.0,,,0.0,0.0,0.0,,,0.0,0.0,0.0,,0.0,0.0,0.0,,0.0,,0.0,0.0,0.0,,,0.0,0.0,,,0.0,,,0.0,0.0,0.0,,0.0,0.038000673055648804,0.0,0.0,,0.0,0.0,,0.0,0.0,0.0,0.0,0.0,0.0,0.0,0.0,0.0,0.0,0.0,0.0,0.0,,0.0,,,0.0,,,0.0,0.0,,0.0,,0.0,0.0,,0.0,,0.0,0.0,0.0,,0.0,0.0,0.0,0.0,0.0,0.0,0.0,0.018953992053866386,0.0,0.0,0.0,,,0.0,0.0,0.0,,,,0.0,,0.0,0.0,,,,0.0,,,0.0,,,,,0.0,,0.0,0.0,0.0,0.0,0.0,0.0,0.0,,,0.0,,,0.0,0.0,,,0.024824440479278564,,0.0,0.0,0.0636274516582489,,0.0,,,,,,0.0,,0.0,0.0,0.0,,,,,0.0,,,,,0.014892305247485638,,,,,,0.0,,,0.0,,0.0,,,0.0,,0.0,,0.0,,,,0.0,,,0.0,,,0.0,0.0,,0.013220512308180332,0.0,,0.0,,,0.0,0.0,0.0,,,,0.0,0.0,0.0,,,,,,0.0,0.0,,,,0.0,0.0,,0.014098964631557465,,,0.0,0.0,,,0.014397282153367996,0.0,,0.0,,,0.0,0.0,,0.0,0.0,0.0,0.0,,0.0,0.037668175995349884,0.0,0.0,0.0,,,0.0,,0.0,0.0,0.0,0.0,,,,0.0,,,0.0,,0.0,,0.0,0.0,0.0,0.0,0.0,0.0,,0.0,0.0,,0.005668239668011665,0.0,,0.0,,,0.0,0.0,0.0,0.0,,0.0,0.0,0.0,0.0,0.0,0.0,0.0,0.07093051075935364,,0.0,,0.0,0.0,0.0,0.0,0.0,,0.0,,0.0,,0.0,,0.0,0.0,0.0,,0.0,,0.0,,0.0,0.0,0.0,0.0,0.0,,0.0,0.0,0.0,,0.0,,0.0,0.0,0.03316303715109825,0.0,0.0,0.0,0.0,0.0,0.03991341590881348,,0.0,0.0,0.0,,,0.0,0.0,,0.0,0.0,0.0,0.0,0.0,0.010305255651473999,0.0,0.0,0.0,0.0,0.0,,0.033891987055540085,0.011445235460996628,0.0,0.02753450721502304,0.0,0.0,0.0,0.0,0.0,0.0,0.0,0.0,0.0,0.0,0.0,0.0,0.0,0.0,0.0,0.0,0.0,0.0,0.0,0.0,0.0,0.0,0.0,0.0,0.0,0.0,0.0,0.0,0.0,0.0,0.0,0.0,0.0,0.002339297905564308,0.0,0.0,0.0,0.0,0.0,0.0,0.0,0.014746444299817085,0.0,0.0,0.0,0.0,0.0,0.0,0.0,0.0,0.0536436028778553,0.0,0.0,0.0,0.0,0.0,0.0,0.0,0.0,0.0,0.0,0.0,0.0,0.0,0.0,0.0,0.0,0.0,0.0,0.0,0.01255110278725624,0.0,0.0,0.0,0.0,0.0,0.0,0.0,0.0,0.0,0.0,0.0,0.0,0.0,0.0,0.06946209073066711,0.024431269615888596,0.014635597355663776,0.0,0.0,0.0,0.0,0.0,0.0,0.0,0.0,0.0,0.0,0.0,0.0,0.0,0.0,0.0,0.0,0.0,0.0,0.0,0.0,0.0,0.0,0.012219374068081379,0.0,0.04263864830136299,0.0,0.0,0.0,0.05881528928875923,0.0,0.0,0.0,0.0,0.0,0.0,0.0,0.0,0.0,0.0,0.0,0.0
2022-03-16,721311.6178057633,177.05544923603156,,,,,,,,,,,76494.84123570709,,1039061.7711000025,,,,,,,,,,,,,,,,,,,,,,,,,,,,,,,,,,,,,,,,,,,,,,,,,,,,,,,,,,,,,11737.964413342548,,,,,,,,,,,,,28145.622123423433,,,,,,,,,128376.19185953698,107159.62173586883,,,,,9519.387342171045,11572.359736349214,64860.28603244193,6231.8329383622195,5658.122063550614,,,,,,,,,,,,,,,,0.0,0.0,,0.0,0.0,0.0,0.0,0.0,,0.0,,0.0,0.0,0.0,,,,,,0.0,,,0.0,,0.0,,,0.0,0.01789705827832222,0.0,,0.0,0.0,,0.0,,,,0.0,0.0,0.0,,0.0,0.0,0.0,,0.0,,,,,0.0,,0.0,0.0,,0.0,0.0,0.0,0.0,,,0.0,0.0,,0.0,0.0,0.0,,0.0,,0.0,,,0.0,,,0.0,,,0.0,,,0.0,,0.0,0.0,,0.0,0.0,,,0.0,,0.0005599708529189229,0.0,,0.0,0.0,,,0.0,0.0,,,,,0.0,,0.0,,0.0,0.0,,0.0,0.0,,0.0,,0.0,,,0.0,0.0,0.0,0.0,0.0,,,,,0.0,0.0,,,0.0,,,,,0.0,0.0,0.0,,0.0,0.0,0.0,0.0,0.012101038359105587,0.0,0.0,,0.0,0.0,0.0,,,,0.0,0.0,,0.0,0.017891356721520424,0.0,0.0,0.0,0.0,,0.0,0.0,0.0,,,,,0.0,,0.0,0.0,0.0,,,0.0,,0.0,,0.0,0.0024038762785494328,0.0,0.0,,,,0.0,,0.0,0.0,0.0,,,,0.0,0.0,0.0,0.0,0.0,0.0,,0.0,,0.0,,0.0,0.0,,0.0,0.0,0.0,,,0.0,,,0.0,,0.0,,0.0,,0.0,,,0.0,,,,0.024879563599824905,0.0,,0.0,0.0,,,,,0.0,0.0,0.0,,0.0,0.0,0.0,0.0,,0.0,,0.027109283953905106,,,0.0,0.0,0.0,0.0,0.016961153596639633,0.0,,,0.0,,0.0,0.0,0.0,,0.047830305993556976,,,0.0,,0.0,0.0,,0.0,,,0.005867973435670137,,,0.013710405677556992,0.0,0.0,,,0.0,0.0,0.0,,0.0,0.005093374755233526,0.0,,0.0,,0.0,0.0,0.0,,,0.0,0.0,,,0.0,,,0.0,0.0,0.01738576963543892,,0.0,0.0,0.0,0.0,,0.0,0.0,,0.0,0.007405404932796955,0.0,0.0,0.0,0.0,0.0,0.0,0.0,0.0,0.0044178226962685585,0.0,0.0,,0.0,,,0.0,,,0.0,0.0,,0.0,,0.018222598358988762,0.0,,0.0,,0.0,0.0,0.005446802359074354,,0.003526755142956972,0.0,0.0,0.0,0.0,0.0,0.0,0.026967786252498627,0.0,0.0,0.014139175415039062,,,0.0,0.0,0.0,,,,0.0,,0.0,0.0,,,,0.0,,,2.254412538604811e-05,,,,,0.0,,0.0,0.0,0.0,0.004369131289422512,0.0,0.0,0.0,,,0.0,,,0.0,0.0,,,0.023983607068657875,,0.0,0.0,0.0726492628455162,,0.0,,,,,,0.0,,0.0,0.0,0.0,,,,,0.0012693535536527634,,,,,0.0,,,,,,0.0,,,0.0,,0.0,,,0.0,,0.0,,0.0,,,,0.0,,,0.0,,,0.0,0.0,,0.036728087812662125,0.0,,0.0,,,0.0,0.0,0.0,,,,0.0,0.061103783547878265,0.0,,,,,,0.0,0.0,,,,0.0,0.0,,0.0010098691564053297,,,0.0,0.00682015810161829,,,0.0090837636962533,0.0,,0.0,,,0.0,0.0,,0.0,0.0,0.0,0.0,,0.0,0.0,0.0,0.0,0.0,,,0.0,,0.0,0.0,0.0,0.0,,,,0.0,,,0.0,,0.0,,0.04690486937761307,0.0,0.0,0.0,0.0,0.0,,0.0,0.0,,0.0,0.0,,0.0,,,0.0,0.0,0.0,0.0,,0.0,0.0,0.0,0.0,0.0,0.0,0.0,0.0,,0.0,,0.01992693357169628,0.0,0.0,0.0,0.0,,0.0,,0.0,,0.0,,0.0,0.0,0.0,,0.0,,0.0,,0.0,0.0,0.0,0.0,0.0,,0.0,0.0,0.0,,0.0,,0.0,0.0,0.0,0.0,0.0,0.0,0.020718315616250038,0.0,0.011713939718902111,,0.0,0.0,0.0,,,0.0,0.0,,0.0,0.0,0.0,0.0,0.0005151725490577519,0.03065391257405281,0.0,0.0,0.009763581678271294,0.0,0.008226057514548302,,0.0,0.02155236154794693,0.0,0.0,0.0,0.0,0.0,0.014790005050599575,0.0,0.0,0.0,0.0,0.0,0.0,0.0,0.0,0.0,0.0,0.0,0.0,0.0,0.0,0.0,0.0,0.0,0.0,0.0,0.0029736424330621958,0.0,0.0,0.0,0.0,0.0,0.0,0.0,0.0,0.0,0.023071859031915665,0.0,0.0,0.0,0.0,0.0,0.0,0.0,0.014844946563243866,0.0,0.0,0.010997829958796501,0.0,0.0,0.0,0.0,0.0,0.0,0.0,0.0,0.0,0.0,0.0,0.0,0.0,0.0,0.019402706995606422,0.007355102337896824,0.0,0.015439597889780998,0.043199244886636734,0.0,0.0,0.0,0.0,0.0,0.0,0.0,0.0,0.0,0.0,0.0,0.0,0.0,0.0,0.0,0.0,0.002793380757793784,0.0,0.04343167319893837,0.0,0.0,0.033475976437330246,0.03846132010221481,0.0,0.0,0.0,0.0,0.0,0.0,0.0,0.0,0.0,0.0,0.0,0.0,0.0,0.0,0.0,0.0,0.0,0.0,0.0,0.0,0.0,0.0,0.0,0.0021611670963466167,0.0,0.0,0.0,0.0,0.0,0.050311293452978134,0.0,0.0,0.0,0.0,0.0,0.0004580280801746994,0.0,0.0,0.0,0.0,0.0,0.0
2022-03-17,745941.5854336193,83.032453011022,,,,,,,,,,,76494.84123570709,,1039061.7711000025,,,,,,,,,,,,,,,,,,,,,,,,,,,,,,,,,,,,,,,,,,,,,,,,,,,,,,,,,,,,,11477.632906680714,,,,,,,,,,,,,28149.410515760144,,,,,,,,,128573.48509921551,105448.95243430758,,,,,9397.288543743785,11803.143406028095,65023.64379630352,6327.465028251687,5658.122063550614,471.93625834218244,,,,,,,,,,,,,,,0.0,0.0,,0.0,0.0,0.0,0.0,0.0,,0.0,,0.0,0.0,0.0,,,,,,0.0,,,0.0,,0.0,,,0.0,0.01789705827832222,0.0,,0.0,0.0,,0.0,,,,0.0,0.0,0.0,,0.0,0.0,0.0,,0.0,,,,,0.0,,0.0,0.0,,0.0,0.0,0.0,0.0,,,0.0,0.0,,0.0,0.0,0.0,,0.0,,0.0,,,0.0,,,0.0,,,0.0,,,0.0,,0.0,0.0,,0.0,0.0,,,0.0,,0.0005599708529189229,0.0,,0.0,0.0,,,0.0,0.0,,,,,0.0,,0.0,,0.0,0.0,,0.0,0.0,,0.0,,0.0,,,0.0,0.0,0.0,0.0,0.0,,,,,0.0,0.0,,,0.0,,,,,0.0,0.0,0.0,,0.0,0.0,0.0,0.0,0.012101038359105587,0.0,0.0,,0.0,0.0,0.0,,,,0.0,0.0,,0.0,0.017891356721520424,0.0,0.0,0.0,0.0,,0.0,0.0,0.0,,,,,0.0,,0.0,0.0,0.0,,,0.0,,0.0,,0.0,0.0024038762785494328,0.0,0.0,,,,0.0,,0.0,0.0,0.0,,,,0.0,0.0,0.0,0.0,0.0,0.0,,0.0,,0.0,,0.0,0.0,,0.0,0.0,0.0,,,0.0,,,0.0,,0.0,,0.0,,0.0,,,0.0,,,,0.024879563599824905,0.0,,0.0,0.0,,,,,0.0,0.0,0.0,,0.0,0.0,0.0,0.0,,0.0,,0.027109283953905106,,,0.0,0.0,0.0,0.0,0.016961153596639633,0.0,,,0.0,,0.0,0.0,0.0,,0.047830305993556976,,,0.0,,0.0,0.0,,0.0,,,0.005867973435670137,,,0.013710405677556992,0.0,0.0,,,0.0,0.0,0.0,,0.0,0.005093374755233526,0.0,,0.0,,0.0,0.0,0.0,,,0.0,0.0,,,0.0,,,0.0,0.0,0.01738576963543892,,0.0,0.0,0.0,0.0,,0.0,0.0,,0.0,0.007405404932796955,0.0,0.0,0.0,0.0,0.0,0.0,0.0,0.0,0.0044178226962685585,0.0,0.0,,0.0,,,0.0,,,0.0,0.0,,0.0,,0.018222598358988762,0.0,,0.0,,0.0,0.0,0.005446802359074354,,0.003526755142956972,0.0,0.0,0.0,0.0,0.0,0.0,0.026967786252498627,0.0,0.0,0.014139175415039062,,,0.0,0.0,0.0,,,,0.0,,0.0,0.0,,,,0.0,,,2.254412538604811e-05,,,,,0.0,,0.0,0.0,0.0,0.004369131289422512,0.0,0.0,0.0,,,0.0,,,0.0,0.0,,,0.023983607068657875,,0.0,0.0,0.0726492628455162,,0.0,,,,,,0.0,,0.0,0.0,0.0,,,,,0.0012693535536527634,,,,,0.0,,,,,,0.0,,,0.0,,0.0,,,0.0,,0.0,,0.0,,,,0.0,,,0.0,,,0.0,0.0,,0.036728087812662125,0.0,,0.0,,,0.0,0.0,0.0,,,,0.0,0.061103783547878265,0.0,,,,,,0.0,0.0,,,,0.0,0.0,,0.0010098691564053297,,,0.0,0.00682015810161829,,,0.0090837636962533,0.0,,0.0,,,0.0,0.0,,0.0,0.0,0.0,0.0,,0.0,0.0,0.0,0.0,0.0,,,0.0,,0.0,0.0,0.0,0.0,,,,0.0,,,0.0,,0.0,,0.04690486937761307,0.0,0.0,0.0,0.0,0.0,,0.0,0.0,,0.0,0.0,,0.0,,,0.0,0.0,0.0,0.0,,0.0,0.0,0.0,0.0,0.0,0.0,0.0,0.0,,0.0,,0.01992693357169628,0.0,0.0,0.0,0.0,,0.0,,0.0,,0.0,,0.0,0.0,0.0,,0.0,,0.0,,0.0,0.0,0.0,0.0,0.0,,0.0,0.0,0.0,,0.0,,0.0,0.0,0.0,0.0,0.0,0.0,0.020718315616250038,0.0,0.011713939718902111,,0.0,0.0,0.0,,,0.0,0.0,,0.0,0.0,0.0,0.0,0.0005151725490577519,0.03065391257405281,0.0,0.0,0.009763581678271294,0.0,0.008226057514548302,,0.0,0.02155236154794693,0.0,0.0,0.0,0.0,0.0,0.014790005050599575,0.0,0.0,0.0,0.0,0.0,0.0,0.0,0.0,0.0,0.0,0.0,0.0,0.0,0.0,0.0,0.0,0.0,0.0,0.0,0.0029736424330621958,0.0,0.0,0.0,0.0,0.0,0.0,0.0,0.0,0.0,0.023071859031915665,0.0,0.0,0.0,0.0,0.0,0.0,0.0,0.014844946563243866,0.0,0.0,0.010997829958796501,0.0,0.0,0.0,0.0,0.0,0.0,0.0,0.0,0.0,0.0,0.0,0.0,0.0,0.0,0.019402706995606422,0.007355102337896824,0.0,0.015439597889780998,0.043199244886636734,0.0,0.0,0.0,0.0,0.0,0.0,0.0,0.0,0.0,0.0,0.0,0.0,0.0,0.0,0.0,0.0,0.002793380757793784,0.0,0.04343167319893837,0.0,0.0,0.033475976437330246,0.03846132010221481,0.0,0.0,0.0,0.0,0.0,0.0,0.0,0.0,0.0,0.0,0.0,0.0,0.0,0.0,0.0,0.0,0.0,0.0,0.0,0.0,0.0,0.0,0.0,0.0021611670963466167,0.0,0.0,0.0,0.0,0.0,0.050311293452978134,0.0,0.0,0.0,0.0,0.0,0.0004580280801746994,0.0,0.0,0.0,0.0,0.0,0.0
2022-03-18,758618.9217909462,501.6842470173442,,,,,,,,,,,76494.84123570709,,1039061.7711000025,,,,,,,,,,,,,,,,,,,,,,,,,,,,,,,,,,,,,,,,,,,,,,,,,,,,,,,,,,,,,11738.04379960607,,,,,,,,,,,,,28146.784243387243,,,,,,,,,128573.48509921551,101397.20646885483,,,,,9397.288543743785,11572.736509627039,65399.9582152843,6232.167710677023,5658.122063550614,1887.7743061755755,,,,,,,,,,,,,,,0.0,0.0,,0.0,0.0,0.0,0.0,0.0,,0.0,,0.0,0.0,0.0,,,,,,0.0,,,0.0,,0.0,,,0.0,0.01789705827832222,0.0,,0.0,0.0,,0.0,,,,0.0,0.0,0.0,,0.0,0.0,0.0,,0.0,,,,,0.0,,0.0,0.0,,0.0,0.0,0.0,0.0,,,0.0,0.0,,0.0,0.0,0.0,,0.0,,0.0,,,0.0,,,0.0,,,0.0,,,0.0,,0.0,0.0,,0.0,0.0,,,0.0,,0.0005599708529189229,0.0,,0.0,0.0,,,0.0,0.0,,,,,0.0,,0.0,,0.0,0.0,,0.0,0.0,,0.0,,0.0,,,0.0,0.0,0.0,0.0,0.0,,,,,0.0,0.0,,,0.0,,,,,0.0,0.0,0.0,,0.0,0.0,0.0,0.0,0.012101038359105587,0.0,0.0,,0.0,0.0,0.0,,,,0.0,0.0,,0.0,0.017891356721520424,0.0,0.0,0.0,0.0,,0.0,0.0,0.0,,,,,0.0,,0.0,0.0,0.0,,,0.0,,0.0,,0.0,0.0024038762785494328,0.0,0.0,,,,0.0,,0.0,0.0,0.0,,,,0.0,0.0,0.0,0.0,0.0,0.0,,0.0,,0.0,,0.0,0.0,,0.0,0.0,0.0,,,0.0,,,0.0,,0.0,,0.0,,0.0,,,0.0,,,,0.024879563599824905,0.0,,0.0,0.0,,,,,0.0,0.0,0.0,,0.0,0.0,0.0,0.0,,0.0,,0.027109283953905106,,,0.0,0.0,0.0,0.0,0.016961153596639633,0.0,,,0.0,,0.0,0.0,0.0,,0.047830305993556976,,,0.0,,0.0,0.0,,0.0,,,0.005867973435670137,,,0.013710405677556992,0.0,0.0,,,0.0,0.0,0.0,,0.0,0.005093374755233526,0.0,,0.0,,0.0,0.0,0.0,,,0.0,0.0,,,0.0,,,0.0,0.0,0.01738576963543892,,0.0,0.0,0.0,0.0,,0.0,0.0,,0.0,0.007405404932796955,0.0,0.0,0.0,0.0,0.0,0.0,0.0,0.0,0.0044178226962685585,0.0,0.0,,0.0,,,0.0,,,0.0,0.0,,0.0,,0.018222598358988762,0.0,,0.0,,0.0,0.0,0.005446802359074354,,0.003526755142956972,0.0,0.0,0.0,0.0,0.0,0.0,0.026967786252498627,0.0,0.0,0.014139175415039062,,,0.0,0.0,0.0,,,,0.0,,0.0,0.0,,,,0.0,,,2.254412538604811e-05,,,,,0.0,,0.0,0.0,0.0,0.004369131289422512,0.0,0.0,0.0,,,0.0,,,0.0,0.0,,,0.023983607068657875,,0.0,0.0,0.0726492628455162,,0.0,,,,,,0.0,,0.0,0.0,0.0,,,,,0.0012693535536527634,,,,,0.0,,,,,,0.0,,,0.0,,0.0,,,0.0,,0.0,,0.0,,,,0.0,,,0.0,,,0.0,0.0,,0.036728087812662125,0.0,,0.0,,,0.0,0.0,0.0,,,,0.0,0.061103783547878265,0.0,,,,,,0.0,0.0,,,,0.0,0.0,,0.0010098691564053297,,,0.0,0.00682015810161829,,,0.0090837636962533,0.0,,0.0,,,0.0,0.0,,0.0,0.0,0.0,0.0,,0.0,0.0,0.0,0.0,0.0,,,0.0,,0.0,0.0,0.0,0.0,,,,0.0,,,0.0,,0.0,,0.04690486937761307,0.0,0.0,0.0,0.0,0.0,,0.0,0.0,,0.0,0.0,,0.0,,,0.0,0.0,0.0,0.0,,0.0,0.0,0.0,0.0,0.0,0.0,0.0,0.0,,0.0,,0.01992693357169628,0.0,0.0,0.0,0.0,,0.0,,0.0,,0.0,,0.0,0.0,0.0,,0.0,,0.0,,0.0,0.0,0.0,0.0,0.0,,0.0,0.0,0.0,,0.0,,0.0,0.0,0.0,0.0,0.0,0.0,0.020718315616250038,0.0,0.011713939718902111,,0.0,0.0,0.0,,,0.0,0.0,,0.0,0.0,0.0,0.0,0.0005151725490577519,0.03065391257405281,0.0,0.0,0.009763581678271294,0.0,0.008226057514548302,,0.0,0.02155236154794693,0.0,0.0,0.0,0.0,0.0,0.014790005050599575,0.0,0.0,0.0,0.0,0.0,0.0,0.0,0.0,0.0,0.0,0.0,0.0,0.0,0.0,0.0,0.0,0.0,0.0,0.0,0.0029736424330621958,0.0,0.0,0.0,0.0,0.0,0.0,0.0,0.0,0.0,0.023071859031915665,0.0,0.0,0.0,0.0,0.0,0.0,0.0,0.014844946563243866,0.0,0.0,0.010997829958796501,0.0,0.0,0.0,0.0,0.0,0.0,0.0,0.0,0.0,0.0,0.0,0.0,0.0,0.0,0.019402706995606422,0.007355102337896824,0.0,0.015439597889780998,0.043199244886636734,0.0,0.0,0.0,0.0,0.0,0.0,0.0,0.0,0.0,0.0,0.0,0.0,0.0,0.0,0.0,0.0,0.002793380757793784,0.0,0.04343167319893837,0.0,0.0,0.033475976437330246,0.03846132010221481,0.0,0.0,0.0,0.0,0.0,0.0,0.0,0.0,0.0,0.0,0.0,0.0,0.0,0.0,0.0,0.0,0.0,0.0,0.0,0.0,0.0,0.0,0.0,0.0021611670963466167,0.0,0.0,0.0,0.0,0.0,0.050311293452978134,0.0,0.0,0.0,0.0,0.0,0.0004580280801746994,0.0,0.0,0.0,0.0,0.0,0.0
2022-03-21,763942.3521970604,875.4487234508047,,,,,,,,,,,76494.84123570709,,1039061.7711000025,,,,,,,,,,,,,,,,,,,,,,,,,,,,,,,,,,,,,,,,,,,,,,,,,,,,,,,,,,,,,11477.621307027486,,,,,,,,,,,,,28146.784243387243,,,,,,,,,128573.48509921551,101397.20646885483,,,,,9275.143280544718,10878.102189680325,66591.45946754434,5848.288069839546,7544.104844497706,3303.624700725813,,,,,,,,,,,,,,,0.0,0.0,,0.0,0.0,0.0,0.0,0.0,,0.0,,0.0,0.0,0.0,,,,,,0.0,,,0.0,,0.0,,,0.0,0.01789705827832222,0.0,,0.0,0.0,,0.0,,,,0.0,0.0,0.0,,0.0,0.0,0.0,,0.0,,,,,0.0,,0.0,0.0,,0.0,0.0,0.0,0.0,,,0.0,0.0,,0.0,0.0,0.0,,0.0,,0.0,,,0.0,,,0.0,,,0.0,,,0.0,,0.0,0.0,,0.0,0.0,,,0.0,,0.0005599708529189229,0.0,,0.0,0.0,,,0.0,0.0,,,,,0.0,,0.0,,0.0,0.0,,0.0,0.0,,0.0,,0.0,,,0.0,0.0,0.0,0.0,0.0,,,,,0.0,0.0,,,0.0,,,,,0.0,0.0,0.0,,0.0,0.0,0.0,0.0,0.012101038359105587,0.0,0.0,,0.0,0.0,0.0,,,,0.0,0.0,,0.0,0.017891356721520424,0.0,0.0,0.0,0.0,,0.0,0.0,0.0,,,,,0.0,,0.0,0.0,0.0,,,0.0,,0.0,,0.0,0.0024038762785494328,0.0,0.0,,,,0.0,,0.0,0.0,0.0,,,,0.0,0.0,0.0,0.0,0.0,0.0,,0.0,,0.0,,0.0,0.0,,0.0,0.0,0.0,,,0.0,,,0.0,,0.0,,0.0,,0.0,,,0.0,,,,0.024879563599824905,0.0,,0.0,0.0,,,,,0.0,0.0,0.0,,0.0,0.0,0.0,0.0,,0.0,,0.027109283953905106,,,0.0,0.0,0.0,0.0,0.016961153596639633,0.0,,,0.0,,0.0,0.0,0.0,,0.047830305993556976,,,0.0,,0.0,0.0,,0.0,,,0.005867973435670137,,,0.013710405677556992,0.0,0.0,,,0.0,0.0,0.0,,0.0,0.005093374755233526,0.0,,0.0,,0.0,0.0,0.0,,,0.0,0.0,,,0.0,,,0.0,0.0,0.01738576963543892,,0.0,0.0,0.0,0.0,,0.0,0.0,,0.0,0.007405404932796955,0.0,0.0,0.0,0.0,0.0,0.0,0.0,0.0,0.0044178226962685585,0.0,0.0,,0.0,,,0.0,,,0.0,0.0,,0.0,,0.018222598358988762,0.0,,0.0,,0.0,0.0,0.005446802359074354,,0.003526755142956972,0.0,0.0,0.0,0.0,0.0,0.0,0.026967786252498627,0.0,0.0,0.014139175415039062,,,0.0,0.0,0.0,,,,0.0,,0.0,0.0,,,,0.0,,,2.254412538604811e-05,,,,,0.0,,0.0,0.0,0.0,0.004369131289422512,0.0,0.0,0.0,,,0.0,,,0.0,0.0,,,0.023983607068657875,,0.0,0.0,0.0726492628455162,,0.0,,,,,,0.0,,0.0,0.0,0.0,,,,,0.0012693535536527634,,,,,0.0,,,,,,0.0,,,0.0,,0.0,,,0.0,,0.0,,0.0,,,,0.0,,,0.0,,,0.0,0.0,,0.036728087812662125,0.0,,0.0,,,0.0,0.0,0.0,,,,0.0,0.061103783547878265,0.0,,,,,,0.0,0.0,,,,0.0,0.0,,0.0010098691564053297,,,0.0,0.00682015810161829,,,0.0090837636962533,0.0,,0.0,,,0.0,0.0,,0.0,0.0,0.0,0.0,,0.0,0.0,0.0,0.0,0.0,,,0.0,,0.0,0.0,0.0,0.0,,,,0.0,,,0.0,,0.0,,0.04690486937761307,0.0,0.0,0.0,0.0,0.0,,0.0,0.0,,0.0,0.0,,0.0,,,0.0,0.0,0.0,0.0,,0.0,0.0,0.0,0.0,0.0,0.0,0.0,0.0,,0.0,,0.01992693357169628,0.0,0.0,0.0,0.0,,0.0,,0.0,,0.0,,0.0,0.0,0.0,,0.0,,0.0,,0.0,0.0,0.0,0.0,0.0,,0.0,0.0,0.0,,0.0,,0.0,0.0,0.0,0.0,0.0,0.0,0.020718315616250038,0.0,0.011713939718902111,,0.0,0.0,0.0,,,0.0,0.0,,0.0,0.0,0.0,0.0,0.0005151725490577519,0.03065391257405281,0.0,0.0,0.009763581678271294,0.0,0.008226057514548302,,0.0,0.02155236154794693,0.0,0.0,0.0,0.0,0.0,0.014790005050599575,0.0,0.0,0.0,0.0,0.0,0.0,0.0,0.0,0.0,0.0,0.0,0.0,0.0,0.0,0.0,0.0,0.0,0.0,0.0,0.0029736424330621958,0.0,0.0,0.0,0.0,0.0,0.0,0.0,0.0,0.0,0.023071859031915665,0.0,0.0,0.0,0.0,0.0,0.0,0.0,0.014844946563243866,0.0,0.0,0.010997829958796501,0.0,0.0,0.0,0.0,0.0,0.0,0.0,0.0,0.0,0.0,0.0,0.0,0.0,0.0,0.019402706995606422,0.007355102337896824,0.0,0.015439597889780998,0.043199244886636734,0.0,0.0,0.0,0.0,0.0,0.0,0.0,0.0,0.0,0.0,0.0,0.0,0.0,0.0,0.0,0.0,0.002793380757793784,0.0,0.04343167319893837,0.0,0.0,0.033475976437330246,0.03846132010221481,0.0,0.0,0.0,0.0,0.0,0.0,0.0,0.0,0.0,0.0,0.0,0.0,0.0,0.0,0.0,0.0,0.0,0.0,0.0,0.0,0.0,0.0,0.0,0.0021611670963466167,0.0,0.0,0.0,0.0,0.0,0.050311293452978134,0.0,0.0,0.0,0.0,0.0,0.0004580280801746994,0.0,0.0,0.0,0.0,0.0,0.0
2022-03-22,762615.2363851776,9.00339226736196,,,,,,,,,,,76494.84123570709,,1039061.7711000025,,,,,,,,,,,,,,,,,,,,,,,,,,,,,,,,,,,,,,,,,,,,,,,,,,,,,,,,,,,,,11477.621307027486,,,,,,,,,,,,,28146.784243387243,,,,,,,,,128573.48509921551,101397.20646885483,,,,,9275.143280544718,10646.727379416889,65778.20982698839,5560.89550966209,7544.104844497706,6607.354384012633,,,,,,,,,,,,,,,0.0,0.0,,0.0,0.0,0.0,0.0,0.0,,0.0,,0.0,0.0,0.0,,,,,,0.0,,,0.0,,0.0,,,0.0,0.01789705827832222,0.0,,0.0,0.0,,0.0,,,,0.0,0.0,0.0,,0.0,0.0,0.0,,0.0,,,,,0.0,,0.0,0.0,,0.0,0.0,0.0,0.0,,,0.0,0.0,,0.0,0.0,0.0,,0.0,,0.0,,,0.0,,,0.0,,,0.0,,,0.0,,0.0,0.0,,0.0,0.0,,,0.0,,0.0005599708529189229,0.0,,0.0,0.0,,,0.0,0.0,,,,,0.0,,0.0,,0.0,0.0,,0.0,0.0,,0.0,,0.0,,,0.0,0.0,0.0,0.0,0.0,,,,,0.0,0.0,,,0.0,,,,,0.0,0.0,0.0,,0.0,0.0,0.0,0.0,0.012101038359105587,0.0,0.0,,0.0,0.0,0.0,,,,0.0,0.0,,0.0,0.017891356721520424,0.0,0.0,0.0,0.0,,0.0,0.0,0.0,,,,,0.0,,0.0,0.0,0.0,,,0.0,,0.0,,0.0,0.0024038762785494328,0.0,0.0,,,,0.0,,0.0,0.0,0.0,,,,0.0,0.0,0.0,0.0,0.0,0.0,,0.0,,0.0,,0.0,0.0,,0.0,0.0,0.0,,,0.0,,,0.0,,0.0,,0.0,,0.0,,,0.0,,,,0.024879563599824905,0.0,,0.0,0.0,,,,,0.0,0.0,0.0,,0.0,0.0,0.0,0.0,,0.0,,0.027109283953905106,,,0.0,0.0,0.0,0.0,0.016961153596639633,0.0,,,0.0,,0.0,0.0,0.0,,0.047830305993556976,,,0.0,,0.0,0.0,,0.0,,,0.005867973435670137,,,0.013710405677556992,0.0,0.0,,,0.0,0.0,0.0,,0.0,0.005093374755233526,0.0,,0.0,,0.0,0.0,0.0,,,0.0,0.0,,,0.0,,,0.0,0.0,0.01738576963543892,,0.0,0.0,0.0,0.0,,0.0,0.0,,0.0,0.007405404932796955,0.0,0.0,0.0,0.0,0.0,0.0,0.0,0.0,0.0044178226962685585,0.0,0.0,,0.0,,,0.0,,,0.0,0.0,,0.0,,0.018222598358988762,0.0,,0.0,,0.0,0.0,0.005446802359074354,,0.003526755142956972,0.0,0.0,0.0,0.0,0.0,0.0,0.026967786252498627,0.0,0.0,0.014139175415039062,,,0.0,0.0,0.0,,,,0.0,,0.0,0.0,,,,0.0,,,2.254412538604811e-05,,,,,0.0,,0.0,0.0,0.0,0.004369131289422512,0.0,0.0,0.0,,,0.0,,,0.0,0.0,,,0.023983607068657875,,0.0,0.0,0.0726492628455162,,0.0,,,,,,0.0,,0.0,0.0,0.0,,,,,0.0012693535536527634,,,,,0.0,,,,,,0.0,,,0.0,,0.0,,,0.0,,0.0,,0.0,,,,0.0,,,0.0,,,0.0,0.0,,0.036728087812662125,0.0,,0.0,,,0.0,0.0,0.0,,,,0.0,0.061103783547878265,0.0,,,,,,0.0,0.0,,,,0.0,0.0,,0.0010098691564053297,,,0.0,0.00682015810161829,,,0.0090837636962533,0.0,,0.0,,,0.0,0.0,,0.0,0.0,0.0,0.0,,0.0,0.0,0.0,0.0,0.0,,,0.0,,0.0,0.0,0.0,0.0,,,,0.0,,,0.0,,0.0,,0.04690486937761307,0.0,0.0,0.0,0.0,0.0,,0.0,0.0,,0.0,0.0,,0.0,,,0.0,0.0,0.0,0.0,,0.0,0.0,0.0,0.0,0.0,0.0,0.0,0.0,,0.0,,0.01992693357169628,0.0,0.0,0.0,0.0,,0.0,,0.0,,0.0,,0.0,0.0,0.0,,0.0,,0.0,,0.0,0.0,0.0,0.0,0.0,,0.0,0.0,0.0,,0.0,,0.0,0.0,0.0,0.0,0.0,0.0,0.020718315616250038,0.0,0.011713939718902111,,0.0,0.0,0.0,,,0.0,0.0,,0.0,0.0,0.0,0.0,0.0005151725490577519,0.03065391257405281,0.0,0.0,0.009763581678271294,0.0,0.008226057514548302,,0.0,0.02155236154794693,0.0,0.0,0.0,0.0,0.0,0.014790005050599575,0.0,0.0,0.0,0.0,0.0,0.0,0.0,0.0,0.0,0.0,0.0,0.0,0.0,0.0,0.0,0.0,0.0,0.0,0.0,0.0029736424330621958,0.0,0.0,0.0,0.0,0.0,0.0,0.0,0.0,0.0,0.023071859031915665,0.0,0.0,0.0,0.0,0.0,0.0,0.0,0.014844946563243866,0.0,0.0,0.010997829958796501,0.0,0.0,0.0,0.0,0.0,0.0,0.0,0.0,0.0,0.0,0.0,0.0,0.0,0.0,0.019402706995606422,0.007355102337896824,0.0,0.015439597889780998,0.043199244886636734,0.0,0.0,0.0,0.0,0.0,0.0,0.0,0.0,0.0,0.0,0.0,0.0,0.0,0.0,0.0,0.0,0.002793380757793784,0.0,0.04343167319893837,0.0,0.0,0.033475976437330246,0.03846132010221481,0.0,0.0,0.0,0.0,0.0,0.0,0.0,0.0,0.0,0.0,0.0,0.0,0.0,0.0,0.0,0.0,0.0,0.0,0.0,0.0,0.0,0.0,0.0,0.0021611670963466167,0.0,0.0,0.0,0.0,0.0,0.050311293452978134,0.0,0.0,0.0,0.0,0.0,0.0004580280801746994,0.0,0.0,0.0,0.0,0.0,0.0
2022-03-23,770197.4500455465,823.7254619999326,,,,,,,,,,,76494.84123570709,,1039061.7711000025,,,,,,,,,,,,,,,,,,,,,,,,,,,,,,,,,,,,,,,,,,,,,,,,,,,,,,,,,,,,,11477.117190904657,,,,,,,,,,,,,28146.784243387243,,,,,,,,,128573.48509921551,101397.20646885483,,,,,9275.143280544718,10415.538296147122,65623.15787331731,5560.722636737878,7544.104844497706,7079.312149442207,,,,,,,,,,,,,,,0.0,0.0,,0.0,0.0,0.0,0.0,0.0,,0.0,,0.0,0.0,0.0,,,,,,0.0,,,0.0,,0.0,,,0.0,0.01789705827832222,0.0,,0.0,0.0,,0.0,,,,0.0,0.0,0.0,,0.0,0.0,0.0,,0.0,,,,,0.0,,0.0,0.0,,0.0,0.0,0.0,0.0,,,0.0,0.0,,0.0,0.0,0.0,,0.0,,0.0,,,0.0,,,0.0,,,0.0,,,0.0,,0.0,0.0,,0.0,0.0,,,0.0,,0.0005599708529189229,0.0,,0.0,0.0,,,0.0,0.0,,,,,0.0,,0.0,,0.0,0.0,,0.0,0.0,,0.0,,0.0,,,0.0,0.0,0.0,0.0,0.0,,,,,0.0,0.0,,,0.0,,,,,0.0,0.0,0.0,,0.0,0.0,0.0,0.0,0.012101038359105587,0.0,0.0,,0.0,0.0,0.0,,,,0.0,0.0,,0.0,0.017891356721520424,0.0,0.0,0.0,0.0,,0.0,0.0,0.0,,,,,0.0,,0.0,0.0,0.0,,,0.0,,0.0,,0.0,0.0024038762785494328,0.0,0.0,,,,0.0,,0.0,0.0,0.0,,,,0.0,0.0,0.0,0.0,0.0,0.0,,0.0,,0.0,,0.0,0.0,,0.0,0.0,0.0,,,0.0,,,0.0,,0.0,,0.0,,0.0,,,0.0,,,,0.024879563599824905,0.0,,0.0,0.0,,,,,0.0,0.0,0.0,,0.0,0.0,0.0,0.0,,0.0,,0.027109283953905106,,,0.0,0.0,0.0,0.0,0.016961153596639633,0.0,,,0.0,,0.0,0.0,0.0,,0.047830305993556976,,,0.0,,0.0,0.0,,0.0,,,0.005867973435670137,,,0.013710405677556992,0.0,0.0,,,0.0,0.0,0.0,,0.0,0.005093374755233526,0.0,,0.0,,0.0,0.0,0.0,,,0.0,0.0,,,0.0,,,0.0,0.0,0.01738576963543892,,0.0,0.0,0.0,0.0,,0.0,0.0,,0.0,0.007405404932796955,0.0,0.0,0.0,0.0,0.0,0.0,0.0,0.0,0.0044178226962685585,0.0,0.0,,0.0,,,0.0,,,0.0,0.0,,0.0,,0.018222598358988762,0.0,,0.0,,0.0,0.0,0.005446802359074354,,0.003526755142956972,0.0,0.0,0.0,0.0,0.0,0.0,0.026967786252498627,0.0,0.0,0.014139175415039062,,,0.0,0.0,0.0,,,,0.0,,0.0,0.0,,,,0.0,,,2.254412538604811e-05,,,,,0.0,,0.0,0.0,0.0,0.004369131289422512,0.0,0.0,0.0,,,0.0,,,0.0,0.0,,,0.023983607068657875,,0.0,0.0,0.0726492628455162,,0.0,,,,,,0.0,,0.0,0.0,0.0,,,,,0.0012693535536527634,,,,,0.0,,,,,,0.0,,,0.0,,0.0,,,0.0,,0.0,,0.0,,,,0.0,,,0.0,,,0.0,0.0,,0.036728087812662125,0.0,,0.0,,,0.0,0.0,0.0,,,,0.0,0.061103783547878265,0.0,,,,,,0.0,0.0,,,,0.0,0.0,,0.0010098691564053297,,,0.0,0.00682015810161829,,,0.0090837636962533,0.0,,0.0,,,0.0,0.0,,0.0,0.0,0.0,0.0,,0.0,0.0,0.0,0.0,0.0,,,0.0,,0.0,0.0,0.0,0.0,,,,0.0,,,0.0,,0.0,,0.04690486937761307,0.0,0.0,0.0,0.0,0.0,,0.0,0.0,,0.0,0.0,,0.0,,,0.0,0.0,0.0,0.0,,0.0,0.0,0.0,0.0,0.0,0.0,0.0,0.0,,0.0,,0.01992693357169628,0.0,0.0,0.0,0.0,,0.0,,0.0,,0.0,,0.0,0.0,0.0,,0.0,,0.0,,0.0,0.0,0.0,0.0,0.0,,0.0,0.0,0.0,,0.0,,0.0,0.0,0.0,0.0,0.0,0.0,0.020718315616250038,0.0,0.011713939718902111,,0.0,0.0,0.0,,,0.0,0.0,,0.0,0.0,0.0,0.0,0.0005151725490577519,0.03065391257405281,0.0,0.0,0.009763581678271294,0.0,0.008226057514548302,,0.0,0.02155236154794693,0.0,0.0,0.0,0.0,0.0,0.014790005050599575,0.0,0.0,0.0,0.0,0.0,0.0,0.0,0.0,0.0,0.0,0.0,0.0,0.0,0.0,0.0,0.0,0.0,0.0,0.0,0.0029736424330621958,0.0,0.0,0.0,0.0,0.0,0.0,0.0,0.0,0.0,0.023071859031915665,0.0,0.0,0.0,0.0,0.0,0.0,0.0,0.014844946563243866,0.0,0.0,0.010997829958796501,0.0,0.0,0.0,0.0,0.0,0.0,0.0,0.0,0.0,0.0,0.0,0.0,0.0,0.0,0.019402706995606422,0.007355102337896824,0.0,0.015439597889780998,0.043199244886636734,0.0,0.0,0.0,0.0,0.0,0.0,0.0,0.0,0.0,0.0,0.0,0.0,0.0,0.0,0.0,0.0,0.002793380757793784,0.0,0.04343167319893837,0.0,0.0,0.033475976437330246,0.03846132010221481,0.0,0.0,0.0,0.0,0.0,0.0,0.0,0.0,0.0,0.0,0.0,0.0,0.0,0.0,0.0,0.0,0.0,0.0,0.0,0.0,0.0,0.0,0.0,0.0021611670963466167,0.0,0.0,0.0,0.0,0.0,0.050311293452978134,0.0,0.0,0.0,0.0,0.0,0.0004580280801746994,0.0,0.0,0.0,0.0,0.0,0.0
2022-03-24,771077.6120720643,80.15613159468603,,,,,,,,,,,76494.84123570709,,1039061.7711000025,,,,,,,,,,,,,,,,,,,,,,,,,,,,,,,,,,,,,,,,,,,,,,,,,,,,,,,,,,,,,11477.117190904657,,,,,,,,,,,,,28146.784243387243,,,,,,,,,128573.48509921551,101397.20646885483,,,,,9275.143280544718,10415.24876585516,65623.15787331731,5465.064848051633,7544.104844497706,8023.218386783437,,,,,,,,,,,,,,,0.0,0.0,,0.0,0.0,0.0,0.0,0.0,,0.0,,0.0,0.0,0.0,,,,,,0.0,,,0.0,,0.0,,,0.0,0.01789705827832222,0.0,,0.0,0.0,,0.0,,,,0.0,0.0,0.0,,0.0,0.0,0.0,,0.0,,,,,0.0,,0.0,0.0,,0.0,0.0,0.0,0.0,,,0.0,0.0,,0.0,0.0,0.0,,0.0,,0.0,,,0.0,,,0.0,,,0.0,,,0.0,,0.0,0.0,,0.0,0.0,,,0.0,,0.0005599708529189229,0.0,,0.0,0.0,,,0.0,0.0,,,,,0.0,,0.0,,0.0,0.0,,0.0,0.0,,0.0,,0.0,,,0.0,0.0,0.0,0.0,0.0,,,,,0.0,0.0,,,0.0,,,,,0.0,0.0,0.0,,0.0,0.0,0.0,0.0,0.012101038359105587,0.0,0.0,,0.0,0.0,0.0,,,,0.0,0.0,,0.0,0.017891356721520424,0.0,0.0,0.0,0.0,,0.0,0.0,0.0,,,,,0.0,,0.0,0.0,0.0,,,0.0,,0.0,,0.0,0.0024038762785494328,0.0,0.0,,,,0.0,,0.0,0.0,0.0,,,,0.0,0.0,0.0,0.0,0.0,0.0,,0.0,,0.0,,0.0,0.0,,0.0,0.0,0.0,,,0.0,,,0.0,,0.0,,0.0,,0.0,,,0.0,,,,0.024879563599824905,0.0,,0.0,0.0,,,,,0.0,0.0,0.0,,0.0,0.0,0.0,0.0,,0.0,,0.027109283953905106,,,0.0,0.0,0.0,0.0,0.016961153596639633,0.0,,,0.0,,0.0,0.0,0.0,,0.047830305993556976,,,0.0,,0.0,0.0,,0.0,,,0.005867973435670137,,,0.013710405677556992,0.0,0.0,,,0.0,0.0,0.0,,0.0,0.005093374755233526,0.0,,0.0,,0.0,0.0,0.0,,,0.0,0.0,,,0.0,,,0.0,0.0,0.01738576963543892,,0.0,0.0,0.0,0.0,,0.0,0.0,,0.0,0.007405404932796955,0.0,0.0,0.0,0.0,0.0,0.0,0.0,0.0,0.0044178226962685585,0.0,0.0,,0.0,,,0.0,,,0.0,0.0,,0.0,,0.018222598358988762,0.0,,0.0,,0.0,0.0,0.005446802359074354,,0.003526755142956972,0.0,0.0,0.0,0.0,0.0,0.0,0.026967786252498627,0.0,0.0,0.014139175415039062,,,0.0,0.0,0.0,,,,0.0,,0.0,0.0,,,,0.0,,,2.254412538604811e-05,,,,,0.0,,0.0,0.0,0.0,0.004369131289422512,0.0,0.0,0.0,,,0.0,,,0.0,0.0,,,0.023983607068657875,,0.0,0.0,0.0726492628455162,,0.0,,,,,,0.0,,0.0,0.0,0.0,,,,,0.0012693535536527634,,,,,0.0,,,,,,0.0,,,0.0,,0.0,,,0.0,,0.0,,0.0,,,,0.0,,,0.0,,,0.0,0.0,,0.036728087812662125,0.0,,0.0,,,0.0,0.0,0.0,,,,0.0,0.061103783547878265,0.0,,,,,,0.0,0.0,,,,0.0,0.0,,0.0010098691564053297,,,0.0,0.00682015810161829,,,0.0090837636962533,0.0,,0.0,,,0.0,0.0,,0.0,0.0,0.0,0.0,,0.0,0.0,0.0,0.0,0.0,,,0.0,,0.0,0.0,0.0,0.0,,,,0.0,,,0.0,,0.0,,0.04690486937761307,0.0,0.0,0.0,0.0,0.0,,0.0,0.0,,0.0,0.0,,0.0,,,0.0,0.0,0.0,0.0,,0.0,0.0,0.0,0.0,0.0,0.0,0.0,0.0,,0.0,,0.01992693357169628,0.0,0.0,0.0,0.0,,0.0,,0.0,,0.0,,0.0,0.0,0.0,,0.0,,0.0,,0.0,0.0,0.0,0.0,0.0,,0.0,0.0,0.0,,0.0,,0.0,0.0,0.0,0.0,0.0,0.0,0.020718315616250038,0.0,0.011713939718902111,,0.0,0.0,0.0,,,0.0,0.0,,0.0,0.0,0.0,0.0,0.0005151725490577519,0.03065391257405281,0.0,0.0,0.009763581678271294,0.0,0.008226057514548302,,0.0,0.02155236154794693,0.0,0.0,0.0,0.0,0.0,0.014790005050599575,0.0,0.0,0.0,0.0,0.0,0.0,0.0,0.0,0.0,0.0,0.0,0.0,0.0,0.0,0.0,0.0,0.0,0.0,0.0,0.0029736424330621958,0.0,0.0,0.0,0.0,0.0,0.0,0.0,0.0,0.0,0.023071859031915665,0.0,0.0,0.0,0.0,0.0,0.0,0.0,0.014844946563243866,0.0,0.0,0.010997829958796501,0.0,0.0,0.0,0.0,0.0,0.0,0.0,0.0,0.0,0.0,0.0,0.0,0.0,0.0,0.019402706995606422,0.007355102337896824,0.0,0.015439597889780998,0.043199244886636734,0.0,0.0,0.0,0.0,0.0,0.0,0.0,0.0,0.0,0.0,0.0,0.0,0.0,0.0,0.0,0.0,0.002793380757793784,0.0,0.04343167319893837,0.0,0.0,0.033475976437330246,0.03846132010221481,0.0,0.0,0.0,0.0,0.0,0.0,0.0,0.0,0.0,0.0,0.0,0.0,0.0,0.0,0.0,0.0,0.0,0.0,0.0,0.0,0.0,0.0,0.0,0.0021611670963466167,0.0,0.0,0.0,0.0,0.0,0.050311293452978134,0.0,0.0,0.0,0.0,0.0,0.0004580280801746994,0.0,0.0,0.0,0.0,0.0,0.0
2022-03-25,761519.8899655928,869.3643224907386,,,,,,,,,,,76494.84123570709,,1039061.7711000025,,,,,,,,,,,,,,,,,,,,,,,,,,,,,,,,,,,,,,,,,,,,,,,,,,,,,,,,,,,,,11477.117190904657,,,,,,,,,,,,,26269.986725072744,,,,,,,,,128573.48509921551,101397.20646885483,,,,,9885.361216872932,10415.24876585516,65623.15787331731,5464.8949527824125,7544.104844497706,8023.218386783437,,,,,,,,,,,,,,,0.0,0.0,,0.0,0.0,0.0,0.0,0.0,,0.0,,0.0,0.0,0.0,,,,,,0.0,,,0.0,,0.0,,,0.0,0.01789705827832222,0.0,,0.0,0.0,,0.0,,,,0.0,0.0,0.0,,0.0,0.0,0.0,,0.0,,,,,0.0,,0.0,0.0,,0.0,0.0,0.0,0.0,,,0.0,0.0,,0.0,0.0,0.0,,0.0,,0.0,,,0.0,,,0.0,,,0.0,,,0.0,,0.0,0.0,,0.0,0.0,,,0.0,,0.0005599708529189229,0.0,,0.0,0.0,,,0.0,0.0,,,,,0.0,,0.0,,0.0,0.0,,0.0,0.0,,0.0,,0.0,,,0.0,0.0,0.0,0.0,0.0,,,,,0.0,0.0,,,0.0,,,,,0.0,0.0,0.0,,0.0,0.0,0.0,0.0,0.012101038359105587,0.0,0.0,,0.0,0.0,0.0,,,,0.0,0.0,,0.0,0.017891356721520424,0.0,0.0,0.0,0.0,,0.0,0.0,0.0,,,,,0.0,,0.0,0.0,0.0,,,0.0,,0.0,,0.0,0.0024038762785494328,0.0,0.0,,,,0.0,,0.0,0.0,0.0,,,,0.0,0.0,0.0,0.0,0.0,0.0,,0.0,,0.0,,0.0,0.0,,0.0,0.0,0.0,,,0.0,,,0.0,,0.0,,0.0,,0.0,,,0.0,,,,0.024879563599824905,0.0,,0.0,0.0,,,,,0.0,0.0,0.0,,0.0,0.0,0.0,0.0,,0.0,,0.027109283953905106,,,0.0,0.0,0.0,0.0,0.016961153596639633,0.0,,,0.0,,0.0,0.0,0.0,,0.047830305993556976,,,0.0,,0.0,0.0,,0.0,,,0.005867973435670137,,,0.013710405677556992,0.0,0.0,,,0.0,0.0,0.0,,0.0,0.005093374755233526,0.0,,0.0,,0.0,0.0,0.0,,,0.0,0.0,,,0.0,,,0.0,0.0,0.01738576963543892,,0.0,0.0,0.0,0.0,,0.0,0.0,,0.0,0.007405404932796955,0.0,0.0,0.0,0.0,0.0,0.0,0.0,0.0,0.0044178226962685585,0.0,0.0,,0.0,,,0.0,,,0.0,0.0,,0.0,,0.018222598358988762,0.0,,0.0,,0.0,0.0,0.005446802359074354,,0.003526755142956972,0.0,0.0,0.0,0.0,0.0,0.0,0.026967786252498627,0.0,0.0,0.014139175415039062,,,0.0,0.0,0.0,,,,0.0,,0.0,0.0,,,,0.0,,,2.254412538604811e-05,,,,,0.0,,0.0,0.0,0.0,0.004369131289422512,0.0,0.0,0.0,,,0.0,,,0.0,0.0,,,0.023983607068657875,,0.0,0.0,0.0726492628455162,,0.0,,,,,,0.0,,0.0,0.0,0.0,,,,,0.0012693535536527634,,,,,0.0,,,,,,0.0,,,0.0,,0.0,,,0.0,,0.0,,0.0,,,,0.0,,,0.0,,,0.0,0.0,,0.036728087812662125,0.0,,0.0,,,0.0,0.0,0.0,,,,0.0,0.061103783547878265,0.0,,,,,,0.0,0.0,,,,0.0,0.0,,0.0010098691564053297,,,0.0,0.00682015810161829,,,0.0090837636962533,0.0,,0.0,,,0.0,0.0,,0.0,0.0,0.0,0.0,,0.0,0.0,0.0,0.0,0.0,,,0.0,,0.0,0.0,0.0,0.0,,,,0.0,,,0.0,,0.0,,0.04690486937761307,0.0,0.0,0.0,0.0,0.0,,0.0,0.0,,0.0,0.0,,0.0,,,0.0,0.0,0.0,0.0,,0.0,0.0,0.0,0.0,0.0,0.0,0.0,0.0,,0.0,,0.01992693357169628,0.0,0.0,0.0,0.0,,0.0,,0.0,,0.0,,0.0,0.0,0.0,,0.0,,0.0,,0.0,0.0,0.0,0.0,0.0,,0.0,0.0,0.0,,0.0,,0.0,0.0,0.0,0.0,0.0,0.0,0.020718315616250038,0.0,0.011713939718902111,,0.0,0.0,0.0,,,0.0,0.0,,0.0,0.0,0.0,0.0,0.0005151725490577519,0.03065391257405281,0.0,0.0,0.009763581678271294,0.0,0.008226057514548302,,0.0,0.02155236154794693,0.0,0.0,0.0,0.0,0.0,0.014790005050599575,0.0,0.0,0.0,0.0,0.0,0.0,0.0,0.0,0.0,0.0,0.0,0.0,0.0,0.0,0.0,0.0,0.0,0.0,0.0,0.0029736424330621958,0.0,0.0,0.0,0.0,0.0,0.0,0.0,0.0,0.0,0.023071859031915665,0.0,0.0,0.0,0.0,0.0,0.0,0.0,0.014844946563243866,0.0,0.0,0.010997829958796501,0.0,0.0,0.0,0.0,0.0,0.0,0.0,0.0,0.0,0.0,0.0,0.0,0.0,0.0,0.019402706995606422,0.007355102337896824,0.0,0.015439597889780998,0.043199244886636734,0.0,0.0,0.0,0.0,0.0,0.0,0.0,0.0,0.0,0.0,0.0,0.0,0.0,0.0,0.0,0.0,0.002793380757793784,0.0,0.04343167319893837,0.0,0.0,0.033475976437330246,0.03846132010221481,0.0,0.0,0.0,0.0,0.0,0.0,0.0,0.0,0.0,0.0,0.0,0.0,0.0,0.0,0.0,0.0,0.0,0.0,0.0,0.0,0.0,0.0,0.0,0.0021611670963466167,0.0,0.0,0.0,0.0,0.0,0.050311293452978134,0.0,0.0,0.0,0.0,0.0,0.0004580280801746994,0.0,0.0,0.0,0.0,0.0,0.0
2022-03-28,750086.341046367,201.7861986759424,,,,,,,,,,,76494.84123570709,,1039061.7711000025,,,,,,,,,,,,,,,,,,,,,,,,,,,,,,,,,,,,,,,,,,,,,,,,,,,,,,,,,,,,,11477.117190904657,,,,,,,,,,,,,26269.986725072744,,,,,,,,,128573.48509921551,101397.20646885483,,,,,9885.567243239799,10415.24876585516,65623.15787331731,5369.051512085,7544.104844497706,8967.116193734573,,,,,,,,,,,,,,,0.0,0.0,,0.0,0.0,0.0,0.0,0.0,,0.0,,0.0,0.0,0.0,,,,,,0.0,,,0.0,,0.0,,,0.0,0.01789705827832222,0.0,,0.0,0.0,,0.0,,,,0.0,0.0,0.0,,0.0,0.0,0.0,,0.0,,,,,0.0,,0.0,0.0,,0.0,0.0,0.0,0.0,,,0.0,0.0,,0.0,0.0,0.0,,0.0,,0.0,,,0.0,,,0.0,,,0.0,,,0.0,,0.0,0.0,,0.0,0.0,,,0.0,,0.0005599708529189229,0.0,,0.0,0.0,,,0.0,0.0,,,,,0.0,,0.0,,0.0,0.0,,0.0,0.0,,0.0,,0.0,,,0.0,0.0,0.0,0.0,0.0,,,,,0.0,0.0,,,0.0,,,,,0.0,0.0,0.0,,0.0,0.0,0.0,0.0,0.012101038359105587,0.0,0.0,,0.0,0.0,0.0,,,,0.0,0.0,,0.0,0.017891356721520424,0.0,0.0,0.0,0.0,,0.0,0.0,0.0,,,,,0.0,,0.0,0.0,0.0,,,0.0,,0.0,,0.0,0.0024038762785494328,0.0,0.0,,,,0.0,,0.0,0.0,0.0,,,,0.0,0.0,0.0,0.0,0.0,0.0,,0.0,,0.0,,0.0,0.0,,0.0,0.0,0.0,,,0.0,,,0.0,,0.0,,0.0,,0.0,,,0.0,,,,0.024879563599824905,0.0,,0.0,0.0,,,,,0.0,0.0,0.0,,0.0,0.0,0.0,0.0,,0.0,,0.027109283953905106,,,0.0,0.0,0.0,0.0,0.016961153596639633,0.0,,,0.0,,0.0,0.0,0.0,,0.047830305993556976,,,0.0,,0.0,0.0,,0.0,,,0.005867973435670137,,,0.013710405677556992,0.0,0.0,,,0.0,0.0,0.0,,0.0,0.005093374755233526,0.0,,0.0,,0.0,0.0,0.0,,,0.0,0.0,,,0.0,,,0.0,0.0,0.01738576963543892,,0.0,0.0,0.0,0.0,,0.0,0.0,,0.0,0.007405404932796955,0.0,0.0,0.0,0.0,0.0,0.0,0.0,0.0,0.0044178226962685585,0.0,0.0,,0.0,,,0.0,,,0.0,0.0,,0.0,,0.018222598358988762,0.0,,0.0,,0.0,0.0,0.005446802359074354,,0.003526755142956972,0.0,0.0,0.0,0.0,0.0,0.0,0.026967786252498627,0.0,0.0,0.014139175415039062,,,0.0,0.0,0.0,,,,0.0,,0.0,0.0,,,,0.0,,,2.254412538604811e-05,,,,,0.0,,0.0,0.0,0.0,0.004369131289422512,0.0,0.0,0.0,,,0.0,,,0.0,0.0,,,0.023983607068657875,,0.0,0.0,0.0726492628455162,,0.0,,,,,,0.0,,0.0,0.0,0.0,,,,,0.0012693535536527634,,,,,0.0,,,,,,0.0,,,0.0,,0.0,,,0.0,,0.0,,0.0,,,,0.0,,,0.0,,,0.0,0.0,,0.036728087812662125,0.0,,0.0,,,0.0,0.0,0.0,,,,0.0,0.061103783547878265,0.0,,,,,,0.0,0.0,,,,0.0,0.0,,0.0010098691564053297,,,0.0,0.00682015810161829,,,0.0090837636962533,0.0,,0.0,,,0.0,0.0,,0.0,0.0,0.0,0.0,,0.0,0.0,0.0,0.0,0.0,,,0.0,,0.0,0.0,0.0,0.0,,,,0.0,,,0.0,,0.0,,0.04690486937761307,0.0,0.0,0.0,0.0,0.0,,0.0,0.0,,0.0,0.0,,0.0,,,0.0,0.0,0.0,0.0,,0.0,0.0,0.0,0.0,0.0,0.0,0.0,0.0,,0.0,,0.01992693357169628,0.0,0.0,0.0,0.0,,0.0,,0.0,,0.0,,0.0,0.0,0.0,,0.0,,0.0,,0.0,0.0,0.0,0.0,0.0,,0.0,0.0,0.0,,0.0,,0.0,0.0,0.0,0.0,0.0,0.0,0.020718315616250038,0.0,0.011713939718902111,,0.0,0.0,0.0,,,0.0,0.0,,0.0,0.0,0.0,0.0,0.0005151725490577519,0.03065391257405281,0.0,0.0,0.009763581678271294,0.0,0.008226057514548302,,0.0,0.02155236154794693,0.0,0.0,0.0,0.0,0.0,0.014790005050599575,0.0,0.0,0.0,0.0,0.0,0.0,0.0,0.0,0.0,0.0,0.0,0.0,0.0,0.0,0.0,0.0,0.0,0.0,0.0,0.0029736424330621958,0.0,0.0,0.0,0.0,0.0,0.0,0.0,0.0,0.0,0.023071859031915665,0.0,0.0,0.0,0.0,0.0,0.0,0.0,0.014844946563243866,0.0,0.0,0.010997829958796501,0.0,0.0,0.0,0.0,0.0,0.0,0.0,0.0,0.0,0.0,0.0,0.0,0.0,0.0,0.019402706995606422,0.007355102337896824,0.0,0.015439597889780998,0.043199244886636734,0.0,0.0,0.0,0.0,0.0,0.0,0.0,0.0,0.0,0.0,0.0,0.0,0.0,0.0,0.0,0.0,0.002793380757793784,0.0,0.04343167319893837,0.0,0.0,0.033475976437330246,0.03846132010221481,0.0,0.0,0.0,0.0,0.0,0.0,0.0,0.0,0.0,0.0,0.0,0.0,0.0,0.0,0.0,0.0,0.0,0.0,0.0,0.0,0.0,0.0,0.0,0.0021611670963466167,0.0,0.0,0.0,0.0,0.0,0.050311293452978134,0.0,0.0,0.0,0.0,0.0,0.0004580280801746994,0.0,0.0,0.0,0.0,0.0,0.0
2022-03-29,750918.8612126207,115.77907549496138,,,,,,,,,,,76494.84123570709,,1039061.7711000025,,,,,,,,,,,,,,,,,,,,,,,,,,,,,,,,,,,,,,,,,,,,,,,,,,,,,,,,,,,,,11477.117190904657,,,,,,,,,,,,,26269.986725072744,,,,,,,,,128573.48509921551,101397.20646885483,,,,,9763.496924504603,10415.24876585516,65623.15787331731,5369.071148797461,7544.104844497706,9439.065993347667,,,,,,,,,,,,,,,0.0,0.0,,0.0,0.0,0.0,0.0,0.0,,0.0,,0.0,0.0,0.0,,,,,,0.0,,,0.0,,0.0,,,0.0,0.01789705827832222,0.0,,0.0,0.0,,0.0,,,,0.0,0.0,0.0,,0.0,0.0,0.0,,0.0,,,,,0.0,,0.0,0.0,,0.0,0.0,0.0,0.0,,,0.0,0.0,,0.0,0.0,0.0,,0.0,,0.0,,,0.0,,,0.0,,,0.0,,,0.0,,0.0,0.0,,0.0,0.0,,,0.0,,0.0005599708529189229,0.0,,0.0,0.0,,,0.0,0.0,,,,,0.0,,0.0,,0.0,0.0,,0.0,0.0,,0.0,,0.0,,,0.0,0.0,0.0,0.0,0.0,,,,,0.0,0.0,,,0.0,,,,,0.0,0.0,0.0,,0.0,0.0,0.0,0.0,0.012101038359105587,0.0,0.0,,0.0,0.0,0.0,,,,0.0,0.0,,0.0,0.017891356721520424,0.0,0.0,0.0,0.0,,0.0,0.0,0.0,,,,,0.0,,0.0,0.0,0.0,,,0.0,,0.0,,0.0,0.0024038762785494328,0.0,0.0,,,,0.0,,0.0,0.0,0.0,,,,0.0,0.0,0.0,0.0,0.0,0.0,,0.0,,0.0,,0.0,0.0,,0.0,0.0,0.0,,,0.0,,,0.0,,0.0,,0.0,,0.0,,,0.0,,,,0.024879563599824905,0.0,,0.0,0.0,,,,,0.0,0.0,0.0,,0.0,0.0,0.0,0.0,,0.0,,0.027109283953905106,,,0.0,0.0,0.0,0.0,0.016961153596639633,0.0,,,0.0,,0.0,0.0,0.0,,0.047830305993556976,,,0.0,,0.0,0.0,,0.0,,,0.005867973435670137,,,0.013710405677556992,0.0,0.0,,,0.0,0.0,0.0,,0.0,0.005093374755233526,0.0,,0.0,,0.0,0.0,0.0,,,0.0,0.0,,,0.0,,,0.0,0.0,0.01738576963543892,,0.0,0.0,0.0,0.0,,0.0,0.0,,0.0,0.007405404932796955,0.0,0.0,0.0,0.0,0.0,0.0,0.0,0.0,0.0044178226962685585,0.0,0.0,,0.0,,,0.0,,,0.0,0.0,,0.0,,0.018222598358988762,0.0,,0.0,,0.0,0.0,0.005446802359074354,,0.003526755142956972,0.0,0.0,0.0,0.0,0.0,0.0,0.026967786252498627,0.0,0.0,0.014139175415039062,,,0.0,0.0,0.0,,,,0.0,,0.0,0.0,,,,0.0,,,2.254412538604811e-05,,,,,0.0,,0.0,0.0,0.0,0.004369131289422512,0.0,0.0,0.0,,,0.0,,,0.0,0.0,,,0.023983607068657875,,0.0,0.0,0.0726492628455162,,0.0,,,,,,0.0,,0.0,0.0,0.0,,,,,0.0012693535536527634,,,,,0.0,,,,,,0.0,,,0.0,,0.0,,,0.0,,0.0,,0.0,,,,0.0,,,0.0,,,0.0,0.0,,0.036728087812662125,0.0,,0.0,,,0.0,0.0,0.0,,,,0.0,0.061103783547878265,0.0,,,,,,0.0,0.0,,,,0.0,0.0,,0.0010098691564053297,,,0.0,0.00682015810161829,,,0.0090837636962533,0.0,,0.0,,,0.0,0.0,,0.0,0.0,0.0,0.0,,0.0,0.0,0.0,0.0,0.0,,,0.0,,0.0,0.0,0.0,0.0,,,,0.0,,,0.0,,0.0,,0.04690486937761307,0.0,0.0,0.0,0.0,0.0,,0.0,0.0,,0.0,0.0,,0.0,,,0.0,0.0,0.0,0.0,,0.0,0.0,0.0,0.0,0.0,0.0,0.0,0.0,,0.0,,0.01992693357169628,0.0,0.0,0.0,0.0,,0.0,,0.0,,0.0,,0.0,0.0,0.0,,0.0,,0.0,,0.0,0.0,0.0,0.0,0.0,,0.0,0.0,0.0,,0.0,,0.0,0.0,0.0,0.0,0.0,0.0,0.020718315616250038,0.0,0.011713939718902111,,0.0,0.0,0.0,,,0.0,0.0,,0.0,0.0,0.0,0.0,0.0005151725490577519,0.03065391257405281,0.0,0.0,0.009763581678271294,0.0,0.008226057514548302,,0.0,0.02155236154794693,0.0,0.0,0.0,0.0,0.0,0.014790005050599575,0.0,0.0,0.0,0.0,0.0,0.0,0.0,0.0,0.0,0.0,0.0,0.0,0.0,0.0,0.0,0.0,0.0,0.0,0.0,0.0029736424330621958,0.0,0.0,0.0,0.0,0.0,0.0,0.0,0.0,0.0,0.023071859031915665,0.0,0.0,0.0,0.0,0.0,0.0,0.0,0.014844946563243866,0.0,0.0,0.010997829958796501,0.0,0.0,0.0,0.0,0.0,0.0,0.0,0.0,0.0,0.0,0.0,0.0,0.0,0.0,0.019402706995606422,0.007355102337896824,0.0,0.015439597889780998,0.043199244886636734,0.0,0.0,0.0,0.0,0.0,0.0,0.0,0.0,0.0,0.0,0.0,0.0,0.0,0.0,0.0,0.0,0.002793380757793784,0.0,0.04343167319893837,0.0,0.0,0.033475976437330246,0.03846132010221481,0.0,0.0,0.0,0.0,0.0,0.0,0.0,0.0,0.0,0.0,0.0,0.0,0.0,0.0,0.0,0.0,0.0,0.0,0.0,0.0,0.0,0.0,0.0,0.0021611670963466167,0.0,0.0,0.0,0.0,0.0,0.050311293452978134,0.0,0.0,0.0,0.0,0.0,0.0004580280801746994,0.0,0.0,0.0,0.0,0.0,0.0
2022-03-30,763291.8447249664,401.01142684437946,,,,,,,,,,,76494.84123570709,,1039061.7711000025,,,,,,,,,,,,,,,,,,,,,,,,,,,,,,,,,,,,,,,,,,,,,,,,,,,,,,,,,,,,,11477.386642154957,,,,,,,,,,,,,26269.986725072744,,,,,,,,,128573.48509921551,101397.20646885483,,,,,9763.496924504603,10414.737996077996,65623.15787331731,5081.434206411759,7544.104844497706,11326.803990793931,,,,,,,,,,,,,,,0.0,0.0,,0.0,0.0,0.0,0.0,0.0,,0.0,,0.0,0.0,0.0,,,,,,0.0,,,0.0,,0.0,,,0.0,0.01789705827832222,0.0,,0.0,0.0,,0.0,,,,0.0,0.0,0.0,,0.0,0.0,0.0,,0.0,,,,,0.0,,0.0,0.0,,0.0,0.0,0.0,0.0,,,0.0,0.0,,0.0,0.0,0.0,,0.0,,0.0,,,0.0,,,0.0,,,0.0,,,0.0,,0.0,0.0,,0.0,0.0,,,0.0,,0.0005599708529189229,0.0,,0.0,0.0,,,0.0,0.0,,,,,0.0,,0.0,,0.0,0.0,,0.0,0.0,,0.0,,0.0,,,0.0,0.0,0.0,0.0,0.0,,,,,0.0,0.0,,,0.0,,,,,0.0,0.0,0.0,,0.0,0.0,0.0,0.0,0.012101038359105587,0.0,0.0,,0.0,0.0,0.0,,,,0.0,0.0,,0.0,0.017891356721520424,0.0,0.0,0.0,0.0,,0.0,0.0,0.0,,,,,0.0,,0.0,0.0,0.0,,,0.0,,0.0,,0.0,0.0024038762785494328,0.0,0.0,,,,0.0,,0.0,0.0,0.0,,,,0.0,0.0,0.0,0.0,0.0,0.0,,0.0,,0.0,,0.0,0.0,,0.0,0.0,0.0,,,0.0,,,0.0,,0.0,,0.0,,0.0,,,0.0,,,,0.024879563599824905,0.0,,0.0,0.0,,,,,0.0,0.0,0.0,,0.0,0.0,0.0,0.0,,0.0,,0.027109283953905106,,,0.0,0.0,0.0,0.0,0.016961153596639633,0.0,,,0.0,,0.0,0.0,0.0,,0.047830305993556976,,,0.0,,0.0,0.0,,0.0,,,0.005867973435670137,,,0.013710405677556992,0.0,0.0,,,0.0,0.0,0.0,,0.0,0.005093374755233526,0.0,,0.0,,0.0,0.0,0.0,,,0.0,0.0,,,0.0,,,0.0,0.0,0.01738576963543892,,0.0,0.0,0.0,0.0,,0.0,0.0,,0.0,0.007405404932796955,0.0,0.0,0.0,0.0,0.0,0.0,0.0,0.0,0.0044178226962685585,0.0,0.0,,0.0,,,0.0,,,0.0,0.0,,0.0,,0.018222598358988762,0.0,,0.0,,0.0,0.0,0.005446802359074354,,0.003526755142956972,0.0,0.0,0.0,0.0,0.0,0.0,0.026967786252498627,0.0,0.0,0.014139175415039062,,,0.0,0.0,0.0,,,,0.0,,0.0,0.0,,,,0.0,,,2.254412538604811e-05,,,,,0.0,,0.0,0.0,0.0,0.004369131289422512,0.0,0.0,0.0,,,0.0,,,0.0,0.0,,,0.023983607068657875,,0.0,0.0,0.0726492628455162,,0.0,,,,,,0.0,,0.0,0.0,0.0,,,,,0.0012693535536527634,,,,,0.0,,,,,,0.0,,,0.0,,0.0,,,0.0,,0.0,,0.0,,,,0.0,,,0.0,,,0.0,0.0,,0.036728087812662125,0.0,,0.0,,,0.0,0.0,0.0,,,,0.0,0.061103783547878265,0.0,,,,,,0.0,0.0,,,,0.0,0.0,,0.0010098691564053297,,,0.0,0.00682015810161829,,,0.0090837636962533,0.0,,0.0,,,0.0,0.0,,0.0,0.0,0.0,0.0,,0.0,0.0,0.0,0.0,0.0,,,0.0,,0.0,0.0,0.0,0.0,,,,0.0,,,0.0,,0.0,,0.04690486937761307,0.0,0.0,0.0,0.0,0.0,,0.0,0.0,,0.0,0.0,,0.0,,,0.0,0.0,0.0,0.0,,0.0,0.0,0.0,0.0,0.0,0.0,0.0,0.0,,0.0,,0.01992693357169628,0.0,0.0,0.0,0.0,,0.0,,0.0,,0.0,,0.0,0.0,0.0,,0.0,,0.0,,0.0,0.0,0.0,0.0,0.0,,0.0,0.0,0.0,,0.0,,0.0,0.0,0.0,0.0,0.0,0.0,0.020718315616250038,0.0,0.011713939718902111,,0.0,0.0,0.0,,,0.0,0.0,,0.0,0.0,0.0,0.0,0.0005151725490577519,0.03065391257405281,0.0,0.0,0.009763581678271294,0.0,0.008226057514548302,,0.0,0.02155236154794693,0.0,0.0,0.0,0.0,0.0,0.014790005050599575,0.0,0.0,0.0,0.0,0.0,0.0,0.0,0.0,0.0,0.0,0.0,0.0,0.0,0.0,0.0,0.0,0.0,0.0,0.0,0.0029736424330621958,0.0,0.0,0.0,0.0,0.0,0.0,0.0,0.0,0.0,0.023071859031915665,0.0,0.0,0.0,0.0,0.0,0.0,0.0,0.014844946563243866,0.0,0.0,0.010997829958796501,0.0,0.0,0.0,0.0,0.0,0.0,0.0,0.0,0.0,0.0,0.0,0.0,0.0,0.0,0.019402706995606422,0.007355102337896824,0.0,0.015439597889780998,0.043199244886636734,0.0,0.0,0.0,0.0,0.0,0.0,0.0,0.0,0.0,0.0,0.0,0.0,0.0,0.0,0.0,0.0,0.002793380757793784,0.0,0.04343167319893837,0.0,0.0,0.033475976437330246,0.03846132010221481,0.0,0.0,0.0,0.0,0.0,0.0,0.0,0.0,0.0,0.0,0.0,0.0,0.0,0.0,0.0,0.0,0.0,0.0,0.0,0.0,0.0,0.0,0.0,0.0021611670963466167,0.0,0.0,0.0,0.0,0.0,0.050311293452978134,0.0,0.0,0.0,0.0,0.0,0.0004580280801746994,0.0,0.0,0.0,0.0,0.0,0.0
2022-03-31,751667.6036518427,511.88576348819925,,,,,,,,,,,76494.84123570709,,1039061.7711000025,,,,,,,,,,,,,,,,,,,,,,,,,,,,,,,,,,,,,,,,,,,,,,,,,,,,,,,,,,,,,11216.71221351952,,,,,,,,,,,,,26269.986725072744,,,,,,,,,128573.48509921551,101397.20646885483,,,,,9763.496924504603,10646.18421697765,65623.15787331731,5081.434206411759,7544.104844497706,11326.803990793931,,,,,,,,,,,,,,,0.0,0.0,,0.0,0.0,0.0,0.0,0.0,,0.0,,0.0,0.0,0.0,,,,,,0.0,,,0.0,,0.0,,,0.0,0.01789705827832222,0.0,,0.0,0.0,,0.0,,,,0.0,0.0,0.0,,0.0,0.0,0.0,,0.0,,,,,0.0,,0.0,0.0,,0.0,0.0,0.0,0.0,,,0.0,0.0,,0.0,0.0,0.0,,0.0,,0.0,,,0.0,,,0.0,,,0.0,,,0.0,,0.0,0.0,,0.0,0.0,,,0.0,,0.0005599708529189229,0.0,,0.0,0.0,,,0.0,0.0,,,,,0.0,,0.0,,0.0,0.0,,0.0,0.0,,0.0,,0.0,,,0.0,0.0,0.0,0.0,0.0,,,,,0.0,0.0,,,0.0,,,,,0.0,0.0,0.0,,0.0,0.0,0.0,0.0,0.012101038359105587,0.0,0.0,,0.0,0.0,0.0,,,,0.0,0.0,,0.0,0.017891356721520424,0.0,0.0,0.0,0.0,,0.0,0.0,0.0,,,,,0.0,,0.0,0.0,0.0,,,0.0,,0.0,,0.0,0.0024038762785494328,0.0,0.0,,,,0.0,,0.0,0.0,0.0,,,,0.0,0.0,0.0,0.0,0.0,0.0,,0.0,,0.0,,0.0,0.0,,0.0,0.0,0.0,,,0.0,,,0.0,,0.0,,0.0,,0.0,,,0.0,,,,0.024879563599824905,0.0,,0.0,0.0,,,,,0.0,0.0,0.0,,0.0,0.0,0.0,0.0,,0.0,,0.027109283953905106,,,0.0,0.0,0.0,0.0,0.016961153596639633,0.0,,,0.0,,0.0,0.0,0.0,,0.047830305993556976,,,0.0,,0.0,0.0,,0.0,,,0.005867973435670137,,,0.013710405677556992,0.0,0.0,,,0.0,0.0,0.0,,0.0,0.005093374755233526,0.0,,0.0,,0.0,0.0,0.0,,,0.0,0.0,,,0.0,,,0.0,0.0,0.01738576963543892,,0.0,0.0,0.0,0.0,,0.0,0.0,,0.0,0.007405404932796955,0.0,0.0,0.0,0.0,0.0,0.0,0.0,0.0,0.0044178226962685585,0.0,0.0,,0.0,,,0.0,,,0.0,0.0,,0.0,,0.018222598358988762,0.0,,0.0,,0.0,0.0,0.005446802359074354,,0.003526755142956972,0.0,0.0,0.0,0.0,0.0,0.0,0.026967786252498627,0.0,0.0,0.014139175415039062,,,0.0,0.0,0.0,,,,0.0,,0.0,0.0,,,,0.0,,,2.254412538604811e-05,,,,,0.0,,0.0,0.0,0.0,0.004369131289422512,0.0,0.0,0.0,,,0.0,,,0.0,0.0,,,0.023983607068657875,,0.0,0.0,0.0726492628455162,,0.0,,,,,,0.0,,0.0,0.0,0.0,,,,,0.0012693535536527634,,,,,0.0,,,,,,0.0,,,0.0,,0.0,,,0.0,,0.0,,0.0,,,,0.0,,,0.0,,,0.0,0.0,,0.036728087812662125,0.0,,0.0,,,0.0,0.0,0.0,,,,0.0,0.061103783547878265,0.0,,,,,,0.0,0.0,,,,0.0,0.0,,0.0010098691564053297,,,0.0,0.00682015810161829,,,0.0090837636962533,0.0,,0.0,,,0.0,0.0,,0.0,0.0,0.0,0.0,,0.0,0.0,0.0,0.0,0.0,,,0.0,,0.0,0.0,0.0,0.0,,,,0.0,,,0.0,,0.0,,0.04690486937761307,0.0,0.0,0.0,0.0,0.0,,0.0,0.0,,0.0,0.0,,0.0,,,0.0,0.0,0.0,0.0,,0.0,0.0,0.0,0.0,0.0,0.0,0.0,0.0,,0.0,,0.01992693357169628,0.0,0.0,0.0,0.0,,0.0,,0.0,,0.0,,0.0,0.0,0.0,,0.0,,0.0,,0.0,0.0,0.0,0.0,0.0,,0.0,0.0,0.0,,0.0,,0.0,0.0,0.0,0.0,0.0,0.0,0.020718315616250038,0.0,0.011713939718902111,,0.0,0.0,0.0,,,0.0,0.0,,0.0,0.0,0.0,0.0,0.0005151725490577519,0.03065391257405281,0.0,0.0,0.009763581678271294,0.0,0.008226057514548302,,0.0,0.02155236154794693,0.0,0.0,0.0,0.0,0.0,0.014790005050599575,0.0,0.0,0.0,0.0,0.0,0.0,0.0,0.0,0.0,0.0,0.0,0.0,0.0,0.0,0.0,0.0,0.0,0.0,0.0,0.0029736424330621958,0.0,0.0,0.0,0.0,0.0,0.0,0.0,0.0,0.0,0.023071859031915665,0.0,0.0,0.0,0.0,0.0,0.0,0.0,0.014844946563243866,0.0,0.0,0.010997829958796501,0.0,0.0,0.0,0.0,0.0,0.0,0.0,0.0,0.0,0.0,0.0,0.0,0.0,0.0,0.019402706995606422,0.007355102337896824,0.0,0.015439597889780998,0.043199244886636734,0.0,0.0,0.0,0.0,0.0,0.0,0.0,0.0,0.0,0.0,0.0,0.0,0.0,0.0,0.0,0.0,0.002793380757793784,0.0,0.04343167319893837,0.0,0.0,0.033475976437330246,0.03846132010221481,0.0,0.0,0.0,0.0,0.0,0.0,0.0,0.0,0.0,0.0,0.0,0.0,0.0,0.0,0.0,0.0,0.0,0.0,0.0,0.0,0.0,0.0,0.0,0.0021611670963466167,0.0,0.0,0.0,0.0,0.0,0.050311293452978134,0.0,0.0,0.0,0.0,0.0,0.0004580280801746994,0.0,0.0,0.0,0.0,0.0,0.0
2022-04-01,749889.5850773384,791.3197726382425,,,,,,,,,,,76494.84123570709,,1039061.7711000025,,,,,,,,,,,,,,,,,,,,,,,,,,,,,,,,,,,,,,,,,,,,,,,,,,,,,,,,,,,,,11216.71221351952,,,,,,,,,,,,,26269.986725072744,,,,,,,,,128573.48509921551,101397.20646885483,,,,,9763.363402508998,10415.204224162013,65623.15787331731,5177.311989157569,7544.104844497706,11326.803990793931,,,,,,,,,,,,,,,0.0,0.0,,0.0,0.0,0.0,0.0,0.0,,0.0,,0.0,0.0,0.0,,,,,,0.0,,,0.0,,0.0,,,0.0,0.01789705827832222,0.0,,0.0,0.0,,0.0,,,,0.0,0.0,0.0,,0.0,0.0,0.0,,0.0,,,,,0.0,,0.0,0.0,,0.0,0.0,0.0,0.0,,,0.0,0.0,,0.0,0.0,0.0,,0.0,,0.0,,,0.0,,,0.0,,,0.0,,,0.0,,0.0,0.0,,0.0,0.0,,,0.0,,0.0005599708529189229,0.0,,0.0,0.0,,,0.0,0.0,,,,,0.0,,0.0,,0.0,0.0,,0.0,0.0,,0.0,,0.0,,,0.0,0.0,0.0,0.0,0.0,,,,,0.0,0.0,,,0.0,,,,,0.0,0.0,0.0,,0.0,0.0,0.0,0.0,0.012101038359105587,0.0,0.0,,0.0,0.0,0.0,,,,0.0,0.0,,0.0,0.017891356721520424,0.0,0.0,0.0,0.0,,0.0,0.0,0.0,,,,,0.0,,0.0,0.0,0.0,,,0.0,,0.0,,0.0,0.0024038762785494328,0.0,0.0,,,,0.0,,0.0,0.0,0.0,,,,0.0,0.0,0.0,0.0,0.0,0.0,,0.0,,0.0,,0.0,0.0,,0.0,0.0,0.0,,,0.0,,,0.0,,0.0,,0.0,,0.0,,,0.0,,,,0.024879563599824905,0.0,,0.0,0.0,,,,,0.0,0.0,0.0,,0.0,0.0,0.0,0.0,,0.0,,0.027109283953905106,,,0.0,0.0,0.0,0.0,0.016961153596639633,0.0,,,0.0,,0.0,0.0,0.0,,0.047830305993556976,,,0.0,,0.0,0.0,,0.0,,,0.005867973435670137,,,0.013710405677556992,0.0,0.0,,,0.0,0.0,0.0,,0.0,0.005093374755233526,0.0,,0.0,,0.0,0.0,0.0,,,0.0,0.0,,,0.0,,,0.0,0.0,0.01738576963543892,,0.0,0.0,0.0,0.0,,0.0,0.0,,0.0,0.007405404932796955,0.0,0.0,0.0,0.0,0.0,0.0,0.0,0.0,0.0044178226962685585,0.0,0.0,,0.0,,,0.0,,,0.0,0.0,,0.0,,0.018222598358988762,0.0,,0.0,,0.0,0.0,0.005446802359074354,,0.003526755142956972,0.0,0.0,0.0,0.0,0.0,0.0,0.026967786252498627,0.0,0.0,0.014139175415039062,,,0.0,0.0,0.0,,,,0.0,,0.0,0.0,,,,0.0,,,2.254412538604811e-05,,,,,0.0,,0.0,0.0,0.0,0.004369131289422512,0.0,0.0,0.0,,,0.0,,,0.0,0.0,,,0.023983607068657875,,0.0,0.0,0.0726492628455162,,0.0,,,,,,0.0,,0.0,0.0,0.0,,,,,0.0012693535536527634,,,,,0.0,,,,,,0.0,,,0.0,,0.0,,,0.0,,0.0,,0.0,,,,0.0,,,0.0,,,0.0,0.0,,0.036728087812662125,0.0,,0.0,,,0.0,0.0,0.0,,,,0.0,0.061103783547878265,0.0,,,,,,0.0,0.0,,,,0.0,0.0,,0.0010098691564053297,,,0.0,0.00682015810161829,,,0.0090837636962533,0.0,,0.0,,,0.0,0.0,,0.0,0.0,0.0,0.0,,0.0,0.0,0.0,0.0,0.0,,,0.0,,0.0,0.0,0.0,0.0,,,,0.0,,,0.0,,0.0,,0.04690486937761307,0.0,0.0,0.0,0.0,0.0,,0.0,0.0,,0.0,0.0,,0.0,,,0.0,0.0,0.0,0.0,,0.0,0.0,0.0,0.0,0.0,0.0,0.0,0.0,,0.0,,0.01992693357169628,0.0,0.0,0.0,0.0,,0.0,,0.0,,0.0,,0.0,0.0,0.0,,0.0,,0.0,,0.0,0.0,0.0,0.0,0.0,,0.0,0.0,0.0,,0.0,,0.0,0.0,0.0,0.0,0.0,0.0,0.020718315616250038,0.0,0.011713939718902111,,0.0,0.0,0.0,,,0.0,0.0,,0.0,0.0,0.0,0.0,0.0005151725490577519,0.03065391257405281,0.0,0.0,0.009763581678271294,0.0,0.008226057514548302,,0.0,0.02155236154794693,0.0,0.0,0.0,0.0,0.0,0.014790005050599575,0.0,0.0,0.0,0.0,0.0,0.0,0.0,0.0,0.0,0.0,0.0,0.0,0.0,0.0,0.0,0.0,0.0,0.0,0.0,0.0029736424330621958,0.0,0.0,0.0,0.0,0.0,0.0,0.0,0.0,0.0,0.023071859031915665,0.0,0.0,0.0,0.0,0.0,0.0,0.0,0.014844946563243866,0.0,0.0,0.010997829958796501,0.0,0.0,0.0,0.0,0.0,0.0,0.0,0.0,0.0,0.0,0.0,0.0,0.0,0.0,0.019402706995606422,0.007355102337896824,0.0,0.015439597889780998,0.043199244886636734,0.0,0.0,0.0,0.0,0.0,0.0,0.0,0.0,0.0,0.0,0.0,0.0,0.0,0.0,0.0,0.0,0.002793380757793784,0.0,0.04343167319893837,0.0,0.0,0.033475976437330246,0.03846132010221481,0.0,0.0,0.0,0.0,0.0,0.0,0.0,0.0,0.0,0.0,0.0,0.0,0.0,0.0,0.0,0.0,0.0,0.0,0.0,0.0,0.0,0.0,0.0,0.0021611670963466167,0.0,0.0,0.0,0.0,0.0,0.050311293452978134,0.0,0.0,0.0,0.0,0.0,0.0004580280801746994,0.0,0.0,0.0,0.0,0.0,0.0
2022-04-06,738239.9361822911,791.4775038742653,,,,,,,,,,,76494.84123570709,,1039061.7711000025,,,,,,,,,,,,,,,,,,,,,,,,,,,,,,,,,,,,,,,,,,,,,,,,,,,,,,,,,,,,,11216.71221351952,,,,,,,,,,,,,26269.986725072744,,,,,,,,,128573.48509921551,101397.20646885483,,,,,9763.342806356071,10415.204224162013,65623.15787331731,5177.311989157569,7544.104844497706,11326.803990793931,,,,,,,,,,,,,,,0.0,0.0,,0.0,0.0,0.0,0.0,0.0,,0.0,,0.0,0.0,0.0,,,,,,0.0,,,0.0,,0.0,,,0.0,0.01789705827832222,0.0,,0.0,0.0,,0.0,,,,0.0,0.0,0.0,,0.0,0.0,0.0,,0.0,,,,,0.0,,0.0,0.0,,0.0,0.0,0.0,0.0,,,0.0,0.0,,0.0,0.0,0.0,,0.0,,0.0,,,0.0,,,0.0,,,0.0,,,0.0,,0.0,0.0,,0.0,0.0,,,0.0,,0.0005599708529189229,0.0,,0.0,0.0,,,0.0,0.0,,,,,0.0,,0.0,,0.0,0.0,,0.0,0.0,,0.0,,0.0,,,0.0,0.0,0.0,0.0,0.0,,,,,0.0,0.0,,,0.0,,,,,0.0,0.0,0.0,,0.0,0.0,0.0,0.0,0.012101038359105587,0.0,0.0,,0.0,0.0,0.0,,,,0.0,0.0,,0.0,0.017891356721520424,0.0,0.0,0.0,0.0,,0.0,0.0,0.0,,,,,0.0,,0.0,0.0,0.0,,,0.0,,0.0,,0.0,0.0024038762785494328,0.0,0.0,,,,0.0,,0.0,0.0,0.0,,,,0.0,0.0,0.0,0.0,0.0,0.0,,0.0,,0.0,,0.0,0.0,,0.0,0.0,0.0,,,0.0,,,0.0,,0.0,,0.0,,0.0,,,0.0,,,,0.024879563599824905,0.0,,0.0,0.0,,,,,0.0,0.0,0.0,,0.0,0.0,0.0,0.0,,0.0,,0.027109283953905106,,,0.0,0.0,0.0,0.0,0.016961153596639633,0.0,,,0.0,,0.0,0.0,0.0,,0.047830305993556976,,,0.0,,0.0,0.0,,0.0,,,0.005867973435670137,,,0.013710405677556992,0.0,0.0,,,0.0,0.0,0.0,,0.0,0.005093374755233526,0.0,,0.0,,0.0,0.0,0.0,,,0.0,0.0,,,0.0,,,0.0,0.0,0.01738576963543892,,0.0,0.0,0.0,0.0,,0.0,0.0,,0.0,0.007405404932796955,0.0,0.0,0.0,0.0,0.0,0.0,0.0,0.0,0.0044178226962685585,0.0,0.0,,0.0,,,0.0,,,0.0,0.0,,0.0,,0.018222598358988762,0.0,,0.0,,0.0,0.0,0.005446802359074354,,0.003526755142956972,0.0,0.0,0.0,0.0,0.0,0.0,0.026967786252498627,0.0,0.0,0.014139175415039062,,,0.0,0.0,0.0,,,,0.0,,0.0,0.0,,,,0.0,,,2.254412538604811e-05,,,,,0.0,,0.0,0.0,0.0,0.004369131289422512,0.0,0.0,0.0,,,0.0,,,0.0,0.0,,,0.023983607068657875,,0.0,0.0,0.0726492628455162,,0.0,,,,,,0.0,,0.0,0.0,0.0,,,,,0.0012693535536527634,,,,,0.0,,,,,,0.0,,,0.0,,0.0,,,0.0,,0.0,,0.0,,,,0.0,,,0.0,,,0.0,0.0,,0.036728087812662125,0.0,,0.0,,,0.0,0.0,0.0,,,,0.0,0.061103783547878265,0.0,,,,,,0.0,0.0,,,,0.0,0.0,,0.0010098691564053297,,,0.0,0.00682015810161829,,,0.0090837636962533,0.0,,0.0,,,0.0,0.0,,0.0,0.0,0.0,0.0,,0.0,0.0,0.0,0.0,0.0,,,0.0,,0.0,0.0,0.0,0.0,,,,0.0,,,0.0,,0.0,,0.04690486937761307,0.0,0.0,0.0,0.0,0.0,,0.0,0.0,,0.0,0.0,,0.0,,,0.0,0.0,0.0,0.0,,0.0,0.0,0.0,0.0,0.0,0.0,0.0,0.0,,0.0,,0.01992693357169628,0.0,0.0,0.0,0.0,,0.0,,0.0,,0.0,,0.0,0.0,0.0,,0.0,,0.0,,0.0,0.0,0.0,0.0,0.0,,0.0,0.0,0.0,,0.0,,0.0,0.0,0.0,0.0,0.0,0.0,0.020718315616250038,0.0,0.011713939718902111,,0.0,0.0,0.0,,,0.0,0.0,,0.0,0.0,0.0,0.0,0.0005151725490577519,0.03065391257405281,0.0,0.0,0.009763581678271294,0.0,0.008226057514548302,,0.0,0.02155236154794693,0.0,0.0,0.0,0.0,0.0,0.014790005050599575,0.0,0.0,0.0,0.0,0.0,0.0,0.0,0.0,0.0,0.0,0.0,0.0,0.0,0.0,0.0,0.0,0.0,0.0,0.0,0.0029736424330621958,0.0,0.0,0.0,0.0,0.0,0.0,0.0,0.0,0.0,0.023071859031915665,0.0,0.0,0.0,0.0,0.0,0.0,0.0,0.014844946563243866,0.0,0.0,0.010997829958796501,0.0,0.0,0.0,0.0,0.0,0.0,0.0,0.0,0.0,0.0,0.0,0.0,0.0,0.0,0.019402706995606422,0.007355102337896824,0.0,0.015439597889780998,0.043199244886636734,0.0,0.0,0.0,0.0,0.0,0.0,0.0,0.0,0.0,0.0,0.0,0.0,0.0,0.0,0.0,0.0,0.002793380757793784,0.0,0.04343167319893837,0.0,0.0,0.033475976437330246,0.03846132010221481,0.0,0.0,0.0,0.0,0.0,0.0,0.0,0.0,0.0,0.0,0.0,0.0,0.0,0.0,0.0,0.0,0.0,0.0,0.0,0.0,0.0,0.0,0.0,0.0021611670963466167,0.0,0.0,0.0,0.0,0.0,0.050311293452978134,0.0,0.0,0.0,0.0,0.0,0.0004580280801746994,0.0,0.0,0.0,0.0,0.0,0.0
2022-04-07,726163.504739437,311.10541521018195,,,,,,,,,,,76494.84123570709,,1039061.7711000025,,,,,,,,,,,,,,,,,,,,,,,,,,,,,,,,,,,,,,,,,,,,,,,,,,,,,,,,,,,,,11216.71221351952,,,,,,,,,,,,,26269.986725072744,,,,,,,,,128573.48509921551,106226.13796248245,,,,,9397.36373903807,10415.204224162013,65623.15787331731,5177.311989157569,7544.104844497706,11326.803990793931,,,,,,,,,,,,,,,0.0,0.0,,0.0,0.0,0.0,0.0,0.0,,0.0,,0.0,0.0,0.0,,,,,,0.0,,,0.0,,0.0,,,0.0,0.01789705827832222,0.0,,0.0,0.0,,0.0,,,,0.0,0.0,0.0,,0.0,0.0,0.0,,0.0,,,,,0.0,,0.0,0.0,,0.0,0.0,0.0,0.0,,,0.0,0.0,,0.0,0.0,0.0,,0.0,,0.0,,,0.0,,,0.0,,,0.0,,,0.0,,0.0,0.0,,0.0,0.0,,,0.0,,0.0005599708529189229,0.0,,0.0,0.0,,,0.0,0.0,,,,,0.0,,0.0,,0.0,0.0,,0.0,0.0,,0.0,,0.0,,,0.0,0.0,0.0,0.0,0.0,,,,,0.0,0.0,,,0.0,,,,,0.0,0.0,0.0,,0.0,0.0,0.0,0.0,0.012101038359105587,0.0,0.0,,0.0,0.0,0.0,,,,0.0,0.0,,0.0,0.017891356721520424,0.0,0.0,0.0,0.0,,0.0,0.0,0.0,,,,,0.0,,0.0,0.0,0.0,,,0.0,,0.0,,0.0,0.0024038762785494328,0.0,0.0,,,,0.0,,0.0,0.0,0.0,,,,0.0,0.0,0.0,0.0,0.0,0.0,,0.0,,0.0,,0.0,0.0,,0.0,0.0,0.0,,,0.0,,,0.0,,0.0,,0.0,,0.0,,,0.0,,,,0.024879563599824905,0.0,,0.0,0.0,,,,,0.0,0.0,0.0,,0.0,0.0,0.0,0.0,,0.0,,0.027109283953905106,,,0.0,0.0,0.0,0.0,0.016961153596639633,0.0,,,0.0,,0.0,0.0,0.0,,0.047830305993556976,,,0.0,,0.0,0.0,,0.0,,,0.005867973435670137,,,0.013710405677556992,0.0,0.0,,,0.0,0.0,0.0,,0.0,0.005093374755233526,0.0,,0.0,,0.0,0.0,0.0,,,0.0,0.0,,,0.0,,,0.0,0.0,0.01738576963543892,,0.0,0.0,0.0,0.0,,0.0,0.0,,0.0,0.007405404932796955,0.0,0.0,0.0,0.0,0.0,0.0,0.0,0.0,0.0044178226962685585,0.0,0.0,,0.0,,,0.0,,,0.0,0.0,,0.0,,0.018222598358988762,0.0,,0.0,,0.0,0.0,0.005446802359074354,,0.003526755142956972,0.0,0.0,0.0,0.0,0.0,0.0,0.026967786252498627,0.0,0.0,0.014139175415039062,,,0.0,0.0,0.0,,,,0.0,,0.0,0.0,,,,0.0,,,2.254412538604811e-05,,,,,0.0,,0.0,0.0,0.0,0.004369131289422512,0.0,0.0,0.0,,,0.0,,,0.0,0.0,,,0.023983607068657875,,0.0,0.0,0.0726492628455162,,0.0,,,,,,0.0,,0.0,0.0,0.0,,,,,0.0012693535536527634,,,,,0.0,,,,,,0.0,,,0.0,,0.0,,,0.0,,0.0,,0.0,,,,0.0,,,0.0,,,0.0,0.0,,0.036728087812662125,0.0,,0.0,,,0.0,0.0,0.0,,,,0.0,0.061103783547878265,0.0,,,,,,0.0,0.0,,,,0.0,0.0,,0.0010098691564053297,,,0.0,0.00682015810161829,,,0.0090837636962533,0.0,,0.0,,,0.0,0.0,,0.0,0.0,0.0,0.0,,0.0,0.0,0.0,0.0,0.0,,,0.0,,0.0,0.0,0.0,0.0,,,,0.0,,,0.0,,0.0,,0.04690486937761307,0.0,0.0,0.0,0.0,0.0,,0.0,0.0,,0.0,0.0,,0.0,,,0.0,0.0,0.0,0.0,,0.0,0.0,0.0,0.0,0.0,0.0,0.0,0.0,,0.0,,0.01992693357169628,0.0,0.0,0.0,0.0,,0.0,,0.0,,0.0,,0.0,0.0,0.0,,0.0,,0.0,,0.0,0.0,0.0,0.0,0.0,,0.0,0.0,0.0,,0.0,,0.0,0.0,0.0,0.0,0.0,0.0,0.020718315616250038,0.0,0.011713939718902111,,0.0,0.0,0.0,,,0.0,0.0,,0.0,0.0,0.0,0.0,0.0005151725490577519,0.03065391257405281,0.0,0.0,0.009763581678271294,0.0,0.008226057514548302,,0.0,0.02155236154794693,0.0,0.0,0.0,0.0,0.0,0.014790005050599575,0.0,0.0,0.0,0.0,0.0,0.0,0.0,0.0,0.0,0.0,0.0,0.0,0.0,0.0,0.0,0.0,0.0,0.0,0.0,0.0029736424330621958,0.0,0.0,0.0,0.0,0.0,0.0,0.0,0.0,0.0,0.023071859031915665,0.0,0.0,0.0,0.0,0.0,0.0,0.0,0.014844946563243866,0.0,0.0,0.010997829958796501,0.0,0.0,0.0,0.0,0.0,0.0,0.0,0.0,0.0,0.0,0.0,0.0,0.0,0.0,0.019402706995606422,0.007355102337896824,0.0,0.015439597889780998,0.043199244886636734,0.0,0.0,0.0,0.0,0.0,0.0,0.0,0.0,0.0,0.0,0.0,0.0,0.0,0.0,0.0,0.0,0.002793380757793784,0.0,0.04343167319893837,0.0,0.0,0.033475976437330246,0.03846132010221481,0.0,0.0,0.0,0.0,0.0,0.0,0.0,0.0,0.0,0.0,0.0,0.0,0.0,0.0,0.0,0.0,0.0,0.0,0.0,0.0,0.0,0.0,0.0,0.0021611670963466167,0.0,0.0,0.0,0.0,0.0,0.050311293452978134,0.0,0.0,0.0,0.0,0.0,0.0004580280801746994,0.0,0.0,0.0,0.0,0.0,0.0
2022-04-08,720737.2553019007,211.3700283569607,,,,,,,,,,,76494.84123570709,,1039061.7711000025,,,,,,,,,,,,,,,,,,,,,,,,,,,,,,,,,,,,,,,,,,,,,,,,,,,,,,,,,,,,,11477.546053293394,,,,,,,,,,,,,26269.986725072744,,,,,,,,,128573.48509921551,102795.6635456756,,,,,9397.36373903807,10415.212126692675,65623.15787331731,5177.255293063606,7544.104844497706,11798.73590149089,,,,,,,,,,,,,,,0.0,0.0,,0.0,0.0,0.0,0.0,0.0,,0.0,,0.0,0.0,0.0,,,,,,0.0,,,0.0,,0.0,,,0.0,0.01789705827832222,0.0,,0.0,0.0,,0.0,,,,0.0,0.0,0.0,,0.0,0.0,0.0,,0.0,,,,,0.0,,0.0,0.0,,0.0,0.0,0.0,0.0,,,0.0,0.0,,0.0,0.0,0.0,,0.0,,0.0,,,0.0,,,0.0,,,0.0,,,0.0,,0.0,0.0,,0.0,0.0,,,0.0,,0.0005599708529189229,0.0,,0.0,0.0,,,0.0,0.0,,,,,0.0,,0.0,,0.0,0.0,,0.0,0.0,,0.0,,0.0,,,0.0,0.0,0.0,0.0,0.0,,,,,0.0,0.0,,,0.0,,,,,0.0,0.0,0.0,,0.0,0.0,0.0,0.0,0.012101038359105587,0.0,0.0,,0.0,0.0,0.0,,,,0.0,0.0,,0.0,0.017891356721520424,0.0,0.0,0.0,0.0,,0.0,0.0,0.0,,,,,0.0,,0.0,0.0,0.0,,,0.0,,0.0,,0.0,0.0024038762785494328,0.0,0.0,,,,0.0,,0.0,0.0,0.0,,,,0.0,0.0,0.0,0.0,0.0,0.0,,0.0,,0.0,,0.0,0.0,,0.0,0.0,0.0,,,0.0,,,0.0,,0.0,,0.0,,0.0,,,0.0,,,,0.024879563599824905,0.0,,0.0,0.0,,,,,0.0,0.0,0.0,,0.0,0.0,0.0,0.0,,0.0,,0.027109283953905106,,,0.0,0.0,0.0,0.0,0.016961153596639633,0.0,,,0.0,,0.0,0.0,0.0,,0.047830305993556976,,,0.0,,0.0,0.0,,0.0,,,0.005867973435670137,,,0.013710405677556992,0.0,0.0,,,0.0,0.0,0.0,,0.0,0.005093374755233526,0.0,,0.0,,0.0,0.0,0.0,,,0.0,0.0,,,0.0,,,0.0,0.0,0.01738576963543892,,0.0,0.0,0.0,0.0,,0.0,0.0,,0.0,0.007405404932796955,0.0,0.0,0.0,0.0,0.0,0.0,0.0,0.0,0.0044178226962685585,0.0,0.0,,0.0,,,0.0,,,0.0,0.0,,0.0,,0.018222598358988762,0.0,,0.0,,0.0,0.0,0.005446802359074354,,0.003526755142956972,0.0,0.0,0.0,0.0,0.0,0.0,0.026967786252498627,0.0,0.0,0.014139175415039062,,,0.0,0.0,0.0,,,,0.0,,0.0,0.0,,,,0.0,,,2.254412538604811e-05,,,,,0.0,,0.0,0.0,0.0,0.004369131289422512,0.0,0.0,0.0,,,0.0,,,0.0,0.0,,,0.023983607068657875,,0.0,0.0,0.0726492628455162,,0.0,,,,,,0.0,,0.0,0.0,0.0,,,,,0.0012693535536527634,,,,,0.0,,,,,,0.0,,,0.0,,0.0,,,0.0,,0.0,,0.0,,,,0.0,,,0.0,,,0.0,0.0,,0.036728087812662125,0.0,,0.0,,,0.0,0.0,0.0,,,,0.0,0.061103783547878265,0.0,,,,,,0.0,0.0,,,,0.0,0.0,,0.0010098691564053297,,,0.0,0.00682015810161829,,,0.0090837636962533,0.0,,0.0,,,0.0,0.0,,0.0,0.0,0.0,0.0,,0.0,0.0,0.0,0.0,0.0,,,0.0,,0.0,0.0,0.0,0.0,,,,0.0,,,0.0,,0.0,,0.04690486937761307,0.0,0.0,0.0,0.0,0.0,,0.0,0.0,,0.0,0.0,,0.0,,,0.0,0.0,0.0,0.0,,0.0,0.0,0.0,0.0,0.0,0.0,0.0,0.0,,0.0,,0.01992693357169628,0.0,0.0,0.0,0.0,,0.0,,0.0,,0.0,,0.0,0.0,0.0,,0.0,,0.0,,0.0,0.0,0.0,0.0,0.0,,0.0,0.0,0.0,,0.0,,0.0,0.0,0.0,0.0,0.0,0.0,0.020718315616250038,0.0,0.011713939718902111,,0.0,0.0,0.0,,,0.0,0.0,,0.0,0.0,0.0,0.0,0.0005151725490577519,0.03065391257405281,0.0,0.0,0.009763581678271294,0.0,0.008226057514548302,,0.0,0.02155236154794693,0.0,0.0,0.0,0.0,0.0,0.014790005050599575,0.0,0.0,0.0,0.0,0.0,0.0,0.0,0.0,0.0,0.0,0.0,0.0,0.0,0.0,0.0,0.0,0.0,0.0,0.0,0.0029736424330621958,0.0,0.0,0.0,0.0,0.0,0.0,0.0,0.0,0.0,0.023071859031915665,0.0,0.0,0.0,0.0,0.0,0.0,0.0,0.014844946563243866,0.0,0.0,0.010997829958796501,0.0,0.0,0.0,0.0,0.0,0.0,0.0,0.0,0.0,0.0,0.0,0.0,0.0,0.0,0.019402706995606422,0.007355102337896824,0.0,0.015439597889780998,0.043199244886636734,0.0,0.0,0.0,0.0,0.0,0.0,0.0,0.0,0.0,0.0,0.0,0.0,0.0,0.0,0.0,0.0,0.002793380757793784,0.0,0.04343167319893837,0.0,0.0,0.033475976437330246,0.03846132010221481,0.0,0.0,0.0,0.0,0.0,0.0,0.0,0.0,0.0,0.0,0.0,0.0,0.0,0.0,0.0,0.0,0.0,0.0,0.0,0.0,0.0,0.0,0.0,0.0021611670963466167,0.0,0.0,0.0,0.0,0.0,0.050311293452978134,0.0,0.0,0.0,0.0,0.0,0.0004580280801746994,0.0,0.0,0.0,0.0,0.0,0.0
2022-04-11,694307.1020470493,23.15826770228182,,,,,,,,,,,76494.84123570709,,1039061.7711000025,,,,,,,,,,,,,,,,,,,,,,,,,,,,,,,,,,,,,,,,,,,,,,,,,,,,,,,,,,,,,11477.546053293394,,,,,,,,,,,,,26269.986725072744,,,,,,,,,128573.48509921551,102173.05227150666,,,,,9397.36373903807,10183.677972859068,65623.15787331731,5273.278051019559,7544.104844497706,12270.695492457948,,,,,,,,,,,,,,,0.0,0.0,,0.0,0.0,0.0,0.0,0.0,,0.0,,0.0,0.0,0.0,,,,,,0.0,,,0.0,,0.0,,,0.0,0.01789705827832222,0.0,,0.0,0.0,,0.0,,,,0.0,0.0,0.0,,0.0,0.0,0.0,,0.0,,,,,0.0,,0.0,0.0,,0.0,0.0,0.0,0.0,,,0.0,0.0,,0.0,0.0,0.0,,0.0,,0.0,,,0.0,,,0.0,,,0.0,,,0.0,,0.0,0.0,,0.0,0.0,,,0.0,,0.0005599708529189229,0.0,,0.0,0.0,,,0.0,0.0,,,,,0.0,,0.0,,0.0,0.0,,0.0,0.0,,0.0,,0.0,,,0.0,0.0,0.0,0.0,0.0,,,,,0.0,0.0,,,0.0,,,,,0.0,0.0,0.0,,0.0,0.0,0.0,0.0,0.012101038359105587,0.0,0.0,,0.0,0.0,0.0,,,,0.0,0.0,,0.0,0.017891356721520424,0.0,0.0,0.0,0.0,,0.0,0.0,0.0,,,,,0.0,,0.0,0.0,0.0,,,0.0,,0.0,,0.0,0.0024038762785494328,0.0,0.0,,,,0.0,,0.0,0.0,0.0,,,,0.0,0.0,0.0,0.0,0.0,0.0,,0.0,,0.0,,0.0,0.0,,0.0,0.0,0.0,,,0.0,,,0.0,,0.0,,0.0,,0.0,,,0.0,,,,0.024879563599824905,0.0,,0.0,0.0,,,,,0.0,0.0,0.0,,0.0,0.0,0.0,0.0,,0.0,,0.027109283953905106,,,0.0,0.0,0.0,0.0,0.016961153596639633,0.0,,,0.0,,0.0,0.0,0.0,,0.047830305993556976,,,0.0,,0.0,0.0,,0.0,,,0.005867973435670137,,,0.013710405677556992,0.0,0.0,,,0.0,0.0,0.0,,0.0,0.005093374755233526,0.0,,0.0,,0.0,0.0,0.0,,,0.0,0.0,,,0.0,,,0.0,0.0,0.01738576963543892,,0.0,0.0,0.0,0.0,,0.0,0.0,,0.0,0.007405404932796955,0.0,0.0,0.0,0.0,0.0,0.0,0.0,0.0,0.0044178226962685585,0.0,0.0,,0.0,,,0.0,,,0.0,0.0,,0.0,,0.018222598358988762,0.0,,0.0,,0.0,0.0,0.005446802359074354,,0.003526755142956972,0.0,0.0,0.0,0.0,0.0,0.0,0.026967786252498627,0.0,0.0,0.014139175415039062,,,0.0,0.0,0.0,,,,0.0,,0.0,0.0,,,,0.0,,,2.254412538604811e-05,,,,,0.0,,0.0,0.0,0.0,0.004369131289422512,0.0,0.0,0.0,,,0.0,,,0.0,0.0,,,0.023983607068657875,,0.0,0.0,0.0726492628455162,,0.0,,,,,,0.0,,0.0,0.0,0.0,,,,,0.0012693535536527634,,,,,0.0,,,,,,0.0,,,0.0,,0.0,,,0.0,,0.0,,0.0,,,,0.0,,,0.0,,,0.0,0.0,,0.036728087812662125,0.0,,0.0,,,0.0,0.0,0.0,,,,0.0,0.061103783547878265,0.0,,,,,,0.0,0.0,,,,0.0,0.0,,0.0010098691564053297,,,0.0,0.00682015810161829,,,0.0090837636962533,0.0,,0.0,,,0.0,0.0,,0.0,0.0,0.0,0.0,,0.0,0.0,0.0,0.0,0.0,,,0.0,,0.0,0.0,0.0,0.0,,,,0.0,,,0.0,,0.0,,0.04690486937761307,0.0,0.0,0.0,0.0,0.0,,0.0,0.0,,0.0,0.0,,0.0,,,0.0,0.0,0.0,0.0,,0.0,0.0,0.0,0.0,0.0,0.0,0.0,0.0,,0.0,,0.01992693357169628,0.0,0.0,0.0,0.0,,0.0,,0.0,,0.0,,0.0,0.0,0.0,,0.0,,0.0,,0.0,0.0,0.0,0.0,0.0,,0.0,0.0,0.0,,0.0,,0.0,0.0,0.0,0.0,0.0,0.0,0.020718315616250038,0.0,0.011713939718902111,,0.0,0.0,0.0,,,0.0,0.0,,0.0,0.0,0.0,0.0,0.0005151725490577519,0.03065391257405281,0.0,0.0,0.009763581678271294,0.0,0.008226057514548302,,0.0,0.02155236154794693,0.0,0.0,0.0,0.0,0.0,0.014790005050599575,0.0,0.0,0.0,0.0,0.0,0.0,0.0,0.0,0.0,0.0,0.0,0.0,0.0,0.0,0.0,0.0,0.0,0.0,0.0,0.0029736424330621958,0.0,0.0,0.0,0.0,0.0,0.0,0.0,0.0,0.0,0.023071859031915665,0.0,0.0,0.0,0.0,0.0,0.0,0.0,0.014844946563243866,0.0,0.0,0.010997829958796501,0.0,0.0,0.0,0.0,0.0,0.0,0.0,0.0,0.0,0.0,0.0,0.0,0.0,0.0,0.019402706995606422,0.007355102337896824,0.0,0.015439597889780998,0.043199244886636734,0.0,0.0,0.0,0.0,0.0,0.0,0.0,0.0,0.0,0.0,0.0,0.0,0.0,0.0,0.0,0.0,0.002793380757793784,0.0,0.04343167319893837,0.0,0.0,0.033475976437330246,0.03846132010221481,0.0,0.0,0.0,0.0,0.0,0.0,0.0,0.0,0.0,0.0,0.0,0.0,0.0,0.0,0.0,0.0,0.0,0.0,0.0,0.0,0.0,0.0,0.0,0.0021611670963466167,0.0,0.0,0.0,0.0,0.0,0.050311293452978134,0.0,0.0,0.0,0.0,0.0,0.0004580280801746994,0.0,0.0,0.0,0.0,0.0,0.0
2022-04-12,695356.4882766198,377.644361501174,,,,,,,,,,,76494.84123570709,,1039061.7711000025,,,,,,,,,,,,,,,,,,,,,,,,,,,,,,,,,,,,,,,,,,,,,,,,,,,,,,,,,,,,,11477.546053293394,,,,,,,,,,,,,26269.986725072744,,,,,,,,,128573.48509921551,102173.05227150666,,,,,9397.36373903807,9952.099631869578,65623.15787331731,4985.729609699167,7544.104844497706,15102.333951380879,,,,,,,,,,,,,,,0.0,0.0,,0.0,0.0,0.0,0.0,0.0,,0.0,,0.0,0.0,0.0,,,,,,0.0,,,0.0,,0.0,,,0.0,0.01789705827832222,0.0,,0.0,0.0,,0.0,,,,0.0,0.0,0.0,,0.0,0.0,0.0,,0.0,,,,,0.0,,0.0,0.0,,0.0,0.0,0.0,0.0,,,0.0,0.0,,0.0,0.0,0.0,,0.0,,0.0,,,0.0,,,0.0,,,0.0,,,0.0,,0.0,0.0,,0.0,0.0,,,0.0,,0.0005599708529189229,0.0,,0.0,0.0,,,0.0,0.0,,,,,0.0,,0.0,,0.0,0.0,,0.0,0.0,,0.0,,0.0,,,0.0,0.0,0.0,0.0,0.0,,,,,0.0,0.0,,,0.0,,,,,0.0,0.0,0.0,,0.0,0.0,0.0,0.0,0.012101038359105587,0.0,0.0,,0.0,0.0,0.0,,,,0.0,0.0,,0.0,0.017891356721520424,0.0,0.0,0.0,0.0,,0.0,0.0,0.0,,,,,0.0,,0.0,0.0,0.0,,,0.0,,0.0,,0.0,0.0024038762785494328,0.0,0.0,,,,0.0,,0.0,0.0,0.0,,,,0.0,0.0,0.0,0.0,0.0,0.0,,0.0,,0.0,,0.0,0.0,,0.0,0.0,0.0,,,0.0,,,0.0,,0.0,,0.0,,0.0,,,0.0,,,,0.024879563599824905,0.0,,0.0,0.0,,,,,0.0,0.0,0.0,,0.0,0.0,0.0,0.0,,0.0,,0.027109283953905106,,,0.0,0.0,0.0,0.0,0.016961153596639633,0.0,,,0.0,,0.0,0.0,0.0,,0.047830305993556976,,,0.0,,0.0,0.0,,0.0,,,0.005867973435670137,,,0.013710405677556992,0.0,0.0,,,0.0,0.0,0.0,,0.0,0.005093374755233526,0.0,,0.0,,0.0,0.0,0.0,,,0.0,0.0,,,0.0,,,0.0,0.0,0.01738576963543892,,0.0,0.0,0.0,0.0,,0.0,0.0,,0.0,0.007405404932796955,0.0,0.0,0.0,0.0,0.0,0.0,0.0,0.0,0.0044178226962685585,0.0,0.0,,0.0,,,0.0,,,0.0,0.0,,0.0,,0.018222598358988762,0.0,,0.0,,0.0,0.0,0.005446802359074354,,0.003526755142956972,0.0,0.0,0.0,0.0,0.0,0.0,0.026967786252498627,0.0,0.0,0.014139175415039062,,,0.0,0.0,0.0,,,,0.0,,0.0,0.0,,,,0.0,,,2.254412538604811e-05,,,,,0.0,,0.0,0.0,0.0,0.004369131289422512,0.0,0.0,0.0,,,0.0,,,0.0,0.0,,,0.023983607068657875,,0.0,0.0,0.0726492628455162,,0.0,,,,,,0.0,,0.0,0.0,0.0,,,,,0.0012693535536527634,,,,,0.0,,,,,,0.0,,,0.0,,0.0,,,0.0,,0.0,,0.0,,,,0.0,,,0.0,,,0.0,0.0,,0.036728087812662125,0.0,,0.0,,,0.0,0.0,0.0,,,,0.0,0.061103783547878265,0.0,,,,,,0.0,0.0,,,,0.0,0.0,,0.0010098691564053297,,,0.0,0.00682015810161829,,,0.0090837636962533,0.0,,0.0,,,0.0,0.0,,0.0,0.0,0.0,0.0,,0.0,0.0,0.0,0.0,0.0,,,0.0,,0.0,0.0,0.0,0.0,,,,0.0,,,0.0,,0.0,,0.04690486937761307,0.0,0.0,0.0,0.0,0.0,,0.0,0.0,,0.0,0.0,,0.0,,,0.0,0.0,0.0,0.0,,0.0,0.0,0.0,0.0,0.0,0.0,0.0,0.0,,0.0,,0.01992693357169628,0.0,0.0,0.0,0.0,,0.0,,0.0,,0.0,,0.0,0.0,0.0,,0.0,,0.0,,0.0,0.0,0.0,0.0,0.0,,0.0,0.0,0.0,,0.0,,0.0,0.0,0.0,0.0,0.0,0.0,0.020718315616250038,0.0,0.011713939718902111,,0.0,0.0,0.0,,,0.0,0.0,,0.0,0.0,0.0,0.0,0.0005151725490577519,0.03065391257405281,0.0,0.0,0.009763581678271294,0.0,0.008226057514548302,,0.0,0.02155236154794693,0.0,0.0,0.0,0.0,0.0,0.014790005050599575,0.0,0.0,0.0,0.0,0.0,0.0,0.0,0.0,0.0,0.0,0.0,0.0,0.0,0.0,0.0,0.0,0.0,0.0,0.0,0.0029736424330621958,0.0,0.0,0.0,0.0,0.0,0.0,0.0,0.0,0.0,0.023071859031915665,0.0,0.0,0.0,0.0,0.0,0.0,0.0,0.014844946563243866,0.0,0.0,0.010997829958796501,0.0,0.0,0.0,0.0,0.0,0.0,0.0,0.0,0.0,0.0,0.0,0.0,0.0,0.0,0.019402706995606422,0.007355102337896824,0.0,0.015439597889780998,0.043199244886636734,0.0,0.0,0.0,0.0,0.0,0.0,0.0,0.0,0.0,0.0,0.0,0.0,0.0,0.0,0.0,0.0,0.002793380757793784,0.0,0.04343167319893837,0.0,0.0,0.033475976437330246,0.03846132010221481,0.0,0.0,0.0,0.0,0.0,0.0,0.0,0.0,0.0,0.0,0.0,0.0,0.0,0.0,0.0,0.0,0.0,0.0,0.0,0.0,0.0,0.0,0.0,0.0021611670963466167,0.0,0.0,0.0,0.0,0.0,0.050311293452978134,0.0,0.0,0.0,0.0,0.0,0.0004580280801746994,0.0,0.0,0.0,0.0,0.0,0.0
2022-04-13,690892.4397625844,378.7928161070585,,,,,,,,,,,76494.84123570709,,1039061.7711000025,,,,,,,,,,,,,,,,,,,,,,,,,,,,,,,,,,,,,,,,,,,,,,,,,,,,,,,,,,,,,11477.546053293394,,,,,,,,,,,,,26269.986725072744,,,,,,,,,128573.48509921551,102173.05227150666,,,,,9397.36373903807,9952.099631869578,65623.15787331731,4985.6469821246765,7544.104844497706,15102.333951380879,,,,,,,,,,,,,,,0.0,0.0,,0.0,0.0,0.0,0.0,0.0,,0.0,,0.0,0.0,0.0,,,,,,0.0,,,0.0,,0.0,,,0.0,0.01789705827832222,0.0,,0.0,0.0,,0.0,,,,0.0,0.0,0.0,,0.0,0.0,0.0,,0.0,,,,,0.0,,0.0,0.0,,0.0,0.0,0.0,0.0,,,0.0,0.0,,0.0,0.0,0.0,,0.0,,0.0,,,0.0,,,0.0,,,0.0,,,0.0,,0.0,0.0,,0.0,0.0,,,0.0,,0.0005599708529189229,0.0,,0.0,0.0,,,0.0,0.0,,,,,0.0,,0.0,,0.0,0.0,,0.0,0.0,,0.0,,0.0,,,0.0,0.0,0.0,0.0,0.0,,,,,0.0,0.0,,,0.0,,,,,0.0,0.0,0.0,,0.0,0.0,0.0,0.0,0.012101038359105587,0.0,0.0,,0.0,0.0,0.0,,,,0.0,0.0,,0.0,0.017891356721520424,0.0,0.0,0.0,0.0,,0.0,0.0,0.0,,,,,0.0,,0.0,0.0,0.0,,,0.0,,0.0,,0.0,0.0024038762785494328,0.0,0.0,,,,0.0,,0.0,0.0,0.0,,,,0.0,0.0,0.0,0.0,0.0,0.0,,0.0,,0.0,,0.0,0.0,,0.0,0.0,0.0,,,0.0,,,0.0,,0.0,,0.0,,0.0,,,0.0,,,,0.024879563599824905,0.0,,0.0,0.0,,,,,0.0,0.0,0.0,,0.0,0.0,0.0,0.0,,0.0,,0.027109283953905106,,,0.0,0.0,0.0,0.0,0.016961153596639633,0.0,,,0.0,,0.0,0.0,0.0,,0.047830305993556976,,,0.0,,0.0,0.0,,0.0,,,0.005867973435670137,,,0.013710405677556992,0.0,0.0,,,0.0,0.0,0.0,,0.0,0.005093374755233526,0.0,,0.0,,0.0,0.0,0.0,,,0.0,0.0,,,0.0,,,0.0,0.0,0.01738576963543892,,0.0,0.0,0.0,0.0,,0.0,0.0,,0.0,0.007405404932796955,0.0,0.0,0.0,0.0,0.0,0.0,0.0,0.0,0.0044178226962685585,0.0,0.0,,0.0,,,0.0,,,0.0,0.0,,0.0,,0.018222598358988762,0.0,,0.0,,0.0,0.0,0.005446802359074354,,0.003526755142956972,0.0,0.0,0.0,0.0,0.0,0.0,0.026967786252498627,0.0,0.0,0.014139175415039062,,,0.0,0.0,0.0,,,,0.0,,0.0,0.0,,,,0.0,,,2.254412538604811e-05,,,,,0.0,,0.0,0.0,0.0,0.004369131289422512,0.0,0.0,0.0,,,0.0,,,0.0,0.0,,,0.023983607068657875,,0.0,0.0,0.0726492628455162,,0.0,,,,,,0.0,,0.0,0.0,0.0,,,,,0.0012693535536527634,,,,,0.0,,,,,,0.0,,,0.0,,0.0,,,0.0,,0.0,,0.0,,,,0.0,,,0.0,,,0.0,0.0,,0.036728087812662125,0.0,,0.0,,,0.0,0.0,0.0,,,,0.0,0.061103783547878265,0.0,,,,,,0.0,0.0,,,,0.0,0.0,,0.0010098691564053297,,,0.0,0.00682015810161829,,,0.0090837636962533,0.0,,0.0,,,0.0,0.0,,0.0,0.0,0.0,0.0,,0.0,0.0,0.0,0.0,0.0,,,0.0,,0.0,0.0,0.0,0.0,,,,0.0,,,0.0,,0.0,,0.04690486937761307,0.0,0.0,0.0,0.0,0.0,,0.0,0.0,,0.0,0.0,,0.0,,,0.0,0.0,0.0,0.0,,0.0,0.0,0.0,0.0,0.0,0.0,0.0,0.0,,0.0,,0.01992693357169628,0.0,0.0,0.0,0.0,,0.0,,0.0,,0.0,,0.0,0.0,0.0,,0.0,,0.0,,0.0,0.0,0.0,0.0,0.0,,0.0,0.0,0.0,,0.0,,0.0,0.0,0.0,0.0,0.0,0.0,0.020718315616250038,0.0,0.011713939718902111,,0.0,0.0,0.0,,,0.0,0.0,,0.0,0.0,0.0,0.0,0.0005151725490577519,0.03065391257405281,0.0,0.0,0.009763581678271294,0.0,0.008226057514548302,,0.0,0.02155236154794693,0.0,0.0,0.0,0.0,0.0,0.014790005050599575,0.0,0.0,0.0,0.0,0.0,0.0,0.0,0.0,0.0,0.0,0.0,0.0,0.0,0.0,0.0,0.0,0.0,0.0,0.0,0.0029736424330621958,0.0,0.0,0.0,0.0,0.0,0.0,0.0,0.0,0.0,0.023071859031915665,0.0,0.0,0.0,0.0,0.0,0.0,0.0,0.014844946563243866,0.0,0.0,0.010997829958796501,0.0,0.0,0.0,0.0,0.0,0.0,0.0,0.0,0.0,0.0,0.0,0.0,0.0,0.0,0.019402706995606422,0.007355102337896824,0.0,0.015439597889780998,0.043199244886636734,0.0,0.0,0.0,0.0,0.0,0.0,0.0,0.0,0.0,0.0,0.0,0.0,0.0,0.0,0.0,0.0,0.002793380757793784,0.0,0.04343167319893837,0.0,0.0,0.033475976437330246,0.03846132010221481,0.0,0.0,0.0,0.0,0.0,0.0,0.0,0.0,0.0,0.0,0.0,0.0,0.0,0.0,0.0,0.0,0.0,0.0,0.0,0.0,0.0,0.0,0.0,0.0021611670963466167,0.0,0.0,0.0,0.0,0.0,0.050311293452978134,0.0,0.0,0.0,0.0,0.0,0.0004580280801746994,0.0,0.0,0.0,0.0,0.0,0.0
2022-04-14,697140.4976759356,431.23394443132884,,,,,,,,,,,76494.84123570709,,1039061.7711000025,,,,,,,,,,,,,,,,,,,,,,,,,,,,,,,,,,,,,,,,,,,,,,,,,,,,,,,,,,,,,11477.546053293394,,,,,,,,,,,,,26269.986725072744,,,,,,,,,128573.48509921551,102173.05227150666,,,,,9397.36373903807,9489.429238853161,65623.15787331731,4601.890571759096,9430.23418847769,16518.185242072173,,,,,,,,,,,,,,,0.0,0.0,,0.0,0.0,0.0,0.0,0.0,,0.0,,0.0,0.0,0.0,,,,,,0.0,,,0.0,,0.0,,,0.0,0.01789705827832222,0.0,,0.0,0.0,,0.0,,,,0.0,0.0,0.0,,0.0,0.0,0.0,,0.0,,,,,0.0,,0.0,0.0,,0.0,0.0,0.0,0.0,,,0.0,0.0,,0.0,0.0,0.0,,0.0,,0.0,,,0.0,,,0.0,,,0.0,,,0.0,,0.0,0.0,,0.0,0.0,,,0.0,,0.0005599708529189229,0.0,,0.0,0.0,,,0.0,0.0,,,,,0.0,,0.0,,0.0,0.0,,0.0,0.0,,0.0,,0.0,,,0.0,0.0,0.0,0.0,0.0,,,,,0.0,0.0,,,0.0,,,,,0.0,0.0,0.0,,0.0,0.0,0.0,0.0,0.012101038359105587,0.0,0.0,,0.0,0.0,0.0,,,,0.0,0.0,,0.0,0.017891356721520424,0.0,0.0,0.0,0.0,,0.0,0.0,0.0,,,,,0.0,,0.0,0.0,0.0,,,0.0,,0.0,,0.0,0.0024038762785494328,0.0,0.0,,,,0.0,,0.0,0.0,0.0,,,,0.0,0.0,0.0,0.0,0.0,0.0,,0.0,,0.0,,0.0,0.0,,0.0,0.0,0.0,,,0.0,,,0.0,,0.0,,0.0,,0.0,,,0.0,,,,0.024879563599824905,0.0,,0.0,0.0,,,,,0.0,0.0,0.0,,0.0,0.0,0.0,0.0,,0.0,,0.027109283953905106,,,0.0,0.0,0.0,0.0,0.016961153596639633,0.0,,,0.0,,0.0,0.0,0.0,,0.047830305993556976,,,0.0,,0.0,0.0,,0.0,,,0.005867973435670137,,,0.013710405677556992,0.0,0.0,,,0.0,0.0,0.0,,0.0,0.005093374755233526,0.0,,0.0,,0.0,0.0,0.0,,,0.0,0.0,,,0.0,,,0.0,0.0,0.01738576963543892,,0.0,0.0,0.0,0.0,,0.0,0.0,,0.0,0.007405404932796955,0.0,0.0,0.0,0.0,0.0,0.0,0.0,0.0,0.0044178226962685585,0.0,0.0,,0.0,,,0.0,,,0.0,0.0,,0.0,,0.018222598358988762,0.0,,0.0,,0.0,0.0,0.005446802359074354,,0.003526755142956972,0.0,0.0,0.0,0.0,0.0,0.0,0.026967786252498627,0.0,0.0,0.014139175415039062,,,0.0,0.0,0.0,,,,0.0,,0.0,0.0,,,,0.0,,,2.254412538604811e-05,,,,,0.0,,0.0,0.0,0.0,0.004369131289422512,0.0,0.0,0.0,,,0.0,,,0.0,0.0,,,0.023983607068657875,,0.0,0.0,0.0726492628455162,,0.0,,,,,,0.0,,0.0,0.0,0.0,,,,,0.0012693535536527634,,,,,0.0,,,,,,0.0,,,0.0,,0.0,,,0.0,,0.0,,0.0,,,,0.0,,,0.0,,,0.0,0.0,,0.036728087812662125,0.0,,0.0,,,0.0,0.0,0.0,,,,0.0,0.061103783547878265,0.0,,,,,,0.0,0.0,,,,0.0,0.0,,0.0010098691564053297,,,0.0,0.00682015810161829,,,0.0090837636962533,0.0,,0.0,,,0.0,0.0,,0.0,0.0,0.0,0.0,,0.0,0.0,0.0,0.0,0.0,,,0.0,,0.0,0.0,0.0,0.0,,,,0.0,,,0.0,,0.0,,0.04690486937761307,0.0,0.0,0.0,0.0,0.0,,0.0,0.0,,0.0,0.0,,0.0,,,0.0,0.0,0.0,0.0,,0.0,0.0,0.0,0.0,0.0,0.0,0.0,0.0,,0.0,,0.01992693357169628,0.0,0.0,0.0,0.0,,0.0,,0.0,,0.0,,0.0,0.0,0.0,,0.0,,0.0,,0.0,0.0,0.0,0.0,0.0,,0.0,0.0,0.0,,0.0,,0.0,0.0,0.0,0.0,0.0,0.0,0.020718315616250038,0.0,0.011713939718902111,,0.0,0.0,0.0,,,0.0,0.0,,0.0,0.0,0.0,0.0,0.0005151725490577519,0.03065391257405281,0.0,0.0,0.009763581678271294,0.0,0.008226057514548302,,0.0,0.02155236154794693,0.0,0.0,0.0,0.0,0.0,0.014790005050599575,0.0,0.0,0.0,0.0,0.0,0.0,0.0,0.0,0.0,0.0,0.0,0.0,0.0,0.0,0.0,0.0,0.0,0.0,0.0,0.0029736424330621958,0.0,0.0,0.0,0.0,0.0,0.0,0.0,0.0,0.0,0.023071859031915665,0.0,0.0,0.0,0.0,0.0,0.0,0.0,0.014844946563243866,0.0,0.0,0.010997829958796501,0.0,0.0,0.0,0.0,0.0,0.0,0.0,0.0,0.0,0.0,0.0,0.0,0.0,0.0,0.019402706995606422,0.007355102337896824,0.0,0.015439597889780998,0.043199244886636734,0.0,0.0,0.0,0.0,0.0,0.0,0.0,0.0,0.0,0.0,0.0,0.0,0.0,0.0,0.0,0.0,0.002793380757793784,0.0,0.04343167319893837,0.0,0.0,0.033475976437330246,0.03846132010221481,0.0,0.0,0.0,0.0,0.0,0.0,0.0,0.0,0.0,0.0,0.0,0.0,0.0,0.0,0.0,0.0,0.0,0.0,0.0,0.0,0.0,0.0,0.0,0.0021611670963466167,0.0,0.0,0.0,0.0,0.0,0.050311293452978134,0.0,0.0,0.0,0.0,0.0,0.0004580280801746994,0.0,0.0,0.0,0.0,0.0,0.0
2022-04-15,689662.2048761132,699.1120787389264,,,,,,,,,,,76494.84123570709,,1039061.7711000025,,,,,,,,,,,,,,,,,,,,,,,,,,,,,,,,,,,,,,,,,,,,,,,,,,,,,,,,,,,,,11477.546053293394,,,,,,,,,,,,,26269.986725072744,,,,,,,,,128573.48509921551,102173.05227150666,,,,,9397.36373903807,8563.289855440327,65623.15787331731,4218.624851659002,13202.341007065424,16990.134942114262,,,,,,,,,,,,,,,0.0,0.0,,0.0,0.0,0.0,0.0,0.0,,0.0,,0.0,0.0,0.0,,,,,,0.0,,,0.0,,0.0,,,0.0,0.01789705827832222,0.0,,0.0,0.0,,0.0,,,,0.0,0.0,0.0,,0.0,0.0,0.0,,0.0,,,,,0.0,,0.0,0.0,,0.0,0.0,0.0,0.0,,,0.0,0.0,,0.0,0.0,0.0,,0.0,,0.0,,,0.0,,,0.0,,,0.0,,,0.0,,0.0,0.0,,0.0,0.0,,,0.0,,0.0005599708529189229,0.0,,0.0,0.0,,,0.0,0.0,,,,,0.0,,0.0,,0.0,0.0,,0.0,0.0,,0.0,,0.0,,,0.0,0.0,0.0,0.0,0.0,,,,,0.0,0.0,,,0.0,,,,,0.0,0.0,0.0,,0.0,0.0,0.0,0.0,0.012101038359105587,0.0,0.0,,0.0,0.0,0.0,,,,0.0,0.0,,0.0,0.017891356721520424,0.0,0.0,0.0,0.0,,0.0,0.0,0.0,,,,,0.0,,0.0,0.0,0.0,,,0.0,,0.0,,0.0,0.0024038762785494328,0.0,0.0,,,,0.0,,0.0,0.0,0.0,,,,0.0,0.0,0.0,0.0,0.0,0.0,,0.0,,0.0,,0.0,0.0,,0.0,0.0,0.0,,,0.0,,,0.0,,0.0,,0.0,,0.0,,,0.0,,,,0.024879563599824905,0.0,,0.0,0.0,,,,,0.0,0.0,0.0,,0.0,0.0,0.0,0.0,,0.0,,0.027109283953905106,,,0.0,0.0,0.0,0.0,0.016961153596639633,0.0,,,0.0,,0.0,0.0,0.0,,0.047830305993556976,,,0.0,,0.0,0.0,,0.0,,,0.005867973435670137,,,0.013710405677556992,0.0,0.0,,,0.0,0.0,0.0,,0.0,0.005093374755233526,0.0,,0.0,,0.0,0.0,0.0,,,0.0,0.0,,,0.0,,,0.0,0.0,0.01738576963543892,,0.0,0.0,0.0,0.0,,0.0,0.0,,0.0,0.007405404932796955,0.0,0.0,0.0,0.0,0.0,0.0,0.0,0.0,0.0044178226962685585,0.0,0.0,,0.0,,,0.0,,,0.0,0.0,,0.0,,0.018222598358988762,0.0,,0.0,,0.0,0.0,0.005446802359074354,,0.003526755142956972,0.0,0.0,0.0,0.0,0.0,0.0,0.026967786252498627,0.0,0.0,0.014139175415039062,,,0.0,0.0,0.0,,,,0.0,,0.0,0.0,,,,0.0,,,2.254412538604811e-05,,,,,0.0,,0.0,0.0,0.0,0.004369131289422512,0.0,0.0,0.0,,,0.0,,,0.0,0.0,,,0.023983607068657875,,0.0,0.0,0.0726492628455162,,0.0,,,,,,0.0,,0.0,0.0,0.0,,,,,0.0012693535536527634,,,,,0.0,,,,,,0.0,,,0.0,,0.0,,,0.0,,0.0,,0.0,,,,0.0,,,0.0,,,0.0,0.0,,0.036728087812662125,0.0,,0.0,,,0.0,0.0,0.0,,,,0.0,0.061103783547878265,0.0,,,,,,0.0,0.0,,,,0.0,0.0,,0.0010098691564053297,,,0.0,0.00682015810161829,,,0.0090837636962533,0.0,,0.0,,,0.0,0.0,,0.0,0.0,0.0,0.0,,0.0,0.0,0.0,0.0,0.0,,,0.0,,0.0,0.0,0.0,0.0,,,,0.0,,,0.0,,0.0,,0.04690486937761307,0.0,0.0,0.0,0.0,0.0,,0.0,0.0,,0.0,0.0,,0.0,,,0.0,0.0,0.0,0.0,,0.0,0.0,0.0,0.0,0.0,0.0,0.0,0.0,,0.0,,0.01992693357169628,0.0,0.0,0.0,0.0,,0.0,,0.0,,0.0,,0.0,0.0,0.0,,0.0,,0.0,,0.0,0.0,0.0,0.0,0.0,,0.0,0.0,0.0,,0.0,,0.0,0.0,0.0,0.0,0.0,0.0,0.020718315616250038,0.0,0.011713939718902111,,0.0,0.0,0.0,,,0.0,0.0,,0.0,0.0,0.0,0.0,0.0005151725490577519,0.03065391257405281,0.0,0.0,0.009763581678271294,0.0,0.008226057514548302,,0.0,0.02155236154794693,0.0,0.0,0.0,0.0,0.0,0.014790005050599575,0.0,0.0,0.0,0.0,0.0,0.0,0.0,0.0,0.0,0.0,0.0,0.0,0.0,0.0,0.0,0.0,0.0,0.0,0.0,0.0029736424330621958,0.0,0.0,0.0,0.0,0.0,0.0,0.0,0.0,0.0,0.023071859031915665,0.0,0.0,0.0,0.0,0.0,0.0,0.0,0.014844946563243866,0.0,0.0,0.010997829958796501,0.0,0.0,0.0,0.0,0.0,0.0,0.0,0.0,0.0,0.0,0.0,0.0,0.0,0.0,0.019402706995606422,0.007355102337896824,0.0,0.015439597889780998,0.043199244886636734,0.0,0.0,0.0,0.0,0.0,0.0,0.0,0.0,0.0,0.0,0.0,0.0,0.0,0.0,0.0,0.0,0.002793380757793784,0.0,0.04343167319893837,0.0,0.0,0.033475976437330246,0.03846132010221481,0.0,0.0,0.0,0.0,0.0,0.0,0.0,0.0,0.0,0.0,0.0,0.0,0.0,0.0,0.0,0.0,0.0,0.0,0.0,0.0,0.0,0.0,0.0,0.0021611670963466167,0.0,0.0,0.0,0.0,0.0,0.050311293452978134,0.0,0.0,0.0,0.0,0.0,0.0004580280801746994,0.0,0.0,0.0,0.0,0.0,0.0
2022-04-18,697959.0463721979,699.1120787389264,,,,,,,,,,,76494.84123570709,,1039061.7711000025,,,,,,,,,,,,,,,,,,,,,,,,,,,,,,,,,,,,,,,,,,,,,,,,,,,,,,,,,,,,,11477.546053293394,,,,,,,,,,,,,26269.986725072744,,,,,,,,,128573.48509921551,102173.05227150666,,,,,9397.36373903807,8563.289855440327,65623.15787331731,4218.624851659002,13202.341007065424,16990.134942114262,,,,,,,,,,,,,,,0.0,0.0,,0.0,0.0,0.0,0.0,0.0,,0.0,,0.0,0.0,0.0,,,,,,0.0,,,0.0,,0.0,,,0.0,0.01789705827832222,0.0,,0.0,0.0,,0.0,,,,0.0,0.0,0.0,,0.0,0.0,0.0,,0.0,,,,,0.0,,0.0,0.0,,0.0,0.0,0.0,0.0,,,0.0,0.0,,0.0,0.0,0.0,,0.0,,0.0,,,0.0,,,0.0,,,0.0,,,0.0,,0.0,0.0,,0.0,0.0,,,0.0,,0.0005599708529189229,0.0,,0.0,0.0,,,0.0,0.0,,,,,0.0,,0.0,,0.0,0.0,,0.0,0.0,,0.0,,0.0,,,0.0,0.0,0.0,0.0,0.0,,,,,0.0,0.0,,,0.0,,,,,0.0,0.0,0.0,,0.0,0.0,0.0,0.0,0.012101038359105587,0.0,0.0,,0.0,0.0,0.0,,,,0.0,0.0,,0.0,0.017891356721520424,0.0,0.0,0.0,0.0,,0.0,0.0,0.0,,,,,0.0,,0.0,0.0,0.0,,,0.0,,0.0,,0.0,0.0024038762785494328,0.0,0.0,,,,0.0,,0.0,0.0,0.0,,,,0.0,0.0,0.0,0.0,0.0,0.0,,0.0,,0.0,,0.0,0.0,,0.0,0.0,0.0,,,0.0,,,0.0,,0.0,,0.0,,0.0,,,0.0,,,,0.024879563599824905,0.0,,0.0,0.0,,,,,0.0,0.0,0.0,,0.0,0.0,0.0,0.0,,0.0,,0.027109283953905106,,,0.0,0.0,0.0,0.0,0.016961153596639633,0.0,,,0.0,,0.0,0.0,0.0,,0.047830305993556976,,,0.0,,0.0,0.0,,0.0,,,0.005867973435670137,,,0.013710405677556992,0.0,0.0,,,0.0,0.0,0.0,,0.0,0.005093374755233526,0.0,,0.0,,0.0,0.0,0.0,,,0.0,0.0,,,0.0,,,0.0,0.0,0.01738576963543892,,0.0,0.0,0.0,0.0,,0.0,0.0,,0.0,0.007405404932796955,0.0,0.0,0.0,0.0,0.0,0.0,0.0,0.0,0.0044178226962685585,0.0,0.0,,0.0,,,0.0,,,0.0,0.0,,0.0,,0.018222598358988762,0.0,,0.0,,0.0,0.0,0.005446802359074354,,0.003526755142956972,0.0,0.0,0.0,0.0,0.0,0.0,0.026967786252498627,0.0,0.0,0.014139175415039062,,,0.0,0.0,0.0,,,,0.0,,0.0,0.0,,,,0.0,,,2.254412538604811e-05,,,,,0.0,,0.0,0.0,0.0,0.004369131289422512,0.0,0.0,0.0,,,0.0,,,0.0,0.0,,,0.023983607068657875,,0.0,0.0,0.0726492628455162,,0.0,,,,,,0.0,,0.0,0.0,0.0,,,,,0.0012693535536527634,,,,,0.0,,,,,,0.0,,,0.0,,0.0,,,0.0,,0.0,,0.0,,,,0.0,,,0.0,,,0.0,0.0,,0.036728087812662125,0.0,,0.0,,,0.0,0.0,0.0,,,,0.0,0.061103783547878265,0.0,,,,,,0.0,0.0,,,,0.0,0.0,,0.0010098691564053297,,,0.0,0.00682015810161829,,,0.0090837636962533,0.0,,0.0,,,0.0,0.0,,0.0,0.0,0.0,0.0,,0.0,0.0,0.0,0.0,0.0,,,0.0,,0.0,0.0,0.0,0.0,,,,0.0,,,0.0,,0.0,,0.04690486937761307,0.0,0.0,0.0,0.0,0.0,,0.0,0.0,,0.0,0.0,,0.0,,,0.0,0.0,0.0,0.0,,0.0,0.0,0.0,0.0,0.0,0.0,0.0,0.0,,0.0,,0.01992693357169628,0.0,0.0,0.0,0.0,,0.0,,0.0,,0.0,,0.0,0.0,0.0,,0.0,,0.0,,0.0,0.0,0.0,0.0,0.0,,0.0,0.0,0.0,,0.0,,0.0,0.0,0.0,0.0,0.0,0.0,0.020718315616250038,0.0,0.011713939718902111,,0.0,0.0,0.0,,,0.0,0.0,,0.0,0.0,0.0,0.0,0.0005151725490577519,0.03065391257405281,0.0,0.0,0.009763581678271294,0.0,0.008226057514548302,,0.0,0.02155236154794693,0.0,0.0,0.0,0.0,0.0,0.014790005050599575,0.0,0.0,0.0,0.0,0.0,0.0,0.0,0.0,0.0,0.0,0.0,0.0,0.0,0.0,0.0,0.0,0.0,0.0,0.0,0.0029736424330621958,0.0,0.0,0.0,0.0,0.0,0.0,0.0,0.0,0.0,0.023071859031915665,0.0,0.0,0.0,0.0,0.0,0.0,0.0,0.014844946563243866,0.0,0.0,0.010997829958796501,0.0,0.0,0.0,0.0,0.0,0.0,0.0,0.0,0.0,0.0,0.0,0.0,0.0,0.0,0.019402706995606422,0.007355102337896824,0.0,0.015439597889780998,0.043199244886636734,0.0,0.0,0.0,0.0,0.0,0.0,0.0,0.0,0.0,0.0,0.0,0.0,0.0,0.0,0.0,0.0,0.002793380757793784,0.0,0.04343167319893837,0.0,0.0,0.033475976437330246,0.03846132010221481,0.0,0.0,0.0,0.0,0.0,0.0,0.0,0.0,0.0,0.0,0.0,0.0,0.0,0.0,0.0,0.0,0.0,0.0,0.0,0.0,0.0,0.0,0.0,0.0021611670963466167,0.0,0.0,0.0,0.0,0.0,0.050311293452978134,0.0,0.0,0.0,0.0,0.0,0.0004580280801746994,0.0,0.0,0.0,0.0,0.0,0.0
2022-04-19,700900.1708382188,699.1120787389264,,,,,,,,,,,76494.84123570709,,1039061.7711000025,,,,,,,,,,,,,,,,,,,,,,,,,,,,,,,,,,,,,,,,,,,,,,,,,,,,,,,,,,,,,11477.546053293394,,,,,,,,,,,,,26269.986725072744,,,,,,,,,128573.48509921551,102173.05227150666,,,,,9397.36373903807,8563.289855440327,65623.15787331731,4218.624851659002,13202.341007065424,16990.134942114262,,,,,,,,,,,,,,,0.0,0.0,,0.0,0.0,0.0,0.0,0.0,,0.0,,0.0,0.0,0.0,,,,,,0.0,,,0.0,,0.0,,,0.0,0.01789705827832222,0.0,,0.0,0.0,,0.0,,,,0.0,0.0,0.0,,0.0,0.0,0.0,,0.0,,,,,0.0,,0.0,0.0,,0.0,0.0,0.0,0.0,,,0.0,0.0,,0.0,0.0,0.0,,0.0,,0.0,,,0.0,,,0.0,,,0.0,,,0.0,,0.0,0.0,,0.0,0.0,,,0.0,,0.0005599708529189229,0.0,,0.0,0.0,,,0.0,0.0,,,,,0.0,,0.0,,0.0,0.0,,0.0,0.0,,0.0,,0.0,,,0.0,0.0,0.0,0.0,0.0,,,,,0.0,0.0,,,0.0,,,,,0.0,0.0,0.0,,0.0,0.0,0.0,0.0,0.012101038359105587,0.0,0.0,,0.0,0.0,0.0,,,,0.0,0.0,,0.0,0.017891356721520424,0.0,0.0,0.0,0.0,,0.0,0.0,0.0,,,,,0.0,,0.0,0.0,0.0,,,0.0,,0.0,,0.0,0.0024038762785494328,0.0,0.0,,,,0.0,,0.0,0.0,0.0,,,,0.0,0.0,0.0,0.0,0.0,0.0,,0.0,,0.0,,0.0,0.0,,0.0,0.0,0.0,,,0.0,,,0.0,,0.0,,0.0,,0.0,,,0.0,,,,0.024879563599824905,0.0,,0.0,0.0,,,,,0.0,0.0,0.0,,0.0,0.0,0.0,0.0,,0.0,,0.027109283953905106,,,0.0,0.0,0.0,0.0,0.016961153596639633,0.0,,,0.0,,0.0,0.0,0.0,,0.047830305993556976,,,0.0,,0.0,0.0,,0.0,,,0.005867973435670137,,,0.013710405677556992,0.0,0.0,,,0.0,0.0,0.0,,0.0,0.005093374755233526,0.0,,0.0,,0.0,0.0,0.0,,,0.0,0.0,,,0.0,,,0.0,0.0,0.01738576963543892,,0.0,0.0,0.0,0.0,,0.0,0.0,,0.0,0.007405404932796955,0.0,0.0,0.0,0.0,0.0,0.0,0.0,0.0,0.0044178226962685585,0.0,0.0,,0.0,,,0.0,,,0.0,0.0,,0.0,,0.018222598358988762,0.0,,0.0,,0.0,0.0,0.005446802359074354,,0.003526755142956972,0.0,0.0,0.0,0.0,0.0,0.0,0.026967786252498627,0.0,0.0,0.014139175415039062,,,0.0,0.0,0.0,,,,0.0,,0.0,0.0,,,,0.0,,,2.254412538604811e-05,,,,,0.0,,0.0,0.0,0.0,0.004369131289422512,0.0,0.0,0.0,,,0.0,,,0.0,0.0,,,0.023983607068657875,,0.0,0.0,0.0726492628455162,,0.0,,,,,,0.0,,0.0,0.0,0.0,,,,,0.0012693535536527634,,,,,0.0,,,,,,0.0,,,0.0,,0.0,,,0.0,,0.0,,0.0,,,,0.0,,,0.0,,,0.0,0.0,,0.036728087812662125,0.0,,0.0,,,0.0,0.0,0.0,,,,0.0,0.061103783547878265,0.0,,,,,,0.0,0.0,,,,0.0,0.0,,0.0010098691564053297,,,0.0,0.00682015810161829,,,0.0090837636962533,0.0,,0.0,,,0.0,0.0,,0.0,0.0,0.0,0.0,,0.0,0.0,0.0,0.0,0.0,,,0.0,,0.0,0.0,0.0,0.0,,,,0.0,,,0.0,,0.0,,0.04690486937761307,0.0,0.0,0.0,0.0,0.0,,0.0,0.0,,0.0,0.0,,0.0,,,0.0,0.0,0.0,0.0,,0.0,0.0,0.0,0.0,0.0,0.0,0.0,0.0,,0.0,,0.01992693357169628,0.0,0.0,0.0,0.0,,0.0,,0.0,,0.0,,0.0,0.0,0.0,,0.0,,0.0,,0.0,0.0,0.0,0.0,0.0,,0.0,0.0,0.0,,0.0,,0.0,0.0,0.0,0.0,0.0,0.0,0.020718315616250038,0.0,0.011713939718902111,,0.0,0.0,0.0,,,0.0,0.0,,0.0,0.0,0.0,0.0,0.0005151725490577519,0.03065391257405281,0.0,0.0,0.009763581678271294,0.0,0.008226057514548302,,0.0,0.02155236154794693,0.0,0.0,0.0,0.0,0.0,0.014790005050599575,0.0,0.0,0.0,0.0,0.0,0.0,0.0,0.0,0.0,0.0,0.0,0.0,0.0,0.0,0.0,0.0,0.0,0.0,0.0,0.0029736424330621958,0.0,0.0,0.0,0.0,0.0,0.0,0.0,0.0,0.0,0.023071859031915665,0.0,0.0,0.0,0.0,0.0,0.0,0.0,0.014844946563243866,0.0,0.0,0.010997829958796501,0.0,0.0,0.0,0.0,0.0,0.0,0.0,0.0,0.0,0.0,0.0,0.0,0.0,0.0,0.019402706995606422,0.007355102337896824,0.0,0.015439597889780998,0.043199244886636734,0.0,0.0,0.0,0.0,0.0,0.0,0.0,0.0,0.0,0.0,0.0,0.0,0.0,0.0,0.0,0.0,0.002793380757793784,0.0,0.04343167319893837,0.0,0.0,0.033475976437330246,0.03846132010221481,0.0,0.0,0.0,0.0,0.0,0.0,0.0,0.0,0.0,0.0,0.0,0.0,0.0,0.0,0.0,0.0,0.0,0.0,0.0,0.0,0.0,0.0,0.0,0.0021611670963466167,0.0,0.0,0.0,0.0,0.0,0.050311293452978134,0.0,0.0,0.0,0.0,0.0,0.0004580280801746994,0.0,0.0,0.0,0.0,0.0,0.0
2022-04-20,683810.5394770228,699.1120787389264,,,,,,,,,,,76494.84123570709,,1039061.7711000025,,,,,,,,,,,,,,,,,,,,,,,,,,,,,,,,,,,,,,,,,,,,,,,,,,,,,,,,,,,,,11477.546053293394,,,,,,,,,,,,,26269.986725072744,,,,,,,,,128573.48509921551,102173.05227150666,,,,,9397.36373903807,8563.289855440327,65623.15787331731,4218.624851659002,13202.341007065424,16990.134942114262,,,,,,,,,,,,,,,0.0,0.0,,0.0,0.0,0.0,0.0,0.0,,0.0,,0.0,0.0,0.0,,,,,,0.0,,,0.0,,0.0,,,0.0,0.01789705827832222,0.0,,0.0,0.0,,0.0,,,,0.0,0.0,0.0,,0.0,0.0,0.0,,0.0,,,,,0.0,,0.0,0.0,,0.0,0.0,0.0,0.0,,,0.0,0.0,,0.0,0.0,0.0,,0.0,,0.0,,,0.0,,,0.0,,,0.0,,,0.0,,0.0,0.0,,0.0,0.0,,,0.0,,0.0005599708529189229,0.0,,0.0,0.0,,,0.0,0.0,,,,,0.0,,0.0,,0.0,0.0,,0.0,0.0,,0.0,,0.0,,,0.0,0.0,0.0,0.0,0.0,,,,,0.0,0.0,,,0.0,,,,,0.0,0.0,0.0,,0.0,0.0,0.0,0.0,0.012101038359105587,0.0,0.0,,0.0,0.0,0.0,,,,0.0,0.0,,0.0,0.017891356721520424,0.0,0.0,0.0,0.0,,0.0,0.0,0.0,,,,,0.0,,0.0,0.0,0.0,,,0.0,,0.0,,0.0,0.0024038762785494328,0.0,0.0,,,,0.0,,0.0,0.0,0.0,,,,0.0,0.0,0.0,0.0,0.0,0.0,,0.0,,0.0,,0.0,0.0,,0.0,0.0,0.0,,,0.0,,,0.0,,0.0,,0.0,,0.0,,,0.0,,,,0.024879563599824905,0.0,,0.0,0.0,,,,,0.0,0.0,0.0,,0.0,0.0,0.0,0.0,,0.0,,0.027109283953905106,,,0.0,0.0,0.0,0.0,0.016961153596639633,0.0,,,0.0,,0.0,0.0,0.0,,0.047830305993556976,,,0.0,,0.0,0.0,,0.0,,,0.005867973435670137,,,0.013710405677556992,0.0,0.0,,,0.0,0.0,0.0,,0.0,0.005093374755233526,0.0,,0.0,,0.0,0.0,0.0,,,0.0,0.0,,,0.0,,,0.0,0.0,0.01738576963543892,,0.0,0.0,0.0,0.0,,0.0,0.0,,0.0,0.007405404932796955,0.0,0.0,0.0,0.0,0.0,0.0,0.0,0.0,0.0044178226962685585,0.0,0.0,,0.0,,,0.0,,,0.0,0.0,,0.0,,0.018222598358988762,0.0,,0.0,,0.0,0.0,0.005446802359074354,,0.003526755142956972,0.0,0.0,0.0,0.0,0.0,0.0,0.026967786252498627,0.0,0.0,0.014139175415039062,,,0.0,0.0,0.0,,,,0.0,,0.0,0.0,,,,0.0,,,2.254412538604811e-05,,,,,0.0,,0.0,0.0,0.0,0.004369131289422512,0.0,0.0,0.0,,,0.0,,,0.0,0.0,,,0.023983607068657875,,0.0,0.0,0.0726492628455162,,0.0,,,,,,0.0,,0.0,0.0,0.0,,,,,0.0012693535536527634,,,,,0.0,,,,,,0.0,,,0.0,,0.0,,,0.0,,0.0,,0.0,,,,0.0,,,0.0,,,0.0,0.0,,0.036728087812662125,0.0,,0.0,,,0.0,0.0,0.0,,,,0.0,0.061103783547878265,0.0,,,,,,0.0,0.0,,,,0.0,0.0,,0.0010098691564053297,,,0.0,0.00682015810161829,,,0.0090837636962533,0.0,,0.0,,,0.0,0.0,,0.0,0.0,0.0,0.0,,0.0,0.0,0.0,0.0,0.0,,,0.0,,0.0,0.0,0.0,0.0,,,,0.0,,,0.0,,0.0,,0.04690486937761307,0.0,0.0,0.0,0.0,0.0,,0.0,0.0,,0.0,0.0,,0.0,,,0.0,0.0,0.0,0.0,,0.0,0.0,0.0,0.0,0.0,0.0,0.0,0.0,,0.0,,0.01992693357169628,0.0,0.0,0.0,0.0,,0.0,,0.0,,0.0,,0.0,0.0,0.0,,0.0,,0.0,,0.0,0.0,0.0,0.0,0.0,,0.0,0.0,0.0,,0.0,,0.0,0.0,0.0,0.0,0.0,0.0,0.020718315616250038,0.0,0.011713939718902111,,0.0,0.0,0.0,,,0.0,0.0,,0.0,0.0,0.0,0.0,0.0005151725490577519,0.03065391257405281,0.0,0.0,0.009763581678271294,0.0,0.008226057514548302,,0.0,0.02155236154794693,0.0,0.0,0.0,0.0,0.0,0.014790005050599575,0.0,0.0,0.0,0.0,0.0,0.0,0.0,0.0,0.0,0.0,0.0,0.0,0.0,0.0,0.0,0.0,0.0,0.0,0.0,0.0029736424330621958,0.0,0.0,0.0,0.0,0.0,0.0,0.0,0.0,0.0,0.023071859031915665,0.0,0.0,0.0,0.0,0.0,0.0,0.0,0.014844946563243866,0.0,0.0,0.010997829958796501,0.0,0.0,0.0,0.0,0.0,0.0,0.0,0.0,0.0,0.0,0.0,0.0,0.0,0.0,0.019402706995606422,0.007355102337896824,0.0,0.015439597889780998,0.043199244886636734,0.0,0.0,0.0,0.0,0.0,0.0,0.0,0.0,0.0,0.0,0.0,0.0,0.0,0.0,0.0,0.0,0.002793380757793784,0.0,0.04343167319893837,0.0,0.0,0.033475976437330246,0.03846132010221481,0.0,0.0,0.0,0.0,0.0,0.0,0.0,0.0,0.0,0.0,0.0,0.0,0.0,0.0,0.0,0.0,0.0,0.0,0.0,0.0,0.0,0.0,0.0,0.0021611670963466167,0.0,0.0,0.0,0.0,0.0,0.050311293452978134,0.0,0.0,0.0,0.0,0.0,0.0004580280801746994,0.0,0.0,0.0,0.0,0.0,0.0
2022-04-21,667383.4815435028,699.1120787389264,,,,,,,,,,,76494.84123570709,,1039061.7711000025,,,,,,,,,,,,,,,,,,,,,,,,,,,,,,,,,,,,,,,,,,,,,,,,,,,,,,,,,,,,,11477.546053293394,,,,,,,,,,,,,26269.986725072744,,,,,,,,,128573.48509921551,102173.05227150666,,,,,9397.36373903807,8563.289855440327,65623.15787331731,4218.624851659002,13202.341007065424,16990.134942114262,,,,,,,,,,,,,,,0.0,0.0,,0.0,0.0,0.0,0.0,0.0,,0.0,,0.0,0.0,0.0,,,,,,0.0,,,0.0,,0.0,,,0.0,0.01789705827832222,0.0,,0.0,0.0,,0.0,,,,0.0,0.0,0.0,,0.0,0.0,0.0,,0.0,,,,,0.0,,0.0,0.0,,0.0,0.0,0.0,0.0,,,0.0,0.0,,0.0,0.0,0.0,,0.0,,0.0,,,0.0,,,0.0,,,0.0,,,0.0,,0.0,0.0,,0.0,0.0,,,0.0,,0.0005599708529189229,0.0,,0.0,0.0,,,0.0,0.0,,,,,0.0,,0.0,,0.0,0.0,,0.0,0.0,,0.0,,0.0,,,0.0,0.0,0.0,0.0,0.0,,,,,0.0,0.0,,,0.0,,,,,0.0,0.0,0.0,,0.0,0.0,0.0,0.0,0.012101038359105587,0.0,0.0,,0.0,0.0,0.0,,,,0.0,0.0,,0.0,0.017891356721520424,0.0,0.0,0.0,0.0,,0.0,0.0,0.0,,,,,0.0,,0.0,0.0,0.0,,,0.0,,0.0,,0.0,0.0024038762785494328,0.0,0.0,,,,0.0,,0.0,0.0,0.0,,,,0.0,0.0,0.0,0.0,0.0,0.0,,0.0,,0.0,,0.0,0.0,,0.0,0.0,0.0,,,0.0,,,0.0,,0.0,,0.0,,0.0,,,0.0,,,,0.024879563599824905,0.0,,0.0,0.0,,,,,0.0,0.0,0.0,,0.0,0.0,0.0,0.0,,0.0,,0.027109283953905106,,,0.0,0.0,0.0,0.0,0.016961153596639633,0.0,,,0.0,,0.0,0.0,0.0,,0.047830305993556976,,,0.0,,0.0,0.0,,0.0,,,0.005867973435670137,,,0.013710405677556992,0.0,0.0,,,0.0,0.0,0.0,,0.0,0.005093374755233526,0.0,,0.0,,0.0,0.0,0.0,,,0.0,0.0,,,0.0,,,0.0,0.0,0.01738576963543892,,0.0,0.0,0.0,0.0,,0.0,0.0,,0.0,0.007405404932796955,0.0,0.0,0.0,0.0,0.0,0.0,0.0,0.0,0.0044178226962685585,0.0,0.0,,0.0,,,0.0,,,0.0,0.0,,0.0,,0.018222598358988762,0.0,,0.0,,0.0,0.0,0.005446802359074354,,0.003526755142956972,0.0,0.0,0.0,0.0,0.0,0.0,0.026967786252498627,0.0,0.0,0.014139175415039062,,,0.0,0.0,0.0,,,,0.0,,0.0,0.0,,,,0.0,,,2.254412538604811e-05,,,,,0.0,,0.0,0.0,0.0,0.004369131289422512,0.0,0.0,0.0,,,0.0,,,0.0,0.0,,,0.023983607068657875,,0.0,0.0,0.0726492628455162,,0.0,,,,,,0.0,,0.0,0.0,0.0,,,,,0.0012693535536527634,,,,,0.0,,,,,,0.0,,,0.0,,0.0,,,0.0,,0.0,,0.0,,,,0.0,,,0.0,,,0.0,0.0,,0.036728087812662125,0.0,,0.0,,,0.0,0.0,0.0,,,,0.0,0.061103783547878265,0.0,,,,,,0.0,0.0,,,,0.0,0.0,,0.0010098691564053297,,,0.0,0.00682015810161829,,,0.0090837636962533,0.0,,0.0,,,0.0,0.0,,0.0,0.0,0.0,0.0,,0.0,0.0,0.0,0.0,0.0,,,0.0,,0.0,0.0,0.0,0.0,,,,0.0,,,0.0,,0.0,,0.04690486937761307,0.0,0.0,0.0,0.0,0.0,,0.0,0.0,,0.0,0.0,,0.0,,,0.0,0.0,0.0,0.0,,0.0,0.0,0.0,0.0,0.0,0.0,0.0,0.0,,0.0,,0.01992693357169628,0.0,0.0,0.0,0.0,,0.0,,0.0,,0.0,,0.0,0.0,0.0,,0.0,,0.0,,0.0,0.0,0.0,0.0,0.0,,0.0,0.0,0.0,,0.0,,0.0,0.0,0.0,0.0,0.0,0.0,0.020718315616250038,0.0,0.011713939718902111,,0.0,0.0,0.0,,,0.0,0.0,,0.0,0.0,0.0,0.0,0.0005151725490577519,0.03065391257405281,0.0,0.0,0.009763581678271294,0.0,0.008226057514548302,,0.0,0.02155236154794693,0.0,0.0,0.0,0.0,0.0,0.014790005050599575,0.0,0.0,0.0,0.0,0.0,0.0,0.0,0.0,0.0,0.0,0.0,0.0,0.0,0.0,0.0,0.0,0.0,0.0,0.0,0.0029736424330621958,0.0,0.0,0.0,0.0,0.0,0.0,0.0,0.0,0.0,0.023071859031915665,0.0,0.0,0.0,0.0,0.0,0.0,0.0,0.014844946563243866,0.0,0.0,0.010997829958796501,0.0,0.0,0.0,0.0,0.0,0.0,0.0,0.0,0.0,0.0,0.0,0.0,0.0,0.0,0.019402706995606422,0.007355102337896824,0.0,0.015439597889780998,0.043199244886636734,0.0,0.0,0.0,0.0,0.0,0.0,0.0,0.0,0.0,0.0,0.0,0.0,0.0,0.0,0.0,0.0,0.002793380757793784,0.0,0.04343167319893837,0.0,0.0,0.033475976437330246,0.03846132010221481,0.0,0.0,0.0,0.0,0.0,0.0,0.0,0.0,0.0,0.0,0.0,0.0,0.0,0.0,0.0,0.0,0.0,0.0,0.0,0.0,0.0,0.0,0.0,0.0021611670963466167,0.0,0.0,0.0,0.0,0.0,0.050311293452978134,0.0,0.0,0.0,0.0,0.0,0.0004580280801746994,0.0,0.0,0.0,0.0,0.0,0.0
2022-04-22,666483.3599794487,699.1120787389264,,,,,,,,,,,76494.84123570709,,1039061.7711000025,,,,,,,,,,,,,,,,,,,,,,,,,,,,,,,,,,,,,,,,,,,,,,,,,,,,,,,,,,,,,11477.546053293394,,,,,,,,,,,,,26269.986725072744,,,,,,,,,128573.48509921551,102173.05227150666,,,,,9397.36373903807,8563.289855440327,65623.15787331731,4218.624851659002,13202.341007065424,16990.134942114262,,,,,,,,,,,,,,,0.0,0.0,,0.0,0.0,0.0,0.0,0.0,,0.0,,0.0,0.0,0.0,,,,,,0.0,,,0.0,,0.0,,,0.0,0.01789705827832222,0.0,,0.0,0.0,,0.0,,,,0.0,0.0,0.0,,0.0,0.0,0.0,,0.0,,,,,0.0,,0.0,0.0,,0.0,0.0,0.0,0.0,,,0.0,0.0,,0.0,0.0,0.0,,0.0,,0.0,,,0.0,,,0.0,,,0.0,,,0.0,,0.0,0.0,,0.0,0.0,,,0.0,,0.0005599708529189229,0.0,,0.0,0.0,,,0.0,0.0,,,,,0.0,,0.0,,0.0,0.0,,0.0,0.0,,0.0,,0.0,,,0.0,0.0,0.0,0.0,0.0,,,,,0.0,0.0,,,0.0,,,,,0.0,0.0,0.0,,0.0,0.0,0.0,0.0,0.012101038359105587,0.0,0.0,,0.0,0.0,0.0,,,,0.0,0.0,,0.0,0.017891356721520424,0.0,0.0,0.0,0.0,,0.0,0.0,0.0,,,,,0.0,,0.0,0.0,0.0,,,0.0,,0.0,,0.0,0.0024038762785494328,0.0,0.0,,,,0.0,,0.0,0.0,0.0,,,,0.0,0.0,0.0,0.0,0.0,0.0,,0.0,,0.0,,0.0,0.0,,0.0,0.0,0.0,,,0.0,,,0.0,,0.0,,0.0,,0.0,,,0.0,,,,0.024879563599824905,0.0,,0.0,0.0,,,,,0.0,0.0,0.0,,0.0,0.0,0.0,0.0,,0.0,,0.027109283953905106,,,0.0,0.0,0.0,0.0,0.016961153596639633,0.0,,,0.0,,0.0,0.0,0.0,,0.047830305993556976,,,0.0,,0.0,0.0,,0.0,,,0.005867973435670137,,,0.013710405677556992,0.0,0.0,,,0.0,0.0,0.0,,0.0,0.005093374755233526,0.0,,0.0,,0.0,0.0,0.0,,,0.0,0.0,,,0.0,,,0.0,0.0,0.01738576963543892,,0.0,0.0,0.0,0.0,,0.0,0.0,,0.0,0.007405404932796955,0.0,0.0,0.0,0.0,0.0,0.0,0.0,0.0,0.0044178226962685585,0.0,0.0,,0.0,,,0.0,,,0.0,0.0,,0.0,,0.018222598358988762,0.0,,0.0,,0.0,0.0,0.005446802359074354,,0.003526755142956972,0.0,0.0,0.0,0.0,0.0,0.0,0.026967786252498627,0.0,0.0,0.014139175415039062,,,0.0,0.0,0.0,,,,0.0,,0.0,0.0,,,,0.0,,,2.254412538604811e-05,,,,,0.0,,0.0,0.0,0.0,0.004369131289422512,0.0,0.0,0.0,,,0.0,,,0.0,0.0,,,0.023983607068657875,,0.0,0.0,0.0726492628455162,,0.0,,,,,,0.0,,0.0,0.0,0.0,,,,,0.0012693535536527634,,,,,0.0,,,,,,0.0,,,0.0,,0.0,,,0.0,,0.0,,0.0,,,,0.0,,,0.0,,,0.0,0.0,,0.036728087812662125,0.0,,0.0,,,0.0,0.0,0.0,,,,0.0,0.061103783547878265,0.0,,,,,,0.0,0.0,,,,0.0,0.0,,0.0010098691564053297,,,0.0,0.00682015810161829,,,0.0090837636962533,0.0,,0.0,,,0.0,0.0,,0.0,0.0,0.0,0.0,,0.0,0.0,0.0,0.0,0.0,,,0.0,,0.0,0.0,0.0,0.0,,,,0.0,,,0.0,,0.0,,0.04690486937761307,0.0,0.0,0.0,0.0,0.0,,0.0,0.0,,0.0,0.0,,0.0,,,0.0,0.0,0.0,0.0,,0.0,0.0,0.0,0.0,0.0,0.0,0.0,0.0,,0.0,,0.01992693357169628,0.0,0.0,0.0,0.0,,0.0,,0.0,,0.0,,0.0,0.0,0.0,,0.0,,0.0,,0.0,0.0,0.0,0.0,0.0,,0.0,0.0,0.0,,0.0,,0.0,0.0,0.0,0.0,0.0,0.0,0.020718315616250038,0.0,0.011713939718902111,,0.0,0.0,0.0,,,0.0,0.0,,0.0,0.0,0.0,0.0,0.0005151725490577519,0.03065391257405281,0.0,0.0,0.009763581678271294,0.0,0.008226057514548302,,0.0,0.02155236154794693,0.0,0.0,0.0,0.0,0.0,0.014790005050599575,0.0,0.0,0.0,0.0,0.0,0.0,0.0,0.0,0.0,0.0,0.0,0.0,0.0,0.0,0.0,0.0,0.0,0.0,0.0,0.0029736424330621958,0.0,0.0,0.0,0.0,0.0,0.0,0.0,0.0,0.0,0.023071859031915665,0.0,0.0,0.0,0.0,0.0,0.0,0.0,0.014844946563243866,0.0,0.0,0.010997829958796501,0.0,0.0,0.0,0.0,0.0,0.0,0.0,0.0,0.0,0.0,0.0,0.0,0.0,0.0,0.019402706995606422,0.007355102337896824,0.0,0.015439597889780998,0.043199244886636734,0.0,0.0,0.0,0.0,0.0,0.0,0.0,0.0,0.0,0.0,0.0,0.0,0.0,0.0,0.0,0.0,0.002793380757793784,0.0,0.04343167319893837,0.0,0.0,0.033475976437330246,0.03846132010221481,0.0,0.0,0.0,0.0,0.0,0.0,0.0,0.0,0.0,0.0,0.0,0.0,0.0,0.0,0.0,0.0,0.0,0.0,0.0,0.0,0.0,0.0,0.0,0.0021611670963466167,0.0,0.0,0.0,0.0,0.0,0.050311293452978134,0.0,0.0,0.0,0.0,0.0,0.0004580280801746994,0.0,0.0,0.0,0.0,0.0,0.0
2022-04-25,618304.9779082945,384.0426600590563,,,,,,,,,,,76494.84123570709,,1039061.7711000025,,,,,,,,,,,,,,,,,,,,,,,,,,,,,,,,,,,,,,,,,,,,,,,,,,,,,,,,,,,,,,,,,,,,,,,,,5607.451059100075,,,,,,,,,,,,,,,,,,78999.02292437495,4985.688580492262,,39173.6213136329,38086.82022195638,11865.143772403771,2964.490295944938,21425.38585738733,12479.111721102188,,,,,,,,,,0.0,0.0,,0.0,0.0,0.0,0.10753176361322403,0.0,,0.0915370061993599,,0.0,0.0,0.0,,,,,,0.0,,,0.0,,0.0,,,0.028647126629948616,0.0,0.0,,0.0,0.0,,0.0,,,,0.0,0.0,0.0,,0.0,0.01670069247484207,0.0,,0.0,,,,,0.0,,0.0,0.0,,0.0,0.0,0.0,0.0,,,0.0,0.0,,0.0,0.0,0.0,,0.0,,0.0,,,0.04581529274582863,,,0.0,,,0.0,,,0.0,,0.0,0.0,,0.0,0.0,,,0.0,,0.0,0.0,,0.0,0.0,,,0.0,0.0,,,,,0.0,,0.0,,0.0,0.0,,0.0,0.0,,0.0,,0.0,,,0.0,0.0,0.0,0.0,0.0,,,,,0.0,0.0,,,0.0,,,,,0.0,0.0,0.0,,0.0,0.0,0.0,0.0,0.0,0.0,0.0,,0.0,0.0,0.0,,,,0.0,0.0,,0.0,0.0,0.0,0.0,0.0,0.0,,0.0,0.0,0.0,,,,,0.0,,0.0,0.0,0.0,,,0.0,,0.0,,0.0,0.0,0.0,0.0,,,,0.0,,0.0,0.0,0.0,,,,0.0,0.0,0.0,0.0,0.0,0.0,,0.0,,0.0,,0.0,0.0,,0.0,0.0,0.018577422946691513,,,0.0,,,0.0,,0.0,,0.0,,0.0,,,0.0,,,,0.0,0.0,,0.0,0.0,,,,,0.0,0.0,0.0,,0.0,0.0,0.0,0.0,,0.0,,0.0,,,0.0,0.0,0.0,0.0,0.0,0.0,,,0.0,,0.0,0.0,0.0,,0.0,,,0.0,,0.0,0.0,,0.0,,,0.0,,,0.0,0.0,0.0,,,0.0,0.0,0.0,,0.0,0.0,0.0,,0.0,,0.0,0.0,0.0,,,0.0,0.0,,,0.013879475183784962,,,0.0,0.0,0.0,,0.0,0.0,0.0,0.0,,0.0,0.0,,0.0,0.0,0.0,0.0,0.0,0.0,0.0,0.0,0.0,0.0054972246289253235,0.0,0.0,0.0,,0.0,,,0.0,,,0.0,0.0,,0.0,,0.0,0.0,,0.0,,0.0,0.0,0.0,,0.0,0.0,0.0,0.0,0.0,0.0,0.0,0.0,0.0,0.0,0.0,,,0.0,0.0,0.0,,,,0.0,,0.0,0.0,,,,0.0,,,0.0,,,,,0.0,,0.0,0.0,0.0,0.0,0.0,0.0,0.0,,,0.0,,,0.0,0.0,,,0.0,,0.0,0.0,0.0,,0.0,,,,,,0.0,,0.0,0.0,0.0,,,,,0.0,,,,,0.0,,,,,,0.0,,,0.0,,0.0,,,0.0,,0.0,,0.0,,,,0.0,,,0.0,,,0.0,0.04742700606584549,,0.10151050984859467,0.0,,0.0,,,0.0,0.0,0.0,,,,0.022853095084428787,0.0,0.0,,,,,,0.0,0.0,,,,0.0,0.0,,0.0,,,0.0,0.0,,,0.0,0.0,,0.0,,,0.0,0.0,,0.0,0.0,0.0,0.0,,0.0,0.0,0.0,0.0,0.0,,,0.0,,0.0,0.0,0.0,0.0,,,,0.0,,,0.0,,0.0,,0.0,0.0,0.0,0.0,0.0,0.0,,0.0,0.0,,0.0,0.0,,0.0,,,0.0,0.0,0.0,0.0,,0.0,0.0,0.0,0.0,0.0,0.0,0.0,0.0,,0.0,,0.0,0.0,0.0,0.0,0.0,,0.0,,0.0,,0.0,,0.0,0.0,0.0,,0.0,,0.0,,0.0,0.0,0.09632529318332672,0.0,0.0,,0.0,0.0,0.0,,0.0,,0.029655463993549347,0.014686689712107182,0.0,0.0,0.0,0.0,0.0,0.0,0.0,,0.0,0.0,0.0,,,0.0,0.0,,0.0,0.0,0.0,0.0,0.0,0.0,0.0,0.0,0.0,0.0,0.03137238696217537,,0.0,0.0,0.03979651257395744,0.0,0.0,0.0,0.0,0.0,0.0,0.0,0.0,0.0,0.0,0.0,0.0,0.0,0.0,0.0,0.0,0.0,0.0,0.0,0.0,0.0,0.003957964014261961,0.0,0.0,0.0,0.0,0.0,0.0,0.0,0.0,0.0,0.0,0.0,0.0,0.0,0.002037791535258293,0.0,0.0,0.0,0.0,0.0,0.0,0.0,0.0,0.0,0.0,0.0,0.0,0.0,0.0,0.0,0.0,0.0,0.0,0.01937679760158062,0.0,0.0,0.0,0.008389887399971485,0.0,0.0,0.0,0.0,0.0,0.11465069651603699,0.0,0.0,0.0,0.0,0.0,0.0,0.0,0.0,0.0,0.0,0.0,0.0,0.0,0.0,0.0,0.0,0.000528029864653945,0.0,0.10967203974723816,0.0,0.0,0.025114288553595543,0.0,0.0,0.0,0.0,0.0,0.0,0.0,0.0,0.0,0.0,0.0,0.0,0.0,0.0,0.0,0.0,0.0,0.0,0.0,0.0,0.0,0.0,0.0,0.0,0.0,0.0,0.0,0.0,0.0,0.0,0.0,0.0,0.0,0.0,0.0,0.0044595832005143166,0.0,0.0,0.0,0.0,0.0,0.0,0.0
2022-04-26,601141.087032998,468.0905059923691,,,,,,,,,,,76494.84123570709,,1039061.7711000025,,,,,,,,,,,11540.717096281543,,,,,,,,,,,,,,,,,,,,,,,,,,,,,,,,,,,,,,,,,,,,,,,,,,15128.109871896393,,,,,,,,,,,,,,,,,,,,,,,,,,,,,,,,,,,11865.447543048735,,,,34403.282832436234,8144.75995227564,6147.04166636134,6616.55080614146,37587.322844003196,1891.3202123297226,,,,0.0,0.0,,0.0,0.0,0.0,0.021086115390062332,0.0,,0.017719155177474022,,0.0,0.0,0.0,,,,,,0.0,,,0.0,,0.0,,,0.0,0.0,0.0,,0.0,0.0,,0.0,,,,0.0,0.0,0.0,,0.0,0.0,0.0,,0.0,,,,,0.0,,0.0,0.0,,0.0,0.0,0.0,0.0,,,0.0,0.0,,0.04117240011692047,0.0,0.0,,0.0,,0.0,,,0.019602671265602112,,,0.0,,,0.0,,,0.0,,0.0,0.0,,0.005310416221618652,0.0,,,0.0,,0.0,0.04029352590441704,,0.0,0.0,,,0.0,0.0,,,,,0.0,,0.010795355774462223,,0.0,0.0,,0.0,0.0,,0.0,,0.0,,,0.0,0.0,0.0,0.0,0.0,,,,,0.0,0.0,,,0.011207678355276585,,,,,0.012983453460037708,0.0,0.0,,0.0,0.0,0.0,0.0,0.0,0.0,0.0,,0.016023270785808563,0.0,0.0,,,,0.0,0.0,,0.0,0.0,0.0,0.0,0.0,0.0,,0.0,0.0,0.0,,,,,0.0,,0.015213674865663052,0.0,0.0,,,0.0,,0.0,,0.0,0.0,0.0,0.0,,,,0.011203384026885033,,0.0,0.0,0.0,,,,0.0,0.0,0.0,0.0,0.0,0.0,,0.0,,0.0,,0.0,0.0,,0.0164012648165226,0.03664762154221535,0.0,,,0.0,,,0.0,,0.0,,0.0,,0.0,,,0.0,,,,0.0,0.0,,0.0,0.0,,,,,0.0,0.0,0.0,,0.0,0.0,0.0,0.0,,0.0,,0.0,,,0.0,0.0,0.0,0.0,0.0,0.0,,,0.0,,0.0,0.0,0.0,,0.06962310522794724,,,0.0,,0.0,0.0,,0.0,,,0.0,,,0.0,0.0,0.0,,,0.0,0.0,0.0,,0.0,0.0,0.0,,0.0,,0.0,0.0,0.0,,,0.0,0.0,,,0.020549461245536804,,,0.0,0.0,0.0,,0.0,0.03257777541875839,0.016819167882204056,0.009213661774992943,,0.0,0.0,,0.0,0.0,0.0,0.0,0.0,0.0,0.016972113400697708,0.0,0.0,0.0,0.0,0.0,0.0,,0.0,,,0.0,,,0.0,0.0,,0.0,,0.0,0.0,,0.0,,0.0,0.0,0.0,,0.0,0.05898474529385567,0.0,0.0,0.0,0.0,0.0,0.0,0.0,0.0,0.0,,,0.0,0.0,0.0,,,,0.0,,0.0,0.0,,,,0.0,,,0.0,,,,,0.0,,0.0,0.0,0.0,0.0,0.0,0.0,0.0,,,0.0,,,0.0,0.0,,,0.0,,0.0,0.0,0.0,,0.0,,,,,,0.0,,0.0,0.0,0.0,,,,,0.0,,,,,0.0,,,,,,0.0,,,0.04076210781931877,,0.0,,,0.0,,0.0,,0.0,,,,0.0,,,0.0,,,0.0,0.0,,0.0,0.0,,0.0,,,0.0,0.0,0.0,,,,0.0034378506243228912,0.0017533608479425311,0.0,,,,,,0.0,0.0,,,,0.0,0.0,,0.0,,,0.0008571212529204786,0.0,,,0.0,0.044442322105169296,,0.0,,,0.0,0.0,,0.0,0.0,0.0,0.0,,0.0,0.0,0.0,0.0,0.0,,,0.0,,0.0,0.0,0.0,0.0,,,,0.0,,,0.03643579035997391,,0.0,,0.031460314989089966,0.0,0.0,0.0,0.03710131719708443,0.0,,0.0,0.0,,0.0,0.0,,0.0290096253156662,,,0.0,0.0,0.0,0.0,,0.0,0.0,0.0,0.0,0.0,0.0,0.01727190427482128,0.0,,0.0,,0.0,0.0,0.008923131972551346,0.0,0.0,,0.0,,0.0,,0.0,,0.0245292317122221,0.0,0.0,,0.0,,0.0,,0.0,0.0,0.0761645957827568,0.0,0.0,,0.0,0.0,0.0,,0.0,,0.0,0.0,0.0,0.0,0.0,0.0,0.0011542178690433502,0.0,0.0,,0.0,0.0,0.0,,,0.0,0.0,,0.0,0.0,0.0,0.0,0.0,0.0,0.0,0.0,0.0,0.0,0.0,,0.0,0.0,0.0,0.0,0.03450388088822365,0.0,0.0,0.0,0.0,0.0,0.0,0.0,0.0,0.0,0.0,0.0,0.0,0.0,0.0,0.0,0.0,0.0,0.0,0.0,0.0,0.0,0.0,0.0,0.0,0.0,0.0,0.0,0.0,0.0,0.0,0.03545704483985901,0.0,0.0,0.0,0.0,0.0,0.0,0.0,0.0,0.0,0.0,0.0,0.0,0.0,0.0,0.0,0.0028865060303360224,0.0,0.0,0.0,0.0,0.0,0.0,0.0,0.0,0.0,0.0,0.0,0.0,0.0,0.0,0.0,0.0017475854838266969,0.0,0.006004386115819216,0.0,0.0,0.0,0.0,0.0,0.0,0.0,0.0,0.0,0.0,0.0,0.02663126215338707,0.0,0.0,0.0,0.0,0.0,0.0,0.0,0.0,0.0,0.0,0.0,0.0,0.0,0.0,0.0,0.0,0.0,0.0,0.0,0.0,0.0,0.0,0.0,0.0,0.0,0.0,0.0,0.0,0.0,0.0,0.0,0.023635566234588623,0.0,0.0,0.011941894888877869,0.0,0.0,0.0,0.0,0.0,0.0034889376256614923,0.0,0.0,0.0,0.0,0.0,0.0,0.0,0.0,0.0,0.0
2022-04-27,626706.1200165472,252.33924526867486,,,,,,,,,,,76494.84123570709,,1039061.7711000025,,,,,,,,,,,11540.92651573033,,,,,,,,,,,,,,,,,,,,,,,,,,,39993.22409179733,,,,,,,,,,,,,,,,,,,,,,,15128.512059894745,,,,,,,,,,,,,,,,,,,,,,,,,,,,,,,,,,,,,,13775.709345060777,,8491.301628604473,,,,1891.3202123297226,40698.00009920394,45809.047270524454,15875.581648417945,0.0,0.0,,0.0,0.0,0.032165829092264175,0.0,0.0,,0.0,,0.0,0.0,0.0,,,,,,0.0,,,0.0,,0.0,,,0.0,0.0,0.0,,0.0,0.0,,0.0,,,,0.0,0.0181044302880764,0.0,,0.0,0.0,0.007552177645266056,,0.0,,,,,0.0,,0.0,0.0,,0.0,0.0,0.0,0.0,,,0.007423738017678261,0.0,,0.0025245544966310263,0.0,0.0,,0.0,,0.0,,,0.05404789373278618,,,0.0,,,0.0,,,0.0,,0.0,0.0,,0.0,0.0,,,0.019436147063970566,,0.0,0.0,,0.0,0.0,,,0.0,0.006602924317121506,,,,,0.0035431180149316788,,0.0,,0.0,0.0,,0.0,0.0,,0.0,,0.0,,,0.022485647350549698,0.0,0.0,0.0,0.0,,,,,0.0,0.001548555213958025,,,0.0,,,,,0.0006256847991608083,0.0,0.0,,0.0,0.0,0.0,0.0,0.0,0.0,0.002386548789218068,,0.0,0.0,0.0,,,,0.0,0.0,,0.0,0.0,0.0,0.0,0.0,0.0,,0.0,0.0,0.0,,,,,0.0,,0.0,0.0,0.0,,,0.0,,0.0,,0.0,0.0,0.0,0.0,,,,0.019023610278964043,,0.0,0.0,0.0,,,,0.0,0.0,0.0,0.0,0.0,0.0,,0.0020381095819175243,,0.0,,0.0,0.0,,0.0,0.027345111593604088,0.0,,,0.0,,,0.0,,0.0,,0.0,,0.010624958202242851,,,0.0,,,,0.0,0.009068354964256287,,0.0,0.0,,,,,0.0,0.0,0.0,,0.0,0.0,0.0,0.0,,0.0,,0.0,,,0.0,0.0,0.0,0.0,0.0,0.0,,,0.0012944337213411927,,0.0,0.0,0.0,,0.0884244292974472,,,0.00612172344699502,,0.0,0.0,,0.0,,,0.0,,,0.0,0.0,0.0,,,0.0,0.0,0.000760922092013061,,0.0,0.0,0.0,,0.0,,0.0,0.0,0.0,,,0.0,0.02076622098684311,,,0.0,,,0.0,0.0,0.0,,0.0,0.0,0.0,0.026078566908836365,,0.0,0.0,,0.0,0.0,0.0,0.003636399982497096,0.0,0.0,0.010717890225350857,0.0,0.0,0.0,0.000529099372215569,0.0,0.0,,0.0,,,0.0,,,0.0,0.0,,0.0,,0.0,0.0,,0.0,,0.0,0.0,0.0,,0.018671313300728798,0.0,0.0,0.013625061139464378,0.0,0.0,0.0,0.0,0.0,0.0,0.0031591560691595078,,,0.0,0.013349867425858974,0.0,,,,0.0,,0.0,0.0,,,,0.0,,,0.0,,,,,0.0,,0.0,0.00016420564497821033,0.0,0.0,0.0,0.0,0.0,,,0.0,,,0.0,0.0,,,0.0,,0.0,0.0,0.0,,0.0,,,,,,0.0,,0.0,0.0,0.0,,,,,0.0,,,,,0.0005176853737793863,,,,,,0.0,,,0.05937034264206886,,0.0,,,0.0,,0.0,,0.0,,,,0.01705697551369667,,,0.0,,,0.0,0.0,,0.022538475692272186,0.0,,0.0,,,0.0,0.0,0.0,,,,0.0,0.0,0.0,,,,,,0.0,0.0,,,,0.0,0.0,,0.0,,,0.0,0.0,,,0.0,0.03460295498371124,,0.0,,,0.0,0.0,,0.019816339015960693,0.0,0.0,0.0,,0.0,0.0,0.0,0.0,0.0,,,0.0,,0.0,0.0,0.0,0.0,,,,0.0,,,0.0,,0.0,,0.0,0.0,0.0,0.0,0.0,0.0,,0.0,0.0,,0.0,0.0,,0.06478113681077957,,,0.0,0.0,0.0,0.0,,0.0,0.0,0.0,0.0,0.0,0.0,0.01921050250530243,0.0,,0.0,,0.0,0.0,0.0,0.0,0.0,,0.0,,0.0,,0.0,,0.0,0.0,0.0,,0.0,,0.0,,0.0,0.0,0.0,0.01096775196492672,0.0,,0.0,0.0014701014151796699,0.0,,0.005125739146023989,,0.0,0.007840300910174847,0.0,0.0,0.0,0.0,0.0,0.0,0.0044894288294017315,,0.00530617218464613,0.0,0.0,,,0.0,0.0,,0.0,0.0,0.0,0.0,0.0,0.0,0.0,0.0,0.0,0.0,0.015360762365162373,,0.026050660759210587,0.0,0.007896216586232185,0.0,0.015410416759550571,0.0,0.0,0.0,0.0,0.0,0.0,0.0,0.0,0.0,0.0,0.0,0.0,0.0,0.0,0.0,0.0,0.0,0.0,0.0,0.0,0.0,0.0,0.0,0.0,0.0,0.0,0.0,0.0,0.0,0.0,0.03154827654361725,0.0021745359990745783,0.0,0.0,0.0,0.0,0.014290479011833668,0.0,0.0,0.0,0.0,0.0,0.0,0.0,0.0010335164843127131,0.0,0.0,0.0,0.0,0.0,0.0,0.0,0.0,0.0,0.0,0.0,0.0,0.0,0.0,0.006967326160520315,0.0,0.0,0.0,0.019095228984951973,0.0,0.0,0.0,0.0,0.0,0.006337939761579037,0.0,0.0,0.0,0.0,0.0,0.0,0.026182465255260468,0.0,0.0,0.0029705921187996864,0.0,0.02347339689731598,0.0,0.0,0.008121228776872158,0.0,0.0,0.0,0.0,0.0,0.0,0.0,0.0,0.0,0.0,0.0,0.0,0.0,0.0,0.0,0.0,0.0,0.0,0.0,0.0,0.0,0.0,0.0,0.03261739760637283,0.005954995285719633,0.0,0.013853570446372032,0.0,0.0,0.0,0.0,0.0,0.0,0.0,0.0,0.0,0.0,0.013720358721911907,0.0,0.0,0.0,0.0,0.0
2022-04-28,634238.9516600866,674.2987917753217,,,,,,,,,,,76494.84123570709,,1039061.7711000025,,,,,,,,,,,11540.92651573033,,,,,,,,,,,,,,,,,,,,,,,,,,,39993.22409179733,,,,,,,,,,,,,,,,,,,,,,,15129.818730478977,,,,,,,,,,,,,,,,,,,,,,,,,,,,,,,,,,,,,,13450.744731809325,,8144.524401631985,,,,5674.400169861662,41296.22646614682,44206.07830473237,16736.172325424497,0.0,0.0,,0.0,0.0,0.032165829092264175,0.0,0.0,,0.0,,0.0,0.0,0.0,,,,,,0.0,,,0.0,,0.0,,,0.0,0.0,0.0,,0.0,0.0,,0.0,,,,0.0,0.0181044302880764,0.0,,0.0,0.0,0.007552177645266056,,0.0,,,,,0.0,,0.0,0.0,,0.0,0.0,0.0,0.0,,,0.007423738017678261,0.0,,0.0025245544966310263,0.0,0.0,,0.0,,0.0,,,0.05404789373278618,,,0.0,,,0.0,,,0.0,,0.0,0.0,,0.0,0.0,,,0.019436147063970566,,0.0,0.0,,0.0,0.0,,,0.0,0.006602924317121506,,,,,0.0035431180149316788,,0.0,,0.0,0.0,,0.0,0.0,,0.0,,0.0,,,0.022485647350549698,0.0,0.0,0.0,0.0,,,,,0.0,0.001548555213958025,,,0.0,,,,,0.0006256847991608083,0.0,0.0,,0.0,0.0,0.0,0.0,0.0,0.0,0.002386548789218068,,0.0,0.0,0.0,,,,0.0,0.0,,0.0,0.0,0.0,0.0,0.0,0.0,,0.0,0.0,0.0,,,,,0.0,,0.0,0.0,0.0,,,0.0,,0.0,,0.0,0.0,0.0,0.0,,,,0.019023610278964043,,0.0,0.0,0.0,,,,0.0,0.0,0.0,0.0,0.0,0.0,,0.0020381095819175243,,0.0,,0.0,0.0,,0.0,0.027345111593604088,0.0,,,0.0,,,0.0,,0.0,,0.0,,0.010624958202242851,,,0.0,,,,0.0,0.009068354964256287,,0.0,0.0,,,,,0.0,0.0,0.0,,0.0,0.0,0.0,0.0,,0.0,,0.0,,,0.0,0.0,0.0,0.0,0.0,0.0,,,0.0012944337213411927,,0.0,0.0,0.0,,0.0884244292974472,,,0.00612172344699502,,0.0,0.0,,0.0,,,0.0,,,0.0,0.0,0.0,,,0.0,0.0,0.000760922092013061,,0.0,0.0,0.0,,0.0,,0.0,0.0,0.0,,,0.0,0.02076622098684311,,,0.0,,,0.0,0.0,0.0,,0.0,0.0,0.0,0.026078566908836365,,0.0,0.0,,0.0,0.0,0.0,0.003636399982497096,0.0,0.0,0.010717890225350857,0.0,0.0,0.0,0.000529099372215569,0.0,0.0,,0.0,,,0.0,,,0.0,0.0,,0.0,,0.0,0.0,,0.0,,0.0,0.0,0.0,,0.018671313300728798,0.0,0.0,0.013625061139464378,0.0,0.0,0.0,0.0,0.0,0.0,0.0031591560691595078,,,0.0,0.013349867425858974,0.0,,,,0.0,,0.0,0.0,,,,0.0,,,0.0,,,,,0.0,,0.0,0.00016420564497821033,0.0,0.0,0.0,0.0,0.0,,,0.0,,,0.0,0.0,,,0.0,,0.0,0.0,0.0,,0.0,,,,,,0.0,,0.0,0.0,0.0,,,,,0.0,,,,,0.0005176853737793863,,,,,,0.0,,,0.05937034264206886,,0.0,,,0.0,,0.0,,0.0,,,,0.01705697551369667,,,0.0,,,0.0,0.0,,0.022538475692272186,0.0,,0.0,,,0.0,0.0,0.0,,,,0.0,0.0,0.0,,,,,,0.0,0.0,,,,0.0,0.0,,0.0,,,0.0,0.0,,,0.0,0.03460295498371124,,0.0,,,0.0,0.0,,0.019816339015960693,0.0,0.0,0.0,,0.0,0.0,0.0,0.0,0.0,,,0.0,,0.0,0.0,0.0,0.0,,,,0.0,,,0.0,,0.0,,0.0,0.0,0.0,0.0,0.0,0.0,,0.0,0.0,,0.0,0.0,,0.06478113681077957,,,0.0,0.0,0.0,0.0,,0.0,0.0,0.0,0.0,0.0,0.0,0.01921050250530243,0.0,,0.0,,0.0,0.0,0.0,0.0,0.0,,0.0,,0.0,,0.0,,0.0,0.0,0.0,,0.0,,0.0,,0.0,0.0,0.0,0.01096775196492672,0.0,,0.0,0.0014701014151796699,0.0,,0.005125739146023989,,0.0,0.007840300910174847,0.0,0.0,0.0,0.0,0.0,0.0,0.0044894288294017315,,0.00530617218464613,0.0,0.0,,,0.0,0.0,,0.0,0.0,0.0,0.0,0.0,0.0,0.0,0.0,0.0,0.0,0.015360762365162373,,0.026050660759210587,0.0,0.007896216586232185,0.0,0.015410416759550571,0.0,0.0,0.0,0.0,0.0,0.0,0.0,0.0,0.0,0.0,0.0,0.0,0.0,0.0,0.0,0.0,0.0,0.0,0.0,0.0,0.0,0.0,0.0,0.0,0.0,0.0,0.0,0.0,0.0,0.0,0.03154827654361725,0.0021745359990745783,0.0,0.0,0.0,0.0,0.014290479011833668,0.0,0.0,0.0,0.0,0.0,0.0,0.0,0.0010335164843127131,0.0,0.0,0.0,0.0,0.0,0.0,0.0,0.0,0.0,0.0,0.0,0.0,0.0,0.0,0.006967326160520315,0.0,0.0,0.0,0.019095228984951973,0.0,0.0,0.0,0.0,0.0,0.006337939761579037,0.0,0.0,0.0,0.0,0.0,0.0,0.026182465255260468,0.0,0.0,0.0029705921187996864,0.0,0.02347339689731598,0.0,0.0,0.008121228776872158,0.0,0.0,0.0,0.0,0.0,0.0,0.0,0.0,0.0,0.0,0.0,0.0,0.0,0.0,0.0,0.0,0.0,0.0,0.0,0.0,0.0,0.0,0.0,0.03261739760637283,0.005954995285719633,0.0,0.013853570446372032,0.0,0.0,0.0,0.0,0.0,0.0,0.0,0.0,0.0,0.0,0.013720358721911907,0.0,0.0,0.0,0.0,0.0
2022-04-29,646397.205343071,428.97337265505575,,,,,,,,,,,76494.84123570709,,1039061.7711000025,,,,,,,,,,,11540.73762726402,,,,,,,,,,,,,,,,,,,,,,,,,,,40265.306408571865,,,,,,,,,,,,,,,,,,,,,,,15129.818730478977,,,,,,,,,,,,,,,,,,,,,,,,,,,,,,,,,,,,,,13450.744731809325,,7798.305717454721,,,,18919.24175356575,41307.40708690355,43143.17938734634,16164.076805534216,0.0,0.0,,0.0,0.0,0.032165829092264175,0.0,0.0,,0.0,,0.0,0.0,0.0,,,,,,0.0,,,0.0,,0.0,,,0.0,0.0,0.0,,0.0,0.0,,0.0,,,,0.0,0.0181044302880764,0.0,,0.0,0.0,0.007552177645266056,,0.0,,,,,0.0,,0.0,0.0,,0.0,0.0,0.0,0.0,,,0.007423738017678261,0.0,,0.0025245544966310263,0.0,0.0,,0.0,,0.0,,,0.05404789373278618,,,0.0,,,0.0,,,0.0,,0.0,0.0,,0.0,0.0,,,0.019436147063970566,,0.0,0.0,,0.0,0.0,,,0.0,0.006602924317121506,,,,,0.0035431180149316788,,0.0,,0.0,0.0,,0.0,0.0,,0.0,,0.0,,,0.022485647350549698,0.0,0.0,0.0,0.0,,,,,0.0,0.001548555213958025,,,0.0,,,,,0.0006256847991608083,0.0,0.0,,0.0,0.0,0.0,0.0,0.0,0.0,0.002386548789218068,,0.0,0.0,0.0,,,,0.0,0.0,,0.0,0.0,0.0,0.0,0.0,0.0,,0.0,0.0,0.0,,,,,0.0,,0.0,0.0,0.0,,,0.0,,0.0,,0.0,0.0,0.0,0.0,,,,0.019023610278964043,,0.0,0.0,0.0,,,,0.0,0.0,0.0,0.0,0.0,0.0,,0.0020381095819175243,,0.0,,0.0,0.0,,0.0,0.027345111593604088,0.0,,,0.0,,,0.0,,0.0,,0.0,,0.010624958202242851,,,0.0,,,,0.0,0.009068354964256287,,0.0,0.0,,,,,0.0,0.0,0.0,,0.0,0.0,0.0,0.0,,0.0,,0.0,,,0.0,0.0,0.0,0.0,0.0,0.0,,,0.0012944337213411927,,0.0,0.0,0.0,,0.0884244292974472,,,0.00612172344699502,,0.0,0.0,,0.0,,,0.0,,,0.0,0.0,0.0,,,0.0,0.0,0.000760922092013061,,0.0,0.0,0.0,,0.0,,0.0,0.0,0.0,,,0.0,0.02076622098684311,,,0.0,,,0.0,0.0,0.0,,0.0,0.0,0.0,0.026078566908836365,,0.0,0.0,,0.0,0.0,0.0,0.003636399982497096,0.0,0.0,0.010717890225350857,0.0,0.0,0.0,0.000529099372215569,0.0,0.0,,0.0,,,0.0,,,0.0,0.0,,0.0,,0.0,0.0,,0.0,,0.0,0.0,0.0,,0.018671313300728798,0.0,0.0,0.013625061139464378,0.0,0.0,0.0,0.0,0.0,0.0,0.0031591560691595078,,,0.0,0.013349867425858974,0.0,,,,0.0,,0.0,0.0,,,,0.0,,,0.0,,,,,0.0,,0.0,0.00016420564497821033,0.0,0.0,0.0,0.0,0.0,,,0.0,,,0.0,0.0,,,0.0,,0.0,0.0,0.0,,0.0,,,,,,0.0,,0.0,0.0,0.0,,,,,0.0,,,,,0.0005176853737793863,,,,,,0.0,,,0.05937034264206886,,0.0,,,0.0,,0.0,,0.0,,,,0.01705697551369667,,,0.0,,,0.0,0.0,,0.022538475692272186,0.0,,0.0,,,0.0,0.0,0.0,,,,0.0,0.0,0.0,,,,,,0.0,0.0,,,,0.0,0.0,,0.0,,,0.0,0.0,,,0.0,0.03460295498371124,,0.0,,,0.0,0.0,,0.019816339015960693,0.0,0.0,0.0,,0.0,0.0,0.0,0.0,0.0,,,0.0,,0.0,0.0,0.0,0.0,,,,0.0,,,0.0,,0.0,,0.0,0.0,0.0,0.0,0.0,0.0,,0.0,0.0,,0.0,0.0,,0.06478113681077957,,,0.0,0.0,0.0,0.0,,0.0,0.0,0.0,0.0,0.0,0.0,0.01921050250530243,0.0,,0.0,,0.0,0.0,0.0,0.0,0.0,,0.0,,0.0,,0.0,,0.0,0.0,0.0,,0.0,,0.0,,0.0,0.0,0.0,0.01096775196492672,0.0,,0.0,0.0014701014151796699,0.0,,0.005125739146023989,,0.0,0.007840300910174847,0.0,0.0,0.0,0.0,0.0,0.0,0.0044894288294017315,,0.00530617218464613,0.0,0.0,,,0.0,0.0,,0.0,0.0,0.0,0.0,0.0,0.0,0.0,0.0,0.0,0.0,0.015360762365162373,,0.026050660759210587,0.0,0.007896216586232185,0.0,0.015410416759550571,0.0,0.0,0.0,0.0,0.0,0.0,0.0,0.0,0.0,0.0,0.0,0.0,0.0,0.0,0.0,0.0,0.0,0.0,0.0,0.0,0.0,0.0,0.0,0.0,0.0,0.0,0.0,0.0,0.0,0.0,0.03154827654361725,0.0021745359990745783,0.0,0.0,0.0,0.0,0.014290479011833668,0.0,0.0,0.0,0.0,0.0,0.0,0.0,0.0010335164843127131,0.0,0.0,0.0,0.0,0.0,0.0,0.0,0.0,0.0,0.0,0.0,0.0,0.0,0.0,0.006967326160520315,0.0,0.0,0.0,0.019095228984951973,0.0,0.0,0.0,0.0,0.0,0.006337939761579037,0.0,0.0,0.0,0.0,0.0,0.0,0.026182465255260468,0.0,0.0,0.0029705921187996864,0.0,0.02347339689731598,0.0,0.0,0.008121228776872158,0.0,0.0,0.0,0.0,0.0,0.0,0.0,0.0,0.0,0.0,0.0,0.0,0.0,0.0,0.0,0.0,0.0,0.0,0.0,0.0,0.0,0.0,0.0,0.03261739760637283,0.005954995285719633,0.0,0.013853570446372032,0.0,0.0,0.0,0.0,0.0,0.0,0.0,0.0,0.0,0.0,0.013720358721911907,0.0,0.0,0.0,0.0,0.0
2022-05-05,648604.1769851231,104.92688421116236,,,,,,,,,,,76494.84123570709,,1039061.7711000025,,,,,,,,,,,11143.501441501558,,,,,,,,,,,,,,,,,,,,,,,,,,,40537.38287896311,,,,,,,,,,,,,,,,,,,,,,,15128.91309319638,,,,,,,,,,,,,,,,,,,,,,,,,,,,,,,,,,,,,,13289.220282609422,,7798.477293740671,,,,18919.24175356575,41273.12931331933,45274.23836709292,16164.076805534216,0.0,0.0,,0.0,0.0,0.032165829092264175,0.0,0.0,,0.0,,0.0,0.0,0.0,,,,,,0.0,,,0.0,,0.0,,,0.0,0.0,0.0,,0.0,0.0,,0.0,,,,0.0,0.0181044302880764,0.0,,0.0,0.0,0.007552177645266056,,0.0,,,,,0.0,,0.0,0.0,,0.0,0.0,0.0,0.0,,,0.007423738017678261,0.0,,0.0025245544966310263,0.0,0.0,,0.0,,0.0,,,0.05404789373278618,,,0.0,,,0.0,,,0.0,,0.0,0.0,,0.0,0.0,,,0.019436147063970566,,0.0,0.0,,0.0,0.0,,,0.0,0.006602924317121506,,,,,0.0035431180149316788,,0.0,,0.0,0.0,,0.0,0.0,,0.0,,0.0,,,0.022485647350549698,0.0,0.0,0.0,0.0,,,,,0.0,0.001548555213958025,,,0.0,,,,,0.0006256847991608083,0.0,0.0,,0.0,0.0,0.0,0.0,0.0,0.0,0.002386548789218068,,0.0,0.0,0.0,,,,0.0,0.0,,0.0,0.0,0.0,0.0,0.0,0.0,,0.0,0.0,0.0,,,,,0.0,,0.0,0.0,0.0,,,0.0,,0.0,,0.0,0.0,0.0,0.0,,,,0.019023610278964043,,0.0,0.0,0.0,,,,0.0,0.0,0.0,0.0,0.0,0.0,,0.0020381095819175243,,0.0,,0.0,0.0,,0.0,0.027345111593604088,0.0,,,0.0,,,0.0,,0.0,,0.0,,0.010624958202242851,,,0.0,,,,0.0,0.009068354964256287,,0.0,0.0,,,,,0.0,0.0,0.0,,0.0,0.0,0.0,0.0,,0.0,,0.0,,,0.0,0.0,0.0,0.0,0.0,0.0,,,0.0012944337213411927,,0.0,0.0,0.0,,0.0884244292974472,,,0.00612172344699502,,0.0,0.0,,0.0,,,0.0,,,0.0,0.0,0.0,,,0.0,0.0,0.000760922092013061,,0.0,0.0,0.0,,0.0,,0.0,0.0,0.0,,,0.0,0.02076622098684311,,,0.0,,,0.0,0.0,0.0,,0.0,0.0,0.0,0.026078566908836365,,0.0,0.0,,0.0,0.0,0.0,0.003636399982497096,0.0,0.0,0.010717890225350857,0.0,0.0,0.0,0.000529099372215569,0.0,0.0,,0.0,,,0.0,,,0.0,0.0,,0.0,,0.0,0.0,,0.0,,0.0,0.0,0.0,,0.018671313300728798,0.0,0.0,0.013625061139464378,0.0,0.0,0.0,0.0,0.0,0.0,0.0031591560691595078,,,0.0,0.013349867425858974,0.0,,,,0.0,,0.0,0.0,,,,0.0,,,0.0,,,,,0.0,,0.0,0.00016420564497821033,0.0,0.0,0.0,0.0,0.0,,,0.0,,,0.0,0.0,,,0.0,,0.0,0.0,0.0,,0.0,,,,,,0.0,,0.0,0.0,0.0,,,,,0.0,,,,,0.0005176853737793863,,,,,,0.0,,,0.05937034264206886,,0.0,,,0.0,,0.0,,0.0,,,,0.01705697551369667,,,0.0,,,0.0,0.0,,0.022538475692272186,0.0,,0.0,,,0.0,0.0,0.0,,,,0.0,0.0,0.0,,,,,,0.0,0.0,,,,0.0,0.0,,0.0,,,0.0,0.0,,,0.0,0.03460295498371124,,0.0,,,0.0,0.0,,0.019816339015960693,0.0,0.0,0.0,,0.0,0.0,0.0,0.0,0.0,,,0.0,,0.0,0.0,0.0,0.0,,,,0.0,,,0.0,,0.0,,0.0,0.0,0.0,0.0,0.0,0.0,,0.0,0.0,,0.0,0.0,,0.06478113681077957,,,0.0,0.0,0.0,0.0,,0.0,0.0,0.0,0.0,0.0,0.0,0.01921050250530243,0.0,,0.0,,0.0,0.0,0.0,0.0,0.0,,0.0,,0.0,,0.0,,0.0,0.0,0.0,,0.0,,0.0,,0.0,0.0,0.0,0.01096775196492672,0.0,,0.0,0.0014701014151796699,0.0,,0.005125739146023989,,0.0,0.007840300910174847,0.0,0.0,0.0,0.0,0.0,0.0,0.0044894288294017315,,0.00530617218464613,0.0,0.0,,,0.0,0.0,,0.0,0.0,0.0,0.0,0.0,0.0,0.0,0.0,0.0,0.0,0.015360762365162373,,0.026050660759210587,0.0,0.007896216586232185,0.0,0.015410416759550571,0.0,0.0,0.0,0.0,0.0,0.0,0.0,0.0,0.0,0.0,0.0,0.0,0.0,0.0,0.0,0.0,0.0,0.0,0.0,0.0,0.0,0.0,0.0,0.0,0.0,0.0,0.0,0.0,0.0,0.0,0.03154827654361725,0.0021745359990745783,0.0,0.0,0.0,0.0,0.014290479011833668,0.0,0.0,0.0,0.0,0.0,0.0,0.0,0.0010335164843127131,0.0,0.0,0.0,0.0,0.0,0.0,0.0,0.0,0.0,0.0,0.0,0.0,0.0,0.0,0.006967326160520315,0.0,0.0,0.0,0.019095228984951973,0.0,0.0,0.0,0.0,0.0,0.006337939761579037,0.0,0.0,0.0,0.0,0.0,0.0,0.026182465255260468,0.0,0.0,0.0029705921187996864,0.0,0.02347339689731598,0.0,0.0,0.008121228776872158,0.0,0.0,0.0,0.0,0.0,0.0,0.0,0.0,0.0,0.0,0.0,0.0,0.0,0.0,0.0,0.0,0.0,0.0,0.0,0.0,0.0,0.0,0.0,0.03261739760637283,0.005954995285719633,0.0,0.013853570446372032,0.0,0.0,0.0,0.0,0.0,0.0,0.0,0.0,0.0,0.0,0.013720358721911907,0.0,0.0,0.0,0.0,0.0
2022-05-06,646371.0406080635,14.786119703722306,,,,,,,,,,,76494.84123570709,,1039061.7711000025,,,,,,,,,,,11142.787765046558,,,,,,,,,,,,,,,,,,,,,,,,,,,40537.38287896311,,,,,,,,,,,,,,,,,,,,,,,15128.91309319638,,,,,,,,,,,,,,,,,,,,,,,,,,,,,,,,,,,,,,13126.433871853897,,7798.477293740671,,,,26486.999863127847,41273.48020861211,43695.06906143919,16019.985608812045,0.0,0.0,,0.0,0.0,0.032165829092264175,0.0,0.0,,0.0,,0.0,0.0,0.0,,,,,,0.0,,,0.0,,0.0,,,0.0,0.0,0.0,,0.0,0.0,,0.0,,,,0.0,0.0181044302880764,0.0,,0.0,0.0,0.007552177645266056,,0.0,,,,,0.0,,0.0,0.0,,0.0,0.0,0.0,0.0,,,0.007423738017678261,0.0,,0.0025245544966310263,0.0,0.0,,0.0,,0.0,,,0.05404789373278618,,,0.0,,,0.0,,,0.0,,0.0,0.0,,0.0,0.0,,,0.019436147063970566,,0.0,0.0,,0.0,0.0,,,0.0,0.006602924317121506,,,,,0.0035431180149316788,,0.0,,0.0,0.0,,0.0,0.0,,0.0,,0.0,,,0.022485647350549698,0.0,0.0,0.0,0.0,,,,,0.0,0.001548555213958025,,,0.0,,,,,0.0006256847991608083,0.0,0.0,,0.0,0.0,0.0,0.0,0.0,0.0,0.002386548789218068,,0.0,0.0,0.0,,,,0.0,0.0,,0.0,0.0,0.0,0.0,0.0,0.0,,0.0,0.0,0.0,,,,,0.0,,0.0,0.0,0.0,,,0.0,,0.0,,0.0,0.0,0.0,0.0,,,,0.019023610278964043,,0.0,0.0,0.0,,,,0.0,0.0,0.0,0.0,0.0,0.0,,0.0020381095819175243,,0.0,,0.0,0.0,,0.0,0.027345111593604088,0.0,,,0.0,,,0.0,,0.0,,0.0,,0.010624958202242851,,,0.0,,,,0.0,0.009068354964256287,,0.0,0.0,,,,,0.0,0.0,0.0,,0.0,0.0,0.0,0.0,,0.0,,0.0,,,0.0,0.0,0.0,0.0,0.0,0.0,,,0.0012944337213411927,,0.0,0.0,0.0,,0.0884244292974472,,,0.00612172344699502,,0.0,0.0,,0.0,,,0.0,,,0.0,0.0,0.0,,,0.0,0.0,0.000760922092013061,,0.0,0.0,0.0,,0.0,,0.0,0.0,0.0,,,0.0,0.02076622098684311,,,0.0,,,0.0,0.0,0.0,,0.0,0.0,0.0,0.026078566908836365,,0.0,0.0,,0.0,0.0,0.0,0.003636399982497096,0.0,0.0,0.010717890225350857,0.0,0.0,0.0,0.000529099372215569,0.0,0.0,,0.0,,,0.0,,,0.0,0.0,,0.0,,0.0,0.0,,0.0,,0.0,0.0,0.0,,0.018671313300728798,0.0,0.0,0.013625061139464378,0.0,0.0,0.0,0.0,0.0,0.0,0.0031591560691595078,,,0.0,0.013349867425858974,0.0,,,,0.0,,0.0,0.0,,,,0.0,,,0.0,,,,,0.0,,0.0,0.00016420564497821033,0.0,0.0,0.0,0.0,0.0,,,0.0,,,0.0,0.0,,,0.0,,0.0,0.0,0.0,,0.0,,,,,,0.0,,0.0,0.0,0.0,,,,,0.0,,,,,0.0005176853737793863,,,,,,0.0,,,0.05937034264206886,,0.0,,,0.0,,0.0,,0.0,,,,0.01705697551369667,,,0.0,,,0.0,0.0,,0.022538475692272186,0.0,,0.0,,,0.0,0.0,0.0,,,,0.0,0.0,0.0,,,,,,0.0,0.0,,,,0.0,0.0,,0.0,,,0.0,0.0,,,0.0,0.03460295498371124,,0.0,,,0.0,0.0,,0.019816339015960693,0.0,0.0,0.0,,0.0,0.0,0.0,0.0,0.0,,,0.0,,0.0,0.0,0.0,0.0,,,,0.0,,,0.0,,0.0,,0.0,0.0,0.0,0.0,0.0,0.0,,0.0,0.0,,0.0,0.0,,0.06478113681077957,,,0.0,0.0,0.0,0.0,,0.0,0.0,0.0,0.0,0.0,0.0,0.01921050250530243,0.0,,0.0,,0.0,0.0,0.0,0.0,0.0,,0.0,,0.0,,0.0,,0.0,0.0,0.0,,0.0,,0.0,,0.0,0.0,0.0,0.01096775196492672,0.0,,0.0,0.0014701014151796699,0.0,,0.005125739146023989,,0.0,0.007840300910174847,0.0,0.0,0.0,0.0,0.0,0.0,0.0044894288294017315,,0.00530617218464613,0.0,0.0,,,0.0,0.0,,0.0,0.0,0.0,0.0,0.0,0.0,0.0,0.0,0.0,0.0,0.015360762365162373,,0.026050660759210587,0.0,0.007896216586232185,0.0,0.015410416759550571,0.0,0.0,0.0,0.0,0.0,0.0,0.0,0.0,0.0,0.0,0.0,0.0,0.0,0.0,0.0,0.0,0.0,0.0,0.0,0.0,0.0,0.0,0.0,0.0,0.0,0.0,0.0,0.0,0.0,0.0,0.03154827654361725,0.0021745359990745783,0.0,0.0,0.0,0.0,0.014290479011833668,0.0,0.0,0.0,0.0,0.0,0.0,0.0,0.0010335164843127131,0.0,0.0,0.0,0.0,0.0,0.0,0.0,0.0,0.0,0.0,0.0,0.0,0.0,0.0,0.006967326160520315,0.0,0.0,0.0,0.019095228984951973,0.0,0.0,0.0,0.0,0.0,0.006337939761579037,0.0,0.0,0.0,0.0,0.0,0.0,0.026182465255260468,0.0,0.0,0.0029705921187996864,0.0,0.02347339689731598,0.0,0.0,0.008121228776872158,0.0,0.0,0.0,0.0,0.0,0.0,0.0,0.0,0.0,0.0,0.0,0.0,0.0,0.0,0.0,0.0,0.0,0.0,0.0,0.0,0.0,0.0,0.0,0.03261739760637283,0.005954995285719633,0.0,0.013853570446372032,0.0,0.0,0.0,0.0,0.0,0.0,0.0,0.0,0.0,0.0,0.013720358721911907,0.0,0.0,0.0,0.0,0.0
2022-05-09,646881.5762629053,310.53916045859023,,,,,,,,,,,76494.84123570709,,1039061.7711000025,,,,,,,,,,,10745.496306141613,,,,,,,,,,,,,,,,,,,,,,,,,,,40537.38287896311,,,,,,,,,,,,,,,,,,,,,,,15128.91309319638,,,,,,,,,,,,,,,,,,,,,,,,,,,,,,,,,,,,,,13288.50658092878,,7971.7694501017495,,,,37834.20958898915,40669.61443003986,41023.90148514266,15877.033946843378,0.0,0.0,,0.0,0.0,0.032165829092264175,0.0,0.0,,0.0,,0.0,0.0,0.0,,,,,,0.0,,,0.0,,0.0,,,0.0,0.0,0.0,,0.0,0.0,,0.0,,,,0.0,0.0181044302880764,0.0,,0.0,0.0,0.007552177645266056,,0.0,,,,,0.0,,0.0,0.0,,0.0,0.0,0.0,0.0,,,0.007423738017678261,0.0,,0.0025245544966310263,0.0,0.0,,0.0,,0.0,,,0.05404789373278618,,,0.0,,,0.0,,,0.0,,0.0,0.0,,0.0,0.0,,,0.019436147063970566,,0.0,0.0,,0.0,0.0,,,0.0,0.006602924317121506,,,,,0.0035431180149316788,,0.0,,0.0,0.0,,0.0,0.0,,0.0,,0.0,,,0.022485647350549698,0.0,0.0,0.0,0.0,,,,,0.0,0.001548555213958025,,,0.0,,,,,0.0006256847991608083,0.0,0.0,,0.0,0.0,0.0,0.0,0.0,0.0,0.002386548789218068,,0.0,0.0,0.0,,,,0.0,0.0,,0.0,0.0,0.0,0.0,0.0,0.0,,0.0,0.0,0.0,,,,,0.0,,0.0,0.0,0.0,,,0.0,,0.0,,0.0,0.0,0.0,0.0,,,,0.019023610278964043,,0.0,0.0,0.0,,,,0.0,0.0,0.0,0.0,0.0,0.0,,0.0020381095819175243,,0.0,,0.0,0.0,,0.0,0.027345111593604088,0.0,,,0.0,,,0.0,,0.0,,0.0,,0.010624958202242851,,,0.0,,,,0.0,0.009068354964256287,,0.0,0.0,,,,,0.0,0.0,0.0,,0.0,0.0,0.0,0.0,,0.0,,0.0,,,0.0,0.0,0.0,0.0,0.0,0.0,,,0.0012944337213411927,,0.0,0.0,0.0,,0.0884244292974472,,,0.00612172344699502,,0.0,0.0,,0.0,,,0.0,,,0.0,0.0,0.0,,,0.0,0.0,0.000760922092013061,,0.0,0.0,0.0,,0.0,,0.0,0.0,0.0,,,0.0,0.02076622098684311,,,0.0,,,0.0,0.0,0.0,,0.0,0.0,0.0,0.026078566908836365,,0.0,0.0,,0.0,0.0,0.0,0.003636399982497096,0.0,0.0,0.010717890225350857,0.0,0.0,0.0,0.000529099372215569,0.0,0.0,,0.0,,,0.0,,,0.0,0.0,,0.0,,0.0,0.0,,0.0,,0.0,0.0,0.0,,0.018671313300728798,0.0,0.0,0.013625061139464378,0.0,0.0,0.0,0.0,0.0,0.0,0.0031591560691595078,,,0.0,0.013349867425858974,0.0,,,,0.0,,0.0,0.0,,,,0.0,,,0.0,,,,,0.0,,0.0,0.00016420564497821033,0.0,0.0,0.0,0.0,0.0,,,0.0,,,0.0,0.0,,,0.0,,0.0,0.0,0.0,,0.0,,,,,,0.0,,0.0,0.0,0.0,,,,,0.0,,,,,0.0005176853737793863,,,,,,0.0,,,0.05937034264206886,,0.0,,,0.0,,0.0,,0.0,,,,0.01705697551369667,,,0.0,,,0.0,0.0,,0.022538475692272186,0.0,,0.0,,,0.0,0.0,0.0,,,,0.0,0.0,0.0,,,,,,0.0,0.0,,,,0.0,0.0,,0.0,,,0.0,0.0,,,0.0,0.03460295498371124,,0.0,,,0.0,0.0,,0.019816339015960693,0.0,0.0,0.0,,0.0,0.0,0.0,0.0,0.0,,,0.0,,0.0,0.0,0.0,0.0,,,,0.0,,,0.0,,0.0,,0.0,0.0,0.0,0.0,0.0,0.0,,0.0,0.0,,0.0,0.0,,0.06478113681077957,,,0.0,0.0,0.0,0.0,,0.0,0.0,0.0,0.0,0.0,0.0,0.01921050250530243,0.0,,0.0,,0.0,0.0,0.0,0.0,0.0,,0.0,,0.0,,0.0,,0.0,0.0,0.0,,0.0,,0.0,,0.0,0.0,0.0,0.01096775196492672,0.0,,0.0,0.0014701014151796699,0.0,,0.005125739146023989,,0.0,0.007840300910174847,0.0,0.0,0.0,0.0,0.0,0.0,0.0044894288294017315,,0.00530617218464613,0.0,0.0,,,0.0,0.0,,0.0,0.0,0.0,0.0,0.0,0.0,0.0,0.0,0.0,0.0,0.015360762365162373,,0.026050660759210587,0.0,0.007896216586232185,0.0,0.015410416759550571,0.0,0.0,0.0,0.0,0.0,0.0,0.0,0.0,0.0,0.0,0.0,0.0,0.0,0.0,0.0,0.0,0.0,0.0,0.0,0.0,0.0,0.0,0.0,0.0,0.0,0.0,0.0,0.0,0.0,0.0,0.03154827654361725,0.0021745359990745783,0.0,0.0,0.0,0.0,0.014290479011833668,0.0,0.0,0.0,0.0,0.0,0.0,0.0,0.0010335164843127131,0.0,0.0,0.0,0.0,0.0,0.0,0.0,0.0,0.0,0.0,0.0,0.0,0.0,0.0,0.006967326160520315,0.0,0.0,0.0,0.019095228984951973,0.0,0.0,0.0,0.0,0.0,0.006337939761579037,0.0,0.0,0.0,0.0,0.0,0.0,0.026182465255260468,0.0,0.0,0.0029705921187996864,0.0,0.02347339689731598,0.0,0.0,0.008121228776872158,0.0,0.0,0.0,0.0,0.0,0.0,0.0,0.0,0.0,0.0,0.0,0.0,0.0,0.0,0.0,0.0,0.0,0.0,0.0,0.0,0.0,0.0,0.0,0.03261739760637283,0.005954995285719633,0.0,0.013853570446372032,0.0,0.0,0.0,0.0,0.0,0.0,0.0,0.0,0.0,0.0,0.013720358721911907,0.0,0.0,0.0,0.0,0.0
2022-05-10,646185.0268919062,752.9428162585341,,,,,,,,,,,76494.84123570709,,1039061.7711000025,,,,,,,,,,,10745.000549128239,,,,,,,,,,,,,,,,,,,,,,,,,,,40264.71878216084,,,,,,,,,,,,,,,,,,,,,,,15128.91309319638,,,,,,,,,,,,,,,,,,,,,,,,,,,,,,,,,,,,,,13288.50658092878,,7971.7694501017495,,,,37834.20958898915,40067.89296376038,42088.970241247946,15732.472555459179,0.0,0.0,,0.0,0.0,0.032165829092264175,0.0,0.0,,0.0,,0.0,0.0,0.0,,,,,,0.0,,,0.0,,0.0,,,0.0,0.0,0.0,,0.0,0.0,,0.0,,,,0.0,0.0181044302880764,0.0,,0.0,0.0,0.007552177645266056,,0.0,,,,,0.0,,0.0,0.0,,0.0,0.0,0.0,0.0,,,0.007423738017678261,0.0,,0.0025245544966310263,0.0,0.0,,0.0,,0.0,,,0.05404789373278618,,,0.0,,,0.0,,,0.0,,0.0,0.0,,0.0,0.0,,,0.019436147063970566,,0.0,0.0,,0.0,0.0,,,0.0,0.006602924317121506,,,,,0.0035431180149316788,,0.0,,0.0,0.0,,0.0,0.0,,0.0,,0.0,,,0.022485647350549698,0.0,0.0,0.0,0.0,,,,,0.0,0.001548555213958025,,,0.0,,,,,0.0006256847991608083,0.0,0.0,,0.0,0.0,0.0,0.0,0.0,0.0,0.002386548789218068,,0.0,0.0,0.0,,,,0.0,0.0,,0.0,0.0,0.0,0.0,0.0,0.0,,0.0,0.0,0.0,,,,,0.0,,0.0,0.0,0.0,,,0.0,,0.0,,0.0,0.0,0.0,0.0,,,,0.019023610278964043,,0.0,0.0,0.0,,,,0.0,0.0,0.0,0.0,0.0,0.0,,0.0020381095819175243,,0.0,,0.0,0.0,,0.0,0.027345111593604088,0.0,,,0.0,,,0.0,,0.0,,0.0,,0.010624958202242851,,,0.0,,,,0.0,0.009068354964256287,,0.0,0.0,,,,,0.0,0.0,0.0,,0.0,0.0,0.0,0.0,,0.0,,0.0,,,0.0,0.0,0.0,0.0,0.0,0.0,,,0.0012944337213411927,,0.0,0.0,0.0,,0.0884244292974472,,,0.00612172344699502,,0.0,0.0,,0.0,,,0.0,,,0.0,0.0,0.0,,,0.0,0.0,0.000760922092013061,,0.0,0.0,0.0,,0.0,,0.0,0.0,0.0,,,0.0,0.02076622098684311,,,0.0,,,0.0,0.0,0.0,,0.0,0.0,0.0,0.026078566908836365,,0.0,0.0,,0.0,0.0,0.0,0.003636399982497096,0.0,0.0,0.010717890225350857,0.0,0.0,0.0,0.000529099372215569,0.0,0.0,,0.0,,,0.0,,,0.0,0.0,,0.0,,0.0,0.0,,0.0,,0.0,0.0,0.0,,0.018671313300728798,0.0,0.0,0.013625061139464378,0.0,0.0,0.0,0.0,0.0,0.0,0.0031591560691595078,,,0.0,0.013349867425858974,0.0,,,,0.0,,0.0,0.0,,,,0.0,,,0.0,,,,,0.0,,0.0,0.00016420564497821033,0.0,0.0,0.0,0.0,0.0,,,0.0,,,0.0,0.0,,,0.0,,0.0,0.0,0.0,,0.0,,,,,,0.0,,0.0,0.0,0.0,,,,,0.0,,,,,0.0005176853737793863,,,,,,0.0,,,0.05937034264206886,,0.0,,,0.0,,0.0,,0.0,,,,0.01705697551369667,,,0.0,,,0.0,0.0,,0.022538475692272186,0.0,,0.0,,,0.0,0.0,0.0,,,,0.0,0.0,0.0,,,,,,0.0,0.0,,,,0.0,0.0,,0.0,,,0.0,0.0,,,0.0,0.03460295498371124,,0.0,,,0.0,0.0,,0.019816339015960693,0.0,0.0,0.0,,0.0,0.0,0.0,0.0,0.0,,,0.0,,0.0,0.0,0.0,0.0,,,,0.0,,,0.0,,0.0,,0.0,0.0,0.0,0.0,0.0,0.0,,0.0,0.0,,0.0,0.0,,0.06478113681077957,,,0.0,0.0,0.0,0.0,,0.0,0.0,0.0,0.0,0.0,0.0,0.01921050250530243,0.0,,0.0,,0.0,0.0,0.0,0.0,0.0,,0.0,,0.0,,0.0,,0.0,0.0,0.0,,0.0,,0.0,,0.0,0.0,0.0,0.01096775196492672,0.0,,0.0,0.0014701014151796699,0.0,,0.005125739146023989,,0.0,0.007840300910174847,0.0,0.0,0.0,0.0,0.0,0.0,0.0044894288294017315,,0.00530617218464613,0.0,0.0,,,0.0,0.0,,0.0,0.0,0.0,0.0,0.0,0.0,0.0,0.0,0.0,0.0,0.015360762365162373,,0.026050660759210587,0.0,0.007896216586232185,0.0,0.015410416759550571,0.0,0.0,0.0,0.0,0.0,0.0,0.0,0.0,0.0,0.0,0.0,0.0,0.0,0.0,0.0,0.0,0.0,0.0,0.0,0.0,0.0,0.0,0.0,0.0,0.0,0.0,0.0,0.0,0.0,0.0,0.03154827654361725,0.0021745359990745783,0.0,0.0,0.0,0.0,0.014290479011833668,0.0,0.0,0.0,0.0,0.0,0.0,0.0,0.0010335164843127131,0.0,0.0,0.0,0.0,0.0,0.0,0.0,0.0,0.0,0.0,0.0,0.0,0.0,0.0,0.006967326160520315,0.0,0.0,0.0,0.019095228984951973,0.0,0.0,0.0,0.0,0.0,0.006337939761579037,0.0,0.0,0.0,0.0,0.0,0.0,0.026182465255260468,0.0,0.0,0.0029705921187996864,0.0,0.02347339689731598,0.0,0.0,0.008121228776872158,0.0,0.0,0.0,0.0,0.0,0.0,0.0,0.0,0.0,0.0,0.0,0.0,0.0,0.0,0.0,0.0,0.0,0.0,0.0,0.0,0.0,0.0,0.0,0.03261739760637283,0.005954995285719633,0.0,0.013853570446372032,0.0,0.0,0.0,0.0,0.0,0.0,0.0,0.0,0.0,0.0,0.013720358721911907,0.0,0.0,0.0,0.0,0.0
2022-05-11,657036.2999294483,208.13380707472425,,,,,,,,,,,76494.84123570709,,1039061.7711000025,,,,,,,,,,,10745.162397930882,,,,,,,,,,,,,,,,,,,,,,,,,,,40263.850401778596,,,,,,,,,,,,,,,,,,,,,,,15128.91309319638,,,,,,,,,,,,,,,,,,,,,,,,,,,,,,,,,,,,,,13126.900479500486,,8145.063951312946,,,,43508.81992856465,39458.544149875444,42621.71756113268,15161.455406365665,0.0,0.0,,0.0,0.0,0.032165829092264175,0.0,0.0,,0.0,,0.0,0.0,0.0,,,,,,0.0,,,0.0,,0.0,,,0.0,0.0,0.0,,0.0,0.0,,0.0,,,,0.0,0.0181044302880764,0.0,,0.0,0.0,0.007552177645266056,,0.0,,,,,0.0,,0.0,0.0,,0.0,0.0,0.0,0.0,,,0.007423738017678261,0.0,,0.0025245544966310263,0.0,0.0,,0.0,,0.0,,,0.05404789373278618,,,0.0,,,0.0,,,0.0,,0.0,0.0,,0.0,0.0,,,0.019436147063970566,,0.0,0.0,,0.0,0.0,,,0.0,0.006602924317121506,,,,,0.0035431180149316788,,0.0,,0.0,0.0,,0.0,0.0,,0.0,,0.0,,,0.022485647350549698,0.0,0.0,0.0,0.0,,,,,0.0,0.001548555213958025,,,0.0,,,,,0.0006256847991608083,0.0,0.0,,0.0,0.0,0.0,0.0,0.0,0.0,0.002386548789218068,,0.0,0.0,0.0,,,,0.0,0.0,,0.0,0.0,0.0,0.0,0.0,0.0,,0.0,0.0,0.0,,,,,0.0,,0.0,0.0,0.0,,,0.0,,0.0,,0.0,0.0,0.0,0.0,,,,0.019023610278964043,,0.0,0.0,0.0,,,,0.0,0.0,0.0,0.0,0.0,0.0,,0.0020381095819175243,,0.0,,0.0,0.0,,0.0,0.027345111593604088,0.0,,,0.0,,,0.0,,0.0,,0.0,,0.010624958202242851,,,0.0,,,,0.0,0.009068354964256287,,0.0,0.0,,,,,0.0,0.0,0.0,,0.0,0.0,0.0,0.0,,0.0,,0.0,,,0.0,0.0,0.0,0.0,0.0,0.0,,,0.0012944337213411927,,0.0,0.0,0.0,,0.0884244292974472,,,0.00612172344699502,,0.0,0.0,,0.0,,,0.0,,,0.0,0.0,0.0,,,0.0,0.0,0.000760922092013061,,0.0,0.0,0.0,,0.0,,0.0,0.0,0.0,,,0.0,0.02076622098684311,,,0.0,,,0.0,0.0,0.0,,0.0,0.0,0.0,0.026078566908836365,,0.0,0.0,,0.0,0.0,0.0,0.003636399982497096,0.0,0.0,0.010717890225350857,0.0,0.0,0.0,0.000529099372215569,0.0,0.0,,0.0,,,0.0,,,0.0,0.0,,0.0,,0.0,0.0,,0.0,,0.0,0.0,0.0,,0.018671313300728798,0.0,0.0,0.013625061139464378,0.0,0.0,0.0,0.0,0.0,0.0,0.0031591560691595078,,,0.0,0.013349867425858974,0.0,,,,0.0,,0.0,0.0,,,,0.0,,,0.0,,,,,0.0,,0.0,0.00016420564497821033,0.0,0.0,0.0,0.0,0.0,,,0.0,,,0.0,0.0,,,0.0,,0.0,0.0,0.0,,0.0,,,,,,0.0,,0.0,0.0,0.0,,,,,0.0,,,,,0.0005176853737793863,,,,,,0.0,,,0.05937034264206886,,0.0,,,0.0,,0.0,,0.0,,,,0.01705697551369667,,,0.0,,,0.0,0.0,,0.022538475692272186,0.0,,0.0,,,0.0,0.0,0.0,,,,0.0,0.0,0.0,,,,,,0.0,0.0,,,,0.0,0.0,,0.0,,,0.0,0.0,,,0.0,0.03460295498371124,,0.0,,,0.0,0.0,,0.019816339015960693,0.0,0.0,0.0,,0.0,0.0,0.0,0.0,0.0,,,0.0,,0.0,0.0,0.0,0.0,,,,0.0,,,0.0,,0.0,,0.0,0.0,0.0,0.0,0.0,0.0,,0.0,0.0,,0.0,0.0,,0.06478113681077957,,,0.0,0.0,0.0,0.0,,0.0,0.0,0.0,0.0,0.0,0.0,0.01921050250530243,0.0,,0.0,,0.0,0.0,0.0,0.0,0.0,,0.0,,0.0,,0.0,,0.0,0.0,0.0,,0.0,,0.0,,0.0,0.0,0.0,0.01096775196492672,0.0,,0.0,0.0014701014151796699,0.0,,0.005125739146023989,,0.0,0.007840300910174847,0.0,0.0,0.0,0.0,0.0,0.0,0.0044894288294017315,,0.00530617218464613,0.0,0.0,,,0.0,0.0,,0.0,0.0,0.0,0.0,0.0,0.0,0.0,0.0,0.0,0.0,0.015360762365162373,,0.026050660759210587,0.0,0.007896216586232185,0.0,0.015410416759550571,0.0,0.0,0.0,0.0,0.0,0.0,0.0,0.0,0.0,0.0,0.0,0.0,0.0,0.0,0.0,0.0,0.0,0.0,0.0,0.0,0.0,0.0,0.0,0.0,0.0,0.0,0.0,0.0,0.0,0.0,0.03154827654361725,0.0021745359990745783,0.0,0.0,0.0,0.0,0.014290479011833668,0.0,0.0,0.0,0.0,0.0,0.0,0.0,0.0010335164843127131,0.0,0.0,0.0,0.0,0.0,0.0,0.0,0.0,0.0,0.0,0.0,0.0,0.0,0.0,0.006967326160520315,0.0,0.0,0.0,0.019095228984951973,0.0,0.0,0.0,0.0,0.0,0.006337939761579037,0.0,0.0,0.0,0.0,0.0,0.0,0.026182465255260468,0.0,0.0,0.0029705921187996864,0.0,0.02347339689731598,0.0,0.0,0.008121228776872158,0.0,0.0,0.0,0.0,0.0,0.0,0.0,0.0,0.0,0.0,0.0,0.0,0.0,0.0,0.0,0.0,0.0,0.0,0.0,0.0,0.0,0.0,0.0,0.03261739760637283,0.005954995285719633,0.0,0.013853570446372032,0.0,0.0,0.0,0.0,0.0,0.0,0.0,0.0,0.0,0.0,0.013720358721911907,0.0,0.0,0.0,0.0,0.0
2022-05-12,655730.6194172087,215.77899433292987,,,,,,,,,,,76494.84123570709,,1039061.7711000025,,,,,,,,,,,10347.037565827191,,,,,,,,,,,,,,,,,,,,,,,,,,,40263.850401778596,,,,,,,,,,,,,,,,,,,,,,,15129.894009107678,,,,,,,,,,,,,,,,,,,,,,,,,,,,,,,,,,,,,,12640.76904300153,,8838.267661311931,,,,43508.81992856465,39458.544149875444,42621.71756113268,15161.610517049923,0.0,0.0,,0.0,0.0,0.032165829092264175,0.0,0.0,,0.0,,0.0,0.0,0.0,,,,,,0.0,,,0.0,,0.0,,,0.0,0.0,0.0,,0.0,0.0,,0.0,,,,0.0,0.0181044302880764,0.0,,0.0,0.0,0.007552177645266056,,0.0,,,,,0.0,,0.0,0.0,,0.0,0.0,0.0,0.0,,,0.007423738017678261,0.0,,0.0025245544966310263,0.0,0.0,,0.0,,0.0,,,0.05404789373278618,,,0.0,,,0.0,,,0.0,,0.0,0.0,,0.0,0.0,,,0.019436147063970566,,0.0,0.0,,0.0,0.0,,,0.0,0.006602924317121506,,,,,0.0035431180149316788,,0.0,,0.0,0.0,,0.0,0.0,,0.0,,0.0,,,0.022485647350549698,0.0,0.0,0.0,0.0,,,,,0.0,0.001548555213958025,,,0.0,,,,,0.0006256847991608083,0.0,0.0,,0.0,0.0,0.0,0.0,0.0,0.0,0.002386548789218068,,0.0,0.0,0.0,,,,0.0,0.0,,0.0,0.0,0.0,0.0,0.0,0.0,,0.0,0.0,0.0,,,,,0.0,,0.0,0.0,0.0,,,0.0,,0.0,,0.0,0.0,0.0,0.0,,,,0.019023610278964043,,0.0,0.0,0.0,,,,0.0,0.0,0.0,0.0,0.0,0.0,,0.0020381095819175243,,0.0,,0.0,0.0,,0.0,0.027345111593604088,0.0,,,0.0,,,0.0,,0.0,,0.0,,0.010624958202242851,,,0.0,,,,0.0,0.009068354964256287,,0.0,0.0,,,,,0.0,0.0,0.0,,0.0,0.0,0.0,0.0,,0.0,,0.0,,,0.0,0.0,0.0,0.0,0.0,0.0,,,0.0012944337213411927,,0.0,0.0,0.0,,0.0884244292974472,,,0.00612172344699502,,0.0,0.0,,0.0,,,0.0,,,0.0,0.0,0.0,,,0.0,0.0,0.000760922092013061,,0.0,0.0,0.0,,0.0,,0.0,0.0,0.0,,,0.0,0.02076622098684311,,,0.0,,,0.0,0.0,0.0,,0.0,0.0,0.0,0.026078566908836365,,0.0,0.0,,0.0,0.0,0.0,0.003636399982497096,0.0,0.0,0.010717890225350857,0.0,0.0,0.0,0.000529099372215569,0.0,0.0,,0.0,,,0.0,,,0.0,0.0,,0.0,,0.0,0.0,,0.0,,0.0,0.0,0.0,,0.018671313300728798,0.0,0.0,0.013625061139464378,0.0,0.0,0.0,0.0,0.0,0.0,0.0031591560691595078,,,0.0,0.013349867425858974,0.0,,,,0.0,,0.0,0.0,,,,0.0,,,0.0,,,,,0.0,,0.0,0.00016420564497821033,0.0,0.0,0.0,0.0,0.0,,,0.0,,,0.0,0.0,,,0.0,,0.0,0.0,0.0,,0.0,,,,,,0.0,,0.0,0.0,0.0,,,,,0.0,,,,,0.0005176853737793863,,,,,,0.0,,,0.05937034264206886,,0.0,,,0.0,,0.0,,0.0,,,,0.01705697551369667,,,0.0,,,0.0,0.0,,0.022538475692272186,0.0,,0.0,,,0.0,0.0,0.0,,,,0.0,0.0,0.0,,,,,,0.0,0.0,,,,0.0,0.0,,0.0,,,0.0,0.0,,,0.0,0.03460295498371124,,0.0,,,0.0,0.0,,0.019816339015960693,0.0,0.0,0.0,,0.0,0.0,0.0,0.0,0.0,,,0.0,,0.0,0.0,0.0,0.0,,,,0.0,,,0.0,,0.0,,0.0,0.0,0.0,0.0,0.0,0.0,,0.0,0.0,,0.0,0.0,,0.06478113681077957,,,0.0,0.0,0.0,0.0,,0.0,0.0,0.0,0.0,0.0,0.0,0.01921050250530243,0.0,,0.0,,0.0,0.0,0.0,0.0,0.0,,0.0,,0.0,,0.0,,0.0,0.0,0.0,,0.0,,0.0,,0.0,0.0,0.0,0.01096775196492672,0.0,,0.0,0.0014701014151796699,0.0,,0.005125739146023989,,0.0,0.007840300910174847,0.0,0.0,0.0,0.0,0.0,0.0,0.0044894288294017315,,0.00530617218464613,0.0,0.0,,,0.0,0.0,,0.0,0.0,0.0,0.0,0.0,0.0,0.0,0.0,0.0,0.0,0.015360762365162373,,0.026050660759210587,0.0,0.007896216586232185,0.0,0.015410416759550571,0.0,0.0,0.0,0.0,0.0,0.0,0.0,0.0,0.0,0.0,0.0,0.0,0.0,0.0,0.0,0.0,0.0,0.0,0.0,0.0,0.0,0.0,0.0,0.0,0.0,0.0,0.0,0.0,0.0,0.0,0.03154827654361725,0.0021745359990745783,0.0,0.0,0.0,0.0,0.014290479011833668,0.0,0.0,0.0,0.0,0.0,0.0,0.0,0.0010335164843127131,0.0,0.0,0.0,0.0,0.0,0.0,0.0,0.0,0.0,0.0,0.0,0.0,0.0,0.0,0.006967326160520315,0.0,0.0,0.0,0.019095228984951973,0.0,0.0,0.0,0.0,0.0,0.006337939761579037,0.0,0.0,0.0,0.0,0.0,0.0,0.026182465255260468,0.0,0.0,0.0029705921187996864,0.0,0.02347339689731598,0.0,0.0,0.008121228776872158,0.0,0.0,0.0,0.0,0.0,0.0,0.0,0.0,0.0,0.0,0.0,0.0,0.0,0.0,0.0,0.0,0.0,0.0,0.0,0.0,0.0,0.0,0.0,0.03261739760637283,0.005954995285719633,0.0,0.013853570446372032,0.0,0.0,0.0,0.0,0.0,0.0,0.0,0.0,0.0,0.0,0.013720358721911907,0.0,0.0,0.0,0.0,0.0
2022-05-13,669207.0338575451,60.20870697971393,,,,,,,,,,,76494.84123570709,,1039061.7711000025,,,,,,,,,,,10347.037565827191,,,,,,,,,,,,,,,,,,,,,,,,,,,40264.029951041564,,,,,,,,,,,,,,,,,,,,,,,15129.518799630981,,,,,,,,,,,,,,,,,,,,,,,,,,,,,,,,,,,,,,12479.035776898796,,8838.267661311931,,,,43508.81992856465,40073.32708991223,42621.71756113268,15160.70704191156,0.0,0.0,,0.0,0.0,0.032165829092264175,0.0,0.0,,0.0,,0.0,0.0,0.0,,,,,,0.0,,,0.0,,0.0,,,0.0,0.0,0.0,,0.0,0.0,,0.0,,,,0.0,0.0181044302880764,0.0,,0.0,0.0,0.007552177645266056,,0.0,,,,,0.0,,0.0,0.0,,0.0,0.0,0.0,0.0,,,0.007423738017678261,0.0,,0.0025245544966310263,0.0,0.0,,0.0,,0.0,,,0.05404789373278618,,,0.0,,,0.0,,,0.0,,0.0,0.0,,0.0,0.0,,,0.019436147063970566,,0.0,0.0,,0.0,0.0,,,0.0,0.006602924317121506,,,,,0.0035431180149316788,,0.0,,0.0,0.0,,0.0,0.0,,0.0,,0.0,,,0.022485647350549698,0.0,0.0,0.0,0.0,,,,,0.0,0.001548555213958025,,,0.0,,,,,0.0006256847991608083,0.0,0.0,,0.0,0.0,0.0,0.0,0.0,0.0,0.002386548789218068,,0.0,0.0,0.0,,,,0.0,0.0,,0.0,0.0,0.0,0.0,0.0,0.0,,0.0,0.0,0.0,,,,,0.0,,0.0,0.0,0.0,,,0.0,,0.0,,0.0,0.0,0.0,0.0,,,,0.019023610278964043,,0.0,0.0,0.0,,,,0.0,0.0,0.0,0.0,0.0,0.0,,0.0020381095819175243,,0.0,,0.0,0.0,,0.0,0.027345111593604088,0.0,,,0.0,,,0.0,,0.0,,0.0,,0.010624958202242851,,,0.0,,,,0.0,0.009068354964256287,,0.0,0.0,,,,,0.0,0.0,0.0,,0.0,0.0,0.0,0.0,,0.0,,0.0,,,0.0,0.0,0.0,0.0,0.0,0.0,,,0.0012944337213411927,,0.0,0.0,0.0,,0.0884244292974472,,,0.00612172344699502,,0.0,0.0,,0.0,,,0.0,,,0.0,0.0,0.0,,,0.0,0.0,0.000760922092013061,,0.0,0.0,0.0,,0.0,,0.0,0.0,0.0,,,0.0,0.02076622098684311,,,0.0,,,0.0,0.0,0.0,,0.0,0.0,0.0,0.026078566908836365,,0.0,0.0,,0.0,0.0,0.0,0.003636399982497096,0.0,0.0,0.010717890225350857,0.0,0.0,0.0,0.000529099372215569,0.0,0.0,,0.0,,,0.0,,,0.0,0.0,,0.0,,0.0,0.0,,0.0,,0.0,0.0,0.0,,0.018671313300728798,0.0,0.0,0.013625061139464378,0.0,0.0,0.0,0.0,0.0,0.0,0.0031591560691595078,,,0.0,0.013349867425858974,0.0,,,,0.0,,0.0,0.0,,,,0.0,,,0.0,,,,,0.0,,0.0,0.00016420564497821033,0.0,0.0,0.0,0.0,0.0,,,0.0,,,0.0,0.0,,,0.0,,0.0,0.0,0.0,,0.0,,,,,,0.0,,0.0,0.0,0.0,,,,,0.0,,,,,0.0005176853737793863,,,,,,0.0,,,0.05937034264206886,,0.0,,,0.0,,0.0,,0.0,,,,0.01705697551369667,,,0.0,,,0.0,0.0,,0.022538475692272186,0.0,,0.0,,,0.0,0.0,0.0,,,,0.0,0.0,0.0,,,,,,0.0,0.0,,,,0.0,0.0,,0.0,,,0.0,0.0,,,0.0,0.03460295498371124,,0.0,,,0.0,0.0,,0.019816339015960693,0.0,0.0,0.0,,0.0,0.0,0.0,0.0,0.0,,,0.0,,0.0,0.0,0.0,0.0,,,,0.0,,,0.0,,0.0,,0.0,0.0,0.0,0.0,0.0,0.0,,0.0,0.0,,0.0,0.0,,0.06478113681077957,,,0.0,0.0,0.0,0.0,,0.0,0.0,0.0,0.0,0.0,0.0,0.01921050250530243,0.0,,0.0,,0.0,0.0,0.0,0.0,0.0,,0.0,,0.0,,0.0,,0.0,0.0,0.0,,0.0,,0.0,,0.0,0.0,0.0,0.01096775196492672,0.0,,0.0,0.0014701014151796699,0.0,,0.005125739146023989,,0.0,0.007840300910174847,0.0,0.0,0.0,0.0,0.0,0.0,0.0044894288294017315,,0.00530617218464613,0.0,0.0,,,0.0,0.0,,0.0,0.0,0.0,0.0,0.0,0.0,0.0,0.0,0.0,0.0,0.015360762365162373,,0.026050660759210587,0.0,0.007896216586232185,0.0,0.015410416759550571,0.0,0.0,0.0,0.0,0.0,0.0,0.0,0.0,0.0,0.0,0.0,0.0,0.0,0.0,0.0,0.0,0.0,0.0,0.0,0.0,0.0,0.0,0.0,0.0,0.0,0.0,0.0,0.0,0.0,0.0,0.03154827654361725,0.0021745359990745783,0.0,0.0,0.0,0.0,0.014290479011833668,0.0,0.0,0.0,0.0,0.0,0.0,0.0,0.0010335164843127131,0.0,0.0,0.0,0.0,0.0,0.0,0.0,0.0,0.0,0.0,0.0,0.0,0.0,0.0,0.006967326160520315,0.0,0.0,0.0,0.019095228984951973,0.0,0.0,0.0,0.0,0.0,0.006337939761579037,0.0,0.0,0.0,0.0,0.0,0.0,0.026182465255260468,0.0,0.0,0.0029705921187996864,0.0,0.02347339689731598,0.0,0.0,0.008121228776872158,0.0,0.0,0.0,0.0,0.0,0.0,0.0,0.0,0.0,0.0,0.0,0.0,0.0,0.0,0.0,0.0,0.0,0.0,0.0,0.0,0.0,0.0,0.0,0.03261739760637283,0.005954995285719633,0.0,0.013853570446372032,0.0,0.0,0.0,0.0,0.0,0.0,0.0,0.0,0.0,0.0,0.013720358721911907,0.0,0.0,0.0,0.0,0.0
2022-05-16,674110.0921392279,315.81480179112765,,,,,,,,,,,76494.84123570709,,1039061.7711000025,,,,,,,,,,,10347.037565827191,,,,,,,,,,,,,,,,,,,,,,,,,,,40264.029951041564,,,,,,,,,,,,,,,,,,,,,,,15129.518799630981,,,,,,,,,,,,,,,,,,,,,,,,,,,,,,,,,,,,,,11991.68235757973,,9184.855303350196,,,,43508.81992856465,40067.566745580225,42621.71756113268,15160.70704191156,0.0,0.0,,0.0,0.0,0.032165829092264175,0.0,0.0,,0.0,,0.0,0.0,0.0,,,,,,0.0,,,0.0,,0.0,,,0.0,0.0,0.0,,0.0,0.0,,0.0,,,,0.0,0.0181044302880764,0.0,,0.0,0.0,0.007552177645266056,,0.0,,,,,0.0,,0.0,0.0,,0.0,0.0,0.0,0.0,,,0.007423738017678261,0.0,,0.0025245544966310263,0.0,0.0,,0.0,,0.0,,,0.05404789373278618,,,0.0,,,0.0,,,0.0,,0.0,0.0,,0.0,0.0,,,0.019436147063970566,,0.0,0.0,,0.0,0.0,,,0.0,0.006602924317121506,,,,,0.0035431180149316788,,0.0,,0.0,0.0,,0.0,0.0,,0.0,,0.0,,,0.022485647350549698,0.0,0.0,0.0,0.0,,,,,0.0,0.001548555213958025,,,0.0,,,,,0.0006256847991608083,0.0,0.0,,0.0,0.0,0.0,0.0,0.0,0.0,0.002386548789218068,,0.0,0.0,0.0,,,,0.0,0.0,,0.0,0.0,0.0,0.0,0.0,0.0,,0.0,0.0,0.0,,,,,0.0,,0.0,0.0,0.0,,,0.0,,0.0,,0.0,0.0,0.0,0.0,,,,0.019023610278964043,,0.0,0.0,0.0,,,,0.0,0.0,0.0,0.0,0.0,0.0,,0.0020381095819175243,,0.0,,0.0,0.0,,0.0,0.027345111593604088,0.0,,,0.0,,,0.0,,0.0,,0.0,,0.010624958202242851,,,0.0,,,,0.0,0.009068354964256287,,0.0,0.0,,,,,0.0,0.0,0.0,,0.0,0.0,0.0,0.0,,0.0,,0.0,,,0.0,0.0,0.0,0.0,0.0,0.0,,,0.0012944337213411927,,0.0,0.0,0.0,,0.0884244292974472,,,0.00612172344699502,,0.0,0.0,,0.0,,,0.0,,,0.0,0.0,0.0,,,0.0,0.0,0.000760922092013061,,0.0,0.0,0.0,,0.0,,0.0,0.0,0.0,,,0.0,0.02076622098684311,,,0.0,,,0.0,0.0,0.0,,0.0,0.0,0.0,0.026078566908836365,,0.0,0.0,,0.0,0.0,0.0,0.003636399982497096,0.0,0.0,0.010717890225350857,0.0,0.0,0.0,0.000529099372215569,0.0,0.0,,0.0,,,0.0,,,0.0,0.0,,0.0,,0.0,0.0,,0.0,,0.0,0.0,0.0,,0.018671313300728798,0.0,0.0,0.013625061139464378,0.0,0.0,0.0,0.0,0.0,0.0,0.0031591560691595078,,,0.0,0.013349867425858974,0.0,,,,0.0,,0.0,0.0,,,,0.0,,,0.0,,,,,0.0,,0.0,0.00016420564497821033,0.0,0.0,0.0,0.0,0.0,,,0.0,,,0.0,0.0,,,0.0,,0.0,0.0,0.0,,0.0,,,,,,0.0,,0.0,0.0,0.0,,,,,0.0,,,,,0.0005176853737793863,,,,,,0.0,,,0.05937034264206886,,0.0,,,0.0,,0.0,,0.0,,,,0.01705697551369667,,,0.0,,,0.0,0.0,,0.022538475692272186,0.0,,0.0,,,0.0,0.0,0.0,,,,0.0,0.0,0.0,,,,,,0.0,0.0,,,,0.0,0.0,,0.0,,,0.0,0.0,,,0.0,0.03460295498371124,,0.0,,,0.0,0.0,,0.019816339015960693,0.0,0.0,0.0,,0.0,0.0,0.0,0.0,0.0,,,0.0,,0.0,0.0,0.0,0.0,,,,0.0,,,0.0,,0.0,,0.0,0.0,0.0,0.0,0.0,0.0,,0.0,0.0,,0.0,0.0,,0.06478113681077957,,,0.0,0.0,0.0,0.0,,0.0,0.0,0.0,0.0,0.0,0.0,0.01921050250530243,0.0,,0.0,,0.0,0.0,0.0,0.0,0.0,,0.0,,0.0,,0.0,,0.0,0.0,0.0,,0.0,,0.0,,0.0,0.0,0.0,0.01096775196492672,0.0,,0.0,0.0014701014151796699,0.0,,0.005125739146023989,,0.0,0.007840300910174847,0.0,0.0,0.0,0.0,0.0,0.0,0.0044894288294017315,,0.00530617218464613,0.0,0.0,,,0.0,0.0,,0.0,0.0,0.0,0.0,0.0,0.0,0.0,0.0,0.0,0.0,0.015360762365162373,,0.026050660759210587,0.0,0.007896216586232185,0.0,0.015410416759550571,0.0,0.0,0.0,0.0,0.0,0.0,0.0,0.0,0.0,0.0,0.0,0.0,0.0,0.0,0.0,0.0,0.0,0.0,0.0,0.0,0.0,0.0,0.0,0.0,0.0,0.0,0.0,0.0,0.0,0.0,0.03154827654361725,0.0021745359990745783,0.0,0.0,0.0,0.0,0.014290479011833668,0.0,0.0,0.0,0.0,0.0,0.0,0.0,0.0010335164843127131,0.0,0.0,0.0,0.0,0.0,0.0,0.0,0.0,0.0,0.0,0.0,0.0,0.0,0.0,0.006967326160520315,0.0,0.0,0.0,0.019095228984951973,0.0,0.0,0.0,0.0,0.0,0.006337939761579037,0.0,0.0,0.0,0.0,0.0,0.0,0.026182465255260468,0.0,0.0,0.0029705921187996864,0.0,0.02347339689731598,0.0,0.0,0.008121228776872158,0.0,0.0,0.0,0.0,0.0,0.0,0.0,0.0,0.0,0.0,0.0,0.0,0.0,0.0,0.0,0.0,0.0,0.0,0.0,0.0,0.0,0.0,0.0,0.03261739760637283,0.005954995285719633,0.0,0.013853570446372032,0.0,0.0,0.0,0.0,0.0,0.0,0.0,0.0,0.0,0.0,0.013720358721911907,0.0,0.0,0.0,0.0,0.0
2022-05-17,681147.929693323,488.2234440918037,,,,,,,,,,,76494.84123570709,,1039061.7711000025,,,,,,,,,,,10347.037565827191,,,,,,,,,,,,,,,,,,,,,,,,,,,40264.029951041564,,,,,,,,,,,,,,,,,,,,,,,15129.518799630981,,,,,,,,,,,,,,,,,,,,,,,,,,,,,,,,,,,,,,11991.68235757973,,9011.096262732703,,,,43508.81992856465,40674.743092535224,41556.87737878682,15589.802641502514,0.0,0.0,,0.0,0.0,0.032165829092264175,0.0,0.0,,0.0,,0.0,0.0,0.0,,,,,,0.0,,,0.0,,0.0,,,0.0,0.0,0.0,,0.0,0.0,,0.0,,,,0.0,0.0181044302880764,0.0,,0.0,0.0,0.007552177645266056,,0.0,,,,,0.0,,0.0,0.0,,0.0,0.0,0.0,0.0,,,0.007423738017678261,0.0,,0.0025245544966310263,0.0,0.0,,0.0,,0.0,,,0.05404789373278618,,,0.0,,,0.0,,,0.0,,0.0,0.0,,0.0,0.0,,,0.019436147063970566,,0.0,0.0,,0.0,0.0,,,0.0,0.006602924317121506,,,,,0.0035431180149316788,,0.0,,0.0,0.0,,0.0,0.0,,0.0,,0.0,,,0.022485647350549698,0.0,0.0,0.0,0.0,,,,,0.0,0.001548555213958025,,,0.0,,,,,0.0006256847991608083,0.0,0.0,,0.0,0.0,0.0,0.0,0.0,0.0,0.002386548789218068,,0.0,0.0,0.0,,,,0.0,0.0,,0.0,0.0,0.0,0.0,0.0,0.0,,0.0,0.0,0.0,,,,,0.0,,0.0,0.0,0.0,,,0.0,,0.0,,0.0,0.0,0.0,0.0,,,,0.019023610278964043,,0.0,0.0,0.0,,,,0.0,0.0,0.0,0.0,0.0,0.0,,0.0020381095819175243,,0.0,,0.0,0.0,,0.0,0.027345111593604088,0.0,,,0.0,,,0.0,,0.0,,0.0,,0.010624958202242851,,,0.0,,,,0.0,0.009068354964256287,,0.0,0.0,,,,,0.0,0.0,0.0,,0.0,0.0,0.0,0.0,,0.0,,0.0,,,0.0,0.0,0.0,0.0,0.0,0.0,,,0.0012944337213411927,,0.0,0.0,0.0,,0.0884244292974472,,,0.00612172344699502,,0.0,0.0,,0.0,,,0.0,,,0.0,0.0,0.0,,,0.0,0.0,0.000760922092013061,,0.0,0.0,0.0,,0.0,,0.0,0.0,0.0,,,0.0,0.02076622098684311,,,0.0,,,0.0,0.0,0.0,,0.0,0.0,0.0,0.026078566908836365,,0.0,0.0,,0.0,0.0,0.0,0.003636399982497096,0.0,0.0,0.010717890225350857,0.0,0.0,0.0,0.000529099372215569,0.0,0.0,,0.0,,,0.0,,,0.0,0.0,,0.0,,0.0,0.0,,0.0,,0.0,0.0,0.0,,0.018671313300728798,0.0,0.0,0.013625061139464378,0.0,0.0,0.0,0.0,0.0,0.0,0.0031591560691595078,,,0.0,0.013349867425858974,0.0,,,,0.0,,0.0,0.0,,,,0.0,,,0.0,,,,,0.0,,0.0,0.00016420564497821033,0.0,0.0,0.0,0.0,0.0,,,0.0,,,0.0,0.0,,,0.0,,0.0,0.0,0.0,,0.0,,,,,,0.0,,0.0,0.0,0.0,,,,,0.0,,,,,0.0005176853737793863,,,,,,0.0,,,0.05937034264206886,,0.0,,,0.0,,0.0,,0.0,,,,0.01705697551369667,,,0.0,,,0.0,0.0,,0.022538475692272186,0.0,,0.0,,,0.0,0.0,0.0,,,,0.0,0.0,0.0,,,,,,0.0,0.0,,,,0.0,0.0,,0.0,,,0.0,0.0,,,0.0,0.03460295498371124,,0.0,,,0.0,0.0,,0.019816339015960693,0.0,0.0,0.0,,0.0,0.0,0.0,0.0,0.0,,,0.0,,0.0,0.0,0.0,0.0,,,,0.0,,,0.0,,0.0,,0.0,0.0,0.0,0.0,0.0,0.0,,0.0,0.0,,0.0,0.0,,0.06478113681077957,,,0.0,0.0,0.0,0.0,,0.0,0.0,0.0,0.0,0.0,0.0,0.01921050250530243,0.0,,0.0,,0.0,0.0,0.0,0.0,0.0,,0.0,,0.0,,0.0,,0.0,0.0,0.0,,0.0,,0.0,,0.0,0.0,0.0,0.01096775196492672,0.0,,0.0,0.0014701014151796699,0.0,,0.005125739146023989,,0.0,0.007840300910174847,0.0,0.0,0.0,0.0,0.0,0.0,0.0044894288294017315,,0.00530617218464613,0.0,0.0,,,0.0,0.0,,0.0,0.0,0.0,0.0,0.0,0.0,0.0,0.0,0.0,0.0,0.015360762365162373,,0.026050660759210587,0.0,0.007896216586232185,0.0,0.015410416759550571,0.0,0.0,0.0,0.0,0.0,0.0,0.0,0.0,0.0,0.0,0.0,0.0,0.0,0.0,0.0,0.0,0.0,0.0,0.0,0.0,0.0,0.0,0.0,0.0,0.0,0.0,0.0,0.0,0.0,0.0,0.03154827654361725,0.0021745359990745783,0.0,0.0,0.0,0.0,0.014290479011833668,0.0,0.0,0.0,0.0,0.0,0.0,0.0,0.0010335164843127131,0.0,0.0,0.0,0.0,0.0,0.0,0.0,0.0,0.0,0.0,0.0,0.0,0.0,0.0,0.006967326160520315,0.0,0.0,0.0,0.019095228984951973,0.0,0.0,0.0,0.0,0.0,0.006337939761579037,0.0,0.0,0.0,0.0,0.0,0.0,0.026182465255260468,0.0,0.0,0.0029705921187996864,0.0,0.02347339689731598,0.0,0.0,0.008121228776872158,0.0,0.0,0.0,0.0,0.0,0.0,0.0,0.0,0.0,0.0,0.0,0.0,0.0,0.0,0.0,0.0,0.0,0.0,0.0,0.0,0.0,0.0,0.0,0.03261739760637283,0.005954995285719633,0.0,0.013853570446372032,0.0,0.0,0.0,0.0,0.0,0.0,0.0,0.0,0.0,0.0,0.013720358721911907,0.0,0.0,0.0,0.0,0.0
2022-05-18,679622.7727276676,39.64000148749393,,,,,,,,,,,76494.84123570709,,1039061.7711000025,,,,,,,,,,,10347.037565827191,,,,,,,,,,,,,,,,,,,,,,,,,,,40536.085376533156,,,,,,,,,,,,,,,,,,,,,,,15129.518799630981,,,,,,,,,,,,,,,,,,,,,,,,,,,,,,,,,,,,,,11991.68235757973,,9011.096262732703,,,,43508.81992856465,40681.45200852445,41549.91389164063,15589.802641502514,0.0,0.0,,0.0,0.0,0.032165829092264175,0.0,0.0,,0.0,,0.0,0.0,0.0,,,,,,0.0,,,0.0,,0.0,,,0.0,0.0,0.0,,0.0,0.0,,0.0,,,,0.0,0.0181044302880764,0.0,,0.0,0.0,0.007552177645266056,,0.0,,,,,0.0,,0.0,0.0,,0.0,0.0,0.0,0.0,,,0.007423738017678261,0.0,,0.0025245544966310263,0.0,0.0,,0.0,,0.0,,,0.05404789373278618,,,0.0,,,0.0,,,0.0,,0.0,0.0,,0.0,0.0,,,0.019436147063970566,,0.0,0.0,,0.0,0.0,,,0.0,0.006602924317121506,,,,,0.0035431180149316788,,0.0,,0.0,0.0,,0.0,0.0,,0.0,,0.0,,,0.022485647350549698,0.0,0.0,0.0,0.0,,,,,0.0,0.001548555213958025,,,0.0,,,,,0.0006256847991608083,0.0,0.0,,0.0,0.0,0.0,0.0,0.0,0.0,0.002386548789218068,,0.0,0.0,0.0,,,,0.0,0.0,,0.0,0.0,0.0,0.0,0.0,0.0,,0.0,0.0,0.0,,,,,0.0,,0.0,0.0,0.0,,,0.0,,0.0,,0.0,0.0,0.0,0.0,,,,0.019023610278964043,,0.0,0.0,0.0,,,,0.0,0.0,0.0,0.0,0.0,0.0,,0.0020381095819175243,,0.0,,0.0,0.0,,0.0,0.027345111593604088,0.0,,,0.0,,,0.0,,0.0,,0.0,,0.010624958202242851,,,0.0,,,,0.0,0.009068354964256287,,0.0,0.0,,,,,0.0,0.0,0.0,,0.0,0.0,0.0,0.0,,0.0,,0.0,,,0.0,0.0,0.0,0.0,0.0,0.0,,,0.0012944337213411927,,0.0,0.0,0.0,,0.0884244292974472,,,0.00612172344699502,,0.0,0.0,,0.0,,,0.0,,,0.0,0.0,0.0,,,0.0,0.0,0.000760922092013061,,0.0,0.0,0.0,,0.0,,0.0,0.0,0.0,,,0.0,0.02076622098684311,,,0.0,,,0.0,0.0,0.0,,0.0,0.0,0.0,0.026078566908836365,,0.0,0.0,,0.0,0.0,0.0,0.003636399982497096,0.0,0.0,0.010717890225350857,0.0,0.0,0.0,0.000529099372215569,0.0,0.0,,0.0,,,0.0,,,0.0,0.0,,0.0,,0.0,0.0,,0.0,,0.0,0.0,0.0,,0.018671313300728798,0.0,0.0,0.013625061139464378,0.0,0.0,0.0,0.0,0.0,0.0,0.0031591560691595078,,,0.0,0.013349867425858974,0.0,,,,0.0,,0.0,0.0,,,,0.0,,,0.0,,,,,0.0,,0.0,0.00016420564497821033,0.0,0.0,0.0,0.0,0.0,,,0.0,,,0.0,0.0,,,0.0,,0.0,0.0,0.0,,0.0,,,,,,0.0,,0.0,0.0,0.0,,,,,0.0,,,,,0.0005176853737793863,,,,,,0.0,,,0.05937034264206886,,0.0,,,0.0,,0.0,,0.0,,,,0.01705697551369667,,,0.0,,,0.0,0.0,,0.022538475692272186,0.0,,0.0,,,0.0,0.0,0.0,,,,0.0,0.0,0.0,,,,,,0.0,0.0,,,,0.0,0.0,,0.0,,,0.0,0.0,,,0.0,0.03460295498371124,,0.0,,,0.0,0.0,,0.019816339015960693,0.0,0.0,0.0,,0.0,0.0,0.0,0.0,0.0,,,0.0,,0.0,0.0,0.0,0.0,,,,0.0,,,0.0,,0.0,,0.0,0.0,0.0,0.0,0.0,0.0,,0.0,0.0,,0.0,0.0,,0.06478113681077957,,,0.0,0.0,0.0,0.0,,0.0,0.0,0.0,0.0,0.0,0.0,0.01921050250530243,0.0,,0.0,,0.0,0.0,0.0,0.0,0.0,,0.0,,0.0,,0.0,,0.0,0.0,0.0,,0.0,,0.0,,0.0,0.0,0.0,0.01096775196492672,0.0,,0.0,0.0014701014151796699,0.0,,0.005125739146023989,,0.0,0.007840300910174847,0.0,0.0,0.0,0.0,0.0,0.0,0.0044894288294017315,,0.00530617218464613,0.0,0.0,,,0.0,0.0,,0.0,0.0,0.0,0.0,0.0,0.0,0.0,0.0,0.0,0.0,0.015360762365162373,,0.026050660759210587,0.0,0.007896216586232185,0.0,0.015410416759550571,0.0,0.0,0.0,0.0,0.0,0.0,0.0,0.0,0.0,0.0,0.0,0.0,0.0,0.0,0.0,0.0,0.0,0.0,0.0,0.0,0.0,0.0,0.0,0.0,0.0,0.0,0.0,0.0,0.0,0.0,0.03154827654361725,0.0021745359990745783,0.0,0.0,0.0,0.0,0.014290479011833668,0.0,0.0,0.0,0.0,0.0,0.0,0.0,0.0010335164843127131,0.0,0.0,0.0,0.0,0.0,0.0,0.0,0.0,0.0,0.0,0.0,0.0,0.0,0.0,0.006967326160520315,0.0,0.0,0.0,0.019095228984951973,0.0,0.0,0.0,0.0,0.0,0.006337939761579037,0.0,0.0,0.0,0.0,0.0,0.0,0.026182465255260468,0.0,0.0,0.0029705921187996864,0.0,0.02347339689731598,0.0,0.0,0.008121228776872158,0.0,0.0,0.0,0.0,0.0,0.0,0.0,0.0,0.0,0.0,0.0,0.0,0.0,0.0,0.0,0.0,0.0,0.0,0.0,0.0,0.0,0.0,0.0,0.03261739760637283,0.005954995285719633,0.0,0.013853570446372032,0.0,0.0,0.0,0.0,0.0,0.0,0.0,0.0,0.0,0.0,0.013720358721911907,0.0,0.0,0.0,0.0,0.0
2022-05-19,695903.4901968874,324.8675058595021,,,,,,,,,,,76494.84123570709,,1039061.7711000025,,,,,,,,,,,10643.142957304472,,,,,,,,,,,,,,,,,,,,,,,,,,,39995.63679967215,,,,,,,,,,,,,,,,,,,,,,,14867.627104006162,,,,,,,,,,,,,,,,,,,,,,,,,,,,,,,,,,,,,,11992.35303157764,,9011.096262732703,,,,43508.81992856465,40683.65690681636,41549.91389164063,15589.802641502514,0.0,0.0,,0.0,0.0,0.032165829092264175,0.0,0.0,,0.0,,0.0,0.0,0.0,,,,,,0.0,,,0.0,,0.0,,,0.0,0.0,0.0,,0.0,0.0,,0.0,,,,0.0,0.0181044302880764,0.0,,0.0,0.0,0.007552177645266056,,0.0,,,,,0.0,,0.0,0.0,,0.0,0.0,0.0,0.0,,,0.007423738017678261,0.0,,0.0025245544966310263,0.0,0.0,,0.0,,0.0,,,0.05404789373278618,,,0.0,,,0.0,,,0.0,,0.0,0.0,,0.0,0.0,,,0.019436147063970566,,0.0,0.0,,0.0,0.0,,,0.0,0.006602924317121506,,,,,0.0035431180149316788,,0.0,,0.0,0.0,,0.0,0.0,,0.0,,0.0,,,0.022485647350549698,0.0,0.0,0.0,0.0,,,,,0.0,0.001548555213958025,,,0.0,,,,,0.0006256847991608083,0.0,0.0,,0.0,0.0,0.0,0.0,0.0,0.0,0.002386548789218068,,0.0,0.0,0.0,,,,0.0,0.0,,0.0,0.0,0.0,0.0,0.0,0.0,,0.0,0.0,0.0,,,,,0.0,,0.0,0.0,0.0,,,0.0,,0.0,,0.0,0.0,0.0,0.0,,,,0.019023610278964043,,0.0,0.0,0.0,,,,0.0,0.0,0.0,0.0,0.0,0.0,,0.0020381095819175243,,0.0,,0.0,0.0,,0.0,0.027345111593604088,0.0,,,0.0,,,0.0,,0.0,,0.0,,0.010624958202242851,,,0.0,,,,0.0,0.009068354964256287,,0.0,0.0,,,,,0.0,0.0,0.0,,0.0,0.0,0.0,0.0,,0.0,,0.0,,,0.0,0.0,0.0,0.0,0.0,0.0,,,0.0012944337213411927,,0.0,0.0,0.0,,0.0884244292974472,,,0.00612172344699502,,0.0,0.0,,0.0,,,0.0,,,0.0,0.0,0.0,,,0.0,0.0,0.000760922092013061,,0.0,0.0,0.0,,0.0,,0.0,0.0,0.0,,,0.0,0.02076622098684311,,,0.0,,,0.0,0.0,0.0,,0.0,0.0,0.0,0.026078566908836365,,0.0,0.0,,0.0,0.0,0.0,0.003636399982497096,0.0,0.0,0.010717890225350857,0.0,0.0,0.0,0.000529099372215569,0.0,0.0,,0.0,,,0.0,,,0.0,0.0,,0.0,,0.0,0.0,,0.0,,0.0,0.0,0.0,,0.018671313300728798,0.0,0.0,0.013625061139464378,0.0,0.0,0.0,0.0,0.0,0.0,0.0031591560691595078,,,0.0,0.013349867425858974,0.0,,,,0.0,,0.0,0.0,,,,0.0,,,0.0,,,,,0.0,,0.0,0.00016420564497821033,0.0,0.0,0.0,0.0,0.0,,,0.0,,,0.0,0.0,,,0.0,,0.0,0.0,0.0,,0.0,,,,,,0.0,,0.0,0.0,0.0,,,,,0.0,,,,,0.0005176853737793863,,,,,,0.0,,,0.05937034264206886,,0.0,,,0.0,,0.0,,0.0,,,,0.01705697551369667,,,0.0,,,0.0,0.0,,0.022538475692272186,0.0,,0.0,,,0.0,0.0,0.0,,,,0.0,0.0,0.0,,,,,,0.0,0.0,,,,0.0,0.0,,0.0,,,0.0,0.0,,,0.0,0.03460295498371124,,0.0,,,0.0,0.0,,0.019816339015960693,0.0,0.0,0.0,,0.0,0.0,0.0,0.0,0.0,,,0.0,,0.0,0.0,0.0,0.0,,,,0.0,,,0.0,,0.0,,0.0,0.0,0.0,0.0,0.0,0.0,,0.0,0.0,,0.0,0.0,,0.06478113681077957,,,0.0,0.0,0.0,0.0,,0.0,0.0,0.0,0.0,0.0,0.0,0.01921050250530243,0.0,,0.0,,0.0,0.0,0.0,0.0,0.0,,0.0,,0.0,,0.0,,0.0,0.0,0.0,,0.0,,0.0,,0.0,0.0,0.0,0.01096775196492672,0.0,,0.0,0.0014701014151796699,0.0,,0.005125739146023989,,0.0,0.007840300910174847,0.0,0.0,0.0,0.0,0.0,0.0,0.0044894288294017315,,0.00530617218464613,0.0,0.0,,,0.0,0.0,,0.0,0.0,0.0,0.0,0.0,0.0,0.0,0.0,0.0,0.0,0.015360762365162373,,0.026050660759210587,0.0,0.007896216586232185,0.0,0.015410416759550571,0.0,0.0,0.0,0.0,0.0,0.0,0.0,0.0,0.0,0.0,0.0,0.0,0.0,0.0,0.0,0.0,0.0,0.0,0.0,0.0,0.0,0.0,0.0,0.0,0.0,0.0,0.0,0.0,0.0,0.0,0.03154827654361725,0.0021745359990745783,0.0,0.0,0.0,0.0,0.014290479011833668,0.0,0.0,0.0,0.0,0.0,0.0,0.0,0.0010335164843127131,0.0,0.0,0.0,0.0,0.0,0.0,0.0,0.0,0.0,0.0,0.0,0.0,0.0,0.0,0.006967326160520315,0.0,0.0,0.0,0.019095228984951973,0.0,0.0,0.0,0.0,0.0,0.006337939761579037,0.0,0.0,0.0,0.0,0.0,0.0,0.026182465255260468,0.0,0.0,0.0029705921187996864,0.0,0.02347339689731598,0.0,0.0,0.008121228776872158,0.0,0.0,0.0,0.0,0.0,0.0,0.0,0.0,0.0,0.0,0.0,0.0,0.0,0.0,0.0,0.0,0.0,0.0,0.0,0.0,0.0,0.0,0.0,0.03261739760637283,0.005954995285719633,0.0,0.013853570446372032,0.0,0.0,0.0,0.0,0.0,0.0,0.0,0.0,0.0,0.0,0.013720358721911907,0.0,0.0,0.0,0.0,0.0
2022-05-20,711296.8293433624,274.1381067237213,,,,,,,,,,,76494.84123570709,,1039061.7711000025,,,,,,,,,,,11252.03367169104,,,,,,,,,,,,,,,,,,,,,,,,,,,40267.761673647496,,,,,,,,,,,,,,,,,,,,,,,13824.026944333178,,,,,,,,,,,,,,,,,,,,,,,,,,,,,,,,,,,,,,11181.842886723687,,9704.490063042966,,,,43508.81992856465,41290.94012131829,41549.91389164063,15589.802641502514,0.0,0.0,,0.0,0.0,0.032165829092264175,0.0,0.0,,0.0,,0.0,0.0,0.0,,,,,,0.0,,,0.0,,0.0,,,0.0,0.0,0.0,,0.0,0.0,,0.0,,,,0.0,0.0181044302880764,0.0,,0.0,0.0,0.007552177645266056,,0.0,,,,,0.0,,0.0,0.0,,0.0,0.0,0.0,0.0,,,0.007423738017678261,0.0,,0.0025245544966310263,0.0,0.0,,0.0,,0.0,,,0.05404789373278618,,,0.0,,,0.0,,,0.0,,0.0,0.0,,0.0,0.0,,,0.019436147063970566,,0.0,0.0,,0.0,0.0,,,0.0,0.006602924317121506,,,,,0.0035431180149316788,,0.0,,0.0,0.0,,0.0,0.0,,0.0,,0.0,,,0.022485647350549698,0.0,0.0,0.0,0.0,,,,,0.0,0.001548555213958025,,,0.0,,,,,0.0006256847991608083,0.0,0.0,,0.0,0.0,0.0,0.0,0.0,0.0,0.002386548789218068,,0.0,0.0,0.0,,,,0.0,0.0,,0.0,0.0,0.0,0.0,0.0,0.0,,0.0,0.0,0.0,,,,,0.0,,0.0,0.0,0.0,,,0.0,,0.0,,0.0,0.0,0.0,0.0,,,,0.019023610278964043,,0.0,0.0,0.0,,,,0.0,0.0,0.0,0.0,0.0,0.0,,0.0020381095819175243,,0.0,,0.0,0.0,,0.0,0.027345111593604088,0.0,,,0.0,,,0.0,,0.0,,0.0,,0.010624958202242851,,,0.0,,,,0.0,0.009068354964256287,,0.0,0.0,,,,,0.0,0.0,0.0,,0.0,0.0,0.0,0.0,,0.0,,0.0,,,0.0,0.0,0.0,0.0,0.0,0.0,,,0.0012944337213411927,,0.0,0.0,0.0,,0.0884244292974472,,,0.00612172344699502,,0.0,0.0,,0.0,,,0.0,,,0.0,0.0,0.0,,,0.0,0.0,0.000760922092013061,,0.0,0.0,0.0,,0.0,,0.0,0.0,0.0,,,0.0,0.02076622098684311,,,0.0,,,0.0,0.0,0.0,,0.0,0.0,0.0,0.026078566908836365,,0.0,0.0,,0.0,0.0,0.0,0.003636399982497096,0.0,0.0,0.010717890225350857,0.0,0.0,0.0,0.000529099372215569,0.0,0.0,,0.0,,,0.0,,,0.0,0.0,,0.0,,0.0,0.0,,0.0,,0.0,0.0,0.0,,0.018671313300728798,0.0,0.0,0.013625061139464378,0.0,0.0,0.0,0.0,0.0,0.0,0.0031591560691595078,,,0.0,0.013349867425858974,0.0,,,,0.0,,0.0,0.0,,,,0.0,,,0.0,,,,,0.0,,0.0,0.00016420564497821033,0.0,0.0,0.0,0.0,0.0,,,0.0,,,0.0,0.0,,,0.0,,0.0,0.0,0.0,,0.0,,,,,,0.0,,0.0,0.0,0.0,,,,,0.0,,,,,0.0005176853737793863,,,,,,0.0,,,0.05937034264206886,,0.0,,,0.0,,0.0,,0.0,,,,0.01705697551369667,,,0.0,,,0.0,0.0,,0.022538475692272186,0.0,,0.0,,,0.0,0.0,0.0,,,,0.0,0.0,0.0,,,,,,0.0,0.0,,,,0.0,0.0,,0.0,,,0.0,0.0,,,0.0,0.03460295498371124,,0.0,,,0.0,0.0,,0.019816339015960693,0.0,0.0,0.0,,0.0,0.0,0.0,0.0,0.0,,,0.0,,0.0,0.0,0.0,0.0,,,,0.0,,,0.0,,0.0,,0.0,0.0,0.0,0.0,0.0,0.0,,0.0,0.0,,0.0,0.0,,0.06478113681077957,,,0.0,0.0,0.0,0.0,,0.0,0.0,0.0,0.0,0.0,0.0,0.01921050250530243,0.0,,0.0,,0.0,0.0,0.0,0.0,0.0,,0.0,,0.0,,0.0,,0.0,0.0,0.0,,0.0,,0.0,,0.0,0.0,0.0,0.01096775196492672,0.0,,0.0,0.0014701014151796699,0.0,,0.005125739146023989,,0.0,0.007840300910174847,0.0,0.0,0.0,0.0,0.0,0.0,0.0044894288294017315,,0.00530617218464613,0.0,0.0,,,0.0,0.0,,0.0,0.0,0.0,0.0,0.0,0.0,0.0,0.0,0.0,0.0,0.015360762365162373,,0.026050660759210587,0.0,0.007896216586232185,0.0,0.015410416759550571,0.0,0.0,0.0,0.0,0.0,0.0,0.0,0.0,0.0,0.0,0.0,0.0,0.0,0.0,0.0,0.0,0.0,0.0,0.0,0.0,0.0,0.0,0.0,0.0,0.0,0.0,0.0,0.0,0.0,0.0,0.03154827654361725,0.0021745359990745783,0.0,0.0,0.0,0.0,0.014290479011833668,0.0,0.0,0.0,0.0,0.0,0.0,0.0,0.0010335164843127131,0.0,0.0,0.0,0.0,0.0,0.0,0.0,0.0,0.0,0.0,0.0,0.0,0.0,0.0,0.006967326160520315,0.0,0.0,0.0,0.019095228984951973,0.0,0.0,0.0,0.0,0.0,0.006337939761579037,0.0,0.0,0.0,0.0,0.0,0.0,0.026182465255260468,0.0,0.0,0.0029705921187996864,0.0,0.02347339689731598,0.0,0.0,0.008121228776872158,0.0,0.0,0.0,0.0,0.0,0.0,0.0,0.0,0.0,0.0,0.0,0.0,0.0,0.0,0.0,0.0,0.0,0.0,0.0,0.0,0.0,0.0,0.0,0.03261739760637283,0.005954995285719633,0.0,0.013853570446372032,0.0,0.0,0.0,0.0,0.0,0.0,0.0,0.0,0.0,0.0,0.013720358721911907,0.0,0.0,0.0,0.0,0.0
2022-05-23,721166.4737532613,212.5405160104483,,,,,,,,,,,76494.84123570709,,1039061.7711000025,,,,,,,,,,,11252.03367169104,,,,,,,,,,,,,,,,,,,,,,,,,,,40267.761673647496,,,,,,,,,,,,,,,,,,,,,,,13824.026944333178,,,,,,,,,,,,,,,,,,,,,,,,,,,,,,,,,,,,,,10858.362899669586,,9011.486262939712,,,,43508.81992856465,41904.104103270714,45799.955432957395,15589.802641502514,0.0,0.0,,0.0,0.0,0.032165829092264175,0.0,0.0,,0.0,,0.0,0.0,0.0,,,,,,0.0,,,0.0,,0.0,,,0.0,0.0,0.0,,0.0,0.0,,0.0,,,,0.0,0.0181044302880764,0.0,,0.0,0.0,0.007552177645266056,,0.0,,,,,0.0,,0.0,0.0,,0.0,0.0,0.0,0.0,,,0.007423738017678261,0.0,,0.0025245544966310263,0.0,0.0,,0.0,,0.0,,,0.05404789373278618,,,0.0,,,0.0,,,0.0,,0.0,0.0,,0.0,0.0,,,0.019436147063970566,,0.0,0.0,,0.0,0.0,,,0.0,0.006602924317121506,,,,,0.0035431180149316788,,0.0,,0.0,0.0,,0.0,0.0,,0.0,,0.0,,,0.022485647350549698,0.0,0.0,0.0,0.0,,,,,0.0,0.001548555213958025,,,0.0,,,,,0.0006256847991608083,0.0,0.0,,0.0,0.0,0.0,0.0,0.0,0.0,0.002386548789218068,,0.0,0.0,0.0,,,,0.0,0.0,,0.0,0.0,0.0,0.0,0.0,0.0,,0.0,0.0,0.0,,,,,0.0,,0.0,0.0,0.0,,,0.0,,0.0,,0.0,0.0,0.0,0.0,,,,0.019023610278964043,,0.0,0.0,0.0,,,,0.0,0.0,0.0,0.0,0.0,0.0,,0.0020381095819175243,,0.0,,0.0,0.0,,0.0,0.027345111593604088,0.0,,,0.0,,,0.0,,0.0,,0.0,,0.010624958202242851,,,0.0,,,,0.0,0.009068354964256287,,0.0,0.0,,,,,0.0,0.0,0.0,,0.0,0.0,0.0,0.0,,0.0,,0.0,,,0.0,0.0,0.0,0.0,0.0,0.0,,,0.0012944337213411927,,0.0,0.0,0.0,,0.0884244292974472,,,0.00612172344699502,,0.0,0.0,,0.0,,,0.0,,,0.0,0.0,0.0,,,0.0,0.0,0.000760922092013061,,0.0,0.0,0.0,,0.0,,0.0,0.0,0.0,,,0.0,0.02076622098684311,,,0.0,,,0.0,0.0,0.0,,0.0,0.0,0.0,0.026078566908836365,,0.0,0.0,,0.0,0.0,0.0,0.003636399982497096,0.0,0.0,0.010717890225350857,0.0,0.0,0.0,0.000529099372215569,0.0,0.0,,0.0,,,0.0,,,0.0,0.0,,0.0,,0.0,0.0,,0.0,,0.0,0.0,0.0,,0.018671313300728798,0.0,0.0,0.013625061139464378,0.0,0.0,0.0,0.0,0.0,0.0,0.0031591560691595078,,,0.0,0.013349867425858974,0.0,,,,0.0,,0.0,0.0,,,,0.0,,,0.0,,,,,0.0,,0.0,0.00016420564497821033,0.0,0.0,0.0,0.0,0.0,,,0.0,,,0.0,0.0,,,0.0,,0.0,0.0,0.0,,0.0,,,,,,0.0,,0.0,0.0,0.0,,,,,0.0,,,,,0.0005176853737793863,,,,,,0.0,,,0.05937034264206886,,0.0,,,0.0,,0.0,,0.0,,,,0.01705697551369667,,,0.0,,,0.0,0.0,,0.022538475692272186,0.0,,0.0,,,0.0,0.0,0.0,,,,0.0,0.0,0.0,,,,,,0.0,0.0,,,,0.0,0.0,,0.0,,,0.0,0.0,,,0.0,0.03460295498371124,,0.0,,,0.0,0.0,,0.019816339015960693,0.0,0.0,0.0,,0.0,0.0,0.0,0.0,0.0,,,0.0,,0.0,0.0,0.0,0.0,,,,0.0,,,0.0,,0.0,,0.0,0.0,0.0,0.0,0.0,0.0,,0.0,0.0,,0.0,0.0,,0.06478113681077957,,,0.0,0.0,0.0,0.0,,0.0,0.0,0.0,0.0,0.0,0.0,0.01921050250530243,0.0,,0.0,,0.0,0.0,0.0,0.0,0.0,,0.0,,0.0,,0.0,,0.0,0.0,0.0,,0.0,,0.0,,0.0,0.0,0.0,0.01096775196492672,0.0,,0.0,0.0014701014151796699,0.0,,0.005125739146023989,,0.0,0.007840300910174847,0.0,0.0,0.0,0.0,0.0,0.0,0.0044894288294017315,,0.00530617218464613,0.0,0.0,,,0.0,0.0,,0.0,0.0,0.0,0.0,0.0,0.0,0.0,0.0,0.0,0.0,0.015360762365162373,,0.026050660759210587,0.0,0.007896216586232185,0.0,0.015410416759550571,0.0,0.0,0.0,0.0,0.0,0.0,0.0,0.0,0.0,0.0,0.0,0.0,0.0,0.0,0.0,0.0,0.0,0.0,0.0,0.0,0.0,0.0,0.0,0.0,0.0,0.0,0.0,0.0,0.0,0.0,0.03154827654361725,0.0021745359990745783,0.0,0.0,0.0,0.0,0.014290479011833668,0.0,0.0,0.0,0.0,0.0,0.0,0.0,0.0010335164843127131,0.0,0.0,0.0,0.0,0.0,0.0,0.0,0.0,0.0,0.0,0.0,0.0,0.0,0.0,0.006967326160520315,0.0,0.0,0.0,0.019095228984951973,0.0,0.0,0.0,0.0,0.0,0.006337939761579037,0.0,0.0,0.0,0.0,0.0,0.0,0.026182465255260468,0.0,0.0,0.0029705921187996864,0.0,0.02347339689731598,0.0,0.0,0.008121228776872158,0.0,0.0,0.0,0.0,0.0,0.0,0.0,0.0,0.0,0.0,0.0,0.0,0.0,0.0,0.0,0.0,0.0,0.0,0.0,0.0,0.0,0.0,0.0,0.03261739760637283,0.005954995285719633,0.0,0.013853570446372032,0.0,0.0,0.0,0.0,0.0,0.0,0.0,0.0,0.0,0.0,0.013720358721911907,0.0,0.0,0.0,0.0,0.0
2022-05-24,703835.3550975493,1056.3761821358003,,,,,,,,,,,76494.84123570709,,1039061.7711000025,,,,,,,,,,,11252.03367169104,,,,,,,,,,,,,,,,,,,,,,,,,,,40267.761673647496,,,,,,,,,,,,,,,,,,,,,,,13824.026944333178,,,,,,,,,,,,,,,,,,,,,,,,,,,,,,,,,,,,,,9561.111398737517,,9357.576368539725,,,,43508.81992856465,42496.59226327653,45274.540425098254,17020.52367072496,0.0,0.0,,0.0,0.0,0.032165829092264175,0.0,0.0,,0.0,,0.0,0.0,0.0,,,,,,0.0,,,0.0,,0.0,,,0.0,0.0,0.0,,0.0,0.0,,0.0,,,,0.0,0.0181044302880764,0.0,,0.0,0.0,0.007552177645266056,,0.0,,,,,0.0,,0.0,0.0,,0.0,0.0,0.0,0.0,,,0.007423738017678261,0.0,,0.0025245544966310263,0.0,0.0,,0.0,,0.0,,,0.05404789373278618,,,0.0,,,0.0,,,0.0,,0.0,0.0,,0.0,0.0,,,0.019436147063970566,,0.0,0.0,,0.0,0.0,,,0.0,0.006602924317121506,,,,,0.0035431180149316788,,0.0,,0.0,0.0,,0.0,0.0,,0.0,,0.0,,,0.022485647350549698,0.0,0.0,0.0,0.0,,,,,0.0,0.001548555213958025,,,0.0,,,,,0.0006256847991608083,0.0,0.0,,0.0,0.0,0.0,0.0,0.0,0.0,0.002386548789218068,,0.0,0.0,0.0,,,,0.0,0.0,,0.0,0.0,0.0,0.0,0.0,0.0,,0.0,0.0,0.0,,,,,0.0,,0.0,0.0,0.0,,,0.0,,0.0,,0.0,0.0,0.0,0.0,,,,0.019023610278964043,,0.0,0.0,0.0,,,,0.0,0.0,0.0,0.0,0.0,0.0,,0.0020381095819175243,,0.0,,0.0,0.0,,0.0,0.027345111593604088,0.0,,,0.0,,,0.0,,0.0,,0.0,,0.010624958202242851,,,0.0,,,,0.0,0.009068354964256287,,0.0,0.0,,,,,0.0,0.0,0.0,,0.0,0.0,0.0,0.0,,0.0,,0.0,,,0.0,0.0,0.0,0.0,0.0,0.0,,,0.0012944337213411927,,0.0,0.0,0.0,,0.0884244292974472,,,0.00612172344699502,,0.0,0.0,,0.0,,,0.0,,,0.0,0.0,0.0,,,0.0,0.0,0.000760922092013061,,0.0,0.0,0.0,,0.0,,0.0,0.0,0.0,,,0.0,0.02076622098684311,,,0.0,,,0.0,0.0,0.0,,0.0,0.0,0.0,0.026078566908836365,,0.0,0.0,,0.0,0.0,0.0,0.003636399982497096,0.0,0.0,0.010717890225350857,0.0,0.0,0.0,0.000529099372215569,0.0,0.0,,0.0,,,0.0,,,0.0,0.0,,0.0,,0.0,0.0,,0.0,,0.0,0.0,0.0,,0.018671313300728798,0.0,0.0,0.013625061139464378,0.0,0.0,0.0,0.0,0.0,0.0,0.0031591560691595078,,,0.0,0.013349867425858974,0.0,,,,0.0,,0.0,0.0,,,,0.0,,,0.0,,,,,0.0,,0.0,0.00016420564497821033,0.0,0.0,0.0,0.0,0.0,,,0.0,,,0.0,0.0,,,0.0,,0.0,0.0,0.0,,0.0,,,,,,0.0,,0.0,0.0,0.0,,,,,0.0,,,,,0.0005176853737793863,,,,,,0.0,,,0.05937034264206886,,0.0,,,0.0,,0.0,,0.0,,,,0.01705697551369667,,,0.0,,,0.0,0.0,,0.022538475692272186,0.0,,0.0,,,0.0,0.0,0.0,,,,0.0,0.0,0.0,,,,,,0.0,0.0,,,,0.0,0.0,,0.0,,,0.0,0.0,,,0.0,0.03460295498371124,,0.0,,,0.0,0.0,,0.019816339015960693,0.0,0.0,0.0,,0.0,0.0,0.0,0.0,0.0,,,0.0,,0.0,0.0,0.0,0.0,,,,0.0,,,0.0,,0.0,,0.0,0.0,0.0,0.0,0.0,0.0,,0.0,0.0,,0.0,0.0,,0.06478113681077957,,,0.0,0.0,0.0,0.0,,0.0,0.0,0.0,0.0,0.0,0.0,0.01921050250530243,0.0,,0.0,,0.0,0.0,0.0,0.0,0.0,,0.0,,0.0,,0.0,,0.0,0.0,0.0,,0.0,,0.0,,0.0,0.0,0.0,0.01096775196492672,0.0,,0.0,0.0014701014151796699,0.0,,0.005125739146023989,,0.0,0.007840300910174847,0.0,0.0,0.0,0.0,0.0,0.0,0.0044894288294017315,,0.00530617218464613,0.0,0.0,,,0.0,0.0,,0.0,0.0,0.0,0.0,0.0,0.0,0.0,0.0,0.0,0.0,0.015360762365162373,,0.026050660759210587,0.0,0.007896216586232185,0.0,0.015410416759550571,0.0,0.0,0.0,0.0,0.0,0.0,0.0,0.0,0.0,0.0,0.0,0.0,0.0,0.0,0.0,0.0,0.0,0.0,0.0,0.0,0.0,0.0,0.0,0.0,0.0,0.0,0.0,0.0,0.0,0.0,0.03154827654361725,0.0021745359990745783,0.0,0.0,0.0,0.0,0.014290479011833668,0.0,0.0,0.0,0.0,0.0,0.0,0.0,0.0010335164843127131,0.0,0.0,0.0,0.0,0.0,0.0,0.0,0.0,0.0,0.0,0.0,0.0,0.0,0.0,0.006967326160520315,0.0,0.0,0.0,0.019095228984951973,0.0,0.0,0.0,0.0,0.0,0.006337939761579037,0.0,0.0,0.0,0.0,0.0,0.0,0.026182465255260468,0.0,0.0,0.0029705921187996864,0.0,0.02347339689731598,0.0,0.0,0.008121228776872158,0.0,0.0,0.0,0.0,0.0,0.0,0.0,0.0,0.0,0.0,0.0,0.0,0.0,0.0,0.0,0.0,0.0,0.0,0.0,0.0,0.0,0.0,0.0,0.03261739760637283,0.005954995285719633,0.0,0.013853570446372032,0.0,0.0,0.0,0.0,0.0,0.0,0.0,0.0,0.0,0.0,0.013720358721911907,0.0,0.0,0.0,0.0,0.0
2022-05-25,719510.0848148521,279.22790859687393,,,,,,,,,,,76494.84123570709,,1039061.7711000025,,,,,,,,,,,11252.03367169104,,,,,,,,,,,,,,,,,,,,,,,,,,,40811.895995287974,,,,,,,,,,,,,,,,,,,,,,,13824.026944333178,,,,,,,,,,,,,,,,,,,,,,,,,,,,,,,,,,,,,,9561.111398737517,,9184.52982337809,,,,56752.80173282939,43111.20176790397,41539.37579019775,16733.62989989749,0.0,0.0,,0.0,0.0,0.032165829092264175,0.0,0.0,,0.0,,0.0,0.0,0.0,,,,,,0.0,,,0.0,,0.0,,,0.0,0.0,0.0,,0.0,0.0,,0.0,,,,0.0,0.0181044302880764,0.0,,0.0,0.0,0.007552177645266056,,0.0,,,,,0.0,,0.0,0.0,,0.0,0.0,0.0,0.0,,,0.007423738017678261,0.0,,0.0025245544966310263,0.0,0.0,,0.0,,0.0,,,0.05404789373278618,,,0.0,,,0.0,,,0.0,,0.0,0.0,,0.0,0.0,,,0.019436147063970566,,0.0,0.0,,0.0,0.0,,,0.0,0.006602924317121506,,,,,0.0035431180149316788,,0.0,,0.0,0.0,,0.0,0.0,,0.0,,0.0,,,0.022485647350549698,0.0,0.0,0.0,0.0,,,,,0.0,0.001548555213958025,,,0.0,,,,,0.0006256847991608083,0.0,0.0,,0.0,0.0,0.0,0.0,0.0,0.0,0.002386548789218068,,0.0,0.0,0.0,,,,0.0,0.0,,0.0,0.0,0.0,0.0,0.0,0.0,,0.0,0.0,0.0,,,,,0.0,,0.0,0.0,0.0,,,0.0,,0.0,,0.0,0.0,0.0,0.0,,,,0.019023610278964043,,0.0,0.0,0.0,,,,0.0,0.0,0.0,0.0,0.0,0.0,,0.0020381095819175243,,0.0,,0.0,0.0,,0.0,0.027345111593604088,0.0,,,0.0,,,0.0,,0.0,,0.0,,0.010624958202242851,,,0.0,,,,0.0,0.009068354964256287,,0.0,0.0,,,,,0.0,0.0,0.0,,0.0,0.0,0.0,0.0,,0.0,,0.0,,,0.0,0.0,0.0,0.0,0.0,0.0,,,0.0012944337213411927,,0.0,0.0,0.0,,0.0884244292974472,,,0.00612172344699502,,0.0,0.0,,0.0,,,0.0,,,0.0,0.0,0.0,,,0.0,0.0,0.000760922092013061,,0.0,0.0,0.0,,0.0,,0.0,0.0,0.0,,,0.0,0.02076622098684311,,,0.0,,,0.0,0.0,0.0,,0.0,0.0,0.0,0.026078566908836365,,0.0,0.0,,0.0,0.0,0.0,0.003636399982497096,0.0,0.0,0.010717890225350857,0.0,0.0,0.0,0.000529099372215569,0.0,0.0,,0.0,,,0.0,,,0.0,0.0,,0.0,,0.0,0.0,,0.0,,0.0,0.0,0.0,,0.018671313300728798,0.0,0.0,0.013625061139464378,0.0,0.0,0.0,0.0,0.0,0.0,0.0031591560691595078,,,0.0,0.013349867425858974,0.0,,,,0.0,,0.0,0.0,,,,0.0,,,0.0,,,,,0.0,,0.0,0.00016420564497821033,0.0,0.0,0.0,0.0,0.0,,,0.0,,,0.0,0.0,,,0.0,,0.0,0.0,0.0,,0.0,,,,,,0.0,,0.0,0.0,0.0,,,,,0.0,,,,,0.0005176853737793863,,,,,,0.0,,,0.05937034264206886,,0.0,,,0.0,,0.0,,0.0,,,,0.01705697551369667,,,0.0,,,0.0,0.0,,0.022538475692272186,0.0,,0.0,,,0.0,0.0,0.0,,,,0.0,0.0,0.0,,,,,,0.0,0.0,,,,0.0,0.0,,0.0,,,0.0,0.0,,,0.0,0.03460295498371124,,0.0,,,0.0,0.0,,0.019816339015960693,0.0,0.0,0.0,,0.0,0.0,0.0,0.0,0.0,,,0.0,,0.0,0.0,0.0,0.0,,,,0.0,,,0.0,,0.0,,0.0,0.0,0.0,0.0,0.0,0.0,,0.0,0.0,,0.0,0.0,,0.06478113681077957,,,0.0,0.0,0.0,0.0,,0.0,0.0,0.0,0.0,0.0,0.0,0.01921050250530243,0.0,,0.0,,0.0,0.0,0.0,0.0,0.0,,0.0,,0.0,,0.0,,0.0,0.0,0.0,,0.0,,0.0,,0.0,0.0,0.0,0.01096775196492672,0.0,,0.0,0.0014701014151796699,0.0,,0.005125739146023989,,0.0,0.007840300910174847,0.0,0.0,0.0,0.0,0.0,0.0,0.0044894288294017315,,0.00530617218464613,0.0,0.0,,,0.0,0.0,,0.0,0.0,0.0,0.0,0.0,0.0,0.0,0.0,0.0,0.0,0.015360762365162373,,0.026050660759210587,0.0,0.007896216586232185,0.0,0.015410416759550571,0.0,0.0,0.0,0.0,0.0,0.0,0.0,0.0,0.0,0.0,0.0,0.0,0.0,0.0,0.0,0.0,0.0,0.0,0.0,0.0,0.0,0.0,0.0,0.0,0.0,0.0,0.0,0.0,0.0,0.0,0.03154827654361725,0.0021745359990745783,0.0,0.0,0.0,0.0,0.014290479011833668,0.0,0.0,0.0,0.0,0.0,0.0,0.0,0.0010335164843127131,0.0,0.0,0.0,0.0,0.0,0.0,0.0,0.0,0.0,0.0,0.0,0.0,0.0,0.0,0.006967326160520315,0.0,0.0,0.0,0.019095228984951973,0.0,0.0,0.0,0.0,0.0,0.006337939761579037,0.0,0.0,0.0,0.0,0.0,0.0,0.026182465255260468,0.0,0.0,0.0029705921187996864,0.0,0.02347339689731598,0.0,0.0,0.008121228776872158,0.0,0.0,0.0,0.0,0.0,0.0,0.0,0.0,0.0,0.0,0.0,0.0,0.0,0.0,0.0,0.0,0.0,0.0,0.0,0.0,0.0,0.0,0.0,0.03261739760637283,0.005954995285719633,0.0,0.013853570446372032,0.0,0.0,0.0,0.0,0.0,0.0,0.0,0.0,0.0,0.0,0.013720358721911907,0.0,0.0,0.0,0.0,0.0
2022-05-26,721176.0342603343,870.6714856451271,,,,,,,,,,,76494.84123570709,,1039061.7711000025,,,,,,,,,,,11252.03367169104,,,,,,,,,,,,,,,,,,,,,,,,,,,40811.895995287974,,,,,,,,,,,,,,,,,,,,,,,13824.026944333178,,,,,,,,,,,,,,,,,,,,,,,,,,,,,,,,,,,,,,9561.111398737517,,9184.335348836248,,,,56752.80173282939,43116.46444816161,41544.56833539145,16591.951131865953,0.0,0.0,,0.0,0.0,0.032165829092264175,0.0,0.0,,0.0,,0.0,0.0,0.0,,,,,,0.0,,,0.0,,0.0,,,0.0,0.0,0.0,,0.0,0.0,,0.0,,,,0.0,0.0181044302880764,0.0,,0.0,0.0,0.007552177645266056,,0.0,,,,,0.0,,0.0,0.0,,0.0,0.0,0.0,0.0,,,0.007423738017678261,0.0,,0.0025245544966310263,0.0,0.0,,0.0,,0.0,,,0.05404789373278618,,,0.0,,,0.0,,,0.0,,0.0,0.0,,0.0,0.0,,,0.019436147063970566,,0.0,0.0,,0.0,0.0,,,0.0,0.006602924317121506,,,,,0.0035431180149316788,,0.0,,0.0,0.0,,0.0,0.0,,0.0,,0.0,,,0.022485647350549698,0.0,0.0,0.0,0.0,,,,,0.0,0.001548555213958025,,,0.0,,,,,0.0006256847991608083,0.0,0.0,,0.0,0.0,0.0,0.0,0.0,0.0,0.002386548789218068,,0.0,0.0,0.0,,,,0.0,0.0,,0.0,0.0,0.0,0.0,0.0,0.0,,0.0,0.0,0.0,,,,,0.0,,0.0,0.0,0.0,,,0.0,,0.0,,0.0,0.0,0.0,0.0,,,,0.019023610278964043,,0.0,0.0,0.0,,,,0.0,0.0,0.0,0.0,0.0,0.0,,0.0020381095819175243,,0.0,,0.0,0.0,,0.0,0.027345111593604088,0.0,,,0.0,,,0.0,,0.0,,0.0,,0.010624958202242851,,,0.0,,,,0.0,0.009068354964256287,,0.0,0.0,,,,,0.0,0.0,0.0,,0.0,0.0,0.0,0.0,,0.0,,0.0,,,0.0,0.0,0.0,0.0,0.0,0.0,,,0.0012944337213411927,,0.0,0.0,0.0,,0.0884244292974472,,,0.00612172344699502,,0.0,0.0,,0.0,,,0.0,,,0.0,0.0,0.0,,,0.0,0.0,0.000760922092013061,,0.0,0.0,0.0,,0.0,,0.0,0.0,0.0,,,0.0,0.02076622098684311,,,0.0,,,0.0,0.0,0.0,,0.0,0.0,0.0,0.026078566908836365,,0.0,0.0,,0.0,0.0,0.0,0.003636399982497096,0.0,0.0,0.010717890225350857,0.0,0.0,0.0,0.000529099372215569,0.0,0.0,,0.0,,,0.0,,,0.0,0.0,,0.0,,0.0,0.0,,0.0,,0.0,0.0,0.0,,0.018671313300728798,0.0,0.0,0.013625061139464378,0.0,0.0,0.0,0.0,0.0,0.0,0.0031591560691595078,,,0.0,0.013349867425858974,0.0,,,,0.0,,0.0,0.0,,,,0.0,,,0.0,,,,,0.0,,0.0,0.00016420564497821033,0.0,0.0,0.0,0.0,0.0,,,0.0,,,0.0,0.0,,,0.0,,0.0,0.0,0.0,,0.0,,,,,,0.0,,0.0,0.0,0.0,,,,,0.0,,,,,0.0005176853737793863,,,,,,0.0,,,0.05937034264206886,,0.0,,,0.0,,0.0,,0.0,,,,0.01705697551369667,,,0.0,,,0.0,0.0,,0.022538475692272186,0.0,,0.0,,,0.0,0.0,0.0,,,,0.0,0.0,0.0,,,,,,0.0,0.0,,,,0.0,0.0,,0.0,,,0.0,0.0,,,0.0,0.03460295498371124,,0.0,,,0.0,0.0,,0.019816339015960693,0.0,0.0,0.0,,0.0,0.0,0.0,0.0,0.0,,,0.0,,0.0,0.0,0.0,0.0,,,,0.0,,,0.0,,0.0,,0.0,0.0,0.0,0.0,0.0,0.0,,0.0,0.0,,0.0,0.0,,0.06478113681077957,,,0.0,0.0,0.0,0.0,,0.0,0.0,0.0,0.0,0.0,0.0,0.01921050250530243,0.0,,0.0,,0.0,0.0,0.0,0.0,0.0,,0.0,,0.0,,0.0,,0.0,0.0,0.0,,0.0,,0.0,,0.0,0.0,0.0,0.01096775196492672,0.0,,0.0,0.0014701014151796699,0.0,,0.005125739146023989,,0.0,0.007840300910174847,0.0,0.0,0.0,0.0,0.0,0.0,0.0044894288294017315,,0.00530617218464613,0.0,0.0,,,0.0,0.0,,0.0,0.0,0.0,0.0,0.0,0.0,0.0,0.0,0.0,0.0,0.015360762365162373,,0.026050660759210587,0.0,0.007896216586232185,0.0,0.015410416759550571,0.0,0.0,0.0,0.0,0.0,0.0,0.0,0.0,0.0,0.0,0.0,0.0,0.0,0.0,0.0,0.0,0.0,0.0,0.0,0.0,0.0,0.0,0.0,0.0,0.0,0.0,0.0,0.0,0.0,0.0,0.03154827654361725,0.0021745359990745783,0.0,0.0,0.0,0.0,0.014290479011833668,0.0,0.0,0.0,0.0,0.0,0.0,0.0,0.0010335164843127131,0.0,0.0,0.0,0.0,0.0,0.0,0.0,0.0,0.0,0.0,0.0,0.0,0.0,0.0,0.006967326160520315,0.0,0.0,0.0,0.019095228984951973,0.0,0.0,0.0,0.0,0.0,0.006337939761579037,0.0,0.0,0.0,0.0,0.0,0.0,0.026182465255260468,0.0,0.0,0.0029705921187996864,0.0,0.02347339689731598,0.0,0.0,0.008121228776872158,0.0,0.0,0.0,0.0,0.0,0.0,0.0,0.0,0.0,0.0,0.0,0.0,0.0,0.0,0.0,0.0,0.0,0.0,0.0,0.0,0.0,0.0,0.0,0.03261739760637283,0.005954995285719633,0.0,0.013853570446372032,0.0,0.0,0.0,0.0,0.0,0.0,0.0,0.0,0.0,0.0,0.013720358721911907,0.0,0.0,0.0,0.0,0.0
2022-05-27,721166.6080825691,101.45420676699632,,,,,,,,,,,76494.84123570709,,1039061.7711000025,,,,,,,,,,,11252.03367169104,,,,,,,,,,,,,,,,,,,,,,,,,,,41083.97451740021,,,,,,,,,,,,,,,,,,,,,,,13824.026944333178,,,,,,,,,,,,,,,,,,,,,,,,,,,,,,,,,,,,,,9561.111398737517,,8664.981931186148,,,,64319.206372643945,41900.01657718125,42077.13757380423,16876.56030127857,0.0,0.0,,0.0,0.0,0.032165829092264175,0.0,0.0,,0.0,,0.0,0.0,0.0,,,,,,0.0,,,0.0,,0.0,,,0.0,0.0,0.0,,0.0,0.0,,0.0,,,,0.0,0.0181044302880764,0.0,,0.0,0.0,0.007552177645266056,,0.0,,,,,0.0,,0.0,0.0,,0.0,0.0,0.0,0.0,,,0.007423738017678261,0.0,,0.0025245544966310263,0.0,0.0,,0.0,,0.0,,,0.05404789373278618,,,0.0,,,0.0,,,0.0,,0.0,0.0,,0.0,0.0,,,0.019436147063970566,,0.0,0.0,,0.0,0.0,,,0.0,0.006602924317121506,,,,,0.0035431180149316788,,0.0,,0.0,0.0,,0.0,0.0,,0.0,,0.0,,,0.022485647350549698,0.0,0.0,0.0,0.0,,,,,0.0,0.001548555213958025,,,0.0,,,,,0.0006256847991608083,0.0,0.0,,0.0,0.0,0.0,0.0,0.0,0.0,0.002386548789218068,,0.0,0.0,0.0,,,,0.0,0.0,,0.0,0.0,0.0,0.0,0.0,0.0,,0.0,0.0,0.0,,,,,0.0,,0.0,0.0,0.0,,,0.0,,0.0,,0.0,0.0,0.0,0.0,,,,0.019023610278964043,,0.0,0.0,0.0,,,,0.0,0.0,0.0,0.0,0.0,0.0,,0.0020381095819175243,,0.0,,0.0,0.0,,0.0,0.027345111593604088,0.0,,,0.0,,,0.0,,0.0,,0.0,,0.010624958202242851,,,0.0,,,,0.0,0.009068354964256287,,0.0,0.0,,,,,0.0,0.0,0.0,,0.0,0.0,0.0,0.0,,0.0,,0.0,,,0.0,0.0,0.0,0.0,0.0,0.0,,,0.0012944337213411927,,0.0,0.0,0.0,,0.0884244292974472,,,0.00612172344699502,,0.0,0.0,,0.0,,,0.0,,,0.0,0.0,0.0,,,0.0,0.0,0.000760922092013061,,0.0,0.0,0.0,,0.0,,0.0,0.0,0.0,,,0.0,0.02076622098684311,,,0.0,,,0.0,0.0,0.0,,0.0,0.0,0.0,0.026078566908836365,,0.0,0.0,,0.0,0.0,0.0,0.003636399982497096,0.0,0.0,0.010717890225350857,0.0,0.0,0.0,0.000529099372215569,0.0,0.0,,0.0,,,0.0,,,0.0,0.0,,0.0,,0.0,0.0,,0.0,,0.0,0.0,0.0,,0.018671313300728798,0.0,0.0,0.013625061139464378,0.0,0.0,0.0,0.0,0.0,0.0,0.0031591560691595078,,,0.0,0.013349867425858974,0.0,,,,0.0,,0.0,0.0,,,,0.0,,,0.0,,,,,0.0,,0.0,0.00016420564497821033,0.0,0.0,0.0,0.0,0.0,,,0.0,,,0.0,0.0,,,0.0,,0.0,0.0,0.0,,0.0,,,,,,0.0,,0.0,0.0,0.0,,,,,0.0,,,,,0.0005176853737793863,,,,,,0.0,,,0.05937034264206886,,0.0,,,0.0,,0.0,,0.0,,,,0.01705697551369667,,,0.0,,,0.0,0.0,,0.022538475692272186,0.0,,0.0,,,0.0,0.0,0.0,,,,0.0,0.0,0.0,,,,,,0.0,0.0,,,,0.0,0.0,,0.0,,,0.0,0.0,,,0.0,0.03460295498371124,,0.0,,,0.0,0.0,,0.019816339015960693,0.0,0.0,0.0,,0.0,0.0,0.0,0.0,0.0,,,0.0,,0.0,0.0,0.0,0.0,,,,0.0,,,0.0,,0.0,,0.0,0.0,0.0,0.0,0.0,0.0,,0.0,0.0,,0.0,0.0,,0.06478113681077957,,,0.0,0.0,0.0,0.0,,0.0,0.0,0.0,0.0,0.0,0.0,0.01921050250530243,0.0,,0.0,,0.0,0.0,0.0,0.0,0.0,,0.0,,0.0,,0.0,,0.0,0.0,0.0,,0.0,,0.0,,0.0,0.0,0.0,0.01096775196492672,0.0,,0.0,0.0014701014151796699,0.0,,0.005125739146023989,,0.0,0.007840300910174847,0.0,0.0,0.0,0.0,0.0,0.0,0.0044894288294017315,,0.00530617218464613,0.0,0.0,,,0.0,0.0,,0.0,0.0,0.0,0.0,0.0,0.0,0.0,0.0,0.0,0.0,0.015360762365162373,,0.026050660759210587,0.0,0.007896216586232185,0.0,0.015410416759550571,0.0,0.0,0.0,0.0,0.0,0.0,0.0,0.0,0.0,0.0,0.0,0.0,0.0,0.0,0.0,0.0,0.0,0.0,0.0,0.0,0.0,0.0,0.0,0.0,0.0,0.0,0.0,0.0,0.0,0.0,0.03154827654361725,0.0021745359990745783,0.0,0.0,0.0,0.0,0.014290479011833668,0.0,0.0,0.0,0.0,0.0,0.0,0.0,0.0010335164843127131,0.0,0.0,0.0,0.0,0.0,0.0,0.0,0.0,0.0,0.0,0.0,0.0,0.0,0.0,0.006967326160520315,0.0,0.0,0.0,0.019095228984951973,0.0,0.0,0.0,0.0,0.0,0.006337939761579037,0.0,0.0,0.0,0.0,0.0,0.0,0.026182465255260468,0.0,0.0,0.0029705921187996864,0.0,0.02347339689731598,0.0,0.0,0.008121228776872158,0.0,0.0,0.0,0.0,0.0,0.0,0.0,0.0,0.0,0.0,0.0,0.0,0.0,0.0,0.0,0.0,0.0,0.0,0.0,0.0,0.0,0.0,0.0,0.03261739760637283,0.005954995285719633,0.0,0.013853570446372032,0.0,0.0,0.0,0.0,0.0,0.0,0.0,0.0,0.0,0.0,0.013720358721911907,0.0,0.0,0.0,0.0,0.0
2022-05-30,728946.1754650989,1022.7660810316379,,,,,,,,,,,76494.84123570709,,1039061.7711000025,,,,,,,,,,,11252.03367169104,,,,,,,,,,,,,,,,,,,,,,,,,,,41083.97451740021,,,,,,,,,,,,,,,,,,,,,,,13824.026944333178,,,,,,,,,,,,,,,,,,,,,,,,,,,,,,,,,,,,,,9561.111398737517,,8664.995356899008,,,,68101.85852396161,41900.01657718125,39948.859514470176,17021.05331631076,0.0,0.0,,0.0,0.0,0.032165829092264175,0.0,0.0,,0.0,,0.0,0.0,0.0,,,,,,0.0,,,0.0,,0.0,,,0.0,0.0,0.0,,0.0,0.0,,0.0,,,,0.0,0.0181044302880764,0.0,,0.0,0.0,0.007552177645266056,,0.0,,,,,0.0,,0.0,0.0,,0.0,0.0,0.0,0.0,,,0.007423738017678261,0.0,,0.0025245544966310263,0.0,0.0,,0.0,,0.0,,,0.05404789373278618,,,0.0,,,0.0,,,0.0,,0.0,0.0,,0.0,0.0,,,0.019436147063970566,,0.0,0.0,,0.0,0.0,,,0.0,0.006602924317121506,,,,,0.0035431180149316788,,0.0,,0.0,0.0,,0.0,0.0,,0.0,,0.0,,,0.022485647350549698,0.0,0.0,0.0,0.0,,,,,0.0,0.001548555213958025,,,0.0,,,,,0.0006256847991608083,0.0,0.0,,0.0,0.0,0.0,0.0,0.0,0.0,0.002386548789218068,,0.0,0.0,0.0,,,,0.0,0.0,,0.0,0.0,0.0,0.0,0.0,0.0,,0.0,0.0,0.0,,,,,0.0,,0.0,0.0,0.0,,,0.0,,0.0,,0.0,0.0,0.0,0.0,,,,0.019023610278964043,,0.0,0.0,0.0,,,,0.0,0.0,0.0,0.0,0.0,0.0,,0.0020381095819175243,,0.0,,0.0,0.0,,0.0,0.027345111593604088,0.0,,,0.0,,,0.0,,0.0,,0.0,,0.010624958202242851,,,0.0,,,,0.0,0.009068354964256287,,0.0,0.0,,,,,0.0,0.0,0.0,,0.0,0.0,0.0,0.0,,0.0,,0.0,,,0.0,0.0,0.0,0.0,0.0,0.0,,,0.0012944337213411927,,0.0,0.0,0.0,,0.0884244292974472,,,0.00612172344699502,,0.0,0.0,,0.0,,,0.0,,,0.0,0.0,0.0,,,0.0,0.0,0.000760922092013061,,0.0,0.0,0.0,,0.0,,0.0,0.0,0.0,,,0.0,0.02076622098684311,,,0.0,,,0.0,0.0,0.0,,0.0,0.0,0.0,0.026078566908836365,,0.0,0.0,,0.0,0.0,0.0,0.003636399982497096,0.0,0.0,0.010717890225350857,0.0,0.0,0.0,0.000529099372215569,0.0,0.0,,0.0,,,0.0,,,0.0,0.0,,0.0,,0.0,0.0,,0.0,,0.0,0.0,0.0,,0.018671313300728798,0.0,0.0,0.013625061139464378,0.0,0.0,0.0,0.0,0.0,0.0,0.0031591560691595078,,,0.0,0.013349867425858974,0.0,,,,0.0,,0.0,0.0,,,,0.0,,,0.0,,,,,0.0,,0.0,0.00016420564497821033,0.0,0.0,0.0,0.0,0.0,,,0.0,,,0.0,0.0,,,0.0,,0.0,0.0,0.0,,0.0,,,,,,0.0,,0.0,0.0,0.0,,,,,0.0,,,,,0.0005176853737793863,,,,,,0.0,,,0.05937034264206886,,0.0,,,0.0,,0.0,,0.0,,,,0.01705697551369667,,,0.0,,,0.0,0.0,,0.022538475692272186,0.0,,0.0,,,0.0,0.0,0.0,,,,0.0,0.0,0.0,,,,,,0.0,0.0,,,,0.0,0.0,,0.0,,,0.0,0.0,,,0.0,0.03460295498371124,,0.0,,,0.0,0.0,,0.019816339015960693,0.0,0.0,0.0,,0.0,0.0,0.0,0.0,0.0,,,0.0,,0.0,0.0,0.0,0.0,,,,0.0,,,0.0,,0.0,,0.0,0.0,0.0,0.0,0.0,0.0,,0.0,0.0,,0.0,0.0,,0.06478113681077957,,,0.0,0.0,0.0,0.0,,0.0,0.0,0.0,0.0,0.0,0.0,0.01921050250530243,0.0,,0.0,,0.0,0.0,0.0,0.0,0.0,,0.0,,0.0,,0.0,,0.0,0.0,0.0,,0.0,,0.0,,0.0,0.0,0.0,0.01096775196492672,0.0,,0.0,0.0014701014151796699,0.0,,0.005125739146023989,,0.0,0.007840300910174847,0.0,0.0,0.0,0.0,0.0,0.0,0.0044894288294017315,,0.00530617218464613,0.0,0.0,,,0.0,0.0,,0.0,0.0,0.0,0.0,0.0,0.0,0.0,0.0,0.0,0.0,0.015360762365162373,,0.026050660759210587,0.0,0.007896216586232185,0.0,0.015410416759550571,0.0,0.0,0.0,0.0,0.0,0.0,0.0,0.0,0.0,0.0,0.0,0.0,0.0,0.0,0.0,0.0,0.0,0.0,0.0,0.0,0.0,0.0,0.0,0.0,0.0,0.0,0.0,0.0,0.0,0.0,0.03154827654361725,0.0021745359990745783,0.0,0.0,0.0,0.0,0.014290479011833668,0.0,0.0,0.0,0.0,0.0,0.0,0.0,0.0010335164843127131,0.0,0.0,0.0,0.0,0.0,0.0,0.0,0.0,0.0,0.0,0.0,0.0,0.0,0.0,0.006967326160520315,0.0,0.0,0.0,0.019095228984951973,0.0,0.0,0.0,0.0,0.0,0.006337939761579037,0.0,0.0,0.0,0.0,0.0,0.0,0.026182465255260468,0.0,0.0,0.0029705921187996864,0.0,0.02347339689731598,0.0,0.0,0.008121228776872158,0.0,0.0,0.0,0.0,0.0,0.0,0.0,0.0,0.0,0.0,0.0,0.0,0.0,0.0,0.0,0.0,0.0,0.0,0.0,0.0,0.0,0.0,0.0,0.03261739760637283,0.005954995285719633,0.0,0.013853570446372032,0.0,0.0,0.0,0.0,0.0,0.0,0.0,0.0,0.0,0.0,0.013720358721911907,0.0,0.0,0.0,0.0,0.0
2022-05-31,743180.5163957317,899.1372736026224,,,,,,,,,,,76494.84123570709,,1039061.7711000025,,,,,,,,,,,11252.03367169104,,,,,,,,,,,,,,,,,,,,,,,,,,,41628.13345893598,,,,,,,,,,,,,,,,,,,,,,,13824.026944333178,,,,,,,,,,,,,,,,,,,,,,,,,,,,,,,,,,,,,,9561.111398737517,,8664.995356899008,,,,71885.28666188769,41900.01657718125,39944.138764553085,16304.825167945606,0.0,0.0,,0.0,0.0,0.032165829092264175,0.0,0.0,,0.0,,0.0,0.0,0.0,,,,,,0.0,,,0.0,,0.0,,,0.0,0.0,0.0,,0.0,0.0,,0.0,,,,0.0,0.0181044302880764,0.0,,0.0,0.0,0.007552177645266056,,0.0,,,,,0.0,,0.0,0.0,,0.0,0.0,0.0,0.0,,,0.007423738017678261,0.0,,0.0025245544966310263,0.0,0.0,,0.0,,0.0,,,0.05404789373278618,,,0.0,,,0.0,,,0.0,,0.0,0.0,,0.0,0.0,,,0.019436147063970566,,0.0,0.0,,0.0,0.0,,,0.0,0.006602924317121506,,,,,0.0035431180149316788,,0.0,,0.0,0.0,,0.0,0.0,,0.0,,0.0,,,0.022485647350549698,0.0,0.0,0.0,0.0,,,,,0.0,0.001548555213958025,,,0.0,,,,,0.0006256847991608083,0.0,0.0,,0.0,0.0,0.0,0.0,0.0,0.0,0.002386548789218068,,0.0,0.0,0.0,,,,0.0,0.0,,0.0,0.0,0.0,0.0,0.0,0.0,,0.0,0.0,0.0,,,,,0.0,,0.0,0.0,0.0,,,0.0,,0.0,,0.0,0.0,0.0,0.0,,,,0.019023610278964043,,0.0,0.0,0.0,,,,0.0,0.0,0.0,0.0,0.0,0.0,,0.0020381095819175243,,0.0,,0.0,0.0,,0.0,0.027345111593604088,0.0,,,0.0,,,0.0,,0.0,,0.0,,0.010624958202242851,,,0.0,,,,0.0,0.009068354964256287,,0.0,0.0,,,,,0.0,0.0,0.0,,0.0,0.0,0.0,0.0,,0.0,,0.0,,,0.0,0.0,0.0,0.0,0.0,0.0,,,0.0012944337213411927,,0.0,0.0,0.0,,0.0884244292974472,,,0.00612172344699502,,0.0,0.0,,0.0,,,0.0,,,0.0,0.0,0.0,,,0.0,0.0,0.000760922092013061,,0.0,0.0,0.0,,0.0,,0.0,0.0,0.0,,,0.0,0.02076622098684311,,,0.0,,,0.0,0.0,0.0,,0.0,0.0,0.0,0.026078566908836365,,0.0,0.0,,0.0,0.0,0.0,0.003636399982497096,0.0,0.0,0.010717890225350857,0.0,0.0,0.0,0.000529099372215569,0.0,0.0,,0.0,,,0.0,,,0.0,0.0,,0.0,,0.0,0.0,,0.0,,0.0,0.0,0.0,,0.018671313300728798,0.0,0.0,0.013625061139464378,0.0,0.0,0.0,0.0,0.0,0.0,0.0031591560691595078,,,0.0,0.013349867425858974,0.0,,,,0.0,,0.0,0.0,,,,0.0,,,0.0,,,,,0.0,,0.0,0.00016420564497821033,0.0,0.0,0.0,0.0,0.0,,,0.0,,,0.0,0.0,,,0.0,,0.0,0.0,0.0,,0.0,,,,,,0.0,,0.0,0.0,0.0,,,,,0.0,,,,,0.0005176853737793863,,,,,,0.0,,,0.05937034264206886,,0.0,,,0.0,,0.0,,0.0,,,,0.01705697551369667,,,0.0,,,0.0,0.0,,0.022538475692272186,0.0,,0.0,,,0.0,0.0,0.0,,,,0.0,0.0,0.0,,,,,,0.0,0.0,,,,0.0,0.0,,0.0,,,0.0,0.0,,,0.0,0.03460295498371124,,0.0,,,0.0,0.0,,0.019816339015960693,0.0,0.0,0.0,,0.0,0.0,0.0,0.0,0.0,,,0.0,,0.0,0.0,0.0,0.0,,,,0.0,,,0.0,,0.0,,0.0,0.0,0.0,0.0,0.0,0.0,,0.0,0.0,,0.0,0.0,,0.06478113681077957,,,0.0,0.0,0.0,0.0,,0.0,0.0,0.0,0.0,0.0,0.0,0.01921050250530243,0.0,,0.0,,0.0,0.0,0.0,0.0,0.0,,0.0,,0.0,,0.0,,0.0,0.0,0.0,,0.0,,0.0,,0.0,0.0,0.0,0.01096775196492672,0.0,,0.0,0.0014701014151796699,0.0,,0.005125739146023989,,0.0,0.007840300910174847,0.0,0.0,0.0,0.0,0.0,0.0,0.0044894288294017315,,0.00530617218464613,0.0,0.0,,,0.0,0.0,,0.0,0.0,0.0,0.0,0.0,0.0,0.0,0.0,0.0,0.0,0.015360762365162373,,0.026050660759210587,0.0,0.007896216586232185,0.0,0.015410416759550571,0.0,0.0,0.0,0.0,0.0,0.0,0.0,0.0,0.0,0.0,0.0,0.0,0.0,0.0,0.0,0.0,0.0,0.0,0.0,0.0,0.0,0.0,0.0,0.0,0.0,0.0,0.0,0.0,0.0,0.0,0.03154827654361725,0.0021745359990745783,0.0,0.0,0.0,0.0,0.014290479011833668,0.0,0.0,0.0,0.0,0.0,0.0,0.0,0.0010335164843127131,0.0,0.0,0.0,0.0,0.0,0.0,0.0,0.0,0.0,0.0,0.0,0.0,0.0,0.0,0.006967326160520315,0.0,0.0,0.0,0.019095228984951973,0.0,0.0,0.0,0.0,0.0,0.006337939761579037,0.0,0.0,0.0,0.0,0.0,0.0,0.026182465255260468,0.0,0.0,0.0029705921187996864,0.0,0.02347339689731598,0.0,0.0,0.008121228776872158,0.0,0.0,0.0,0.0,0.0,0.0,0.0,0.0,0.0,0.0,0.0,0.0,0.0,0.0,0.0,0.0,0.0,0.0,0.0,0.0,0.0,0.0,0.0,0.03261739760637283,0.005954995285719633,0.0,0.013853570446372032,0.0,0.0,0.0,0.0,0.0,0.0,0.0,0.0,0.0,0.0,0.013720358721911907,0.0,0.0,0.0,0.0,0.0
2022-06-01,748331.4985100699,547.2421581262815,,,,,,,,,,,76494.84123570709,,1039061.7711000025,,,,,,,,,,,11252.03367169104,,,,,,,,,,,,,,,,,,,,,,,,,,,41900.20739229568,,,,,,,,,,,,,,,,,,,,,,,13824.026944333178,,,,,,,,,,,,,,,,,,,,,,,,,,,,,,,,,,,,,,9561.111398737517,,8664.995356899008,,,,71885.28666188769,41900.01657718125,38887.87780549024,16733.927352390416,0.0,0.0,,0.0,0.0,0.032165829092264175,0.0,0.0,,0.0,,0.0,0.0,0.0,,,,,,0.0,,,0.0,,0.0,,,0.0,0.0,0.0,,0.0,0.0,,0.0,,,,0.0,0.0181044302880764,0.0,,0.0,0.0,0.007552177645266056,,0.0,,,,,0.0,,0.0,0.0,,0.0,0.0,0.0,0.0,,,0.007423738017678261,0.0,,0.0025245544966310263,0.0,0.0,,0.0,,0.0,,,0.05404789373278618,,,0.0,,,0.0,,,0.0,,0.0,0.0,,0.0,0.0,,,0.019436147063970566,,0.0,0.0,,0.0,0.0,,,0.0,0.006602924317121506,,,,,0.0035431180149316788,,0.0,,0.0,0.0,,0.0,0.0,,0.0,,0.0,,,0.022485647350549698,0.0,0.0,0.0,0.0,,,,,0.0,0.001548555213958025,,,0.0,,,,,0.0006256847991608083,0.0,0.0,,0.0,0.0,0.0,0.0,0.0,0.0,0.002386548789218068,,0.0,0.0,0.0,,,,0.0,0.0,,0.0,0.0,0.0,0.0,0.0,0.0,,0.0,0.0,0.0,,,,,0.0,,0.0,0.0,0.0,,,0.0,,0.0,,0.0,0.0,0.0,0.0,,,,0.019023610278964043,,0.0,0.0,0.0,,,,0.0,0.0,0.0,0.0,0.0,0.0,,0.0020381095819175243,,0.0,,0.0,0.0,,0.0,0.027345111593604088,0.0,,,0.0,,,0.0,,0.0,,0.0,,0.010624958202242851,,,0.0,,,,0.0,0.009068354964256287,,0.0,0.0,,,,,0.0,0.0,0.0,,0.0,0.0,0.0,0.0,,0.0,,0.0,,,0.0,0.0,0.0,0.0,0.0,0.0,,,0.0012944337213411927,,0.0,0.0,0.0,,0.0884244292974472,,,0.00612172344699502,,0.0,0.0,,0.0,,,0.0,,,0.0,0.0,0.0,,,0.0,0.0,0.000760922092013061,,0.0,0.0,0.0,,0.0,,0.0,0.0,0.0,,,0.0,0.02076622098684311,,,0.0,,,0.0,0.0,0.0,,0.0,0.0,0.0,0.026078566908836365,,0.0,0.0,,0.0,0.0,0.0,0.003636399982497096,0.0,0.0,0.010717890225350857,0.0,0.0,0.0,0.000529099372215569,0.0,0.0,,0.0,,,0.0,,,0.0,0.0,,0.0,,0.0,0.0,,0.0,,0.0,0.0,0.0,,0.018671313300728798,0.0,0.0,0.013625061139464378,0.0,0.0,0.0,0.0,0.0,0.0,0.0031591560691595078,,,0.0,0.013349867425858974,0.0,,,,0.0,,0.0,0.0,,,,0.0,,,0.0,,,,,0.0,,0.0,0.00016420564497821033,0.0,0.0,0.0,0.0,0.0,,,0.0,,,0.0,0.0,,,0.0,,0.0,0.0,0.0,,0.0,,,,,,0.0,,0.0,0.0,0.0,,,,,0.0,,,,,0.0005176853737793863,,,,,,0.0,,,0.05937034264206886,,0.0,,,0.0,,0.0,,0.0,,,,0.01705697551369667,,,0.0,,,0.0,0.0,,0.022538475692272186,0.0,,0.0,,,0.0,0.0,0.0,,,,0.0,0.0,0.0,,,,,,0.0,0.0,,,,0.0,0.0,,0.0,,,0.0,0.0,,,0.0,0.03460295498371124,,0.0,,,0.0,0.0,,0.019816339015960693,0.0,0.0,0.0,,0.0,0.0,0.0,0.0,0.0,,,0.0,,0.0,0.0,0.0,0.0,,,,0.0,,,0.0,,0.0,,0.0,0.0,0.0,0.0,0.0,0.0,,0.0,0.0,,0.0,0.0,,0.06478113681077957,,,0.0,0.0,0.0,0.0,,0.0,0.0,0.0,0.0,0.0,0.0,0.01921050250530243,0.0,,0.0,,0.0,0.0,0.0,0.0,0.0,,0.0,,0.0,,0.0,,0.0,0.0,0.0,,0.0,,0.0,,0.0,0.0,0.0,0.01096775196492672,0.0,,0.0,0.0014701014151796699,0.0,,0.005125739146023989,,0.0,0.007840300910174847,0.0,0.0,0.0,0.0,0.0,0.0,0.0044894288294017315,,0.00530617218464613,0.0,0.0,,,0.0,0.0,,0.0,0.0,0.0,0.0,0.0,0.0,0.0,0.0,0.0,0.0,0.015360762365162373,,0.026050660759210587,0.0,0.007896216586232185,0.0,0.015410416759550571,0.0,0.0,0.0,0.0,0.0,0.0,0.0,0.0,0.0,0.0,0.0,0.0,0.0,0.0,0.0,0.0,0.0,0.0,0.0,0.0,0.0,0.0,0.0,0.0,0.0,0.0,0.0,0.0,0.0,0.0,0.03154827654361725,0.0021745359990745783,0.0,0.0,0.0,0.0,0.014290479011833668,0.0,0.0,0.0,0.0,0.0,0.0,0.0,0.0010335164843127131,0.0,0.0,0.0,0.0,0.0,0.0,0.0,0.0,0.0,0.0,0.0,0.0,0.0,0.0,0.006967326160520315,0.0,0.0,0.0,0.019095228984951973,0.0,0.0,0.0,0.0,0.0,0.006337939761579037,0.0,0.0,0.0,0.0,0.0,0.0,0.026182465255260468,0.0,0.0,0.0029705921187996864,0.0,0.02347339689731598,0.0,0.0,0.008121228776872158,0.0,0.0,0.0,0.0,0.0,0.0,0.0,0.0,0.0,0.0,0.0,0.0,0.0,0.0,0.0,0.0,0.0,0.0,0.0,0.0,0.0,0.0,0.0,0.03261739760637283,0.005954995285719633,0.0,0.013853570446372032,0.0,0.0,0.0,0.0,0.0,0.0,0.0,0.0,0.0,0.0,0.013720358721911907,0.0,0.0,0.0,0.0,0.0
2022-06-02,747399.4011786736,248.9622029386137,,,,,,,,,,,76494.84123570709,,1039061.7711000025,,,,,,,,,,,11251.94728546997,,,,,,,,,,,,,,,,,,,,,,,,,,,42172.28132565537,,,,,,,,,,,,,,,,,,,,,,,13824.026944333178,,,,,,,,,,,,,,,,,,,,,,,,,,,,,,,,,,,,,,9561.111398737517,,8664.995356899008,,,,77452.5988818651,41900.01657718125,36227.47058990709,17165.21713774687,0.0,0.0,,0.0,0.0,0.032165829092264175,0.0,0.0,,0.0,,0.0,0.0,0.0,,,,,,0.0,,,0.0,,0.0,,,0.0,0.0,0.0,,0.0,0.0,,0.0,,,,0.0,0.0181044302880764,0.0,,0.0,0.0,0.007552177645266056,,0.0,,,,,0.0,,0.0,0.0,,0.0,0.0,0.0,0.0,,,0.007423738017678261,0.0,,0.0025245544966310263,0.0,0.0,,0.0,,0.0,,,0.05404789373278618,,,0.0,,,0.0,,,0.0,,0.0,0.0,,0.0,0.0,,,0.019436147063970566,,0.0,0.0,,0.0,0.0,,,0.0,0.006602924317121506,,,,,0.0035431180149316788,,0.0,,0.0,0.0,,0.0,0.0,,0.0,,0.0,,,0.022485647350549698,0.0,0.0,0.0,0.0,,,,,0.0,0.001548555213958025,,,0.0,,,,,0.0006256847991608083,0.0,0.0,,0.0,0.0,0.0,0.0,0.0,0.0,0.002386548789218068,,0.0,0.0,0.0,,,,0.0,0.0,,0.0,0.0,0.0,0.0,0.0,0.0,,0.0,0.0,0.0,,,,,0.0,,0.0,0.0,0.0,,,0.0,,0.0,,0.0,0.0,0.0,0.0,,,,0.019023610278964043,,0.0,0.0,0.0,,,,0.0,0.0,0.0,0.0,0.0,0.0,,0.0020381095819175243,,0.0,,0.0,0.0,,0.0,0.027345111593604088,0.0,,,0.0,,,0.0,,0.0,,0.0,,0.010624958202242851,,,0.0,,,,0.0,0.009068354964256287,,0.0,0.0,,,,,0.0,0.0,0.0,,0.0,0.0,0.0,0.0,,0.0,,0.0,,,0.0,0.0,0.0,0.0,0.0,0.0,,,0.0012944337213411927,,0.0,0.0,0.0,,0.0884244292974472,,,0.00612172344699502,,0.0,0.0,,0.0,,,0.0,,,0.0,0.0,0.0,,,0.0,0.0,0.000760922092013061,,0.0,0.0,0.0,,0.0,,0.0,0.0,0.0,,,0.0,0.02076622098684311,,,0.0,,,0.0,0.0,0.0,,0.0,0.0,0.0,0.026078566908836365,,0.0,0.0,,0.0,0.0,0.0,0.003636399982497096,0.0,0.0,0.010717890225350857,0.0,0.0,0.0,0.000529099372215569,0.0,0.0,,0.0,,,0.0,,,0.0,0.0,,0.0,,0.0,0.0,,0.0,,0.0,0.0,0.0,,0.018671313300728798,0.0,0.0,0.013625061139464378,0.0,0.0,0.0,0.0,0.0,0.0,0.0031591560691595078,,,0.0,0.013349867425858974,0.0,,,,0.0,,0.0,0.0,,,,0.0,,,0.0,,,,,0.0,,0.0,0.00016420564497821033,0.0,0.0,0.0,0.0,0.0,,,0.0,,,0.0,0.0,,,0.0,,0.0,0.0,0.0,,0.0,,,,,,0.0,,0.0,0.0,0.0,,,,,0.0,,,,,0.0005176853737793863,,,,,,0.0,,,0.05937034264206886,,0.0,,,0.0,,0.0,,0.0,,,,0.01705697551369667,,,0.0,,,0.0,0.0,,0.022538475692272186,0.0,,0.0,,,0.0,0.0,0.0,,,,0.0,0.0,0.0,,,,,,0.0,0.0,,,,0.0,0.0,,0.0,,,0.0,0.0,,,0.0,0.03460295498371124,,0.0,,,0.0,0.0,,0.019816339015960693,0.0,0.0,0.0,,0.0,0.0,0.0,0.0,0.0,,,0.0,,0.0,0.0,0.0,0.0,,,,0.0,,,0.0,,0.0,,0.0,0.0,0.0,0.0,0.0,0.0,,0.0,0.0,,0.0,0.0,,0.06478113681077957,,,0.0,0.0,0.0,0.0,,0.0,0.0,0.0,0.0,0.0,0.0,0.01921050250530243,0.0,,0.0,,0.0,0.0,0.0,0.0,0.0,,0.0,,0.0,,0.0,,0.0,0.0,0.0,,0.0,,0.0,,0.0,0.0,0.0,0.01096775196492672,0.0,,0.0,0.0014701014151796699,0.0,,0.005125739146023989,,0.0,0.007840300910174847,0.0,0.0,0.0,0.0,0.0,0.0,0.0044894288294017315,,0.00530617218464613,0.0,0.0,,,0.0,0.0,,0.0,0.0,0.0,0.0,0.0,0.0,0.0,0.0,0.0,0.0,0.015360762365162373,,0.026050660759210587,0.0,0.007896216586232185,0.0,0.015410416759550571,0.0,0.0,0.0,0.0,0.0,0.0,0.0,0.0,0.0,0.0,0.0,0.0,0.0,0.0,0.0,0.0,0.0,0.0,0.0,0.0,0.0,0.0,0.0,0.0,0.0,0.0,0.0,0.0,0.0,0.0,0.03154827654361725,0.0021745359990745783,0.0,0.0,0.0,0.0,0.014290479011833668,0.0,0.0,0.0,0.0,0.0,0.0,0.0,0.0010335164843127131,0.0,0.0,0.0,0.0,0.0,0.0,0.0,0.0,0.0,0.0,0.0,0.0,0.0,0.0,0.006967326160520315,0.0,0.0,0.0,0.019095228984951973,0.0,0.0,0.0,0.0,0.0,0.006337939761579037,0.0,0.0,0.0,0.0,0.0,0.0,0.026182465255260468,0.0,0.0,0.0029705921187996864,0.0,0.02347339689731598,0.0,0.0,0.008121228776872158,0.0,0.0,0.0,0.0,0.0,0.0,0.0,0.0,0.0,0.0,0.0,0.0,0.0,0.0,0.0,0.0,0.0,0.0,0.0,0.0,0.0,0.0,0.0,0.03261739760637283,0.005954995285719633,0.0,0.013853570446372032,0.0,0.0,0.0,0.0,0.0,0.0,0.0,0.0,0.0,0.0,0.013720358721911907,0.0,0.0,0.0,0.0,0.0
2022-06-06,763718.9878525438,154.82414337589535,,,,,,,,,,,76494.84123570709,,1039061.7711000025,,,,,,,,,,,11251.94728546997,,,,,,,,,,,,,,,,,,,,,,,,,,,42172.28132565537,,,,,,,,,,,,,,,,,,,,,,,13824.026944333178,,,,,,,,,,,,,,,,,,,,,,,,,,,,,,,,,,,,,,9561.111398737517,,8664.995356899008,,,,77452.5988818651,41900.01657718125,35688.319165430505,17451.549598297766,0.0,0.0,,0.0,0.0,0.032165829092264175,0.0,0.0,,0.0,,0.0,0.0,0.0,,,,,,0.0,,,0.0,,0.0,,,0.0,0.0,0.0,,0.0,0.0,,0.0,,,,0.0,0.0181044302880764,0.0,,0.0,0.0,0.007552177645266056,,0.0,,,,,0.0,,0.0,0.0,,0.0,0.0,0.0,0.0,,,0.007423738017678261,0.0,,0.0025245544966310263,0.0,0.0,,0.0,,0.0,,,0.05404789373278618,,,0.0,,,0.0,,,0.0,,0.0,0.0,,0.0,0.0,,,0.019436147063970566,,0.0,0.0,,0.0,0.0,,,0.0,0.006602924317121506,,,,,0.0035431180149316788,,0.0,,0.0,0.0,,0.0,0.0,,0.0,,0.0,,,0.022485647350549698,0.0,0.0,0.0,0.0,,,,,0.0,0.001548555213958025,,,0.0,,,,,0.0006256847991608083,0.0,0.0,,0.0,0.0,0.0,0.0,0.0,0.0,0.002386548789218068,,0.0,0.0,0.0,,,,0.0,0.0,,0.0,0.0,0.0,0.0,0.0,0.0,,0.0,0.0,0.0,,,,,0.0,,0.0,0.0,0.0,,,0.0,,0.0,,0.0,0.0,0.0,0.0,,,,0.019023610278964043,,0.0,0.0,0.0,,,,0.0,0.0,0.0,0.0,0.0,0.0,,0.0020381095819175243,,0.0,,0.0,0.0,,0.0,0.027345111593604088,0.0,,,0.0,,,0.0,,0.0,,0.0,,0.010624958202242851,,,0.0,,,,0.0,0.009068354964256287,,0.0,0.0,,,,,0.0,0.0,0.0,,0.0,0.0,0.0,0.0,,0.0,,0.0,,,0.0,0.0,0.0,0.0,0.0,0.0,,,0.0012944337213411927,,0.0,0.0,0.0,,0.0884244292974472,,,0.00612172344699502,,0.0,0.0,,0.0,,,0.0,,,0.0,0.0,0.0,,,0.0,0.0,0.000760922092013061,,0.0,0.0,0.0,,0.0,,0.0,0.0,0.0,,,0.0,0.02076622098684311,,,0.0,,,0.0,0.0,0.0,,0.0,0.0,0.0,0.026078566908836365,,0.0,0.0,,0.0,0.0,0.0,0.003636399982497096,0.0,0.0,0.010717890225350857,0.0,0.0,0.0,0.000529099372215569,0.0,0.0,,0.0,,,0.0,,,0.0,0.0,,0.0,,0.0,0.0,,0.0,,0.0,0.0,0.0,,0.018671313300728798,0.0,0.0,0.013625061139464378,0.0,0.0,0.0,0.0,0.0,0.0,0.0031591560691595078,,,0.0,0.013349867425858974,0.0,,,,0.0,,0.0,0.0,,,,0.0,,,0.0,,,,,0.0,,0.0,0.00016420564497821033,0.0,0.0,0.0,0.0,0.0,,,0.0,,,0.0,0.0,,,0.0,,0.0,0.0,0.0,,0.0,,,,,,0.0,,0.0,0.0,0.0,,,,,0.0,,,,,0.0005176853737793863,,,,,,0.0,,,0.05937034264206886,,0.0,,,0.0,,0.0,,0.0,,,,0.01705697551369667,,,0.0,,,0.0,0.0,,0.022538475692272186,0.0,,0.0,,,0.0,0.0,0.0,,,,0.0,0.0,0.0,,,,,,0.0,0.0,,,,0.0,0.0,,0.0,,,0.0,0.0,,,0.0,0.03460295498371124,,0.0,,,0.0,0.0,,0.019816339015960693,0.0,0.0,0.0,,0.0,0.0,0.0,0.0,0.0,,,0.0,,0.0,0.0,0.0,0.0,,,,0.0,,,0.0,,0.0,,0.0,0.0,0.0,0.0,0.0,0.0,,0.0,0.0,,0.0,0.0,,0.06478113681077957,,,0.0,0.0,0.0,0.0,,0.0,0.0,0.0,0.0,0.0,0.0,0.01921050250530243,0.0,,0.0,,0.0,0.0,0.0,0.0,0.0,,0.0,,0.0,,0.0,,0.0,0.0,0.0,,0.0,,0.0,,0.0,0.0,0.0,0.01096775196492672,0.0,,0.0,0.0014701014151796699,0.0,,0.005125739146023989,,0.0,0.007840300910174847,0.0,0.0,0.0,0.0,0.0,0.0,0.0044894288294017315,,0.00530617218464613,0.0,0.0,,,0.0,0.0,,0.0,0.0,0.0,0.0,0.0,0.0,0.0,0.0,0.0,0.0,0.015360762365162373,,0.026050660759210587,0.0,0.007896216586232185,0.0,0.015410416759550571,0.0,0.0,0.0,0.0,0.0,0.0,0.0,0.0,0.0,0.0,0.0,0.0,0.0,0.0,0.0,0.0,0.0,0.0,0.0,0.0,0.0,0.0,0.0,0.0,0.0,0.0,0.0,0.0,0.0,0.0,0.03154827654361725,0.0021745359990745783,0.0,0.0,0.0,0.0,0.014290479011833668,0.0,0.0,0.0,0.0,0.0,0.0,0.0,0.0010335164843127131,0.0,0.0,0.0,0.0,0.0,0.0,0.0,0.0,0.0,0.0,0.0,0.0,0.0,0.0,0.006967326160520315,0.0,0.0,0.0,0.019095228984951973,0.0,0.0,0.0,0.0,0.0,0.006337939761579037,0.0,0.0,0.0,0.0,0.0,0.0,0.026182465255260468,0.0,0.0,0.0029705921187996864,0.0,0.02347339689731598,0.0,0.0,0.008121228776872158,0.0,0.0,0.0,0.0,0.0,0.0,0.0,0.0,0.0,0.0,0.0,0.0,0.0,0.0,0.0,0.0,0.0,0.0,0.0,0.0,0.0,0.0,0.0,0.03261739760637283,0.005954995285719633,0.0,0.013853570446372032,0.0,0.0,0.0,0.0,0.0,0.0,0.0,0.0,0.0,0.0,0.013720358721911907,0.0,0.0,0.0,0.0,0.0
2022-06-07,769734.0324871562,154.82414337589535,,,,,,,,,,,76494.84123570709,,1039061.7711000025,,,,,,,,,,,11251.94728546997,,,,,,,,,,,,,,,,,,,,,,,,,,,42172.28132565537,,,,,,,,,,,,,,,,,,,,,,,13824.026944333178,,,,,,,,,,,,,,,,,,,,,,,,,,,,,,,,,,,,,,9561.111398737517,,8664.995356899008,,,,77452.5988818651,41900.01657718125,35688.319165430505,17451.549598297766,0.0,0.0,,0.0,0.0,0.032165829092264175,0.0,0.0,,0.0,,0.0,0.0,0.0,,,,,,0.0,,,0.0,,0.0,,,0.0,0.0,0.0,,0.0,0.0,,0.0,,,,0.0,0.0181044302880764,0.0,,0.0,0.0,0.007552177645266056,,0.0,,,,,0.0,,0.0,0.0,,0.0,0.0,0.0,0.0,,,0.007423738017678261,0.0,,0.0025245544966310263,0.0,0.0,,0.0,,0.0,,,0.05404789373278618,,,0.0,,,0.0,,,0.0,,0.0,0.0,,0.0,0.0,,,0.019436147063970566,,0.0,0.0,,0.0,0.0,,,0.0,0.006602924317121506,,,,,0.0035431180149316788,,0.0,,0.0,0.0,,0.0,0.0,,0.0,,0.0,,,0.022485647350549698,0.0,0.0,0.0,0.0,,,,,0.0,0.001548555213958025,,,0.0,,,,,0.0006256847991608083,0.0,0.0,,0.0,0.0,0.0,0.0,0.0,0.0,0.002386548789218068,,0.0,0.0,0.0,,,,0.0,0.0,,0.0,0.0,0.0,0.0,0.0,0.0,,0.0,0.0,0.0,,,,,0.0,,0.0,0.0,0.0,,,0.0,,0.0,,0.0,0.0,0.0,0.0,,,,0.019023610278964043,,0.0,0.0,0.0,,,,0.0,0.0,0.0,0.0,0.0,0.0,,0.0020381095819175243,,0.0,,0.0,0.0,,0.0,0.027345111593604088,0.0,,,0.0,,,0.0,,0.0,,0.0,,0.010624958202242851,,,0.0,,,,0.0,0.009068354964256287,,0.0,0.0,,,,,0.0,0.0,0.0,,0.0,0.0,0.0,0.0,,0.0,,0.0,,,0.0,0.0,0.0,0.0,0.0,0.0,,,0.0012944337213411927,,0.0,0.0,0.0,,0.0884244292974472,,,0.00612172344699502,,0.0,0.0,,0.0,,,0.0,,,0.0,0.0,0.0,,,0.0,0.0,0.000760922092013061,,0.0,0.0,0.0,,0.0,,0.0,0.0,0.0,,,0.0,0.02076622098684311,,,0.0,,,0.0,0.0,0.0,,0.0,0.0,0.0,0.026078566908836365,,0.0,0.0,,0.0,0.0,0.0,0.003636399982497096,0.0,0.0,0.010717890225350857,0.0,0.0,0.0,0.000529099372215569,0.0,0.0,,0.0,,,0.0,,,0.0,0.0,,0.0,,0.0,0.0,,0.0,,0.0,0.0,0.0,,0.018671313300728798,0.0,0.0,0.013625061139464378,0.0,0.0,0.0,0.0,0.0,0.0,0.0031591560691595078,,,0.0,0.013349867425858974,0.0,,,,0.0,,0.0,0.0,,,,0.0,,,0.0,,,,,0.0,,0.0,0.00016420564497821033,0.0,0.0,0.0,0.0,0.0,,,0.0,,,0.0,0.0,,,0.0,,0.0,0.0,0.0,,0.0,,,,,,0.0,,0.0,0.0,0.0,,,,,0.0,,,,,0.0005176853737793863,,,,,,0.0,,,0.05937034264206886,,0.0,,,0.0,,0.0,,0.0,,,,0.01705697551369667,,,0.0,,,0.0,0.0,,0.022538475692272186,0.0,,0.0,,,0.0,0.0,0.0,,,,0.0,0.0,0.0,,,,,,0.0,0.0,,,,0.0,0.0,,0.0,,,0.0,0.0,,,0.0,0.03460295498371124,,0.0,,,0.0,0.0,,0.019816339015960693,0.0,0.0,0.0,,0.0,0.0,0.0,0.0,0.0,,,0.0,,0.0,0.0,0.0,0.0,,,,0.0,,,0.0,,0.0,,0.0,0.0,0.0,0.0,0.0,0.0,,0.0,0.0,,0.0,0.0,,0.06478113681077957,,,0.0,0.0,0.0,0.0,,0.0,0.0,0.0,0.0,0.0,0.0,0.01921050250530243,0.0,,0.0,,0.0,0.0,0.0,0.0,0.0,,0.0,,0.0,,0.0,,0.0,0.0,0.0,,0.0,,0.0,,0.0,0.0,0.0,0.01096775196492672,0.0,,0.0,0.0014701014151796699,0.0,,0.005125739146023989,,0.0,0.007840300910174847,0.0,0.0,0.0,0.0,0.0,0.0,0.0044894288294017315,,0.00530617218464613,0.0,0.0,,,0.0,0.0,,0.0,0.0,0.0,0.0,0.0,0.0,0.0,0.0,0.0,0.0,0.015360762365162373,,0.026050660759210587,0.0,0.007896216586232185,0.0,0.015410416759550571,0.0,0.0,0.0,0.0,0.0,0.0,0.0,0.0,0.0,0.0,0.0,0.0,0.0,0.0,0.0,0.0,0.0,0.0,0.0,0.0,0.0,0.0,0.0,0.0,0.0,0.0,0.0,0.0,0.0,0.0,0.03154827654361725,0.0021745359990745783,0.0,0.0,0.0,0.0,0.014290479011833668,0.0,0.0,0.0,0.0,0.0,0.0,0.0,0.0010335164843127131,0.0,0.0,0.0,0.0,0.0,0.0,0.0,0.0,0.0,0.0,0.0,0.0,0.0,0.0,0.006967326160520315,0.0,0.0,0.0,0.019095228984951973,0.0,0.0,0.0,0.0,0.0,0.006337939761579037,0.0,0.0,0.0,0.0,0.0,0.0,0.026182465255260468,0.0,0.0,0.0029705921187996864,0.0,0.02347339689731598,0.0,0.0,0.008121228776872158,0.0,0.0,0.0,0.0,0.0,0.0,0.0,0.0,0.0,0.0,0.0,0.0,0.0,0.0,0.0,0.0,0.0,0.0,0.0,0.0,0.0,0.0,0.0,0.03261739760637283,0.005954995285719633,0.0,0.013853570446372032,0.0,0.0,0.0,0.0,0.0,0.0,0.0,0.0,0.0,0.0,0.013720358721911907,0.0,0.0,0.0,0.0,0.0
2022-06-08,779172.656429959,118.06663336587508,,,,,,,,,,,76494.84123570709,,1039061.7711000025,,,,,,,,,,,11251.94728546997,,,,,,,,,,,,,,,,,,,,,,,,,,,42172.28132565537,,,,,,,,,,,,,,,,,,,,,,,13824.026944333178,,,,,,,,,,,,,,,,,,,,,,,,,,,,,,,,,,,,,,9561.111398737517,,8664.599763341774,,,,77452.5988818651,41890.775186827595,34616.56404619144,18020.832199889603,0.0,0.0,,0.0,0.0,0.032165829092264175,0.0,0.0,,0.0,,0.0,0.0,0.0,,,,,,0.0,,,0.0,,0.0,,,0.0,0.0,0.0,,0.0,0.0,,0.0,,,,0.0,0.0181044302880764,0.0,,0.0,0.0,0.007552177645266056,,0.0,,,,,0.0,,0.0,0.0,,0.0,0.0,0.0,0.0,,,0.007423738017678261,0.0,,0.0025245544966310263,0.0,0.0,,0.0,,0.0,,,0.05404789373278618,,,0.0,,,0.0,,,0.0,,0.0,0.0,,0.0,0.0,,,0.019436147063970566,,0.0,0.0,,0.0,0.0,,,0.0,0.006602924317121506,,,,,0.0035431180149316788,,0.0,,0.0,0.0,,0.0,0.0,,0.0,,0.0,,,0.022485647350549698,0.0,0.0,0.0,0.0,,,,,0.0,0.001548555213958025,,,0.0,,,,,0.0006256847991608083,0.0,0.0,,0.0,0.0,0.0,0.0,0.0,0.0,0.002386548789218068,,0.0,0.0,0.0,,,,0.0,0.0,,0.0,0.0,0.0,0.0,0.0,0.0,,0.0,0.0,0.0,,,,,0.0,,0.0,0.0,0.0,,,0.0,,0.0,,0.0,0.0,0.0,0.0,,,,0.019023610278964043,,0.0,0.0,0.0,,,,0.0,0.0,0.0,0.0,0.0,0.0,,0.0020381095819175243,,0.0,,0.0,0.0,,0.0,0.027345111593604088,0.0,,,0.0,,,0.0,,0.0,,0.0,,0.010624958202242851,,,0.0,,,,0.0,0.009068354964256287,,0.0,0.0,,,,,0.0,0.0,0.0,,0.0,0.0,0.0,0.0,,0.0,,0.0,,,0.0,0.0,0.0,0.0,0.0,0.0,,,0.0012944337213411927,,0.0,0.0,0.0,,0.0884244292974472,,,0.00612172344699502,,0.0,0.0,,0.0,,,0.0,,,0.0,0.0,0.0,,,0.0,0.0,0.000760922092013061,,0.0,0.0,0.0,,0.0,,0.0,0.0,0.0,,,0.0,0.02076622098684311,,,0.0,,,0.0,0.0,0.0,,0.0,0.0,0.0,0.026078566908836365,,0.0,0.0,,0.0,0.0,0.0,0.003636399982497096,0.0,0.0,0.010717890225350857,0.0,0.0,0.0,0.000529099372215569,0.0,0.0,,0.0,,,0.0,,,0.0,0.0,,0.0,,0.0,0.0,,0.0,,0.0,0.0,0.0,,0.018671313300728798,0.0,0.0,0.013625061139464378,0.0,0.0,0.0,0.0,0.0,0.0,0.0031591560691595078,,,0.0,0.013349867425858974,0.0,,,,0.0,,0.0,0.0,,,,0.0,,,0.0,,,,,0.0,,0.0,0.00016420564497821033,0.0,0.0,0.0,0.0,0.0,,,0.0,,,0.0,0.0,,,0.0,,0.0,0.0,0.0,,0.0,,,,,,0.0,,0.0,0.0,0.0,,,,,0.0,,,,,0.0005176853737793863,,,,,,0.0,,,0.05937034264206886,,0.0,,,0.0,,0.0,,0.0,,,,0.01705697551369667,,,0.0,,,0.0,0.0,,0.022538475692272186,0.0,,0.0,,,0.0,0.0,0.0,,,,0.0,0.0,0.0,,,,,,0.0,0.0,,,,0.0,0.0,,0.0,,,0.0,0.0,,,0.0,0.03460295498371124,,0.0,,,0.0,0.0,,0.019816339015960693,0.0,0.0,0.0,,0.0,0.0,0.0,0.0,0.0,,,0.0,,0.0,0.0,0.0,0.0,,,,0.0,,,0.0,,0.0,,0.0,0.0,0.0,0.0,0.0,0.0,,0.0,0.0,,0.0,0.0,,0.06478113681077957,,,0.0,0.0,0.0,0.0,,0.0,0.0,0.0,0.0,0.0,0.0,0.01921050250530243,0.0,,0.0,,0.0,0.0,0.0,0.0,0.0,,0.0,,0.0,,0.0,,0.0,0.0,0.0,,0.0,,0.0,,0.0,0.0,0.0,0.01096775196492672,0.0,,0.0,0.0014701014151796699,0.0,,0.005125739146023989,,0.0,0.007840300910174847,0.0,0.0,0.0,0.0,0.0,0.0,0.0044894288294017315,,0.00530617218464613,0.0,0.0,,,0.0,0.0,,0.0,0.0,0.0,0.0,0.0,0.0,0.0,0.0,0.0,0.0,0.015360762365162373,,0.026050660759210587,0.0,0.007896216586232185,0.0,0.015410416759550571,0.0,0.0,0.0,0.0,0.0,0.0,0.0,0.0,0.0,0.0,0.0,0.0,0.0,0.0,0.0,0.0,0.0,0.0,0.0,0.0,0.0,0.0,0.0,0.0,0.0,0.0,0.0,0.0,0.0,0.0,0.03154827654361725,0.0021745359990745783,0.0,0.0,0.0,0.0,0.014290479011833668,0.0,0.0,0.0,0.0,0.0,0.0,0.0,0.0010335164843127131,0.0,0.0,0.0,0.0,0.0,0.0,0.0,0.0,0.0,0.0,0.0,0.0,0.0,0.0,0.006967326160520315,0.0,0.0,0.0,0.019095228984951973,0.0,0.0,0.0,0.0,0.0,0.006337939761579037,0.0,0.0,0.0,0.0,0.0,0.0,0.026182465255260468,0.0,0.0,0.0029705921187996864,0.0,0.02347339689731598,0.0,0.0,0.008121228776872158,0.0,0.0,0.0,0.0,0.0,0.0,0.0,0.0,0.0,0.0,0.0,0.0,0.0,0.0,0.0,0.0,0.0,0.0,0.0,0.0,0.0,0.0,0.0,0.03261739760637283,0.005954995285719633,0.0,0.013853570446372032,0.0,0.0,0.0,0.0,0.0,0.0,0.0,0.0,0.0,0.0,0.013720358721911907,0.0,0.0,0.0,0.0,0.0
2022-06-09,756466.10304464,989.3638286288759,,,,,,,,,,,76494.84123570709,,1039061.7711000025,,,,,,,,,,,11251.94728546997,,,,,,,,,,,,,,,,,,,,,,,,,,,42172.28132565537,,,,,,,,,,,,,,,,,,,,,,,13824.026944333178,,,,,,,,,,,,,,,,,,,,,,,,,,,,,,,,,,,,,,9561.727424200433,,8317.952194825082,,,,77452.5988818651,41887.451860759786,35699.157456499655,18023.564049783196,0.0,0.0,,0.0,0.0,0.032165829092264175,0.0,0.0,,0.0,,0.0,0.0,0.0,,,,,,0.0,,,0.0,,0.0,,,0.0,0.0,0.0,,0.0,0.0,,0.0,,,,0.0,0.0181044302880764,0.0,,0.0,0.0,0.007552177645266056,,0.0,,,,,0.0,,0.0,0.0,,0.0,0.0,0.0,0.0,,,0.007423738017678261,0.0,,0.0025245544966310263,0.0,0.0,,0.0,,0.0,,,0.05404789373278618,,,0.0,,,0.0,,,0.0,,0.0,0.0,,0.0,0.0,,,0.019436147063970566,,0.0,0.0,,0.0,0.0,,,0.0,0.006602924317121506,,,,,0.0035431180149316788,,0.0,,0.0,0.0,,0.0,0.0,,0.0,,0.0,,,0.022485647350549698,0.0,0.0,0.0,0.0,,,,,0.0,0.001548555213958025,,,0.0,,,,,0.0006256847991608083,0.0,0.0,,0.0,0.0,0.0,0.0,0.0,0.0,0.002386548789218068,,0.0,0.0,0.0,,,,0.0,0.0,,0.0,0.0,0.0,0.0,0.0,0.0,,0.0,0.0,0.0,,,,,0.0,,0.0,0.0,0.0,,,0.0,,0.0,,0.0,0.0,0.0,0.0,,,,0.019023610278964043,,0.0,0.0,0.0,,,,0.0,0.0,0.0,0.0,0.0,0.0,,0.0020381095819175243,,0.0,,0.0,0.0,,0.0,0.027345111593604088,0.0,,,0.0,,,0.0,,0.0,,0.0,,0.010624958202242851,,,0.0,,,,0.0,0.009068354964256287,,0.0,0.0,,,,,0.0,0.0,0.0,,0.0,0.0,0.0,0.0,,0.0,,0.0,,,0.0,0.0,0.0,0.0,0.0,0.0,,,0.0012944337213411927,,0.0,0.0,0.0,,0.0884244292974472,,,0.00612172344699502,,0.0,0.0,,0.0,,,0.0,,,0.0,0.0,0.0,,,0.0,0.0,0.000760922092013061,,0.0,0.0,0.0,,0.0,,0.0,0.0,0.0,,,0.0,0.02076622098684311,,,0.0,,,0.0,0.0,0.0,,0.0,0.0,0.0,0.026078566908836365,,0.0,0.0,,0.0,0.0,0.0,0.003636399982497096,0.0,0.0,0.010717890225350857,0.0,0.0,0.0,0.000529099372215569,0.0,0.0,,0.0,,,0.0,,,0.0,0.0,,0.0,,0.0,0.0,,0.0,,0.0,0.0,0.0,,0.018671313300728798,0.0,0.0,0.013625061139464378,0.0,0.0,0.0,0.0,0.0,0.0,0.0031591560691595078,,,0.0,0.013349867425858974,0.0,,,,0.0,,0.0,0.0,,,,0.0,,,0.0,,,,,0.0,,0.0,0.00016420564497821033,0.0,0.0,0.0,0.0,0.0,,,0.0,,,0.0,0.0,,,0.0,,0.0,0.0,0.0,,0.0,,,,,,0.0,,0.0,0.0,0.0,,,,,0.0,,,,,0.0005176853737793863,,,,,,0.0,,,0.05937034264206886,,0.0,,,0.0,,0.0,,0.0,,,,0.01705697551369667,,,0.0,,,0.0,0.0,,0.022538475692272186,0.0,,0.0,,,0.0,0.0,0.0,,,,0.0,0.0,0.0,,,,,,0.0,0.0,,,,0.0,0.0,,0.0,,,0.0,0.0,,,0.0,0.03460295498371124,,0.0,,,0.0,0.0,,0.019816339015960693,0.0,0.0,0.0,,0.0,0.0,0.0,0.0,0.0,,,0.0,,0.0,0.0,0.0,0.0,,,,0.0,,,0.0,,0.0,,0.0,0.0,0.0,0.0,0.0,0.0,,0.0,0.0,,0.0,0.0,,0.06478113681077957,,,0.0,0.0,0.0,0.0,,0.0,0.0,0.0,0.0,0.0,0.0,0.01921050250530243,0.0,,0.0,,0.0,0.0,0.0,0.0,0.0,,0.0,,0.0,,0.0,,0.0,0.0,0.0,,0.0,,0.0,,0.0,0.0,0.0,0.01096775196492672,0.0,,0.0,0.0014701014151796699,0.0,,0.005125739146023989,,0.0,0.007840300910174847,0.0,0.0,0.0,0.0,0.0,0.0,0.0044894288294017315,,0.00530617218464613,0.0,0.0,,,0.0,0.0,,0.0,0.0,0.0,0.0,0.0,0.0,0.0,0.0,0.0,0.0,0.015360762365162373,,0.026050660759210587,0.0,0.007896216586232185,0.0,0.015410416759550571,0.0,0.0,0.0,0.0,0.0,0.0,0.0,0.0,0.0,0.0,0.0,0.0,0.0,0.0,0.0,0.0,0.0,0.0,0.0,0.0,0.0,0.0,0.0,0.0,0.0,0.0,0.0,0.0,0.0,0.0,0.03154827654361725,0.0021745359990745783,0.0,0.0,0.0,0.0,0.014290479011833668,0.0,0.0,0.0,0.0,0.0,0.0,0.0,0.0010335164843127131,0.0,0.0,0.0,0.0,0.0,0.0,0.0,0.0,0.0,0.0,0.0,0.0,0.0,0.0,0.006967326160520315,0.0,0.0,0.0,0.019095228984951973,0.0,0.0,0.0,0.0,0.0,0.006337939761579037,0.0,0.0,0.0,0.0,0.0,0.0,0.026182465255260468,0.0,0.0,0.0029705921187996864,0.0,0.02347339689731598,0.0,0.0,0.008121228776872158,0.0,0.0,0.0,0.0,0.0,0.0,0.0,0.0,0.0,0.0,0.0,0.0,0.0,0.0,0.0,0.0,0.0,0.0,0.0,0.0,0.0,0.0,0.0,0.03261739760637283,0.005954995285719633,0.0,0.013853570446372032,0.0,0.0,0.0,0.0,0.0,0.0,0.0,0.0,0.0,0.0,0.013720358721911907,0.0,0.0,0.0,0.0,0.0
2022-06-10,774494.6403809641,867.5582518805713,,,,,,,,,,,76494.84123570709,,1039061.7711000025,,,,,,,,,,,11251.94728546997,,,,,,,,,,,,,,,,,,,,,,,,,,,42716.41825036942,,,,,,,,,,,,,,,,,,,,,,,13824.026944333178,,,,,,,,,,,,,,,,,,,,,,,,,,,,,,,,,,,,,,9561.727424200433,,8144.658159075768,,,,81164.87743303964,41277.10896511601,36764.76528283964,17451.786185515553,0.0,0.0,,0.0,0.0,0.032165829092264175,0.0,0.0,,0.0,,0.0,0.0,0.0,,,,,,0.0,,,0.0,,0.0,,,0.0,0.0,0.0,,0.0,0.0,,0.0,,,,0.0,0.0181044302880764,0.0,,0.0,0.0,0.007552177645266056,,0.0,,,,,0.0,,0.0,0.0,,0.0,0.0,0.0,0.0,,,0.007423738017678261,0.0,,0.0025245544966310263,0.0,0.0,,0.0,,0.0,,,0.05404789373278618,,,0.0,,,0.0,,,0.0,,0.0,0.0,,0.0,0.0,,,0.019436147063970566,,0.0,0.0,,0.0,0.0,,,0.0,0.006602924317121506,,,,,0.0035431180149316788,,0.0,,0.0,0.0,,0.0,0.0,,0.0,,0.0,,,0.022485647350549698,0.0,0.0,0.0,0.0,,,,,0.0,0.001548555213958025,,,0.0,,,,,0.0006256847991608083,0.0,0.0,,0.0,0.0,0.0,0.0,0.0,0.0,0.002386548789218068,,0.0,0.0,0.0,,,,0.0,0.0,,0.0,0.0,0.0,0.0,0.0,0.0,,0.0,0.0,0.0,,,,,0.0,,0.0,0.0,0.0,,,0.0,,0.0,,0.0,0.0,0.0,0.0,,,,0.019023610278964043,,0.0,0.0,0.0,,,,0.0,0.0,0.0,0.0,0.0,0.0,,0.0020381095819175243,,0.0,,0.0,0.0,,0.0,0.027345111593604088,0.0,,,0.0,,,0.0,,0.0,,0.0,,0.010624958202242851,,,0.0,,,,0.0,0.009068354964256287,,0.0,0.0,,,,,0.0,0.0,0.0,,0.0,0.0,0.0,0.0,,0.0,,0.0,,,0.0,0.0,0.0,0.0,0.0,0.0,,,0.0012944337213411927,,0.0,0.0,0.0,,0.0884244292974472,,,0.00612172344699502,,0.0,0.0,,0.0,,,0.0,,,0.0,0.0,0.0,,,0.0,0.0,0.000760922092013061,,0.0,0.0,0.0,,0.0,,0.0,0.0,0.0,,,0.0,0.02076622098684311,,,0.0,,,0.0,0.0,0.0,,0.0,0.0,0.0,0.026078566908836365,,0.0,0.0,,0.0,0.0,0.0,0.003636399982497096,0.0,0.0,0.010717890225350857,0.0,0.0,0.0,0.000529099372215569,0.0,0.0,,0.0,,,0.0,,,0.0,0.0,,0.0,,0.0,0.0,,0.0,,0.0,0.0,0.0,,0.018671313300728798,0.0,0.0,0.013625061139464378,0.0,0.0,0.0,0.0,0.0,0.0,0.0031591560691595078,,,0.0,0.013349867425858974,0.0,,,,0.0,,0.0,0.0,,,,0.0,,,0.0,,,,,0.0,,0.0,0.00016420564497821033,0.0,0.0,0.0,0.0,0.0,,,0.0,,,0.0,0.0,,,0.0,,0.0,0.0,0.0,,0.0,,,,,,0.0,,0.0,0.0,0.0,,,,,0.0,,,,,0.0005176853737793863,,,,,,0.0,,,0.05937034264206886,,0.0,,,0.0,,0.0,,0.0,,,,0.01705697551369667,,,0.0,,,0.0,0.0,,0.022538475692272186,0.0,,0.0,,,0.0,0.0,0.0,,,,0.0,0.0,0.0,,,,,,0.0,0.0,,,,0.0,0.0,,0.0,,,0.0,0.0,,,0.0,0.03460295498371124,,0.0,,,0.0,0.0,,0.019816339015960693,0.0,0.0,0.0,,0.0,0.0,0.0,0.0,0.0,,,0.0,,0.0,0.0,0.0,0.0,,,,0.0,,,0.0,,0.0,,0.0,0.0,0.0,0.0,0.0,0.0,,0.0,0.0,,0.0,0.0,,0.06478113681077957,,,0.0,0.0,0.0,0.0,,0.0,0.0,0.0,0.0,0.0,0.0,0.01921050250530243,0.0,,0.0,,0.0,0.0,0.0,0.0,0.0,,0.0,,0.0,,0.0,,0.0,0.0,0.0,,0.0,,0.0,,0.0,0.0,0.0,0.01096775196492672,0.0,,0.0,0.0014701014151796699,0.0,,0.005125739146023989,,0.0,0.007840300910174847,0.0,0.0,0.0,0.0,0.0,0.0,0.0044894288294017315,,0.00530617218464613,0.0,0.0,,,0.0,0.0,,0.0,0.0,0.0,0.0,0.0,0.0,0.0,0.0,0.0,0.0,0.015360762365162373,,0.026050660759210587,0.0,0.007896216586232185,0.0,0.015410416759550571,0.0,0.0,0.0,0.0,0.0,0.0,0.0,0.0,0.0,0.0,0.0,0.0,0.0,0.0,0.0,0.0,0.0,0.0,0.0,0.0,0.0,0.0,0.0,0.0,0.0,0.0,0.0,0.0,0.0,0.0,0.03154827654361725,0.0021745359990745783,0.0,0.0,0.0,0.0,0.014290479011833668,0.0,0.0,0.0,0.0,0.0,0.0,0.0,0.0010335164843127131,0.0,0.0,0.0,0.0,0.0,0.0,0.0,0.0,0.0,0.0,0.0,0.0,0.0,0.0,0.006967326160520315,0.0,0.0,0.0,0.019095228984951973,0.0,0.0,0.0,0.0,0.0,0.006337939761579037,0.0,0.0,0.0,0.0,0.0,0.0,0.026182465255260468,0.0,0.0,0.0029705921187996864,0.0,0.02347339689731598,0.0,0.0,0.008121228776872158,0.0,0.0,0.0,0.0,0.0,0.0,0.0,0.0,0.0,0.0,0.0,0.0,0.0,0.0,0.0,0.0,0.0,0.0,0.0,0.0,0.0,0.0,0.0,0.03261739760637283,0.005954995285719633,0.0,0.013853570446372032,0.0,0.0,0.0,0.0,0.0,0.0,0.0,0.0,0.0,0.0,0.013720358721911907,0.0,0.0,0.0,0.0,0.0
2022-06-13,763594.9579101214,496.7021667419017,,,,,,,,,,,76494.84123570709,,1039061.7711000025,,,,,,,,,,,11251.94728546997,,,,,,,,,,,,,,,,,,,,,,,,,,,42988.48126400296,,,,,,,,,,,,,,,,,,,,,,,13824.026944333178,,,,,,,,,,,,,,,,,,,,,,,,,,,,,,,,,,,,,,9561.727424200433,,8144.658159075768,,,,84876.64010629515,39479.14289580159,37280.09261573912,17451.30409004265,0.0,0.0,,0.0,0.0,0.032165829092264175,0.0,0.0,,0.0,,0.0,0.0,0.0,,,,,,0.0,,,0.0,,0.0,,,0.0,0.0,0.0,,0.0,0.0,,0.0,,,,0.0,0.0181044302880764,0.0,,0.0,0.0,0.007552177645266056,,0.0,,,,,0.0,,0.0,0.0,,0.0,0.0,0.0,0.0,,,0.007423738017678261,0.0,,0.0025245544966310263,0.0,0.0,,0.0,,0.0,,,0.05404789373278618,,,0.0,,,0.0,,,0.0,,0.0,0.0,,0.0,0.0,,,0.019436147063970566,,0.0,0.0,,0.0,0.0,,,0.0,0.006602924317121506,,,,,0.0035431180149316788,,0.0,,0.0,0.0,,0.0,0.0,,0.0,,0.0,,,0.022485647350549698,0.0,0.0,0.0,0.0,,,,,0.0,0.001548555213958025,,,0.0,,,,,0.0006256847991608083,0.0,0.0,,0.0,0.0,0.0,0.0,0.0,0.0,0.002386548789218068,,0.0,0.0,0.0,,,,0.0,0.0,,0.0,0.0,0.0,0.0,0.0,0.0,,0.0,0.0,0.0,,,,,0.0,,0.0,0.0,0.0,,,0.0,,0.0,,0.0,0.0,0.0,0.0,,,,0.019023610278964043,,0.0,0.0,0.0,,,,0.0,0.0,0.0,0.0,0.0,0.0,,0.0020381095819175243,,0.0,,0.0,0.0,,0.0,0.027345111593604088,0.0,,,0.0,,,0.0,,0.0,,0.0,,0.010624958202242851,,,0.0,,,,0.0,0.009068354964256287,,0.0,0.0,,,,,0.0,0.0,0.0,,0.0,0.0,0.0,0.0,,0.0,,0.0,,,0.0,0.0,0.0,0.0,0.0,0.0,,,0.0012944337213411927,,0.0,0.0,0.0,,0.0884244292974472,,,0.00612172344699502,,0.0,0.0,,0.0,,,0.0,,,0.0,0.0,0.0,,,0.0,0.0,0.000760922092013061,,0.0,0.0,0.0,,0.0,,0.0,0.0,0.0,,,0.0,0.02076622098684311,,,0.0,,,0.0,0.0,0.0,,0.0,0.0,0.0,0.026078566908836365,,0.0,0.0,,0.0,0.0,0.0,0.003636399982497096,0.0,0.0,0.010717890225350857,0.0,0.0,0.0,0.000529099372215569,0.0,0.0,,0.0,,,0.0,,,0.0,0.0,,0.0,,0.0,0.0,,0.0,,0.0,0.0,0.0,,0.018671313300728798,0.0,0.0,0.013625061139464378,0.0,0.0,0.0,0.0,0.0,0.0,0.0031591560691595078,,,0.0,0.013349867425858974,0.0,,,,0.0,,0.0,0.0,,,,0.0,,,0.0,,,,,0.0,,0.0,0.00016420564497821033,0.0,0.0,0.0,0.0,0.0,,,0.0,,,0.0,0.0,,,0.0,,0.0,0.0,0.0,,0.0,,,,,,0.0,,0.0,0.0,0.0,,,,,0.0,,,,,0.0005176853737793863,,,,,,0.0,,,0.05937034264206886,,0.0,,,0.0,,0.0,,0.0,,,,0.01705697551369667,,,0.0,,,0.0,0.0,,0.022538475692272186,0.0,,0.0,,,0.0,0.0,0.0,,,,0.0,0.0,0.0,,,,,,0.0,0.0,,,,0.0,0.0,,0.0,,,0.0,0.0,,,0.0,0.03460295498371124,,0.0,,,0.0,0.0,,0.019816339015960693,0.0,0.0,0.0,,0.0,0.0,0.0,0.0,0.0,,,0.0,,0.0,0.0,0.0,0.0,,,,0.0,,,0.0,,0.0,,0.0,0.0,0.0,0.0,0.0,0.0,,0.0,0.0,,0.0,0.0,,0.06478113681077957,,,0.0,0.0,0.0,0.0,,0.0,0.0,0.0,0.0,0.0,0.0,0.01921050250530243,0.0,,0.0,,0.0,0.0,0.0,0.0,0.0,,0.0,,0.0,,0.0,,0.0,0.0,0.0,,0.0,,0.0,,0.0,0.0,0.0,0.01096775196492672,0.0,,0.0,0.0014701014151796699,0.0,,0.005125739146023989,,0.0,0.007840300910174847,0.0,0.0,0.0,0.0,0.0,0.0,0.0044894288294017315,,0.00530617218464613,0.0,0.0,,,0.0,0.0,,0.0,0.0,0.0,0.0,0.0,0.0,0.0,0.0,0.0,0.0,0.015360762365162373,,0.026050660759210587,0.0,0.007896216586232185,0.0,0.015410416759550571,0.0,0.0,0.0,0.0,0.0,0.0,0.0,0.0,0.0,0.0,0.0,0.0,0.0,0.0,0.0,0.0,0.0,0.0,0.0,0.0,0.0,0.0,0.0,0.0,0.0,0.0,0.0,0.0,0.0,0.0,0.03154827654361725,0.0021745359990745783,0.0,0.0,0.0,0.0,0.014290479011833668,0.0,0.0,0.0,0.0,0.0,0.0,0.0,0.0010335164843127131,0.0,0.0,0.0,0.0,0.0,0.0,0.0,0.0,0.0,0.0,0.0,0.0,0.0,0.0,0.006967326160520315,0.0,0.0,0.0,0.019095228984951973,0.0,0.0,0.0,0.0,0.0,0.006337939761579037,0.0,0.0,0.0,0.0,0.0,0.0,0.026182465255260468,0.0,0.0,0.0029705921187996864,0.0,0.02347339689731598,0.0,0.0,0.008121228776872158,0.0,0.0,0.0,0.0,0.0,0.0,0.0,0.0,0.0,0.0,0.0,0.0,0.0,0.0,0.0,0.0,0.0,0.0,0.0,0.0,0.0,0.0,0.0,0.03261739760637283,0.005954995285719633,0.0,0.013853570446372032,0.0,0.0,0.0,0.0,0.0,0.0,0.0,0.0,0.0,0.0,0.013720358721911907,0.0,0.0,0.0,0.0,0.0
2022-06-14,778755.6875447894,43.24812966499467,,,,,,,,,,,76494.84123570709,,1039061.7711000025,,,,,,,,,,,11251.94728546997,,,,,,,,,,,,,,,,,,,,,,,,,,,43260.561330441735,,,,,,,,,,,,,,,,,,,,,,,13824.026944333178,,,,,,,,,,,,,,,,,,,,,,,,,,,,,,,,,,,,,,9561.727424200433,,8144.658159075768,,,,84876.64010629515,39468.48728850979,37280.09261573912,17451.30409004265,0.0,0.0,,0.0,0.0,0.032165829092264175,0.0,0.0,,0.0,,0.0,0.0,0.0,,,,,,0.0,,,0.0,,0.0,,,0.0,0.0,0.0,,0.0,0.0,,0.0,,,,0.0,0.0181044302880764,0.0,,0.0,0.0,0.007552177645266056,,0.0,,,,,0.0,,0.0,0.0,,0.0,0.0,0.0,0.0,,,0.007423738017678261,0.0,,0.0025245544966310263,0.0,0.0,,0.0,,0.0,,,0.05404789373278618,,,0.0,,,0.0,,,0.0,,0.0,0.0,,0.0,0.0,,,0.019436147063970566,,0.0,0.0,,0.0,0.0,,,0.0,0.006602924317121506,,,,,0.0035431180149316788,,0.0,,0.0,0.0,,0.0,0.0,,0.0,,0.0,,,0.022485647350549698,0.0,0.0,0.0,0.0,,,,,0.0,0.001548555213958025,,,0.0,,,,,0.0006256847991608083,0.0,0.0,,0.0,0.0,0.0,0.0,0.0,0.0,0.002386548789218068,,0.0,0.0,0.0,,,,0.0,0.0,,0.0,0.0,0.0,0.0,0.0,0.0,,0.0,0.0,0.0,,,,,0.0,,0.0,0.0,0.0,,,0.0,,0.0,,0.0,0.0,0.0,0.0,,,,0.019023610278964043,,0.0,0.0,0.0,,,,0.0,0.0,0.0,0.0,0.0,0.0,,0.0020381095819175243,,0.0,,0.0,0.0,,0.0,0.027345111593604088,0.0,,,0.0,,,0.0,,0.0,,0.0,,0.010624958202242851,,,0.0,,,,0.0,0.009068354964256287,,0.0,0.0,,,,,0.0,0.0,0.0,,0.0,0.0,0.0,0.0,,0.0,,0.0,,,0.0,0.0,0.0,0.0,0.0,0.0,,,0.0012944337213411927,,0.0,0.0,0.0,,0.0884244292974472,,,0.00612172344699502,,0.0,0.0,,0.0,,,0.0,,,0.0,0.0,0.0,,,0.0,0.0,0.000760922092013061,,0.0,0.0,0.0,,0.0,,0.0,0.0,0.0,,,0.0,0.02076622098684311,,,0.0,,,0.0,0.0,0.0,,0.0,0.0,0.0,0.026078566908836365,,0.0,0.0,,0.0,0.0,0.0,0.003636399982497096,0.0,0.0,0.010717890225350857,0.0,0.0,0.0,0.000529099372215569,0.0,0.0,,0.0,,,0.0,,,0.0,0.0,,0.0,,0.0,0.0,,0.0,,0.0,0.0,0.0,,0.018671313300728798,0.0,0.0,0.013625061139464378,0.0,0.0,0.0,0.0,0.0,0.0,0.0031591560691595078,,,0.0,0.013349867425858974,0.0,,,,0.0,,0.0,0.0,,,,0.0,,,0.0,,,,,0.0,,0.0,0.00016420564497821033,0.0,0.0,0.0,0.0,0.0,,,0.0,,,0.0,0.0,,,0.0,,0.0,0.0,0.0,,0.0,,,,,,0.0,,0.0,0.0,0.0,,,,,0.0,,,,,0.0005176853737793863,,,,,,0.0,,,0.05937034264206886,,0.0,,,0.0,,0.0,,0.0,,,,0.01705697551369667,,,0.0,,,0.0,0.0,,0.022538475692272186,0.0,,0.0,,,0.0,0.0,0.0,,,,0.0,0.0,0.0,,,,,,0.0,0.0,,,,0.0,0.0,,0.0,,,0.0,0.0,,,0.0,0.03460295498371124,,0.0,,,0.0,0.0,,0.019816339015960693,0.0,0.0,0.0,,0.0,0.0,0.0,0.0,0.0,,,0.0,,0.0,0.0,0.0,0.0,,,,0.0,,,0.0,,0.0,,0.0,0.0,0.0,0.0,0.0,0.0,,0.0,0.0,,0.0,0.0,,0.06478113681077957,,,0.0,0.0,0.0,0.0,,0.0,0.0,0.0,0.0,0.0,0.0,0.01921050250530243,0.0,,0.0,,0.0,0.0,0.0,0.0,0.0,,0.0,,0.0,,0.0,,0.0,0.0,0.0,,0.0,,0.0,,0.0,0.0,0.0,0.01096775196492672,0.0,,0.0,0.0014701014151796699,0.0,,0.005125739146023989,,0.0,0.007840300910174847,0.0,0.0,0.0,0.0,0.0,0.0,0.0044894288294017315,,0.00530617218464613,0.0,0.0,,,0.0,0.0,,0.0,0.0,0.0,0.0,0.0,0.0,0.0,0.0,0.0,0.0,0.015360762365162373,,0.026050660759210587,0.0,0.007896216586232185,0.0,0.015410416759550571,0.0,0.0,0.0,0.0,0.0,0.0,0.0,0.0,0.0,0.0,0.0,0.0,0.0,0.0,0.0,0.0,0.0,0.0,0.0,0.0,0.0,0.0,0.0,0.0,0.0,0.0,0.0,0.0,0.0,0.0,0.03154827654361725,0.0021745359990745783,0.0,0.0,0.0,0.0,0.014290479011833668,0.0,0.0,0.0,0.0,0.0,0.0,0.0,0.0010335164843127131,0.0,0.0,0.0,0.0,0.0,0.0,0.0,0.0,0.0,0.0,0.0,0.0,0.0,0.0,0.006967326160520315,0.0,0.0,0.0,0.019095228984951973,0.0,0.0,0.0,0.0,0.0,0.006337939761579037,0.0,0.0,0.0,0.0,0.0,0.0,0.026182465255260468,0.0,0.0,0.0029705921187996864,0.0,0.02347339689731598,0.0,0.0,0.008121228776872158,0.0,0.0,0.0,0.0,0.0,0.0,0.0,0.0,0.0,0.0,0.0,0.0,0.0,0.0,0.0,0.0,0.0,0.0,0.0,0.0,0.0,0.0,0.0,0.03261739760637283,0.005954995285719633,0.0,0.013853570446372032,0.0,0.0,0.0,0.0,0.0,0.0,0.0,0.0,0.0,0.0,0.013720358721911907,0.0,0.0,0.0,0.0,0.0
2022-06-15,778423.2481481895,207.47167073868354,,,,,,,,,,,76494.84123570709,,1039061.7711000025,,,,,,,,,,,11251.94728546997,,,,,,,,,,,,,,,,,,,,,,,,,,,43260.561330441735,,,,,,,,,,,,,,,,,,,,,,,13824.026944333178,,,,,,,,,,,,,,,,,,,,,,,,,,,,,,,,,,,,,,9375.836728307095,,8144.658159075768,,,,86732.4662712599,36435.56850710454,39428.25025335105,18021.027304560786,0.0,0.0,,0.0,0.0,0.032165829092264175,0.0,0.0,,0.0,,0.0,0.0,0.0,,,,,,0.0,,,0.0,,0.0,,,0.0,0.0,0.0,,0.0,0.0,,0.0,,,,0.0,0.0181044302880764,0.0,,0.0,0.0,0.007552177645266056,,0.0,,,,,0.0,,0.0,0.0,,0.0,0.0,0.0,0.0,,,0.007423738017678261,0.0,,0.0025245544966310263,0.0,0.0,,0.0,,0.0,,,0.05404789373278618,,,0.0,,,0.0,,,0.0,,0.0,0.0,,0.0,0.0,,,0.019436147063970566,,0.0,0.0,,0.0,0.0,,,0.0,0.006602924317121506,,,,,0.0035431180149316788,,0.0,,0.0,0.0,,0.0,0.0,,0.0,,0.0,,,0.022485647350549698,0.0,0.0,0.0,0.0,,,,,0.0,0.001548555213958025,,,0.0,,,,,0.0006256847991608083,0.0,0.0,,0.0,0.0,0.0,0.0,0.0,0.0,0.002386548789218068,,0.0,0.0,0.0,,,,0.0,0.0,,0.0,0.0,0.0,0.0,0.0,0.0,,0.0,0.0,0.0,,,,,0.0,,0.0,0.0,0.0,,,0.0,,0.0,,0.0,0.0,0.0,0.0,,,,0.019023610278964043,,0.0,0.0,0.0,,,,0.0,0.0,0.0,0.0,0.0,0.0,,0.0020381095819175243,,0.0,,0.0,0.0,,0.0,0.027345111593604088,0.0,,,0.0,,,0.0,,0.0,,0.0,,0.010624958202242851,,,0.0,,,,0.0,0.009068354964256287,,0.0,0.0,,,,,0.0,0.0,0.0,,0.0,0.0,0.0,0.0,,0.0,,0.0,,,0.0,0.0,0.0,0.0,0.0,0.0,,,0.0012944337213411927,,0.0,0.0,0.0,,0.0884244292974472,,,0.00612172344699502,,0.0,0.0,,0.0,,,0.0,,,0.0,0.0,0.0,,,0.0,0.0,0.000760922092013061,,0.0,0.0,0.0,,0.0,,0.0,0.0,0.0,,,0.0,0.02076622098684311,,,0.0,,,0.0,0.0,0.0,,0.0,0.0,0.0,0.026078566908836365,,0.0,0.0,,0.0,0.0,0.0,0.003636399982497096,0.0,0.0,0.010717890225350857,0.0,0.0,0.0,0.000529099372215569,0.0,0.0,,0.0,,,0.0,,,0.0,0.0,,0.0,,0.0,0.0,,0.0,,0.0,0.0,0.0,,0.018671313300728798,0.0,0.0,0.013625061139464378,0.0,0.0,0.0,0.0,0.0,0.0,0.0031591560691595078,,,0.0,0.013349867425858974,0.0,,,,0.0,,0.0,0.0,,,,0.0,,,0.0,,,,,0.0,,0.0,0.00016420564497821033,0.0,0.0,0.0,0.0,0.0,,,0.0,,,0.0,0.0,,,0.0,,0.0,0.0,0.0,,0.0,,,,,,0.0,,0.0,0.0,0.0,,,,,0.0,,,,,0.0005176853737793863,,,,,,0.0,,,0.05937034264206886,,0.0,,,0.0,,0.0,,0.0,,,,0.01705697551369667,,,0.0,,,0.0,0.0,,0.022538475692272186,0.0,,0.0,,,0.0,0.0,0.0,,,,0.0,0.0,0.0,,,,,,0.0,0.0,,,,0.0,0.0,,0.0,,,0.0,0.0,,,0.0,0.03460295498371124,,0.0,,,0.0,0.0,,0.019816339015960693,0.0,0.0,0.0,,0.0,0.0,0.0,0.0,0.0,,,0.0,,0.0,0.0,0.0,0.0,,,,0.0,,,0.0,,0.0,,0.0,0.0,0.0,0.0,0.0,0.0,,0.0,0.0,,0.0,0.0,,0.06478113681077957,,,0.0,0.0,0.0,0.0,,0.0,0.0,0.0,0.0,0.0,0.0,0.01921050250530243,0.0,,0.0,,0.0,0.0,0.0,0.0,0.0,,0.0,,0.0,,0.0,,0.0,0.0,0.0,,0.0,,0.0,,0.0,0.0,0.0,0.01096775196492672,0.0,,0.0,0.0014701014151796699,0.0,,0.005125739146023989,,0.0,0.007840300910174847,0.0,0.0,0.0,0.0,0.0,0.0,0.0044894288294017315,,0.00530617218464613,0.0,0.0,,,0.0,0.0,,0.0,0.0,0.0,0.0,0.0,0.0,0.0,0.0,0.0,0.0,0.015360762365162373,,0.026050660759210587,0.0,0.007896216586232185,0.0,0.015410416759550571,0.0,0.0,0.0,0.0,0.0,0.0,0.0,0.0,0.0,0.0,0.0,0.0,0.0,0.0,0.0,0.0,0.0,0.0,0.0,0.0,0.0,0.0,0.0,0.0,0.0,0.0,0.0,0.0,0.0,0.0,0.03154827654361725,0.0021745359990745783,0.0,0.0,0.0,0.0,0.014290479011833668,0.0,0.0,0.0,0.0,0.0,0.0,0.0,0.0010335164843127131,0.0,0.0,0.0,0.0,0.0,0.0,0.0,0.0,0.0,0.0,0.0,0.0,0.0,0.0,0.006967326160520315,0.0,0.0,0.0,0.019095228984951973,0.0,0.0,0.0,0.0,0.0,0.006337939761579037,0.0,0.0,0.0,0.0,0.0,0.0,0.026182465255260468,0.0,0.0,0.0029705921187996864,0.0,0.02347339689731598,0.0,0.0,0.008121228776872158,0.0,0.0,0.0,0.0,0.0,0.0,0.0,0.0,0.0,0.0,0.0,0.0,0.0,0.0,0.0,0.0,0.0,0.0,0.0,0.0,0.0,0.0,0.0,0.03261739760637283,0.005954995285719633,0.0,0.013853570446372032,0.0,0.0,0.0,0.0,0.0,0.0,0.0,0.0,0.0,0.0,0.013720358721911907,0.0,0.0,0.0,0.0,0.0
2022-06-16,760006.2983177648,619.8008820533994,,,,,,,,,,,76494.84123570709,,1039061.7711000025,,,,,,,,,,,11251.69309922596,,,,,,,,,,,,,,,,,,,,,,,,,,,43260.561330441735,,,,,,,,,,,,,,,,,,,,,,,13824.026944333178,,,,,,,,,,,,,,,,,,,,,,,,,,,,,,,,,,,,,,9214.686897644751,,8317.947362089972,,,,86732.4662712599,36435.56850710454,39428.25025335105,17879.074771657626,0.0,0.0,,0.0,0.0,0.032165829092264175,0.0,0.0,,0.0,,0.0,0.0,0.0,,,,,,0.0,,,0.0,,0.0,,,0.0,0.0,0.0,,0.0,0.0,,0.0,,,,0.0,0.0181044302880764,0.0,,0.0,0.0,0.007552177645266056,,0.0,,,,,0.0,,0.0,0.0,,0.0,0.0,0.0,0.0,,,0.007423738017678261,0.0,,0.0025245544966310263,0.0,0.0,,0.0,,0.0,,,0.05404789373278618,,,0.0,,,0.0,,,0.0,,0.0,0.0,,0.0,0.0,,,0.019436147063970566,,0.0,0.0,,0.0,0.0,,,0.0,0.006602924317121506,,,,,0.0035431180149316788,,0.0,,0.0,0.0,,0.0,0.0,,0.0,,0.0,,,0.022485647350549698,0.0,0.0,0.0,0.0,,,,,0.0,0.001548555213958025,,,0.0,,,,,0.0006256847991608083,0.0,0.0,,0.0,0.0,0.0,0.0,0.0,0.0,0.002386548789218068,,0.0,0.0,0.0,,,,0.0,0.0,,0.0,0.0,0.0,0.0,0.0,0.0,,0.0,0.0,0.0,,,,,0.0,,0.0,0.0,0.0,,,0.0,,0.0,,0.0,0.0,0.0,0.0,,,,0.019023610278964043,,0.0,0.0,0.0,,,,0.0,0.0,0.0,0.0,0.0,0.0,,0.0020381095819175243,,0.0,,0.0,0.0,,0.0,0.027345111593604088,0.0,,,0.0,,,0.0,,0.0,,0.0,,0.010624958202242851,,,0.0,,,,0.0,0.009068354964256287,,0.0,0.0,,,,,0.0,0.0,0.0,,0.0,0.0,0.0,0.0,,0.0,,0.0,,,0.0,0.0,0.0,0.0,0.0,0.0,,,0.0012944337213411927,,0.0,0.0,0.0,,0.0884244292974472,,,0.00612172344699502,,0.0,0.0,,0.0,,,0.0,,,0.0,0.0,0.0,,,0.0,0.0,0.000760922092013061,,0.0,0.0,0.0,,0.0,,0.0,0.0,0.0,,,0.0,0.02076622098684311,,,0.0,,,0.0,0.0,0.0,,0.0,0.0,0.0,0.026078566908836365,,0.0,0.0,,0.0,0.0,0.0,0.003636399982497096,0.0,0.0,0.010717890225350857,0.0,0.0,0.0,0.000529099372215569,0.0,0.0,,0.0,,,0.0,,,0.0,0.0,,0.0,,0.0,0.0,,0.0,,0.0,0.0,0.0,,0.018671313300728798,0.0,0.0,0.013625061139464378,0.0,0.0,0.0,0.0,0.0,0.0,0.0031591560691595078,,,0.0,0.013349867425858974,0.0,,,,0.0,,0.0,0.0,,,,0.0,,,0.0,,,,,0.0,,0.0,0.00016420564497821033,0.0,0.0,0.0,0.0,0.0,,,0.0,,,0.0,0.0,,,0.0,,0.0,0.0,0.0,,0.0,,,,,,0.0,,0.0,0.0,0.0,,,,,0.0,,,,,0.0005176853737793863,,,,,,0.0,,,0.05937034264206886,,0.0,,,0.0,,0.0,,0.0,,,,0.01705697551369667,,,0.0,,,0.0,0.0,,0.022538475692272186,0.0,,0.0,,,0.0,0.0,0.0,,,,0.0,0.0,0.0,,,,,,0.0,0.0,,,,0.0,0.0,,0.0,,,0.0,0.0,,,0.0,0.03460295498371124,,0.0,,,0.0,0.0,,0.019816339015960693,0.0,0.0,0.0,,0.0,0.0,0.0,0.0,0.0,,,0.0,,0.0,0.0,0.0,0.0,,,,0.0,,,0.0,,0.0,,0.0,0.0,0.0,0.0,0.0,0.0,,0.0,0.0,,0.0,0.0,,0.06478113681077957,,,0.0,0.0,0.0,0.0,,0.0,0.0,0.0,0.0,0.0,0.0,0.01921050250530243,0.0,,0.0,,0.0,0.0,0.0,0.0,0.0,,0.0,,0.0,,0.0,,0.0,0.0,0.0,,0.0,,0.0,,0.0,0.0,0.0,0.01096775196492672,0.0,,0.0,0.0014701014151796699,0.0,,0.005125739146023989,,0.0,0.007840300910174847,0.0,0.0,0.0,0.0,0.0,0.0,0.0044894288294017315,,0.00530617218464613,0.0,0.0,,,0.0,0.0,,0.0,0.0,0.0,0.0,0.0,0.0,0.0,0.0,0.0,0.0,0.015360762365162373,,0.026050660759210587,0.0,0.007896216586232185,0.0,0.015410416759550571,0.0,0.0,0.0,0.0,0.0,0.0,0.0,0.0,0.0,0.0,0.0,0.0,0.0,0.0,0.0,0.0,0.0,0.0,0.0,0.0,0.0,0.0,0.0,0.0,0.0,0.0,0.0,0.0,0.0,0.0,0.03154827654361725,0.0021745359990745783,0.0,0.0,0.0,0.0,0.014290479011833668,0.0,0.0,0.0,0.0,0.0,0.0,0.0,0.0010335164843127131,0.0,0.0,0.0,0.0,0.0,0.0,0.0,0.0,0.0,0.0,0.0,0.0,0.0,0.0,0.006967326160520315,0.0,0.0,0.0,0.019095228984951973,0.0,0.0,0.0,0.0,0.0,0.006337939761579037,0.0,0.0,0.0,0.0,0.0,0.0,0.026182465255260468,0.0,0.0,0.0029705921187996864,0.0,0.02347339689731598,0.0,0.0,0.008121228776872158,0.0,0.0,0.0,0.0,0.0,0.0,0.0,0.0,0.0,0.0,0.0,0.0,0.0,0.0,0.0,0.0,0.0,0.0,0.0,0.0,0.0,0.0,0.0,0.03261739760637283,0.005954995285719633,0.0,0.013853570446372032,0.0,0.0,0.0,0.0,0.0,0.0,0.0,0.0,0.0,0.0,0.013720358721911907,0.0,0.0,0.0,0.0,0.0
2022-06-17,762481.8962790411,778.9742119161629,,,,,,,,,,,76494.84123570709,,1039061.7711000025,,,,,,,,,,,10659.822313873094,,,,,,,,,,,,,,,,,,,,,,,,,,,43532.629792798754,,,,,,,,,,,,,,,,,,,,,,,13824.026944333178,,,,,,,,,,,,,,,,,,,,,,,,,,,,,,,,,,,,,,9053.348496700888,,8837.820179725943,,,,86732.4662712599,37042.95543831678,39428.25025335105,17736.132898137486,0.0,0.0,,0.0,0.0,0.032165829092264175,0.0,0.0,,0.0,,0.0,0.0,0.0,,,,,,0.0,,,0.0,,0.0,,,0.0,0.0,0.0,,0.0,0.0,,0.0,,,,0.0,0.0181044302880764,0.0,,0.0,0.0,0.007552177645266056,,0.0,,,,,0.0,,0.0,0.0,,0.0,0.0,0.0,0.0,,,0.007423738017678261,0.0,,0.0025245544966310263,0.0,0.0,,0.0,,0.0,,,0.05404789373278618,,,0.0,,,0.0,,,0.0,,0.0,0.0,,0.0,0.0,,,0.019436147063970566,,0.0,0.0,,0.0,0.0,,,0.0,0.006602924317121506,,,,,0.0035431180149316788,,0.0,,0.0,0.0,,0.0,0.0,,0.0,,0.0,,,0.022485647350549698,0.0,0.0,0.0,0.0,,,,,0.0,0.001548555213958025,,,0.0,,,,,0.0006256847991608083,0.0,0.0,,0.0,0.0,0.0,0.0,0.0,0.0,0.002386548789218068,,0.0,0.0,0.0,,,,0.0,0.0,,0.0,0.0,0.0,0.0,0.0,0.0,,0.0,0.0,0.0,,,,,0.0,,0.0,0.0,0.0,,,0.0,,0.0,,0.0,0.0,0.0,0.0,,,,0.019023610278964043,,0.0,0.0,0.0,,,,0.0,0.0,0.0,0.0,0.0,0.0,,0.0020381095819175243,,0.0,,0.0,0.0,,0.0,0.027345111593604088,0.0,,,0.0,,,0.0,,0.0,,0.0,,0.010624958202242851,,,0.0,,,,0.0,0.009068354964256287,,0.0,0.0,,,,,0.0,0.0,0.0,,0.0,0.0,0.0,0.0,,0.0,,0.0,,,0.0,0.0,0.0,0.0,0.0,0.0,,,0.0012944337213411927,,0.0,0.0,0.0,,0.0884244292974472,,,0.00612172344699502,,0.0,0.0,,0.0,,,0.0,,,0.0,0.0,0.0,,,0.0,0.0,0.000760922092013061,,0.0,0.0,0.0,,0.0,,0.0,0.0,0.0,,,0.0,0.02076622098684311,,,0.0,,,0.0,0.0,0.0,,0.0,0.0,0.0,0.026078566908836365,,0.0,0.0,,0.0,0.0,0.0,0.003636399982497096,0.0,0.0,0.010717890225350857,0.0,0.0,0.0,0.000529099372215569,0.0,0.0,,0.0,,,0.0,,,0.0,0.0,,0.0,,0.0,0.0,,0.0,,0.0,0.0,0.0,,0.018671313300728798,0.0,0.0,0.013625061139464378,0.0,0.0,0.0,0.0,0.0,0.0,0.0031591560691595078,,,0.0,0.013349867425858974,0.0,,,,0.0,,0.0,0.0,,,,0.0,,,0.0,,,,,0.0,,0.0,0.00016420564497821033,0.0,0.0,0.0,0.0,0.0,,,0.0,,,0.0,0.0,,,0.0,,0.0,0.0,0.0,,0.0,,,,,,0.0,,0.0,0.0,0.0,,,,,0.0,,,,,0.0005176853737793863,,,,,,0.0,,,0.05937034264206886,,0.0,,,0.0,,0.0,,0.0,,,,0.01705697551369667,,,0.0,,,0.0,0.0,,0.022538475692272186,0.0,,0.0,,,0.0,0.0,0.0,,,,0.0,0.0,0.0,,,,,,0.0,0.0,,,,0.0,0.0,,0.0,,,0.0,0.0,,,0.0,0.03460295498371124,,0.0,,,0.0,0.0,,0.019816339015960693,0.0,0.0,0.0,,0.0,0.0,0.0,0.0,0.0,,,0.0,,0.0,0.0,0.0,0.0,,,,0.0,,,0.0,,0.0,,0.0,0.0,0.0,0.0,0.0,0.0,,0.0,0.0,,0.0,0.0,,0.06478113681077957,,,0.0,0.0,0.0,0.0,,0.0,0.0,0.0,0.0,0.0,0.0,0.01921050250530243,0.0,,0.0,,0.0,0.0,0.0,0.0,0.0,,0.0,,0.0,,0.0,,0.0,0.0,0.0,,0.0,,0.0,,0.0,0.0,0.0,0.01096775196492672,0.0,,0.0,0.0014701014151796699,0.0,,0.005125739146023989,,0.0,0.007840300910174847,0.0,0.0,0.0,0.0,0.0,0.0,0.0044894288294017315,,0.00530617218464613,0.0,0.0,,,0.0,0.0,,0.0,0.0,0.0,0.0,0.0,0.0,0.0,0.0,0.0,0.0,0.015360762365162373,,0.026050660759210587,0.0,0.007896216586232185,0.0,0.015410416759550571,0.0,0.0,0.0,0.0,0.0,0.0,0.0,0.0,0.0,0.0,0.0,0.0,0.0,0.0,0.0,0.0,0.0,0.0,0.0,0.0,0.0,0.0,0.0,0.0,0.0,0.0,0.0,0.0,0.0,0.0,0.03154827654361725,0.0021745359990745783,0.0,0.0,0.0,0.0,0.014290479011833668,0.0,0.0,0.0,0.0,0.0,0.0,0.0,0.0010335164843127131,0.0,0.0,0.0,0.0,0.0,0.0,0.0,0.0,0.0,0.0,0.0,0.0,0.0,0.0,0.006967326160520315,0.0,0.0,0.0,0.019095228984951973,0.0,0.0,0.0,0.0,0.0,0.006337939761579037,0.0,0.0,0.0,0.0,0.0,0.0,0.026182465255260468,0.0,0.0,0.0029705921187996864,0.0,0.02347339689731598,0.0,0.0,0.008121228776872158,0.0,0.0,0.0,0.0,0.0,0.0,0.0,0.0,0.0,0.0,0.0,0.0,0.0,0.0,0.0,0.0,0.0,0.0,0.0,0.0,0.0,0.0,0.0,0.03261739760637283,0.005954995285719633,0.0,0.013853570446372032,0.0,0.0,0.0,0.0,0.0,0.0,0.0,0.0,0.0,0.0,0.013720358721911907,0.0,0.0,0.0,0.0,0.0
2022-06-20,753586.7424605336,852.5363477686105,,,,,,,,,,,76494.84123570709,,1039061.7711000025,,,,,,,,,,,10363.247903975185,,,,,,,,,,,,,,,,,,,,,,,,,,,43531.82933755058,,,,,,,,,,,,,,,,,,,,,,,13824.026944333178,,,,,,,,,,,,,,,,,,,,,,,,,,,,,,,,,,,,,,8891.404817803876,,9357.712705046244,,,,86732.4662712599,37042.95543831678,39428.25025335105,17591.955225880767,0.0,0.0,,0.0,0.0,0.032165829092264175,0.0,0.0,,0.0,,0.0,0.0,0.0,,,,,,0.0,,,0.0,,0.0,,,0.0,0.0,0.0,,0.0,0.0,,0.0,,,,0.0,0.0181044302880764,0.0,,0.0,0.0,0.007552177645266056,,0.0,,,,,0.0,,0.0,0.0,,0.0,0.0,0.0,0.0,,,0.007423738017678261,0.0,,0.0025245544966310263,0.0,0.0,,0.0,,0.0,,,0.05404789373278618,,,0.0,,,0.0,,,0.0,,0.0,0.0,,0.0,0.0,,,0.019436147063970566,,0.0,0.0,,0.0,0.0,,,0.0,0.006602924317121506,,,,,0.0035431180149316788,,0.0,,0.0,0.0,,0.0,0.0,,0.0,,0.0,,,0.022485647350549698,0.0,0.0,0.0,0.0,,,,,0.0,0.001548555213958025,,,0.0,,,,,0.0006256847991608083,0.0,0.0,,0.0,0.0,0.0,0.0,0.0,0.0,0.002386548789218068,,0.0,0.0,0.0,,,,0.0,0.0,,0.0,0.0,0.0,0.0,0.0,0.0,,0.0,0.0,0.0,,,,,0.0,,0.0,0.0,0.0,,,0.0,,0.0,,0.0,0.0,0.0,0.0,,,,0.019023610278964043,,0.0,0.0,0.0,,,,0.0,0.0,0.0,0.0,0.0,0.0,,0.0020381095819175243,,0.0,,0.0,0.0,,0.0,0.027345111593604088,0.0,,,0.0,,,0.0,,0.0,,0.0,,0.010624958202242851,,,0.0,,,,0.0,0.009068354964256287,,0.0,0.0,,,,,0.0,0.0,0.0,,0.0,0.0,0.0,0.0,,0.0,,0.0,,,0.0,0.0,0.0,0.0,0.0,0.0,,,0.0012944337213411927,,0.0,0.0,0.0,,0.0884244292974472,,,0.00612172344699502,,0.0,0.0,,0.0,,,0.0,,,0.0,0.0,0.0,,,0.0,0.0,0.000760922092013061,,0.0,0.0,0.0,,0.0,,0.0,0.0,0.0,,,0.0,0.02076622098684311,,,0.0,,,0.0,0.0,0.0,,0.0,0.0,0.0,0.026078566908836365,,0.0,0.0,,0.0,0.0,0.0,0.003636399982497096,0.0,0.0,0.010717890225350857,0.0,0.0,0.0,0.000529099372215569,0.0,0.0,,0.0,,,0.0,,,0.0,0.0,,0.0,,0.0,0.0,,0.0,,0.0,0.0,0.0,,0.018671313300728798,0.0,0.0,0.013625061139464378,0.0,0.0,0.0,0.0,0.0,0.0,0.0031591560691595078,,,0.0,0.013349867425858974,0.0,,,,0.0,,0.0,0.0,,,,0.0,,,0.0,,,,,0.0,,0.0,0.00016420564497821033,0.0,0.0,0.0,0.0,0.0,,,0.0,,,0.0,0.0,,,0.0,,0.0,0.0,0.0,,0.0,,,,,,0.0,,0.0,0.0,0.0,,,,,0.0,,,,,0.0005176853737793863,,,,,,0.0,,,0.05937034264206886,,0.0,,,0.0,,0.0,,0.0,,,,0.01705697551369667,,,0.0,,,0.0,0.0,,0.022538475692272186,0.0,,0.0,,,0.0,0.0,0.0,,,,0.0,0.0,0.0,,,,,,0.0,0.0,,,,0.0,0.0,,0.0,,,0.0,0.0,,,0.0,0.03460295498371124,,0.0,,,0.0,0.0,,0.019816339015960693,0.0,0.0,0.0,,0.0,0.0,0.0,0.0,0.0,,,0.0,,0.0,0.0,0.0,0.0,,,,0.0,,,0.0,,0.0,,0.0,0.0,0.0,0.0,0.0,0.0,,0.0,0.0,,0.0,0.0,,0.06478113681077957,,,0.0,0.0,0.0,0.0,,0.0,0.0,0.0,0.0,0.0,0.0,0.01921050250530243,0.0,,0.0,,0.0,0.0,0.0,0.0,0.0,,0.0,,0.0,,0.0,,0.0,0.0,0.0,,0.0,,0.0,,0.0,0.0,0.0,0.01096775196492672,0.0,,0.0,0.0014701014151796699,0.0,,0.005125739146023989,,0.0,0.007840300910174847,0.0,0.0,0.0,0.0,0.0,0.0,0.0044894288294017315,,0.00530617218464613,0.0,0.0,,,0.0,0.0,,0.0,0.0,0.0,0.0,0.0,0.0,0.0,0.0,0.0,0.0,0.015360762365162373,,0.026050660759210587,0.0,0.007896216586232185,0.0,0.015410416759550571,0.0,0.0,0.0,0.0,0.0,0.0,0.0,0.0,0.0,0.0,0.0,0.0,0.0,0.0,0.0,0.0,0.0,0.0,0.0,0.0,0.0,0.0,0.0,0.0,0.0,0.0,0.0,0.0,0.0,0.0,0.03154827654361725,0.0021745359990745783,0.0,0.0,0.0,0.0,0.014290479011833668,0.0,0.0,0.0,0.0,0.0,0.0,0.0,0.0010335164843127131,0.0,0.0,0.0,0.0,0.0,0.0,0.0,0.0,0.0,0.0,0.0,0.0,0.0,0.0,0.006967326160520315,0.0,0.0,0.0,0.019095228984951973,0.0,0.0,0.0,0.0,0.0,0.006337939761579037,0.0,0.0,0.0,0.0,0.0,0.0,0.026182465255260468,0.0,0.0,0.0029705921187996864,0.0,0.02347339689731598,0.0,0.0,0.008121228776872158,0.0,0.0,0.0,0.0,0.0,0.0,0.0,0.0,0.0,0.0,0.0,0.0,0.0,0.0,0.0,0.0,0.0,0.0,0.0,0.0,0.0,0.0,0.0,0.03261739760637283,0.005954995285719633,0.0,0.013853570446372032,0.0,0.0,0.0,0.0,0.0,0.0,0.0,0.0,0.0,0.0,0.013720358721911907,0.0,0.0,0.0,0.0,0.0
2022-06-21,755686.3778945828,781.0622366542282,,,,,,,,,,,76494.84123570709,,1039061.7711000025,,,,,,,,,,,10363.247903975185,,,,,,,,,,,,,,,,,,,,,,,,,,,43257.86484234851,,,,,,,,,,,,,,,,,,,,,,,13824.026944333178,,,,,,,,,,,,,,,,,,,,,,,,,,,,,,,,,,,,,,8891.404817803876,,9531.008548757449,,,,88588.44281879746,37042.95543831678,39428.25025335105,17164.41449032292,0.0,0.0,,0.0,0.0,0.032165829092264175,0.0,0.0,,0.0,,0.0,0.0,0.0,,,,,,0.0,,,0.0,,0.0,,,0.0,0.0,0.0,,0.0,0.0,,0.0,,,,0.0,0.0181044302880764,0.0,,0.0,0.0,0.007552177645266056,,0.0,,,,,0.0,,0.0,0.0,,0.0,0.0,0.0,0.0,,,0.007423738017678261,0.0,,0.0025245544966310263,0.0,0.0,,0.0,,0.0,,,0.05404789373278618,,,0.0,,,0.0,,,0.0,,0.0,0.0,,0.0,0.0,,,0.019436147063970566,,0.0,0.0,,0.0,0.0,,,0.0,0.006602924317121506,,,,,0.0035431180149316788,,0.0,,0.0,0.0,,0.0,0.0,,0.0,,0.0,,,0.022485647350549698,0.0,0.0,0.0,0.0,,,,,0.0,0.001548555213958025,,,0.0,,,,,0.0006256847991608083,0.0,0.0,,0.0,0.0,0.0,0.0,0.0,0.0,0.002386548789218068,,0.0,0.0,0.0,,,,0.0,0.0,,0.0,0.0,0.0,0.0,0.0,0.0,,0.0,0.0,0.0,,,,,0.0,,0.0,0.0,0.0,,,0.0,,0.0,,0.0,0.0,0.0,0.0,,,,0.019023610278964043,,0.0,0.0,0.0,,,,0.0,0.0,0.0,0.0,0.0,0.0,,0.0020381095819175243,,0.0,,0.0,0.0,,0.0,0.027345111593604088,0.0,,,0.0,,,0.0,,0.0,,0.0,,0.010624958202242851,,,0.0,,,,0.0,0.009068354964256287,,0.0,0.0,,,,,0.0,0.0,0.0,,0.0,0.0,0.0,0.0,,0.0,,0.0,,,0.0,0.0,0.0,0.0,0.0,0.0,,,0.0012944337213411927,,0.0,0.0,0.0,,0.0884244292974472,,,0.00612172344699502,,0.0,0.0,,0.0,,,0.0,,,0.0,0.0,0.0,,,0.0,0.0,0.000760922092013061,,0.0,0.0,0.0,,0.0,,0.0,0.0,0.0,,,0.0,0.02076622098684311,,,0.0,,,0.0,0.0,0.0,,0.0,0.0,0.0,0.026078566908836365,,0.0,0.0,,0.0,0.0,0.0,0.003636399982497096,0.0,0.0,0.010717890225350857,0.0,0.0,0.0,0.000529099372215569,0.0,0.0,,0.0,,,0.0,,,0.0,0.0,,0.0,,0.0,0.0,,0.0,,0.0,0.0,0.0,,0.018671313300728798,0.0,0.0,0.013625061139464378,0.0,0.0,0.0,0.0,0.0,0.0,0.0031591560691595078,,,0.0,0.013349867425858974,0.0,,,,0.0,,0.0,0.0,,,,0.0,,,0.0,,,,,0.0,,0.0,0.00016420564497821033,0.0,0.0,0.0,0.0,0.0,,,0.0,,,0.0,0.0,,,0.0,,0.0,0.0,0.0,,0.0,,,,,,0.0,,0.0,0.0,0.0,,,,,0.0,,,,,0.0005176853737793863,,,,,,0.0,,,0.05937034264206886,,0.0,,,0.0,,0.0,,0.0,,,,0.01705697551369667,,,0.0,,,0.0,0.0,,0.022538475692272186,0.0,,0.0,,,0.0,0.0,0.0,,,,0.0,0.0,0.0,,,,,,0.0,0.0,,,,0.0,0.0,,0.0,,,0.0,0.0,,,0.0,0.03460295498371124,,0.0,,,0.0,0.0,,0.019816339015960693,0.0,0.0,0.0,,0.0,0.0,0.0,0.0,0.0,,,0.0,,0.0,0.0,0.0,0.0,,,,0.0,,,0.0,,0.0,,0.0,0.0,0.0,0.0,0.0,0.0,,0.0,0.0,,0.0,0.0,,0.06478113681077957,,,0.0,0.0,0.0,0.0,,0.0,0.0,0.0,0.0,0.0,0.0,0.01921050250530243,0.0,,0.0,,0.0,0.0,0.0,0.0,0.0,,0.0,,0.0,,0.0,,0.0,0.0,0.0,,0.0,,0.0,,0.0,0.0,0.0,0.01096775196492672,0.0,,0.0,0.0014701014151796699,0.0,,0.005125739146023989,,0.0,0.007840300910174847,0.0,0.0,0.0,0.0,0.0,0.0,0.0044894288294017315,,0.00530617218464613,0.0,0.0,,,0.0,0.0,,0.0,0.0,0.0,0.0,0.0,0.0,0.0,0.0,0.0,0.0,0.015360762365162373,,0.026050660759210587,0.0,0.007896216586232185,0.0,0.015410416759550571,0.0,0.0,0.0,0.0,0.0,0.0,0.0,0.0,0.0,0.0,0.0,0.0,0.0,0.0,0.0,0.0,0.0,0.0,0.0,0.0,0.0,0.0,0.0,0.0,0.0,0.0,0.0,0.0,0.0,0.0,0.03154827654361725,0.0021745359990745783,0.0,0.0,0.0,0.0,0.014290479011833668,0.0,0.0,0.0,0.0,0.0,0.0,0.0,0.0010335164843127131,0.0,0.0,0.0,0.0,0.0,0.0,0.0,0.0,0.0,0.0,0.0,0.0,0.0,0.0,0.006967326160520315,0.0,0.0,0.0,0.019095228984951973,0.0,0.0,0.0,0.0,0.0,0.006337939761579037,0.0,0.0,0.0,0.0,0.0,0.0,0.026182465255260468,0.0,0.0,0.0029705921187996864,0.0,0.02347339689731598,0.0,0.0,0.008121228776872158,0.0,0.0,0.0,0.0,0.0,0.0,0.0,0.0,0.0,0.0,0.0,0.0,0.0,0.0,0.0,0.0,0.0,0.0,0.0,0.0,0.0,0.0,0.0,0.03261739760637283,0.005954995285719633,0.0,0.013853570446372032,0.0,0.0,0.0,0.0,0.0,0.0,0.0,0.0,0.0,0.0,0.013720358721911907,0.0,0.0,0.0,0.0,0.0
2022-06-22,745376.3965435323,314.9496786868717,,,,,,,,,,,76494.84123570709,,1039061.7711000025,,,,,,,,,,,10363.579870563475,,,,,,,,,,,,,,,,,,,,,,,,,,,43529.919694334945,,,,,,,,,,,,,,,,,,,,,,,13824.026944333178,,,,,,,,,,,,,,,,,,,,,,,,,,,,,,,,,,,,,,8891.404817803876,,9531.008548757449,,,,88588.44281879746,37042.95543831678,39428.25025335105,17164.41449032292,0.0,0.0,,0.0,0.0,0.032165829092264175,0.0,0.0,,0.0,,0.0,0.0,0.0,,,,,,0.0,,,0.0,,0.0,,,0.0,0.0,0.0,,0.0,0.0,,0.0,,,,0.0,0.0181044302880764,0.0,,0.0,0.0,0.007552177645266056,,0.0,,,,,0.0,,0.0,0.0,,0.0,0.0,0.0,0.0,,,0.007423738017678261,0.0,,0.0025245544966310263,0.0,0.0,,0.0,,0.0,,,0.05404789373278618,,,0.0,,,0.0,,,0.0,,0.0,0.0,,0.0,0.0,,,0.019436147063970566,,0.0,0.0,,0.0,0.0,,,0.0,0.006602924317121506,,,,,0.0035431180149316788,,0.0,,0.0,0.0,,0.0,0.0,,0.0,,0.0,,,0.022485647350549698,0.0,0.0,0.0,0.0,,,,,0.0,0.001548555213958025,,,0.0,,,,,0.0006256847991608083,0.0,0.0,,0.0,0.0,0.0,0.0,0.0,0.0,0.002386548789218068,,0.0,0.0,0.0,,,,0.0,0.0,,0.0,0.0,0.0,0.0,0.0,0.0,,0.0,0.0,0.0,,,,,0.0,,0.0,0.0,0.0,,,0.0,,0.0,,0.0,0.0,0.0,0.0,,,,0.019023610278964043,,0.0,0.0,0.0,,,,0.0,0.0,0.0,0.0,0.0,0.0,,0.0020381095819175243,,0.0,,0.0,0.0,,0.0,0.027345111593604088,0.0,,,0.0,,,0.0,,0.0,,0.0,,0.010624958202242851,,,0.0,,,,0.0,0.009068354964256287,,0.0,0.0,,,,,0.0,0.0,0.0,,0.0,0.0,0.0,0.0,,0.0,,0.0,,,0.0,0.0,0.0,0.0,0.0,0.0,,,0.0012944337213411927,,0.0,0.0,0.0,,0.0884244292974472,,,0.00612172344699502,,0.0,0.0,,0.0,,,0.0,,,0.0,0.0,0.0,,,0.0,0.0,0.000760922092013061,,0.0,0.0,0.0,,0.0,,0.0,0.0,0.0,,,0.0,0.02076622098684311,,,0.0,,,0.0,0.0,0.0,,0.0,0.0,0.0,0.026078566908836365,,0.0,0.0,,0.0,0.0,0.0,0.003636399982497096,0.0,0.0,0.010717890225350857,0.0,0.0,0.0,0.000529099372215569,0.0,0.0,,0.0,,,0.0,,,0.0,0.0,,0.0,,0.0,0.0,,0.0,,0.0,0.0,0.0,,0.018671313300728798,0.0,0.0,0.013625061139464378,0.0,0.0,0.0,0.0,0.0,0.0,0.0031591560691595078,,,0.0,0.013349867425858974,0.0,,,,0.0,,0.0,0.0,,,,0.0,,,0.0,,,,,0.0,,0.0,0.00016420564497821033,0.0,0.0,0.0,0.0,0.0,,,0.0,,,0.0,0.0,,,0.0,,0.0,0.0,0.0,,0.0,,,,,,0.0,,0.0,0.0,0.0,,,,,0.0,,,,,0.0005176853737793863,,,,,,0.0,,,0.05937034264206886,,0.0,,,0.0,,0.0,,0.0,,,,0.01705697551369667,,,0.0,,,0.0,0.0,,0.022538475692272186,0.0,,0.0,,,0.0,0.0,0.0,,,,0.0,0.0,0.0,,,,,,0.0,0.0,,,,0.0,0.0,,0.0,,,0.0,0.0,,,0.0,0.03460295498371124,,0.0,,,0.0,0.0,,0.019816339015960693,0.0,0.0,0.0,,0.0,0.0,0.0,0.0,0.0,,,0.0,,0.0,0.0,0.0,0.0,,,,0.0,,,0.0,,0.0,,0.0,0.0,0.0,0.0,0.0,0.0,,0.0,0.0,,0.0,0.0,,0.06478113681077957,,,0.0,0.0,0.0,0.0,,0.0,0.0,0.0,0.0,0.0,0.0,0.01921050250530243,0.0,,0.0,,0.0,0.0,0.0,0.0,0.0,,0.0,,0.0,,0.0,,0.0,0.0,0.0,,0.0,,0.0,,0.0,0.0,0.0,0.01096775196492672,0.0,,0.0,0.0014701014151796699,0.0,,0.005125739146023989,,0.0,0.007840300910174847,0.0,0.0,0.0,0.0,0.0,0.0,0.0044894288294017315,,0.00530617218464613,0.0,0.0,,,0.0,0.0,,0.0,0.0,0.0,0.0,0.0,0.0,0.0,0.0,0.0,0.0,0.015360762365162373,,0.026050660759210587,0.0,0.007896216586232185,0.0,0.015410416759550571,0.0,0.0,0.0,0.0,0.0,0.0,0.0,0.0,0.0,0.0,0.0,0.0,0.0,0.0,0.0,0.0,0.0,0.0,0.0,0.0,0.0,0.0,0.0,0.0,0.0,0.0,0.0,0.0,0.0,0.0,0.03154827654361725,0.0021745359990745783,0.0,0.0,0.0,0.0,0.014290479011833668,0.0,0.0,0.0,0.0,0.0,0.0,0.0,0.0010335164843127131,0.0,0.0,0.0,0.0,0.0,0.0,0.0,0.0,0.0,0.0,0.0,0.0,0.0,0.0,0.006967326160520315,0.0,0.0,0.0,0.019095228984951973,0.0,0.0,0.0,0.0,0.0,0.006337939761579037,0.0,0.0,0.0,0.0,0.0,0.0,0.026182465255260468,0.0,0.0,0.0029705921187996864,0.0,0.02347339689731598,0.0,0.0,0.008121228776872158,0.0,0.0,0.0,0.0,0.0,0.0,0.0,0.0,0.0,0.0,0.0,0.0,0.0,0.0,0.0,0.0,0.0,0.0,0.0,0.0,0.0,0.0,0.0,0.03261739760637283,0.005954995285719633,0.0,0.013853570446372032,0.0,0.0,0.0,0.0,0.0,0.0,0.0,0.0,0.0,0.0,0.013720358721911907,0.0,0.0,0.0,0.0,0.0
2022-06-23,760235.2496453003,346.22669952662363,,,,,,,,,,,76494.84123570709,,1039061.7711000025,,,,,,,,,,,10363.579870563475,,,,,,,,,,,,,,,,,,,,,,,,,,,43529.919694334945,,,,,,,,,,,,,,,,,,,,,,,13824.026944333178,,,,,,,,,,,,,,,,,,,,,,,,,,,,,,,,,,,,,,8891.404817803876,,9531.008548757449,,,,88588.44281879746,37042.95543831678,39411.55024769237,17164.41449032292,0.0,0.0,,0.0,0.0,0.032165829092264175,0.0,0.0,,0.0,,0.0,0.0,0.0,,,,,,0.0,,,0.0,,0.0,,,0.0,0.0,0.0,,0.0,0.0,,0.0,,,,0.0,0.0181044302880764,0.0,,0.0,0.0,0.007552177645266056,,0.0,,,,,0.0,,0.0,0.0,,0.0,0.0,0.0,0.0,,,0.007423738017678261,0.0,,0.0025245544966310263,0.0,0.0,,0.0,,0.0,,,0.05404789373278618,,,0.0,,,0.0,,,0.0,,0.0,0.0,,0.0,0.0,,,0.019436147063970566,,0.0,0.0,,0.0,0.0,,,0.0,0.006602924317121506,,,,,0.0035431180149316788,,0.0,,0.0,0.0,,0.0,0.0,,0.0,,0.0,,,0.022485647350549698,0.0,0.0,0.0,0.0,,,,,0.0,0.001548555213958025,,,0.0,,,,,0.0006256847991608083,0.0,0.0,,0.0,0.0,0.0,0.0,0.0,0.0,0.002386548789218068,,0.0,0.0,0.0,,,,0.0,0.0,,0.0,0.0,0.0,0.0,0.0,0.0,,0.0,0.0,0.0,,,,,0.0,,0.0,0.0,0.0,,,0.0,,0.0,,0.0,0.0,0.0,0.0,,,,0.019023610278964043,,0.0,0.0,0.0,,,,0.0,0.0,0.0,0.0,0.0,0.0,,0.0020381095819175243,,0.0,,0.0,0.0,,0.0,0.027345111593604088,0.0,,,0.0,,,0.0,,0.0,,0.0,,0.010624958202242851,,,0.0,,,,0.0,0.009068354964256287,,0.0,0.0,,,,,0.0,0.0,0.0,,0.0,0.0,0.0,0.0,,0.0,,0.0,,,0.0,0.0,0.0,0.0,0.0,0.0,,,0.0012944337213411927,,0.0,0.0,0.0,,0.0884244292974472,,,0.00612172344699502,,0.0,0.0,,0.0,,,0.0,,,0.0,0.0,0.0,,,0.0,0.0,0.000760922092013061,,0.0,0.0,0.0,,0.0,,0.0,0.0,0.0,,,0.0,0.02076622098684311,,,0.0,,,0.0,0.0,0.0,,0.0,0.0,0.0,0.026078566908836365,,0.0,0.0,,0.0,0.0,0.0,0.003636399982497096,0.0,0.0,0.010717890225350857,0.0,0.0,0.0,0.000529099372215569,0.0,0.0,,0.0,,,0.0,,,0.0,0.0,,0.0,,0.0,0.0,,0.0,,0.0,0.0,0.0,,0.018671313300728798,0.0,0.0,0.013625061139464378,0.0,0.0,0.0,0.0,0.0,0.0,0.0031591560691595078,,,0.0,0.013349867425858974,0.0,,,,0.0,,0.0,0.0,,,,0.0,,,0.0,,,,,0.0,,0.0,0.00016420564497821033,0.0,0.0,0.0,0.0,0.0,,,0.0,,,0.0,0.0,,,0.0,,0.0,0.0,0.0,,0.0,,,,,,0.0,,0.0,0.0,0.0,,,,,0.0,,,,,0.0005176853737793863,,,,,,0.0,,,0.05937034264206886,,0.0,,,0.0,,0.0,,0.0,,,,0.01705697551369667,,,0.0,,,0.0,0.0,,0.022538475692272186,0.0,,0.0,,,0.0,0.0,0.0,,,,0.0,0.0,0.0,,,,,,0.0,0.0,,,,0.0,0.0,,0.0,,,0.0,0.0,,,0.0,0.03460295498371124,,0.0,,,0.0,0.0,,0.019816339015960693,0.0,0.0,0.0,,0.0,0.0,0.0,0.0,0.0,,,0.0,,0.0,0.0,0.0,0.0,,,,0.0,,,0.0,,0.0,,0.0,0.0,0.0,0.0,0.0,0.0,,0.0,0.0,,0.0,0.0,,0.06478113681077957,,,0.0,0.0,0.0,0.0,,0.0,0.0,0.0,0.0,0.0,0.0,0.01921050250530243,0.0,,0.0,,0.0,0.0,0.0,0.0,0.0,,0.0,,0.0,,0.0,,0.0,0.0,0.0,,0.0,,0.0,,0.0,0.0,0.0,0.01096775196492672,0.0,,0.0,0.0014701014151796699,0.0,,0.005125739146023989,,0.0,0.007840300910174847,0.0,0.0,0.0,0.0,0.0,0.0,0.0044894288294017315,,0.00530617218464613,0.0,0.0,,,0.0,0.0,,0.0,0.0,0.0,0.0,0.0,0.0,0.0,0.0,0.0,0.0,0.015360762365162373,,0.026050660759210587,0.0,0.007896216586232185,0.0,0.015410416759550571,0.0,0.0,0.0,0.0,0.0,0.0,0.0,0.0,0.0,0.0,0.0,0.0,0.0,0.0,0.0,0.0,0.0,0.0,0.0,0.0,0.0,0.0,0.0,0.0,0.0,0.0,0.0,0.0,0.0,0.0,0.03154827654361725,0.0021745359990745783,0.0,0.0,0.0,0.0,0.014290479011833668,0.0,0.0,0.0,0.0,0.0,0.0,0.0,0.0010335164843127131,0.0,0.0,0.0,0.0,0.0,0.0,0.0,0.0,0.0,0.0,0.0,0.0,0.0,0.0,0.006967326160520315,0.0,0.0,0.0,0.019095228984951973,0.0,0.0,0.0,0.0,0.0,0.006337939761579037,0.0,0.0,0.0,0.0,0.0,0.0,0.026182465255260468,0.0,0.0,0.0029705921187996864,0.0,0.02347339689731598,0.0,0.0,0.008121228776872158,0.0,0.0,0.0,0.0,0.0,0.0,0.0,0.0,0.0,0.0,0.0,0.0,0.0,0.0,0.0,0.0,0.0,0.0,0.0,0.0,0.0,0.0,0.0,0.03261739760637283,0.005954995285719633,0.0,0.013853570446372032,0.0,0.0,0.0,0.0,0.0,0.0,0.0,0.0,0.0,0.0,0.013720358721911907,0.0,0.0,0.0,0.0,0.0
2022-06-24,758683.3985843075,346.22669952662363,,,,,,,,,,,76494.84123570709,,1039061.7711000025,,,,,,,,,,,10363.579870563475,,,,,,,,,,,,,,,,,,,,,,,,,,,43529.919694334945,,,,,,,,,,,,,,,,,,,,,,,13824.026944333178,,,,,,,,,,,,,,,,,,,,,,,,,,,,,,,,,,,,,,8891.404817803876,,9531.008548757449,,,,88588.44281879746,37042.95543831678,39411.55024769237,17164.41449032292,0.0,0.0,,0.0,0.0,0.032165829092264175,0.0,0.0,,0.0,,0.0,0.0,0.0,,,,,,0.0,,,0.0,,0.0,,,0.0,0.0,0.0,,0.0,0.0,,0.0,,,,0.0,0.0181044302880764,0.0,,0.0,0.0,0.007552177645266056,,0.0,,,,,0.0,,0.0,0.0,,0.0,0.0,0.0,0.0,,,0.007423738017678261,0.0,,0.0025245544966310263,0.0,0.0,,0.0,,0.0,,,0.05404789373278618,,,0.0,,,0.0,,,0.0,,0.0,0.0,,0.0,0.0,,,0.019436147063970566,,0.0,0.0,,0.0,0.0,,,0.0,0.006602924317121506,,,,,0.0035431180149316788,,0.0,,0.0,0.0,,0.0,0.0,,0.0,,0.0,,,0.022485647350549698,0.0,0.0,0.0,0.0,,,,,0.0,0.001548555213958025,,,0.0,,,,,0.0006256847991608083,0.0,0.0,,0.0,0.0,0.0,0.0,0.0,0.0,0.002386548789218068,,0.0,0.0,0.0,,,,0.0,0.0,,0.0,0.0,0.0,0.0,0.0,0.0,,0.0,0.0,0.0,,,,,0.0,,0.0,0.0,0.0,,,0.0,,0.0,,0.0,0.0,0.0,0.0,,,,0.019023610278964043,,0.0,0.0,0.0,,,,0.0,0.0,0.0,0.0,0.0,0.0,,0.0020381095819175243,,0.0,,0.0,0.0,,0.0,0.027345111593604088,0.0,,,0.0,,,0.0,,0.0,,0.0,,0.010624958202242851,,,0.0,,,,0.0,0.009068354964256287,,0.0,0.0,,,,,0.0,0.0,0.0,,0.0,0.0,0.0,0.0,,0.0,,0.0,,,0.0,0.0,0.0,0.0,0.0,0.0,,,0.0012944337213411927,,0.0,0.0,0.0,,0.0884244292974472,,,0.00612172344699502,,0.0,0.0,,0.0,,,0.0,,,0.0,0.0,0.0,,,0.0,0.0,0.000760922092013061,,0.0,0.0,0.0,,0.0,,0.0,0.0,0.0,,,0.0,0.02076622098684311,,,0.0,,,0.0,0.0,0.0,,0.0,0.0,0.0,0.026078566908836365,,0.0,0.0,,0.0,0.0,0.0,0.003636399982497096,0.0,0.0,0.010717890225350857,0.0,0.0,0.0,0.000529099372215569,0.0,0.0,,0.0,,,0.0,,,0.0,0.0,,0.0,,0.0,0.0,,0.0,,0.0,0.0,0.0,,0.018671313300728798,0.0,0.0,0.013625061139464378,0.0,0.0,0.0,0.0,0.0,0.0,0.0031591560691595078,,,0.0,0.013349867425858974,0.0,,,,0.0,,0.0,0.0,,,,0.0,,,0.0,,,,,0.0,,0.0,0.00016420564497821033,0.0,0.0,0.0,0.0,0.0,,,0.0,,,0.0,0.0,,,0.0,,0.0,0.0,0.0,,0.0,,,,,,0.0,,0.0,0.0,0.0,,,,,0.0,,,,,0.0005176853737793863,,,,,,0.0,,,0.05937034264206886,,0.0,,,0.0,,0.0,,0.0,,,,0.01705697551369667,,,0.0,,,0.0,0.0,,0.022538475692272186,0.0,,0.0,,,0.0,0.0,0.0,,,,0.0,0.0,0.0,,,,,,0.0,0.0,,,,0.0,0.0,,0.0,,,0.0,0.0,,,0.0,0.03460295498371124,,0.0,,,0.0,0.0,,0.019816339015960693,0.0,0.0,0.0,,0.0,0.0,0.0,0.0,0.0,,,0.0,,0.0,0.0,0.0,0.0,,,,0.0,,,0.0,,0.0,,0.0,0.0,0.0,0.0,0.0,0.0,,0.0,0.0,,0.0,0.0,,0.06478113681077957,,,0.0,0.0,0.0,0.0,,0.0,0.0,0.0,0.0,0.0,0.0,0.01921050250530243,0.0,,0.0,,0.0,0.0,0.0,0.0,0.0,,0.0,,0.0,,0.0,,0.0,0.0,0.0,,0.0,,0.0,,0.0,0.0,0.0,0.01096775196492672,0.0,,0.0,0.0014701014151796699,0.0,,0.005125739146023989,,0.0,0.007840300910174847,0.0,0.0,0.0,0.0,0.0,0.0,0.0044894288294017315,,0.00530617218464613,0.0,0.0,,,0.0,0.0,,0.0,0.0,0.0,0.0,0.0,0.0,0.0,0.0,0.0,0.0,0.015360762365162373,,0.026050660759210587,0.0,0.007896216586232185,0.0,0.015410416759550571,0.0,0.0,0.0,0.0,0.0,0.0,0.0,0.0,0.0,0.0,0.0,0.0,0.0,0.0,0.0,0.0,0.0,0.0,0.0,0.0,0.0,0.0,0.0,0.0,0.0,0.0,0.0,0.0,0.0,0.0,0.03154827654361725,0.0021745359990745783,0.0,0.0,0.0,0.0,0.014290479011833668,0.0,0.0,0.0,0.0,0.0,0.0,0.0,0.0010335164843127131,0.0,0.0,0.0,0.0,0.0,0.0,0.0,0.0,0.0,0.0,0.0,0.0,0.0,0.0,0.006967326160520315,0.0,0.0,0.0,0.019095228984951973,0.0,0.0,0.0,0.0,0.0,0.006337939761579037,0.0,0.0,0.0,0.0,0.0,0.0,0.026182465255260468,0.0,0.0,0.0029705921187996864,0.0,0.02347339689731598,0.0,0.0,0.008121228776872158,0.0,0.0,0.0,0.0,0.0,0.0,0.0,0.0,0.0,0.0,0.0,0.0,0.0,0.0,0.0,0.0,0.0,0.0,0.0,0.0,0.0,0.0,0.0,0.03261739760637283,0.005954995285719633,0.0,0.013853570446372032,0.0,0.0,0.0,0.0,0.0,0.0,0.0,0.0,0.0,0.0,0.013720358721911907,0.0,0.0,0.0,0.0,0.0
2022-06-27,786268.7238321397,221.45689803751384,,,,,,,,,,,76494.84123570709,,1039061.7711000025,,,,,,,,,,,10363.579870563475,,,,,,,,,,,,,,,,,,,,,,,,,,,43257.633356335835,,,,,,,,,,,,,,,,,,,,,,,13824.026944333178,,,,,,,,,,,,,,,,,,,,,,,,,,,,,,,,,,,,,,8891.05441758025,,9531.008548757449,,,,88588.44281879746,37042.95543831678,39411.55024769237,17303.971455691328,0.0,0.0,,0.0,0.0,0.032165829092264175,0.0,0.0,,0.0,,0.0,0.0,0.0,,,,,,0.0,,,0.0,,0.0,,,0.0,0.0,0.0,,0.0,0.0,,0.0,,,,0.0,0.0181044302880764,0.0,,0.0,0.0,0.007552177645266056,,0.0,,,,,0.0,,0.0,0.0,,0.0,0.0,0.0,0.0,,,0.007423738017678261,0.0,,0.0025245544966310263,0.0,0.0,,0.0,,0.0,,,0.05404789373278618,,,0.0,,,0.0,,,0.0,,0.0,0.0,,0.0,0.0,,,0.019436147063970566,,0.0,0.0,,0.0,0.0,,,0.0,0.006602924317121506,,,,,0.0035431180149316788,,0.0,,0.0,0.0,,0.0,0.0,,0.0,,0.0,,,0.022485647350549698,0.0,0.0,0.0,0.0,,,,,0.0,0.001548555213958025,,,0.0,,,,,0.0006256847991608083,0.0,0.0,,0.0,0.0,0.0,0.0,0.0,0.0,0.002386548789218068,,0.0,0.0,0.0,,,,0.0,0.0,,0.0,0.0,0.0,0.0,0.0,0.0,,0.0,0.0,0.0,,,,,0.0,,0.0,0.0,0.0,,,0.0,,0.0,,0.0,0.0,0.0,0.0,,,,0.019023610278964043,,0.0,0.0,0.0,,,,0.0,0.0,0.0,0.0,0.0,0.0,,0.0020381095819175243,,0.0,,0.0,0.0,,0.0,0.027345111593604088,0.0,,,0.0,,,0.0,,0.0,,0.0,,0.010624958202242851,,,0.0,,,,0.0,0.009068354964256287,,0.0,0.0,,,,,0.0,0.0,0.0,,0.0,0.0,0.0,0.0,,0.0,,0.0,,,0.0,0.0,0.0,0.0,0.0,0.0,,,0.0012944337213411927,,0.0,0.0,0.0,,0.0884244292974472,,,0.00612172344699502,,0.0,0.0,,0.0,,,0.0,,,0.0,0.0,0.0,,,0.0,0.0,0.000760922092013061,,0.0,0.0,0.0,,0.0,,0.0,0.0,0.0,,,0.0,0.02076622098684311,,,0.0,,,0.0,0.0,0.0,,0.0,0.0,0.0,0.026078566908836365,,0.0,0.0,,0.0,0.0,0.0,0.003636399982497096,0.0,0.0,0.010717890225350857,0.0,0.0,0.0,0.000529099372215569,0.0,0.0,,0.0,,,0.0,,,0.0,0.0,,0.0,,0.0,0.0,,0.0,,0.0,0.0,0.0,,0.018671313300728798,0.0,0.0,0.013625061139464378,0.0,0.0,0.0,0.0,0.0,0.0,0.0031591560691595078,,,0.0,0.013349867425858974,0.0,,,,0.0,,0.0,0.0,,,,0.0,,,0.0,,,,,0.0,,0.0,0.00016420564497821033,0.0,0.0,0.0,0.0,0.0,,,0.0,,,0.0,0.0,,,0.0,,0.0,0.0,0.0,,0.0,,,,,,0.0,,0.0,0.0,0.0,,,,,0.0,,,,,0.0005176853737793863,,,,,,0.0,,,0.05937034264206886,,0.0,,,0.0,,0.0,,0.0,,,,0.01705697551369667,,,0.0,,,0.0,0.0,,0.022538475692272186,0.0,,0.0,,,0.0,0.0,0.0,,,,0.0,0.0,0.0,,,,,,0.0,0.0,,,,0.0,0.0,,0.0,,,0.0,0.0,,,0.0,0.03460295498371124,,0.0,,,0.0,0.0,,0.019816339015960693,0.0,0.0,0.0,,0.0,0.0,0.0,0.0,0.0,,,0.0,,0.0,0.0,0.0,0.0,,,,0.0,,,0.0,,0.0,,0.0,0.0,0.0,0.0,0.0,0.0,,0.0,0.0,,0.0,0.0,,0.06478113681077957,,,0.0,0.0,0.0,0.0,,0.0,0.0,0.0,0.0,0.0,0.0,0.01921050250530243,0.0,,0.0,,0.0,0.0,0.0,0.0,0.0,,0.0,,0.0,,0.0,,0.0,0.0,0.0,,0.0,,0.0,,0.0,0.0,0.0,0.01096775196492672,0.0,,0.0,0.0014701014151796699,0.0,,0.005125739146023989,,0.0,0.007840300910174847,0.0,0.0,0.0,0.0,0.0,0.0,0.0044894288294017315,,0.00530617218464613,0.0,0.0,,,0.0,0.0,,0.0,0.0,0.0,0.0,0.0,0.0,0.0,0.0,0.0,0.0,0.015360762365162373,,0.026050660759210587,0.0,0.007896216586232185,0.0,0.015410416759550571,0.0,0.0,0.0,0.0,0.0,0.0,0.0,0.0,0.0,0.0,0.0,0.0,0.0,0.0,0.0,0.0,0.0,0.0,0.0,0.0,0.0,0.0,0.0,0.0,0.0,0.0,0.0,0.0,0.0,0.0,0.03154827654361725,0.0021745359990745783,0.0,0.0,0.0,0.0,0.014290479011833668,0.0,0.0,0.0,0.0,0.0,0.0,0.0,0.0010335164843127131,0.0,0.0,0.0,0.0,0.0,0.0,0.0,0.0,0.0,0.0,0.0,0.0,0.0,0.0,0.006967326160520315,0.0,0.0,0.0,0.019095228984951973,0.0,0.0,0.0,0.0,0.0,0.006337939761579037,0.0,0.0,0.0,0.0,0.0,0.0,0.026182465255260468,0.0,0.0,0.0029705921187996864,0.0,0.02347339689731598,0.0,0.0,0.008121228776872158,0.0,0.0,0.0,0.0,0.0,0.0,0.0,0.0,0.0,0.0,0.0,0.0,0.0,0.0,0.0,0.0,0.0,0.0,0.0,0.0,0.0,0.0,0.0,0.03261739760637283,0.005954995285719633,0.0,0.013853570446372032,0.0,0.0,0.0,0.0,0.0,0.0,0.0,0.0,0.0,0.0,0.013720358721911907,0.0,0.0,0.0,0.0,0.0
2022-06-28,801005.7240150777,12.059379135928793,,,,,,,,,,,76494.84123570709,,1039061.7711000025,,,,,,,,,,,10659.67467968785,,,,,,,,,,,,,,,,,,,,,,,,,,,41626.886517610284,,,,,,,,,,,,,,,,,,,,,,,13824.026944333178,,,,,,,,,,,,,,,,,,,,,,,,,,,,,,,,,,,,,,8729.460284491652,,9877.607826004894,,,,88588.44281879746,37042.95543831678,39411.55024769237,17303.971455691328,0.0,0.0,,0.0,0.0,0.032165829092264175,0.0,0.0,,0.0,,0.0,0.0,0.0,,,,,,0.0,,,0.0,,0.0,,,0.0,0.0,0.0,,0.0,0.0,,0.0,,,,0.0,0.0181044302880764,0.0,,0.0,0.0,0.007552177645266056,,0.0,,,,,0.0,,0.0,0.0,,0.0,0.0,0.0,0.0,,,0.007423738017678261,0.0,,0.0025245544966310263,0.0,0.0,,0.0,,0.0,,,0.05404789373278618,,,0.0,,,0.0,,,0.0,,0.0,0.0,,0.0,0.0,,,0.019436147063970566,,0.0,0.0,,0.0,0.0,,,0.0,0.006602924317121506,,,,,0.0035431180149316788,,0.0,,0.0,0.0,,0.0,0.0,,0.0,,0.0,,,0.022485647350549698,0.0,0.0,0.0,0.0,,,,,0.0,0.001548555213958025,,,0.0,,,,,0.0006256847991608083,0.0,0.0,,0.0,0.0,0.0,0.0,0.0,0.0,0.002386548789218068,,0.0,0.0,0.0,,,,0.0,0.0,,0.0,0.0,0.0,0.0,0.0,0.0,,0.0,0.0,0.0,,,,,0.0,,0.0,0.0,0.0,,,0.0,,0.0,,0.0,0.0,0.0,0.0,,,,0.019023610278964043,,0.0,0.0,0.0,,,,0.0,0.0,0.0,0.0,0.0,0.0,,0.0020381095819175243,,0.0,,0.0,0.0,,0.0,0.027345111593604088,0.0,,,0.0,,,0.0,,0.0,,0.0,,0.010624958202242851,,,0.0,,,,0.0,0.009068354964256287,,0.0,0.0,,,,,0.0,0.0,0.0,,0.0,0.0,0.0,0.0,,0.0,,0.0,,,0.0,0.0,0.0,0.0,0.0,0.0,,,0.0012944337213411927,,0.0,0.0,0.0,,0.0884244292974472,,,0.00612172344699502,,0.0,0.0,,0.0,,,0.0,,,0.0,0.0,0.0,,,0.0,0.0,0.000760922092013061,,0.0,0.0,0.0,,0.0,,0.0,0.0,0.0,,,0.0,0.02076622098684311,,,0.0,,,0.0,0.0,0.0,,0.0,0.0,0.0,0.026078566908836365,,0.0,0.0,,0.0,0.0,0.0,0.003636399982497096,0.0,0.0,0.010717890225350857,0.0,0.0,0.0,0.000529099372215569,0.0,0.0,,0.0,,,0.0,,,0.0,0.0,,0.0,,0.0,0.0,,0.0,,0.0,0.0,0.0,,0.018671313300728798,0.0,0.0,0.013625061139464378,0.0,0.0,0.0,0.0,0.0,0.0,0.0031591560691595078,,,0.0,0.013349867425858974,0.0,,,,0.0,,0.0,0.0,,,,0.0,,,0.0,,,,,0.0,,0.0,0.00016420564497821033,0.0,0.0,0.0,0.0,0.0,,,0.0,,,0.0,0.0,,,0.0,,0.0,0.0,0.0,,0.0,,,,,,0.0,,0.0,0.0,0.0,,,,,0.0,,,,,0.0005176853737793863,,,,,,0.0,,,0.05937034264206886,,0.0,,,0.0,,0.0,,0.0,,,,0.01705697551369667,,,0.0,,,0.0,0.0,,0.022538475692272186,0.0,,0.0,,,0.0,0.0,0.0,,,,0.0,0.0,0.0,,,,,,0.0,0.0,,,,0.0,0.0,,0.0,,,0.0,0.0,,,0.0,0.03460295498371124,,0.0,,,0.0,0.0,,0.019816339015960693,0.0,0.0,0.0,,0.0,0.0,0.0,0.0,0.0,,,0.0,,0.0,0.0,0.0,0.0,,,,0.0,,,0.0,,0.0,,0.0,0.0,0.0,0.0,0.0,0.0,,0.0,0.0,,0.0,0.0,,0.06478113681077957,,,0.0,0.0,0.0,0.0,,0.0,0.0,0.0,0.0,0.0,0.0,0.01921050250530243,0.0,,0.0,,0.0,0.0,0.0,0.0,0.0,,0.0,,0.0,,0.0,,0.0,0.0,0.0,,0.0,,0.0,,0.0,0.0,0.0,0.01096775196492672,0.0,,0.0,0.0014701014151796699,0.0,,0.005125739146023989,,0.0,0.007840300910174847,0.0,0.0,0.0,0.0,0.0,0.0,0.0044894288294017315,,0.00530617218464613,0.0,0.0,,,0.0,0.0,,0.0,0.0,0.0,0.0,0.0,0.0,0.0,0.0,0.0,0.0,0.015360762365162373,,0.026050660759210587,0.0,0.007896216586232185,0.0,0.015410416759550571,0.0,0.0,0.0,0.0,0.0,0.0,0.0,0.0,0.0,0.0,0.0,0.0,0.0,0.0,0.0,0.0,0.0,0.0,0.0,0.0,0.0,0.0,0.0,0.0,0.0,0.0,0.0,0.0,0.0,0.0,0.03154827654361725,0.0021745359990745783,0.0,0.0,0.0,0.0,0.014290479011833668,0.0,0.0,0.0,0.0,0.0,0.0,0.0,0.0010335164843127131,0.0,0.0,0.0,0.0,0.0,0.0,0.0,0.0,0.0,0.0,0.0,0.0,0.0,0.0,0.006967326160520315,0.0,0.0,0.0,0.019095228984951973,0.0,0.0,0.0,0.0,0.0,0.006337939761579037,0.0,0.0,0.0,0.0,0.0,0.0,0.026182465255260468,0.0,0.0,0.0029705921187996864,0.0,0.02347339689731598,0.0,0.0,0.008121228776872158,0.0,0.0,0.0,0.0,0.0,0.0,0.0,0.0,0.0,0.0,0.0,0.0,0.0,0.0,0.0,0.0,0.0,0.0,0.0,0.0,0.0,0.0,0.0,0.03261739760637283,0.005954995285719633,0.0,0.013853570446372032,0.0,0.0,0.0,0.0,0.0,0.0,0.0,0.0,0.0,0.0,0.013720358721911907,0.0,0.0,0.0,0.0,0.0
2022-06-29,792079.9423328117,427.3996091348372,,,,,,,,,,,76494.84123570709,,1039061.7711000025,,,,,,,,,,,10659.67467968785,,,,,,,,,,,,,,,,,,,,,,,,,,,41080.385902979404,,,,,,,,,,,,,,,,,,,,,,,13824.026944333178,,,,,,,,,,,,,,,,,,,,,,,,,,,,,,,,,,,,,,8244.773878140024,,10224.18970267855,,,,88588.44281879746,38257.60397478169,38896.1370772163,17583.08826541246,0.0,0.0,,0.0,0.0,0.032165829092264175,0.0,0.0,,0.0,,0.0,0.0,0.0,,,,,,0.0,,,0.0,,0.0,,,0.0,0.0,0.0,,0.0,0.0,,0.0,,,,0.0,0.0181044302880764,0.0,,0.0,0.0,0.007552177645266056,,0.0,,,,,0.0,,0.0,0.0,,0.0,0.0,0.0,0.0,,,0.007423738017678261,0.0,,0.0025245544966310263,0.0,0.0,,0.0,,0.0,,,0.05404789373278618,,,0.0,,,0.0,,,0.0,,0.0,0.0,,0.0,0.0,,,0.019436147063970566,,0.0,0.0,,0.0,0.0,,,0.0,0.006602924317121506,,,,,0.0035431180149316788,,0.0,,0.0,0.0,,0.0,0.0,,0.0,,0.0,,,0.022485647350549698,0.0,0.0,0.0,0.0,,,,,0.0,0.001548555213958025,,,0.0,,,,,0.0006256847991608083,0.0,0.0,,0.0,0.0,0.0,0.0,0.0,0.0,0.002386548789218068,,0.0,0.0,0.0,,,,0.0,0.0,,0.0,0.0,0.0,0.0,0.0,0.0,,0.0,0.0,0.0,,,,,0.0,,0.0,0.0,0.0,,,0.0,,0.0,,0.0,0.0,0.0,0.0,,,,0.019023610278964043,,0.0,0.0,0.0,,,,0.0,0.0,0.0,0.0,0.0,0.0,,0.0020381095819175243,,0.0,,0.0,0.0,,0.0,0.027345111593604088,0.0,,,0.0,,,0.0,,0.0,,0.0,,0.010624958202242851,,,0.0,,,,0.0,0.009068354964256287,,0.0,0.0,,,,,0.0,0.0,0.0,,0.0,0.0,0.0,0.0,,0.0,,0.0,,,0.0,0.0,0.0,0.0,0.0,0.0,,,0.0012944337213411927,,0.0,0.0,0.0,,0.0884244292974472,,,0.00612172344699502,,0.0,0.0,,0.0,,,0.0,,,0.0,0.0,0.0,,,0.0,0.0,0.000760922092013061,,0.0,0.0,0.0,,0.0,,0.0,0.0,0.0,,,0.0,0.02076622098684311,,,0.0,,,0.0,0.0,0.0,,0.0,0.0,0.0,0.026078566908836365,,0.0,0.0,,0.0,0.0,0.0,0.003636399982497096,0.0,0.0,0.010717890225350857,0.0,0.0,0.0,0.000529099372215569,0.0,0.0,,0.0,,,0.0,,,0.0,0.0,,0.0,,0.0,0.0,,0.0,,0.0,0.0,0.0,,0.018671313300728798,0.0,0.0,0.013625061139464378,0.0,0.0,0.0,0.0,0.0,0.0,0.0031591560691595078,,,0.0,0.013349867425858974,0.0,,,,0.0,,0.0,0.0,,,,0.0,,,0.0,,,,,0.0,,0.0,0.00016420564497821033,0.0,0.0,0.0,0.0,0.0,,,0.0,,,0.0,0.0,,,0.0,,0.0,0.0,0.0,,0.0,,,,,,0.0,,0.0,0.0,0.0,,,,,0.0,,,,,0.0005176853737793863,,,,,,0.0,,,0.05937034264206886,,0.0,,,0.0,,0.0,,0.0,,,,0.01705697551369667,,,0.0,,,0.0,0.0,,0.022538475692272186,0.0,,0.0,,,0.0,0.0,0.0,,,,0.0,0.0,0.0,,,,,,0.0,0.0,,,,0.0,0.0,,0.0,,,0.0,0.0,,,0.0,0.03460295498371124,,0.0,,,0.0,0.0,,0.019816339015960693,0.0,0.0,0.0,,0.0,0.0,0.0,0.0,0.0,,,0.0,,0.0,0.0,0.0,0.0,,,,0.0,,,0.0,,0.0,,0.0,0.0,0.0,0.0,0.0,0.0,,0.0,0.0,,0.0,0.0,,0.06478113681077957,,,0.0,0.0,0.0,0.0,,0.0,0.0,0.0,0.0,0.0,0.0,0.01921050250530243,0.0,,0.0,,0.0,0.0,0.0,0.0,0.0,,0.0,,0.0,,0.0,,0.0,0.0,0.0,,0.0,,0.0,,0.0,0.0,0.0,0.01096775196492672,0.0,,0.0,0.0014701014151796699,0.0,,0.005125739146023989,,0.0,0.007840300910174847,0.0,0.0,0.0,0.0,0.0,0.0,0.0044894288294017315,,0.00530617218464613,0.0,0.0,,,0.0,0.0,,0.0,0.0,0.0,0.0,0.0,0.0,0.0,0.0,0.0,0.0,0.015360762365162373,,0.026050660759210587,0.0,0.007896216586232185,0.0,0.015410416759550571,0.0,0.0,0.0,0.0,0.0,0.0,0.0,0.0,0.0,0.0,0.0,0.0,0.0,0.0,0.0,0.0,0.0,0.0,0.0,0.0,0.0,0.0,0.0,0.0,0.0,0.0,0.0,0.0,0.0,0.0,0.03154827654361725,0.0021745359990745783,0.0,0.0,0.0,0.0,0.014290479011833668,0.0,0.0,0.0,0.0,0.0,0.0,0.0,0.0010335164843127131,0.0,0.0,0.0,0.0,0.0,0.0,0.0,0.0,0.0,0.0,0.0,0.0,0.0,0.0,0.006967326160520315,0.0,0.0,0.0,0.019095228984951973,0.0,0.0,0.0,0.0,0.0,0.006337939761579037,0.0,0.0,0.0,0.0,0.0,0.0,0.026182465255260468,0.0,0.0,0.0029705921187996864,0.0,0.02347339689731598,0.0,0.0,0.008121228776872158,0.0,0.0,0.0,0.0,0.0,0.0,0.0,0.0,0.0,0.0,0.0,0.0,0.0,0.0,0.0,0.0,0.0,0.0,0.0,0.0,0.0,0.0,0.0,0.03261739760637283,0.005954995285719633,0.0,0.013853570446372032,0.0,0.0,0.0,0.0,0.0,0.0,0.0,0.0,0.0,0.0,0.013720358721911907,0.0,0.0,0.0,0.0,0.0
2022-06-30,798346.4285999595,201.22099366424948,,,,,,,,,,,76494.84123570709,,1039061.7711000025,,,,,,,,,,,10659.638882052353,,,,,,,,,,,,,,,,,,,,,,,,,,,41080.385902979404,,,,,,,,,,,,,,,,,,,,,,,13824.026944333178,,,,,,,,,,,,,,,,,,,,,,,,,,,,,,,,,,,,,,8082.894345207267,,10224.687128042171,,,,88588.44281879746,38864.65652330126,38896.1370772163,17722.64523078087,0.0,0.0,,0.0,0.0,0.032165829092264175,0.0,0.0,,0.0,,0.0,0.0,0.0,,,,,,0.0,,,0.0,,0.0,,,0.0,0.0,0.0,,0.0,0.0,,0.0,,,,0.0,0.0181044302880764,0.0,,0.0,0.0,0.007552177645266056,,0.0,,,,,0.0,,0.0,0.0,,0.0,0.0,0.0,0.0,,,0.007423738017678261,0.0,,0.0025245544966310263,0.0,0.0,,0.0,,0.0,,,0.05404789373278618,,,0.0,,,0.0,,,0.0,,0.0,0.0,,0.0,0.0,,,0.019436147063970566,,0.0,0.0,,0.0,0.0,,,0.0,0.006602924317121506,,,,,0.0035431180149316788,,0.0,,0.0,0.0,,0.0,0.0,,0.0,,0.0,,,0.022485647350549698,0.0,0.0,0.0,0.0,,,,,0.0,0.001548555213958025,,,0.0,,,,,0.0006256847991608083,0.0,0.0,,0.0,0.0,0.0,0.0,0.0,0.0,0.002386548789218068,,0.0,0.0,0.0,,,,0.0,0.0,,0.0,0.0,0.0,0.0,0.0,0.0,,0.0,0.0,0.0,,,,,0.0,,0.0,0.0,0.0,,,0.0,,0.0,,0.0,0.0,0.0,0.0,,,,0.019023610278964043,,0.0,0.0,0.0,,,,0.0,0.0,0.0,0.0,0.0,0.0,,0.0020381095819175243,,0.0,,0.0,0.0,,0.0,0.027345111593604088,0.0,,,0.0,,,0.0,,0.0,,0.0,,0.010624958202242851,,,0.0,,,,0.0,0.009068354964256287,,0.0,0.0,,,,,0.0,0.0,0.0,,0.0,0.0,0.0,0.0,,0.0,,0.0,,,0.0,0.0,0.0,0.0,0.0,0.0,,,0.0012944337213411927,,0.0,0.0,0.0,,0.0884244292974472,,,0.00612172344699502,,0.0,0.0,,0.0,,,0.0,,,0.0,0.0,0.0,,,0.0,0.0,0.000760922092013061,,0.0,0.0,0.0,,0.0,,0.0,0.0,0.0,,,0.0,0.02076622098684311,,,0.0,,,0.0,0.0,0.0,,0.0,0.0,0.0,0.026078566908836365,,0.0,0.0,,0.0,0.0,0.0,0.003636399982497096,0.0,0.0,0.010717890225350857,0.0,0.0,0.0,0.000529099372215569,0.0,0.0,,0.0,,,0.0,,,0.0,0.0,,0.0,,0.0,0.0,,0.0,,0.0,0.0,0.0,,0.018671313300728798,0.0,0.0,0.013625061139464378,0.0,0.0,0.0,0.0,0.0,0.0,0.0031591560691595078,,,0.0,0.013349867425858974,0.0,,,,0.0,,0.0,0.0,,,,0.0,,,0.0,,,,,0.0,,0.0,0.00016420564497821033,0.0,0.0,0.0,0.0,0.0,,,0.0,,,0.0,0.0,,,0.0,,0.0,0.0,0.0,,0.0,,,,,,0.0,,0.0,0.0,0.0,,,,,0.0,,,,,0.0005176853737793863,,,,,,0.0,,,0.05937034264206886,,0.0,,,0.0,,0.0,,0.0,,,,0.01705697551369667,,,0.0,,,0.0,0.0,,0.022538475692272186,0.0,,0.0,,,0.0,0.0,0.0,,,,0.0,0.0,0.0,,,,,,0.0,0.0,,,,0.0,0.0,,0.0,,,0.0,0.0,,,0.0,0.03460295498371124,,0.0,,,0.0,0.0,,0.019816339015960693,0.0,0.0,0.0,,0.0,0.0,0.0,0.0,0.0,,,0.0,,0.0,0.0,0.0,0.0,,,,0.0,,,0.0,,0.0,,0.0,0.0,0.0,0.0,0.0,0.0,,0.0,0.0,,0.0,0.0,,0.06478113681077957,,,0.0,0.0,0.0,0.0,,0.0,0.0,0.0,0.0,0.0,0.0,0.01921050250530243,0.0,,0.0,,0.0,0.0,0.0,0.0,0.0,,0.0,,0.0,,0.0,,0.0,0.0,0.0,,0.0,,0.0,,0.0,0.0,0.0,0.01096775196492672,0.0,,0.0,0.0014701014151796699,0.0,,0.005125739146023989,,0.0,0.007840300910174847,0.0,0.0,0.0,0.0,0.0,0.0,0.0044894288294017315,,0.00530617218464613,0.0,0.0,,,0.0,0.0,,0.0,0.0,0.0,0.0,0.0,0.0,0.0,0.0,0.0,0.0,0.015360762365162373,,0.026050660759210587,0.0,0.007896216586232185,0.0,0.015410416759550571,0.0,0.0,0.0,0.0,0.0,0.0,0.0,0.0,0.0,0.0,0.0,0.0,0.0,0.0,0.0,0.0,0.0,0.0,0.0,0.0,0.0,0.0,0.0,0.0,0.0,0.0,0.0,0.0,0.0,0.0,0.03154827654361725,0.0021745359990745783,0.0,0.0,0.0,0.0,0.014290479011833668,0.0,0.0,0.0,0.0,0.0,0.0,0.0,0.0010335164843127131,0.0,0.0,0.0,0.0,0.0,0.0,0.0,0.0,0.0,0.0,0.0,0.0,0.0,0.0,0.006967326160520315,0.0,0.0,0.0,0.019095228984951973,0.0,0.0,0.0,0.0,0.0,0.006337939761579037,0.0,0.0,0.0,0.0,0.0,0.0,0.026182465255260468,0.0,0.0,0.0029705921187996864,0.0,0.02347339689731598,0.0,0.0,0.008121228776872158,0.0,0.0,0.0,0.0,0.0,0.0,0.0,0.0,0.0,0.0,0.0,0.0,0.0,0.0,0.0,0.0,0.0,0.0,0.0,0.0,0.0,0.0,0.0,0.03261739760637283,0.005954995285719633,0.0,0.013853570446372032,0.0,0.0,0.0,0.0,0.0,0.0,0.0,0.0,0.0,0.0,0.013720358721911907,0.0,0.0,0.0,0.0,0.0
